# Temperatura_=_8.4
# Concentracion g/m^3_=_7400.0
# C_Vs_to_Am_M_A/Vsm_=_254322799225.57578
# pendiente_HvsI_1/m_=_3716.3
# ordenada_HvsI_A/m_=_1297.0
# frecuencia_Hz_=_136112.8769970994

Tiempo_(s)	Campo_(V.s)	Magnetizacion_(V.s)	Campo_(kA/m)	Magnetizacion_(A/m)
0.000000e+00	-7.143086e-06	-1.623623e-09	-3.842739e+01	-4.067149e+02
1.000000e-08	-7.143211e-06	-1.622596e-09	-3.842806e+01	-4.068297e+02
2.000000e-08	-7.143074e-06	-1.621171e-09	-3.842733e+01	-4.069243e+02
3.000000e-08	-7.142507e-06	-1.618596e-09	-3.842427e+01	-4.069996e+02
4.000000e-08	-7.141244e-06	-1.616689e-09	-3.841748e+01	-4.070561e+02
5.000000e-08	-7.139162e-06	-1.617729e-09	-3.840628e+01	-4.070945e+02
6.000000e-08	-7.136277e-06	-1.621857e-09	-3.839076e+01	-4.071157e+02
7.000000e-08	-7.132853e-06	-1.628849e-09	-3.837234e+01	-4.071203e+02
8.000000e-08	-7.129104e-06	-1.631312e-09	-3.835217e+01	-4.071090e+02
9.000000e-08	-7.124695e-06	-1.603213e-09	-3.832845e+01	-4.070825e+02
1.000000e-07	-7.119425e-06	-1.560968e-09	-3.830010e+01	-4.070413e+02
1.100000e-07	-7.113509e-06	-1.592658e-09	-3.826827e+01	-4.069862e+02
1.200000e-07	-7.107399e-06	-1.675580e-09	-3.823540e+01	-4.069174e+02
1.300000e-07	-7.101203e-06	-1.660348e-09	-3.820208e+01	-4.068355e+02
1.400000e-07	-7.094487e-06	-1.550917e-09	-3.816594e+01	-4.067408e+02
1.500000e-07	-7.086991e-06	-1.562541e-09	-3.812562e+01	-4.066334e+02
1.600000e-07	-7.079174e-06	-1.685959e-09	-3.808357e+01	-4.065135e+02
1.700000e-07	-7.071304e-06	-1.648283e-09	-3.804123e+01	-4.063811e+02
1.800000e-07	-7.062853e-06	-1.493230e-09	-3.799576e+01	-4.062361e+02
1.900000e-07	-7.053289e-06	-1.534915e-09	-3.794431e+01	-4.060783e+02
2.000000e-07	-7.043040e-06	-1.709784e-09	-3.788918e+01	-4.059074e+02
2.100000e-07	-7.032560e-06	-1.664979e-09	-3.783280e+01	-4.057231e+02
2.200000e-07	-7.021538e-06	-1.497509e-09	-3.777350e+01	-4.055249e+02
2.300000e-07	-7.009788e-06	-1.540188e-09	-3.771029e+01	-4.053124e+02
2.400000e-07	-6.997603e-06	-1.666107e-09	-3.764474e+01	-4.050849e+02
2.500000e-07	-6.984914e-06	-1.599951e-09	-3.757648e+01	-4.048420e+02
2.600000e-07	-6.971601e-06	-1.516056e-09	-3.750486e+01	-4.045829e+02
2.700000e-07	-6.957768e-06	-1.599677e-09	-3.743044e+01	-4.043072e+02
2.800000e-07	-6.943198e-06	-1.640384e-09	-3.735206e+01	-4.040141e+02
2.900000e-07	-6.927817e-06	-1.556757e-09	-3.726932e+01	-4.037033e+02
3.000000e-07	-6.911678e-06	-1.555905e-09	-3.718249e+01	-4.033741e+02
3.100000e-07	-6.895023e-06	-1.609688e-09	-3.709290e+01	-4.030261e+02
3.200000e-07	-6.878107e-06	-1.548141e-09	-3.700189e+01	-4.026590e+02
3.300000e-07	-6.860820e-06	-1.522285e-09	-3.690889e+01	-4.022725e+02
3.400000e-07	-6.843083e-06	-1.622883e-09	-3.681348e+01	-4.018664e+02
3.500000e-07	-6.824876e-06	-1.616388e-09	-3.671553e+01	-4.014406e+02
3.600000e-07	-6.806061e-06	-1.499079e-09	-3.661431e+01	-4.009951e+02
3.700000e-07	-6.786731e-06	-1.528679e-09	-3.651032e+01	-4.005301e+02
3.800000e-07	-6.767068e-06	-1.618455e-09	-3.640454e+01	-4.000459e+02
3.900000e-07	-6.747124e-06	-1.554737e-09	-3.629725e+01	-3.995429e+02
4.000000e-07	-6.726749e-06	-1.497828e-09	-3.618764e+01	-3.990214e+02
4.100000e-07	-6.705767e-06	-1.569586e-09	-3.607476e+01	-3.984823e+02
4.200000e-07	-6.684248e-06	-1.581419e-09	-3.595900e+01	-3.979260e+02
4.300000e-07	-6.662153e-06	-1.517351e-09	-3.584013e+01	-3.973534e+02
4.400000e-07	-6.639597e-06	-1.531074e-09	-3.571879e+01	-3.967654e+02
4.500000e-07	-6.616735e-06	-1.552495e-09	-3.559580e+01	-3.961628e+02
4.600000e-07	-6.593453e-06	-1.508124e-09	-3.547055e+01	-3.955466e+02
4.700000e-07	-6.569836e-06	-1.515087e-09	-3.534350e+01	-3.949177e+02
4.800000e-07	-6.545932e-06	-1.558163e-09	-3.521490e+01	-3.942771e+02
4.900000e-07	-6.521439e-06	-1.521101e-09	-3.508314e+01	-3.936258e+02
5.000000e-07	-6.496134e-06	-1.483095e-09	-3.494700e+01	-3.929646e+02
5.100000e-07	-6.470201e-06	-1.515397e-09	-3.480749e+01	-3.922945e+02
5.200000e-07	-6.443709e-06	-1.519451e-09	-3.466498e+01	-3.916162e+02
5.300000e-07	-6.416606e-06	-1.487448e-09	-3.451918e+01	-3.909304e+02
5.400000e-07	-6.389067e-06	-1.497620e-09	-3.437102e+01	-3.902379e+02
5.500000e-07	-6.361172e-06	-1.510292e-09	-3.422096e+01	-3.895390e+02
5.600000e-07	-6.332864e-06	-1.488168e-09	-3.406867e+01	-3.888342e+02
5.700000e-07	-6.304089e-06	-1.482440e-09	-3.391387e+01	-3.881237e+02
5.800000e-07	-6.274883e-06	-1.488952e-09	-3.375675e+01	-3.874077e+02
5.900000e-07	-6.245296e-06	-1.473942e-09	-3.359758e+01	-3.866860e+02
6.000000e-07	-6.215232e-06	-1.467458e-09	-3.343585e+01	-3.859586e+02
6.100000e-07	-6.184761e-06	-1.478157e-09	-3.327193e+01	-3.852251e+02
6.200000e-07	-6.153844e-06	-1.474058e-09	-3.310560e+01	-3.844851e+02
6.300000e-07	-6.122483e-06	-1.460953e-09	-3.293689e+01	-3.837379e+02
6.400000e-07	-6.090971e-06	-1.455903e-09	-3.276737e+01	-3.829827e+02
6.500000e-07	-6.059202e-06	-1.449432e-09	-3.259646e+01	-3.822188e+02
6.600000e-07	-6.027010e-06	-1.442604e-09	-3.242328e+01	-3.814452e+02
6.700000e-07	-5.994417e-06	-1.442345e-09	-3.224794e+01	-3.806607e+02
6.800000e-07	-5.961160e-06	-1.442528e-09	-3.206903e+01	-3.798643e+02
6.900000e-07	-5.927028e-06	-1.439069e-09	-3.188541e+01	-3.790546e+02
7.000000e-07	-5.892229e-06	-1.432618e-09	-3.169820e+01	-3.782304e+02
7.100000e-07	-5.856998e-06	-1.425207e-09	-3.150867e+01	-3.773903e+02
7.200000e-07	-5.821460e-06	-1.421736e-09	-3.131749e+01	-3.765331e+02
7.300000e-07	-5.785723e-06	-1.419511e-09	-3.112523e+01	-3.756572e+02
7.400000e-07	-5.749666e-06	-1.414320e-09	-3.093126e+01	-3.747613e+02
7.500000e-07	-5.713122e-06	-1.411163e-09	-3.073467e+01	-3.738442e+02
7.600000e-07	-5.676266e-06	-1.409914e-09	-3.053639e+01	-3.729045e+02
7.700000e-07	-5.639146e-06	-1.403246e-09	-3.033670e+01	-3.719409e+02
7.800000e-07	-5.601554e-06	-1.393439e-09	-3.013447e+01	-3.709522e+02
7.900000e-07	-5.563451e-06	-1.386663e-09	-2.992949e+01	-3.699374e+02
8.000000e-07	-5.524753e-06	-1.381905e-09	-2.972130e+01	-3.688955e+02
8.100000e-07	-5.485607e-06	-1.378783e-09	-2.951071e+01	-3.678253e+02
8.200000e-07	-5.446132e-06	-1.376906e-09	-2.929835e+01	-3.667263e+02
8.300000e-07	-5.406447e-06	-1.371431e-09	-2.908486e+01	-3.655975e+02
8.400000e-07	-5.366705e-06	-1.363198e-09	-2.887106e+01	-3.644384e+02
8.500000e-07	-5.326651e-06	-1.357496e-09	-2.865558e+01	-3.632485e+02
8.600000e-07	-5.286232e-06	-1.353459e-09	-2.843814e+01	-3.620273e+02
8.700000e-07	-5.245318e-06	-1.348294e-09	-2.821804e+01	-3.607746e+02
8.800000e-07	-5.203676e-06	-1.342596e-09	-2.799402e+01	-3.594901e+02
8.900000e-07	-5.161394e-06	-1.338455e-09	-2.776655e+01	-3.581738e+02
9.000000e-07	-5.118567e-06	-1.334739e-09	-2.753616e+01	-3.568258e+02
9.100000e-07	-5.075259e-06	-1.329791e-09	-2.730318e+01	-3.554460e+02
9.200000e-07	-5.031645e-06	-1.322307e-09	-2.706855e+01	-3.540347e+02
9.300000e-07	-4.987880e-06	-1.313757e-09	-2.683311e+01	-3.525921e+02
9.400000e-07	-4.943946e-06	-1.306931e-09	-2.659676e+01	-3.511187e+02
9.500000e-07	-4.899630e-06	-1.301729e-09	-2.635835e+01	-3.496147e+02
9.600000e-07	-4.854914e-06	-1.295799e-09	-2.611780e+01	-3.480807e+02
9.700000e-07	-4.809919e-06	-1.288619e-09	-2.587574e+01	-3.465171e+02
9.800000e-07	-4.764639e-06	-1.281310e-09	-2.563215e+01	-3.449245e+02
9.900000e-07	-4.719061e-06	-1.273823e-09	-2.538695e+01	-3.433034e+02
1.000000e-06	-4.673183e-06	-1.267107e-09	-2.514015e+01	-3.416545e+02
1.010000e-06	-4.626947e-06	-1.262023e-09	-2.489141e+01	-3.399782e+02
1.020000e-06	-4.580232e-06	-1.256825e-09	-2.464010e+01	-3.382753e+02
1.030000e-06	-4.533133e-06	-1.250771e-09	-2.438672e+01	-3.365462e+02
1.040000e-06	-4.485824e-06	-1.244626e-09	-2.413222e+01	-3.347915e+02
1.050000e-06	-4.438261e-06	-1.238331e-09	-2.387635e+01	-3.330118e+02
1.060000e-06	-4.390357e-06	-1.231438e-09	-2.361864e+01	-3.312077e+02
1.070000e-06	-4.342352e-06	-1.224371e-09	-2.336039e+01	-3.293795e+02
1.080000e-06	-4.294212e-06	-1.217589e-09	-2.310141e+01	-3.275277e+02
1.090000e-06	-4.245430e-06	-1.210193e-09	-2.283898e+01	-3.256528e+02
1.100000e-06	-4.196016e-06	-1.203205e-09	-2.257315e+01	-3.237551e+02
1.110000e-06	-4.146237e-06	-1.196352e-09	-2.230536e+01	-3.218349e+02
1.120000e-06	-4.096064e-06	-1.187457e-09	-2.203544e+01	-3.198924e+02
1.130000e-06	-4.045384e-06	-1.177367e-09	-2.176280e+01	-3.179278e+02
1.140000e-06	-3.994189e-06	-1.168279e-09	-2.148739e+01	-3.159412e+02
1.150000e-06	-3.942770e-06	-1.160938e-09	-2.121077e+01	-3.139328e+02
1.160000e-06	-3.891236e-06	-1.153809e-09	-2.093354e+01	-3.119025e+02
1.170000e-06	-3.839417e-06	-1.145698e-09	-2.065477e+01	-3.098502e+02
1.180000e-06	-3.787274e-06	-1.137270e-09	-2.037426e+01	-3.077759e+02
1.190000e-06	-3.734833e-06	-1.128351e-09	-2.009214e+01	-3.056793e+02
1.200000e-06	-3.682057e-06	-1.119566e-09	-1.980822e+01	-3.035603e+02
1.210000e-06	-3.628884e-06	-1.112077e-09	-1.952217e+01	-3.014185e+02
1.220000e-06	-3.575417e-06	-1.105282e-09	-1.923454e+01	-2.992535e+02
1.230000e-06	-3.521838e-06	-1.097700e-09	-1.894630e+01	-2.970651e+02
1.240000e-06	-3.468088e-06	-1.089389e-09	-1.865714e+01	-2.948526e+02
1.250000e-06	-3.413983e-06	-1.080621e-09	-1.836608e+01	-2.926158e+02
1.260000e-06	-3.359665e-06	-1.071017e-09	-1.807387e+01	-2.903540e+02
1.270000e-06	-3.305205e-06	-1.060988e-09	-1.778089e+01	-2.880667e+02
1.280000e-06	-3.250362e-06	-1.051539e-09	-1.748585e+01	-2.857533e+02
1.290000e-06	-3.195249e-06	-1.042720e-09	-1.718936e+01	-2.834132e+02
1.300000e-06	-3.139987e-06	-1.033429e-09	-1.689207e+01	-2.810457e+02
1.310000e-06	-3.084448e-06	-1.023255e-09	-1.659329e+01	-2.786504e+02
1.320000e-06	-3.028844e-06	-1.012873e-09	-1.629416e+01	-2.762264e+02
1.330000e-06	-2.973266e-06	-1.002579e-09	-1.599517e+01	-2.737733e+02
1.340000e-06	-2.917561e-06	-9.921884e-10	-1.569549e+01	-2.712902e+02
1.350000e-06	-2.861737e-06	-9.819991e-10	-1.539518e+01	-2.687766e+02
1.360000e-06	-2.805725e-06	-9.728342e-10	-1.509385e+01	-2.662318e+02
1.370000e-06	-2.749566e-06	-9.647133e-10	-1.479174e+01	-2.636552e+02
1.380000e-06	-2.693312e-06	-9.562432e-10	-1.448911e+01	-2.610460e+02
1.390000e-06	-2.636866e-06	-9.469233e-10	-1.418545e+01	-2.584038e+02
1.400000e-06	-2.580206e-06	-9.365592e-10	-1.388064e+01	-2.557277e+02
1.410000e-06	-2.523218e-06	-9.252598e-10	-1.357406e+01	-2.530173e+02
1.420000e-06	-2.465915e-06	-9.139552e-10	-1.326579e+01	-2.502717e+02
1.430000e-06	-2.408248e-06	-9.030501e-10	-1.295556e+01	-2.474903e+02
1.440000e-06	-2.350179e-06	-8.932380e-10	-1.264317e+01	-2.446724e+02
1.450000e-06	-2.291864e-06	-8.838473e-10	-1.232946e+01	-2.418172e+02
1.460000e-06	-2.233236e-06	-8.733715e-10	-1.201406e+01	-2.389240e+02
1.470000e-06	-2.174379e-06	-8.622991e-10	-1.169742e+01	-2.359919e+02
1.480000e-06	-2.115255e-06	-8.517149e-10	-1.137936e+01	-2.330201e+02
1.490000e-06	-2.055865e-06	-8.414204e-10	-1.105986e+01	-2.300075e+02
1.500000e-06	-1.996364e-06	-8.301994e-10	-1.073977e+01	-2.269532e+02
1.510000e-06	-1.936820e-06	-8.186172e-10	-1.041944e+01	-2.238559e+02
1.520000e-06	-1.877328e-06	-8.074809e-10	-1.009939e+01	-2.207146e+02
1.530000e-06	-1.817789e-06	-7.962187e-10	-9.779089e+00	-2.175279e+02
1.540000e-06	-1.758133e-06	-7.846973e-10	-9.458163e+00	-2.142943e+02
1.550000e-06	-1.698417e-06	-7.733773e-10	-9.136909e+00	-2.110123e+02
1.560000e-06	-1.638631e-06	-7.615442e-10	-8.815280e+00	-2.076803e+02
1.570000e-06	-1.578785e-06	-7.492257e-10	-8.493328e+00	-2.042965e+02
1.580000e-06	-1.518897e-06	-7.372015e-10	-8.171153e+00	-2.008590e+02
1.590000e-06	-1.458980e-06	-7.251208e-10	-7.848822e+00	-1.973660e+02
1.600000e-06	-1.398967e-06	-7.125906e-10	-7.525972e+00	-1.938153e+02
1.610000e-06	-1.338853e-06	-6.992288e-10	-7.202574e+00	-1.902047e+02
1.620000e-06	-1.278596e-06	-6.858243e-10	-6.878417e+00	-1.865321e+02
1.630000e-06	-1.218158e-06	-6.725462e-10	-6.553280e+00	-1.827951e+02
1.640000e-06	-1.157564e-06	-6.579370e-10	-6.227302e+00	-1.789916e+02
1.650000e-06	-1.096892e-06	-6.425945e-10	-5.900906e+00	-1.751191e+02
1.660000e-06	-1.036283e-06	-6.279319e-10	-5.574850e+00	-1.711754e+02
1.670000e-06	-9.756582e-07	-6.132810e-10	-5.248712e+00	-1.671582e+02
1.680000e-06	-9.148630e-07	-5.987799e-10	-4.921654e+00	-1.630653e+02
1.690000e-06	-8.539739e-07	-5.854626e-10	-4.594091e+00	-1.588947e+02
1.700000e-06	-7.932277e-07	-5.714954e-10	-4.267297e+00	-1.546445e+02
1.710000e-06	-7.324260e-07	-5.558135e-10	-3.940204e+00	-1.503128e+02
1.720000e-06	-6.714276e-07	-5.398126e-10	-3.612054e+00	-1.458982e+02
1.730000e-06	-6.103795e-07	-5.233036e-10	-3.283636e+00	-1.413993e+02
1.740000e-06	-5.491551e-07	-5.060175e-10	-2.954269e+00	-1.368151e+02
1.750000e-06	-4.877625e-07	-4.887123e-10	-2.623998e+00	-1.321448e+02
1.760000e-06	-4.264242e-07	-4.716894e-10	-2.294018e+00	-1.273880e+02
1.770000e-06	-3.652616e-07	-4.538817e-10	-1.964984e+00	-1.225448e+02
1.780000e-06	-3.040971e-07	-4.343788e-10	-1.635940e+00	-1.176155e+02
1.790000e-06	-2.427684e-07	-4.145704e-10	-1.306012e+00	-1.126007e+02
1.800000e-06	-1.814615e-07	-3.951250e-10	-9.762016e-01	-1.075018e+02
1.810000e-06	-1.202001e-07	-3.761058e-10	-6.466360e-01	-1.023204e+02
1.820000e-06	-5.891225e-08	-3.567559e-10	-3.169280e-01	-9.705837e+01
1.830000e-06	2.390133e-09	-3.361510e-10	1.285811e-02	-9.171837e+01
1.840000e-06	6.371870e-08	-3.158003e-10	3.427851e-01	-8.630328e+01
1.850000e-06	1.250206e-07	-2.965560e-10	6.725686e-01	-8.081650e+01
1.860000e-06	1.862206e-07	-2.771763e-10	1.001804e+00	-7.526178e+01
1.870000e-06	2.473901e-07	-2.563479e-10	1.330875e+00	-6.964332e+01
1.880000e-06	3.085565e-07	-2.337102e-10	1.659930e+00	-6.396565e+01
1.890000e-06	3.696820e-07	-2.113118e-10	1.988765e+00	-5.823366e+01
1.900000e-06	4.308781e-07	-1.905130e-10	2.317979e+00	-5.245254e+01
1.910000e-06	4.921923e-07	-1.698443e-10	2.647828e+00	-4.662773e+01
1.920000e-06	5.535069e-07	-1.488677e-10	2.977680e+00	-4.076490e+01
1.930000e-06	6.147511e-07	-1.272619e-10	3.307153e+00	-3.486991e+01
1.940000e-06	6.759017e-07	-1.042751e-10	3.636123e+00	-2.894870e+01
1.950000e-06	7.369365e-07	-8.005408e-11	3.964469e+00	-2.300734e+01
1.960000e-06	7.978306e-07	-5.616746e-11	4.292059e+00	-1.705189e+01
1.970000e-06	8.585977e-07	-3.294811e-11	4.618965e+00	-1.108839e+01
1.980000e-06	9.193382e-07	-9.695406e-12	4.945729e+00	-5.122809e+00
1.990000e-06	9.800355e-07	1.412547e-11	5.272260e+00	8.390217e-01
2.000000e-06	1.040667e-06	3.759560e-11	5.598435e+00	6.791436e+00
2.010000e-06	1.101189e-06	5.988136e-11	5.924025e+00	1.272899e+01
2.020000e-06	1.161624e-06	8.225891e-11	6.249146e+00	1.864649e+01
2.030000e-06	1.221960e-06	1.049208e-10	6.573734e+00	2.453906e+01
2.040000e-06	1.282164e-06	1.272463e-10	6.897609e+00	3.040213e+01
2.050000e-06	1.342278e-06	1.481778e-10	7.221004e+00	3.623149e+01
2.060000e-06	1.402289e-06	1.681415e-10	7.543843e+00	4.202330e+01
2.070000e-06	1.462234e-06	1.890917e-10	7.866324e+00	4.777412e+01
2.080000e-06	1.522079e-06	2.119383e-10	8.188271e+00	5.348091e+01
2.090000e-06	1.581880e-06	2.350575e-10	8.509980e+00	5.914102e+01
2.100000e-06	1.641640e-06	2.566511e-10	8.831471e+00	6.475221e+01
2.110000e-06	1.701303e-06	2.763968e-10	9.152437e+00	7.031263e+01
2.120000e-06	1.760888e-06	2.950694e-10	9.472981e+00	7.582081e+01
2.130000e-06	1.820431e-06	3.138878e-10	9.793302e+00	8.127563e+01
2.140000e-06	1.879988e-06	3.342273e-10	1.011370e+01	8.667632e+01
2.150000e-06	1.939574e-06	3.549430e-10	1.043425e+01	9.202239e+01
2.160000e-06	1.999096e-06	3.735887e-10	1.075446e+01	9.731366e+01
2.170000e-06	2.058423e-06	3.903512e-10	1.107362e+01	1.025502e+02
2.180000e-06	2.117540e-06	4.072302e-10	1.139165e+01	1.077321e+02
2.190000e-06	2.176548e-06	4.266899e-10	1.170909e+01	1.128600e+02
2.200000e-06	2.235417e-06	4.473151e-10	1.202579e+01	1.179343e+02
2.210000e-06	2.294028e-06	4.664038e-10	1.234109e+01	1.229557e+02
2.220000e-06	2.352327e-06	4.835708e-10	1.265473e+01	1.279247e+02
2.230000e-06	2.410354e-06	5.004009e-10	1.296689e+01	1.328422e+02
2.240000e-06	2.468019e-06	5.162556e-10	1.327711e+01	1.377088e+02
2.250000e-06	2.525071e-06	5.308750e-10	1.358403e+01	1.425250e+02
2.260000e-06	2.581818e-06	5.467019e-10	1.388931e+01	1.472915e+02
2.270000e-06	2.638395e-06	5.641130e-10	1.419367e+01	1.520087e+02
2.280000e-06	2.694618e-06	5.831626e-10	1.449614e+01	1.566767e+02
2.290000e-06	2.750671e-06	6.021892e-10	1.479768e+01	1.612959e+02
2.300000e-06	2.806588e-06	6.196600e-10	1.509849e+01	1.658662e+02
2.310000e-06	2.862358e-06	6.351326e-10	1.539852e+01	1.703874e+02
2.320000e-06	2.918026e-06	6.479846e-10	1.569800e+01	1.748593e+02
2.330000e-06	2.973620e-06	6.612298e-10	1.599707e+01	1.792812e+02
2.340000e-06	3.029127e-06	6.773475e-10	1.629568e+01	1.836527e+02
2.350000e-06	3.084450e-06	6.942445e-10	1.659330e+01	1.879729e+02
2.360000e-06	3.139661e-06	7.107570e-10	1.689031e+01	1.922408e+02
2.370000e-06	3.194827e-06	7.272877e-10	1.718709e+01	1.964555e+02
2.380000e-06	3.249761e-06	7.429872e-10	1.748262e+01	2.006159e+02
2.390000e-06	3.304343e-06	7.579028e-10	1.777625e+01	2.047208e+02
2.400000e-06	3.358596e-06	7.719380e-10	1.806811e+01	2.087689e+02
2.410000e-06	3.412587e-06	7.857894e-10	1.835857e+01	2.127590e+02
2.420000e-06	3.466368e-06	8.005035e-10	1.864789e+01	2.166899e+02
2.430000e-06	3.520003e-06	8.157017e-10	1.893642e+01	2.205604e+02
2.440000e-06	3.573425e-06	8.313227e-10	1.922382e+01	2.243694e+02
2.450000e-06	3.626471e-06	8.465716e-10	1.950919e+01	2.281158e+02
2.460000e-06	3.679100e-06	8.609324e-10	1.979232e+01	2.317987e+02
2.470000e-06	3.731500e-06	8.747369e-10	2.007421e+01	2.354173e+02
2.480000e-06	3.783796e-06	8.889114e-10	2.035554e+01	2.389709e+02
2.490000e-06	3.835736e-06	9.036012e-10	2.063496e+01	2.424591e+02
2.500000e-06	3.887311e-06	9.173611e-10	2.091242e+01	2.458815e+02
2.510000e-06	3.938732e-06	9.294835e-10	2.118905e+01	2.492381e+02
2.520000e-06	3.989872e-06	9.404844e-10	2.146417e+01	2.525288e+02
2.530000e-06	4.040583e-06	9.515948e-10	2.173697e+01	2.557540e+02
2.540000e-06	4.090793e-06	9.633633e-10	2.200709e+01	2.589141e+02
2.550000e-06	4.140418e-06	9.754109e-10	2.227405e+01	2.620098e+02
2.560000e-06	4.189504e-06	9.874183e-10	2.253812e+01	2.650419e+02
2.570000e-06	4.238100e-06	9.993341e-10	2.279955e+01	2.680114e+02
2.580000e-06	4.286255e-06	1.010752e-09	2.305860e+01	2.709194e+02
2.590000e-06	4.334131e-06	1.021257e-09	2.331616e+01	2.737672e+02
2.600000e-06	4.381905e-06	1.031495e-09	2.357317e+01	2.765563e+02
2.610000e-06	4.429596e-06	1.041603e-09	2.382973e+01	2.792883e+02
2.620000e-06	4.477094e-06	1.051923e-09	2.408525e+01	2.819646e+02
2.630000e-06	4.524311e-06	1.062824e-09	2.433926e+01	2.845871e+02
2.640000e-06	4.571074e-06	1.073837e-09	2.459083e+01	2.871574e+02
2.650000e-06	4.617361e-06	1.084080e-09	2.483984e+01	2.896773e+02
2.660000e-06	4.663340e-06	1.093019e-09	2.508720e+01	2.921486e+02
2.670000e-06	4.709021e-06	1.101197e-09	2.533294e+01	2.945731e+02
2.680000e-06	4.754404e-06	1.109477e-09	2.557709e+01	2.969525e+02
2.690000e-06	4.799545e-06	1.117497e-09	2.581993e+01	2.992885e+02
2.700000e-06	4.844416e-06	1.125696e-09	2.606132e+01	3.015828e+02
2.710000e-06	4.888882e-06	1.134100e-09	2.630053e+01	3.038369e+02
2.720000e-06	4.932957e-06	1.141706e-09	2.653764e+01	3.060524e+02
2.730000e-06	4.976776e-06	1.149402e-09	2.677337e+01	3.082307e+02
2.740000e-06	5.020363e-06	1.157614e-09	2.700786e+01	3.103730e+02
2.750000e-06	5.063798e-06	1.166326e-09	2.724152e+01	3.124807e+02
2.760000e-06	5.107048e-06	1.175084e-09	2.747419e+01	3.145548e+02
2.770000e-06	5.149841e-06	1.184469e-09	2.770440e+01	3.165965e+02
2.780000e-06	5.192150e-06	1.193515e-09	2.793201e+01	3.186067e+02
2.790000e-06	5.233689e-06	1.199523e-09	2.815548e+01	3.205863e+02
2.800000e-06	5.274302e-06	1.203013e-09	2.837396e+01	3.225360e+02
2.810000e-06	5.314448e-06	1.207129e-09	2.858994e+01	3.244566e+02
2.820000e-06	5.354352e-06	1.213627e-09	2.880461e+01	3.263487e+02
2.830000e-06	5.394026e-06	1.222114e-09	2.901804e+01	3.282128e+02
2.840000e-06	5.433583e-06	1.231613e-09	2.923084e+01	3.300495e+02
2.850000e-06	5.472944e-06	1.240065e-09	2.944259e+01	3.318593e+02
2.860000e-06	5.511802e-06	1.247105e-09	2.965163e+01	3.336425e+02
2.870000e-06	5.550226e-06	1.252996e-09	2.985834e+01	3.353995e+02
2.880000e-06	5.588272e-06	1.257788e-09	3.006302e+01	3.371307e+02
2.890000e-06	5.625957e-06	1.261965e-09	3.026575e+01	3.388364e+02
2.900000e-06	5.663234e-06	1.267143e-09	3.046629e+01	3.405168e+02
2.910000e-06	5.700002e-06	1.274935e-09	3.066409e+01	3.421723e+02
2.920000e-06	5.736287e-06	1.284419e-09	3.085928e+01	3.438031e+02
2.930000e-06	5.772234e-06	1.292856e-09	3.105267e+01	3.454095e+02
2.940000e-06	5.808030e-06	1.298817e-09	3.124524e+01	3.469917e+02
2.950000e-06	5.843605e-06	1.304061e-09	3.143662e+01	3.485498e+02
2.960000e-06	5.878998e-06	1.309462e-09	3.162703e+01	3.500842e+02
2.970000e-06	5.913963e-06	1.314610e-09	3.181512e+01	3.515950e+02
2.980000e-06	5.948168e-06	1.320235e-09	3.199913e+01	3.530824e+02
2.990000e-06	5.981630e-06	1.326766e-09	3.217915e+01	3.545465e+02
3.000000e-06	6.014336e-06	1.333207e-09	3.235510e+01	3.559875e+02
3.010000e-06	6.046425e-06	1.339536e-09	3.252772e+01	3.574055e+02
3.020000e-06	6.078242e-06	1.345822e-09	3.269889e+01	3.588007e+02
3.030000e-06	6.109808e-06	1.350509e-09	3.286870e+01	3.601732e+02
3.040000e-06	6.140932e-06	1.354602e-09	3.303614e+01	3.615229e+02
3.050000e-06	6.171664e-06	1.359717e-09	3.320147e+01	3.628500e+02
3.060000e-06	6.202080e-06	1.365390e-09	3.336509e+01	3.641545e+02
3.070000e-06	6.232048e-06	1.371442e-09	3.352631e+01	3.654364e+02
3.080000e-06	6.261666e-06	1.377305e-09	3.368565e+01	3.666958e+02
3.090000e-06	6.290818e-06	1.383407e-09	3.384248e+01	3.679326e+02
3.100000e-06	6.319397e-06	1.389644e-09	3.399622e+01	3.691469e+02
3.110000e-06	6.347556e-06	1.394950e-09	3.414771e+01	3.703386e+02
3.120000e-06	6.375428e-06	1.399887e-09	3.429765e+01	3.715077e+02
3.130000e-06	6.403153e-06	1.404779e-09	3.444680e+01	3.726543e+02
3.140000e-06	6.430592e-06	1.408004e-09	3.459441e+01	3.737785e+02
3.150000e-06	6.457501e-06	1.410003e-09	3.473917e+01	3.748801e+02
3.160000e-06	6.483760e-06	1.413368e-09	3.488044e+01	3.759594e+02
3.170000e-06	6.509239e-06	1.419050e-09	3.501751e+01	3.770163e+02
3.180000e-06	6.533926e-06	1.424991e-09	3.515031e+01	3.780512e+02
3.190000e-06	6.557983e-06	1.430210e-09	3.527973e+01	3.790641e+02
3.200000e-06	6.581658e-06	1.435640e-09	3.540710e+01	3.800552e+02
3.210000e-06	6.605035e-06	1.439204e-09	3.553286e+01	3.810249e+02
3.220000e-06	6.628022e-06	1.441664e-09	3.565652e+01	3.819734e+02
3.230000e-06	6.650600e-06	1.445871e-09	3.577798e+01	3.829012e+02
3.240000e-06	6.672711e-06	1.449908e-09	3.589693e+01	3.838085e+02
3.250000e-06	6.694390e-06	1.453068e-09	3.601356e+01	3.846959e+02
3.260000e-06	6.715629e-06	1.457512e-09	3.612782e+01	3.855638e+02
3.270000e-06	6.736341e-06	1.462622e-09	3.623924e+01	3.864128e+02
3.280000e-06	6.756535e-06	1.467609e-09	3.634787e+01	3.872433e+02
3.290000e-06	6.776378e-06	1.472293e-09	3.645463e+01	3.880559e+02
3.300000e-06	6.795950e-06	1.476542e-09	3.655991e+01	3.888511e+02
3.310000e-06	6.815157e-06	1.480701e-09	3.666325e+01	3.896296e+02
3.320000e-06	6.833838e-06	1.484986e-09	3.676374e+01	3.903918e+02
3.330000e-06	6.851824e-06	1.489522e-09	3.686050e+01	3.911382e+02
3.340000e-06	6.869184e-06	1.493140e-09	3.695389e+01	3.918694e+02
3.350000e-06	6.886080e-06	1.494772e-09	3.704478e+01	3.925858e+02
3.360000e-06	6.902700e-06	1.496784e-09	3.713419e+01	3.932877e+02
3.370000e-06	6.918961e-06	1.500531e-09	3.722167e+01	3.939755e+02
3.380000e-06	6.934632e-06	1.504391e-09	3.730598e+01	3.946495e+02
3.390000e-06	6.949556e-06	1.508437e-09	3.738626e+01	3.953099e+02
3.400000e-06	6.963681e-06	1.513339e-09	3.746225e+01	3.959566e+02
3.410000e-06	6.977381e-06	1.518834e-09	3.753595e+01	3.965898e+02
3.420000e-06	6.990732e-06	1.523801e-09	3.760778e+01	3.972094e+02
3.430000e-06	7.003502e-06	1.527690e-09	3.767647e+01	3.978153e+02
3.440000e-06	7.015690e-06	1.529846e-09	3.774204e+01	3.984071e+02
3.450000e-06	7.027437e-06	1.531518e-09	3.780524e+01	3.989846e+02
3.460000e-06	7.038725e-06	1.534575e-09	3.786596e+01	3.995474e+02
3.470000e-06	7.049371e-06	1.537787e-09	3.792324e+01	4.000949e+02
3.480000e-06	7.059265e-06	1.540271e-09	3.797646e+01	4.006268e+02
3.490000e-06	7.068389e-06	1.542750e-09	3.802555e+01	4.011424e+02
3.500000e-06	7.076830e-06	1.544570e-09	3.807096e+01	4.016410e+02
3.510000e-06	7.084780e-06	1.546125e-09	3.811372e+01	4.021222e+02
3.520000e-06	7.092376e-06	1.547866e-09	3.815459e+01	4.025851e+02
3.530000e-06	7.099602e-06	1.548930e-09	3.819346e+01	4.030292e+02
3.540000e-06	7.106367e-06	1.550097e-09	3.822986e+01	4.034538e+02
3.550000e-06	7.112627e-06	1.552132e-09	3.826353e+01	4.038584e+02
3.560000e-06	7.118418e-06	1.555244e-09	3.829468e+01	4.042423e+02
3.570000e-06	7.123591e-06	1.558913e-09	3.832251e+01	4.046051e+02
3.580000e-06	7.128199e-06	1.562064e-09	3.834730e+01	4.049463e+02
3.590000e-06	7.132428e-06	1.564316e-09	3.837005e+01	4.052656e+02
3.600000e-06	7.136334e-06	1.565413e-09	3.839107e+01	4.055627e+02
3.610000e-06	7.139954e-06	1.565974e-09	3.841054e+01	4.058375e+02
3.620000e-06	7.143231e-06	1.567496e-09	3.842817e+01	4.060898e+02
3.630000e-06	7.146034e-06	1.568500e-09	3.844325e+01	4.063197e+02
3.640000e-06	7.148014e-06	1.568246e-09	3.845390e+01	4.065273e+02
3.650000e-06	7.148970e-06	1.569227e-09	3.845904e+01	4.067129e+02
3.660000e-06	7.149148e-06	1.571496e-09	3.846000e+01	4.068767e+02
3.670000e-06	7.148978e-06	1.573788e-09	3.845909e+01	4.070192e+02
3.680000e-06	7.148550e-06	1.574858e-09	3.845679e+01	4.071408e+02
3.690000e-06	7.147752e-06	1.574113e-09	3.845249e+01	4.072422e+02
3.700000e-06	7.146513e-06	1.574499e-09	3.844583e+01	4.073240e+02
3.710000e-06	7.144649e-06	1.577654e-09	3.843580e+01	4.073868e+02
3.720000e-06	7.142307e-06	1.580304e-09	3.842320e+01	4.074313e+02
3.730000e-06	7.139556e-06	1.577036e-09	3.840840e+01	4.074583e+02
3.740000e-06	7.136367e-06	1.564858e-09	3.839124e+01	4.074685e+02
3.750000e-06	7.132818e-06	1.570788e-09	3.837215e+01	4.074625e+02
3.760000e-06	7.128764e-06	1.628540e-09	3.835034e+01	4.074411e+02
3.770000e-06	7.123847e-06	1.662332e-09	3.832389e+01	4.074049e+02
3.780000e-06	7.117844e-06	1.571841e-09	3.829159e+01	4.073544e+02
3.790000e-06	7.111447e-06	1.487102e-09	3.825718e+01	4.072903e+02
3.800000e-06	7.105012e-06	1.577669e-09	3.822257e+01	4.072129e+02
3.810000e-06	7.098054e-06	1.688839e-09	3.818513e+01	4.071225e+02
3.820000e-06	7.090340e-06	1.591919e-09	3.814363e+01	4.070195e+02
3.830000e-06	7.082115e-06	1.478429e-09	3.809939e+01	4.069038e+02
3.840000e-06	7.073706e-06	1.612406e-09	3.805415e+01	4.067757e+02
3.850000e-06	7.064977e-06	1.750171e-09	3.800719e+01	4.066350e+02
3.860000e-06	7.055602e-06	1.587752e-09	3.795676e+01	4.064817e+02
3.870000e-06	7.045622e-06	1.414134e-09	3.790307e+01	4.063153e+02
3.880000e-06	7.035363e-06	1.580589e-09	3.784788e+01	4.061356e+02
3.890000e-06	7.024690e-06	1.751371e-09	3.779046e+01	4.059422e+02
3.900000e-06	7.013207e-06	1.588161e-09	3.772868e+01	4.057347e+02
3.910000e-06	7.001081e-06	1.461457e-09	3.766345e+01	4.055124e+02
3.920000e-06	6.988610e-06	1.645163e-09	3.759636e+01	4.052747e+02
3.930000e-06	6.975540e-06	1.720997e-09	3.752605e+01	4.050212e+02
3.940000e-06	6.961500e-06	1.521923e-09	3.745052e+01	4.047512e+02
3.950000e-06	6.946713e-06	1.496768e-09	3.737097e+01	4.044642e+02
3.960000e-06	6.931528e-06	1.689453e-09	3.728928e+01	4.041594e+02
3.970000e-06	6.915833e-06	1.661614e-09	3.720485e+01	4.038365e+02
3.980000e-06	6.899606e-06	1.508180e-09	3.711755e+01	4.034950e+02
3.990000e-06	6.883018e-06	1.597706e-09	3.702831e+01	4.031344e+02
4.000000e-06	6.865978e-06	1.683290e-09	3.693664e+01	4.027545e+02
4.010000e-06	6.848371e-06	1.531194e-09	3.684192e+01	4.023550e+02
4.020000e-06	6.830269e-06	1.505436e-09	3.674454e+01	4.019359e+02
4.030000e-06	6.811713e-06	1.677709e-09	3.664472e+01	4.014971e+02
4.040000e-06	6.792661e-06	1.645679e-09	3.654222e+01	4.010387e+02
4.050000e-06	6.773077e-06	1.500809e-09	3.643687e+01	4.005610e+02
4.060000e-06	6.753103e-06	1.587915e-09	3.632942e+01	4.000643e+02
4.070000e-06	6.732904e-06	1.672896e-09	3.622075e+01	3.995491e+02
4.080000e-06	6.712370e-06	1.547936e-09	3.611028e+01	3.990159e+02
4.090000e-06	6.691373e-06	1.525460e-09	3.599733e+01	3.984653e+02
4.100000e-06	6.669800e-06	1.640459e-09	3.588127e+01	3.978982e+02
4.110000e-06	6.647402e-06	1.607564e-09	3.576078e+01	3.973154e+02
4.120000e-06	6.624097e-06	1.538282e-09	3.563540e+01	3.967177e+02
4.130000e-06	6.600275e-06	1.605545e-09	3.550725e+01	3.961060e+02
4.140000e-06	6.576179e-06	1.610160e-09	3.537762e+01	3.954813e+02
4.150000e-06	6.551709e-06	1.528614e-09	3.524598e+01	3.948447e+02
4.160000e-06	6.526869e-06	1.561848e-09	3.511235e+01	3.941969e+02
4.170000e-06	6.501603e-06	1.617607e-09	3.497643e+01	3.935391e+02
4.180000e-06	6.475808e-06	1.568176e-09	3.483766e+01	3.928719e+02
4.190000e-06	6.449476e-06	1.551904e-09	3.469601e+01	3.921964e+02
4.200000e-06	6.422663e-06	1.589088e-09	3.455176e+01	3.915132e+02
4.210000e-06	6.395392e-06	1.566390e-09	3.440505e+01	3.908230e+02
4.220000e-06	6.367688e-06	1.544903e-09	3.425601e+01	3.901263e+02
4.230000e-06	6.339646e-06	1.571587e-09	3.410515e+01	3.894235e+02
4.240000e-06	6.311294e-06	1.566863e-09	3.395263e+01	3.887150e+02
4.250000e-06	6.282606e-06	1.548418e-09	3.379830e+01	3.880009e+02
4.260000e-06	6.253455e-06	1.565254e-09	3.364147e+01	3.872813e+02
4.270000e-06	6.223730e-06	1.567345e-09	3.348157e+01	3.865560e+02
4.280000e-06	6.193292e-06	1.546791e-09	3.331782e+01	3.858247e+02
4.290000e-06	6.162071e-06	1.544416e-09	3.314986e+01	3.850870e+02
4.300000e-06	6.130283e-06	1.548437e-09	3.297885e+01	3.843424e+02
4.310000e-06	6.098067e-06	1.548300e-09	3.280554e+01	3.835901e+02
4.320000e-06	6.065616e-06	1.552129e-09	3.263097e+01	3.828293e+02
4.330000e-06	6.032767e-06	1.545765e-09	3.245425e+01	3.820592e+02
4.340000e-06	5.999452e-06	1.535920e-09	3.227502e+01	3.812786e+02
4.350000e-06	5.965844e-06	1.536699e-09	3.209423e+01	3.804864e+02
4.360000e-06	5.931845e-06	1.535571e-09	3.191132e+01	3.796814e+02
4.370000e-06	5.897542e-06	1.533956e-09	3.172678e+01	3.788623e+02
4.380000e-06	5.862808e-06	1.536821e-09	3.153993e+01	3.780278e+02
4.390000e-06	5.827523e-06	1.530182e-09	3.135011e+01	3.771765e+02
4.400000e-06	5.791799e-06	1.524133e-09	3.115792e+01	3.763071e+02
4.410000e-06	5.755806e-06	1.530193e-09	3.096429e+01	3.754181e+02
4.420000e-06	5.719613e-06	1.527163e-09	3.076959e+01	3.745084e+02
4.430000e-06	5.683136e-06	1.514544e-09	3.057335e+01	3.735764e+02
4.440000e-06	5.646260e-06	1.514826e-09	3.037497e+01	3.726210e+02
4.450000e-06	5.608777e-06	1.520097e-09	3.017332e+01	3.716410e+02
4.460000e-06	5.570552e-06	1.516882e-09	2.996769e+01	3.706352e+02
4.470000e-06	5.531821e-06	1.512049e-09	2.975933e+01	3.696025e+02
4.480000e-06	5.492548e-06	1.506712e-09	2.954806e+01	3.685420e+02
4.490000e-06	5.452691e-06	1.500956e-09	2.933364e+01	3.674527e+02
4.500000e-06	5.412487e-06	1.499346e-09	2.911735e+01	3.663341e+02
4.510000e-06	5.372066e-06	1.499015e-09	2.889990e+01	3.651853e+02
4.520000e-06	5.331420e-06	1.495076e-09	2.868124e+01	3.640058e+02
4.530000e-06	5.290372e-06	1.488123e-09	2.846042e+01	3.627952e+02
4.540000e-06	5.248910e-06	1.482156e-09	2.823736e+01	3.615531e+02
4.550000e-06	5.207123e-06	1.480614e-09	2.801256e+01	3.602794e+02
4.560000e-06	5.165124e-06	1.479313e-09	2.778662e+01	3.589738e+02
4.570000e-06	5.122760e-06	1.473156e-09	2.755872e+01	3.576365e+02
4.580000e-06	5.079951e-06	1.467427e-09	2.732842e+01	3.562673e+02
4.590000e-06	5.036702e-06	1.466171e-09	2.709575e+01	3.548666e+02
4.600000e-06	4.993113e-06	1.463989e-09	2.686126e+01	3.534346e+02
4.610000e-06	4.949324e-06	1.457245e-09	2.662569e+01	3.519715e+02
4.620000e-06	4.905244e-06	1.448126e-09	2.638856e+01	3.504778e+02
4.630000e-06	4.860919e-06	1.440426e-09	2.615010e+01	3.489539e+02
4.640000e-06	4.816342e-06	1.435138e-09	2.591029e+01	3.474002e+02
4.650000e-06	4.771522e-06	1.430288e-09	2.566918e+01	3.458173e+02
4.660000e-06	4.726410e-06	1.424223e-09	2.542649e+01	3.442058e+02
4.670000e-06	4.680820e-06	1.416782e-09	2.518123e+01	3.425662e+02
4.680000e-06	4.634820e-06	1.408199e-09	2.493376e+01	3.408991e+02
4.690000e-06	4.588446e-06	1.401874e-09	2.468429e+01	3.392051e+02
4.700000e-06	4.541694e-06	1.397708e-09	2.443278e+01	3.374848e+02
4.710000e-06	4.494699e-06	1.391176e-09	2.417996e+01	3.357387e+02
4.720000e-06	4.447517e-06	1.382212e-09	2.392614e+01	3.339674e+02
4.730000e-06	4.400089e-06	1.373963e-09	2.367099e+01	3.321715e+02
4.740000e-06	4.352311e-06	1.368521e-09	2.341396e+01	3.303514e+02
4.750000e-06	4.304070e-06	1.363638e-09	2.315444e+01	3.285076e+02
4.760000e-06	4.255416e-06	1.356414e-09	2.289270e+01	3.266404e+02
4.770000e-06	4.206423e-06	1.347396e-09	2.262914e+01	3.247504e+02
4.780000e-06	4.157027e-06	1.339228e-09	2.236340e+01	3.228378e+02
4.790000e-06	4.107160e-06	1.332005e-09	2.209513e+01	3.209028e+02
4.800000e-06	4.056992e-06	1.323707e-09	2.182525e+01	3.189456e+02
4.810000e-06	4.006591e-06	1.313129e-09	2.155411e+01	3.169665e+02
4.820000e-06	3.955859e-06	1.302452e-09	2.128118e+01	3.149655e+02
4.830000e-06	3.904889e-06	1.294638e-09	2.100699e+01	3.129426e+02
4.840000e-06	3.853612e-06	1.288113e-09	2.073113e+01	3.108978e+02
4.850000e-06	3.801993e-06	1.281067e-09	2.045344e+01	3.088310e+02
4.860000e-06	3.750133e-06	1.272240e-09	2.017445e+01	3.067419e+02
4.870000e-06	3.698009e-06	1.261184e-09	1.989404e+01	3.046305e+02
4.880000e-06	3.645632e-06	1.250678e-09	1.961227e+01	3.024965e+02
4.890000e-06	3.593025e-06	1.241749e-09	1.932926e+01	3.003394e+02
4.900000e-06	3.540167e-06	1.233456e-09	1.904490e+01	2.981589e+02
4.910000e-06	3.486967e-06	1.225358e-09	1.875871e+01	2.959547e+02
4.920000e-06	3.433313e-06	1.217057e-09	1.847006e+01	2.937262e+02
4.930000e-06	3.379219e-06	1.209511e-09	1.817906e+01	2.914728e+02
4.940000e-06	3.324835e-06	1.202611e-09	1.788649e+01	2.891942e+02
4.950000e-06	3.270045e-06	1.193078e-09	1.759174e+01	2.868897e+02
4.960000e-06	3.214746e-06	1.181229e-09	1.729425e+01	2.845587e+02
4.970000e-06	3.159212e-06	1.171054e-09	1.699549e+01	2.822005e+02
4.980000e-06	3.103503e-06	1.162894e-09	1.669580e+01	2.798147e+02
4.990000e-06	3.047529e-06	1.154653e-09	1.639467e+01	2.774005e+02
5.000000e-06	2.991390e-06	1.145785e-09	1.609267e+01	2.749572e+02
5.010000e-06	2.935220e-06	1.135051e-09	1.579049e+01	2.724843e+02
5.020000e-06	2.878914e-06	1.122742e-09	1.548759e+01	2.699811e+02
5.030000e-06	2.822473e-06	1.111584e-09	1.518395e+01	2.674469e+02
5.040000e-06	2.765915e-06	1.101880e-09	1.487969e+01	2.648810e+02
5.050000e-06	2.709097e-06	1.091350e-09	1.457403e+01	2.622829e+02
5.060000e-06	2.652145e-06	1.079547e-09	1.426765e+01	2.596519e+02
5.070000e-06	2.595027e-06	1.068560e-09	1.396037e+01	2.569873e+02
5.080000e-06	2.537662e-06	1.058941e-09	1.365176e+01	2.542885e+02
5.090000e-06	2.480154e-06	1.048944e-09	1.334239e+01	2.515548e+02
5.100000e-06	2.422454e-06	1.037285e-09	1.303198e+01	2.487856e+02
5.110000e-06	2.364483e-06	1.023621e-09	1.272012e+01	2.459800e+02
5.120000e-06	2.306379e-06	1.009854e-09	1.240754e+01	2.431375e+02
5.130000e-06	2.248228e-06	9.979798e-10	1.209471e+01	2.402572e+02
5.140000e-06	2.189883e-06	9.863654e-10	1.178083e+01	2.373383e+02
5.150000e-06	2.131318e-06	9.737287e-10	1.146577e+01	2.343799e+02
5.160000e-06	2.072547e-06	9.601843e-10	1.114960e+01	2.313811e+02
5.170000e-06	2.013497e-06	9.479313e-10	1.083193e+01	2.283410e+02
5.180000e-06	1.954364e-06	9.365893e-10	1.051382e+01	2.252583e+02
5.190000e-06	1.895183e-06	9.241785e-10	1.019545e+01	2.221319e+02
5.200000e-06	1.835830e-06	9.113974e-10	9.876143e+00	2.189606e+02
5.210000e-06	1.776392e-06	8.983839e-10	9.556391e+00	2.157429e+02
5.220000e-06	1.716770e-06	8.850252e-10	9.235640e+00	2.124773e+02
5.230000e-06	1.656964e-06	8.709672e-10	8.913906e+00	2.091623e+02
5.240000e-06	1.597066e-06	8.561167e-10	8.591675e+00	2.057961e+02
5.250000e-06	1.537071e-06	8.423392e-10	8.268922e+00	2.023769e+02
5.260000e-06	1.477020e-06	8.312993e-10	7.945871e+00	1.989027e+02
5.270000e-06	1.416952e-06	8.201795e-10	7.622726e+00	1.953716e+02
5.280000e-06	1.356847e-06	8.056245e-10	7.299381e+00	1.917813e+02
5.290000e-06	1.296659e-06	7.878158e-10	6.975585e+00	1.881297e+02
5.300000e-06	1.236447e-06	7.686864e-10	6.651666e+00	1.844146e+02
5.310000e-06	1.176279e-06	7.499349e-10	6.327983e+00	1.806336e+02
5.320000e-06	1.116089e-06	7.319997e-10	6.004181e+00	1.767845e+02
5.330000e-06	1.055861e-06	7.155121e-10	5.680174e+00	1.728649e+02
5.340000e-06	9.955979e-07	7.002690e-10	5.355981e+00	1.688726e+02
5.350000e-06	9.352969e-07	6.847513e-10	5.031582e+00	1.648053e+02
5.360000e-06	8.750112e-07	6.683998e-10	4.707265e+00	1.606610e+02
5.370000e-06	8.146933e-07	6.510410e-10	4.382775e+00	1.564376e+02
5.380000e-06	7.542858e-07	6.320074e-10	4.057803e+00	1.521334e+02
5.390000e-06	6.937949e-07	6.117010e-10	3.732382e+00	1.477467e+02
5.400000e-06	6.332473e-07	5.920980e-10	3.406656e+00	1.432761e+02
5.410000e-06	5.726127e-07	5.742525e-10	3.080463e+00	1.387205e+02
5.420000e-06	5.119083e-07	5.558672e-10	2.753894e+00	1.340791e+02
5.430000e-06	4.512093e-07	5.351750e-10	2.427354e+00	1.293513e+02
5.440000e-06	3.903936e-07	5.143100e-10	2.100186e+00	1.245370e+02
5.450000e-06	3.295175e-07	4.946407e-10	1.772693e+00	1.196364e+02
5.460000e-06	2.686372e-07	4.748406e-10	1.445177e+00	1.146502e+02
5.470000e-06	2.078541e-07	4.533372e-10	1.118185e+00	1.095793e+02
5.480000e-06	1.471578e-07	4.311387e-10	7.916595e-01	1.044253e+02
5.490000e-06	8.634203e-08	4.093267e-10	4.644909e-01	9.918998e+01
5.500000e-06	2.554770e-08	3.868194e-10	1.374380e-01	9.387580e+01
5.510000e-06	-3.510124e-08	3.639262e-10	-1.888328e-01	8.848551e+01
5.520000e-06	-9.565375e-08	3.415525e-10	-5.145848e-01	8.302234e+01
5.530000e-06	-1.562081e-07	3.199534e-10	-8.403470e-01	7.748994e+01
5.540000e-06	-2.169007e-07	2.990891e-10	-1.166853e+00	7.189236e+01
5.550000e-06	-2.776621e-07	2.775209e-10	-1.493728e+00	6.623402e+01
5.560000e-06	-3.384228e-07	2.532697e-10	-1.820600e+00	6.051969e+01
5.570000e-06	-3.992311e-07	2.276473e-10	-2.147728e+00	5.475448e+01
5.580000e-06	-4.599906e-07	2.037887e-10	-2.474594e+00	4.894373e+01
5.590000e-06	-5.206453e-07	1.804779e-10	-2.800896e+00	4.309305e+01
5.600000e-06	-5.812317e-07	1.560523e-10	-3.126830e+00	3.720824e+01
5.610000e-06	-6.418170e-07	1.310414e-10	-3.452759e+00	3.129523e+01
5.620000e-06	-7.023682e-07	1.064089e-10	-3.778504e+00	2.536003e+01
5.630000e-06	-7.628306e-07	8.244420e-11	-4.103771e+00	1.940872e+01
5.640000e-06	-8.232713e-07	5.826058e-11	-4.428922e+00	1.344736e+01
5.650000e-06	-8.836642e-07	3.390495e-11	-4.753815e+00	7.481931e+00
5.660000e-06	-9.440147e-07	9.675895e-12	-5.078480e+00	1.518330e+00
5.670000e-06	-1.004337e-06	-1.356588e-11	-5.402993e+00	-4.437720e+00
5.680000e-06	-1.064594e-06	-3.632085e-11	-5.727156e+00	-1.038070e+01
5.690000e-06	-1.124794e-06	-6.068291e-11	-6.051011e+00	-1.630532e+01
5.700000e-06	-1.184985e-06	-8.640542e-11	-6.374817e+00	-2.220661e+01
5.710000e-06	-1.245197e-06	-1.110187e-10	-6.698741e+00	-2.807988e+01
5.720000e-06	-1.305336e-06	-1.334508e-10	-7.022265e+00	-3.392079e+01
5.730000e-06	-1.365405e-06	-1.553463e-10	-7.345418e+00	-3.972540e+01
5.740000e-06	-1.425505e-06	-1.782053e-10	-7.668738e+00	-4.549013e+01
5.750000e-06	-1.485583e-06	-2.022256e-10	-7.991935e+00	-5.121179e+01
5.760000e-06	-1.545515e-06	-2.270474e-10	-8.314349e+00	-5.688760e+01
5.770000e-06	-1.605329e-06	-2.516326e-10	-8.636126e+00	-6.251521e+01
5.780000e-06	-1.665093e-06	-2.748795e-10	-8.957640e+00	-6.809261e+01
5.790000e-06	-1.724796e-06	-2.978042e-10	-9.278818e+00	-7.361823e+01
5.800000e-06	-1.784332e-06	-3.210939e-10	-9.599104e+00	-7.909082e+01
5.810000e-06	-1.843688e-06	-3.434664e-10	-9.918418e+00	-8.450950e+01
5.820000e-06	-1.902823e-06	-3.646530e-10	-1.023655e+01	-8.987369e+01
5.830000e-06	-1.961742e-06	-3.860231e-10	-1.055351e+01	-9.518312e+01
5.840000e-06	-2.020658e-06	-4.084304e-10	-1.087046e+01	-1.004377e+02
5.850000e-06	-2.079516e-06	-4.302315e-10	-1.118709e+01	-1.056377e+02
5.860000e-06	-2.138181e-06	-4.508125e-10	-1.150269e+01	-1.107835e+02
5.870000e-06	-2.196637e-06	-4.712041e-10	-1.181717e+01	-1.158754e+02
5.880000e-06	-2.254857e-06	-4.922102e-10	-1.213037e+01	-1.209142e+02
5.890000e-06	-2.312904e-06	-5.135968e-10	-1.244264e+01	-1.259005e+02
5.900000e-06	-2.370888e-06	-5.350866e-10	-1.275458e+01	-1.308350e+02
5.910000e-06	-2.428725e-06	-5.567440e-10	-1.306572e+01	-1.357184e+02
5.920000e-06	-2.486266e-06	-5.770890e-10	-1.337527e+01	-1.405512e+02
5.930000e-06	-2.543489e-06	-5.970086e-10	-1.368311e+01	-1.453341e+02
5.940000e-06	-2.600468e-06	-6.186183e-10	-1.398964e+01	-1.500676e+02
5.950000e-06	-2.657318e-06	-6.410958e-10	-1.429548e+01	-1.547518e+02
5.960000e-06	-2.714077e-06	-6.615465e-10	-1.460082e+01	-1.593872e+02
5.970000e-06	-2.770595e-06	-6.799647e-10	-1.490486e+01	-1.639737e+02
5.980000e-06	-2.826868e-06	-6.990124e-10	-1.520760e+01	-1.685111e+02
5.990000e-06	-2.883128e-06	-7.177084e-10	-1.551025e+01	-1.729994e+02
6.000000e-06	-2.939353e-06	-7.352962e-10	-1.581273e+01	-1.774379e+02
6.010000e-06	-2.995470e-06	-7.532414e-10	-1.611461e+01	-1.818262e+02
6.020000e-06	-3.051464e-06	-7.712972e-10	-1.641585e+01	-1.861634e+02
6.030000e-06	-3.107254e-06	-7.889007e-10	-1.671598e+01	-1.904487e+02
6.040000e-06	-3.162851e-06	-8.062160e-10	-1.701507e+01	-1.946812e+02
6.050000e-06	-3.218183e-06	-8.235946e-10	-1.731274e+01	-1.988597e+02
6.060000e-06	-3.273087e-06	-8.409791e-10	-1.760810e+01	-2.029831e+02
6.070000e-06	-3.327700e-06	-8.574461e-10	-1.790190e+01	-2.070501e+02
6.080000e-06	-3.381900e-06	-8.736512e-10	-1.819348e+01	-2.110596e+02
6.090000e-06	-3.435621e-06	-8.907067e-10	-1.848248e+01	-2.150103e+02
6.100000e-06	-3.488979e-06	-9.077336e-10	-1.876953e+01	-2.189009e+02
6.110000e-06	-3.541892e-06	-9.243863e-10	-1.905418e+01	-2.227304e+02
6.120000e-06	-3.594546e-06	-9.405509e-10	-1.933744e+01	-2.264977e+02
6.130000e-06	-3.646950e-06	-9.555183e-10	-1.961936e+01	-2.302017e+02
6.140000e-06	-3.699036e-06	-9.702113e-10	-1.989956e+01	-2.338417e+02
6.150000e-06	-3.750906e-06	-9.848981e-10	-2.017861e+01	-2.374169e+02
6.160000e-06	-3.802500e-06	-9.997211e-10	-2.045616e+01	-2.409268e+02
6.170000e-06	-3.853899e-06	-1.015064e-09	-2.073268e+01	-2.443711e+02
6.180000e-06	-3.904959e-06	-1.029585e-09	-2.100736e+01	-2.477495e+02
6.190000e-06	-3.955515e-06	-1.043137e-09	-2.127933e+01	-2.510620e+02
6.200000e-06	-4.005826e-06	-1.057183e-09	-2.154999e+01	-2.543089e+02
6.210000e-06	-4.055998e-06	-1.071244e-09	-2.181990e+01	-2.574905e+02
6.220000e-06	-4.105880e-06	-1.083464e-09	-2.208825e+01	-2.606075e+02
6.230000e-06	-4.155314e-06	-1.094759e-09	-2.235419e+01	-2.636606e+02
6.240000e-06	-4.204340e-06	-1.106342e-09	-2.261793e+01	-2.666507e+02
6.250000e-06	-4.252905e-06	-1.117836e-09	-2.287919e+01	-2.695789e+02
6.260000e-06	-4.300906e-06	-1.129673e-09	-2.313742e+01	-2.724465e+02
6.270000e-06	-4.348336e-06	-1.140632e-09	-2.339258e+01	-2.752549e+02
6.280000e-06	-4.395507e-06	-1.150616e-09	-2.364635e+01	-2.780056e+02
6.290000e-06	-4.442589e-06	-1.162282e-09	-2.389963e+01	-2.807002e+02
6.300000e-06	-4.489462e-06	-1.174649e-09	-2.415179e+01	-2.833403e+02
6.310000e-06	-4.536065e-06	-1.186062e-09	-2.440250e+01	-2.859277e+02
6.320000e-06	-4.582365e-06	-1.196506e-09	-2.465158e+01	-2.884641e+02
6.330000e-06	-4.628345e-06	-1.205853e-09	-2.489893e+01	-2.909513e+02
6.340000e-06	-4.674094e-06	-1.214511e-09	-2.514505e+01	-2.933911e+02
6.350000e-06	-4.719407e-06	-1.223686e-09	-2.538881e+01	-2.957852e+02
6.360000e-06	-4.764086e-06	-1.233138e-09	-2.562917e+01	-2.981354e+02
6.370000e-06	-4.808502e-06	-1.241946e-09	-2.586812e+01	-3.004433e+02
6.380000e-06	-4.852792e-06	-1.250994e-09	-2.610638e+01	-3.027105e+02
6.390000e-06	-4.896896e-06	-1.261177e-09	-2.634364e+01	-3.049386e+02
6.400000e-06	-4.940797e-06	-1.271588e-09	-2.657982e+01	-3.071289e+02
6.410000e-06	-4.984362e-06	-1.280310e-09	-2.681419e+01	-3.092830e+02
6.420000e-06	-5.027708e-06	-1.287425e-09	-2.704737e+01	-3.114020e+02
6.430000e-06	-5.070759e-06	-1.295665e-09	-2.727897e+01	-3.134871e+02
6.440000e-06	-5.113366e-06	-1.305609e-09	-2.750818e+01	-3.155393e+02
6.450000e-06	-5.155693e-06	-1.315464e-09	-2.773589e+01	-3.175598e+02
6.460000e-06	-5.197758e-06	-1.323289e-09	-2.796218e+01	-3.195494e+02
6.470000e-06	-5.239354e-06	-1.328821e-09	-2.818596e+01	-3.215089e+02
6.480000e-06	-5.280508e-06	-1.335156e-09	-2.840735e+01	-3.234390e+02
6.490000e-06	-5.321225e-06	-1.343713e-09	-2.862639e+01	-3.253404e+02
6.500000e-06	-5.361566e-06	-1.351974e-09	-2.884341e+01	-3.272136e+02
6.510000e-06	-5.401794e-06	-1.358834e-09	-2.905983e+01	-3.290593e+02
6.520000e-06	-5.441904e-06	-1.365884e-09	-2.927560e+01	-3.308779e+02
6.530000e-06	-5.481658e-06	-1.373290e-09	-2.948947e+01	-3.326698e+02
6.540000e-06	-5.520869e-06	-1.380665e-09	-2.970041e+01	-3.344353e+02
6.550000e-06	-5.559484e-06	-1.387590e-09	-2.990815e+01	-3.361750e+02
6.560000e-06	-5.597441e-06	-1.393661e-09	-3.011234e+01	-3.378890e+02
6.570000e-06	-5.634726e-06	-1.398969e-09	-3.031292e+01	-3.395777e+02
6.580000e-06	-5.671446e-06	-1.404836e-09	-3.051046e+01	-3.412414e+02
6.590000e-06	-5.707820e-06	-1.411930e-09	-3.070615e+01	-3.428803e+02
6.600000e-06	-5.743997e-06	-1.419002e-09	-3.090076e+01	-3.444947e+02
6.610000e-06	-5.779908e-06	-1.424755e-09	-3.109395e+01	-3.460847e+02
6.620000e-06	-5.815463e-06	-1.429656e-09	-3.128523e+01	-3.476508e+02
6.630000e-06	-5.850636e-06	-1.435801e-09	-3.147444e+01	-3.491929e+02
6.640000e-06	-5.885293e-06	-1.443262e-09	-3.166089e+01	-3.507114e+02
6.650000e-06	-5.919478e-06	-1.449974e-09	-3.184479e+01	-3.522065e+02
6.660000e-06	-5.953230e-06	-1.455158e-09	-3.202637e+01	-3.536782e+02
6.670000e-06	-5.986510e-06	-1.459863e-09	-3.220540e+01	-3.551268e+02
6.680000e-06	-6.019327e-06	-1.465133e-09	-3.238194e+01	-3.565524e+02
6.690000e-06	-6.051756e-06	-1.470486e-09	-3.255640e+01	-3.579550e+02
6.700000e-06	-6.083975e-06	-1.474713e-09	-3.272973e+01	-3.593349e+02
6.710000e-06	-6.115912e-06	-1.478764e-09	-3.290154e+01	-3.606921e+02
6.720000e-06	-6.147529e-06	-1.484552e-09	-3.307163e+01	-3.620266e+02
6.730000e-06	-6.178665e-06	-1.491885e-09	-3.323913e+01	-3.633385e+02
6.740000e-06	-6.208882e-06	-1.498679e-09	-3.340169e+01	-3.646278e+02
6.750000e-06	-6.238232e-06	-1.504548e-09	-3.355958e+01	-3.658946e+02
6.760000e-06	-6.267133e-06	-1.509017e-09	-3.371506e+01	-3.671388e+02
6.770000e-06	-6.295699e-06	-1.512912e-09	-3.386873e+01	-3.683605e+02
6.780000e-06	-6.323900e-06	-1.518737e-09	-3.402045e+01	-3.695596e+02
6.790000e-06	-6.351821e-06	-1.525286e-09	-3.417065e+01	-3.707362e+02
6.800000e-06	-6.379390e-06	-1.530302e-09	-3.431896e+01	-3.718902e+02
6.810000e-06	-6.406561e-06	-1.534910e-09	-3.446513e+01	-3.730216e+02
6.820000e-06	-6.433214e-06	-1.540298e-09	-3.460852e+01	-3.741307e+02
6.830000e-06	-6.459388e-06	-1.545035e-09	-3.474933e+01	-3.752172e+02
6.840000e-06	-6.485202e-06	-1.548567e-09	-3.488820e+01	-3.762815e+02
6.850000e-06	-6.510495e-06	-1.550454e-09	-3.502426e+01	-3.773236e+02
6.860000e-06	-6.535192e-06	-1.552930e-09	-3.515713e+01	-3.783437e+02
6.870000e-06	-6.559543e-06	-1.558023e-09	-3.528813e+01	-3.793419e+02
6.880000e-06	-6.583801e-06	-1.562711e-09	-3.541863e+01	-3.803186e+02
6.890000e-06	-6.607737e-06	-1.565187e-09	-3.554739e+01	-3.812740e+02
6.900000e-06	-6.630936e-06	-1.567137e-09	-3.567220e+01	-3.822085e+02
6.910000e-06	-6.653487e-06	-1.570638e-09	-3.579351e+01	-3.831225e+02
6.920000e-06	-6.675343e-06	-1.575548e-09	-3.591109e+01	-3.840164e+02
6.930000e-06	-6.696430e-06	-1.580061e-09	-3.602453e+01	-3.848906e+02
6.940000e-06	-6.716999e-06	-1.582846e-09	-3.613519e+01	-3.857457e+02
6.950000e-06	-6.737211e-06	-1.583802e-09	-3.624392e+01	-3.865822e+02
6.960000e-06	-6.757190e-06	-1.585012e-09	-3.635140e+01	-3.874005e+02
6.970000e-06	-6.776768e-06	-1.587482e-09	-3.645672e+01	-3.882014e+02
6.980000e-06	-6.795881e-06	-1.589760e-09	-3.655954e+01	-3.889853e+02
6.990000e-06	-6.814574e-06	-1.590167e-09	-3.666011e+01	-3.897527e+02
7.000000e-06	-6.832773e-06	-1.590071e-09	-3.675801e+01	-3.905042e+02
7.010000e-06	-6.850477e-06	-1.592151e-09	-3.685325e+01	-3.912403e+02
7.020000e-06	-6.867702e-06	-1.595197e-09	-3.694592e+01	-3.919615e+02
7.030000e-06	-6.884479e-06	-1.596339e-09	-3.703617e+01	-3.926681e+02
7.040000e-06	-6.900765e-06	-1.596908e-09	-3.712379e+01	-3.933605e+02
7.050000e-06	-6.916735e-06	-1.598440e-09	-3.720970e+01	-3.940389e+02
7.060000e-06	-6.932404e-06	-1.601073e-09	-3.729399e+01	-3.947037e+02
7.070000e-06	-6.947273e-06	-1.604806e-09	-3.737398e+01	-3.953548e+02
7.080000e-06	-6.961061e-06	-1.606852e-09	-3.744815e+01	-3.959924e+02
7.090000e-06	-6.974000e-06	-1.606610e-09	-3.751776e+01	-3.966165e+02
7.100000e-06	-6.986531e-06	-1.607184e-09	-3.758518e+01	-3.972268e+02
7.110000e-06	-6.998742e-06	-1.610692e-09	-3.765087e+01	-3.978232e+02
7.120000e-06	-7.010435e-06	-1.614509e-09	-3.771377e+01	-3.984054e+02
7.130000e-06	-7.021527e-06	-1.616700e-09	-3.777345e+01	-3.989730e+02
7.140000e-06	-7.032141e-06	-1.617864e-09	-3.783054e+01	-3.995256e+02
7.150000e-06	-7.042346e-06	-1.618489e-09	-3.788544e+01	-4.000626e+02
7.160000e-06	-7.052015e-06	-1.618818e-09	-3.793746e+01	-4.005836e+02
7.170000e-06	-7.061105e-06	-1.618084e-09	-3.798636e+01	-4.010878e+02
7.180000e-06	-7.069832e-06	-1.617291e-09	-3.803331e+01	-4.015747e+02
7.190000e-06	-7.078362e-06	-1.617063e-09	-3.807920e+01	-4.020437e+02
7.200000e-06	-7.086595e-06	-1.617342e-09	-3.812349e+01	-4.024940e+02
7.210000e-06	-7.094379e-06	-1.618966e-09	-3.816537e+01	-4.029251e+02
7.220000e-06	-7.101574e-06	-1.620835e-09	-3.820407e+01	-4.033363e+02
7.230000e-06	-7.107985e-06	-1.621415e-09	-3.823856e+01	-4.037270e+02
7.240000e-06	-7.113476e-06	-1.622056e-09	-3.826810e+01	-4.040968e+02
7.250000e-06	-7.118274e-06	-1.624158e-09	-3.829391e+01	-4.044451e+02
7.260000e-06	-7.122702e-06	-1.626145e-09	-3.831773e+01	-4.047716e+02
7.270000e-06	-7.126828e-06	-1.626906e-09	-3.833993e+01	-4.050760e+02
7.280000e-06	-7.130523e-06	-1.628323e-09	-3.835981e+01	-4.053581e+02
7.290000e-06	-7.133714e-06	-1.629556e-09	-3.837697e+01	-4.056178e+02
7.300000e-06	-7.136419e-06	-1.629029e-09	-3.839152e+01	-4.058551e+02
7.310000e-06	-7.138789e-06	-1.627878e-09	-3.840427e+01	-4.060700e+02
7.320000e-06	-7.140805e-06	-1.626059e-09	-3.841512e+01	-4.062627e+02
7.330000e-06	-7.142075e-06	-1.624390e-09	-3.842195e+01	-4.064336e+02
7.340000e-06	-7.142730e-06	-1.624067e-09	-3.842547e+01	-4.065831e+02
