# Temperatura_=_5.5
# Concentracion g/m^3_=_7400.0
# C_Vs_to_Am_M_A/Vsm_=_254322799225.57578
# pendiente_HvsI_1/m_=_3716.3
# ordenada_HvsI_A/m_=_1297.0
# frecuencia_Hz_=_136115.19200959985

Tiempo_(s)	Campo_(V.s)	Magnetizacion_(V.s)	Campo_(kA/m)	Magnetizacion_(A/m)
0.000000e+00	-7.095668e-06	-1.589004e-09	-3.842511e+01	-3.985872e+02
1.000000e-08	-7.095628e-06	-1.587130e-09	-3.842490e+01	-3.986388e+02
2.000000e-08	-7.095358e-06	-1.585743e-09	-3.842343e+01	-3.986777e+02
3.000000e-08	-7.094722e-06	-1.583863e-09	-3.841999e+01	-3.987047e+02
4.000000e-08	-7.093335e-06	-1.581683e-09	-3.841248e+01	-3.987204e+02
5.000000e-08	-7.091104e-06	-1.580775e-09	-3.840040e+01	-3.987254e+02
6.000000e-08	-7.088235e-06	-1.581949e-09	-3.838486e+01	-3.987202e+02
7.000000e-08	-7.084795e-06	-1.580439e-09	-3.836623e+01	-3.987055e+02
8.000000e-08	-7.080692e-06	-1.575530e-09	-3.834401e+01	-3.986816e+02
9.000000e-08	-7.075844e-06	-1.576205e-09	-3.831776e+01	-3.986489e+02
1.000000e-07	-7.070397e-06	-1.582938e-09	-3.828827e+01	-3.986076e+02
1.100000e-07	-7.064608e-06	-1.569602e-09	-3.825692e+01	-3.985580e+02
1.200000e-07	-7.058369e-06	-1.567880e-09	-3.822313e+01	-3.985002e+02
1.300000e-07	-7.051801e-06	-1.592730e-09	-3.818756e+01	-3.984341e+02
1.400000e-07	-7.044954e-06	-1.589534e-09	-3.815048e+01	-3.983595e+02
1.500000e-07	-7.037631e-06	-1.551690e-09	-3.811082e+01	-3.982763e+02
1.600000e-07	-7.029784e-06	-1.547105e-09	-3.806833e+01	-3.981841e+02
1.700000e-07	-7.021573e-06	-1.591962e-09	-3.802387e+01	-3.980824e+02
1.800000e-07	-7.012873e-06	-1.581720e-09	-3.797675e+01	-3.979708e+02
1.900000e-07	-7.003571e-06	-1.526466e-09	-3.792638e+01	-3.978486e+02
2.000000e-07	-6.993671e-06	-1.543977e-09	-3.787277e+01	-3.977152e+02
2.100000e-07	-6.983143e-06	-1.603961e-09	-3.781576e+01	-3.975698e+02
2.200000e-07	-6.972164e-06	-1.574103e-09	-3.775630e+01	-3.974116e+02
2.300000e-07	-6.960629e-06	-1.512120e-09	-3.769384e+01	-3.972398e+02
2.400000e-07	-6.948414e-06	-1.546600e-09	-3.762769e+01	-3.970536e+02
2.500000e-07	-6.935616e-06	-1.593028e-09	-3.755838e+01	-3.968522e+02
2.600000e-07	-6.922263e-06	-1.546702e-09	-3.748607e+01	-3.966348e+02
2.700000e-07	-6.908279e-06	-1.516403e-09	-3.741034e+01	-3.964006e+02
2.800000e-07	-6.893572e-06	-1.569726e-09	-3.733071e+01	-3.961489e+02
2.900000e-07	-6.878123e-06	-1.573406e-09	-3.724705e+01	-3.958790e+02
3.000000e-07	-6.862072e-06	-1.519299e-09	-3.716012e+01	-3.955905e+02
3.100000e-07	-6.845467e-06	-1.533777e-09	-3.707020e+01	-3.952828e+02
3.200000e-07	-6.828422e-06	-1.571422e-09	-3.697790e+01	-3.949556e+02
3.300000e-07	-6.810929e-06	-1.531257e-09	-3.688317e+01	-3.946086e+02
3.400000e-07	-6.792999e-06	-1.512187e-09	-3.678607e+01	-3.942417e+02
3.500000e-07	-6.774700e-06	-1.564766e-09	-3.668698e+01	-3.938550e+02
3.600000e-07	-6.755899e-06	-1.553100e-09	-3.658516e+01	-3.934485e+02
3.700000e-07	-6.736641e-06	-1.494775e-09	-3.648088e+01	-3.930225e+02
3.800000e-07	-6.717010e-06	-1.523378e-09	-3.637457e+01	-3.925773e+02
3.900000e-07	-6.696932e-06	-1.560637e-09	-3.626584e+01	-3.921136e+02
4.000000e-07	-6.676346e-06	-1.512144e-09	-3.615436e+01	-3.916318e+02
4.100000e-07	-6.655262e-06	-1.496182e-09	-3.604018e+01	-3.911326e+02
4.200000e-07	-6.633805e-06	-1.542207e-09	-3.592399e+01	-3.906169e+02
4.300000e-07	-6.611965e-06	-1.525776e-09	-3.580572e+01	-3.900854e+02
4.400000e-07	-6.589659e-06	-1.486517e-09	-3.568493e+01	-3.895391e+02
4.500000e-07	-6.566895e-06	-1.513800e-09	-3.556165e+01	-3.889789e+02
4.600000e-07	-6.543616e-06	-1.522237e-09	-3.543559e+01	-3.884057e+02
4.700000e-07	-6.519888e-06	-1.485523e-09	-3.530710e+01	-3.878205e+02
4.800000e-07	-6.495922e-06	-1.496743e-09	-3.517731e+01	-3.872242e+02
4.900000e-07	-6.471604e-06	-1.517653e-09	-3.504562e+01	-3.866177e+02
5.000000e-07	-6.446675e-06	-1.485529e-09	-3.491063e+01	-3.860019e+02
5.100000e-07	-6.420984e-06	-1.474215e-09	-3.477150e+01	-3.853775e+02
5.200000e-07	-6.394517e-06	-1.497848e-09	-3.462818e+01	-3.847451e+02
5.300000e-07	-6.367434e-06	-1.484988e-09	-3.448152e+01	-3.841055e+02
5.400000e-07	-6.339917e-06	-1.466173e-09	-3.433250e+01	-3.834589e+02
5.500000e-07	-6.312080e-06	-1.480051e-09	-3.418176e+01	-3.828058e+02
5.600000e-07	-6.283981e-06	-1.477032e-09	-3.402959e+01	-3.821464e+02
5.700000e-07	-6.255508e-06	-1.458287e-09	-3.387540e+01	-3.814807e+02
5.800000e-07	-6.226538e-06	-1.463511e-09	-3.371852e+01	-3.808087e+02
5.900000e-07	-6.197146e-06	-1.465495e-09	-3.355936e+01	-3.801302e+02
6.000000e-07	-6.167321e-06	-1.452033e-09	-3.339785e+01	-3.794448e+02
6.100000e-07	-6.137017e-06	-1.453100e-09	-3.323374e+01	-3.787522e+02
6.200000e-07	-6.106270e-06	-1.455487e-09	-3.306723e+01	-3.780516e+02
6.300000e-07	-6.075107e-06	-1.443485e-09	-3.289848e+01	-3.773423e+02
6.400000e-07	-6.043634e-06	-1.437471e-09	-3.272804e+01	-3.766236e+02
6.500000e-07	-6.011938e-06	-1.437015e-09	-3.255640e+01	-3.758946e+02
6.600000e-07	-5.979885e-06	-1.429299e-09	-3.238282e+01	-3.751542e+02
6.700000e-07	-5.947380e-06	-1.425184e-09	-3.220680e+01	-3.744013e+02
6.800000e-07	-5.914341e-06	-1.424548e-09	-3.202788e+01	-3.736348e+02
6.900000e-07	-5.880701e-06	-1.417921e-09	-3.184571e+01	-3.728536e+02
7.000000e-07	-5.846376e-06	-1.411582e-09	-3.165983e+01	-3.720565e+02
7.100000e-07	-5.811365e-06	-1.408507e-09	-3.147024e+01	-3.712422e+02
7.200000e-07	-5.775886e-06	-1.403430e-09	-3.127811e+01	-3.704097e+02
7.300000e-07	-5.740111e-06	-1.400487e-09	-3.108437e+01	-3.695576e+02
7.400000e-07	-5.704074e-06	-1.399198e-09	-3.088923e+01	-3.686848e+02
7.500000e-07	-5.667731e-06	-1.393710e-09	-3.069242e+01	-3.677903e+02
7.600000e-07	-5.631091e-06	-1.387938e-09	-3.049400e+01	-3.668730e+02
7.700000e-07	-5.594068e-06	-1.384329e-09	-3.029351e+01	-3.659320e+02
7.800000e-07	-5.556613e-06	-1.378424e-09	-3.009068e+01	-3.649662e+02
7.900000e-07	-5.518682e-06	-1.372004e-09	-2.988527e+01	-3.639749e+02
8.000000e-07	-5.480194e-06	-1.368352e-09	-2.967685e+01	-3.629573e+02
8.100000e-07	-5.441322e-06	-1.364539e-09	-2.946634e+01	-3.619127e+02
8.200000e-07	-5.402097e-06	-1.360054e-09	-2.925393e+01	-3.608406e+02
8.300000e-07	-5.362589e-06	-1.355990e-09	-2.903998e+01	-3.597405e+02
8.400000e-07	-5.322850e-06	-1.350872e-09	-2.882479e+01	-3.586119e+02
8.500000e-07	-5.282827e-06	-1.344294e-09	-2.860805e+01	-3.574545e+02
8.600000e-07	-5.242533e-06	-1.338061e-09	-2.838985e+01	-3.562681e+02
8.700000e-07	-5.201774e-06	-1.332661e-09	-2.816912e+01	-3.550525e+02
8.800000e-07	-5.160561e-06	-1.327065e-09	-2.794595e+01	-3.538075e+02
8.900000e-07	-5.118768e-06	-1.320997e-09	-2.771962e+01	-3.525332e+02
9.000000e-07	-5.076418e-06	-1.315744e-09	-2.749028e+01	-3.512295e+02
9.100000e-07	-5.033587e-06	-1.310835e-09	-2.725834e+01	-3.498964e+02
9.200000e-07	-4.990282e-06	-1.304955e-09	-2.702383e+01	-3.485342e+02
9.300000e-07	-4.946714e-06	-1.298525e-09	-2.678790e+01	-3.471430e+02
9.400000e-07	-4.902845e-06	-1.291933e-09	-2.655033e+01	-3.457229e+02
9.500000e-07	-4.858697e-06	-1.285085e-09	-2.631126e+01	-3.442741e+02
9.600000e-07	-4.814260e-06	-1.278913e-09	-2.607062e+01	-3.427969e+02
9.700000e-07	-4.769531e-06	-1.272913e-09	-2.582840e+01	-3.412915e+02
9.800000e-07	-4.724501e-06	-1.266395e-09	-2.558455e+01	-3.397581e+02
9.900000e-07	-4.679098e-06	-1.258829e-09	-2.533868e+01	-3.381971e+02
1.000000e-06	-4.633392e-06	-1.251486e-09	-2.509117e+01	-3.366088e+02
1.010000e-06	-4.587385e-06	-1.244975e-09	-2.484203e+01	-3.349933e+02
1.020000e-06	-4.541030e-06	-1.239049e-09	-2.459100e+01	-3.333510e+02
1.030000e-06	-4.494316e-06	-1.234105e-09	-2.433803e+01	-3.316821e+02
1.040000e-06	-4.447270e-06	-1.228818e-09	-2.408326e+01	-3.299870e+02
1.050000e-06	-4.399967e-06	-1.222832e-09	-2.382711e+01	-3.282659e+02
1.060000e-06	-4.352445e-06	-1.216525e-09	-2.356976e+01	-3.265191e+02
1.070000e-06	-4.304643e-06	-1.209364e-09	-2.331090e+01	-3.247468e+02
1.080000e-06	-4.256442e-06	-1.200834e-09	-2.304987e+01	-3.229492e+02
1.090000e-06	-4.207922e-06	-1.192846e-09	-2.278712e+01	-3.211267e+02
1.100000e-06	-4.159293e-06	-1.187054e-09	-2.252379e+01	-3.192795e+02
1.110000e-06	-4.110382e-06	-1.181894e-09	-2.225892e+01	-3.174078e+02
1.120000e-06	-4.061070e-06	-1.175672e-09	-2.199188e+01	-3.155117e+02
1.130000e-06	-4.011343e-06	-1.167635e-09	-2.172259e+01	-3.135916e+02
1.140000e-06	-3.961009e-06	-1.158104e-09	-2.145002e+01	-3.116475e+02
1.150000e-06	-3.910136e-06	-1.148722e-09	-2.117453e+01	-3.096796e+02
1.160000e-06	-3.858823e-06	-1.140731e-09	-2.089665e+01	-3.076880e+02
1.170000e-06	-3.807181e-06	-1.133345e-09	-2.061700e+01	-3.056729e+02
1.180000e-06	-3.755372e-06	-1.124858e-09	-2.033644e+01	-3.036342e+02
1.190000e-06	-3.703227e-06	-1.115619e-09	-2.005405e+01	-3.015721e+02
1.200000e-06	-3.650620e-06	-1.107501e-09	-1.976917e+01	-2.994866e+02
1.210000e-06	-3.597749e-06	-1.101064e-09	-1.948286e+01	-2.973775e+02
1.220000e-06	-3.544658e-06	-1.094655e-09	-1.919535e+01	-2.952449e+02
1.230000e-06	-3.491318e-06	-1.086643e-09	-1.890651e+01	-2.930886e+02
1.240000e-06	-3.437803e-06	-1.077774e-09	-1.861671e+01	-2.909084e+02
1.250000e-06	-3.384073e-06	-1.068734e-09	-1.832574e+01	-2.887041e+02
1.260000e-06	-3.330026e-06	-1.058735e-09	-1.803306e+01	-2.864755e+02
1.270000e-06	-3.275780e-06	-1.048209e-09	-1.773931e+01	-2.842222e+02
1.280000e-06	-3.221486e-06	-1.038354e-09	-1.744529e+01	-2.819438e+02
1.290000e-06	-3.166911e-06	-1.029697e-09	-1.714975e+01	-2.796400e+02
1.300000e-06	-3.112063e-06	-1.021294e-09	-1.685273e+01	-2.773103e+02
1.310000e-06	-3.057023e-06	-1.012499e-09	-1.655467e+01	-2.749542e+02
1.320000e-06	-3.001809e-06	-1.003110e-09	-1.625567e+01	-2.725711e+02
1.330000e-06	-2.946290e-06	-9.924478e-10	-1.595502e+01	-2.701604e+02
1.340000e-06	-2.890549e-06	-9.810940e-10	-1.565317e+01	-2.677216e+02
1.350000e-06	-2.834794e-06	-9.702982e-10	-1.535124e+01	-2.652538e+02
1.360000e-06	-2.778960e-06	-9.608884e-10	-1.504888e+01	-2.627565e+02
1.370000e-06	-2.723120e-06	-9.525880e-10	-1.474649e+01	-2.602288e+02
1.380000e-06	-2.667209e-06	-9.443573e-10	-1.444372e+01	-2.576701e+02
1.390000e-06	-2.611109e-06	-9.350423e-10	-1.413992e+01	-2.550795e+02
1.400000e-06	-2.554658e-06	-9.245622e-10	-1.383422e+01	-2.524561e+02
1.410000e-06	-2.497939e-06	-9.144081e-10	-1.352707e+01	-2.497993e+02
1.420000e-06	-2.441148e-06	-9.044875e-10	-1.321953e+01	-2.471080e+02
1.430000e-06	-2.384160e-06	-8.942164e-10	-1.291092e+01	-2.443814e+02
1.440000e-06	-2.326866e-06	-8.846208e-10	-1.260066e+01	-2.416185e+02
1.450000e-06	-2.269392e-06	-8.753804e-10	-1.228942e+01	-2.388185e+02
1.460000e-06	-2.211747e-06	-8.652896e-10	-1.197726e+01	-2.359803e+02
1.470000e-06	-2.153655e-06	-8.548482e-10	-1.166267e+01	-2.331028e+02
1.480000e-06	-2.095095e-06	-8.439764e-10	-1.134555e+01	-2.301852e+02
1.490000e-06	-2.036232e-06	-8.324268e-10	-1.102679e+01	-2.272262e+02
1.500000e-06	-1.977119e-06	-8.216438e-10	-1.070668e+01	-2.242246e+02
1.510000e-06	-1.917806e-06	-8.112851e-10	-1.038548e+01	-2.211794e+02
1.520000e-06	-1.858426e-06	-8.000284e-10	-1.006392e+01	-2.180891e+02
1.530000e-06	-1.799008e-06	-7.883906e-10	-9.742151e+00	-2.149526e+02
1.540000e-06	-1.739445e-06	-7.770811e-10	-9.419604e+00	-2.117682e+02
1.550000e-06	-1.679798e-06	-7.657537e-10	-9.096596e+00	-2.085347e+02
1.560000e-06	-1.620091e-06	-7.536954e-10	-8.773267e+00	-2.052504e+02
1.570000e-06	-1.560313e-06	-7.417682e-10	-8.449552e+00	-2.019136e+02
1.580000e-06	-1.500516e-06	-7.305913e-10	-8.125733e+00	-1.985226e+02
1.590000e-06	-1.440741e-06	-7.193788e-10	-7.802033e+00	-1.950756e+02
1.600000e-06	-1.380869e-06	-7.076181e-10	-7.477809e+00	-1.915708e+02
1.610000e-06	-1.320930e-06	-6.948042e-10	-7.153220e+00	-1.880061e+02
1.620000e-06	-1.260934e-06	-6.818651e-10	-6.828324e+00	-1.843796e+02
1.630000e-06	-1.200828e-06	-6.690851e-10	-6.502836e+00	-1.806891e+02
1.640000e-06	-1.140677e-06	-6.546274e-10	-6.177101e+00	-1.769325e+02
1.650000e-06	-1.080462e-06	-6.396441e-10	-5.851015e+00	-1.731078e+02
1.660000e-06	-1.020182e-06	-6.252816e-10	-5.524584e+00	-1.692127e+02
1.670000e-06	-9.598581e-07	-6.102419e-10	-5.197912e+00	-1.652452e+02
1.680000e-06	-8.994920e-07	-5.956695e-10	-4.871012e+00	-1.612032e+02
1.690000e-06	-8.390380e-07	-5.827381e-10	-4.543636e+00	-1.570847e+02
1.700000e-06	-7.785132e-07	-5.697309e-10	-4.215876e+00	-1.528877e+02
1.710000e-06	-7.179835e-07	-5.551909e-10	-3.888090e+00	-1.486105e+02
1.720000e-06	-6.575043e-07	-5.398369e-10	-3.560578e+00	-1.442515e+02
1.730000e-06	-5.969594e-07	-5.246895e-10	-3.232709e+00	-1.398092e+02
1.740000e-06	-5.362488e-07	-5.085071e-10	-2.903944e+00	-1.352824e+02
1.750000e-06	-4.754750e-07	-4.909622e-10	-2.574836e+00	-1.306701e+02
1.760000e-06	-4.146367e-07	-4.735068e-10	-2.245378e+00	-1.259718e+02
1.770000e-06	-3.538318e-07	-4.557829e-10	-1.916103e+00	-1.211869e+02
1.780000e-06	-2.930828e-07	-4.369020e-10	-1.587129e+00	-1.163156e+02
1.790000e-06	-2.322638e-07	-4.180297e-10	-1.257776e+00	-1.113581e+02
1.800000e-06	-1.714145e-07	-4.001215e-10	-9.282595e-01	-1.063151e+02
1.810000e-06	-1.105222e-07	-3.816978e-10	-5.985098e-01	-1.011879e+02
1.820000e-06	-4.956360e-08	-3.619754e-10	-2.684013e-01	-9.597787e+01
1.830000e-06	1.137642e-08	-3.417939e-10	6.160664e-02	-9.068710e+01
1.840000e-06	7.218437e-08	-3.216788e-10	3.908994e-01	-8.531795e+01
1.850000e-06	1.329766e-07	-3.019469e-10	7.201073e-01	-7.987326e+01
1.860000e-06	1.938432e-07	-2.828245e-10	1.049718e+00	-7.435630e+01
1.870000e-06	2.546051e-07	-2.626341e-10	1.378761e+00	-6.877073e+01
1.880000e-06	3.154059e-07	-2.398047e-10	1.708015e+00	-6.312061e+01
1.890000e-06	3.762581e-07	-2.169676e-10	2.037548e+00	-5.741039e+01
1.900000e-06	4.370203e-07	-1.963081e-10	2.366592e+00	-5.164486e+01
1.910000e-06	4.976886e-07	-1.763025e-10	2.695129e+00	-4.582911e+01
1.920000e-06	5.582779e-07	-1.556425e-10	3.023238e+00	-3.996851e+01
1.930000e-06	6.188089e-07	-1.329948e-10	3.351031e+00	-3.406870e+01
1.940000e-06	6.792858e-07	-1.084625e-10	3.678531e+00	-2.813547e+01
1.950000e-06	7.398175e-07	-8.408960e-11	4.006328e+00	-2.217479e+01
1.960000e-06	8.003177e-07	-6.108166e-11	4.333954e+00	-1.619272e+01
1.970000e-06	8.607566e-07	-3.748764e-11	4.661248e+00	-1.019535e+01
1.980000e-06	9.211316e-07	-1.320988e-11	4.988197e+00	-4.188808e+00
1.990000e-06	9.814749e-07	1.044320e-11	5.314973e+00	1.820856e+00
2.000000e-06	1.041796e-06	3.327618e-11	5.641627e+00	7.827681e+00
2.010000e-06	1.102044e-06	5.503569e-11	5.967890e+00	1.382585e+01
2.020000e-06	1.162243e-06	7.859463e-11	6.293885e+00	1.980975e+01
2.030000e-06	1.222422e-06	1.037234e-10	6.619772e+00	2.577399e+01
2.040000e-06	1.282626e-06	1.267912e-10	6.945793e+00	3.171345e+01
2.050000e-06	1.342755e-06	1.472442e-10	7.271410e+00	3.762331e+01
2.060000e-06	1.402741e-06	1.666746e-10	7.596254e+00	4.349910e+01
2.070000e-06	1.462644e-06	1.871948e-10	7.920644e+00	4.933669e+01
2.080000e-06	1.522483e-06	2.088207e-10	8.244688e+00	5.513233e+01
2.090000e-06	1.582223e-06	2.308233e-10	8.568200e+00	6.088266e+01
2.100000e-06	1.641857e-06	2.531076e-10	8.891135e+00	6.658470e+01
2.110000e-06	1.701460e-06	2.739200e-10	9.213904e+00	7.223587e+01
2.120000e-06	1.760976e-06	2.937555e-10	9.536197e+00	7.783398e+01
2.130000e-06	1.820302e-06	3.144547e-10	9.857464e+00	8.337720e+01
2.140000e-06	1.879566e-06	3.350679e-10	1.017840e+01	8.886407e+01
2.150000e-06	1.938799e-06	3.544325e-10	1.049916e+01	9.429348e+01
2.160000e-06	1.997728e-06	3.733730e-10	1.081828e+01	9.966459e+01
2.170000e-06	2.056353e-06	3.919697e-10	1.113575e+01	1.049769e+02
2.180000e-06	2.114819e-06	4.105657e-10	1.145236e+01	1.102301e+02
2.190000e-06	2.173036e-06	4.303599e-10	1.176762e+01	1.154241e+02
2.200000e-06	2.230984e-06	4.500909e-10	1.208143e+01	1.205591e+02
2.210000e-06	2.288506e-06	4.679207e-10	1.239293e+01	1.256352e+02
2.220000e-06	2.345657e-06	4.850454e-10	1.270242e+01	1.306529e+02
2.230000e-06	2.402598e-06	5.031927e-10	1.301077e+01	1.356126e+02
2.240000e-06	2.459354e-06	5.210438e-10	1.331812e+01	1.405147e+02
2.250000e-06	2.515961e-06	5.379962e-10	1.362467e+01	1.453596e+02
2.260000e-06	2.572436e-06	5.541552e-10	1.393049e+01	1.501478e+02
2.270000e-06	2.628748e-06	5.699383e-10	1.423544e+01	1.548797e+02
2.280000e-06	2.684796e-06	5.867785e-10	1.453895e+01	1.595555e+02
2.290000e-06	2.740769e-06	6.046270e-10	1.484206e+01	1.641753e+02
2.300000e-06	2.796702e-06	6.226555e-10	1.514496e+01	1.687392e+02
2.310000e-06	2.852399e-06	6.395084e-10	1.544657e+01	1.732471e+02
2.320000e-06	2.907924e-06	6.539606e-10	1.574726e+01	1.776988e+02
2.330000e-06	2.963504e-06	6.673415e-10	1.604824e+01	1.820940e+02
2.340000e-06	3.019003e-06	6.822055e-10	1.634878e+01	1.864320e+02
2.350000e-06	3.074077e-06	6.986477e-10	1.664702e+01	1.907122e+02
2.360000e-06	3.128724e-06	7.138908e-10	1.694295e+01	1.949340e+02
2.370000e-06	3.183215e-06	7.275801e-10	1.723804e+01	1.990963e+02
2.380000e-06	3.237677e-06	7.428828e-10	1.753297e+01	2.031984e+02
2.390000e-06	3.291892e-06	7.597541e-10	1.782656e+01	2.072391e+02
2.400000e-06	3.345733e-06	7.753557e-10	1.811812e+01	2.112174e+02
2.410000e-06	3.399355e-06	7.893545e-10	1.840850e+01	2.151322e+02
2.420000e-06	3.452811e-06	8.033589e-10	1.869798e+01	2.189825e+02
2.430000e-06	3.506051e-06	8.177932e-10	1.898629e+01	2.227672e+02
2.440000e-06	3.559023e-06	8.326874e-10	1.927315e+01	2.264854e+02
2.450000e-06	3.611613e-06	8.464534e-10	1.955794e+01	2.301362e+02
2.460000e-06	3.663933e-06	8.580586e-10	1.984127e+01	2.337189e+02
2.470000e-06	3.716097e-06	8.705811e-10	2.012375e+01	2.372327e+02
2.480000e-06	3.767975e-06	8.852795e-10	2.040469e+01	2.406774e+02
2.490000e-06	3.819473e-06	9.008802e-10	2.068356e+01	2.440524e+02
2.500000e-06	3.870660e-06	9.154174e-10	2.096075e+01	2.473579e+02
2.510000e-06	3.921470e-06	9.270450e-10	2.123591e+01	2.505938e+02
2.520000e-06	3.971880e-06	9.371402e-10	2.150889e+01	2.537606e+02
2.530000e-06	4.021760e-06	9.473518e-10	2.177900e+01	2.568586e+02
2.540000e-06	4.071073e-06	9.582733e-10	2.204605e+01	2.598887e+02
2.550000e-06	4.119915e-06	9.698627e-10	2.231054e+01	2.628517e+02
2.560000e-06	4.168464e-06	9.814570e-10	2.257345e+01	2.657489e+02
2.570000e-06	4.216884e-06	9.936971e-10	2.283566e+01	2.685816e+02
2.580000e-06	4.265092e-06	1.006153e-09	2.309672e+01	2.713513e+02
2.590000e-06	4.313071e-06	1.017059e-09	2.335654e+01	2.740596e+02
2.600000e-06	4.360746e-06	1.025611e-09	2.361471e+01	2.767084e+02
2.610000e-06	4.408087e-06	1.033208e-09	2.387108e+01	2.792997e+02
2.620000e-06	4.455039e-06	1.042116e-09	2.412534e+01	2.818354e+02
2.630000e-06	4.501608e-06	1.052774e-09	2.437752e+01	2.843177e+02
2.640000e-06	4.547843e-06	1.064228e-09	2.462790e+01	2.867488e+02
2.650000e-06	4.593686e-06	1.074665e-09	2.487615e+01	2.891309e+02
2.660000e-06	4.639242e-06	1.083776e-09	2.512285e+01	2.914661e+02
2.670000e-06	4.684514e-06	1.092679e-09	2.536801e+01	2.937567e+02
2.680000e-06	4.729479e-06	1.101668e-09	2.561151e+01	2.960048e+02
2.690000e-06	4.774159e-06	1.110748e-09	2.585347e+01	2.982124e+02
2.700000e-06	4.818508e-06	1.118964e-09	2.609363e+01	3.003817e+02
2.710000e-06	4.862646e-06	1.126307e-09	2.633265e+01	3.025145e+02
2.720000e-06	4.906645e-06	1.134119e-09	2.657092e+01	3.046126e+02
2.730000e-06	4.950458e-06	1.142791e-09	2.680817e+01	3.066777e+02
2.740000e-06	4.993923e-06	1.151167e-09	2.704355e+01	3.087114e+02
2.750000e-06	5.037004e-06	1.158349e-09	2.727685e+01	3.107151e+02
2.760000e-06	5.079622e-06	1.165622e-09	2.750763e+01	3.126900e+02
2.770000e-06	5.121599e-06	1.174006e-09	2.773495e+01	3.146373e+02
2.780000e-06	5.162952e-06	1.182611e-09	2.795889e+01	3.165581e+02
2.790000e-06	5.203744e-06	1.189491e-09	2.817979e+01	3.184531e+02
2.800000e-06	5.244196e-06	1.194524e-09	2.839885e+01	3.203231e+02
2.810000e-06	5.284419e-06	1.199705e-09	2.861667e+01	3.221687e+02
2.820000e-06	5.324312e-06	1.206696e-09	2.883270e+01	3.239905e+02
2.830000e-06	5.363865e-06	1.215112e-09	2.904689e+01	3.257888e+02
2.840000e-06	5.403130e-06	1.223075e-09	2.925952e+01	3.275639e+02
2.850000e-06	5.442119e-06	1.229579e-09	2.947066e+01	3.293160e+02
2.860000e-06	5.480724e-06	1.235472e-09	2.967972e+01	3.310453e+02
2.870000e-06	5.518836e-06	1.242572e-09	2.988611e+01	3.327518e+02
2.880000e-06	5.556546e-06	1.250555e-09	3.009032e+01	3.344356e+02
2.890000e-06	5.593867e-06	1.257253e-09	3.029242e+01	3.360967e+02
2.900000e-06	5.630744e-06	1.263473e-09	3.049212e+01	3.377350e+02
2.910000e-06	5.667249e-06	1.271335e-09	3.068981e+01	3.393505e+02
2.920000e-06	5.703439e-06	1.280093e-09	3.088579e+01	3.409432e+02
2.930000e-06	5.739337e-06	1.287513e-09	3.108019e+01	3.425129e+02
2.940000e-06	5.774874e-06	1.293081e-09	3.127263e+01	3.440595e+02
2.950000e-06	5.810103e-06	1.298199e-09	3.146340e+01	3.455831e+02
2.960000e-06	5.844958e-06	1.303746e-09	3.165215e+01	3.470835e+02
2.970000e-06	5.879133e-06	1.310084e-09	3.183722e+01	3.485608e+02
2.980000e-06	5.912729e-06	1.317138e-09	3.201915e+01	3.500148e+02
2.990000e-06	5.945837e-06	1.323203e-09	3.219844e+01	3.514457e+02
3.000000e-06	5.978384e-06	1.328585e-09	3.237469e+01	3.528533e+02
3.010000e-06	6.010482e-06	1.334877e-09	3.254852e+01	3.542377e+02
3.020000e-06	6.042226e-06	1.340621e-09	3.272042e+01	3.555989e+02
3.030000e-06	6.073496e-06	1.344228e-09	3.288975e+01	3.569370e+02
3.040000e-06	6.104402e-06	1.347013e-09	3.305712e+01	3.582520e+02
3.050000e-06	6.134977e-06	1.351805e-09	3.322269e+01	3.595440e+02
3.060000e-06	6.165123e-06	1.358786e-09	3.338594e+01	3.608130e+02
3.070000e-06	6.194852e-06	1.365746e-09	3.354693e+01	3.620591e+02
3.080000e-06	6.224165e-06	1.371639e-09	3.370567e+01	3.632824e+02
3.090000e-06	6.253116e-06	1.377135e-09	3.386245e+01	3.644829e+02
3.100000e-06	6.281665e-06	1.381466e-09	3.401705e+01	3.656606e+02
3.110000e-06	6.309902e-06	1.385033e-09	3.416996e+01	3.668157e+02
3.120000e-06	6.337807e-06	1.390730e-09	3.432107e+01	3.679482e+02
3.130000e-06	6.365343e-06	1.397339e-09	3.447019e+01	3.690582e+02
3.140000e-06	6.392435e-06	1.402664e-09	3.461690e+01	3.701457e+02
3.150000e-06	6.418822e-06	1.407350e-09	3.475979e+01	3.712108e+02
3.160000e-06	6.444452e-06	1.412800e-09	3.489859e+01	3.722535e+02
3.170000e-06	6.469402e-06	1.418847e-09	3.503370e+01	3.732740e+02
3.180000e-06	6.493803e-06	1.423155e-09	3.516584e+01	3.742723e+02
3.190000e-06	6.517851e-06	1.426288e-09	3.529606e+01	3.752486e+02
3.200000e-06	6.541551e-06	1.430164e-09	3.542441e+01	3.762029e+02
3.210000e-06	6.564707e-06	1.434707e-09	3.554981e+01	3.771353e+02
3.220000e-06	6.587397e-06	1.439023e-09	3.567268e+01	3.780461e+02
3.230000e-06	6.609780e-06	1.442873e-09	3.579389e+01	3.789352e+02
3.240000e-06	6.631736e-06	1.446317e-09	3.591279e+01	3.798030e+02
3.250000e-06	6.653119e-06	1.449842e-09	3.602858e+01	3.806495e+02
3.260000e-06	6.674017e-06	1.454304e-09	3.614175e+01	3.814750e+02
3.270000e-06	6.694521e-06	1.458702e-09	3.625278e+01	3.822797e+02
3.280000e-06	6.714651e-06	1.462251e-09	3.636180e+01	3.830638e+02
3.290000e-06	6.734473e-06	1.465743e-09	3.646914e+01	3.838275e+02
3.300000e-06	6.753824e-06	1.469411e-09	3.657393e+01	3.845711e+02
3.310000e-06	6.772553e-06	1.472549e-09	3.667535e+01	3.852947e+02
3.320000e-06	6.790764e-06	1.476005e-09	3.677397e+01	3.859987e+02
3.330000e-06	6.808575e-06	1.479949e-09	3.687042e+01	3.866831e+02
3.340000e-06	6.825830e-06	1.483349e-09	3.696386e+01	3.873484e+02
3.350000e-06	6.842610e-06	1.486410e-09	3.705473e+01	3.879946e+02
3.360000e-06	6.859000e-06	1.488684e-09	3.714349e+01	3.886219e+02
3.370000e-06	6.874812e-06	1.489887e-09	3.722911e+01	3.892305e+02
3.380000e-06	6.890005e-06	1.491433e-09	3.731139e+01	3.898205e+02
3.390000e-06	6.904620e-06	1.493804e-09	3.739053e+01	3.903921e+02
3.400000e-06	6.918844e-06	1.498461e-09	3.746756e+01	3.909453e+02
3.410000e-06	6.932619e-06	1.504971e-09	3.754216e+01	3.914802e+02
3.420000e-06	6.945758e-06	1.509006e-09	3.761331e+01	3.919967e+02
3.430000e-06	6.958362e-06	1.509412e-09	3.768156e+01	3.924950e+02
3.440000e-06	6.970499e-06	1.509197e-09	3.774728e+01	3.929749e+02
3.450000e-06	6.982127e-06	1.510757e-09	3.781026e+01	3.934364e+02
3.460000e-06	6.993195e-06	1.512600e-09	3.787019e+01	3.938795e+02
3.470000e-06	7.003631e-06	1.513380e-09	3.792671e+01	3.943040e+02
3.480000e-06	7.013227e-06	1.514808e-09	3.797867e+01	3.947099e+02
3.490000e-06	7.022054e-06	1.517802e-09	3.802647e+01	3.950970e+02
3.500000e-06	7.030509e-06	1.520871e-09	3.807226e+01	3.954654e+02
3.510000e-06	7.038532e-06	1.522861e-09	3.811570e+01	3.958148e+02
3.520000e-06	7.046053e-06	1.524031e-09	3.815643e+01	3.961453e+02
3.530000e-06	7.053184e-06	1.524313e-09	3.819505e+01	3.964568e+02
3.540000e-06	7.059828e-06	1.524322e-09	3.823103e+01	3.967493e+02
3.550000e-06	7.065966e-06	1.525045e-09	3.826427e+01	3.970229e+02
3.560000e-06	7.071615e-06	1.526377e-09	3.829486e+01	3.972776e+02
3.570000e-06	7.076755e-06	1.528796e-09	3.832269e+01	3.975136e+02
3.580000e-06	7.081427e-06	1.532108e-09	3.834799e+01	3.977312e+02
3.590000e-06	7.085633e-06	1.535069e-09	3.837077e+01	3.979305e+02
3.600000e-06	7.089475e-06	1.536399e-09	3.839158e+01	3.981119e+02
3.610000e-06	7.093008e-06	1.537190e-09	3.841071e+01	3.982757e+02
3.620000e-06	7.096133e-06	1.537958e-09	3.842763e+01	3.984224e+02
3.630000e-06	7.098710e-06	1.537309e-09	3.844159e+01	3.985526e+02
3.640000e-06	7.100606e-06	1.537057e-09	3.845186e+01	3.986666e+02
3.650000e-06	7.101725e-06	1.538313e-09	3.845791e+01	3.987652e+02
3.660000e-06	7.102110e-06	1.539639e-09	3.846000e+01	3.988489e+02
3.670000e-06	7.101993e-06	1.541399e-09	3.845936e+01	3.989184e+02
3.680000e-06	7.101421e-06	1.543201e-09	3.845627e+01	3.989744e+02
3.690000e-06	7.100405e-06	1.543658e-09	3.845076e+01	3.990175e+02
3.700000e-06	7.098990e-06	1.544092e-09	3.844310e+01	3.990484e+02
3.710000e-06	7.097181e-06	1.545304e-09	3.843330e+01	3.990679e+02
3.720000e-06	7.094915e-06	1.545243e-09	3.842103e+01	3.990764e+02
3.730000e-06	7.092112e-06	1.543247e-09	3.840586e+01	3.990746e+02
3.740000e-06	7.088839e-06	1.547735e-09	3.838813e+01	3.990631e+02
3.750000e-06	7.085099e-06	1.555624e-09	3.836788e+01	3.990423e+02
3.760000e-06	7.080736e-06	1.547421e-09	3.834425e+01	3.990125e+02
3.770000e-06	7.075617e-06	1.551368e-09	3.831653e+01	3.989741e+02
3.780000e-06	7.069709e-06	1.569182e-09	3.828454e+01	3.989274e+02
3.790000e-06	7.063311e-06	1.549588e-09	3.824989e+01	3.988723e+02
3.800000e-06	7.056674e-06	1.525090e-09	3.821395e+01	3.988090e+02
3.810000e-06	7.049665e-06	1.552482e-09	3.817599e+01	3.987373e+02
3.820000e-06	7.042187e-06	1.587623e-09	3.813550e+01	3.986571e+02
3.830000e-06	7.034199e-06	1.561856e-09	3.809224e+01	3.985680e+02
3.840000e-06	7.025667e-06	1.519055e-09	3.804604e+01	3.984696e+02
3.850000e-06	7.016835e-06	1.557600e-09	3.799821e+01	3.983614e+02
3.860000e-06	7.007541e-06	1.607153e-09	3.794788e+01	3.982429e+02
3.870000e-06	6.997632e-06	1.552544e-09	3.789422e+01	3.981133e+02
3.880000e-06	6.987276e-06	1.496270e-09	3.783814e+01	3.979721e+02
3.890000e-06	6.976454e-06	1.565331e-09	3.777953e+01	3.978183e+02
3.900000e-06	6.965119e-06	1.621823e-09	3.771815e+01	3.976512e+02
3.910000e-06	6.953205e-06	1.542386e-09	3.765363e+01	3.974700e+02
3.920000e-06	6.940597e-06	1.499348e-09	3.758536e+01	3.972738e+02
3.930000e-06	6.927351e-06	1.587259e-09	3.751363e+01	3.970618e+02
3.940000e-06	6.913420e-06	1.605085e-09	3.743819e+01	3.968334e+02
3.950000e-06	6.898692e-06	1.506366e-09	3.735843e+01	3.965876e+02
3.960000e-06	6.883430e-06	1.516655e-09	3.727578e+01	3.963239e+02
3.970000e-06	6.867707e-06	1.610853e-09	3.719064e+01	3.960417e+02
3.980000e-06	6.851546e-06	1.570416e-09	3.710312e+01	3.957405e+02
3.990000e-06	6.834986e-06	1.493597e-09	3.701344e+01	3.954199e+02
4.000000e-06	6.817935e-06	1.559497e-09	3.692111e+01	3.950796e+02
4.010000e-06	6.800361e-06	1.601142e-09	3.682594e+01	3.947194e+02
4.020000e-06	6.782320e-06	1.513632e-09	3.672824e+01	3.943393e+02
4.030000e-06	6.763760e-06	1.513475e-09	3.662773e+01	3.939394e+02
4.040000e-06	6.744712e-06	1.602756e-09	3.652459e+01	3.935200e+02
4.050000e-06	6.725260e-06	1.563655e-09	3.641925e+01	3.930812e+02
4.060000e-06	6.705452e-06	1.495495e-09	3.631198e+01	3.926237e+02
4.070000e-06	6.685316e-06	1.560188e-09	3.620294e+01	3.921478e+02
4.080000e-06	6.664886e-06	1.589076e-09	3.609230e+01	3.916544e+02
4.090000e-06	6.643918e-06	1.512838e-09	3.597876e+01	3.911442e+02
4.100000e-06	6.622088e-06	1.525638e-09	3.586054e+01	3.906179e+02
4.110000e-06	6.599486e-06	1.586877e-09	3.573814e+01	3.900765e+02
4.120000e-06	6.576357e-06	1.542253e-09	3.561289e+01	3.895209e+02
4.130000e-06	6.552773e-06	1.511375e-09	3.548518e+01	3.889520e+02
4.140000e-06	6.528714e-06	1.560546e-09	3.535489e+01	3.883707e+02
4.150000e-06	6.504280e-06	1.548503e-09	3.522257e+01	3.877781e+02
4.160000e-06	6.479599e-06	1.506999e-09	3.508892e+01	3.871750e+02
4.170000e-06	6.454518e-06	1.539106e-09	3.495310e+01	3.865623e+02
4.180000e-06	6.428852e-06	1.553761e-09	3.481411e+01	3.859407e+02
4.190000e-06	6.402661e-06	1.519561e-09	3.467228e+01	3.853110e+02
4.200000e-06	6.375987e-06	1.527312e-09	3.452783e+01	3.846737e+02
4.210000e-06	6.348847e-06	1.542420e-09	3.438086e+01	3.840295e+02
4.220000e-06	6.321278e-06	1.520512e-09	3.423157e+01	3.833786e+02
4.230000e-06	6.293434e-06	1.519936e-09	3.408078e+01	3.827213e+02
4.240000e-06	6.265355e-06	1.530637e-09	3.392873e+01	3.820578e+02
4.250000e-06	6.236820e-06	1.516908e-09	3.377420e+01	3.813879e+02
4.260000e-06	6.207764e-06	1.515739e-09	3.361685e+01	3.807117e+02
4.270000e-06	6.178081e-06	1.523550e-09	3.345611e+01	3.800287e+02
4.280000e-06	6.147721e-06	1.515128e-09	3.329170e+01	3.793386e+02
4.290000e-06	6.116688e-06	1.516776e-09	3.312365e+01	3.786408e+02
4.300000e-06	6.085066e-06	1.521008e-09	3.295241e+01	3.779346e+02
4.310000e-06	6.053083e-06	1.511312e-09	3.277921e+01	3.772192e+02
4.320000e-06	6.020713e-06	1.513615e-09	3.260392e+01	3.764938e+02
4.330000e-06	5.988034e-06	1.516642e-09	3.242695e+01	3.757573e+02
4.340000e-06	5.955084e-06	1.503464e-09	3.224852e+01	3.750087e+02
4.350000e-06	5.921769e-06	1.504030e-09	3.206811e+01	3.742470e+02
4.360000e-06	5.888023e-06	1.510383e-09	3.188536e+01	3.734709e+02
4.370000e-06	5.853900e-06	1.500659e-09	3.170058e+01	3.726793e+02
4.380000e-06	5.819363e-06	1.499637e-09	3.151355e+01	3.718709e+02
4.390000e-06	5.784344e-06	1.505970e-09	3.132391e+01	3.710446e+02
4.400000e-06	5.748954e-06	1.496727e-09	3.113226e+01	3.701992e+02
4.410000e-06	5.713224e-06	1.491659e-09	3.093877e+01	3.693336e+02
4.420000e-06	5.677201e-06	1.496657e-09	3.074370e+01	3.684465e+02
4.430000e-06	5.640994e-06	1.490840e-09	3.054763e+01	3.675370e+02
4.440000e-06	5.604466e-06	1.483599e-09	3.034982e+01	3.666040e+02
4.450000e-06	5.567287e-06	1.486079e-09	3.014849e+01	3.656466e+02
4.460000e-06	5.529475e-06	1.485640e-09	2.994372e+01	3.646639e+02
4.470000e-06	5.491060e-06	1.480686e-09	2.973569e+01	3.636552e+02
4.480000e-06	5.452018e-06	1.477578e-09	2.952427e+01	3.626198e+02
4.490000e-06	5.412486e-06	1.473839e-09	2.931019e+01	3.615570e+02
4.500000e-06	5.372595e-06	1.470170e-09	2.909417e+01	3.604663e+02
4.510000e-06	5.332375e-06	1.468471e-09	2.887637e+01	3.593473e+02
4.520000e-06	5.291759e-06	1.465678e-09	2.865642e+01	3.581996e+02
4.530000e-06	5.250872e-06	1.460808e-09	2.843501e+01	3.570229e+02
4.540000e-06	5.209751e-06	1.455967e-09	2.821232e+01	3.558171e+02
4.550000e-06	5.168333e-06	1.451951e-09	2.798803e+01	3.545820e+02
4.560000e-06	5.126629e-06	1.448777e-09	2.776219e+01	3.533175e+02
4.570000e-06	5.084469e-06	1.444735e-09	2.753389e+01	3.520236e+02
4.580000e-06	5.041866e-06	1.439543e-09	2.730318e+01	3.507004e+02
4.590000e-06	4.998880e-06	1.435713e-09	2.707040e+01	3.493480e+02
4.600000e-06	4.955462e-06	1.432684e-09	2.683527e+01	3.479665e+02
4.610000e-06	4.911739e-06	1.428195e-09	2.659850e+01	3.465560e+02
4.620000e-06	4.867820e-06	1.422794e-09	2.636066e+01	3.451168e+02
4.630000e-06	4.823698e-06	1.416619e-09	2.612173e+01	3.436491e+02
4.640000e-06	4.779352e-06	1.410136e-09	2.588158e+01	3.421531e+02
4.650000e-06	4.734728e-06	1.404444e-09	2.563993e+01	3.406291e+02
4.660000e-06	4.689780e-06	1.399861e-09	2.539653e+01	3.390774e+02
4.670000e-06	4.644389e-06	1.394357e-09	2.515072e+01	3.374982e+02
4.680000e-06	4.598564e-06	1.387103e-09	2.490257e+01	3.358918e+02
4.690000e-06	4.552431e-06	1.379540e-09	2.465274e+01	3.342584e+02
4.700000e-06	4.505905e-06	1.373432e-09	2.440079e+01	3.325984e+02
4.710000e-06	4.459144e-06	1.368585e-09	2.414757e+01	3.309121e+02
4.720000e-06	4.412214e-06	1.362990e-09	2.389343e+01	3.291997e+02
4.730000e-06	4.365019e-06	1.355169e-09	2.363785e+01	3.274614e+02
4.740000e-06	4.317427e-06	1.347159e-09	2.338013e+01	3.256977e+02
4.750000e-06	4.269551e-06	1.341394e-09	2.312086e+01	3.239086e+02
4.760000e-06	4.221223e-06	1.335363e-09	2.285916e+01	3.220944e+02
4.770000e-06	4.172299e-06	1.327508e-09	2.259422e+01	3.202555e+02
4.780000e-06	4.123145e-06	1.319208e-09	2.232803e+01	3.183919e+02
4.790000e-06	4.073766e-06	1.311851e-09	2.206063e+01	3.165040e+02
4.800000e-06	4.024062e-06	1.304707e-09	2.179147e+01	3.145919e+02
4.810000e-06	3.974003e-06	1.296282e-09	2.152039e+01	3.126559e+02
4.820000e-06	3.923699e-06	1.286754e-09	2.124798e+01	3.106959e+02
4.830000e-06	3.873042e-06	1.277300e-09	2.097365e+01	3.087123e+02
4.840000e-06	3.822085e-06	1.268435e-09	2.069771e+01	3.067051e+02
4.850000e-06	3.770868e-06	1.260093e-09	2.042035e+01	3.046743e+02
4.860000e-06	3.719240e-06	1.251640e-09	2.014077e+01	3.026201e+02
4.870000e-06	3.667400e-06	1.243323e-09	1.986004e+01	3.005424e+02
4.880000e-06	3.615434e-06	1.235405e-09	1.957863e+01	2.984413e+02
4.890000e-06	3.563288e-06	1.226601e-09	1.929625e+01	2.963166e+02
4.900000e-06	3.510893e-06	1.217020e-09	1.901251e+01	2.941682e+02
4.910000e-06	3.458044e-06	1.208311e-09	1.872632e+01	2.919961e+02
4.920000e-06	3.404671e-06	1.200507e-09	1.843729e+01	2.897999e+02
4.930000e-06	3.350892e-06	1.192801e-09	1.814606e+01	2.875795e+02
4.940000e-06	3.296650e-06	1.185288e-09	1.785232e+01	2.853345e+02
4.950000e-06	3.241900e-06	1.177095e-09	1.755584e+01	2.830646e+02
4.960000e-06	3.186836e-06	1.167355e-09	1.725765e+01	2.807694e+02
4.970000e-06	3.131644e-06	1.156819e-09	1.695877e+01	2.784484e+02
4.980000e-06	3.076283e-06	1.146977e-09	1.665897e+01	2.761012e+02
4.990000e-06	3.020646e-06	1.138311e-09	1.635768e+01	2.737272e+02
5.000000e-06	2.964810e-06	1.129454e-09	1.605531e+01	2.713259e+02
5.010000e-06	2.908903e-06	1.119783e-09	1.575256e+01	2.688965e+02
5.020000e-06	2.852892e-06	1.109434e-09	1.544925e+01	2.664385e+02
5.030000e-06	2.796737e-06	1.098223e-09	1.514515e+01	2.639512e+02
5.040000e-06	2.740374e-06	1.086469e-09	1.483992e+01	2.614338e+02
5.050000e-06	2.683759e-06	1.075196e-09	1.453334e+01	2.588856e+02
5.060000e-06	2.627068e-06	1.064758e-09	1.422634e+01	2.563057e+02
5.070000e-06	2.570195e-06	1.054947e-09	1.391836e+01	2.536935e+02
5.080000e-06	2.513139e-06	1.045681e-09	1.360938e+01	2.510479e+02
5.090000e-06	2.455963e-06	1.036700e-09	1.329976e+01	2.483683e+02
5.100000e-06	2.398519e-06	1.026819e-09	1.298868e+01	2.456536e+02
5.110000e-06	2.340865e-06	1.014857e-09	1.267647e+01	2.429030e+02
5.120000e-06	2.283117e-06	1.002618e-09	1.236374e+01	2.401155e+02
5.130000e-06	2.225294e-06	9.911076e-10	1.205061e+01	2.372902e+02
5.140000e-06	2.167296e-06	9.792026e-10	1.173654e+01	2.344260e+02
5.150000e-06	2.109028e-06	9.674212e-10	1.142100e+01	2.315219e+02
5.160000e-06	2.050600e-06	9.557558e-10	1.110460e+01	2.285769e+02
5.170000e-06	1.992083e-06	9.444632e-10	1.078771e+01	2.255897e+02
5.180000e-06	1.933402e-06	9.322901e-10	1.046994e+01	2.225592e+02
5.190000e-06	1.874621e-06	9.181679e-10	1.015162e+01	2.194842e+02
5.200000e-06	1.815663e-06	9.050932e-10	9.832344e+00	2.163633e+02
5.210000e-06	1.756518e-06	8.931012e-10	9.512060e+00	2.131951e+02
5.220000e-06	1.697216e-06	8.789448e-10	9.190918e+00	2.099782e+02
5.230000e-06	1.637800e-06	8.630161e-10	8.869165e+00	2.067110e+02
5.240000e-06	1.578337e-06	8.481894e-10	8.547156e+00	2.033919e+02
5.250000e-06	1.518780e-06	8.358540e-10	8.224636e+00	2.000193e+02
5.260000e-06	1.459169e-06	8.256556e-10	7.901826e+00	1.965912e+02
5.270000e-06	1.399503e-06	8.140138e-10	7.578716e+00	1.931059e+02
5.280000e-06	1.339712e-06	7.981600e-10	7.254930e+00	1.895615e+02
5.290000e-06	1.279819e-06	7.798440e-10	6.930595e+00	1.859558e+02
5.300000e-06	1.219901e-06	7.618523e-10	6.606117e+00	1.822870e+02
5.310000e-06	1.159912e-06	7.444085e-10	6.281260e+00	1.785527e+02
5.320000e-06	1.099912e-06	7.264853e-10	5.956344e+00	1.747510e+02
5.330000e-06	1.039883e-06	7.087215e-10	5.631270e+00	1.708797e+02
5.340000e-06	9.797609e-07	6.928540e-10	5.305691e+00	1.669366e+02
5.350000e-06	9.196084e-07	6.783636e-10	4.979948e+00	1.629197e+02
5.360000e-06	8.595059e-07	6.633580e-10	4.654475e+00	1.588270e+02
5.370000e-06	7.994228e-07	6.462570e-10	4.329108e+00	1.546564e+02
5.380000e-06	7.392719e-07	6.268278e-10	4.003373e+00	1.504062e+02
5.390000e-06	6.790086e-07	6.068938e-10	3.677030e+00	1.460747e+02
5.400000e-06	6.186868e-07	5.873550e-10	3.350370e+00	1.416603e+02
5.410000e-06	5.583860e-07	5.683097e-10	3.023823e+00	1.371619e+02
5.420000e-06	4.980592e-07	5.492466e-10	2.697136e+00	1.325782e+02
5.430000e-06	4.377086e-07	5.293690e-10	2.370320e+00	1.279087e+02
5.440000e-06	3.772292e-07	5.102414e-10	2.042806e+00	1.231528e+02
5.450000e-06	3.166897e-07	4.932520e-10	1.714967e+00	1.183103e+02
5.460000e-06	2.561703e-07	4.746498e-10	1.387237e+00	1.133815e+02
5.470000e-06	1.956233e-07	4.518928e-10	1.059357e+00	1.083670e+02
5.480000e-06	1.351311e-07	4.277624e-10	7.317742e-01	1.032677e+02
5.490000e-06	7.462715e-08	4.045470e-10	4.041278e-01	9.808519e+01
5.500000e-06	1.409009e-08	3.821983e-10	7.630196e-02	9.282115e+01
5.510000e-06	-4.641097e-08	3.607181e-10	-2.513289e-01	8.747789e+01
5.520000e-06	-1.068608e-07	3.398305e-10	-5.786827e-01	8.205810e+01
5.530000e-06	-1.672859e-07	3.185341e-10	-9.059021e-01	7.656490e+01
5.540000e-06	-2.276764e-07	2.965431e-10	-1.232934e+00	7.100182e+01
5.550000e-06	-2.880226e-07	2.734433e-10	-1.559726e+00	6.537280e+01
5.560000e-06	-3.483601e-07	2.486826e-10	-1.886472e+00	5.968216e+01
5.570000e-06	-4.087088e-07	2.238930e-10	-2.213277e+00	5.393457e+01
5.580000e-06	-4.690668e-07	2.001371e-10	-2.540134e+00	4.813503e+01
5.590000e-06	-5.293580e-07	1.769086e-10	-2.866628e+00	4.228882e+01
5.600000e-06	-5.895574e-07	1.540955e-10	-3.192626e+00	3.640150e+01
5.610000e-06	-6.497121e-07	1.300646e-10	-3.518381e+00	3.047882e+01
5.620000e-06	-7.098837e-07	1.048379e-10	-3.844228e+00	2.452667e+01
5.630000e-06	-7.700078e-07	7.997202e-11	-4.169817e+00	1.855111e+01
5.640000e-06	-8.300971e-07	5.616053e-11	-4.495218e+00	1.255822e+01
5.650000e-06	-8.901961e-07	3.303448e-11	-4.820672e+00	6.554113e+00
5.660000e-06	-9.502326e-07	9.576059e-12	-5.145787e+00	5.448783e-01
5.670000e-06	-1.010233e-06	-1.411326e-11	-5.470709e+00	-5.463490e+00
5.680000e-06	-1.070224e-06	-3.914554e-11	-5.795577e+00	-1.146513e+01
5.690000e-06	-1.130220e-06	-6.511041e-11	-6.120472e+00	-1.745434e+01
5.700000e-06	-1.190144e-06	-9.005586e-11	-6.444978e+00	-2.342565e+01
5.710000e-06	-1.250020e-06	-1.139410e-10	-6.769224e+00	-2.937387e+01
5.720000e-06	-1.309893e-06	-1.372410e-10	-7.093454e+00	-3.529405e+01
5.730000e-06	-1.369696e-06	-1.600878e-10	-7.417302e+00	-4.118162e+01
5.740000e-06	-1.429349e-06	-1.830907e-10	-7.740344e+00	-4.703232e+01
5.750000e-06	-1.488877e-06	-2.070650e-10	-8.062703e+00	-5.284228e+01
5.760000e-06	-1.548330e-06	-2.321985e-10	-8.384658e+00	-5.860801e+01
5.770000e-06	-1.607655e-06	-2.573736e-10	-8.705921e+00	-6.432639e+01
5.780000e-06	-1.666818e-06	-2.812604e-10	-9.026304e+00	-6.999472e+01
5.790000e-06	-1.725915e-06	-3.035941e-10	-9.346334e+00	-7.561068e+01
5.800000e-06	-1.784923e-06	-3.256417e-10	-9.665877e+00	-8.117232e+01
5.810000e-06	-1.843768e-06	-3.488831e-10	-9.984540e+00	-8.667806e+01
5.820000e-06	-1.902557e-06	-3.723323e-10	-1.030290e+01	-9.212667e+01
5.830000e-06	-1.961205e-06	-3.947916e-10	-1.062050e+01	-9.751723e+01
5.840000e-06	-2.019650e-06	-4.163585e-10	-1.093700e+01	-1.028491e+02
5.850000e-06	-2.077993e-06	-4.372202e-10	-1.125294e+01	-1.081220e+02
5.860000e-06	-2.136241e-06	-4.579557e-10	-1.156837e+01	-1.133357e+02
5.870000e-06	-2.194359e-06	-4.787353e-10	-1.188309e+01	-1.184902e+02
5.880000e-06	-2.252157e-06	-4.997248e-10	-1.219609e+01	-1.235859e+02
5.890000e-06	-2.309676e-06	-5.215002e-10	-1.250757e+01	-1.286230e+02
5.900000e-06	-2.367058e-06	-5.431552e-10	-1.281831e+01	-1.336019e+02
5.910000e-06	-2.424209e-06	-5.640457e-10	-1.312780e+01	-1.385231e+02
5.920000e-06	-2.481207e-06	-5.845288e-10	-1.343646e+01	-1.433869e+02
5.930000e-06	-2.538037e-06	-6.045431e-10	-1.374421e+01	-1.481940e+02
5.940000e-06	-2.594706e-06	-6.244058e-10	-1.405109e+01	-1.529445e+02
5.950000e-06	-2.651328e-06	-6.447397e-10	-1.435771e+01	-1.576389e+02
5.960000e-06	-2.707684e-06	-6.655819e-10	-1.466290e+01	-1.622773e+02
5.970000e-06	-2.763791e-06	-6.863551e-10	-1.496673e+01	-1.668598e+02
5.980000e-06	-2.819839e-06	-7.065802e-10	-1.527025e+01	-1.713864e+02
5.990000e-06	-2.875828e-06	-7.257343e-10	-1.557345e+01	-1.758568e+02
6.000000e-06	-2.931656e-06	-7.436766e-10	-1.587577e+01	-1.802708e+02
6.010000e-06	-2.987366e-06	-7.614164e-10	-1.617746e+01	-1.846278e+02
6.020000e-06	-3.043031e-06	-7.789412e-10	-1.647890e+01	-1.889273e+02
6.030000e-06	-3.098440e-06	-7.952147e-10	-1.677896e+01	-1.931686e+02
6.040000e-06	-3.153383e-06	-8.113825e-10	-1.707649e+01	-1.973508e+02
6.050000e-06	-3.207891e-06	-8.284217e-10	-1.737167e+01	-2.014731e+02
6.060000e-06	-3.262080e-06	-8.459928e-10	-1.766511e+01	-2.055343e+02
6.070000e-06	-3.315996e-06	-8.631628e-10	-1.795709e+01	-2.095334e+02
6.080000e-06	-3.369577e-06	-8.788912e-10	-1.824724e+01	-2.134695e+02
6.090000e-06	-3.422694e-06	-8.947630e-10	-1.853489e+01	-2.173413e+02
6.100000e-06	-3.475493e-06	-9.115707e-10	-1.882081e+01	-2.211480e+02
6.110000e-06	-3.528046e-06	-9.274543e-10	-1.910540e+01	-2.248884e+02
6.120000e-06	-3.580351e-06	-9.419930e-10	-1.938865e+01	-2.285617e+02
6.130000e-06	-3.632403e-06	-9.563093e-10	-1.967052e+01	-2.321671e+02
6.140000e-06	-3.684154e-06	-9.709635e-10	-1.995077e+01	-2.357039e+02
6.150000e-06	-3.735590e-06	-9.860450e-10	-2.022931e+01	-2.391715e+02
6.160000e-06	-3.786705e-06	-1.001297e-09	-2.050611e+01	-2.425698e+02
6.170000e-06	-3.837552e-06	-1.015900e-09	-2.078147e+01	-2.458984e+02
6.180000e-06	-3.888212e-06	-1.028703e-09	-2.105580e+01	-2.491574e+02
6.190000e-06	-3.938563e-06	-1.041254e-09	-2.132847e+01	-2.523471e+02
6.200000e-06	-3.988378e-06	-1.055025e-09	-2.159823e+01	-2.554679e+02
6.210000e-06	-4.037870e-06	-1.068203e-09	-2.186624e+01	-2.585205e+02
6.220000e-06	-4.087076e-06	-1.079613e-09	-2.213271e+01	-2.615057e+02
6.230000e-06	-4.135873e-06	-1.090374e-09	-2.239696e+01	-2.644247e+02
6.240000e-06	-4.184375e-06	-1.101124e-09	-2.265961e+01	-2.672786e+02
6.250000e-06	-4.232309e-06	-1.111284e-09	-2.291919e+01	-2.700691e+02
6.260000e-06	-4.279662e-06	-1.121805e-09	-2.317562e+01	-2.727976e+02
6.270000e-06	-4.326794e-06	-1.132657e-09	-2.343085e+01	-2.754660e+02
6.280000e-06	-4.373700e-06	-1.143884e-09	-2.368486e+01	-2.780761e+02
6.290000e-06	-4.420438e-06	-1.156010e-09	-2.393796e+01	-2.806301e+02
6.300000e-06	-4.467058e-06	-1.167234e-09	-2.419043e+01	-2.831299e+02
6.310000e-06	-4.513327e-06	-1.176800e-09	-2.444098e+01	-2.855778e+02
6.320000e-06	-4.559168e-06	-1.185136e-09	-2.468922e+01	-2.879759e+02
6.330000e-06	-4.604750e-06	-1.192597e-09	-2.493607e+01	-2.903264e+02
6.340000e-06	-4.650054e-06	-1.200929e-09	-2.518140e+01	-2.926316e+02
6.350000e-06	-4.694905e-06	-1.211149e-09	-2.542428e+01	-2.948935e+02
6.360000e-06	-4.739435e-06	-1.220706e-09	-2.566542e+01	-2.971144e+02
6.370000e-06	-4.783720e-06	-1.228631e-09	-2.590524e+01	-2.992962e+02
6.380000e-06	-4.827794e-06	-1.237102e-09	-2.614391e+01	-3.014409e+02
6.390000e-06	-4.871729e-06	-1.246820e-09	-2.638183e+01	-3.035503e+02
6.400000e-06	-4.915408e-06	-1.256019e-09	-2.661837e+01	-3.056262e+02
6.410000e-06	-4.958687e-06	-1.263760e-09	-2.685274e+01	-3.076701e+02
6.420000e-06	-5.001602e-06	-1.270829e-09	-2.708514e+01	-3.096836e+02
6.430000e-06	-5.044239e-06	-1.278929e-09	-2.731603e+01	-3.116679e+02
6.440000e-06	-5.086433e-06	-1.288574e-09	-2.754452e+01	-3.136242e+02
6.450000e-06	-5.128259e-06	-1.297620e-09	-2.777102e+01	-3.155537e+02
6.460000e-06	-5.169870e-06	-1.304595e-09	-2.799635e+01	-3.174571e+02
6.470000e-06	-5.211016e-06	-1.309664e-09	-2.821917e+01	-3.193354e+02
6.480000e-06	-5.251824e-06	-1.315953e-09	-2.844016e+01	-3.211890e+02
6.490000e-06	-5.292432e-06	-1.324446e-09	-2.866007e+01	-3.230186e+02
6.500000e-06	-5.332700e-06	-1.332125e-09	-2.887813e+01	-3.248246e+02
6.510000e-06	-5.372751e-06	-1.338577e-09	-2.909501e+01	-3.266074e+02
6.520000e-06	-5.412490e-06	-1.344792e-09	-2.931021e+01	-3.283671e+02
6.530000e-06	-5.451855e-06	-1.350891e-09	-2.952339e+01	-3.301039e+02
6.540000e-06	-5.490652e-06	-1.357678e-09	-2.973348e+01	-3.318179e+02
6.550000e-06	-5.528711e-06	-1.364649e-09	-2.993958e+01	-3.335093e+02
6.560000e-06	-5.566224e-06	-1.369581e-09	-3.014273e+01	-3.351779e+02
6.570000e-06	-5.603179e-06	-1.374088e-09	-3.034285e+01	-3.368238e+02
6.580000e-06	-5.639726e-06	-1.380651e-09	-3.054076e+01	-3.384468e+02
6.590000e-06	-5.675961e-06	-1.387897e-09	-3.073698e+01	-3.400470e+02
6.600000e-06	-5.711846e-06	-1.393786e-09	-3.093131e+01	-3.416243e+02
6.610000e-06	-5.747387e-06	-1.398671e-09	-3.112378e+01	-3.431786e+02
6.620000e-06	-5.782634e-06	-1.404336e-09	-3.131465e+01	-3.447098e+02
6.630000e-06	-5.817506e-06	-1.411535e-09	-3.150349e+01	-3.462179e+02
6.640000e-06	-5.851949e-06	-1.419088e-09	-3.169001e+01	-3.477028e+02
6.650000e-06	-5.885920e-06	-1.424562e-09	-3.187397e+01	-3.491646e+02
6.660000e-06	-5.919437e-06	-1.428433e-09	-3.205548e+01	-3.506031e+02
6.670000e-06	-5.952532e-06	-1.433471e-09	-3.223470e+01	-3.520184e+02
6.680000e-06	-5.985170e-06	-1.440365e-09	-3.241144e+01	-3.534105e+02
6.690000e-06	-6.017516e-06	-1.446033e-09	-3.258660e+01	-3.547794e+02
6.700000e-06	-6.049634e-06	-1.449626e-09	-3.276053e+01	-3.561251e+02
6.710000e-06	-6.081226e-06	-1.453821e-09	-3.293161e+01	-3.574478e+02
6.720000e-06	-6.112287e-06	-1.459563e-09	-3.309982e+01	-3.587474e+02
6.730000e-06	-6.142952e-06	-1.466150e-09	-3.326588e+01	-3.600240e+02
6.740000e-06	-6.173024e-06	-1.471936e-09	-3.342873e+01	-3.612777e+02
6.750000e-06	-6.202407e-06	-1.476415e-09	-3.358785e+01	-3.625085e+02
6.760000e-06	-6.231151e-06	-1.479992e-09	-3.374350e+01	-3.637165e+02
6.770000e-06	-6.259475e-06	-1.484250e-09	-3.389689e+01	-3.649017e+02
6.780000e-06	-6.287494e-06	-1.489268e-09	-3.404862e+01	-3.660643e+02
6.790000e-06	-6.315110e-06	-1.492831e-09	-3.419816e+01	-3.672043e+02
6.800000e-06	-6.342280e-06	-1.495592e-09	-3.434530e+01	-3.683217e+02
6.810000e-06	-6.369054e-06	-1.499767e-09	-3.449029e+01	-3.694166e+02
6.820000e-06	-6.395545e-06	-1.506066e-09	-3.463375e+01	-3.704891e+02
6.830000e-06	-6.421603e-06	-1.511814e-09	-3.477486e+01	-3.715392e+02
6.840000e-06	-6.446995e-06	-1.514998e-09	-3.491236e+01	-3.725671e+02
6.850000e-06	-6.471848e-06	-1.517688e-09	-3.504695e+01	-3.735727e+02
6.860000e-06	-6.496352e-06	-1.520163e-09	-3.517964e+01	-3.745563e+02
6.870000e-06	-6.520593e-06	-1.522829e-09	-3.531092e+01	-3.755178e+02
6.880000e-06	-6.544487e-06	-1.526772e-09	-3.544031e+01	-3.764575e+02
6.890000e-06	-6.567998e-06	-1.529289e-09	-3.556763e+01	-3.773754e+02
6.900000e-06	-6.590914e-06	-1.530421e-09	-3.569172e+01	-3.782717e+02
6.910000e-06	-6.613134e-06	-1.533660e-09	-3.581205e+01	-3.791465e+02
6.920000e-06	-6.634708e-06	-1.538153e-09	-3.592888e+01	-3.800000e+02
6.930000e-06	-6.655565e-06	-1.541640e-09	-3.604183e+01	-3.808325e+02
6.940000e-06	-6.675938e-06	-1.544072e-09	-3.615215e+01	-3.816440e+02
6.950000e-06	-6.695980e-06	-1.545860e-09	-3.626069e+01	-3.824349e+02
6.960000e-06	-6.715651e-06	-1.548840e-09	-3.636721e+01	-3.832053e+02
6.970000e-06	-6.734952e-06	-1.553178e-09	-3.647173e+01	-3.839555e+02
6.980000e-06	-6.753867e-06	-1.556036e-09	-3.657416e+01	-3.846857e+02
6.990000e-06	-6.772317e-06	-1.556517e-09	-3.667407e+01	-3.853961e+02
7.000000e-06	-6.790260e-06	-1.557261e-09	-3.677124e+01	-3.860870e+02
7.010000e-06	-6.807720e-06	-1.559760e-09	-3.686579e+01	-3.867586e+02
7.020000e-06	-6.824689e-06	-1.562484e-09	-3.695768e+01	-3.874110e+02
7.030000e-06	-6.841299e-06	-1.563589e-09	-3.704763e+01	-3.880446e+02
7.040000e-06	-6.857578e-06	-1.564530e-09	-3.713578e+01	-3.886593e+02
7.050000e-06	-6.873440e-06	-1.567178e-09	-3.722169e+01	-3.892555e+02
7.060000e-06	-6.888690e-06	-1.570525e-09	-3.730427e+01	-3.898332e+02
7.070000e-06	-6.903363e-06	-1.573559e-09	-3.738373e+01	-3.903924e+02
7.080000e-06	-6.917385e-06	-1.575100e-09	-3.745966e+01	-3.909333e+02
7.090000e-06	-6.930503e-06	-1.575894e-09	-3.753069e+01	-3.914559e+02
7.100000e-06	-6.942981e-06	-1.578531e-09	-3.759827e+01	-3.919602e+02
7.110000e-06	-6.955035e-06	-1.581476e-09	-3.766355e+01	-3.924462e+02
7.120000e-06	-6.966599e-06	-1.583380e-09	-3.772617e+01	-3.929138e+02
7.130000e-06	-6.977643e-06	-1.585710e-09	-3.778597e+01	-3.933630e+02
7.140000e-06	-6.988144e-06	-1.587154e-09	-3.784284e+01	-3.937936e+02
7.150000e-06	-6.998141e-06	-1.588316e-09	-3.789698e+01	-3.942057e+02
7.160000e-06	-7.007673e-06	-1.589809e-09	-3.794859e+01	-3.945990e+02
7.170000e-06	-7.016740e-06	-1.590301e-09	-3.799770e+01	-3.949736e+02
7.180000e-06	-7.025360e-06	-1.590091e-09	-3.804437e+01	-3.953293e+02
7.190000e-06	-7.033572e-06	-1.589269e-09	-3.808885e+01	-3.956660e+02
7.200000e-06	-7.041458e-06	-1.588465e-09	-3.813155e+01	-3.959838e+02
7.210000e-06	-7.048931e-06	-1.587839e-09	-3.817202e+01	-3.962826e+02
7.220000e-06	-7.055737e-06	-1.586820e-09	-3.820888e+01	-3.965624e+02
7.230000e-06	-7.061805e-06	-1.586471e-09	-3.824174e+01	-3.968233e+02
7.240000e-06	-7.067255e-06	-1.587441e-09	-3.827125e+01	-3.970655e+02
7.250000e-06	-7.072075e-06	-1.589030e-09	-3.829735e+01	-3.972892e+02
7.260000e-06	-7.076383e-06	-1.590495e-09	-3.832068e+01	-3.974945e+02
7.270000e-06	-7.080389e-06	-1.591753e-09	-3.834237e+01	-3.976817e+02
7.280000e-06	-7.084023e-06	-1.592439e-09	-3.836205e+01	-3.978513e+02
7.290000e-06	-7.087196e-06	-1.592393e-09	-3.837924e+01	-3.980036e+02
7.300000e-06	-7.089854e-06	-1.592072e-09	-3.839363e+01	-3.981392e+02
7.310000e-06	-7.092023e-06	-1.591688e-09	-3.840537e+01	-3.982584e+02
7.320000e-06	-7.093697e-06	-1.591260e-09	-3.841444e+01	-3.983620e+02
7.330000e-06	-7.094747e-06	-1.591026e-09	-3.842012e+01	-3.984506e+02
7.340000e-06	-7.095361e-06	-1.590765e-09	-3.842345e+01	-3.985247e+02
