# Temperatura_=_17.5
# Concentracion g/m^3_=_7400.0
# C_Vs_to_Am_M_A/Vsm_=_254322799225.57578
# pendiente_HvsI_1/m_=_3716.3
# ordenada_HvsI_A/m_=_1297.0
# frecuencia_Hz_=_136114.11495617073

Tiempo_(s)	Campo_(V.s)	Magnetizacion_(V.s)	Campo_(kA/m)	Magnetizacion_(A/m)
0.000000e+00	-7.090794e-06	-1.819991e-09	-3.843742e+01	-4.545848e+02
1.000000e-08	-7.090772e-06	-1.818043e-09	-3.843731e+01	-4.547440e+02
2.000000e-08	-7.090293e-06	-1.816311e-09	-3.843471e+01	-4.548839e+02
3.000000e-08	-7.089297e-06	-1.815327e-09	-3.842931e+01	-4.550044e+02
4.000000e-08	-7.087692e-06	-1.814802e-09	-3.842061e+01	-4.551052e+02
5.000000e-08	-7.085333e-06	-1.815102e-09	-3.840782e+01	-4.551862e+02
6.000000e-08	-7.082379e-06	-1.814154e-09	-3.839181e+01	-4.552473e+02
7.000000e-08	-7.078857e-06	-1.809960e-09	-3.837272e+01	-4.552887e+02
8.000000e-08	-7.074674e-06	-1.812137e-09	-3.835004e+01	-4.553102e+02
9.000000e-08	-7.069918e-06	-1.823200e-09	-3.832426e+01	-4.553119e+02
1.000000e-07	-7.064636e-06	-1.814201e-09	-3.829563e+01	-4.552940e+02
1.100000e-07	-7.058851e-06	-1.785194e-09	-3.826427e+01	-4.552565e+02
1.200000e-07	-7.052688e-06	-1.790763e-09	-3.823086e+01	-4.551996e+02
1.300000e-07	-7.046149e-06	-1.838979e-09	-3.819541e+01	-4.551233e+02
1.400000e-07	-7.039310e-06	-1.827441e-09	-3.815834e+01	-4.550277e+02
1.500000e-07	-7.032011e-06	-1.761058e-09	-3.811878e+01	-4.549130e+02
1.600000e-07	-7.024127e-06	-1.773729e-09	-3.807604e+01	-4.547792e+02
1.700000e-07	-7.015830e-06	-1.845622e-09	-3.803106e+01	-4.546264e+02
1.800000e-07	-7.007009e-06	-1.819946e-09	-3.798325e+01	-4.544544e+02
1.900000e-07	-6.997440e-06	-1.728133e-09	-3.793138e+01	-4.542634e+02
2.000000e-07	-6.987291e-06	-1.764373e-09	-3.787636e+01	-4.540530e+02
2.100000e-07	-6.976634e-06	-1.854019e-09	-3.781859e+01	-4.538234e+02
2.200000e-07	-6.965401e-06	-1.804948e-09	-3.775770e+01	-4.535741e+02
2.300000e-07	-6.953561e-06	-1.719528e-09	-3.769352e+01	-4.533051e+02
2.400000e-07	-6.941091e-06	-1.775423e-09	-3.762592e+01	-4.530161e+02
2.500000e-07	-6.928140e-06	-1.834062e-09	-3.755572e+01	-4.527068e+02
2.600000e-07	-6.914619e-06	-1.766346e-09	-3.748243e+01	-4.523768e+02
2.700000e-07	-6.900370e-06	-1.734343e-09	-3.740519e+01	-4.520259e+02
2.800000e-07	-6.885362e-06	-1.804209e-09	-3.732383e+01	-4.516538e+02
2.900000e-07	-6.869791e-06	-1.802803e-09	-3.723943e+01	-4.512602e+02
3.000000e-07	-6.853669e-06	-1.736441e-09	-3.715203e+01	-4.508448e+02
3.100000e-07	-6.837086e-06	-1.766964e-09	-3.706214e+01	-4.504075e+02
3.200000e-07	-6.820054e-06	-1.801510e-09	-3.696981e+01	-4.499480e+02
3.300000e-07	-6.802514e-06	-1.738574e-09	-3.687473e+01	-4.494662e+02
3.400000e-07	-6.784464e-06	-1.727702e-09	-3.677689e+01	-4.489621e+02
3.500000e-07	-6.765909e-06	-1.803365e-09	-3.667631e+01	-4.484358e+02
3.600000e-07	-6.747012e-06	-1.779266e-09	-3.657387e+01	-4.478874e+02
3.700000e-07	-6.727723e-06	-1.703863e-09	-3.646931e+01	-4.473172e+02
3.800000e-07	-6.707946e-06	-1.748009e-09	-3.636210e+01	-4.467255e+02
3.900000e-07	-6.687825e-06	-1.792163e-09	-3.625303e+01	-4.461127e+02
4.000000e-07	-6.667344e-06	-1.726995e-09	-3.614201e+01	-4.454795e+02
4.100000e-07	-6.646473e-06	-1.710581e-09	-3.602887e+01	-4.448264e+02
4.200000e-07	-6.625154e-06	-1.767588e-09	-3.591331e+01	-4.441541e+02
4.300000e-07	-6.603250e-06	-1.747431e-09	-3.579457e+01	-4.434636e+02
4.400000e-07	-6.580684e-06	-1.703782e-09	-3.567224e+01	-4.427558e+02
4.500000e-07	-6.557687e-06	-1.735125e-09	-3.554759e+01	-4.420314e+02
4.600000e-07	-6.534368e-06	-1.739920e-09	-3.542118e+01	-4.412917e+02
4.700000e-07	-6.510587e-06	-1.695622e-09	-3.529227e+01	-4.405376e+02
4.800000e-07	-6.486492e-06	-1.710386e-09	-3.516166e+01	-4.397701e+02
4.900000e-07	-6.462032e-06	-1.736546e-09	-3.502906e+01	-4.389904e+02
5.000000e-07	-6.436903e-06	-1.700262e-09	-3.489285e+01	-4.381994e+02
5.100000e-07	-6.410949e-06	-1.683768e-09	-3.475216e+01	-4.373980e+02
5.200000e-07	-6.384339e-06	-1.709420e-09	-3.460791e+01	-4.365872e+02
5.300000e-07	-6.357172e-06	-1.700233e-09	-3.446064e+01	-4.357678e+02
5.400000e-07	-6.329609e-06	-1.677885e-09	-3.431123e+01	-4.349405e+02
5.500000e-07	-6.301738e-06	-1.687320e-09	-3.416015e+01	-4.341058e+02
5.600000e-07	-6.273533e-06	-1.688555e-09	-3.400726e+01	-4.332642e+02
5.700000e-07	-6.244938e-06	-1.671219e-09	-3.385225e+01	-4.324161e+02
5.800000e-07	-6.215843e-06	-1.669544e-09	-3.369454e+01	-4.315614e+02
5.900000e-07	-6.186401e-06	-1.671128e-09	-3.353494e+01	-4.307003e+02
6.000000e-07	-6.156619e-06	-1.659790e-09	-3.337350e+01	-4.298325e+02
6.100000e-07	-6.126306e-06	-1.653168e-09	-3.320918e+01	-4.289576e+02
6.200000e-07	-6.095513e-06	-1.653856e-09	-3.304226e+01	-4.280750e+02
6.300000e-07	-6.064261e-06	-1.649408e-09	-3.287285e+01	-4.271841e+02
6.400000e-07	-6.032660e-06	-1.640717e-09	-3.270155e+01	-4.262838e+02
6.500000e-07	-6.000838e-06	-1.633377e-09	-3.252905e+01	-4.253732e+02
6.600000e-07	-5.968698e-06	-1.629240e-09	-3.235483e+01	-4.244511e+02
6.700000e-07	-5.936039e-06	-1.625149e-09	-3.217779e+01	-4.235161e+02
6.800000e-07	-5.902769e-06	-1.618989e-09	-3.199744e+01	-4.225668e+02
6.900000e-07	-5.868893e-06	-1.614792e-09	-3.181381e+01	-4.216016e+02
7.000000e-07	-5.834385e-06	-1.610772e-09	-3.162675e+01	-4.206190e+02
7.100000e-07	-5.799355e-06	-1.602131e-09	-3.143686e+01	-4.196173e+02
7.200000e-07	-5.763971e-06	-1.596215e-09	-3.124505e+01	-4.185948e+02
7.300000e-07	-5.728279e-06	-1.596207e-09	-3.105157e+01	-4.175499e+02
7.400000e-07	-5.692368e-06	-1.592030e-09	-3.085691e+01	-4.164807e+02
7.500000e-07	-5.656189e-06	-1.583962e-09	-3.066079e+01	-4.153858e+02
7.600000e-07	-5.619619e-06	-1.580026e-09	-3.046255e+01	-4.142636e+02
7.700000e-07	-5.582600e-06	-1.575638e-09	-3.026188e+01	-4.131125e+02
7.800000e-07	-5.544972e-06	-1.567367e-09	-3.005791e+01	-4.119312e+02
7.900000e-07	-5.506921e-06	-1.560692e-09	-2.985165e+01	-4.107184e+02
8.000000e-07	-5.468563e-06	-1.555019e-09	-2.964371e+01	-4.094729e+02
8.100000e-07	-5.429714e-06	-1.548948e-09	-2.943313e+01	-4.081939e+02
8.200000e-07	-5.390406e-06	-1.544461e-09	-2.922005e+01	-4.068804e+02
8.300000e-07	-5.350785e-06	-1.539525e-09	-2.900527e+01	-4.055317e+02
8.400000e-07	-5.310960e-06	-1.531897e-09	-2.878939e+01	-4.041474e+02
8.500000e-07	-5.270997e-06	-1.523760e-09	-2.857276e+01	-4.027271e+02
8.600000e-07	-5.230743e-06	-1.516709e-09	-2.835455e+01	-4.012707e+02
8.700000e-07	-5.190153e-06	-1.510931e-09	-2.813453e+01	-3.997782e+02
8.800000e-07	-5.149118e-06	-1.504384e-09	-2.791208e+01	-3.982496e+02
8.900000e-07	-5.107366e-06	-1.496620e-09	-2.768576e+01	-3.966853e+02
9.000000e-07	-5.064841e-06	-1.490003e-09	-2.745524e+01	-3.950858e+02
9.100000e-07	-5.021761e-06	-1.484274e-09	-2.722171e+01	-3.934516e+02
9.200000e-07	-4.978334e-06	-1.477523e-09	-2.698631e+01	-3.917834e+02
9.300000e-07	-4.934677e-06	-1.469259e-09	-2.674965e+01	-3.900820e+02
9.400000e-07	-4.890810e-06	-1.460989e-09	-2.651186e+01	-3.883482e+02
9.500000e-07	-4.846736e-06	-1.453717e-09	-2.627295e+01	-3.865830e+02
9.600000e-07	-4.802380e-06	-1.446332e-09	-2.603250e+01	-3.847873e+02
9.700000e-07	-4.757658e-06	-1.438960e-09	-2.579008e+01	-3.829622e+02
9.800000e-07	-4.712603e-06	-1.431973e-09	-2.554585e+01	-3.811086e+02
9.900000e-07	-4.667188e-06	-1.424251e-09	-2.529966e+01	-3.792276e+02
1.000000e-06	-4.621392e-06	-1.416033e-09	-2.505141e+01	-3.773202e+02
1.010000e-06	-4.575330e-06	-1.408670e-09	-2.480172e+01	-3.753873e+02
1.020000e-06	-4.529001e-06	-1.402128e-09	-2.455059e+01	-3.734297e+02
1.030000e-06	-4.482237e-06	-1.395460e-09	-2.429709e+01	-3.714484e+02
1.040000e-06	-4.435133e-06	-1.388778e-09	-2.404175e+01	-3.694441e+02
1.050000e-06	-4.387766e-06	-1.382611e-09	-2.378499e+01	-3.674174e+02
1.060000e-06	-4.340146e-06	-1.376393e-09	-2.352685e+01	-3.653690e+02
1.070000e-06	-4.292337e-06	-1.369044e-09	-2.326769e+01	-3.632992e+02
1.080000e-06	-4.244371e-06	-1.360369e-09	-2.300768e+01	-3.612086e+02
1.090000e-06	-4.196108e-06	-1.350934e-09	-2.274606e+01	-3.590972e+02
1.100000e-06	-4.147376e-06	-1.342734e-09	-2.248189e+01	-3.569653e+02
1.110000e-06	-4.098141e-06	-1.335285e-09	-2.221500e+01	-3.548130e+02
1.120000e-06	-4.048411e-06	-1.326419e-09	-2.194543e+01	-3.526401e+02
1.130000e-06	-3.998228e-06	-1.316859e-09	-2.167340e+01	-3.504465e+02
1.140000e-06	-3.947585e-06	-1.307177e-09	-2.139887e+01	-3.482319e+02
1.150000e-06	-3.896506e-06	-1.298210e-09	-2.112199e+01	-3.459961e+02
1.160000e-06	-3.845179e-06	-1.290126e-09	-2.084375e+01	-3.437384e+02
1.170000e-06	-3.793695e-06	-1.281394e-09	-2.056467e+01	-3.414586e+02
1.180000e-06	-3.741987e-06	-1.271708e-09	-2.028438e+01	-3.391559e+02
1.190000e-06	-3.689954e-06	-1.261741e-09	-2.000232e+01	-3.368297e+02
1.200000e-06	-3.637461e-06	-1.252504e-09	-1.971777e+01	-3.344794e+02
1.210000e-06	-3.584585e-06	-1.243839e-09	-1.943114e+01	-3.321043e+02
1.220000e-06	-3.531500e-06	-1.235182e-09	-1.914338e+01	-3.297036e+02
1.230000e-06	-3.478264e-06	-1.225830e-09	-1.885480e+01	-3.272766e+02
1.240000e-06	-3.424827e-06	-1.215559e-09	-1.856513e+01	-3.248225e+02
1.250000e-06	-3.371147e-06	-1.205406e-09	-1.827415e+01	-3.223406e+02
1.260000e-06	-3.317276e-06	-1.195609e-09	-1.798213e+01	-3.198300e+02
1.270000e-06	-3.263171e-06	-1.184682e-09	-1.768884e+01	-3.172902e+02
1.280000e-06	-3.208808e-06	-1.173270e-09	-1.739415e+01	-3.147204e+02
1.290000e-06	-3.154302e-06	-1.163385e-09	-1.709868e+01	-3.121199e+02
1.300000e-06	-3.099599e-06	-1.153821e-09	-1.680216e+01	-3.094881e+02
1.310000e-06	-3.044592e-06	-1.142797e-09	-1.650398e+01	-3.068244e+02
1.320000e-06	-2.989377e-06	-1.130874e-09	-1.620467e+01	-3.041282e+02
1.330000e-06	-2.933962e-06	-1.118802e-09	-1.590428e+01	-3.013990e+02
1.340000e-06	-2.878389e-06	-1.106322e-09	-1.560303e+01	-2.986363e+02
1.350000e-06	-2.822731e-06	-1.094735e-09	-1.530132e+01	-2.958397e+02
1.360000e-06	-2.766934e-06	-1.084979e-09	-1.499886e+01	-2.930086e+02
1.370000e-06	-2.711032e-06	-1.075083e-09	-1.469583e+01	-2.901428e+02
1.380000e-06	-2.655019e-06	-1.064402e-09	-1.439220e+01	-2.872417e+02
1.390000e-06	-2.598899e-06	-1.053883e-09	-1.408798e+01	-2.843050e+02
1.400000e-06	-2.542641e-06	-1.043083e-09	-1.378303e+01	-2.813322e+02
1.410000e-06	-2.486217e-06	-1.031145e-09	-1.347716e+01	-2.783229e+02
1.420000e-06	-2.429532e-06	-1.018359e-09	-1.316989e+01	-2.752766e+02
1.430000e-06	-2.372487e-06	-1.006049e-09	-1.286066e+01	-2.721928e+02
1.440000e-06	-2.315204e-06	-9.948825e-10	-1.255015e+01	-2.690709e+02
1.450000e-06	-2.257680e-06	-9.842206e-10	-1.223832e+01	-2.659101e+02
1.460000e-06	-2.199812e-06	-9.727208e-10	-1.192463e+01	-2.627098e+02
1.470000e-06	-2.141660e-06	-9.597616e-10	-1.160940e+01	-2.594689e+02
1.480000e-06	-2.083205e-06	-9.465975e-10	-1.129253e+01	-2.561864e+02
1.490000e-06	-2.024410e-06	-9.347332e-10	-1.097382e+01	-2.528612e+02
1.500000e-06	-1.965351e-06	-9.231604e-10	-1.065368e+01	-2.494920e+02
1.510000e-06	-1.906123e-06	-9.097701e-10	-1.033262e+01	-2.460772e+02
1.520000e-06	-1.846789e-06	-8.957230e-10	-1.001099e+01	-2.426151e+02
1.530000e-06	-1.787363e-06	-8.827503e-10	-9.688851e+00	-2.391040e+02
1.540000e-06	-1.727854e-06	-8.704507e-10	-9.366264e+00	-2.355417e+02
1.550000e-06	-1.668219e-06	-8.583613e-10	-9.043001e+00	-2.319259e+02
1.560000e-06	-1.608521e-06	-8.457163e-10	-8.719392e+00	-2.282543e+02
1.570000e-06	-1.548823e-06	-8.324225e-10	-8.395785e+00	-2.245243e+02
1.580000e-06	-1.489079e-06	-8.192463e-10	-8.071928e+00	-2.207330e+02
1.590000e-06	-1.429243e-06	-8.061939e-10	-7.747567e+00	-2.168774e+02
1.600000e-06	-1.369311e-06	-7.925825e-10	-7.422695e+00	-2.129546e+02
1.610000e-06	-1.309376e-06	-7.775199e-10	-7.097801e+00	-2.089612e+02
1.620000e-06	-1.249422e-06	-7.616956e-10	-6.772804e+00	-2.048940e+02
1.630000e-06	-1.189339e-06	-7.462673e-10	-6.447111e+00	-2.007494e+02
1.640000e-06	-1.129090e-06	-7.307354e-10	-6.120513e+00	-1.965242e+02
1.650000e-06	-1.068826e-06	-7.151074e-10	-5.793841e+00	-1.922149e+02
1.660000e-06	-1.008644e-06	-6.983324e-10	-5.467609e+00	-1.878180e+02
1.670000e-06	-9.484058e-07	-6.803971e-10	-5.141071e+00	-1.833303e+02
1.680000e-06	-8.881456e-07	-6.645341e-10	-4.814416e+00	-1.787486e+02
1.690000e-06	-8.278669e-07	-6.506937e-10	-4.487660e+00	-1.740698e+02
1.700000e-06	-7.675271e-07	-6.355298e-10	-4.160573e+00	-1.692912e+02
1.710000e-06	-7.071337e-07	-6.179208e-10	-3.833196e+00	-1.644102e+02
1.720000e-06	-6.465816e-07	-5.992053e-10	-3.504957e+00	-1.594246e+02
1.730000e-06	-5.859284e-07	-5.802994e-10	-3.176172e+00	-1.543327e+02
1.740000e-06	-5.251794e-07	-5.608273e-10	-2.846866e+00	-1.491329e+02
1.750000e-06	-4.643858e-07	-5.411661e-10	-2.517320e+00	-1.438243e+02
1.760000e-06	-4.035012e-07	-5.210728e-10	-2.187280e+00	-1.384065e+02
1.770000e-06	-3.425642e-07	-4.999182e-10	-1.856955e+00	-1.328795e+02
1.780000e-06	-2.817059e-07	-4.788642e-10	-1.527057e+00	-1.272439e+02
1.790000e-06	-2.208720e-07	-4.587204e-10	-1.197292e+00	-1.215009e+02
1.800000e-06	-1.600471e-07	-4.377238e-10	-8.675753e-01	-1.156524e+02
1.810000e-06	-9.919617e-08	-4.139329e-10	-5.377177e-01	-1.097009e+02
1.820000e-06	-3.834569e-08	-3.885313e-10	-2.078624e-01	-1.036494e+02
1.830000e-06	2.257320e-08	-3.635108e-10	1.223637e-01	-9.750159e+01
1.840000e-06	8.348044e-08	-3.399574e-10	4.525266e-01	-9.126193e+01
1.850000e-06	1.442849e-07	-3.174216e-10	7.821324e-01	-8.493534e+01
1.860000e-06	2.050114e-07	-2.935631e-10	1.111316e+00	-7.852735e+01
1.870000e-06	2.657866e-07	-2.668446e-10	1.440763e+00	-7.204406e+01
1.880000e-06	3.265911e-07	-2.394465e-10	1.770369e+00	-6.549207e+01
1.890000e-06	3.873222e-07	-2.135105e-10	2.099577e+00	-5.887847e+01
1.900000e-06	4.480778e-07	-1.887932e-10	2.428918e+00	-5.221072e+01
1.910000e-06	5.088749e-07	-1.637786e-10	2.758484e+00	-4.549668e+01
1.920000e-06	5.696235e-07	-1.374211e-10	3.087787e+00	-3.874447e+01
1.930000e-06	6.302187e-07	-1.102600e-10	3.416258e+00	-3.196244e+01
1.940000e-06	6.906789e-07	-8.264104e-11	3.743998e+00	-2.515908e+01
1.950000e-06	7.511776e-07	-5.378352e-11	4.071946e+00	-1.834297e+01
1.960000e-06	8.116789e-07	-2.435102e-11	4.399909e+00	-1.152265e+01
1.970000e-06	8.720183e-07	4.114168e-12	4.726994e+00	-4.706610e+00
1.980000e-06	9.322611e-07	3.190259e-11	5.053555e+00	2.096829e+00
1.990000e-06	9.924942e-07	5.872631e-11	5.380064e+00	8.879582e+00
2.000000e-06	1.052703e-06	8.512878e-11	5.706439e+00	1.563387e+01
2.010000e-06	1.112933e-06	1.119261e-10	6.032930e+00	2.235228e+01
2.020000e-06	1.173183e-06	1.380192e-10	6.359533e+00	2.902783e+01
2.030000e-06	1.233373e-06	1.627069e-10	6.685810e+00	3.565405e+01
2.040000e-06	1.293493e-06	1.865011e-10	7.011701e+00	4.222498e+01
2.050000e-06	1.353501e-06	2.100016e-10	7.336991e+00	4.873527e+01
2.060000e-06	1.413407e-06	2.338628e-10	7.661726e+00	5.518017e+01
2.070000e-06	1.473231e-06	2.587568e-10	7.986018e+00	6.155556e+01
2.080000e-06	1.532958e-06	2.838082e-10	8.309783e+00	6.785800e+01
2.090000e-06	1.592627e-06	3.083211e-10	8.633234e+00	7.408468e+01
2.100000e-06	1.652169e-06	3.321224e-10	8.955996e+00	8.023347e+01
2.110000e-06	1.711618e-06	3.539580e-10	9.278256e+00	8.630288e+01
2.120000e-06	1.770959e-06	3.746873e-10	9.599928e+00	9.229204e+01
2.130000e-06	1.830178e-06	3.960754e-10	9.920937e+00	9.820068e+01
2.140000e-06	1.889357e-06	4.179644e-10	1.024174e+01	1.040291e+02
2.150000e-06	1.948356e-06	4.400636e-10	1.056155e+01	1.097780e+02
2.160000e-06	2.007106e-06	4.617180e-10	1.088002e+01	1.154488e+02
2.170000e-06	2.065533e-06	4.815464e-10	1.119674e+01	1.210430e+02
2.180000e-06	2.123715e-06	5.004756e-10	1.151213e+01	1.265627e+02
2.190000e-06	2.181680e-06	5.207162e-10	1.182634e+01	1.320101e+02
2.200000e-06	2.239350e-06	5.414343e-10	1.213896e+01	1.373878e+02
2.210000e-06	2.296823e-06	5.606390e-10	1.245050e+01	1.426984e+02
2.220000e-06	2.354088e-06	5.788337e-10	1.276092e+01	1.479447e+02
2.230000e-06	2.411040e-06	5.972081e-10	1.306965e+01	1.531294e+02
2.240000e-06	2.467763e-06	6.157344e-10	1.337713e+01	1.582553e+02
2.250000e-06	2.524367e-06	6.338335e-10	1.368396e+01	1.633248e+02
2.260000e-06	2.580723e-06	6.512620e-10	1.398946e+01	1.683406e+02
2.270000e-06	2.636880e-06	6.678686e-10	1.429387e+01	1.733049e+02
2.280000e-06	2.693022e-06	6.842065e-10	1.459820e+01	1.782197e+02
2.290000e-06	2.749060e-06	7.017653e-10	1.490197e+01	1.830868e+02
2.300000e-06	2.804862e-06	7.199866e-10	1.520446e+01	1.879076e+02
2.310000e-06	2.860432e-06	7.372375e-10	1.550569e+01	1.926831e+02
2.320000e-06	2.915743e-06	7.534396e-10	1.580552e+01	1.974143e+02
2.330000e-06	2.970841e-06	7.700774e-10	1.610419e+01	2.021015e+02
2.340000e-06	3.025746e-06	7.874339e-10	1.640182e+01	2.067449e+02
2.350000e-06	3.080476e-06	8.043552e-10	1.669849e+01	2.113442e+02
2.360000e-06	3.135162e-06	8.200903e-10	1.699493e+01	2.158988e+02
2.370000e-06	3.189705e-06	8.350505e-10	1.729060e+01	2.204080e+02
2.380000e-06	3.243903e-06	8.513164e-10	1.758439e+01	2.248706e+02
2.390000e-06	3.297841e-06	8.690292e-10	1.787677e+01	2.292854e+02
2.400000e-06	3.351648e-06	8.859079e-10	1.816845e+01	2.336507e+02
2.410000e-06	3.405272e-06	9.014509e-10	1.845913e+01	2.379651e+02
2.420000e-06	3.458555e-06	9.173204e-10	1.874797e+01	2.422266e+02
2.430000e-06	3.511485e-06	9.333156e-10	1.903489e+01	2.464335e+02
2.440000e-06	3.564110e-06	9.494443e-10	1.932015e+01	2.505840e+02
2.450000e-06	3.616576e-06	9.651802e-10	1.960455e+01	2.546761e+02
2.460000e-06	3.668932e-06	9.792733e-10	1.988837e+01	2.587082e+02
2.470000e-06	3.720981e-06	9.933485e-10	2.017051e+01	2.626786e+02
2.480000e-06	3.772682e-06	1.008714e-09	2.045077e+01	2.665857e+02
2.490000e-06	3.824098e-06	1.025120e-09	2.072948e+01	2.704283e+02
2.500000e-06	3.875088e-06	1.040415e-09	2.100588e+01	2.742052e+02
2.510000e-06	3.925519e-06	1.053773e-09	2.127926e+01	2.779155e+02
2.520000e-06	3.975578e-06	1.066254e-09	2.155061e+01	2.815584e+02
2.530000e-06	4.025264e-06	1.078846e-09	2.181995e+01	2.851337e+02
2.540000e-06	4.074436e-06	1.092563e-09	2.208650e+01	2.886410e+02
2.550000e-06	4.123150e-06	1.106564e-09	2.235057e+01	2.920806e+02
2.560000e-06	4.171549e-06	1.120002e-09	2.261293e+01	2.954527e+02
2.570000e-06	4.219664e-06	1.133038e-09	2.287375e+01	2.987579e+02
2.580000e-06	4.267532e-06	1.145879e-09	2.313322e+01	3.019971e+02
2.590000e-06	4.315192e-06	1.158430e-09	2.339158e+01	3.051714e+02
2.600000e-06	4.362564e-06	1.169811e-09	2.364837e+01	3.082819e+02
2.610000e-06	4.409700e-06	1.179966e-09	2.390388e+01	3.113300e+02
2.620000e-06	4.456625e-06	1.190948e-09	2.415825e+01	3.143174e+02
2.630000e-06	4.503258e-06	1.203496e-09	2.441104e+01	3.172457e+02
2.640000e-06	4.549541e-06	1.216550e-09	2.466193e+01	3.201167e+02
2.650000e-06	4.595494e-06	1.229032e-09	2.491103e+01	3.229321e+02
2.660000e-06	4.641127e-06	1.238984e-09	2.515839e+01	3.256939e+02
2.670000e-06	4.686466e-06	1.246722e-09	2.540416e+01	3.284038e+02
2.680000e-06	4.731494e-06	1.255355e-09	2.564825e+01	3.310638e+02
2.690000e-06	4.776153e-06	1.265527e-09	2.589034e+01	3.336756e+02
2.700000e-06	4.820471e-06	1.275238e-09	2.613057e+01	3.362409e+02
2.710000e-06	4.864541e-06	1.284352e-09	2.636947e+01	3.387614e+02
2.720000e-06	4.908472e-06	1.294434e-09	2.660760e+01	3.412387e+02
2.730000e-06	4.952188e-06	1.305183e-09	2.684458e+01	3.436741e+02
2.740000e-06	4.995469e-06	1.314626e-09	2.707919e+01	3.460691e+02
2.750000e-06	5.038308e-06	1.322157e-09	2.731141e+01	3.484248e+02
2.760000e-06	5.080718e-06	1.328350e-09	2.754131e+01	3.507424e+02
2.770000e-06	5.122627e-06	1.335467e-09	2.776848e+01	3.530229e+02
2.780000e-06	5.164012e-06	1.345068e-09	2.799282e+01	3.552671e+02
2.790000e-06	5.204780e-06	1.355022e-09	2.821381e+01	3.574759e+02
2.800000e-06	5.244937e-06	1.363313e-09	2.843150e+01	3.596500e+02
2.810000e-06	5.284784e-06	1.370199e-09	2.864749e+01	3.617900e+02
2.820000e-06	5.324498e-06	1.376963e-09	2.886277e+01	3.638966e+02
2.830000e-06	5.363975e-06	1.383878e-09	2.907677e+01	3.659703e+02
2.840000e-06	5.403110e-06	1.390958e-09	2.928891e+01	3.680116e+02
2.850000e-06	5.441967e-06	1.397968e-09	2.949955e+01	3.700212e+02
2.860000e-06	5.480489e-06	1.404251e-09	2.970837e+01	3.719994e+02
2.870000e-06	5.518518e-06	1.411221e-09	2.991451e+01	3.739470e+02
2.880000e-06	5.556123e-06	1.419614e-09	3.011836e+01	3.758644e+02
2.890000e-06	5.593299e-06	1.427757e-09	3.031988e+01	3.777522e+02
2.900000e-06	5.630118e-06	1.434751e-09	3.051946e+01	3.796113e+02
2.910000e-06	5.666624e-06	1.442353e-09	3.071735e+01	3.814422e+02
2.920000e-06	5.702800e-06	1.450696e-09	3.091346e+01	3.832457e+02
2.930000e-06	5.738643e-06	1.458083e-09	3.110775e+01	3.850226e+02
2.940000e-06	5.774105e-06	1.464878e-09	3.129998e+01	3.867739e+02
2.950000e-06	5.809190e-06	1.471802e-09	3.149017e+01	3.885003e+02
2.960000e-06	5.843757e-06	1.478012e-09	3.167755e+01	3.902029e+02
2.970000e-06	5.877804e-06	1.483561e-09	3.186211e+01	3.918824e+02
2.980000e-06	5.911406e-06	1.490236e-09	3.204426e+01	3.935399e+02
2.990000e-06	5.944448e-06	1.497760e-09	3.222337e+01	3.951763e+02
3.000000e-06	5.976923e-06	1.505163e-09	3.239941e+01	3.967925e+02
3.010000e-06	6.008935e-06	1.511997e-09	3.257294e+01	3.983893e+02
3.020000e-06	6.040544e-06	1.518088e-09	3.274428e+01	3.999674e+02
3.030000e-06	6.071721e-06	1.523363e-09	3.291328e+01	4.015276e+02
3.040000e-06	6.102529e-06	1.528152e-09	3.308029e+01	4.030706e+02
3.050000e-06	6.132990e-06	1.534403e-09	3.324541e+01	4.045967e+02
3.060000e-06	6.163064e-06	1.541643e-09	3.340843e+01	4.061064e+02
3.070000e-06	6.192710e-06	1.548242e-09	3.356914e+01	4.075999e+02
3.080000e-06	6.221941e-06	1.554682e-09	3.372759e+01	4.090772e+02
3.090000e-06	6.250808e-06	1.561045e-09	3.388407e+01	4.105385e+02
3.100000e-06	6.279296e-06	1.566953e-09	3.403850e+01	4.119834e+02
3.110000e-06	6.307508e-06	1.572257e-09	3.419143e+01	4.134117e+02
3.120000e-06	6.335352e-06	1.577801e-09	3.434236e+01	4.148229e+02
3.130000e-06	6.362743e-06	1.583235e-09	3.449084e+01	4.162163e+02
3.140000e-06	6.389741e-06	1.588320e-09	3.463719e+01	4.175913e+02
3.150000e-06	6.416069e-06	1.593080e-09	3.477991e+01	4.189471e+02
3.160000e-06	6.441711e-06	1.598775e-09	3.491891e+01	4.202826e+02
3.170000e-06	6.466815e-06	1.605525e-09	3.505499e+01	4.215968e+02
3.180000e-06	6.491252e-06	1.611424e-09	3.518746e+01	4.228888e+02
3.190000e-06	6.515073e-06	1.616482e-09	3.531659e+01	4.241575e+02
3.200000e-06	6.538457e-06	1.619733e-09	3.544334e+01	4.254016e+02
3.210000e-06	6.561437e-06	1.622743e-09	3.556792e+01	4.266202e+02
3.220000e-06	6.584026e-06	1.627863e-09	3.569036e+01	4.278120e+02
3.230000e-06	6.606235e-06	1.633958e-09	3.581075e+01	4.289763e+02
3.240000e-06	6.627995e-06	1.639725e-09	3.592871e+01	4.301119e+02
3.250000e-06	6.649279e-06	1.645309e-09	3.604408e+01	4.312180e+02
3.260000e-06	6.670154e-06	1.650585e-09	3.615724e+01	4.322939e+02
3.270000e-06	6.690660e-06	1.655867e-09	3.626840e+01	4.333391e+02
3.280000e-06	6.710866e-06	1.661236e-09	3.637793e+01	4.343529e+02
3.290000e-06	6.730728e-06	1.665850e-09	3.648560e+01	4.353352e+02
3.300000e-06	6.750050e-06	1.669701e-09	3.659034e+01	4.362857e+02
3.310000e-06	6.768645e-06	1.674158e-09	3.669114e+01	4.372045e+02
3.320000e-06	6.786703e-06	1.679380e-09	3.678903e+01	4.380916e+02
3.330000e-06	6.804498e-06	1.684207e-09	3.688549e+01	4.389474e+02
3.340000e-06	6.821904e-06	1.687638e-09	3.697984e+01	4.397724e+02
3.350000e-06	6.838757e-06	1.689405e-09	3.707120e+01	4.405671e+02
3.360000e-06	6.854930e-06	1.690943e-09	3.715887e+01	4.413323e+02
3.370000e-06	6.870605e-06	1.693622e-09	3.724384e+01	4.420688e+02
3.380000e-06	6.885826e-06	1.697294e-09	3.732635e+01	4.427775e+02
3.390000e-06	6.900494e-06	1.701385e-09	3.740586e+01	4.434595e+02
3.400000e-06	6.914619e-06	1.706064e-09	3.748243e+01	4.441158e+02
3.410000e-06	6.928219e-06	1.710795e-09	3.755615e+01	4.447475e+02
3.420000e-06	6.941271e-06	1.714804e-09	3.762690e+01	4.453557e+02
3.430000e-06	6.953761e-06	1.716476e-09	3.769461e+01	4.459416e+02
3.440000e-06	6.965756e-06	1.716543e-09	3.775963e+01	4.465062e+02
3.450000e-06	6.977323e-06	1.717811e-09	3.782233e+01	4.470506e+02
3.460000e-06	6.988398e-06	1.720480e-09	3.788236e+01	4.475759e+02
3.470000e-06	6.998850e-06	1.723196e-09	3.793902e+01	4.480828e+02
3.480000e-06	7.008566e-06	1.726166e-09	3.799169e+01	4.485723e+02
3.490000e-06	7.017510e-06	1.728848e-09	3.804017e+01	4.490451e+02
3.500000e-06	7.025798e-06	1.730660e-09	3.808510e+01	4.495019e+02
3.510000e-06	7.033627e-06	1.732445e-09	3.812754e+01	4.499430e+02
3.520000e-06	7.041166e-06	1.733325e-09	3.816841e+01	4.503690e+02
3.530000e-06	7.048282e-06	1.733568e-09	3.820698e+01	4.507801e+02
3.540000e-06	7.054846e-06	1.734626e-09	3.824256e+01	4.511764e+02
3.550000e-06	7.060812e-06	1.736732e-09	3.827490e+01	4.515581e+02
3.560000e-06	7.066266e-06	1.739772e-09	3.830446e+01	4.519251e+02
3.570000e-06	7.071258e-06	1.743726e-09	3.833152e+01	4.522773e+02
3.580000e-06	7.075757e-06	1.747197e-09	3.835592e+01	4.526144e+02
3.590000e-06	7.079859e-06	1.749130e-09	3.837815e+01	4.529362e+02
3.600000e-06	7.083620e-06	1.750005e-09	3.839854e+01	4.532422e+02
3.610000e-06	7.087122e-06	1.750877e-09	3.841752e+01	4.535322e+02
3.620000e-06	7.090131e-06	1.752789e-09	3.843383e+01	4.538057e+02
3.630000e-06	7.092452e-06	1.754988e-09	3.844642e+01	4.540623e+02
3.640000e-06	7.093995e-06	1.756579e-09	3.845478e+01	4.543015e+02
3.650000e-06	7.094762e-06	1.757791e-09	3.845894e+01	4.545229e+02
3.660000e-06	7.094958e-06	1.758779e-09	3.846000e+01	4.547261e+02
3.670000e-06	7.094741e-06	1.760848e-09	3.845882e+01	4.549107e+02
3.680000e-06	7.094253e-06	1.763034e-09	3.845618e+01	4.550764e+02
3.690000e-06	7.093405e-06	1.763399e-09	3.845158e+01	4.552230e+02
3.700000e-06	7.092045e-06	1.763565e-09	3.844421e+01	4.553501e+02
3.710000e-06	7.090128e-06	1.765277e-09	3.843382e+01	4.554576e+02
3.720000e-06	7.087837e-06	1.767092e-09	3.842140e+01	4.555454e+02
3.730000e-06	7.085136e-06	1.769941e-09	3.840676e+01	4.556134e+02
3.740000e-06	7.082004e-06	1.774416e-09	3.838978e+01	4.556615e+02
3.750000e-06	7.078286e-06	1.767757e-09	3.836963e+01	4.556897e+02
3.760000e-06	7.073834e-06	1.756129e-09	3.834549e+01	4.556982e+02
3.770000e-06	7.068739e-06	1.785184e-09	3.831787e+01	4.556870e+02
3.780000e-06	7.063113e-06	1.811404e-09	3.828738e+01	4.556562e+02
3.790000e-06	7.057025e-06	1.767004e-09	3.825437e+01	4.556058e+02
3.800000e-06	7.050260e-06	1.721458e-09	3.821770e+01	4.555361e+02
3.810000e-06	7.042908e-06	1.779181e-09	3.817785e+01	4.554472e+02
3.820000e-06	7.035281e-06	1.836740e-09	3.813650e+01	4.553390e+02
3.830000e-06	7.027241e-06	1.771786e-09	3.809292e+01	4.552117e+02
3.840000e-06	7.018703e-06	1.709259e-09	3.804664e+01	4.550654e+02
3.850000e-06	7.009736e-06	1.791777e-09	3.799803e+01	4.549000e+02
3.860000e-06	7.000343e-06	1.867668e-09	3.794711e+01	4.547154e+02
3.870000e-06	6.990441e-06	1.762969e-09	3.789344e+01	4.545117e+02
3.880000e-06	6.980007e-06	1.682880e-09	3.783688e+01	4.542887e+02
3.890000e-06	6.969109e-06	1.796775e-09	3.777780e+01	4.540461e+02
3.900000e-06	6.957753e-06	1.867530e-09	3.771624e+01	4.537839e+02
3.910000e-06	6.945756e-06	1.743680e-09	3.765121e+01	4.535017e+02
3.920000e-06	6.933083e-06	1.703825e-09	3.758251e+01	4.531994e+02
3.930000e-06	6.919728e-06	1.835111e-09	3.751012e+01	4.528765e+02
3.940000e-06	6.905728e-06	1.838649e-09	3.743423e+01	4.525327e+02
3.950000e-06	6.891090e-06	1.702430e-09	3.735488e+01	4.521679e+02
3.960000e-06	6.875703e-06	1.733979e-09	3.727147e+01	4.517817e+02
3.970000e-06	6.859881e-06	1.853529e-09	3.718570e+01	4.513737e+02
3.980000e-06	6.843644e-06	1.782581e-09	3.709769e+01	4.509439e+02
3.990000e-06	6.826936e-06	1.701387e-09	3.700712e+01	4.504919e+02
4.000000e-06	6.809803e-06	1.802113e-09	3.691424e+01	4.500177e+02
4.010000e-06	6.792255e-06	1.828787e-09	3.681912e+01	4.495213e+02
4.020000e-06	6.774214e-06	1.705252e-09	3.672132e+01	4.490025e+02
4.030000e-06	6.755726e-06	1.726895e-09	3.662110e+01	4.484616e+02
4.040000e-06	6.736748e-06	1.840425e-09	3.651823e+01	4.478988e+02
4.050000e-06	6.717218e-06	1.771945e-09	3.641236e+01	4.473144e+02
4.060000e-06	6.697292e-06	1.695670e-09	3.630435e+01	4.467087e+02
4.070000e-06	6.677123e-06	1.791487e-09	3.619502e+01	4.460824e+02
4.080000e-06	6.656601e-06	1.812006e-09	3.608377e+01	4.454360e+02
4.090000e-06	6.635506e-06	1.710722e-09	3.596942e+01	4.447702e+02
4.100000e-06	6.613798e-06	1.736052e-09	3.585175e+01	4.440859e+02
4.110000e-06	6.591477e-06	1.808421e-09	3.573075e+01	4.433838e+02
4.120000e-06	6.568366e-06	1.746477e-09	3.560547e+01	4.426650e+02
4.130000e-06	6.544509e-06	1.717834e-09	3.547615e+01	4.419305e+02
4.140000e-06	6.520259e-06	1.785218e-09	3.534470e+01	4.411812e+02
4.150000e-06	6.495767e-06	1.763112e-09	3.521193e+01	4.404183e+02
4.160000e-06	6.470973e-06	1.705117e-09	3.507753e+01	4.396426e+02
4.170000e-06	6.445702e-06	1.746606e-09	3.494055e+01	4.388554e+02
4.180000e-06	6.419877e-06	1.768942e-09	3.480055e+01	4.380576e+02
4.190000e-06	6.393575e-06	1.724701e-09	3.465797e+01	4.372500e+02
4.200000e-06	6.366764e-06	1.728220e-09	3.451264e+01	4.364335e+02
4.210000e-06	6.339529e-06	1.751310e-09	3.436501e+01	4.356089e+02
4.220000e-06	6.311933e-06	1.727505e-09	3.421542e+01	4.347768e+02
4.230000e-06	6.283897e-06	1.715832e-09	3.406344e+01	4.339376e+02
4.240000e-06	6.255588e-06	1.731855e-09	3.390998e+01	4.330918e+02
4.250000e-06	6.226996e-06	1.728306e-09	3.375499e+01	4.322395e+02
4.260000e-06	6.197949e-06	1.718087e-09	3.359754e+01	4.313807e+02
4.270000e-06	6.168289e-06	1.721448e-09	3.343676e+01	4.305153e+02
4.280000e-06	6.137911e-06	1.723846e-09	3.327209e+01	4.296430e+02
4.290000e-06	6.106675e-06	1.717355e-09	3.310276e+01	4.287632e+02
4.300000e-06	6.074836e-06	1.706382e-09	3.293017e+01	4.278753e+02
4.310000e-06	6.042709e-06	1.706030e-09	3.275602e+01	4.269784e+02
4.320000e-06	6.010405e-06	1.714666e-09	3.258091e+01	4.260716e+02
4.330000e-06	5.977751e-06	1.706566e-09	3.240389e+01	4.251536e+02
4.340000e-06	5.944596e-06	1.696625e-09	3.222417e+01	4.242232e+02
4.350000e-06	5.911084e-06	1.703062e-09	3.204251e+01	4.232790e+02
4.360000e-06	5.877182e-06	1.697908e-09	3.185874e+01	4.223194e+02
4.370000e-06	5.842902e-06	1.685469e-09	3.167291e+01	4.213430e+02
4.380000e-06	5.808259e-06	1.691855e-09	3.148512e+01	4.203480e+02
4.390000e-06	5.773119e-06	1.692060e-09	3.129464e+01	4.193328e+02
4.400000e-06	5.737577e-06	1.677431e-09	3.110197e+01	4.182956e+02
4.410000e-06	5.701795e-06	1.678871e-09	3.090801e+01	4.172349e+02
4.420000e-06	5.665652e-06	1.685133e-09	3.071209e+01	4.161489e+02
4.430000e-06	5.629213e-06	1.674229e-09	3.051456e+01	4.150361e+02
4.440000e-06	5.592632e-06	1.666118e-09	3.031626e+01	4.138950e+02
4.450000e-06	5.555658e-06	1.668318e-09	3.011583e+01	4.127240e+02
4.460000e-06	5.517775e-06	1.666233e-09	2.991048e+01	4.115220e+02
4.470000e-06	5.479050e-06	1.661638e-09	2.970056e+01	4.102877e+02
4.480000e-06	5.439776e-06	1.658399e-09	2.948767e+01	4.090201e+02
4.490000e-06	5.400063e-06	1.652784e-09	2.927239e+01	4.077184e+02
4.500000e-06	5.360041e-06	1.646263e-09	2.905544e+01	4.063816e+02
4.510000e-06	5.319839e-06	1.642376e-09	2.883752e+01	4.050094e+02
4.520000e-06	5.279477e-06	1.639402e-09	2.861873e+01	4.036013e+02
4.530000e-06	5.238723e-06	1.634317e-09	2.839781e+01	4.021571e+02
4.540000e-06	5.197611e-06	1.627150e-09	2.817495e+01	4.006768e+02
4.550000e-06	5.156159e-06	1.622360e-09	2.795025e+01	3.991603e+02
4.560000e-06	5.114357e-06	1.620219e-09	2.772366e+01	3.976081e+02
4.570000e-06	5.072217e-06	1.614915e-09	2.749522e+01	3.960204e+02
4.580000e-06	5.029655e-06	1.607628e-09	2.726450e+01	3.943978e+02
4.590000e-06	4.986802e-06	1.602861e-09	2.703221e+01	3.927410e+02
4.600000e-06	4.943539e-06	1.599795e-09	2.679769e+01	3.910508e+02
4.610000e-06	4.899848e-06	1.595748e-09	2.656086e+01	3.893278e+02
4.620000e-06	4.855905e-06	1.588617e-09	2.632265e+01	3.875731e+02
4.630000e-06	4.811763e-06	1.579046e-09	2.608337e+01	3.857877e+02
4.640000e-06	4.767382e-06	1.569753e-09	2.584279e+01	3.839724e+02
4.650000e-06	4.722699e-06	1.562954e-09	2.560057e+01	3.821284e+02
4.660000e-06	4.677645e-06	1.557677e-09	2.535635e+01	3.802566e+02
4.670000e-06	4.632226e-06	1.550088e-09	2.511014e+01	3.783580e+02
4.680000e-06	4.586541e-06	1.539831e-09	2.486249e+01	3.764337e+02
4.690000e-06	4.540557e-06	1.531185e-09	2.461323e+01	3.744844e+02
4.700000e-06	4.494155e-06	1.525054e-09	2.436169e+01	3.725111e+02
4.710000e-06	4.447398e-06	1.518415e-09	2.410823e+01	3.705145e+02
4.720000e-06	4.400385e-06	1.509891e-09	2.385339e+01	3.684954e+02
4.730000e-06	4.353151e-06	1.500003e-09	2.359735e+01	3.664543e+02
4.740000e-06	4.305694e-06	1.490901e-09	2.334009e+01	3.643917e+02
4.750000e-06	4.257960e-06	1.484591e-09	2.308134e+01	3.623082e+02
4.760000e-06	4.209660e-06	1.478262e-09	2.281952e+01	3.602038e+02
4.770000e-06	4.160795e-06	1.469068e-09	2.255463e+01	3.580790e+02
4.780000e-06	4.111642e-06	1.459191e-09	2.228819e+01	3.559336e+02
4.790000e-06	4.062125e-06	1.451269e-09	2.201977e+01	3.537677e+02
4.800000e-06	4.012403e-06	1.444442e-09	2.175023e+01	3.515812e+02
4.810000e-06	3.962476e-06	1.435007e-09	2.147959e+01	3.493738e+02
4.820000e-06	3.912146e-06	1.423882e-09	2.120677e+01	3.471453e+02
4.830000e-06	3.861525e-06	1.414049e-09	2.093236e+01	3.448951e+02
4.840000e-06	3.810587e-06	1.405032e-09	2.065624e+01	3.426229e+02
4.850000e-06	3.759185e-06	1.395739e-09	2.037761e+01	3.403280e+02
4.860000e-06	3.707464e-06	1.385565e-09	2.009724e+01	3.380099e+02
4.870000e-06	3.655601e-06	1.375037e-09	1.981610e+01	3.356679e+02
4.880000e-06	3.603606e-06	1.365574e-09	1.953425e+01	3.333013e+02
4.890000e-06	3.551427e-06	1.356834e-09	1.925140e+01	3.309094e+02
4.900000e-06	3.498976e-06	1.348555e-09	1.896707e+01	3.284914e+02
4.910000e-06	3.446201e-06	1.340001e-09	1.868100e+01	3.260465e+02
4.920000e-06	3.393134e-06	1.329319e-09	1.839333e+01	3.235741e+02
4.930000e-06	3.339825e-06	1.318146e-09	1.810436e+01	3.210734e+02
4.940000e-06	3.285996e-06	1.309347e-09	1.781256e+01	3.185435e+02
4.950000e-06	3.231651e-06	1.300154e-09	1.751798e+01	3.159840e+02
4.960000e-06	3.176950e-06	1.288232e-09	1.722145e+01	3.133939e+02
4.970000e-06	3.121831e-06	1.275974e-09	1.692267e+01	3.107728e+02
4.980000e-06	3.066468e-06	1.264856e-09	1.662256e+01	3.081199e+02
4.990000e-06	3.010908e-06	1.254644e-09	1.632138e+01	3.054348e+02
5.000000e-06	2.955099e-06	1.244434e-09	1.601886e+01	3.027168e+02
5.010000e-06	2.899128e-06	1.233158e-09	1.571545e+01	2.999655e+02
5.020000e-06	2.843053e-06	1.220967e-09	1.541148e+01	2.971804e+02
5.030000e-06	2.786854e-06	1.208752e-09	1.510684e+01	2.943610e+02
5.040000e-06	2.730492e-06	1.196298e-09	1.480131e+01	2.915070e+02
5.050000e-06	2.673997e-06	1.184075e-09	1.449507e+01	2.886178e+02
5.060000e-06	2.617346e-06	1.172011e-09	1.418798e+01	2.856932e+02
5.070000e-06	2.560501e-06	1.159570e-09	1.387984e+01	2.827326e+02
5.080000e-06	2.503476e-06	1.148218e-09	1.357072e+01	2.797357e+02
5.090000e-06	2.446328e-06	1.138138e-09	1.326093e+01	2.767020e+02
5.100000e-06	2.389069e-06	1.126370e-09	1.295055e+01	2.736310e+02
5.110000e-06	2.331566e-06	1.111476e-09	1.263884e+01	2.705220e+02
5.120000e-06	2.273894e-06	1.096047e-09	1.232621e+01	2.673744e+02
5.130000e-06	2.216048e-06	1.082456e-09	1.201264e+01	2.641875e+02
5.140000e-06	2.157983e-06	1.070574e-09	1.169789e+01	2.609603e+02
5.150000e-06	2.099777e-06	1.058635e-09	1.138237e+01	2.576920e+02
5.160000e-06	2.041389e-06	1.046136e-09	1.106586e+01	2.543814e+02
5.170000e-06	1.982834e-06	1.033811e-09	1.074845e+01	2.510272e+02
5.180000e-06	1.924136e-06	1.019951e-09	1.043026e+01	2.476279e+02
5.190000e-06	1.865284e-06	1.004371e-09	1.011124e+01	2.441819e+02
5.200000e-06	1.806343e-06	9.885731e-10	9.791737e+00	2.406875e+02
5.210000e-06	1.747305e-06	9.731127e-10	9.471705e+00	2.371426e+02
5.220000e-06	1.687998e-06	9.577486e-10	9.150217e+00	2.335451e+02
5.230000e-06	1.628495e-06	9.415355e-10	8.827667e+00	2.298926e+02
5.240000e-06	1.569025e-06	9.257704e-10	8.505293e+00	2.261825e+02
5.250000e-06	1.509602e-06	9.118260e-10	8.183175e+00	2.224121e+02
5.260000e-06	1.450090e-06	8.991459e-10	7.860576e+00	2.185784e+02
5.270000e-06	1.390410e-06	8.851016e-10	7.537068e+00	2.146786e+02
5.280000e-06	1.330627e-06	8.677861e-10	7.212997e+00	2.107092e+02
5.290000e-06	1.270857e-06	8.481334e-10	6.889000e+00	2.066671e+02
5.300000e-06	1.211066e-06	8.271937e-10	6.564889e+00	2.025489e+02
5.310000e-06	1.151168e-06	8.058889e-10	6.240192e+00	1.983511e+02
5.320000e-06	1.091132e-06	7.851293e-10	5.914756e+00	1.940704e+02
5.330000e-06	1.031049e-06	7.666359e-10	5.589060e+00	1.897032e+02
5.340000e-06	9.709459e-07	7.513556e-10	5.263256e+00	1.852463e+02
5.350000e-06	9.108011e-07	7.362959e-10	4.937226e+00	1.806964e+02
5.360000e-06	8.506765e-07	7.185194e-10	4.611305e+00	1.760504e+02
5.370000e-06	7.904787e-07	6.984876e-10	4.284988e+00	1.713055e+02
5.380000e-06	7.301235e-07	6.771988e-10	3.957818e+00	1.664591e+02
5.390000e-06	6.697562e-07	6.549362e-10	3.630581e+00	1.615088e+02
5.400000e-06	6.094076e-07	6.322264e-10	3.303447e+00	1.564527e+02
5.410000e-06	5.490041e-07	6.102556e-10	2.976014e+00	1.512891e+02
5.420000e-06	4.886540e-07	5.886197e-10	2.648872e+00	1.460170e+02
5.430000e-06	4.282904e-07	5.669971e-10	2.321655e+00	1.406358e+02
5.440000e-06	3.678143e-07	5.466416e-10	1.993830e+00	1.351453e+02
5.450000e-06	3.072989e-07	5.261662e-10	1.665791e+00	1.295459e+02
5.460000e-06	2.468312e-07	5.029330e-10	1.338010e+00	1.238387e+02
5.470000e-06	1.863525e-07	4.776552e-10	1.010171e+00	1.180253e+02
5.480000e-06	1.258172e-07	4.526373e-10	6.820235e-01	1.121080e+02
5.490000e-06	6.536715e-08	4.275813e-10	3.543390e-01	1.060896e+02
5.500000e-06	4.929574e-09	4.026140e-10	2.672199e-02	9.997361e+01
5.510000e-06	-5.554288e-08	3.780923e-10	-3.010841e-01	9.376422e+01
5.520000e-06	-1.159853e-07	3.533578e-10	-6.287276e-01	8.746618e+01
5.530000e-06	-1.764540e-07	3.290693e-10	-9.565132e-01	8.108483e+01
5.540000e-06	-2.369046e-07	3.052376e-10	-1.284201e+00	7.462609e+01
5.550000e-06	-2.973063e-07	2.799885e-10	-1.611623e+00	6.809639e+01
5.560000e-06	-3.577690e-07	2.526162e-10	-1.939376e+00	6.150267e+01
5.570000e-06	-4.182086e-07	2.253513e-10	-2.267005e+00	5.485228e+01
5.580000e-06	-4.785977e-07	1.989149e-10	-2.594359e+00	4.815294e+01
5.590000e-06	-5.389782e-07	1.723387e-10	-2.921667e+00	4.141269e+01
5.600000e-06	-5.992727e-07	1.447391e-10	-3.248508e+00	3.463982e+01
5.610000e-06	-6.595300e-07	1.169180e-10	-3.575147e+00	2.784278e+01
5.620000e-06	-7.197397e-07	8.979321e-11	-3.901529e+00	2.103012e+01
5.630000e-06	-7.797934e-07	6.277498e-11	-4.227066e+00	1.421042e+01
5.640000e-06	-8.398031e-07	3.655764e-11	-4.552363e+00	7.392179e+00
5.650000e-06	-8.999220e-07	1.038527e-11	-4.878253e+00	5.837876e-01
5.660000e-06	-9.600750e-07	-1.616367e-11	-5.204327e+00	-6.206583e+00
5.670000e-06	-1.020157e-06	-4.213255e-11	-5.530018e+00	-1.297104e+01
5.680000e-06	-1.080127e-06	-6.828025e-11	-5.855101e+00	-1.970205e+01
5.690000e-06	-1.140057e-06	-9.522660e-11	-6.179963e+00	-2.639247e+01
5.700000e-06	-1.199951e-06	-1.223378e-10	-6.504633e+00	-3.303567e+01
5.710000e-06	-1.259699e-06	-1.484085e-10	-6.828514e+00	-3.962550e+01
5.720000e-06	-1.319444e-06	-1.730178e-10	-7.152379e+00	-4.615640e+01
5.730000e-06	-1.379235e-06	-1.973559e-10	-7.476489e+00	-5.262343e+01
5.740000e-06	-1.438834e-06	-2.224225e-10	-7.799560e+00	-5.902224e+01
5.750000e-06	-1.498276e-06	-2.481160e-10	-8.121782e+00	-6.534918e+01
5.760000e-06	-1.557631e-06	-2.743782e-10	-8.443530e+00	-7.160123e+01
5.770000e-06	-1.616889e-06	-3.004352e-10	-8.764754e+00	-7.777602e+01
5.780000e-06	-1.676053e-06	-3.251516e-10	-9.085467e+00	-8.387186e+01
5.790000e-06	-1.735107e-06	-3.493805e-10	-9.405580e+00	-8.988767e+01
5.800000e-06	-1.794090e-06	-3.740156e-10	-9.725316e+00	-9.582298e+01
5.810000e-06	-1.852984e-06	-3.979602e-10	-1.004457e+01	-1.016779e+02
5.820000e-06	-1.911711e-06	-4.207171e-10	-1.036291e+01	-1.074530e+02
5.830000e-06	-1.970238e-06	-4.439656e-10	-1.068017e+01	-1.131495e+02
5.840000e-06	-2.028648e-06	-4.677555e-10	-1.099679e+01	-1.187689e+02
5.850000e-06	-2.086841e-06	-4.907554e-10	-1.131224e+01	-1.243130e+02
5.860000e-06	-2.144850e-06	-5.127367e-10	-1.162670e+01	-1.297841e+02
5.870000e-06	-2.202725e-06	-5.342895e-10	-1.194043e+01	-1.351846e+02
5.880000e-06	-2.260388e-06	-5.566407e-10	-1.225300e+01	-1.405171e+02
5.890000e-06	-2.317868e-06	-5.800221e-10	-1.256459e+01	-1.457844e+02
5.900000e-06	-2.375232e-06	-6.034127e-10	-1.287554e+01	-1.509892e+02
5.910000e-06	-2.432434e-06	-6.261346e-10	-1.318562e+01	-1.561342e+02
5.920000e-06	-2.489408e-06	-6.483156e-10	-1.349446e+01	-1.612221e+02
5.930000e-06	-2.546269e-06	-6.699571e-10	-1.380269e+01	-1.662554e+02
5.940000e-06	-2.602976e-06	-6.912063e-10	-1.411008e+01	-1.712364e+02
5.950000e-06	-2.659511e-06	-7.120655e-10	-1.441655e+01	-1.761674e+02
5.960000e-06	-2.715900e-06	-7.324101e-10	-1.472221e+01	-1.810500e+02
5.970000e-06	-2.772207e-06	-7.527507e-10	-1.502744e+01	-1.858859e+02
5.980000e-06	-2.828332e-06	-7.731659e-10	-1.533168e+01	-1.906763e+02
5.990000e-06	-2.884164e-06	-7.927788e-10	-1.563434e+01	-1.954220e+02
6.000000e-06	-2.939826e-06	-8.120498e-10	-1.593606e+01	-2.001237e+02
6.010000e-06	-2.995344e-06	-8.310941e-10	-1.623701e+01	-2.047816e+02
6.020000e-06	-3.050543e-06	-8.490659e-10	-1.653623e+01	-2.093954e+02
6.030000e-06	-3.105453e-06	-8.668904e-10	-1.683388e+01	-2.139648e+02
6.040000e-06	-3.160153e-06	-8.855810e-10	-1.713040e+01	-2.184891e+02
6.050000e-06	-3.214469e-06	-9.047270e-10	-1.742484e+01	-2.229673e+02
6.060000e-06	-3.268433e-06	-9.239593e-10	-1.771736e+01	-2.273980e+02
6.070000e-06	-3.322069e-06	-9.425194e-10	-1.800811e+01	-2.317798e+02
6.080000e-06	-3.375453e-06	-9.598482e-10	-1.829749e+01	-2.361112e+02
6.090000e-06	-3.428551e-06	-9.777492e-10	-1.858532e+01	-2.403904e+02
6.100000e-06	-3.481262e-06	-9.962858e-10	-1.887105e+01	-2.446156e+02
6.110000e-06	-3.533786e-06	-1.014360e-09	-1.915577e+01	-2.487849e+02
6.120000e-06	-3.586058e-06	-1.031669e-09	-1.943913e+01	-2.528965e+02
6.130000e-06	-3.637887e-06	-1.048032e-09	-1.972008e+01	-2.569486e+02
6.140000e-06	-3.689422e-06	-1.063806e-09	-1.999944e+01	-2.609396e+02
6.150000e-06	-3.740750e-06	-1.079445e-09	-2.027767e+01	-2.648678e+02
6.160000e-06	-3.791816e-06	-1.095887e-09	-2.055449e+01	-2.687319e+02
6.170000e-06	-3.842605e-06	-1.112339e-09	-2.082980e+01	-2.725306e+02
6.180000e-06	-3.893077e-06	-1.127842e-09	-2.110340e+01	-2.762630e+02
6.190000e-06	-3.943186e-06	-1.143767e-09	-2.137503e+01	-2.799283e+02
6.200000e-06	-3.993079e-06	-1.160554e-09	-2.164548e+01	-2.835260e+02
6.210000e-06	-4.042693e-06	-1.175772e-09	-2.191443e+01	-2.870558e+02
6.220000e-06	-4.091756e-06	-1.188362e-09	-2.218039e+01	-2.905178e+02
6.230000e-06	-4.140304e-06	-1.200440e-09	-2.244356e+01	-2.939122e+02
6.240000e-06	-4.188530e-06	-1.212848e-09	-2.270497e+01	-2.972395e+02
6.250000e-06	-4.236527e-06	-1.225689e-09	-2.296516e+01	-3.005004e+02
6.260000e-06	-4.284255e-06	-1.239941e-09	-2.322388e+01	-3.036960e+02
6.270000e-06	-4.331426e-06	-1.253691e-09	-2.347958e+01	-3.068275e+02
6.280000e-06	-4.378270e-06	-1.266060e-09	-2.373351e+01	-3.098961e+02
6.290000e-06	-4.424982e-06	-1.278852e-09	-2.398672e+01	-3.129034e+02
6.300000e-06	-4.471314e-06	-1.291685e-09	-2.423788e+01	-3.158510e+02
6.310000e-06	-4.517293e-06	-1.303131e-09	-2.448712e+01	-3.187407e+02
6.320000e-06	-4.562923e-06	-1.313198e-09	-2.473447e+01	-3.215743e+02
6.330000e-06	-4.608383e-06	-1.322426e-09	-2.498089e+01	-3.243536e+02
6.340000e-06	-4.653546e-06	-1.332043e-09	-2.522571e+01	-3.270805e+02
6.350000e-06	-4.698262e-06	-1.343329e-09	-2.546811e+01	-3.297567e+02
6.360000e-06	-4.742758e-06	-1.355211e-09	-2.570931e+01	-3.323842e+02
6.370000e-06	-4.787058e-06	-1.366228e-09	-2.594945e+01	-3.349647e+02
6.380000e-06	-4.831071e-06	-1.377164e-09	-2.618803e+01	-3.374998e+02
6.390000e-06	-4.874831e-06	-1.388340e-09	-2.642524e+01	-3.399912e+02
6.400000e-06	-4.918321e-06	-1.398503e-09	-2.666099e+01	-3.424403e+02
6.410000e-06	-4.961552e-06	-1.407399e-09	-2.689533e+01	-3.448484e+02
6.420000e-06	-5.004473e-06	-1.416662e-09	-2.712800e+01	-3.472169e+02
6.430000e-06	-5.046961e-06	-1.427335e-09	-2.735832e+01	-3.495470e+02
6.440000e-06	-5.089059e-06	-1.438755e-09	-2.758652e+01	-3.518396e+02
6.450000e-06	-5.130781e-06	-1.449865e-09	-2.781268e+01	-3.540956e+02
6.460000e-06	-5.172180e-06	-1.459433e-09	-2.803710e+01	-3.563160e+02
6.470000e-06	-5.213394e-06	-1.467199e-09	-2.826051e+01	-3.585014e+02
6.480000e-06	-5.254259e-06	-1.474891e-09	-2.848203e+01	-3.606525e+02
6.490000e-06	-5.294746e-06	-1.484348e-09	-2.870150e+01	-3.627700e+02
6.500000e-06	-5.334987e-06	-1.494234e-09	-2.891964e+01	-3.648545e+02
6.510000e-06	-5.374774e-06	-1.502458e-09	-2.913531e+01	-3.669064e+02
6.520000e-06	-5.414075e-06	-1.509437e-09	-2.934835e+01	-3.689263e+02
6.530000e-06	-5.453001e-06	-1.516577e-09	-2.955936e+01	-3.709148e+02
6.540000e-06	-5.491436e-06	-1.523970e-09	-2.976770e+01	-3.728723e+02
6.550000e-06	-5.529343e-06	-1.530642e-09	-2.997319e+01	-3.747995e+02
6.560000e-06	-5.566789e-06	-1.537146e-09	-3.017618e+01	-3.766970e+02
6.570000e-06	-5.603869e-06	-1.544832e-09	-3.037718e+01	-3.785654e+02
6.580000e-06	-5.640457e-06	-1.552928e-09	-3.057551e+01	-3.804055e+02
6.590000e-06	-5.676589e-06	-1.560375e-09	-3.077137e+01	-3.822179e+02
6.600000e-06	-5.712405e-06	-1.566465e-09	-3.096552e+01	-3.840034e+02
6.610000e-06	-5.747874e-06	-1.571371e-09	-3.115779e+01	-3.857630e+02
6.620000e-06	-5.783073e-06	-1.577312e-09	-3.134860e+01	-3.874974e+02
6.630000e-06	-5.817875e-06	-1.585612e-09	-3.153725e+01	-3.892077e+02
6.640000e-06	-5.852328e-06	-1.593678e-09	-3.172401e+01	-3.908946e+02
6.650000e-06	-5.886364e-06	-1.599263e-09	-3.190851e+01	-3.925592e+02
6.660000e-06	-5.919803e-06	-1.604580e-09	-3.208978e+01	-3.942024e+02
6.670000e-06	-5.952829e-06	-1.611130e-09	-3.226880e+01	-3.958250e+02
6.680000e-06	-5.985547e-06	-1.617856e-09	-3.244616e+01	-3.974280e+02
6.690000e-06	-6.017897e-06	-1.623522e-09	-3.262152e+01	-3.990121e+02
6.700000e-06	-6.049839e-06	-1.628746e-09	-3.279467e+01	-4.005781e+02
6.710000e-06	-6.081268e-06	-1.634665e-09	-3.296504e+01	-4.021266e+02
6.720000e-06	-6.112142e-06	-1.641829e-09	-3.313240e+01	-4.036581e+02
6.730000e-06	-6.142520e-06	-1.648974e-09	-3.329707e+01	-4.051731e+02
6.740000e-06	-6.172300e-06	-1.654118e-09	-3.345850e+01	-4.066718e+02
6.750000e-06	-6.201434e-06	-1.658437e-09	-3.361643e+01	-4.081544e+02
6.760000e-06	-6.230203e-06	-1.664116e-09	-3.377238e+01	-4.096209e+02
6.770000e-06	-6.258636e-06	-1.670863e-09	-3.392650e+01	-4.110711e+02
6.780000e-06	-6.286627e-06	-1.677085e-09	-3.407824e+01	-4.125048e+02
6.790000e-06	-6.314278e-06	-1.683464e-09	-3.422813e+01	-4.139216e+02
6.800000e-06	-6.341529e-06	-1.689314e-09	-3.437584e+01	-4.153209e+02
6.810000e-06	-6.368386e-06	-1.694927e-09	-3.452143e+01	-4.167020e+02
6.820000e-06	-6.394741e-06	-1.701698e-09	-3.466430e+01	-4.180640e+02
6.830000e-06	-6.420563e-06	-1.707586e-09	-3.480427e+01	-4.194062e+02
6.840000e-06	-6.445922e-06	-1.711654e-09	-3.494174e+01	-4.207276e+02
6.850000e-06	-6.470786e-06	-1.714827e-09	-3.507652e+01	-4.220269e+02
6.860000e-06	-6.495265e-06	-1.718575e-09	-3.520921e+01	-4.233033e+02
6.870000e-06	-6.519444e-06	-1.723428e-09	-3.534028e+01	-4.245556e+02
6.880000e-06	-6.543316e-06	-1.727737e-09	-3.546968e+01	-4.257826e+02
6.890000e-06	-6.566695e-06	-1.730981e-09	-3.559641e+01	-4.269834e+02
6.900000e-06	-6.589531e-06	-1.735147e-09	-3.572020e+01	-4.281568e+02
6.910000e-06	-6.611702e-06	-1.741038e-09	-3.584039e+01	-4.293018e+02
6.920000e-06	-6.633166e-06	-1.747309e-09	-3.595674e+01	-4.304177e+02
6.930000e-06	-6.654064e-06	-1.752087e-09	-3.607002e+01	-4.315036e+02
6.940000e-06	-6.674392e-06	-1.755238e-09	-3.618021e+01	-4.325589e+02
6.950000e-06	-6.694352e-06	-1.759381e-09	-3.628841e+01	-4.335831e+02
6.960000e-06	-6.714006e-06	-1.765540e-09	-3.639495e+01	-4.345758e+02
6.970000e-06	-6.733228e-06	-1.770926e-09	-3.649915e+01	-4.355367e+02
6.980000e-06	-6.751994e-06	-1.773778e-09	-3.660088e+01	-4.364659e+02
6.990000e-06	-6.770387e-06	-1.775119e-09	-3.670058e+01	-4.373634e+02
7.000000e-06	-6.788341e-06	-1.777197e-09	-3.679790e+01	-4.382294e+02
7.010000e-06	-6.805786e-06	-1.779852e-09	-3.689247e+01	-4.390645e+02
7.020000e-06	-6.822771e-06	-1.781036e-09	-3.698454e+01	-4.398691e+02
7.030000e-06	-6.839350e-06	-1.781335e-09	-3.707441e+01	-4.406438e+02
7.040000e-06	-6.855623e-06	-1.783921e-09	-3.716262e+01	-4.413897e+02
7.050000e-06	-6.871422e-06	-1.789578e-09	-3.724826e+01	-4.421074e+02
7.060000e-06	-6.886585e-06	-1.793479e-09	-3.733046e+01	-4.427980e+02
7.070000e-06	-6.901106e-06	-1.793528e-09	-3.740917e+01	-4.434625e+02
7.080000e-06	-6.914867e-06	-1.793423e-09	-3.748377e+01	-4.441021e+02
7.090000e-06	-6.927850e-06	-1.795096e-09	-3.755415e+01	-4.447179e+02
7.100000e-06	-6.940291e-06	-1.798485e-09	-3.762158e+01	-4.453110e+02
7.110000e-06	-6.952262e-06	-1.801989e-09	-3.768648e+01	-4.458824e+02
7.120000e-06	-6.963693e-06	-1.804350e-09	-3.774844e+01	-4.464333e+02
7.130000e-06	-6.974623e-06	-1.806064e-09	-3.780769e+01	-4.469647e+02
7.140000e-06	-6.984993e-06	-1.807151e-09	-3.786391e+01	-4.474774e+02
7.150000e-06	-6.994796e-06	-1.808483e-09	-3.791705e+01	-4.479725e+02
7.160000e-06	-7.004175e-06	-1.809420e-09	-3.796788e+01	-4.484507e+02
7.170000e-06	-7.013205e-06	-1.808499e-09	-3.801683e+01	-4.489125e+02
7.180000e-06	-7.021876e-06	-1.807469e-09	-3.806384e+01	-4.493586e+02
7.190000e-06	-7.030106e-06	-1.808104e-09	-3.810845e+01	-4.497895e+02
7.200000e-06	-7.037867e-06	-1.809442e-09	-3.815052e+01	-4.502053e+02
7.210000e-06	-7.045156e-06	-1.809734e-09	-3.819003e+01	-4.506064e+02
7.220000e-06	-7.051816e-06	-1.809259e-09	-3.822614e+01	-4.509929e+02
7.230000e-06	-7.057785e-06	-1.809677e-09	-3.825849e+01	-4.513646e+02
7.240000e-06	-7.063225e-06	-1.811548e-09	-3.828798e+01	-4.517216e+02
7.250000e-06	-7.068062e-06	-1.814362e-09	-3.831420e+01	-4.520636e+02
7.260000e-06	-7.072245e-06	-1.816138e-09	-3.833688e+01	-4.523904e+02
7.270000e-06	-7.075994e-06	-1.815980e-09	-3.835720e+01	-4.527015e+02
7.280000e-06	-7.079426e-06	-1.815919e-09	-3.837580e+01	-4.529968e+02
7.290000e-06	-7.082403e-06	-1.817266e-09	-3.839194e+01	-4.532756e+02
7.300000e-06	-7.084932e-06	-1.818533e-09	-3.840565e+01	-4.535377e+02
7.310000e-06	-7.087080e-06	-1.817857e-09	-3.841729e+01	-4.537826e+02
7.320000e-06	-7.088715e-06	-1.816564e-09	-3.842616e+01	-4.540098e+02
7.330000e-06	-7.089823e-06	-1.817536e-09	-3.843216e+01	-4.542190e+02
7.340000e-06	-7.090478e-06	-1.819758e-09	-3.843571e+01	-4.544097e+02
