# Temperatura_=_-5.9
# Concentracion g/m^3_=_7400.0
# C_Vs_to_Am_M_A/Vsm_=_254322799225.57578
# pendiente_HvsI_1/m_=_3716.3
# ordenada_HvsI_A/m_=_1297.0
# frecuencia_Hz_=_136119.1216159965

Tiempo_(s)	Campo_(V.s)	Magnetizacion_(V.s)	Campo_(kA/m)	Magnetizacion_(A/m)
0.000000e+00	-7.166716e-06	-1.484383e-09	-3.841292e+01	-3.695713e+02
1.000000e-08	-7.166672e-06	-1.483938e-09	-3.841268e+01	-3.695517e+02
2.000000e-08	-7.166246e-06	-1.482914e-09	-3.841040e+01	-3.695147e+02
3.000000e-08	-7.165227e-06	-1.480542e-09	-3.840493e+01	-3.694611e+02
4.000000e-08	-7.163485e-06	-1.478108e-09	-3.839560e+01	-3.693916e+02
5.000000e-08	-7.161072e-06	-1.477017e-09	-3.838266e+01	-3.693070e+02
6.000000e-08	-7.158089e-06	-1.477473e-09	-3.836668e+01	-3.692082e+02
7.000000e-08	-7.154555e-06	-1.479435e-09	-3.834773e+01	-3.690960e+02
8.000000e-08	-7.150506e-06	-1.483739e-09	-3.832603e+01	-3.689713e+02
9.000000e-08	-7.145884e-06	-1.471980e-09	-3.830126e+01	-3.688351e+02
1.000000e-07	-7.140507e-06	-1.436204e-09	-3.827244e+01	-3.686881e+02
1.100000e-07	-7.134415e-06	-1.438682e-09	-3.823978e+01	-3.685312e+02
1.200000e-07	-7.127971e-06	-1.517799e-09	-3.820525e+01	-3.683651e+02
1.300000e-07	-7.121492e-06	-1.523732e-09	-3.817052e+01	-3.681905e+02
1.400000e-07	-7.114654e-06	-1.411570e-09	-3.813387e+01	-3.680079e+02
1.500000e-07	-7.107167e-06	-1.397733e-09	-3.809374e+01	-3.678179e+02
1.600000e-07	-7.099213e-06	-1.527084e-09	-3.805110e+01	-3.676207e+02
1.700000e-07	-7.090995e-06	-1.529199e-09	-3.800706e+01	-3.674166e+02
1.800000e-07	-7.082161e-06	-1.358112e-09	-3.795971e+01	-3.672056e+02
1.900000e-07	-7.072545e-06	-1.368223e-09	-3.790817e+01	-3.669877e+02
2.000000e-07	-7.062282e-06	-1.562599e-09	-3.785316e+01	-3.667627e+02
2.100000e-07	-7.051591e-06	-1.537955e-09	-3.779585e+01	-3.665301e+02
2.200000e-07	-7.040328e-06	-1.334929e-09	-3.773549e+01	-3.662895e+02
2.300000e-07	-7.028264e-06	-1.370575e-09	-3.767083e+01	-3.660402e+02
2.400000e-07	-7.015707e-06	-1.539610e-09	-3.760352e+01	-3.657815e+02
2.500000e-07	-7.002686e-06	-1.469538e-09	-3.753373e+01	-3.655124e+02
2.600000e-07	-6.989125e-06	-1.342551e-09	-3.746104e+01	-3.652320e+02
2.700000e-07	-6.975016e-06	-1.446027e-09	-3.738542e+01	-3.649392e+02
2.800000e-07	-6.960045e-06	-1.521351e-09	-3.730518e+01	-3.646329e+02
2.900000e-07	-6.944207e-06	-1.398139e-09	-3.722029e+01	-3.643119e+02
3.000000e-07	-6.927866e-06	-1.381800e-09	-3.713270e+01	-3.639750e+02
3.100000e-07	-6.911237e-06	-1.486492e-09	-3.704357e+01	-3.636211e+02
3.200000e-07	-6.894280e-06	-1.421186e-09	-3.695268e+01	-3.632490e+02
3.300000e-07	-6.876747e-06	-1.342002e-09	-3.685871e+01	-3.628577e+02
3.400000e-07	-6.858655e-06	-1.469883e-09	-3.676174e+01	-3.624462e+02
3.500000e-07	-6.840019e-06	-1.499863e-09	-3.666185e+01	-3.620135e+02
3.600000e-07	-6.820930e-06	-1.334950e-09	-3.655953e+01	-3.615589e+02
3.700000e-07	-6.801330e-06	-1.353146e-09	-3.645448e+01	-3.610818e+02
3.800000e-07	-6.781283e-06	-1.496328e-09	-3.634703e+01	-3.605816e+02
3.900000e-07	-6.761011e-06	-1.415244e-09	-3.623838e+01	-3.600580e+02
4.000000e-07	-6.740311e-06	-1.315486e-09	-3.612742e+01	-3.595109e+02
4.100000e-07	-6.718927e-06	-1.424068e-09	-3.601281e+01	-3.589402e+02
4.200000e-07	-6.697075e-06	-1.451379e-09	-3.589568e+01	-3.583461e+02
4.300000e-07	-6.674807e-06	-1.340985e-09	-3.577633e+01	-3.577290e+02
4.400000e-07	-6.652098e-06	-1.370372e-09	-3.565461e+01	-3.570892e+02
4.500000e-07	-6.628979e-06	-1.429294e-09	-3.553070e+01	-3.564276e+02
4.600000e-07	-6.605381e-06	-1.349967e-09	-3.540421e+01	-3.557448e+02
4.700000e-07	-6.581372e-06	-1.344472e-09	-3.527553e+01	-3.550417e+02
4.800000e-07	-6.557029e-06	-1.425980e-09	-3.514505e+01	-3.543193e+02
4.900000e-07	-6.532164e-06	-1.376212e-09	-3.501178e+01	-3.535787e+02
5.000000e-07	-6.506653e-06	-1.315121e-09	-3.487504e+01	-3.528210e+02
5.100000e-07	-6.480496e-06	-1.376061e-09	-3.473484e+01	-3.520473e+02
5.200000e-07	-6.453640e-06	-1.383467e-09	-3.459090e+01	-3.512587e+02
5.300000e-07	-6.426240e-06	-1.325191e-09	-3.444403e+01	-3.504564e+02
5.400000e-07	-6.398446e-06	-1.347213e-09	-3.429506e+01	-3.496414e+02
5.500000e-07	-6.370249e-06	-1.369387e-09	-3.414393e+01	-3.488147e+02
5.600000e-07	-6.341680e-06	-1.329121e-09	-3.399080e+01	-3.479772e+02
5.700000e-07	-6.312778e-06	-1.329059e-09	-3.383589e+01	-3.471297e+02
5.800000e-07	-6.283403e-06	-1.347255e-09	-3.367844e+01	-3.462727e+02
5.900000e-07	-6.253629e-06	-1.319544e-09	-3.351886e+01	-3.454069e+02
6.000000e-07	-6.223517e-06	-1.310825e-09	-3.335746e+01	-3.445325e+02
6.100000e-07	-6.192858e-06	-1.328607e-09	-3.319313e+01	-3.436497e+02
6.200000e-07	-6.161714e-06	-1.315636e-09	-3.302620e+01	-3.427584e+02
6.300000e-07	-6.130244e-06	-1.300348e-09	-3.285752e+01	-3.418586e+02
6.400000e-07	-6.098498e-06	-1.302038e-09	-3.268737e+01	-3.409497e+02
6.500000e-07	-6.066492e-06	-1.292158e-09	-3.251582e+01	-3.400313e+02
6.600000e-07	-6.034013e-06	-1.283613e-09	-3.234174e+01	-3.391026e+02
6.700000e-07	-6.000961e-06	-1.286983e-09	-3.216458e+01	-3.381629e+02
6.800000e-07	-5.967214e-06	-1.280999e-09	-3.198370e+01	-3.372111e+02
6.900000e-07	-5.932849e-06	-1.272408e-09	-3.179951e+01	-3.362462e+02
7.000000e-07	-5.898037e-06	-1.268641e-09	-3.161291e+01	-3.352668e+02
7.100000e-07	-5.862699e-06	-1.260724e-09	-3.142351e+01	-3.342719e+02
7.200000e-07	-5.826967e-06	-1.256444e-09	-3.123199e+01	-3.332599e+02
7.300000e-07	-5.790991e-06	-1.256344e-09	-3.103916e+01	-3.322296e+02
7.400000e-07	-5.754645e-06	-1.247865e-09	-3.084435e+01	-3.311796e+02
7.500000e-07	-5.717782e-06	-1.241846e-09	-3.064677e+01	-3.301084e+02
7.600000e-07	-5.680423e-06	-1.243333e-09	-3.044653e+01	-3.290148e+02
7.700000e-07	-5.642763e-06	-1.237489e-09	-3.024467e+01	-3.278975e+02
7.800000e-07	-5.604839e-06	-1.226376e-09	-3.004140e+01	-3.267553e+02
7.900000e-07	-5.566508e-06	-1.220344e-09	-2.983595e+01	-3.255870e+02
8.000000e-07	-5.527726e-06	-1.216076e-09	-2.962809e+01	-3.243916e+02
8.100000e-07	-5.488422e-06	-1.211465e-09	-2.941742e+01	-3.231682e+02
8.200000e-07	-5.448771e-06	-1.207652e-09	-2.920489e+01	-3.219160e+02
8.300000e-07	-5.408975e-06	-1.200909e-09	-2.899159e+01	-3.206344e+02
8.400000e-07	-5.368943e-06	-1.191794e-09	-2.877703e+01	-3.193228e+02
8.500000e-07	-5.328591e-06	-1.185145e-09	-2.856074e+01	-3.179807e+02
8.600000e-07	-5.287772e-06	-1.181069e-09	-2.834196e+01	-3.166080e+02
8.700000e-07	-5.246505e-06	-1.175837e-09	-2.812077e+01	-3.152044e+02
8.800000e-07	-5.204658e-06	-1.168282e-09	-2.789647e+01	-3.137700e+02
8.900000e-07	-5.162103e-06	-1.160375e-09	-2.766838e+01	-3.123048e+02
9.000000e-07	-5.119093e-06	-1.154722e-09	-2.743785e+01	-3.108089e+02
9.100000e-07	-5.075622e-06	-1.148830e-09	-2.720485e+01	-3.092826e+02
9.200000e-07	-5.031820e-06	-1.140816e-09	-2.697008e+01	-3.077263e+02
9.300000e-07	-4.987883e-06	-1.132865e-09	-2.673458e+01	-3.061402e+02
9.400000e-07	-4.943659e-06	-1.126308e-09	-2.649754e+01	-3.045248e+02
9.500000e-07	-4.899017e-06	-1.120558e-09	-2.625827e+01	-3.028804e+02
9.600000e-07	-4.854051e-06	-1.114350e-09	-2.601725e+01	-3.012077e+02
9.700000e-07	-4.808804e-06	-1.106560e-09	-2.577473e+01	-2.995069e+02
9.800000e-07	-4.763232e-06	-1.098811e-09	-2.553047e+01	-2.977785e+02
9.900000e-07	-4.717309e-06	-1.091833e-09	-2.528433e+01	-2.960229e+02
1.000000e-06	-4.670978e-06	-1.085045e-09	-2.503600e+01	-2.942404e+02
1.010000e-06	-4.624198e-06	-1.077987e-09	-2.478526e+01	-2.924314e+02
1.020000e-06	-4.577106e-06	-1.070479e-09	-2.453285e+01	-2.905961e+02
1.030000e-06	-4.529868e-06	-1.063000e-09	-2.427966e+01	-2.887347e+02
1.040000e-06	-4.482409e-06	-1.056693e-09	-2.402528e+01	-2.868474e+02
1.050000e-06	-4.434654e-06	-1.051419e-09	-2.376932e+01	-2.849342e+02
1.060000e-06	-4.386667e-06	-1.045158e-09	-2.351212e+01	-2.829953e+02
1.070000e-06	-4.338382e-06	-1.037602e-09	-2.325331e+01	-2.810306e+02
1.080000e-06	-4.289706e-06	-1.030035e-09	-2.299241e+01	-2.790400e+02
1.090000e-06	-4.240613e-06	-1.022599e-09	-2.272928e+01	-2.770235e+02
1.100000e-06	-4.191126e-06	-1.014447e-09	-2.246403e+01	-2.749810e+02
1.110000e-06	-4.141117e-06	-1.004988e-09	-2.219599e+01	-2.729122e+02
1.120000e-06	-4.090580e-06	-9.949400e-10	-2.192512e+01	-2.708170e+02
1.130000e-06	-4.039707e-06	-9.853461e-10	-2.165244e+01	-2.686953e+02
1.140000e-06	-3.988435e-06	-9.768369e-10	-2.137763e+01	-2.665469e+02
1.150000e-06	-3.936803e-06	-9.693741e-10	-2.110089e+01	-2.643717e+02
1.160000e-06	-3.884908e-06	-9.609690e-10	-2.082274e+01	-2.621694e+02
1.170000e-06	-3.832694e-06	-9.518034e-10	-2.054287e+01	-2.599400e+02
1.180000e-06	-3.780195e-06	-9.424118e-10	-2.026148e+01	-2.576834e+02
1.190000e-06	-3.727407e-06	-9.329594e-10	-1.997854e+01	-2.553995e+02
1.200000e-06	-3.674331e-06	-9.243606e-10	-1.969406e+01	-2.530884e+02
1.210000e-06	-3.621035e-06	-9.165256e-10	-1.940840e+01	-2.507501e+02
1.220000e-06	-3.567461e-06	-9.083486e-10	-1.912125e+01	-2.483846e+02
1.230000e-06	-3.513563e-06	-8.995731e-10	-1.883236e+01	-2.459921e+02
1.240000e-06	-3.459464e-06	-8.905816e-10	-1.854240e+01	-2.435726e+02
1.250000e-06	-3.405229e-06	-8.811205e-10	-1.825170e+01	-2.411264e+02
1.260000e-06	-3.350740e-06	-8.710233e-10	-1.795965e+01	-2.386537e+02
1.270000e-06	-3.295966e-06	-8.605056e-10	-1.766606e+01	-2.361546e+02
1.280000e-06	-3.240933e-06	-8.501460e-10	-1.737109e+01	-2.336295e+02
1.290000e-06	-3.185696e-06	-8.403649e-10	-1.707503e+01	-2.310785e+02
1.300000e-06	-3.130281e-06	-8.299385e-10	-1.677801e+01	-2.285020e+02
1.310000e-06	-3.074733e-06	-8.187216e-10	-1.648028e+01	-2.259000e+02
1.320000e-06	-3.019081e-06	-8.075101e-10	-1.618199e+01	-2.232729e+02
1.330000e-06	-2.963203e-06	-7.958242e-10	-1.588248e+01	-2.206208e+02
1.340000e-06	-2.907205e-06	-7.839126e-10	-1.558234e+01	-2.179438e+02
1.350000e-06	-2.851104e-06	-7.731103e-10	-1.528165e+01	-2.152419e+02
1.360000e-06	-2.794776e-06	-7.640298e-10	-1.497974e+01	-2.125154e+02
1.370000e-06	-2.738336e-06	-7.554332e-10	-1.467722e+01	-2.097640e+02
1.380000e-06	-2.681743e-06	-7.464200e-10	-1.437389e+01	-2.069877e+02
1.390000e-06	-2.624882e-06	-7.363128e-10	-1.406912e+01	-2.041863e+02
1.400000e-06	-2.567651e-06	-7.246726e-10	-1.376236e+01	-2.013596e+02
1.410000e-06	-2.510071e-06	-7.126290e-10	-1.345374e+01	-1.985073e+02
1.420000e-06	-2.452275e-06	-7.008927e-10	-1.314396e+01	-1.956289e+02
1.430000e-06	-2.394178e-06	-6.892632e-10	-1.283256e+01	-1.927241e+02
1.440000e-06	-2.335840e-06	-6.782208e-10	-1.251988e+01	-1.897922e+02
1.450000e-06	-2.277292e-06	-6.677451e-10	-1.220607e+01	-1.868327e+02
1.460000e-06	-2.218386e-06	-6.572495e-10	-1.189034e+01	-1.838450e+02
1.470000e-06	-2.159169e-06	-6.464654e-10	-1.157294e+01	-1.808282e+02
1.480000e-06	-2.099795e-06	-6.351629e-10	-1.125470e+01	-1.777817e+02
1.490000e-06	-2.040371e-06	-6.232651e-10	-1.093619e+01	-1.747045e+02
1.500000e-06	-1.980871e-06	-6.110352e-10	-1.061728e+01	-1.715959e+02
1.510000e-06	-1.921198e-06	-5.987956e-10	-1.029744e+01	-1.684549e+02
1.520000e-06	-1.861432e-06	-5.868655e-10	-9.977100e+00	-1.652806e+02
1.530000e-06	-1.801615e-06	-5.749773e-10	-9.656487e+00	-1.620721e+02
1.540000e-06	-1.741651e-06	-5.626573e-10	-9.335086e+00	-1.588284e+02
1.550000e-06	-1.681614e-06	-5.506102e-10	-9.013292e+00	-1.555486e+02
1.560000e-06	-1.621573e-06	-5.390398e-10	-8.691477e+00	-1.522318e+02
1.570000e-06	-1.561453e-06	-5.273129e-10	-8.369237e+00	-1.488770e+02
1.580000e-06	-1.501291e-06	-5.154919e-10	-8.046779e+00	-1.454833e+02
1.590000e-06	-1.441084e-06	-5.034851e-10	-7.724074e+00	-1.420498e+02
1.600000e-06	-1.380773e-06	-4.906633e-10	-7.400812e+00	-1.385757e+02
1.610000e-06	-1.320335e-06	-4.773418e-10	-7.076869e+00	-1.350602e+02
1.620000e-06	-1.259745e-06	-4.647007e-10	-6.752113e+00	-1.315024e+02
1.630000e-06	-1.199078e-06	-4.521740e-10	-6.426941e+00	-1.279017e+02
1.640000e-06	-1.138370e-06	-4.387698e-10	-6.101555e+00	-1.242574e+02
1.650000e-06	-1.077610e-06	-4.249126e-10	-5.775885e+00	-1.205688e+02
1.660000e-06	-1.016763e-06	-4.108734e-10	-5.449753e+00	-1.168354e+02
1.670000e-06	-9.557282e-07	-3.966739e-10	-5.122612e+00	-1.130568e+02
1.680000e-06	-8.947111e-07	-3.832299e-10	-4.795566e+00	-1.092325e+02
1.690000e-06	-8.338019e-07	-3.705829e-10	-4.469099e+00	-1.053622e+02
1.700000e-06	-7.727157e-07	-3.574954e-10	-4.141683e+00	-1.014457e+02
1.710000e-06	-7.115035e-07	-3.437410e-10	-3.813591e+00	-9.748292e+01
1.720000e-06	-6.503449e-07	-3.294911e-10	-3.485787e+00	-9.347375e+01
1.730000e-06	-5.891761e-07	-3.149039e-10	-3.157928e+00	-8.941831e+01
1.740000e-06	-5.278977e-07	-3.000617e-10	-2.829481e+00	-8.531682e+01
1.750000e-06	-4.665522e-07	-2.851901e-10	-2.500675e+00	-8.116962e+01
1.760000e-06	-4.052516e-07	-2.698706e-10	-2.172110e+00	-7.697721e+01
1.770000e-06	-3.438901e-07	-2.528596e-10	-1.843218e+00	-7.274021e+01
1.780000e-06	-2.824497e-07	-2.358188e-10	-1.513904e+00	-6.845942e+01
1.790000e-06	-2.210045e-07	-2.205426e-10	-1.184563e+00	-6.413578e+01
1.800000e-06	-1.595464e-07	-2.051960e-10	-8.551537e-01	-5.977043e+01
1.810000e-06	-9.809681e-08	-1.885904e-10	-5.257895e-01	-5.536466e+01
1.820000e-06	-3.665842e-08	-1.713858e-10	-1.964857e-01	-5.091996e+01
1.830000e-06	2.478907e-08	-1.542293e-10	1.328671e-01	-4.643800e+01
1.840000e-06	8.631256e-08	-1.378319e-10	4.626271e-01	-4.192063e+01
1.850000e-06	1.478829e-07	-1.226836e-10	7.926383e-01	-3.736989e+01
1.860000e-06	2.094048e-07	-1.074122e-10	1.122390e+00	-3.278802e+01
1.870000e-06	2.708819e-07	-9.052552e-11	1.451901e+00	-2.817741e+01
1.880000e-06	3.323454e-07	-7.291190e-11	1.781340e+00	-2.354066e+01
1.890000e-06	3.938092e-07	-5.578511e-11	2.110780e+00	-1.888050e+01
1.900000e-06	4.552675e-07	-3.991332e-11	2.440190e+00	-1.419983e+01
1.910000e-06	5.167174e-07	-2.479974e-11	2.769556e+00	-9.501702e+00
1.920000e-06	5.781548e-07	-9.043203e-12	3.098855e+00	-4.789267e+00
1.930000e-06	6.393954e-07	7.929028e-12	3.427098e+00	-6.579399e-02
1.940000e-06	7.005265e-07	2.641970e-11	3.754755e+00	4.665366e+00
1.950000e-06	7.615513e-07	4.554737e-11	4.081842e+00	9.400800e+00
1.960000e-06	8.224058e-07	6.369091e-11	4.408017e+00	1.413706e+01
1.970000e-06	8.833164e-07	8.097689e-11	4.734492e+00	1.887067e+01
1.980000e-06	9.442577e-07	9.820784e-11	5.061131e+00	2.359819e+01
1.990000e-06	1.005158e-06	1.154852e-10	5.387549e+00	2.831621e+01
2.000000e-06	1.065912e-06	1.325126e-10	5.713189e+00	3.302137e+01
2.010000e-06	1.126559e-06	1.495115e-10	6.038252e+00	3.771042e+01
2.020000e-06	1.187245e-06	1.674886e-10	6.363519e+00	4.238023e+01
2.030000e-06	1.247892e-06	1.856099e-10	6.688581e+00	4.702778e+01
2.040000e-06	1.308419e-06	2.019503e-10	7.012999e+00	5.165025e+01
2.050000e-06	1.368696e-06	2.168740e-10	7.336082e+00	5.624497e+01
2.060000e-06	1.428815e-06	2.316436e-10	7.658314e+00	6.080950e+01
2.070000e-06	1.488941e-06	2.474605e-10	7.980583e+00	6.534158e+01
2.080000e-06	1.549004e-06	2.644250e-10	8.302516e+00	6.983921e+01
2.090000e-06	1.608984e-06	2.811837e-10	8.623999e+00	7.430059e+01
2.100000e-06	1.668940e-06	2.972716e-10	8.945361e+00	7.872419e+01
2.110000e-06	1.728832e-06	3.123893e-10	9.266375e+00	8.310869e+01
2.120000e-06	1.788626e-06	3.272015e-10	9.586868e+00	8.745302e+01
2.130000e-06	1.848378e-06	3.425984e-10	9.907128e+00	9.175634e+01
2.140000e-06	1.908092e-06	3.578425e-10	1.022719e+01	9.601803e+01
2.150000e-06	1.967711e-06	3.723087e-10	1.054675e+01	1.002377e+02
2.160000e-06	2.027207e-06	3.863555e-10	1.086564e+01	1.044150e+02
2.170000e-06	2.086588e-06	4.003901e-10	1.118391e+01	1.085501e+02
2.180000e-06	2.145925e-06	4.151616e-10	1.150195e+01	1.126429e+02
2.190000e-06	2.205121e-06	4.308915e-10	1.181924e+01	1.166937e+02
2.200000e-06	2.264177e-06	4.455174e-10	1.213577e+01	1.207028e+02
2.210000e-06	2.322964e-06	4.589197e-10	1.245087e+01	1.246707e+02
2.220000e-06	2.381316e-06	4.729135e-10	1.276363e+01	1.285978e+02
2.230000e-06	2.439327e-06	4.867549e-10	1.307456e+01	1.324845e+02
2.240000e-06	2.496963e-06	4.999399e-10	1.338348e+01	1.363315e+02
2.250000e-06	2.554336e-06	5.137942e-10	1.369100e+01	1.401392e+02
2.260000e-06	2.611416e-06	5.276401e-10	1.399694e+01	1.439081e+02
2.270000e-06	2.668079e-06	5.411927e-10	1.430065e+01	1.476384e+02
2.280000e-06	2.724448e-06	5.559628e-10	1.460278e+01	1.513307e+02
2.290000e-06	2.780718e-06	5.707212e-10	1.490439e+01	1.549851e+02
2.300000e-06	2.836864e-06	5.836397e-10	1.520532e+01	1.586018e+02
2.310000e-06	2.892843e-06	5.948773e-10	1.550536e+01	1.621808e+02
2.320000e-06	2.948709e-06	6.056195e-10	1.580480e+01	1.657221e+02
2.330000e-06	3.004413e-06	6.180038e-10	1.610337e+01	1.692256e+02
2.340000e-06	3.059974e-06	6.320345e-10	1.640117e+01	1.726910e+02
2.350000e-06	3.115411e-06	6.462490e-10	1.669830e+01	1.761179e+02
2.360000e-06	3.170689e-06	6.598055e-10	1.699459e+01	1.795061e+02
2.370000e-06	3.225752e-06	6.722107e-10	1.728973e+01	1.828549e+02
2.380000e-06	3.280619e-06	6.844467e-10	1.758381e+01	1.861640e+02
2.390000e-06	3.335252e-06	6.959959e-10	1.787663e+01	1.894327e+02
2.400000e-06	3.389527e-06	7.062044e-10	1.816754e+01	1.926604e+02
2.410000e-06	3.443534e-06	7.167955e-10	1.845701e+01	1.958468e+02
2.420000e-06	3.497408e-06	7.286818e-10	1.874577e+01	1.989911e+02
2.430000e-06	3.551116e-06	7.418324e-10	1.903365e+01	2.020930e+02
2.440000e-06	3.604627e-06	7.551404e-10	1.932046e+01	2.051520e+02
2.450000e-06	3.657895e-06	7.672842e-10	1.960597e+01	2.081679e+02
2.460000e-06	3.710822e-06	7.783403e-10	1.988965e+01	2.111403e+02
2.470000e-06	3.763501e-06	7.890283e-10	2.017201e+01	2.140693e+02
2.480000e-06	3.815881e-06	7.998665e-10	2.045276e+01	2.169549e+02
2.490000e-06	3.867925e-06	8.107667e-10	2.073171e+01	2.197972e+02
2.500000e-06	3.919673e-06	8.215003e-10	2.100907e+01	2.225965e+02
2.510000e-06	3.971120e-06	8.311626e-10	2.128483e+01	2.253534e+02
2.520000e-06	4.022141e-06	8.401603e-10	2.155829e+01	2.280683e+02
2.530000e-06	4.072647e-06	8.498084e-10	2.182900e+01	2.307422e+02
2.540000e-06	4.122787e-06	8.593944e-10	2.209775e+01	2.333758e+02
2.550000e-06	4.172371e-06	8.694663e-10	2.236351e+01	2.359701e+02
2.560000e-06	4.221389e-06	8.806229e-10	2.262624e+01	2.385263e+02
2.570000e-06	4.270016e-06	8.914790e-10	2.288688e+01	2.410455e+02
2.580000e-06	4.318233e-06	9.006743e-10	2.314532e+01	2.435290e+02
2.590000e-06	4.366201e-06	9.084486e-10	2.340242e+01	2.459781e+02
2.600000e-06	4.414046e-06	9.163396e-10	2.365887e+01	2.483941e+02
2.610000e-06	4.461726e-06	9.247276e-10	2.391442e+01	2.507785e+02
2.620000e-06	4.509211e-06	9.342339e-10	2.416894e+01	2.531323e+02
2.630000e-06	4.556407e-06	9.449580e-10	2.442191e+01	2.554571e+02
2.640000e-06	4.603258e-06	9.555108e-10	2.467302e+01	2.577538e+02
2.650000e-06	4.649749e-06	9.658511e-10	2.492221e+01	2.600237e+02
2.660000e-06	4.695887e-06	9.754165e-10	2.516951e+01	2.622676e+02
2.670000e-06	4.741796e-06	9.829379e-10	2.541558e+01	2.644866e+02
2.680000e-06	4.787395e-06	9.891079e-10	2.565998e+01	2.666812e+02
2.690000e-06	4.832557e-06	9.961547e-10	2.590205e+01	2.688521e+02
2.700000e-06	4.877330e-06	1.004420e-09	2.614203e+01	2.709996e+02
2.710000e-06	4.921762e-06	1.012965e-09	2.638017e+01	2.731240e+02
2.720000e-06	4.965875e-06	1.022367e-09	2.661662e+01	2.752254e+02
2.730000e-06	5.009777e-06	1.032240e-09	2.685193e+01	2.773038e+02
2.740000e-06	5.053521e-06	1.041201e-09	2.708639e+01	2.793588e+02
2.750000e-06	5.097062e-06	1.048837e-09	2.731976e+01	2.813901e+02
2.760000e-06	5.140413e-06	1.055681e-09	2.755212e+01	2.833972e+02
2.770000e-06	5.183259e-06	1.062081e-09	2.778178e+01	2.853795e+02
2.780000e-06	5.225310e-06	1.068798e-09	2.800717e+01	2.873364e+02
2.790000e-06	5.266675e-06	1.075689e-09	2.822888e+01	2.892670e+02
2.800000e-06	5.307420e-06	1.082662e-09	2.844727e+01	2.911706e+02
2.810000e-06	5.347706e-06	1.090083e-09	2.866319e+01	2.930464e+02
2.820000e-06	5.387717e-06	1.097519e-09	2.887765e+01	2.948935e+02
2.830000e-06	5.427550e-06	1.104605e-09	2.909115e+01	2.967113e+02
2.840000e-06	5.467141e-06	1.111032e-09	2.930335e+01	2.984990e+02
2.850000e-06	5.506385e-06	1.116869e-09	2.951370e+01	3.002559e+02
2.860000e-06	5.545262e-06	1.121679e-09	2.972208e+01	3.019817e+02
2.870000e-06	5.583750e-06	1.126820e-09	2.992837e+01	3.036758e+02
2.880000e-06	5.621809e-06	1.133593e-09	3.013236e+01	3.053381e+02
2.890000e-06	5.659333e-06	1.141460e-09	3.033348e+01	3.069685e+02
2.900000e-06	5.696426e-06	1.150331e-09	3.053230e+01	3.085670e+02
2.910000e-06	5.733195e-06	1.159629e-09	3.072938e+01	3.101338e+02
2.920000e-06	5.769584e-06	1.167496e-09	3.092442e+01	3.116694e+02
2.930000e-06	5.805618e-06	1.172936e-09	3.111756e+01	3.131744e+02
2.940000e-06	5.841450e-06	1.177511e-09	3.130961e+01	3.146494e+02
2.950000e-06	5.877013e-06	1.182740e-09	3.150023e+01	3.160954e+02
2.960000e-06	5.912157e-06	1.188266e-09	3.168860e+01	3.175134e+02
2.970000e-06	5.946729e-06	1.193890e-09	3.187390e+01	3.189046e+02
2.980000e-06	5.980568e-06	1.200513e-09	3.205528e+01	3.202702e+02
2.990000e-06	6.013617e-06	1.207875e-09	3.223242e+01	3.216115e+02
3.000000e-06	6.046003e-06	1.214248e-09	3.240600e+01	3.229300e+02
3.010000e-06	6.078054e-06	1.219077e-09	3.257779e+01	3.242270e+02
3.020000e-06	6.109951e-06	1.222985e-09	3.274875e+01	3.255040e+02
3.030000e-06	6.141672e-06	1.225877e-09	3.291877e+01	3.267625e+02
3.040000e-06	6.173036e-06	1.229231e-09	3.308689e+01	3.280037e+02
3.050000e-06	6.203905e-06	1.235024e-09	3.325234e+01	3.292289e+02
3.060000e-06	6.234324e-06	1.241492e-09	3.341538e+01	3.304395e+02
3.070000e-06	6.264310e-06	1.247578e-09	3.357611e+01	3.316363e+02
3.080000e-06	6.293828e-06	1.254196e-09	3.373432e+01	3.328205e+02
3.090000e-06	6.322938e-06	1.259622e-09	3.389034e+01	3.339928e+02
3.100000e-06	6.351639e-06	1.263693e-09	3.404418e+01	3.351538e+02
3.110000e-06	6.379971e-06	1.268328e-09	3.419604e+01	3.363040e+02
3.120000e-06	6.407969e-06	1.273251e-09	3.434610e+01	3.374438e+02
3.130000e-06	6.435670e-06	1.276826e-09	3.449458e+01	3.385731e+02
3.140000e-06	6.463076e-06	1.280481e-09	3.464147e+01	3.396920e+02
3.150000e-06	6.490001e-06	1.286112e-09	3.478579e+01	3.408002e+02
3.160000e-06	6.516170e-06	1.291606e-09	3.492605e+01	3.418973e+02
3.170000e-06	6.541467e-06	1.295953e-09	3.506164e+01	3.429828e+02
3.180000e-06	6.566127e-06	1.300844e-09	3.519381e+01	3.440560e+02
3.190000e-06	6.590236e-06	1.306324e-09	3.532304e+01	3.451160e+02
3.200000e-06	6.613893e-06	1.310643e-09	3.544984e+01	3.461620e+02
3.210000e-06	6.637224e-06	1.313469e-09	3.557489e+01	3.471930e+02
3.220000e-06	6.660179e-06	1.316632e-09	3.569793e+01	3.482079e+02
3.230000e-06	6.682527e-06	1.320737e-09	3.581771e+01	3.492056e+02
3.240000e-06	6.704308e-06	1.324500e-09	3.593445e+01	3.501852e+02
3.250000e-06	6.725724e-06	1.328904e-09	3.604924e+01	3.511454e+02
3.260000e-06	6.746697e-06	1.333965e-09	3.616165e+01	3.520853e+02
3.270000e-06	6.767204e-06	1.339046e-09	3.627157e+01	3.530037e+02
3.280000e-06	6.787372e-06	1.344296e-09	3.637967e+01	3.538999e+02
3.290000e-06	6.807273e-06	1.348980e-09	3.648634e+01	3.547729e+02
3.300000e-06	6.826820e-06	1.352616e-09	3.659111e+01	3.556220e+02
3.310000e-06	6.846039e-06	1.355198e-09	3.669412e+01	3.564464e+02
3.320000e-06	6.864746e-06	1.357901e-09	3.679438e+01	3.572457e+02
3.330000e-06	6.882639e-06	1.362288e-09	3.689029e+01	3.580194e+02
3.340000e-06	6.899908e-06	1.366761e-09	3.698285e+01	3.587672e+02
3.350000e-06	6.916885e-06	1.369334e-09	3.707384e+01	3.594889e+02
3.360000e-06	6.933478e-06	1.371255e-09	3.716278e+01	3.601843e+02
3.370000e-06	6.949376e-06	1.372956e-09	3.724799e+01	3.608534e+02
3.380000e-06	6.964616e-06	1.375146e-09	3.732968e+01	3.614964e+02
3.390000e-06	6.979401e-06	1.378394e-09	3.740892e+01	3.621135e+02
3.400000e-06	6.993714e-06	1.382426e-09	3.748564e+01	3.627048e+02
3.410000e-06	7.007572e-06	1.386425e-09	3.755992e+01	3.632708e+02
3.420000e-06	7.020842e-06	1.389618e-09	3.763105e+01	3.638116e+02
3.430000e-06	7.033488e-06	1.392084e-09	3.769883e+01	3.643278e+02
3.440000e-06	7.045697e-06	1.394332e-09	3.776426e+01	3.648197e+02
3.450000e-06	7.057348e-06	1.397075e-09	3.782671e+01	3.652878e+02
3.460000e-06	7.068279e-06	1.399421e-09	3.788530e+01	3.657323e+02
3.470000e-06	7.078613e-06	1.401388e-09	3.794069e+01	3.661538e+02
3.480000e-06	7.088323e-06	1.404290e-09	3.799274e+01	3.665526e+02
3.490000e-06	7.097241e-06	1.406609e-09	3.804054e+01	3.669290e+02
3.500000e-06	7.105516e-06	1.407637e-09	3.808489e+01	3.672833e+02
3.510000e-06	7.113350e-06	1.408667e-09	3.812688e+01	3.676157e+02
3.520000e-06	7.120849e-06	1.409980e-09	3.816707e+01	3.679264e+02
3.530000e-06	7.128025e-06	1.410460e-09	3.820554e+01	3.682158e+02
3.540000e-06	7.134615e-06	1.410858e-09	3.824086e+01	3.684837e+02
3.550000e-06	7.140593e-06	1.413081e-09	3.827290e+01	3.687305e+02
3.560000e-06	7.146219e-06	1.415737e-09	3.830305e+01	3.689561e+02
3.570000e-06	7.151450e-06	1.418591e-09	3.833109e+01	3.691607e+02
3.580000e-06	7.156135e-06	1.421671e-09	3.835620e+01	3.693443e+02
3.590000e-06	7.160369e-06	1.423299e-09	3.837889e+01	3.695071e+02
3.600000e-06	7.164262e-06	1.424041e-09	3.839976e+01	3.696490e+02
3.610000e-06	7.167739e-06	1.425148e-09	3.841840e+01	3.697703e+02
3.620000e-06	7.170828e-06	1.426228e-09	3.843495e+01	3.698712e+02
3.630000e-06	7.173263e-06	1.427460e-09	3.844801e+01	3.699518e+02
3.640000e-06	7.174692e-06	1.429101e-09	3.845567e+01	3.700124e+02
3.650000e-06	7.175330e-06	1.429488e-09	3.845909e+01	3.700533e+02
3.660000e-06	7.175501e-06	1.429165e-09	3.846000e+01	3.700751e+02
3.670000e-06	7.175308e-06	1.429863e-09	3.845897e+01	3.700781e+02
3.680000e-06	7.174821e-06	1.429823e-09	3.845636e+01	3.700630e+02
3.690000e-06	7.173899e-06	1.429488e-09	3.845142e+01	3.700303e+02
3.700000e-06	7.172395e-06	1.431139e-09	3.844335e+01	3.699807e+02
3.710000e-06	7.170343e-06	1.433735e-09	3.843236e+01	3.699151e+02
3.720000e-06	7.167802e-06	1.435004e-09	3.841874e+01	3.698342e+02
3.730000e-06	7.164985e-06	1.432218e-09	3.840364e+01	3.697388e+02
3.740000e-06	7.161779e-06	1.426033e-09	3.838645e+01	3.696299e+02
3.750000e-06	7.157855e-06	1.422878e-09	3.836542e+01	3.695083e+02
3.760000e-06	7.153228e-06	1.450521e-09	3.834062e+01	3.693748e+02
3.770000e-06	7.147894e-06	1.499514e-09	3.831203e+01	3.692305e+02
3.780000e-06	7.141633e-06	1.437949e-09	3.827847e+01	3.690760e+02
3.790000e-06	7.134861e-06	1.337844e-09	3.824218e+01	3.689121e+02
3.800000e-06	7.128122e-06	1.417516e-09	3.820605e+01	3.687395e+02
3.810000e-06	7.121059e-06	1.536786e-09	3.816820e+01	3.685589e+02
3.820000e-06	7.113286e-06	1.455944e-09	3.812653e+01	3.683706e+02
3.830000e-06	7.104926e-06	1.323094e-09	3.808173e+01	3.681752e+02
3.840000e-06	7.096232e-06	1.428081e-09	3.803513e+01	3.679728e+02
3.850000e-06	7.087268e-06	1.595636e-09	3.798708e+01	3.677635e+02
3.860000e-06	7.077570e-06	1.452812e-09	3.793510e+01	3.675474e+02
3.870000e-06	7.067198e-06	1.246140e-09	3.787951e+01	3.673242e+02
3.880000e-06	7.056632e-06	1.405953e-09	3.782288e+01	3.670935e+02
3.890000e-06	7.045770e-06	1.620247e-09	3.776466e+01	3.668550e+02
3.900000e-06	7.034178e-06	1.445605e-09	3.770252e+01	3.666079e+02
3.910000e-06	7.021883e-06	1.264727e-09	3.763662e+01	3.663516e+02
3.920000e-06	7.009030e-06	1.474474e-09	3.756773e+01	3.660852e+02
3.930000e-06	6.995361e-06	1.601671e-09	3.749447e+01	3.658078e+02
3.940000e-06	6.980710e-06	1.354194e-09	3.741594e+01	3.655181e+02
3.950000e-06	6.965344e-06	1.288981e-09	3.733358e+01	3.652153e+02
3.960000e-06	6.949611e-06	1.545601e-09	3.724926e+01	3.648980e+02
3.970000e-06	6.933584e-06	1.532308e-09	3.716335e+01	3.645652e+02
3.980000e-06	6.917069e-06	1.304947e-09	3.707483e+01	3.642157e+02
3.990000e-06	6.900128e-06	1.411387e-09	3.698403e+01	3.638482e+02
4.000000e-06	6.882798e-06	1.571698e-09	3.689114e+01	3.634618e+02
4.010000e-06	6.864885e-06	1.373048e-09	3.679513e+01	3.630554e+02
4.020000e-06	6.846574e-06	1.297419e-09	3.669698e+01	3.626281e+02
4.030000e-06	6.827863e-06	1.543263e-09	3.659669e+01	3.621791e+02
4.040000e-06	6.808622e-06	1.521986e-09	3.649356e+01	3.617076e+02
4.050000e-06	6.788964e-06	1.293400e-09	3.638820e+01	3.612132e+02
4.060000e-06	6.769023e-06	1.409469e-09	3.628132e+01	3.606955e+02
4.070000e-06	6.748646e-06	1.559595e-09	3.617210e+01	3.601543e+02
4.080000e-06	6.727847e-06	1.375209e-09	3.606062e+01	3.595894e+02
4.090000e-06	6.706585e-06	1.327594e-09	3.594666e+01	3.590012e+02
4.100000e-06	6.684633e-06	1.516164e-09	3.582899e+01	3.583897e+02
4.110000e-06	6.661816e-06	1.459589e-09	3.570670e+01	3.577556e+02
4.120000e-06	6.638259e-06	1.332426e-09	3.558044e+01	3.570994e+02
4.130000e-06	6.614286e-06	1.455859e-09	3.545194e+01	3.564217e+02
4.140000e-06	6.590018e-06	1.480658e-09	3.532187e+01	3.557236e+02
4.150000e-06	6.565368e-06	1.338788e-09	3.518975e+01	3.550060e+02
4.160000e-06	6.540259e-06	1.394937e-09	3.505517e+01	3.542698e+02
4.170000e-06	6.514754e-06	1.486445e-09	3.491846e+01	3.535163e+02
4.180000e-06	6.488829e-06	1.390164e-09	3.477951e+01	3.527464e+02
4.190000e-06	6.462329e-06	1.371971e-09	3.463747e+01	3.519615e+02
4.200000e-06	6.435257e-06	1.447372e-09	3.449236e+01	3.511625e+02
4.210000e-06	6.407766e-06	1.398720e-09	3.434501e+01	3.503506e+02
4.220000e-06	6.379878e-06	1.367464e-09	3.419554e+01	3.495267e+02
4.230000e-06	6.351642e-06	1.427064e-09	3.404420e+01	3.486918e+02
4.240000e-06	6.323086e-06	1.408216e-09	3.389114e+01	3.478467e+02
4.250000e-06	6.294124e-06	1.373393e-09	3.373591e+01	3.469920e+02
4.260000e-06	6.264555e-06	1.408250e-09	3.357742e+01	3.461284e+02
4.270000e-06	6.234259e-06	1.402596e-09	3.341504e+01	3.452561e+02
4.280000e-06	6.203229e-06	1.373561e-09	3.324872e+01	3.443754e+02
4.290000e-06	6.171631e-06	1.387962e-09	3.307936e+01	3.434862e+02
4.300000e-06	6.139714e-06	1.385402e-09	3.290828e+01	3.425885e+02
4.310000e-06	6.107513e-06	1.377513e-09	3.273569e+01	3.416819e+02
4.320000e-06	6.074822e-06	1.393798e-09	3.256047e+01	3.407660e+02
4.330000e-06	6.041652e-06	1.382361e-09	3.238268e+01	3.398400e+02
4.340000e-06	6.008138e-06	1.366614e-09	3.220305e+01	3.389031e+02
4.350000e-06	5.974221e-06	1.377151e-09	3.202126e+01	3.379544e+02
4.360000e-06	5.939902e-06	1.368165e-09	3.183731e+01	3.369928e+02
4.370000e-06	5.905215e-06	1.359318e-09	3.165139e+01	3.360172e+02
4.380000e-06	5.870090e-06	1.372016e-09	3.146312e+01	3.350263e+02
4.390000e-06	5.834611e-06	1.361374e-09	3.127296e+01	3.340187e+02
4.400000e-06	5.798884e-06	1.347056e-09	3.108147e+01	3.329931e+02
4.410000e-06	5.762766e-06	1.360148e-09	3.088788e+01	3.319481e+02
4.420000e-06	5.726250e-06	1.358236e-09	3.069216e+01	3.308823e+02
4.430000e-06	5.689254e-06	1.341667e-09	3.049386e+01	3.297945e+02
4.440000e-06	5.651727e-06	1.344780e-09	3.029272e+01	3.286832e+02
4.450000e-06	5.613783e-06	1.348030e-09	3.008934e+01	3.275473e+02
4.460000e-06	5.575251e-06	1.338804e-09	2.988282e+01	3.263856e+02
4.470000e-06	5.535995e-06	1.333362e-09	2.967240e+01	3.251971e+02
4.480000e-06	5.496243e-06	1.328526e-09	2.945934e+01	3.239808e+02
4.490000e-06	5.456214e-06	1.321513e-09	2.924479e+01	3.227359e+02
4.500000e-06	5.415926e-06	1.320070e-09	2.902885e+01	3.214616e+02
4.510000e-06	5.375368e-06	1.320352e-09	2.881146e+01	3.201575e+02
4.520000e-06	5.334613e-06	1.316347e-09	2.859302e+01	3.188231e+02
4.530000e-06	5.293578e-06	1.308788e-09	2.837307e+01	3.174581e+02
4.540000e-06	5.252052e-06	1.301573e-09	2.815050e+01	3.160622e+02
4.550000e-06	5.210094e-06	1.298640e-09	2.792561e+01	3.146355e+02
4.560000e-06	5.167872e-06	1.296708e-09	2.769930e+01	3.131779e+02
4.570000e-06	5.125267e-06	1.290286e-09	2.747094e+01	3.116897e+02
4.580000e-06	5.082215e-06	1.283645e-09	2.724019e+01	3.101710e+02
4.590000e-06	5.038809e-06	1.280901e-09	2.700754e+01	3.086221e+02
4.600000e-06	4.995132e-06	1.277482e-09	2.677343e+01	3.070434e+02
4.610000e-06	4.951180e-06	1.270053e-09	2.653785e+01	3.054353e+02
4.620000e-06	4.906938e-06	1.261651e-09	2.630072e+01	3.037981e+02
4.630000e-06	4.862489e-06	1.254345e-09	2.606248e+01	3.021324e+02
4.640000e-06	4.817710e-06	1.247735e-09	2.582247e+01	3.004386e+02
4.650000e-06	4.772534e-06	1.241948e-09	2.558033e+01	2.987170e+02
4.660000e-06	4.727075e-06	1.236126e-09	2.533667e+01	2.969682e+02
4.670000e-06	4.681252e-06	1.227737e-09	2.509106e+01	2.951924e+02
4.680000e-06	4.634966e-06	1.218548e-09	2.484297e+01	2.933900e+02
4.690000e-06	4.588327e-06	1.211706e-09	2.459300e+01	2.915612e+02
4.700000e-06	4.541375e-06	1.206390e-09	2.434134e+01	2.897063e+02
4.710000e-06	4.494024e-06	1.199882e-09	2.408754e+01	2.878255e+02
4.720000e-06	4.446395e-06	1.191901e-09	2.383225e+01	2.859188e+02
4.730000e-06	4.398524e-06	1.183190e-09	2.357567e+01	2.839863e+02
4.740000e-06	4.350286e-06	1.175366e-09	2.331712e+01	2.820280e+02
4.750000e-06	4.301612e-06	1.167679e-09	2.305623e+01	2.800439e+02
4.760000e-06	4.252408e-06	1.158290e-09	2.279250e+01	2.780339e+02
4.770000e-06	4.202810e-06	1.149413e-09	2.252666e+01	2.759978e+02
4.780000e-06	4.153004e-06	1.142806e-09	2.225971e+01	2.739356e+02
4.790000e-06	4.102936e-06	1.136897e-09	2.199135e+01	2.718471e+02
4.800000e-06	4.052556e-06	1.129194e-09	2.172131e+01	2.697320e+02
4.810000e-06	4.001954e-06	1.119505e-09	2.145009e+01	2.675903e+02
4.820000e-06	3.951128e-06	1.109325e-09	2.117767e+01	2.654217e+02
4.830000e-06	3.900009e-06	1.099390e-09	2.090368e+01	2.632262e+02
4.840000e-06	3.848594e-06	1.090641e-09	2.062810e+01	2.610036e+02
4.850000e-06	3.796844e-06	1.082922e-09	2.035072e+01	2.587538e+02
4.860000e-06	3.744727e-06	1.073709e-09	2.007138e+01	2.564768e+02
4.870000e-06	3.692307e-06	1.063265e-09	1.979041e+01	2.541725e+02
4.880000e-06	3.639489e-06	1.053364e-09	1.950731e+01	2.518409e+02
4.890000e-06	3.586361e-06	1.044323e-09	1.922255e+01	2.494822e+02
4.900000e-06	3.532954e-06	1.035232e-09	1.893630e+01	2.470964e+02
4.910000e-06	3.479180e-06	1.026077e-09	1.864808e+01	2.446836e+02
4.920000e-06	3.425097e-06	1.016979e-09	1.835820e+01	2.422441e+02
4.930000e-06	3.370552e-06	1.007597e-09	1.806584e+01	2.397780e+02
4.940000e-06	3.315577e-06	9.973404e-10	1.777118e+01	2.372855e+02
4.950000e-06	3.260306e-06	9.858471e-10	1.747493e+01	2.347668e+02
4.960000e-06	3.204756e-06	9.740875e-10	1.717719e+01	2.322223e+02
4.970000e-06	3.149023e-06	9.636786e-10	1.687846e+01	2.296521e+02
4.980000e-06	3.093224e-06	9.547133e-10	1.657938e+01	2.270565e+02
4.990000e-06	3.037211e-06	9.460020e-10	1.627916e+01	2.244356e+02
5.000000e-06	2.980929e-06	9.360909e-10	1.597749e+01	2.217897e+02
5.010000e-06	2.924480e-06	9.246476e-10	1.567493e+01	2.191189e+02
5.020000e-06	2.867827e-06	9.126304e-10	1.537128e+01	2.164233e+02
5.030000e-06	2.811013e-06	9.003854e-10	1.506676e+01	2.137029e+02
5.040000e-06	2.754109e-06	8.880288e-10	1.476176e+01	2.109577e+02
5.050000e-06	2.696995e-06	8.757304e-10	1.445564e+01	2.081876e+02
5.060000e-06	2.639679e-06	8.636958e-10	1.414843e+01	2.053925e+02
5.070000e-06	2.582243e-06	8.529921e-10	1.384058e+01	2.025722e+02
5.080000e-06	2.524612e-06	8.438507e-10	1.353168e+01	1.997263e+02
5.090000e-06	2.466745e-06	8.339638e-10	1.322152e+01	1.968545e+02
5.100000e-06	2.408617e-06	8.214232e-10	1.290996e+01	1.939563e+02
5.110000e-06	2.350311e-06	8.074870e-10	1.259744e+01	1.910312e+02
5.120000e-06	2.291964e-06	7.945215e-10	1.228471e+01	1.880787e+02
5.130000e-06	2.233463e-06	7.826890e-10	1.197115e+01	1.850981e+02
5.140000e-06	2.174737e-06	7.705638e-10	1.165638e+01	1.820887e+02
5.150000e-06	2.115830e-06	7.575021e-10	1.134065e+01	1.790496e+02
5.160000e-06	2.056749e-06	7.446717e-10	1.102398e+01	1.759802e+02
5.170000e-06	1.997513e-06	7.327899e-10	1.070648e+01	1.728795e+02
5.180000e-06	1.938166e-06	7.205931e-10	1.038839e+01	1.697466e+02
5.190000e-06	1.878867e-06	7.079654e-10	1.007055e+01	1.665808e+02
5.200000e-06	1.819518e-06	6.947283e-10	9.752443e+00	1.633809e+02
5.210000e-06	1.759988e-06	6.805413e-10	9.433367e+00	1.601461e+02
5.220000e-06	1.700301e-06	6.663847e-10	9.113452e+00	1.568754e+02
5.230000e-06	1.640506e-06	6.526477e-10	8.792954e+00	1.535679e+02
5.240000e-06	1.580686e-06	6.385715e-10	8.472326e+00	1.502227e+02
5.250000e-06	1.520793e-06	6.256857e-10	8.151308e+00	1.468388e+02
5.260000e-06	1.460744e-06	6.149137e-10	7.829449e+00	1.434153e+02
5.270000e-06	1.400544e-06	6.032573e-10	7.506782e+00	1.399515e+02
5.280000e-06	1.340251e-06	5.890249e-10	7.183616e+00	1.364464e+02
5.290000e-06	1.279879e-06	5.715255e-10	6.860030e+00	1.328992e+02
5.300000e-06	1.219445e-06	5.519237e-10	6.536107e+00	1.293093e+02
5.310000e-06	1.159028e-06	5.331682e-10	6.212281e+00	1.256759e+02
5.320000e-06	1.098654e-06	5.166828e-10	5.888680e+00	1.219984e+02
5.330000e-06	1.038107e-06	5.024751e-10	5.564153e+00	1.182763e+02
5.340000e-06	9.773792e-07	4.892297e-10	5.238659e+00	1.145090e+02
5.350000e-06	9.166858e-07	4.752229e-10	4.913348e+00	1.106962e+02
5.360000e-06	8.560260e-07	4.602177e-10	4.588218e+00	1.068374e+02
5.370000e-06	7.952864e-07	4.442669e-10	4.262659e+00	1.029325e+02
5.380000e-06	7.343772e-07	4.272224e-10	3.936192e+00	9.898124e+01
5.390000e-06	6.734461e-07	4.091626e-10	3.609607e+00	9.498365e+01
5.400000e-06	6.125641e-07	3.905045e-10	3.283286e+00	9.093975e+01
5.410000e-06	5.515475e-07	3.730373e-10	2.956242e+00	8.684974e+01
5.420000e-06	4.903691e-07	3.566655e-10	2.628332e+00	8.271392e+01
5.430000e-06	4.292313e-07	3.397230e-10	2.300639e+00	7.853275e+01
5.440000e-06	3.681088e-07	3.225530e-10	1.973028e+00	7.430682e+01
5.450000e-06	3.068389e-07	3.061090e-10	1.644627e+00	7.003689e+01
5.460000e-06	2.454838e-07	2.887711e-10	1.315770e+00	6.572385e+01
5.470000e-06	1.842624e-07	2.691302e-10	9.876287e-01	6.136881e+01
5.480000e-06	1.230781e-07	2.496352e-10	6.596870e-01	5.697300e+01
5.490000e-06	6.179415e-08	2.306208e-10	3.312107e-01	5.253788e+01
5.500000e-06	4.976665e-10	2.118109e-10	2.667445e-03	4.806505e+01
5.510000e-06	-6.079096e-08	1.943935e-10	-3.258338e-01	4.355634e+01
5.520000e-06	-1.220338e-07	1.767986e-10	-6.540895e-01	3.901374e+01
5.530000e-06	-1.832416e-07	1.581508e-10	-9.821574e-01	3.443942e+01
5.540000e-06	-2.444465e-07	1.391435e-10	-1.310210e+00	2.983576e+01
5.550000e-06	-3.056811e-07	1.196813e-10	-1.638422e+00	2.520528e+01
5.560000e-06	-3.668362e-07	1.004387e-10	-1.966207e+00	2.055070e+01
5.570000e-06	-4.278317e-07	8.184846e-11	-2.293137e+00	1.587487e+01
5.580000e-06	-4.888178e-07	6.248434e-11	-2.620017e+00	1.118080e+01
5.590000e-06	-5.497909e-07	4.187394e-11	-2.946827e+00	6.471635e+00
5.600000e-06	-6.106981e-07	2.055340e-11	-3.273284e+00	1.750602e+00
5.610000e-06	-6.715419e-07	-4.941307e-13	-3.599401e+00	-2.978963e+00
5.620000e-06	-7.322547e-07	-2.082814e-11	-3.924816e+00	-7.713659e+00
5.630000e-06	-7.928902e-07	-4.062385e-11	-4.249816e+00	-1.245004e+01
5.640000e-06	-8.535420e-07	-5.963663e-11	-4.574904e+00	-1.718465e+01
5.650000e-06	-9.141844e-07	-7.856007e-11	-4.899941e+00	-2.191403e+01
5.660000e-06	-9.747672e-07	-9.769968e-11	-5.224659e+00	-2.663474e+01
5.670000e-06	-1.035299e-06	-1.179047e-10	-5.549104e+00	-3.134344e+01
5.680000e-06	-1.095727e-06	-1.391263e-10	-5.872992e+00	-3.603683e+01
5.690000e-06	-1.155979e-06	-1.604311e-10	-6.195938e+00	-4.071174e+01
5.700000e-06	-1.216157e-06	-1.805898e-10	-6.518485e+00	-4.536513e+01
5.710000e-06	-1.276348e-06	-1.992465e-10	-6.841104e+00	-4.999414e+01
5.720000e-06	-1.336476e-06	-2.175781e-10	-7.163384e+00	-5.459604e+01
5.730000e-06	-1.396522e-06	-2.358557e-10	-7.485226e+00	-5.916835e+01
5.740000e-06	-1.456485e-06	-2.552915e-10	-7.806621e+00	-6.370875e+01
5.750000e-06	-1.516358e-06	-2.760575e-10	-8.127536e+00	-6.821518e+01
5.760000e-06	-1.576209e-06	-2.964309e-10	-8.448329e+00	-7.268578e+01
5.770000e-06	-1.636068e-06	-3.155298e-10	-8.769168e+00	-7.711897e+01
5.780000e-06	-1.695873e-06	-3.340704e-10	-9.089719e+00	-8.151336e+01
5.790000e-06	-1.755597e-06	-3.530390e-10	-9.409833e+00	-8.586783e+01
5.800000e-06	-1.815230e-06	-3.721177e-10	-9.729457e+00	-9.018148e+01
5.810000e-06	-1.874746e-06	-3.905563e-10	-1.004846e+01	-9.445363e+01
5.820000e-06	-1.934103e-06	-4.091574e-10	-1.036661e+01	-9.868382e+01
5.830000e-06	-1.993277e-06	-4.277154e-10	-1.068377e+01	-1.028718e+02
5.840000e-06	-2.052245e-06	-4.452197e-10	-1.099984e+01	-1.070174e+02
5.850000e-06	-2.111038e-06	-4.614075e-10	-1.131496e+01	-1.111207e+02
5.860000e-06	-2.169706e-06	-4.763900e-10	-1.162942e+01	-1.151820e+02
5.870000e-06	-2.228209e-06	-4.919868e-10	-1.194299e+01	-1.192016e+02
5.880000e-06	-2.286507e-06	-5.091884e-10	-1.225546e+01	-1.231797e+02
5.890000e-06	-2.344701e-06	-5.267426e-10	-1.256738e+01	-1.271169e+02
5.900000e-06	-2.402698e-06	-5.432890e-10	-1.287823e+01	-1.310138e+02
5.910000e-06	-2.460447e-06	-5.593525e-10	-1.318776e+01	-1.348707e+02
5.920000e-06	-2.518139e-06	-5.756864e-10	-1.349699e+01	-1.386881e+02
5.930000e-06	-2.575786e-06	-5.918136e-10	-1.380597e+01	-1.424667e+02
5.940000e-06	-2.633173e-06	-6.070641e-10	-1.411356e+01	-1.462066e+02
5.950000e-06	-2.690182e-06	-6.221866e-10	-1.441912e+01	-1.499084e+02
5.960000e-06	-2.746912e-06	-6.381239e-10	-1.472319e+01	-1.535723e+02
5.970000e-06	-2.803521e-06	-6.543676e-10	-1.502660e+01	-1.571984e+02
5.980000e-06	-2.860084e-06	-6.700923e-10	-1.532978e+01	-1.607868e+02
5.990000e-06	-2.916434e-06	-6.848902e-10	-1.563181e+01	-1.643376e+02
6.000000e-06	-2.972561e-06	-6.994511e-10	-1.593264e+01	-1.678506e+02
6.010000e-06	-3.028607e-06	-7.142409e-10	-1.623304e+01	-1.713255e+02
6.020000e-06	-3.084528e-06	-7.277633e-10	-1.653278e+01	-1.747621e+02
6.030000e-06	-3.140245e-06	-7.396846e-10	-1.683141e+01	-1.781600e+02
6.040000e-06	-3.195779e-06	-7.517707e-10	-1.712907e+01	-1.815187e+02
6.050000e-06	-3.251143e-06	-7.651410e-10	-1.742582e+01	-1.848378e+02
6.060000e-06	-3.306154e-06	-7.793645e-10	-1.772067e+01	-1.881166e+02
6.070000e-06	-3.360976e-06	-7.935530e-10	-1.801451e+01	-1.913547e+02
6.080000e-06	-3.415433e-06	-8.069874e-10	-1.830639e+01	-1.945514e+02
6.090000e-06	-3.469201e-06	-8.198445e-10	-1.859459e+01	-1.977063e+02
6.100000e-06	-3.522528e-06	-8.326398e-10	-1.888041e+01	-2.008188e+02
6.110000e-06	-3.575472e-06	-8.449387e-10	-1.916419e+01	-2.038886e+02
6.120000e-06	-3.628076e-06	-8.570544e-10	-1.944614e+01	-2.069153e+02
6.130000e-06	-3.680399e-06	-8.689775e-10	-1.972659e+01	-2.098987e+02
6.140000e-06	-3.732528e-06	-8.805496e-10	-2.000599e+01	-2.128385e+02
6.150000e-06	-3.784448e-06	-8.924883e-10	-2.028428e+01	-2.157349e+02
6.160000e-06	-3.836037e-06	-9.049165e-10	-2.056079e+01	-2.185880e+02
6.170000e-06	-3.887347e-06	-9.167243e-10	-2.083581e+01	-2.213981e+02
6.180000e-06	-3.938453e-06	-9.271792e-10	-2.110973e+01	-2.241655e+02
6.190000e-06	-3.989271e-06	-9.381522e-10	-2.138212e+01	-2.268909e+02
6.200000e-06	-4.039674e-06	-9.503795e-10	-2.165227e+01	-2.295750e+02
6.210000e-06	-4.089819e-06	-9.615676e-10	-2.192104e+01	-2.322185e+02
6.220000e-06	-4.139748e-06	-9.712040e-10	-2.218866e+01	-2.348226e+02
6.230000e-06	-4.189186e-06	-9.801662e-10	-2.245364e+01	-2.373882e+02
6.240000e-06	-4.238268e-06	-9.891170e-10	-2.271671e+01	-2.399165e+02
6.250000e-06	-4.287035e-06	-9.990659e-10	-2.297810e+01	-2.424088e+02
6.260000e-06	-4.335149e-06	-1.009898e-09	-2.323599e+01	-2.448664e+02
6.270000e-06	-4.382702e-06	-1.020138e-09	-2.349087e+01	-2.472906e+02
6.280000e-06	-4.430025e-06	-1.029919e-09	-2.374451e+01	-2.496828e+02
6.290000e-06	-4.477157e-06	-1.040426e-09	-2.399713e+01	-2.520442e+02
6.300000e-06	-4.524016e-06	-1.050833e-09	-2.424830e+01	-2.543761e+02
6.310000e-06	-4.570676e-06	-1.059679e-09	-2.449839e+01	-2.566797e+02
6.320000e-06	-4.617154e-06	-1.067952e-09	-2.474751e+01	-2.589562e+02
6.330000e-06	-4.663224e-06	-1.076417e-09	-2.499444e+01	-2.612066e+02
6.340000e-06	-4.708793e-06	-1.085229e-09	-2.523868e+01	-2.634317e+02
6.350000e-06	-4.753957e-06	-1.094831e-09	-2.548076e+01	-2.656323e+02
6.360000e-06	-4.798810e-06	-1.103770e-09	-2.572117e+01	-2.678091e+02
6.370000e-06	-4.843405e-06	-1.111378e-09	-2.596019e+01	-2.699624e+02
6.380000e-06	-4.887758e-06	-1.119730e-09	-2.619792e+01	-2.720927e+02
6.390000e-06	-4.931818e-06	-1.129219e-09	-2.643408e+01	-2.741998e+02
6.400000e-06	-4.975670e-06	-1.138392e-09	-2.666912e+01	-2.762840e+02
6.410000e-06	-5.019370e-06	-1.146788e-09	-2.690335e+01	-2.783448e+02
6.420000e-06	-5.062574e-06	-1.154746e-09	-2.713491e+01	-2.803821e+02
6.430000e-06	-5.105271e-06	-1.163680e-09	-2.736376e+01	-2.823953e+02
6.440000e-06	-5.147786e-06	-1.173318e-09	-2.759165e+01	-2.843839e+02
6.450000e-06	-5.190052e-06	-1.181875e-09	-2.781819e+01	-2.863472e+02
6.460000e-06	-5.231964e-06	-1.189026e-09	-2.804283e+01	-2.882845e+02
6.470000e-06	-5.273445e-06	-1.195313e-09	-2.826516e+01	-2.901949e+02
6.480000e-06	-5.314543e-06	-1.202066e-09	-2.848545e+01	-2.920777e+02
6.490000e-06	-5.355312e-06	-1.209932e-09	-2.870396e+01	-2.939321e+02
6.500000e-06	-5.395697e-06	-1.217534e-09	-2.892042e+01	-2.957573e+02
6.510000e-06	-5.435790e-06	-1.224531e-09	-2.913532e+01	-2.975526e+02
6.520000e-06	-5.475714e-06	-1.231684e-09	-2.934930e+01	-2.993173e+02
6.530000e-06	-5.515404e-06	-1.238405e-09	-2.956204e+01	-3.010509e+02
6.540000e-06	-5.554732e-06	-1.244506e-09	-2.977284e+01	-3.027530e+02
6.550000e-06	-5.593532e-06	-1.250977e-09	-2.998080e+01	-3.044233e+02
6.560000e-06	-5.631479e-06	-1.256995e-09	-3.018419e+01	-3.060616e+02
6.570000e-06	-5.668619e-06	-1.261922e-09	-3.038326e+01	-3.076681e+02
6.580000e-06	-5.705219e-06	-1.267741e-09	-3.057943e+01	-3.092428e+02
6.590000e-06	-5.741412e-06	-1.274778e-09	-3.077342e+01	-3.107862e+02
6.600000e-06	-5.777318e-06	-1.281035e-09	-3.096588e+01	-3.122987e+02
6.610000e-06	-5.812976e-06	-1.286554e-09	-3.115700e+01	-3.137812e+02
6.620000e-06	-5.848389e-06	-1.292680e-09	-3.134681e+01	-3.152344e+02
6.630000e-06	-5.883371e-06	-1.299522e-09	-3.153431e+01	-3.166593e+02
6.640000e-06	-5.917805e-06	-1.305413e-09	-3.171887e+01	-3.180571e+02
6.650000e-06	-5.951922e-06	-1.310104e-09	-3.190174e+01	-3.194289e+02
6.660000e-06	-5.985680e-06	-1.314884e-09	-3.208268e+01	-3.207762e+02
6.670000e-06	-6.018937e-06	-1.319817e-09	-3.226093e+01	-3.221003e+02
6.680000e-06	-6.051777e-06	-1.324876e-09	-3.243695e+01	-3.234025e+02
6.690000e-06	-6.084266e-06	-1.328777e-09	-3.261109e+01	-3.246844e+02
6.700000e-06	-6.116457e-06	-1.332277e-09	-3.278363e+01	-3.259474e+02
6.710000e-06	-6.148421e-06	-1.337102e-09	-3.295495e+01	-3.271928e+02
6.720000e-06	-6.180033e-06	-1.342293e-09	-3.312439e+01	-3.284219e+02
6.730000e-06	-6.211006e-06	-1.347755e-09	-3.329040e+01	-3.296360e+02
6.740000e-06	-6.241278e-06	-1.353072e-09	-3.345266e+01	-3.308362e+02
6.750000e-06	-6.270943e-06	-1.358010e-09	-3.361166e+01	-3.320235e+02
6.760000e-06	-6.299957e-06	-1.362260e-09	-3.376717e+01	-3.331987e+02
6.770000e-06	-6.328370e-06	-1.365482e-09	-3.391946e+01	-3.343625e+02
6.780000e-06	-6.356477e-06	-1.369095e-09	-3.407011e+01	-3.355154e+02
6.790000e-06	-6.384439e-06	-1.373178e-09	-3.421999e+01	-3.366577e+02
6.800000e-06	-6.412120e-06	-1.378358e-09	-3.436835e+01	-3.377897e+02
6.810000e-06	-6.439265e-06	-1.385947e-09	-3.451385e+01	-3.389112e+02
6.820000e-06	-6.465769e-06	-1.393923e-09	-3.465591e+01	-3.400221e+02
6.830000e-06	-6.491785e-06	-1.399308e-09	-3.479535e+01	-3.411221e+02
6.840000e-06	-6.517374e-06	-1.402029e-09	-3.493250e+01	-3.422105e+02
6.850000e-06	-6.542367e-06	-1.403576e-09	-3.506646e+01	-3.432869e+02
6.860000e-06	-6.566914e-06	-1.405460e-09	-3.519803e+01	-3.443503e+02
6.870000e-06	-6.591235e-06	-1.408567e-09	-3.532839e+01	-3.453999e+02
6.880000e-06	-6.615281e-06	-1.412429e-09	-3.545727e+01	-3.464347e+02
6.890000e-06	-6.638991e-06	-1.416844e-09	-3.558436e+01	-3.474537e+02
6.900000e-06	-6.662180e-06	-1.421501e-09	-3.570865e+01	-3.484559e+02
6.910000e-06	-6.684708e-06	-1.425383e-09	-3.582940e+01	-3.494401e+02
6.920000e-06	-6.706429e-06	-1.428980e-09	-3.594582e+01	-3.504052e+02
6.930000e-06	-6.727444e-06	-1.432854e-09	-3.605846e+01	-3.513503e+02
6.940000e-06	-6.747985e-06	-1.435857e-09	-3.616856e+01	-3.522742e+02
6.950000e-06	-6.768131e-06	-1.438592e-09	-3.627654e+01	-3.531761e+02
6.960000e-06	-6.787992e-06	-1.443001e-09	-3.638299e+01	-3.540549e+02
6.970000e-06	-6.807441e-06	-1.447952e-09	-3.648724e+01	-3.549101e+02
6.980000e-06	-6.826307e-06	-1.450771e-09	-3.658835e+01	-3.557407e+02
6.990000e-06	-6.844685e-06	-1.451973e-09	-3.668686e+01	-3.565464e+02
7.000000e-06	-6.862666e-06	-1.453349e-09	-3.678324e+01	-3.573265e+02
7.010000e-06	-6.880272e-06	-1.456050e-09	-3.687761e+01	-3.580808e+02
7.020000e-06	-6.897403e-06	-1.458499e-09	-3.696942e+01	-3.588090e+02
7.030000e-06	-6.913951e-06	-1.458601e-09	-3.705812e+01	-3.595110e+02
7.040000e-06	-6.930165e-06	-1.458623e-09	-3.714502e+01	-3.601867e+02
7.050000e-06	-6.946161e-06	-1.460570e-09	-3.723076e+01	-3.608363e+02
7.060000e-06	-6.961746e-06	-1.463568e-09	-3.731430e+01	-3.614598e+02
7.070000e-06	-6.976722e-06	-1.466917e-09	-3.739456e+01	-3.620575e+02
7.080000e-06	-6.990793e-06	-1.470163e-09	-3.746999e+01	-3.626298e+02
7.090000e-06	-7.003794e-06	-1.472971e-09	-3.753967e+01	-3.631769e+02
7.100000e-06	-7.016097e-06	-1.476421e-09	-3.760561e+01	-3.636992e+02
7.110000e-06	-7.028141e-06	-1.478811e-09	-3.767017e+01	-3.641972e+02
7.120000e-06	-7.039800e-06	-1.479049e-09	-3.773266e+01	-3.646712e+02
7.130000e-06	-7.050794e-06	-1.480144e-09	-3.779158e+01	-3.651216e+02
7.140000e-06	-7.061196e-06	-1.481548e-09	-3.784734e+01	-3.655488e+02
7.150000e-06	-7.071169e-06	-1.482285e-09	-3.790079e+01	-3.659532e+02
7.160000e-06	-7.080641e-06	-1.483657e-09	-3.795156e+01	-3.663352e+02
7.170000e-06	-7.089665e-06	-1.485314e-09	-3.799993e+01	-3.666950e+02
7.180000e-06	-7.098323e-06	-1.485543e-09	-3.804633e+01	-3.670329e+02
7.190000e-06	-7.106512e-06	-1.484331e-09	-3.809023e+01	-3.673490e+02
7.200000e-06	-7.114352e-06	-1.483067e-09	-3.813225e+01	-3.676437e+02
7.210000e-06	-7.121775e-06	-1.482839e-09	-3.817204e+01	-3.679170e+02
7.220000e-06	-7.128628e-06	-1.484252e-09	-3.820876e+01	-3.681691e+02
7.230000e-06	-7.134809e-06	-1.485946e-09	-3.824190e+01	-3.684000e+02
7.240000e-06	-7.140043e-06	-1.487409e-09	-3.826995e+01	-3.686098e+02
7.250000e-06	-7.144479e-06	-1.487593e-09	-3.829373e+01	-3.687987e+02
7.260000e-06	-7.148538e-06	-1.486872e-09	-3.831548e+01	-3.689667e+02
7.270000e-06	-7.152383e-06	-1.488157e-09	-3.833609e+01	-3.691138e+02
7.280000e-06	-7.155958e-06	-1.489159e-09	-3.835526e+01	-3.692403e+02
7.290000e-06	-7.158989e-06	-1.487618e-09	-3.837150e+01	-3.693462e+02
7.300000e-06	-7.161391e-06	-1.486458e-09	-3.838437e+01	-3.694318e+02
7.310000e-06	-7.163370e-06	-1.486324e-09	-3.839498e+01	-3.694974e+02
7.320000e-06	-7.164964e-06	-1.486623e-09	-3.840352e+01	-3.695433e+02
7.330000e-06	-7.165994e-06	-1.486703e-09	-3.840904e+01	-3.695698e+02
7.340000e-06	-7.166505e-06	-1.485533e-09	-3.841179e+01	-3.695775e+02
