# Temperatura_=_-1.3
# Concentracion g/m^3_=_7400.0
# C_Vs_to_Am_M_A/Vsm_=_254322799225.57578
# pendiente_HvsI_1/m_=_3716.3
# ordenada_HvsI_A/m_=_1297.0
# frecuencia_Hz_=_136119.93483141757

Tiempo_(s)	Campo_(V.s)	Magnetizacion_(V.s)	Campo_(kA/m)	Magnetizacion_(A/m)
0.000000e+00	-7.135275e-06	-1.513413e-09	-3.842514e+01	-3.803802e+02
1.000000e-08	-7.135261e-06	-1.513583e-09	-3.842507e+01	-3.803880e+02
2.000000e-08	-7.134970e-06	-1.513443e-09	-3.842350e+01	-3.803774e+02
3.000000e-08	-7.134221e-06	-1.512162e-09	-3.841947e+01	-3.803488e+02
4.000000e-08	-7.132823e-06	-1.510600e-09	-3.841194e+01	-3.803027e+02
5.000000e-08	-7.130689e-06	-1.510300e-09	-3.840045e+01	-3.802396e+02
6.000000e-08	-7.127774e-06	-1.511139e-09	-3.838475e+01	-3.801603e+02
7.000000e-08	-7.124228e-06	-1.512355e-09	-3.836566e+01	-3.800653e+02
8.000000e-08	-7.120205e-06	-1.511325e-09	-3.834399e+01	-3.799551e+02
9.000000e-08	-7.115557e-06	-1.500307e-09	-3.831896e+01	-3.798305e+02
1.000000e-07	-7.110281e-06	-1.481598e-09	-3.829054e+01	-3.796920e+02
1.100000e-07	-7.104570e-06	-1.487681e-09	-3.825979e+01	-3.795402e+02
1.200000e-07	-7.098554e-06	-1.528590e-09	-3.822739e+01	-3.793755e+02
1.300000e-07	-7.092141e-06	-1.535003e-09	-3.819286e+01	-3.791985e+02
1.400000e-07	-7.085047e-06	-1.476705e-09	-3.815466e+01	-3.790095e+02
1.500000e-07	-7.077372e-06	-1.458332e-09	-3.811332e+01	-3.788088e+02
1.600000e-07	-7.069444e-06	-1.521190e-09	-3.807063e+01	-3.785967e+02
1.700000e-07	-7.061264e-06	-1.531315e-09	-3.802658e+01	-3.783734e+02
1.800000e-07	-7.052497e-06	-1.445424e-09	-3.797937e+01	-3.781389e+02
1.900000e-07	-7.042970e-06	-1.432512e-09	-3.792806e+01	-3.778933e+02
2.000000e-07	-7.032953e-06	-1.534673e-09	-3.787411e+01	-3.776365e+02
2.100000e-07	-7.022409e-06	-1.546784e-09	-3.781734e+01	-3.773683e+02
2.200000e-07	-7.011266e-06	-1.436628e-09	-3.775733e+01	-3.770886e+02
2.300000e-07	-6.999433e-06	-1.424520e-09	-3.769360e+01	-3.767971e+02
2.400000e-07	-6.986970e-06	-1.517786e-09	-3.762649e+01	-3.764934e+02
2.500000e-07	-6.974116e-06	-1.507848e-09	-3.755726e+01	-3.761773e+02
2.600000e-07	-6.960725e-06	-1.428133e-09	-3.748515e+01	-3.758484e+02
2.700000e-07	-6.946667e-06	-1.458140e-09	-3.740945e+01	-3.755062e+02
2.800000e-07	-6.931960e-06	-1.514674e-09	-3.733025e+01	-3.751504e+02
2.900000e-07	-6.916474e-06	-1.465260e-09	-3.724685e+01	-3.747807e+02
3.000000e-07	-6.900299e-06	-1.431301e-09	-3.715974e+01	-3.743967e+02
3.100000e-07	-6.883649e-06	-1.477709e-09	-3.707008e+01	-3.739981e+02
3.200000e-07	-6.866489e-06	-1.467259e-09	-3.697767e+01	-3.735846e+02
3.300000e-07	-6.848943e-06	-1.420944e-09	-3.688318e+01	-3.731562e+02
3.400000e-07	-6.831063e-06	-1.469308e-09	-3.678689e+01	-3.727125e+02
3.500000e-07	-6.812681e-06	-1.501396e-09	-3.668790e+01	-3.722537e+02
3.600000e-07	-6.793716e-06	-1.424004e-09	-3.658577e+01	-3.717797e+02
3.700000e-07	-6.774237e-06	-1.406571e-09	-3.648087e+01	-3.712906e+02
3.800000e-07	-6.754407e-06	-1.480943e-09	-3.637408e+01	-3.707866e+02
3.900000e-07	-6.734282e-06	-1.463508e-09	-3.626570e+01	-3.702681e+02
4.000000e-07	-6.713701e-06	-1.398503e-09	-3.615487e+01	-3.697353e+02
4.100000e-07	-6.692504e-06	-1.436300e-09	-3.604072e+01	-3.691886e+02
4.200000e-07	-6.670719e-06	-1.469246e-09	-3.592340e+01	-3.686286e+02
4.300000e-07	-6.648540e-06	-1.417115e-09	-3.580396e+01	-3.680558e+02
4.400000e-07	-6.626064e-06	-1.409442e-09	-3.568292e+01	-3.674706e+02
4.500000e-07	-6.603079e-06	-1.441411e-09	-3.555914e+01	-3.668738e+02
4.600000e-07	-6.579524e-06	-1.413074e-09	-3.543229e+01	-3.662659e+02
4.700000e-07	-6.555674e-06	-1.400901e-09	-3.530386e+01	-3.656475e+02
4.800000e-07	-6.531602e-06	-1.438716e-09	-3.517422e+01	-3.650191e+02
4.900000e-07	-6.507081e-06	-1.420725e-09	-3.504217e+01	-3.643814e+02
5.000000e-07	-6.482047e-06	-1.381554e-09	-3.490736e+01	-3.637348e+02
5.100000e-07	-6.456408e-06	-1.404702e-09	-3.476929e+01	-3.630798e+02
5.200000e-07	-6.429822e-06	-1.413168e-09	-3.462611e+01	-3.624167e+02
5.300000e-07	-6.402425e-06	-1.381846e-09	-3.447857e+01	-3.617458e+02
5.400000e-07	-6.374647e-06	-1.387507e-09	-3.432898e+01	-3.610673e+02
5.500000e-07	-6.346590e-06	-1.399181e-09	-3.417789e+01	-3.603812e+02
5.600000e-07	-6.318260e-06	-1.376239e-09	-3.402532e+01	-3.596876e+02
5.700000e-07	-6.289579e-06	-1.373245e-09	-3.387087e+01	-3.589863e+02
5.800000e-07	-6.260347e-06	-1.381541e-09	-3.371345e+01	-3.582771e+02
5.900000e-07	-6.230638e-06	-1.362331e-09	-3.355346e+01	-3.575595e+02
6.000000e-07	-6.200645e-06	-1.358169e-09	-3.339194e+01	-3.568331e+02
6.100000e-07	-6.170322e-06	-1.373057e-09	-3.322864e+01	-3.560972e+02
6.200000e-07	-6.139446e-06	-1.360537e-09	-3.306237e+01	-3.553512e+02
6.300000e-07	-6.108003e-06	-1.345955e-09	-3.289304e+01	-3.545943e+02
6.400000e-07	-6.076213e-06	-1.351090e-09	-3.272185e+01	-3.538256e+02
6.500000e-07	-6.044287e-06	-1.342691e-09	-3.254991e+01	-3.530441e+02
6.600000e-07	-6.012121e-06	-1.331721e-09	-3.237669e+01	-3.522489e+02
6.700000e-07	-5.979503e-06	-1.338146e-09	-3.220104e+01	-3.514388e+02
6.800000e-07	-5.946248e-06	-1.334941e-09	-3.202196e+01	-3.506128e+02
6.900000e-07	-5.912130e-06	-1.321928e-09	-3.183822e+01	-3.497697e+02
7.000000e-07	-5.877305e-06	-1.320597e-09	-3.165068e+01	-3.489085e+02
7.100000e-07	-5.841923e-06	-1.317322e-09	-3.146014e+01	-3.480280e+02
7.200000e-07	-5.806165e-06	-1.307501e-09	-3.126757e+01	-3.471271e+02
7.300000e-07	-5.770274e-06	-1.306742e-09	-3.107429e+01	-3.462048e+02
7.400000e-07	-5.734141e-06	-1.306912e-09	-3.087970e+01	-3.452601e+02
7.500000e-07	-5.697608e-06	-1.300143e-09	-3.068297e+01	-3.442921e+02
7.600000e-07	-5.660634e-06	-1.297004e-09	-3.048385e+01	-3.432998e+02
7.700000e-07	-5.623244e-06	-1.292954e-09	-3.028250e+01	-3.422824e+02
7.800000e-07	-5.585498e-06	-1.282294e-09	-3.007923e+01	-3.412393e+02
7.900000e-07	-5.547473e-06	-1.276014e-09	-2.987446e+01	-3.401697e+02
8.000000e-07	-5.509065e-06	-1.275186e-09	-2.966762e+01	-3.390731e+02
8.100000e-07	-5.470149e-06	-1.272113e-09	-2.945805e+01	-3.379491e+02
8.200000e-07	-5.430817e-06	-1.267402e-09	-2.924624e+01	-3.367971e+02
8.300000e-07	-5.391191e-06	-1.262318e-09	-2.903284e+01	-3.356170e+02
8.400000e-07	-5.351350e-06	-1.255601e-09	-2.881829e+01	-3.344085e+02
8.500000e-07	-5.311246e-06	-1.249117e-09	-2.860232e+01	-3.331714e+02
8.600000e-07	-5.270867e-06	-1.244365e-09	-2.838487e+01	-3.319057e+02
8.700000e-07	-5.230075e-06	-1.239741e-09	-2.816519e+01	-3.306112e+02
8.800000e-07	-5.188602e-06	-1.235051e-09	-2.794185e+01	-3.292881e+02
8.900000e-07	-5.146413e-06	-1.230783e-09	-2.771465e+01	-3.279363e+02
9.000000e-07	-5.103615e-06	-1.225652e-09	-2.748418e+01	-3.265561e+02
9.100000e-07	-5.060308e-06	-1.218827e-09	-2.725095e+01	-3.251476e+02
9.200000e-07	-5.016711e-06	-1.211208e-09	-2.701618e+01	-3.237108e+02
9.300000e-07	-4.972869e-06	-1.204450e-09	-2.678008e+01	-3.222462e+02
9.400000e-07	-4.928739e-06	-1.198583e-09	-2.654243e+01	-3.207538e+02
9.500000e-07	-4.884318e-06	-1.193494e-09	-2.630321e+01	-3.192338e+02
9.600000e-07	-4.839640e-06	-1.188383e-09	-2.606261e+01	-3.176866e+02
9.700000e-07	-4.794740e-06	-1.182377e-09	-2.582081e+01	-3.161123e+02
9.800000e-07	-4.749353e-06	-1.175619e-09	-2.557639e+01	-3.145112e+02
9.900000e-07	-4.703557e-06	-1.168220e-09	-2.532977e+01	-3.128835e+02
1.000000e-06	-4.657640e-06	-1.160245e-09	-2.508250e+01	-3.112294e+02
1.010000e-06	-4.611469e-06	-1.152764e-09	-2.483385e+01	-3.095492e+02
1.020000e-06	-4.564857e-06	-1.146711e-09	-2.458284e+01	-3.078430e+02
1.030000e-06	-4.517754e-06	-1.141103e-09	-2.432917e+01	-3.061112e+02
1.040000e-06	-4.470236e-06	-1.134766e-09	-2.407328e+01	-3.043539e+02
1.050000e-06	-4.422546e-06	-1.128169e-09	-2.381646e+01	-3.025714e+02
1.060000e-06	-4.374762e-06	-1.121164e-09	-2.355913e+01	-3.007638e+02
1.070000e-06	-4.326787e-06	-1.113431e-09	-2.330077e+01	-2.989315e+02
1.080000e-06	-4.278592e-06	-1.105529e-09	-2.304123e+01	-2.970746e+02
1.090000e-06	-4.230132e-06	-1.097309e-09	-2.278026e+01	-2.951933e+02
1.100000e-06	-4.181225e-06	-1.088802e-09	-2.251689e+01	-2.932880e+02
1.110000e-06	-4.131777e-06	-1.080517e-09	-2.225060e+01	-2.913588e+02
1.120000e-06	-4.081736e-06	-1.071987e-09	-2.198111e+01	-2.894060e+02
1.130000e-06	-4.031382e-06	-1.063624e-09	-2.170995e+01	-2.874298e+02
1.140000e-06	-3.980777e-06	-1.056221e-09	-2.143742e+01	-2.854304e+02
1.150000e-06	-3.929573e-06	-1.049144e-09	-2.116168e+01	-2.834081e+02
1.160000e-06	-3.877924e-06	-1.041391e-09	-2.088354e+01	-2.813631e+02
1.170000e-06	-3.826102e-06	-1.032712e-09	-2.060447e+01	-2.792956e+02
1.180000e-06	-3.774026e-06	-1.023383e-09	-2.032402e+01	-2.772057e+02
1.190000e-06	-3.721589e-06	-1.013338e-09	-2.004164e+01	-2.750935e+02
1.200000e-06	-3.668723e-06	-1.003800e-09	-1.975694e+01	-2.729592e+02
1.210000e-06	-3.615438e-06	-9.970896e-10	-1.946999e+01	-2.708029e+02
1.220000e-06	-3.562021e-06	-9.914933e-10	-1.918233e+01	-2.686244e+02
1.230000e-06	-3.508436e-06	-9.834111e-10	-1.889376e+01	-2.664239e+02
1.240000e-06	-3.454576e-06	-9.738060e-10	-1.860371e+01	-2.642011e+02
1.250000e-06	-3.400636e-06	-9.640391e-10	-1.831323e+01	-2.619558e+02
1.260000e-06	-3.346531e-06	-9.540772e-10	-1.802186e+01	-2.596879e+02
1.270000e-06	-3.292116e-06	-9.446914e-10	-1.772882e+01	-2.573970e+02
1.280000e-06	-3.237306e-06	-9.356178e-10	-1.743366e+01	-2.550827e+02
1.290000e-06	-3.182225e-06	-9.265079e-10	-1.713704e+01	-2.527445e+02
1.300000e-06	-3.127101e-06	-9.174246e-10	-1.684018e+01	-2.503818e+02
1.310000e-06	-3.071611e-06	-9.077420e-10	-1.654135e+01	-2.479942e+02
1.320000e-06	-3.015846e-06	-8.966600e-10	-1.624105e+01	-2.455807e+02
1.330000e-06	-2.960066e-06	-8.852119e-10	-1.594065e+01	-2.431408e+02
1.340000e-06	-2.904203e-06	-8.746591e-10	-1.563982e+01	-2.406735e+02
1.350000e-06	-2.848300e-06	-8.655373e-10	-1.533877e+01	-2.381779e+02
1.360000e-06	-2.792305e-06	-8.577271e-10	-1.503722e+01	-2.356532e+02
1.370000e-06	-2.736135e-06	-8.492964e-10	-1.473473e+01	-2.330984e+02
1.380000e-06	-2.679726e-06	-8.398103e-10	-1.443096e+01	-2.305123e+02
1.390000e-06	-2.623140e-06	-8.301216e-10	-1.412623e+01	-2.278942e+02
1.400000e-06	-2.566420e-06	-8.202927e-10	-1.382078e+01	-2.252428e+02
1.410000e-06	-2.509415e-06	-8.099972e-10	-1.351379e+01	-2.225571e+02
1.420000e-06	-2.452117e-06	-7.987728e-10	-1.320523e+01	-2.198361e+02
1.430000e-06	-2.394624e-06	-7.872551e-10	-1.289562e+01	-2.170787e+02
1.440000e-06	-2.336918e-06	-7.771251e-10	-1.258486e+01	-2.142840e+02
1.450000e-06	-2.278821e-06	-7.679377e-10	-1.227199e+01	-2.114509e+02
1.460000e-06	-2.220236e-06	-7.579557e-10	-1.195650e+01	-2.085785e+02
1.470000e-06	-2.161315e-06	-7.470997e-10	-1.163919e+01	-2.056658e+02
1.480000e-06	-2.102155e-06	-7.359280e-10	-1.132060e+01	-2.027120e+02
1.490000e-06	-2.042806e-06	-7.246111e-10	-1.100099e+01	-1.997161e+02
1.500000e-06	-1.983323e-06	-7.133947e-10	-1.068066e+01	-1.966773e+02
1.510000e-06	-1.923723e-06	-7.017927e-10	-1.035970e+01	-1.935949e+02
1.520000e-06	-1.864009e-06	-6.897881e-10	-1.003813e+01	-1.904681e+02
1.530000e-06	-1.804255e-06	-6.780477e-10	-9.716341e+00	-1.872961e+02
1.540000e-06	-1.744508e-06	-6.666131e-10	-9.394591e+00	-1.840781e+02
1.550000e-06	-1.684681e-06	-6.552937e-10	-9.072405e+00	-1.808135e+02
1.560000e-06	-1.624786e-06	-6.437132e-10	-8.749856e+00	-1.775015e+02
1.570000e-06	-1.564884e-06	-6.323631e-10	-8.427270e+00	-1.741413e+02
1.580000e-06	-1.504961e-06	-6.211793e-10	-8.104572e+00	-1.707322e+02
1.590000e-06	-1.444940e-06	-6.097491e-10	-7.781342e+00	-1.672735e+02
1.600000e-06	-1.384791e-06	-5.979530e-10	-7.457429e+00	-1.637643e+02
1.610000e-06	-1.324536e-06	-5.847175e-10	-7.132938e+00	-1.602037e+02
1.620000e-06	-1.264225e-06	-5.706447e-10	-6.808152e+00	-1.565909e+02
1.630000e-06	-1.203872e-06	-5.570199e-10	-6.483137e+00	-1.529250e+02
1.640000e-06	-1.143467e-06	-5.429796e-10	-6.157842e+00	-1.492049e+02
1.650000e-06	-1.082952e-06	-5.281827e-10	-5.831950e+00	-1.454296e+02
1.660000e-06	-1.022255e-06	-5.140409e-10	-5.505085e+00	-1.415981e+02
1.670000e-06	-9.615478e-07	-5.008842e-10	-5.178163e+00	-1.377092e+02
1.680000e-06	-9.008220e-07	-4.880254e-10	-4.851140e+00	-1.337619e+02
1.690000e-06	-8.399976e-07	-4.748875e-10	-4.523586e+00	-1.297549e+02
1.700000e-06	-7.791490e-07	-4.606729e-10	-4.195902e+00	-1.256872e+02
1.710000e-06	-7.182927e-07	-4.457149e-10	-3.868176e+00	-1.215577e+02
1.720000e-06	-6.573521e-07	-4.310229e-10	-3.539997e+00	-1.173651e+02
1.730000e-06	-5.963299e-07	-4.159905e-10	-3.211378e+00	-1.131086e+02
1.740000e-06	-5.352597e-07	-3.995949e-10	-2.882500e+00	-1.087872e+02
1.750000e-06	-4.741306e-07	-3.827496e-10	-2.553305e+00	-1.044001e+02
1.760000e-06	-4.130737e-07	-3.668139e-10	-2.224500e+00	-9.994645e+01
1.770000e-06	-3.520511e-07	-3.502539e-10	-1.895879e+00	-9.542586e+01
1.780000e-06	-2.909145e-07	-3.326893e-10	-1.566643e+00	-9.083794e+01
1.790000e-06	-2.297290e-07	-3.150914e-10	-1.237145e+00	-8.618258e+01
1.800000e-06	-1.685773e-07	-2.971350e-10	-9.078284e-01	-8.145988e+01
1.810000e-06	-1.074192e-07	-2.789925e-10	-5.784777e-01	-7.667023e+01
1.820000e-06	-4.614193e-08	-2.606921e-10	-2.484852e-01	-7.181430e+01
1.830000e-06	1.520030e-08	-2.415384e-10	8.185723e-02	-6.689307e+01
1.840000e-06	7.645006e-08	-2.227946e-10	4.117017e-01	-6.190785e+01
1.850000e-06	1.376738e-07	-2.060617e-10	7.414059e-01	-5.686028e+01
1.860000e-06	1.989196e-07	-1.891963e-10	1.071229e+00	-5.175237e+01
1.870000e-06	2.602014e-07	-1.703333e-10	1.401246e+00	-4.658647e+01
1.880000e-06	3.214811e-07	-1.502316e-10	1.731252e+00	-4.136528e+01
1.890000e-06	3.826833e-07	-1.298619e-10	2.060840e+00	-3.609188e+01
1.900000e-06	4.438020e-07	-1.105247e-10	2.389979e+00	-3.076967e+01
1.910000e-06	5.049047e-07	-9.197528e-11	2.719031e+00	-2.540240e+01
1.920000e-06	5.660006e-07	-7.263477e-11	3.048047e+00	-1.999411e+01
1.930000e-06	6.270554e-07	-5.228278e-11	3.376842e+00	-1.454916e+01
1.940000e-06	6.880301e-07	-3.093575e-11	3.705205e+00	-9.072158e+00
1.950000e-06	7.488756e-07	-9.329675e-12	4.032872e+00	-3.567964e+00
1.960000e-06	8.096984e-07	1.118865e-11	4.360417e+00	1.958372e+00
1.970000e-06	8.704651e-07	3.167602e-11	4.687661e+00	7.501627e+00
1.980000e-06	9.311527e-07	5.339325e-11	5.014477e+00	1.305645e+01
1.990000e-06	9.918906e-07	7.513195e-11	5.341566e+00	1.861741e+01
2.000000e-06	1.052611e-06	9.628570e-11	5.668561e+00	2.417902e+01
2.010000e-06	1.113264e-06	1.173604e-10	5.995193e+00	2.973581e+01
2.020000e-06	1.173806e-06	1.386429e-10	6.321225e+00	3.528231e+01
2.030000e-06	1.234164e-06	1.598878e-10	6.646266e+00	4.081317e+01
2.040000e-06	1.294444e-06	1.801551e-10	6.970885e+00	4.632315e+01
2.050000e-06	1.354700e-06	1.986895e-10	7.295382e+00	5.180716e+01
2.060000e-06	1.414885e-06	2.171638e-10	7.619490e+00	5.726031e+01
2.070000e-06	1.474962e-06	2.369986e-10	7.943019e+00	6.267794e+01
2.080000e-06	1.534981e-06	2.577964e-10	8.266238e+00	6.805564e+01
2.090000e-06	1.594936e-06	2.785792e-10	8.589107e+00	7.338929e+01
2.100000e-06	1.654805e-06	2.978188e-10	8.911516e+00	7.867506e+01
2.110000e-06	1.714653e-06	3.154174e-10	9.233811e+00	8.390943e+01
2.120000e-06	1.774484e-06	3.330311e-10	9.556016e+00	8.908924e+01
2.130000e-06	1.834257e-06	3.510692e-10	9.877906e+00	9.421162e+01
2.140000e-06	1.893886e-06	3.690622e-10	1.019902e+01	9.927407e+01
2.150000e-06	1.953345e-06	3.868279e-10	1.051922e+01	1.042744e+02
2.160000e-06	2.012578e-06	4.039470e-10	1.083821e+01	1.092108e+02
2.170000e-06	2.071607e-06	4.199509e-10	1.115609e+01	1.140817e+02
2.180000e-06	2.130525e-06	4.359060e-10	1.147338e+01	1.188859e+02
2.190000e-06	2.189349e-06	4.537299e-10	1.179016e+01	1.236224e+02
2.200000e-06	2.247958e-06	4.715785e-10	1.210578e+01	1.282906e+02
2.210000e-06	2.306137e-06	4.874720e-10	1.241909e+01	1.328901e+02
2.220000e-06	2.363890e-06	5.027569e-10	1.273011e+01	1.374206e+02
2.230000e-06	2.421391e-06	5.184236e-10	1.303976e+01	1.418820e+02
2.240000e-06	2.478609e-06	5.347317e-10	1.334790e+01	1.462747e+02
2.250000e-06	2.535547e-06	5.505002e-10	1.365452e+01	1.505988e+02
2.260000e-06	2.592276e-06	5.649123e-10	1.396002e+01	1.548547e+02
2.270000e-06	2.648768e-06	5.792290e-10	1.426425e+01	1.590431e+02
2.280000e-06	2.705078e-06	5.939109e-10	1.456749e+01	1.631644e+02
2.290000e-06	2.761201e-06	6.089278e-10	1.486972e+01	1.672194e+02
2.300000e-06	2.817185e-06	6.241006e-10	1.517121e+01	1.712086e+02
2.310000e-06	2.873070e-06	6.383910e-10	1.547216e+01	1.751329e+02
2.320000e-06	2.928861e-06	6.512682e-10	1.577261e+01	1.789929e+02
2.330000e-06	2.984541e-06	6.643190e-10	1.607246e+01	1.827893e+02
2.340000e-06	3.040033e-06	6.787124e-10	1.637130e+01	1.865228e+02
2.350000e-06	3.095369e-06	6.933752e-10	1.666929e+01	1.901941e+02
2.360000e-06	3.150546e-06	7.066978e-10	1.696644e+01	1.938038e+02
2.370000e-06	3.205484e-06	7.190809e-10	1.726229e+01	1.973527e+02
2.380000e-06	3.260206e-06	7.327770e-10	1.755698e+01	2.008414e+02
2.390000e-06	3.314607e-06	7.473442e-10	1.784994e+01	2.042704e+02
2.400000e-06	3.368617e-06	7.603757e-10	1.814080e+01	2.076404e+02
2.410000e-06	3.422462e-06	7.722187e-10	1.843077e+01	2.109521e+02
2.420000e-06	3.476177e-06	7.847684e-10	1.872004e+01	2.142060e+02
2.430000e-06	3.529618e-06	7.982433e-10	1.900783e+01	2.174030e+02
2.440000e-06	3.582756e-06	8.117896e-10	1.929399e+01	2.205436e+02
2.450000e-06	3.635595e-06	8.245718e-10	1.957854e+01	2.236285e+02
2.460000e-06	3.688152e-06	8.358144e-10	1.986157e+01	2.266587e+02
2.470000e-06	3.740572e-06	8.466487e-10	2.014387e+01	2.296350e+02
2.480000e-06	3.792755e-06	8.581487e-10	2.042488e+01	2.325582e+02
2.490000e-06	3.844521e-06	8.701219e-10	2.070366e+01	2.354293e+02
2.500000e-06	3.896050e-06	8.820599e-10	2.098115e+01	2.382493e+02
2.510000e-06	3.947142e-06	8.926525e-10	2.125629e+01	2.410195e+02
2.520000e-06	3.997669e-06	9.020462e-10	2.152840e+01	2.437409e+02
2.530000e-06	4.047830e-06	9.113184e-10	2.179852e+01	2.464148e+02
2.540000e-06	4.097644e-06	9.208045e-10	2.206678e+01	2.490425e+02
2.550000e-06	4.147084e-06	9.313486e-10	2.233303e+01	2.516253e+02
2.560000e-06	4.196113e-06	9.428640e-10	2.259706e+01	2.541646e+02
2.570000e-06	4.244673e-06	9.539157e-10	2.285857e+01	2.566619e+02
2.580000e-06	4.292848e-06	9.637722e-10	2.311800e+01	2.591185e+02
2.590000e-06	4.340751e-06	9.724155e-10	2.337597e+01	2.615360e+02
2.600000e-06	4.388368e-06	9.799730e-10	2.363240e+01	2.639157e+02
2.610000e-06	4.435717e-06	9.871890e-10	2.388739e+01	2.662592e+02
2.620000e-06	4.482874e-06	9.956444e-10	2.414134e+01	2.685676e+02
2.630000e-06	4.529765e-06	1.005980e-09	2.439386e+01	2.708425e+02
2.640000e-06	4.576333e-06	1.016444e-09	2.464463e+01	2.730851e+02
2.650000e-06	4.622542e-06	1.026266e-09	2.489348e+01	2.752966e+02
2.660000e-06	4.668429e-06	1.035445e-09	2.514059e+01	2.774780e+02
2.670000e-06	4.714030e-06	1.043296e-09	2.538617e+01	2.796305e+02
2.680000e-06	4.759282e-06	1.050805e-09	2.562986e+01	2.817549e+02
2.690000e-06	4.804196e-06	1.058610e-09	2.587173e+01	2.838521e+02
2.700000e-06	4.848825e-06	1.066432e-09	2.611207e+01	2.859227e+02
2.710000e-06	4.893196e-06	1.074664e-09	2.635102e+01	2.879675e+02
2.720000e-06	4.937318e-06	1.083478e-09	2.658862e+01	2.899869e+02
2.730000e-06	4.981232e-06	1.092246e-09	2.682512e+01	2.919812e+02
2.740000e-06	5.024905e-06	1.100194e-09	2.706030e+01	2.939509e+02
2.750000e-06	5.068329e-06	1.107239e-09	2.729415e+01	2.958960e+02
2.760000e-06	5.111391e-06	1.113499e-09	2.752605e+01	2.978168e+02
2.770000e-06	5.153828e-06	1.119650e-09	2.775458e+01	2.997132e+02
2.780000e-06	5.195636e-06	1.126435e-09	2.797973e+01	3.015853e+02
2.790000e-06	5.236853e-06	1.133094e-09	2.820169e+01	3.034329e+02
2.800000e-06	5.277442e-06	1.139267e-09	2.842028e+01	3.052561e+02
2.810000e-06	5.317673e-06	1.145597e-09	2.863693e+01	3.070546e+02
2.820000e-06	5.357731e-06	1.152217e-09	2.885265e+01	3.088284e+02
2.830000e-06	5.397509e-06	1.158951e-09	2.906686e+01	3.105772e+02
2.840000e-06	5.436892e-06	1.166251e-09	2.927895e+01	3.123011e+02
2.850000e-06	5.475881e-06	1.173263e-09	2.948891e+01	3.139998e+02
2.860000e-06	5.514590e-06	1.178981e-09	2.969737e+01	3.156734e+02
2.870000e-06	5.553047e-06	1.184836e-09	2.990447e+01	3.173218e+02
2.880000e-06	5.591035e-06	1.191843e-09	3.010905e+01	3.189451e+02
2.890000e-06	5.628583e-06	1.199010e-09	3.031125e+01	3.205432e+02
2.900000e-06	5.665712e-06	1.205614e-09	3.051120e+01	3.221164e+02
2.910000e-06	5.702379e-06	1.213150e-09	3.070866e+01	3.236648e+02
2.920000e-06	5.738680e-06	1.221344e-09	3.090415e+01	3.251887e+02
2.930000e-06	5.774642e-06	1.227827e-09	3.109782e+01	3.266884e+02
2.940000e-06	5.810332e-06	1.233338e-09	3.129001e+01	3.281641e+02
2.950000e-06	5.845726e-06	1.238655e-09	3.148062e+01	3.296163e+02
2.960000e-06	5.880606e-06	1.243616e-09	3.166845e+01	3.310453e+02
2.970000e-06	5.914911e-06	1.249037e-09	3.185320e+01	3.324516e+02
2.980000e-06	5.948677e-06	1.255164e-09	3.203503e+01	3.338356e+02
2.990000e-06	5.981831e-06	1.262347e-09	3.221357e+01	3.351977e+02
3.000000e-06	6.014463e-06	1.269413e-09	3.238931e+01	3.365385e+02
3.010000e-06	6.046706e-06	1.275482e-09	3.256294e+01	3.378581e+02
3.020000e-06	6.078619e-06	1.281084e-09	3.273480e+01	3.391572e+02
3.030000e-06	6.110154e-06	1.285014e-09	3.290462e+01	3.404359e+02
3.040000e-06	6.141300e-06	1.287960e-09	3.307235e+01	3.416946e+02
3.050000e-06	6.172121e-06	1.292509e-09	3.323833e+01	3.429336e+02
3.060000e-06	6.202524e-06	1.299211e-09	3.340206e+01	3.441530e+02
3.070000e-06	6.232438e-06	1.307064e-09	3.356316e+01	3.453530e+02
3.080000e-06	6.261943e-06	1.314161e-09	3.372204e+01	3.465336e+02
3.090000e-06	6.290977e-06	1.319277e-09	3.387840e+01	3.476949e+02
3.100000e-06	6.319465e-06	1.323901e-09	3.403181e+01	3.488367e+02
3.110000e-06	6.347612e-06	1.328085e-09	3.418339e+01	3.499591e+02
3.120000e-06	6.375560e-06	1.331206e-09	3.433390e+01	3.510617e+02
3.130000e-06	6.403217e-06	1.334974e-09	3.448284e+01	3.521445e+02
3.140000e-06	6.430468e-06	1.339413e-09	3.462959e+01	3.532071e+02
3.150000e-06	6.457145e-06	1.343597e-09	3.477326e+01	3.542492e+02
3.160000e-06	6.483012e-06	1.348034e-09	3.491255e+01	3.552707e+02
3.170000e-06	6.508036e-06	1.353387e-09	3.504731e+01	3.562711e+02
3.180000e-06	6.532453e-06	1.358994e-09	3.517880e+01	3.572501e+02
3.190000e-06	6.556513e-06	1.362887e-09	3.530837e+01	3.582075e+02
3.200000e-06	6.580215e-06	1.365344e-09	3.543601e+01	3.591429e+02
3.210000e-06	6.603523e-06	1.367839e-09	3.556154e+01	3.600562e+02
3.220000e-06	6.626420e-06	1.371030e-09	3.568484e+01	3.609470e+02
3.230000e-06	6.648828e-06	1.375956e-09	3.580551e+01	3.618153e+02
3.240000e-06	6.670691e-06	1.381775e-09	3.592325e+01	3.626610e+02
3.250000e-06	6.692069e-06	1.386974e-09	3.603838e+01	3.634840e+02
3.260000e-06	6.713113e-06	1.391631e-09	3.615170e+01	3.642843e+02
3.270000e-06	6.733696e-06	1.395401e-09	3.626255e+01	3.650621e+02
3.280000e-06	6.753804e-06	1.398376e-09	3.637084e+01	3.658174e+02
3.290000e-06	6.773624e-06	1.400960e-09	3.647757e+01	3.665505e+02
3.300000e-06	6.793112e-06	1.403269e-09	3.658252e+01	3.672618e+02
3.310000e-06	6.812155e-06	1.406180e-09	3.668507e+01	3.679514e+02
3.320000e-06	6.830628e-06	1.409144e-09	3.678455e+01	3.686199e+02
3.330000e-06	6.848601e-06	1.412316e-09	3.688134e+01	3.692676e+02
3.340000e-06	6.866114e-06	1.416049e-09	3.697565e+01	3.698951e+02
3.350000e-06	6.883136e-06	1.418837e-09	3.706731e+01	3.705027e+02
3.360000e-06	6.899641e-06	1.420504e-09	3.715620e+01	3.710911e+02
3.370000e-06	6.915579e-06	1.421441e-09	3.724203e+01	3.716606e+02
3.380000e-06	6.930936e-06	1.423311e-09	3.732473e+01	3.722118e+02
3.390000e-06	6.945605e-06	1.426834e-09	3.740373e+01	3.727451e+02
3.400000e-06	6.959669e-06	1.430711e-09	3.747947e+01	3.732610e+02
3.410000e-06	6.973330e-06	1.433731e-09	3.755303e+01	3.737598e+02
3.420000e-06	6.986475e-06	1.435991e-09	3.762382e+01	3.742418e+02
3.430000e-06	6.999070e-06	1.437665e-09	3.769165e+01	3.747075e+02
3.440000e-06	7.011169e-06	1.438835e-09	3.775681e+01	3.751569e+02
3.450000e-06	7.022803e-06	1.440442e-09	3.781946e+01	3.755901e+02
3.460000e-06	7.033854e-06	1.441969e-09	3.787897e+01	3.760074e+02
3.470000e-06	7.044133e-06	1.443267e-09	3.793432e+01	3.764086e+02
3.480000e-06	7.053675e-06	1.445073e-09	3.798571e+01	3.767937e+02
3.490000e-06	7.062566e-06	1.448549e-09	3.803359e+01	3.771626e+02
3.500000e-06	7.070916e-06	1.451631e-09	3.807855e+01	3.775151e+02
3.510000e-06	7.078877e-06	1.452949e-09	3.812143e+01	3.778510e+02
3.520000e-06	7.086579e-06	1.453420e-09	3.816290e+01	3.781698e+02
3.530000e-06	7.093781e-06	1.453729e-09	3.820169e+01	3.784714e+02
3.540000e-06	7.100308e-06	1.454572e-09	3.823684e+01	3.787554e+02
3.550000e-06	7.106365e-06	1.455683e-09	3.826946e+01	3.790214e+02
3.560000e-06	7.111987e-06	1.457185e-09	3.829974e+01	3.792691e+02
3.570000e-06	7.117082e-06	1.459774e-09	3.832717e+01	3.794981e+02
3.580000e-06	7.121696e-06	1.462674e-09	3.835202e+01	3.797081e+02
3.590000e-06	7.125904e-06	1.464117e-09	3.837468e+01	3.798989e+02
3.600000e-06	7.129841e-06	1.464089e-09	3.839588e+01	3.800701e+02
3.610000e-06	7.133415e-06	1.463002e-09	3.841513e+01	3.802215e+02
3.620000e-06	7.136484e-06	1.462920e-09	3.843165e+01	3.803532e+02
3.630000e-06	7.138906e-06	1.464564e-09	3.844470e+01	3.804649e+02
3.640000e-06	7.140521e-06	1.467081e-09	3.845339e+01	3.805568e+02
3.650000e-06	7.141442e-06	1.470196e-09	3.845836e+01	3.806289e+02
3.660000e-06	7.141747e-06	1.472682e-09	3.846000e+01	3.806814e+02
3.670000e-06	7.141648e-06	1.474422e-09	3.845946e+01	3.807146e+02
3.680000e-06	7.141184e-06	1.475288e-09	3.845697e+01	3.807287e+02
3.690000e-06	7.140247e-06	1.474947e-09	3.845192e+01	3.807242e+02
3.700000e-06	7.138877e-06	1.474709e-09	3.844454e+01	3.807016e+02
3.710000e-06	7.137030e-06	1.475215e-09	3.843460e+01	3.806613e+02
3.720000e-06	7.134700e-06	1.475824e-09	3.842205e+01	3.806038e+02
3.730000e-06	7.131972e-06	1.474880e-09	3.840736e+01	3.805299e+02
3.740000e-06	7.128783e-06	1.471856e-09	3.839019e+01	3.804401e+02
3.750000e-06	7.124974e-06	1.475928e-09	3.836967e+01	3.803349e+02
3.760000e-06	7.120449e-06	1.497394e-09	3.834530e+01	3.802151e+02
3.770000e-06	7.115201e-06	1.516022e-09	3.831704e+01	3.800812e+02
3.780000e-06	7.109280e-06	1.482972e-09	3.828515e+01	3.799337e+02
3.790000e-06	7.102877e-06	1.425874e-09	3.825067e+01	3.797733e+02
3.800000e-06	7.096216e-06	1.458910e-09	3.821480e+01	3.796004e+02
3.810000e-06	7.089134e-06	1.532011e-09	3.817666e+01	3.794153e+02
3.820000e-06	7.081412e-06	1.499240e-09	3.813508e+01	3.792185e+02
3.830000e-06	7.073200e-06	1.423288e-09	3.809086e+01	3.790102e+02
3.840000e-06	7.064710e-06	1.468697e-09	3.804514e+01	3.787907e+02
3.850000e-06	7.055769e-06	1.565845e-09	3.799699e+01	3.785599e+02
3.860000e-06	7.046198e-06	1.509960e-09	3.794545e+01	3.783181e+02
3.870000e-06	7.036149e-06	1.387757e-09	3.789133e+01	3.780650e+02
3.880000e-06	7.025714e-06	1.446544e-09	3.783513e+01	3.778007e+02
3.890000e-06	7.014775e-06	1.577769e-09	3.777622e+01	3.775248e+02
3.900000e-06	7.003335e-06	1.513301e-09	3.771462e+01	3.772373e+02
3.910000e-06	6.991266e-06	1.395155e-09	3.764962e+01	3.769378e+02
3.920000e-06	6.978516e-06	1.478600e-09	3.758096e+01	3.766259e+02
3.930000e-06	6.965101e-06	1.575048e-09	3.750872e+01	3.763013e+02
3.940000e-06	6.950919e-06	1.465177e-09	3.743234e+01	3.759636e+02
3.950000e-06	6.935962e-06	1.395213e-09	3.735180e+01	3.756124e+02
3.960000e-06	6.920384e-06	1.519138e-09	3.726790e+01	3.752474e+02
3.970000e-06	6.904410e-06	1.553278e-09	3.718188e+01	3.748682e+02
3.980000e-06	6.888084e-06	1.431657e-09	3.709396e+01	3.744745e+02
3.990000e-06	6.871369e-06	1.444311e-09	3.700395e+01	3.740661e+02
4.000000e-06	6.854156e-06	1.543133e-09	3.691125e+01	3.736426e+02
4.010000e-06	6.836480e-06	1.469939e-09	3.681606e+01	3.732041e+02
4.020000e-06	6.818396e-06	1.398323e-09	3.671868e+01	3.727503e+02
4.030000e-06	6.799801e-06	1.511026e-09	3.661854e+01	3.722813e+02
4.040000e-06	6.780626e-06	1.542657e-09	3.651528e+01	3.717973e+02
4.050000e-06	6.760968e-06	1.421637e-09	3.640941e+01	3.712983e+02
4.060000e-06	6.740972e-06	1.440331e-09	3.630173e+01	3.707846e+02
4.070000e-06	6.720694e-06	1.537861e-09	3.619253e+01	3.702565e+02
4.080000e-06	6.700120e-06	1.467950e-09	3.608173e+01	3.697145e+02
4.090000e-06	6.679064e-06	1.409011e-09	3.596834e+01	3.691589e+02
4.100000e-06	6.657097e-06	1.497989e-09	3.585004e+01	3.685903e+02
4.110000e-06	6.634104e-06	1.501952e-09	3.572622e+01	3.680092e+02
4.120000e-06	6.610485e-06	1.424140e-09	3.559903e+01	3.674162e+02
4.130000e-06	6.586571e-06	1.464144e-09	3.547024e+01	3.668119e+02
4.140000e-06	6.562427e-06	1.496830e-09	3.534022e+01	3.661970e+02
4.150000e-06	6.538010e-06	1.427285e-09	3.520873e+01	3.655719e+02
4.160000e-06	6.513116e-06	1.435159e-09	3.507467e+01	3.649373e+02
4.170000e-06	6.487632e-06	1.493362e-09	3.493743e+01	3.642936e+02
4.180000e-06	6.461622e-06	1.454659e-09	3.479737e+01	3.636414e+02
4.190000e-06	6.435188e-06	1.431165e-09	3.465501e+01	3.629809e+02
4.200000e-06	6.408335e-06	1.471261e-09	3.451040e+01	3.623126e+02
4.210000e-06	6.380952e-06	1.450497e-09	3.436294e+01	3.616367e+02
4.220000e-06	6.353129e-06	1.424219e-09	3.421310e+01	3.609532e+02
4.230000e-06	6.325093e-06	1.458481e-09	3.406212e+01	3.602621e+02
4.240000e-06	6.296870e-06	1.450874e-09	3.391014e+01	3.595634e+02
4.250000e-06	6.268188e-06	1.421852e-09	3.375568e+01	3.588569e+02
4.260000e-06	6.238812e-06	1.447387e-09	3.359748e+01	3.581421e+02
4.270000e-06	6.208602e-06	1.450900e-09	3.343479e+01	3.574187e+02
4.280000e-06	6.177635e-06	1.422676e-09	3.326803e+01	3.566861e+02
4.290000e-06	6.146171e-06	1.434822e-09	3.309858e+01	3.559436e+02
4.300000e-06	6.114359e-06	1.441563e-09	3.292727e+01	3.551905e+02
4.310000e-06	6.082253e-06	1.421898e-09	3.275437e+01	3.544258e+02
4.320000e-06	6.049811e-06	1.431225e-09	3.257966e+01	3.536487e+02
4.330000e-06	6.016951e-06	1.436866e-09	3.240271e+01	3.528582e+02
4.340000e-06	5.983673e-06	1.415258e-09	3.222349e+01	3.520532e+02
4.350000e-06	5.950050e-06	1.416342e-09	3.204243e+01	3.512326e+02
4.360000e-06	5.916087e-06	1.425156e-09	3.185953e+01	3.503954e+02
4.370000e-06	5.881709e-06	1.413660e-09	3.167440e+01	3.495404e+02
4.380000e-06	5.846828e-06	1.412883e-09	3.148655e+01	3.486664e+02
4.390000e-06	5.811410e-06	1.416901e-09	3.129582e+01	3.477725e+02
4.400000e-06	5.775634e-06	1.406101e-09	3.110316e+01	3.468575e+02
4.410000e-06	5.739666e-06	1.404665e-09	3.090946e+01	3.459204e+02
4.420000e-06	5.703528e-06	1.408627e-09	3.071485e+01	3.449603e+02
4.430000e-06	5.667167e-06	1.397631e-09	3.051904e+01	3.439762e+02
4.440000e-06	5.630314e-06	1.390880e-09	3.032057e+01	3.429673e+02
4.450000e-06	5.592758e-06	1.394338e-09	3.011833e+01	3.419328e+02
4.460000e-06	5.554447e-06	1.391980e-09	2.991201e+01	3.408721e+02
4.470000e-06	5.515434e-06	1.387096e-09	2.970192e+01	3.397846e+02
4.480000e-06	5.475853e-06	1.384175e-09	2.948876e+01	3.386698e+02
4.490000e-06	5.435924e-06	1.379122e-09	2.927374e+01	3.375272e+02
4.500000e-06	5.395803e-06	1.375586e-09	2.905768e+01	3.363566e+02
4.510000e-06	5.355470e-06	1.374570e-09	2.884048e+01	3.351576e+02
4.520000e-06	5.314901e-06	1.370676e-09	2.862200e+01	3.339300e+02
4.530000e-06	5.274040e-06	1.365335e-09	2.840195e+01	3.326738e+02
4.540000e-06	5.232699e-06	1.361094e-09	2.817932e+01	3.313890e+02
4.550000e-06	5.190892e-06	1.357143e-09	2.795418e+01	3.300754e+02
4.560000e-06	5.148735e-06	1.354049e-09	2.772716e+01	3.287332e+02
4.570000e-06	5.106242e-06	1.349526e-09	2.749832e+01	3.273625e+02
4.580000e-06	5.063352e-06	1.343040e-09	2.726735e+01	3.259634e+02
4.590000e-06	5.020095e-06	1.338908e-09	2.703440e+01	3.245361e+02
4.600000e-06	4.976529e-06	1.336209e-09	2.679978e+01	3.230807e+02
4.610000e-06	4.932637e-06	1.330294e-09	2.656342e+01	3.215976e+02
4.620000e-06	4.888585e-06	1.322472e-09	2.632619e+01	3.200868e+02
4.630000e-06	4.844501e-06	1.314890e-09	2.608879e+01	3.185487e+02
4.640000e-06	4.800273e-06	1.307731e-09	2.585061e+01	3.169834e+02
4.650000e-06	4.755523e-06	1.301378e-09	2.560962e+01	3.153912e+02
4.660000e-06	4.710181e-06	1.295326e-09	2.536544e+01	3.137723e+02
4.670000e-06	4.664438e-06	1.288701e-09	2.511910e+01	3.121270e+02
4.680000e-06	4.618301e-06	1.280743e-09	2.487064e+01	3.104555e+02
4.690000e-06	4.571856e-06	1.273950e-09	2.462053e+01	3.087580e+02
4.700000e-06	4.525177e-06	1.268813e-09	2.436915e+01	3.070348e+02
4.710000e-06	4.478248e-06	1.262826e-09	2.411643e+01	3.052860e+02
4.720000e-06	4.431055e-06	1.255339e-09	2.386228e+01	3.035118e+02
4.730000e-06	4.383570e-06	1.246928e-09	2.360656e+01	3.017126e+02
4.740000e-06	4.335725e-06	1.239011e-09	2.334891e+01	2.998885e+02
4.750000e-06	4.287566e-06	1.231887e-09	2.308956e+01	2.980398e+02
4.760000e-06	4.238899e-06	1.224287e-09	2.282748e+01	2.961667e+02
4.770000e-06	4.189552e-06	1.217397e-09	2.256173e+01	2.942693e+02
4.780000e-06	4.139892e-06	1.211246e-09	2.229430e+01	2.923481e+02
4.790000e-06	4.090029e-06	1.204662e-09	2.202577e+01	2.904031e+02
4.800000e-06	4.040002e-06	1.197493e-09	2.175637e+01	2.884347e+02
4.810000e-06	3.989754e-06	1.189466e-09	2.148577e+01	2.864431e+02
4.820000e-06	3.939113e-06	1.180533e-09	2.121306e+01	2.844284e+02
4.830000e-06	3.888156e-06	1.171376e-09	2.093864e+01	2.823910e+02
4.840000e-06	3.836911e-06	1.163203e-09	2.066267e+01	2.803310e+02
4.850000e-06	3.785415e-06	1.155780e-09	2.038536e+01	2.782485e+02
4.860000e-06	3.733756e-06	1.147516e-09	2.010716e+01	2.761438e+02
4.870000e-06	3.681918e-06	1.138418e-09	1.982800e+01	2.740169e+02
4.880000e-06	3.629803e-06	1.129407e-09	1.954735e+01	2.718679e+02
4.890000e-06	3.577415e-06	1.119620e-09	1.926522e+01	2.696969e+02
4.900000e-06	3.524606e-06	1.110025e-09	1.898084e+01	2.675037e+02
4.910000e-06	3.471301e-06	1.101686e-09	1.869378e+01	2.652884e+02
4.920000e-06	3.417657e-06	1.093024e-09	1.840489e+01	2.630506e+02
4.930000e-06	3.363500e-06	1.083537e-09	1.811324e+01	2.607903e+02
4.940000e-06	3.308804e-06	1.074160e-09	1.781869e+01	2.585072e+02
4.950000e-06	3.253829e-06	1.064327e-09	1.752264e+01	2.562007e+02
4.960000e-06	3.198654e-06	1.054160e-09	1.722551e+01	2.538706e+02
4.970000e-06	3.143199e-06	1.045516e-09	1.692687e+01	2.515162e+02
4.980000e-06	3.087504e-06	1.037648e-09	1.662694e+01	2.491369e+02
4.990000e-06	3.031674e-06	1.029444e-09	1.632628e+01	2.467322e+02
5.000000e-06	2.975745e-06	1.020249e-09	1.602509e+01	2.443012e+02
5.010000e-06	2.919662e-06	1.008997e-09	1.572307e+01	2.418431e+02
5.020000e-06	2.863312e-06	9.973161e-10	1.541961e+01	2.393571e+02
5.030000e-06	2.806804e-06	9.859483e-10	1.511530e+01	2.368422e+02
5.040000e-06	2.750280e-06	9.744635e-10	1.481091e+01	2.342976e+02
5.050000e-06	2.693618e-06	9.638119e-10	1.450577e+01	2.317221e+02
5.060000e-06	2.636599e-06	9.542626e-10	1.419871e+01	2.291147e+02
5.070000e-06	2.579242e-06	9.448247e-10	1.388983e+01	2.264745e+02
5.080000e-06	2.521760e-06	9.353818e-10	1.358027e+01	2.238004e+02
5.090000e-06	2.464213e-06	9.266229e-10	1.327037e+01	2.210913e+02
5.100000e-06	2.406555e-06	9.165107e-10	1.295987e+01	2.183462e+02
5.110000e-06	2.348672e-06	9.036733e-10	1.264815e+01	2.155641e+02
5.120000e-06	2.290597e-06	8.901261e-10	1.233541e+01	2.127439e+02
5.130000e-06	2.232500e-06	8.775817e-10	1.202254e+01	2.098847e+02
5.140000e-06	2.174136e-06	8.669309e-10	1.170824e+01	2.069856e+02
5.150000e-06	2.115420e-06	8.571063e-10	1.139204e+01	2.040456e+02
5.160000e-06	2.056573e-06	8.464239e-10	1.107513e+01	2.010638e+02
5.170000e-06	1.997674e-06	8.356053e-10	1.075795e+01	1.980395e+02
5.180000e-06	1.938640e-06	8.238140e-10	1.044003e+01	1.949718e+02
5.190000e-06	1.879468e-06	8.102005e-10	1.012138e+01	1.918599e+02
5.200000e-06	1.820196e-06	7.962484e-10	9.802186e+00	1.887030e+02
5.210000e-06	1.760789e-06	7.816374e-10	9.482267e+00	1.855004e+02
5.220000e-06	1.701327e-06	7.664179e-10	9.162050e+00	1.822515e+02
5.230000e-06	1.641777e-06	7.512892e-10	8.841357e+00	1.789553e+02
5.240000e-06	1.582086e-06	7.364502e-10	8.519909e+00	1.756113e+02
5.250000e-06	1.522352e-06	7.239836e-10	8.198228e+00	1.722187e+02
5.260000e-06	1.462555e-06	7.137783e-10	7.876207e+00	1.687766e+02
5.270000e-06	1.402631e-06	7.020218e-10	7.553502e+00	1.652843e+02
5.280000e-06	1.342685e-06	6.867091e-10	7.230677e+00	1.617410e+02
5.290000e-06	1.282736e-06	6.689943e-10	6.907836e+00	1.581457e+02
5.300000e-06	1.222633e-06	6.501427e-10	6.584168e+00	1.544976e+02
5.310000e-06	1.162387e-06	6.314983e-10	6.259728e+00	1.507957e+02
5.320000e-06	1.102144e-06	6.139701e-10	5.935308e+00	1.470390e+02
5.330000e-06	1.041925e-06	5.976598e-10	5.611011e+00	1.432263e+02
5.340000e-06	9.816869e-07	5.827877e-10	5.286616e+00	1.393567e+02
5.350000e-06	9.213626e-07	5.686432e-10	4.961756e+00	1.354290e+02
5.360000e-06	8.609060e-07	5.539036e-10	4.636182e+00	1.314421e+02
5.370000e-06	8.004586e-07	5.370067e-10	4.310659e+00	1.273948e+02
5.380000e-06	7.400224e-07	5.178171e-10	3.985196e+00	1.232860e+02
5.390000e-06	6.795512e-07	4.984658e-10	3.659544e+00	1.191146e+02
5.400000e-06	6.190503e-07	4.795679e-10	3.333732e+00	1.148796e+02
5.410000e-06	5.585039e-07	4.612765e-10	3.007675e+00	1.105799e+02
5.420000e-06	4.979014e-07	4.437443e-10	2.681317e+00	1.062148e+02
5.430000e-06	4.371523e-07	4.255570e-10	2.354169e+00	1.017834e+02
5.440000e-06	3.762549e-07	4.076286e-10	2.026222e+00	9.728521e+01
5.450000e-06	3.153167e-07	3.909414e-10	1.698055e+00	9.271978e+01
5.460000e-06	2.544996e-07	3.731942e-10	1.370540e+00	8.808692e+01
5.470000e-06	1.938193e-07	3.522260e-10	1.043763e+00	8.338666e+01
5.480000e-06	1.331566e-07	3.300356e-10	7.170800e-01	7.861929e+01
5.490000e-06	7.243599e-08	3.086282e-10	3.900850e-01	7.378538e+01
5.500000e-06	1.175439e-08	2.877491e-10	6.330016e-02	6.888581e+01
5.510000e-06	-4.902069e-08	2.671020e-10	-2.639880e-01	6.392178e+01
5.520000e-06	-1.099443e-07	2.462038e-10	-5.920759e-01	5.889481e+01
5.530000e-06	-1.708313e-07	2.256733e-10	-9.199668e-01	5.380679e+01
5.540000e-06	-2.317651e-07	2.056104e-10	-1.248110e+00	4.865995e+01
5.550000e-06	-2.926897e-07	1.845903e-10	-1.576203e+00	4.345689e+01
5.560000e-06	-3.534113e-07	1.619833e-10	-1.903203e+00	3.820056e+01
5.570000e-06	-4.140391e-07	1.389241e-10	-2.229699e+00	3.289424e+01
5.580000e-06	-4.747568e-07	1.163380e-10	-2.556678e+00	2.754157e+01
5.590000e-06	-5.354483e-07	9.429087e-11	-2.883516e+00	2.214651e+01
5.600000e-06	-5.959879e-07	7.238161e-11	-3.209536e+00	1.671330e+01
5.610000e-06	-6.563901e-07	4.987427e-11	-3.534816e+00	1.124647e+01
5.620000e-06	-7.167979e-07	2.682111e-11	-3.860126e+00	5.750814e+00
5.630000e-06	-7.772343e-07	3.713709e-12	-4.185591e+00	2.313076e-01
5.640000e-06	-8.376553e-07	-1.883221e-11	-4.510972e+00	-5.306875e+00
5.650000e-06	-8.980554e-07	-4.088133e-11	-4.836241e+00	-1.085842e+01
5.660000e-06	-9.583786e-07	-6.272406e-11	-5.161095e+00	-1.641792e+01
5.670000e-06	-1.018674e-06	-8.522482e-11	-5.485802e+00	-2.197991e+01
5.680000e-06	-1.078950e-06	-1.088867e-10	-5.810400e+00	-2.753889e+01
5.690000e-06	-1.139184e-06	-1.326309e-10	-6.134773e+00	-3.308939e+01
5.700000e-06	-1.199399e-06	-1.560527e-10	-6.459049e+00	-3.862604e+01
5.710000e-06	-1.259532e-06	-1.792059e-10	-6.782879e+00	-4.414353e+01
5.720000e-06	-1.319544e-06	-2.016314e-10	-7.106057e+00	-4.963673e+01
5.730000e-06	-1.379459e-06	-2.231451e-10	-7.428711e+00	-5.510067e+01
5.740000e-06	-1.439299e-06	-2.446049e-10	-7.750968e+00	-6.053063e+01
5.750000e-06	-1.499011e-06	-2.670000e-10	-8.072527e+00	-6.592209e+01
5.760000e-06	-1.558596e-06	-2.905947e-10	-8.393409e+00	-7.127084e+01
5.770000e-06	-1.618146e-06	-3.140419e-10	-8.714098e+00	-7.657296e+01
5.780000e-06	-1.677695e-06	-3.362708e-10	-9.034785e+00	-8.182481e+01
5.790000e-06	-1.737133e-06	-3.581832e-10	-9.354870e+00	-8.702311e+01
5.800000e-06	-1.796374e-06	-3.800977e-10	-9.673899e+00	-9.216491e+01
5.810000e-06	-1.855459e-06	-4.008631e-10	-9.992088e+00	-9.724758e+01
5.820000e-06	-1.914474e-06	-4.208109e-10	-1.030990e+01	-1.022688e+02
5.830000e-06	-1.973506e-06	-4.411795e-10	-1.062780e+01	-1.072267e+02
5.840000e-06	-2.032466e-06	-4.616506e-10	-1.094531e+01	-1.121196e+02
5.850000e-06	-2.091238e-06	-4.810853e-10	-1.126181e+01	-1.169461e+02
5.860000e-06	-2.149766e-06	-5.000220e-10	-1.157700e+01	-1.217052e+02
5.870000e-06	-2.208085e-06	-5.194628e-10	-1.189106e+01	-1.263963e+02
5.880000e-06	-2.266211e-06	-5.391463e-10	-1.220408e+01	-1.310186e+02
5.890000e-06	-2.324141e-06	-5.591856e-10	-1.251605e+01	-1.355721e+02
5.900000e-06	-2.381865e-06	-5.793033e-10	-1.282691e+01	-1.400565e+02
5.910000e-06	-2.439433e-06	-5.987159e-10	-1.313692e+01	-1.444721e+02
5.920000e-06	-2.496812e-06	-6.173997e-10	-1.344592e+01	-1.488189e+02
5.930000e-06	-2.553909e-06	-6.356881e-10	-1.375341e+01	-1.530975e+02
5.940000e-06	-2.610779e-06	-6.538920e-10	-1.405966e+01	-1.573083e+02
5.950000e-06	-2.667538e-06	-6.721917e-10	-1.436532e+01	-1.614519e+02
5.960000e-06	-2.724215e-06	-6.899712e-10	-1.467054e+01	-1.655289e+02
5.970000e-06	-2.780705e-06	-7.071756e-10	-1.497476e+01	-1.695400e+02
5.980000e-06	-2.836975e-06	-7.238499e-10	-1.527778e+01	-1.734858e+02
5.990000e-06	-2.893134e-06	-7.398204e-10	-1.558021e+01	-1.773671e+02
6.000000e-06	-2.949226e-06	-7.556892e-10	-1.588228e+01	-1.811846e+02
6.010000e-06	-3.005118e-06	-7.709353e-10	-1.618327e+01	-1.849390e+02
6.020000e-06	-3.060847e-06	-7.856109e-10	-1.648339e+01	-1.886309e+02
6.030000e-06	-3.116369e-06	-8.002358e-10	-1.678239e+01	-1.922611e+02
6.040000e-06	-3.171518e-06	-8.140900e-10	-1.707937e+01	-1.958302e+02
6.050000e-06	-3.226482e-06	-8.281075e-10	-1.737537e+01	-1.993388e+02
6.060000e-06	-3.281304e-06	-8.427736e-10	-1.767060e+01	-2.027876e+02
6.070000e-06	-3.335701e-06	-8.565746e-10	-1.796354e+01	-2.061772e+02
6.080000e-06	-3.389670e-06	-8.696202e-10	-1.825418e+01	-2.095082e+02
6.090000e-06	-3.443142e-06	-8.831337e-10	-1.854214e+01	-2.127813e+02
6.100000e-06	-3.496117e-06	-8.968769e-10	-1.882742e+01	-2.159972e+02
6.110000e-06	-3.548904e-06	-9.099254e-10	-1.911169e+01	-2.191565e+02
6.120000e-06	-3.601483e-06	-9.220419e-10	-1.939484e+01	-2.222599e+02
6.130000e-06	-3.653824e-06	-9.344889e-10	-1.967671e+01	-2.253082e+02
6.140000e-06	-3.705966e-06	-9.468355e-10	-1.995750e+01	-2.283023e+02
6.150000e-06	-3.757718e-06	-9.587210e-10	-2.023620e+01	-2.312431e+02
6.160000e-06	-3.809065e-06	-9.711098e-10	-2.051271e+01	-2.341314e+02
6.170000e-06	-3.860137e-06	-9.835083e-10	-2.078775e+01	-2.369683e+02
6.180000e-06	-3.910947e-06	-9.950350e-10	-2.106138e+01	-2.397550e+02
6.190000e-06	-3.961436e-06	-1.005818e-09	-2.133327e+01	-2.424925e+02
6.200000e-06	-4.011491e-06	-1.016720e-09	-2.160283e+01	-2.451820e+02
6.210000e-06	-4.061143e-06	-1.028227e-09	-2.187022e+01	-2.478249e+02
6.220000e-06	-4.110522e-06	-1.039333e-09	-2.213614e+01	-2.504225e+02
6.230000e-06	-4.159716e-06	-1.049081e-09	-2.240105e+01	-2.529762e+02
6.240000e-06	-4.208548e-06	-1.058162e-09	-2.266403e+01	-2.554873e+02
6.250000e-06	-4.256957e-06	-1.067173e-09	-2.292472e+01	-2.579573e+02
6.260000e-06	-4.304906e-06	-1.076874e-09	-2.318294e+01	-2.603876e+02
6.270000e-06	-4.352451e-06	-1.086808e-09	-2.343898e+01	-2.627798e+02
6.280000e-06	-4.399675e-06	-1.096702e-09	-2.369329e+01	-2.651351e+02
6.290000e-06	-4.446507e-06	-1.106994e-09	-2.394549e+01	-2.674551e+02
6.300000e-06	-4.492983e-06	-1.116704e-09	-2.419577e+01	-2.697410e+02
6.310000e-06	-4.539244e-06	-1.126170e-09	-2.444490e+01	-2.719942e+02
6.320000e-06	-4.585356e-06	-1.135083e-09	-2.469323e+01	-2.742159e+02
6.330000e-06	-4.631100e-06	-1.141607e-09	-2.493957e+01	-2.764072e+02
6.340000e-06	-4.676479e-06	-1.147683e-09	-2.518395e+01	-2.785692e+02
6.350000e-06	-4.721595e-06	-1.156092e-09	-2.542691e+01	-2.807028e+02
6.360000e-06	-4.766423e-06	-1.165325e-09	-2.566832e+01	-2.828090e+02
6.370000e-06	-4.810954e-06	-1.173232e-09	-2.590813e+01	-2.848884e+02
6.380000e-06	-4.855175e-06	-1.181208e-09	-2.614626e+01	-2.869417e+02
6.390000e-06	-4.899142e-06	-1.189880e-09	-2.638304e+01	-2.889695e+02
6.400000e-06	-4.942931e-06	-1.198118e-09	-2.661885e+01	-2.909721e+02
6.410000e-06	-4.986446e-06	-1.206553e-09	-2.685319e+01	-2.929500e+02
6.420000e-06	-5.029596e-06	-1.214881e-09	-2.708556e+01	-2.949032e+02
6.430000e-06	-5.072363e-06	-1.222244e-09	-2.731587e+01	-2.968321e+02
6.440000e-06	-5.114793e-06	-1.230096e-09	-2.754437e+01	-2.987366e+02
6.450000e-06	-5.156980e-06	-1.238569e-09	-2.777156e+01	-3.006168e+02
6.460000e-06	-5.198913e-06	-1.245868e-09	-2.799738e+01	-3.024726e+02
6.470000e-06	-5.240377e-06	-1.250960e-09	-2.822067e+01	-3.043039e+02
6.480000e-06	-5.281337e-06	-1.255483e-09	-2.844125e+01	-3.061106e+02
6.490000e-06	-5.321970e-06	-1.261251e-09	-2.866007e+01	-3.078926e+02
6.500000e-06	-5.362351e-06	-1.267379e-09	-2.887753e+01	-3.096498e+02
6.510000e-06	-5.402481e-06	-1.274231e-09	-2.909364e+01	-3.113819e+02
6.520000e-06	-5.442192e-06	-1.281581e-09	-2.930749e+01	-3.130891e+02
6.530000e-06	-5.481472e-06	-1.288219e-09	-2.951902e+01	-3.147710e+02
6.540000e-06	-5.520535e-06	-1.295474e-09	-2.972939e+01	-3.164278e+02
6.550000e-06	-5.559157e-06	-1.303377e-09	-2.993738e+01	-3.180594e+02
6.560000e-06	-5.597100e-06	-1.310116e-09	-3.014171e+01	-3.196659e+02
6.570000e-06	-5.634490e-06	-1.314866e-09	-3.034306e+01	-3.212473e+02
6.580000e-06	-5.671347e-06	-1.319573e-09	-3.054154e+01	-3.228040e+02
6.590000e-06	-5.707709e-06	-1.326176e-09	-3.073736e+01	-3.243360e+02
6.600000e-06	-5.743668e-06	-1.332903e-09	-3.093101e+01	-3.258437e+02
6.610000e-06	-5.779326e-06	-1.337911e-09	-3.112304e+01	-3.273273e+02
6.620000e-06	-5.814750e-06	-1.341882e-09	-3.131381e+01	-3.287873e+02
6.630000e-06	-5.849761e-06	-1.346749e-09	-3.150235e+01	-3.302239e+02
6.640000e-06	-5.884279e-06	-1.353059e-09	-3.168824e+01	-3.316377e+02
6.650000e-06	-5.918376e-06	-1.359415e-09	-3.187186e+01	-3.330291e+02
6.660000e-06	-5.952047e-06	-1.364379e-09	-3.205318e+01	-3.343985e+02
6.670000e-06	-5.985272e-06	-1.368235e-09	-3.223210e+01	-3.357463e+02
6.680000e-06	-6.018168e-06	-1.372860e-09	-3.240926e+01	-3.370729e+02
6.690000e-06	-6.050750e-06	-1.378151e-09	-3.258472e+01	-3.383787e+02
6.700000e-06	-6.082913e-06	-1.383033e-09	-3.275792e+01	-3.396642e+02
6.710000e-06	-6.114724e-06	-1.388214e-09	-3.292924e+01	-3.409295e+02
6.720000e-06	-6.146153e-06	-1.394285e-09	-3.309849e+01	-3.421750e+02
6.730000e-06	-6.177048e-06	-1.400019e-09	-3.326487e+01	-3.434009e+02
6.740000e-06	-6.207276e-06	-1.405031e-09	-3.342765e+01	-3.446074e+02
6.750000e-06	-6.236880e-06	-1.409916e-09	-3.358708e+01	-3.457944e+02
6.760000e-06	-6.266073e-06	-1.414054e-09	-3.374429e+01	-3.469621e+02
6.770000e-06	-6.294778e-06	-1.418523e-09	-3.389887e+01	-3.481104e+02
6.780000e-06	-6.322928e-06	-1.423850e-09	-3.405046e+01	-3.492393e+02
6.790000e-06	-6.350723e-06	-1.428530e-09	-3.420015e+01	-3.503485e+02
6.800000e-06	-6.378163e-06	-1.432913e-09	-3.434792e+01	-3.514379e+02
6.810000e-06	-6.405193e-06	-1.437962e-09	-3.449348e+01	-3.525072e+02
6.820000e-06	-6.431783e-06	-1.442390e-09	-3.463667e+01	-3.535562e+02
6.830000e-06	-6.457771e-06	-1.445193e-09	-3.477662e+01	-3.545845e+02
6.840000e-06	-6.483152e-06	-1.448619e-09	-3.491331e+01	-3.555920e+02
6.850000e-06	-6.508164e-06	-1.452386e-09	-3.504800e+01	-3.565781e+02
6.860000e-06	-6.532787e-06	-1.455221e-09	-3.518060e+01	-3.575427e+02
6.870000e-06	-6.557018e-06	-1.458247e-09	-3.531109e+01	-3.584855e+02
6.880000e-06	-6.581007e-06	-1.461037e-09	-3.544028e+01	-3.594061e+02
6.890000e-06	-6.604642e-06	-1.462887e-09	-3.556756e+01	-3.603045e+02
6.900000e-06	-6.627858e-06	-1.464507e-09	-3.569258e+01	-3.611803e+02
6.910000e-06	-6.650531e-06	-1.467383e-09	-3.581469e+01	-3.620335e+02
6.920000e-06	-6.672459e-06	-1.470976e-09	-3.593277e+01	-3.628640e+02
6.930000e-06	-6.693615e-06	-1.474106e-09	-3.604670e+01	-3.636719e+02
6.940000e-06	-6.714180e-06	-1.476866e-09	-3.615745e+01	-3.644571e+02
6.950000e-06	-6.734373e-06	-1.478450e-09	-3.626619e+01	-3.652198e+02
6.960000e-06	-6.754164e-06	-1.479604e-09	-3.637277e+01	-3.659603e+02
6.970000e-06	-6.773494e-06	-1.481643e-09	-3.647687e+01	-3.666788e+02
6.980000e-06	-6.792410e-06	-1.484163e-09	-3.657874e+01	-3.673756e+02
6.990000e-06	-6.810929e-06	-1.486742e-09	-3.667846e+01	-3.680511e+02
7.000000e-06	-6.828931e-06	-1.489082e-09	-3.677541e+01	-3.687057e+02
7.010000e-06	-6.846356e-06	-1.491719e-09	-3.686925e+01	-3.693398e+02
7.020000e-06	-6.863359e-06	-1.494046e-09	-3.696081e+01	-3.699540e+02
7.030000e-06	-6.880039e-06	-1.494503e-09	-3.705064e+01	-3.705486e+02
7.040000e-06	-6.896388e-06	-1.494425e-09	-3.713868e+01	-3.711244e+02
7.050000e-06	-6.912322e-06	-1.495461e-09	-3.722449e+01	-3.716816e+02
7.060000e-06	-6.927768e-06	-1.497409e-09	-3.730767e+01	-3.722208e+02
7.070000e-06	-6.942579e-06	-1.499796e-09	-3.738743e+01	-3.727424e+02
7.080000e-06	-6.956597e-06	-1.502076e-09	-3.746292e+01	-3.732468e+02
7.090000e-06	-6.969854e-06	-1.503567e-09	-3.753431e+01	-3.737344e+02
7.100000e-06	-6.982481e-06	-1.504064e-09	-3.760231e+01	-3.742055e+02
7.110000e-06	-6.994575e-06	-1.503854e-09	-3.766744e+01	-3.746603e+02
7.120000e-06	-7.006205e-06	-1.504314e-09	-3.773007e+01	-3.750989e+02
7.130000e-06	-7.017386e-06	-1.505789e-09	-3.779028e+01	-3.755215e+02
7.140000e-06	-7.028104e-06	-1.507966e-09	-3.784800e+01	-3.759280e+02
7.150000e-06	-7.038338e-06	-1.509658e-09	-3.790312e+01	-3.763185e+02
7.160000e-06	-7.047995e-06	-1.509833e-09	-3.795512e+01	-3.766928e+02
7.170000e-06	-7.056985e-06	-1.509669e-09	-3.800354e+01	-3.770508e+02
7.180000e-06	-7.065475e-06	-1.509430e-09	-3.804925e+01	-3.773921e+02
7.190000e-06	-7.073690e-06	-1.509006e-09	-3.809349e+01	-3.777167e+02
7.200000e-06	-7.081573e-06	-1.509031e-09	-3.813594e+01	-3.780241e+02
7.210000e-06	-7.088986e-06	-1.509357e-09	-3.817587e+01	-3.783139e+02
7.220000e-06	-7.095957e-06	-1.510090e-09	-3.821341e+01	-3.785860e+02
7.230000e-06	-7.102235e-06	-1.511565e-09	-3.824721e+01	-3.788398e+02
7.240000e-06	-7.107615e-06	-1.512793e-09	-3.827619e+01	-3.790750e+02
7.250000e-06	-7.112392e-06	-1.513658e-09	-3.830191e+01	-3.792914e+02
7.260000e-06	-7.116755e-06	-1.513759e-09	-3.832541e+01	-3.794885e+02
7.270000e-06	-7.120744e-06	-1.513250e-09	-3.834689e+01	-3.796663e+02
7.280000e-06	-7.124279e-06	-1.513600e-09	-3.836593e+01	-3.798243e+02
7.290000e-06	-7.127270e-06	-1.513924e-09	-3.838204e+01	-3.799625e+02
7.300000e-06	-7.129786e-06	-1.513244e-09	-3.839559e+01	-3.800809e+02
7.310000e-06	-7.131832e-06	-1.513246e-09	-3.840660e+01	-3.801794e+02
7.320000e-06	-7.133429e-06	-1.513959e-09	-3.841520e+01	-3.802580e+02
7.330000e-06	-7.134534e-06	-1.514365e-09	-3.842115e+01	-3.803170e+02
7.340000e-06	-7.135084e-06	-1.513997e-09	-3.842412e+01	-3.803566e+02
