# Temperatura_=_-0.2
# Concentracion g/m^3_=_7400.0
# C_Vs_to_Am_M_A/Vsm_=_254322799225.57578
# pendiente_HvsI_1/m_=_3716.3
# ordenada_HvsI_A/m_=_1297.0
# frecuencia_Hz_=_136118.1634332485

Tiempo_(s)	Campo_(V.s)	Magnetizacion_(V.s)	Campo_(kA/m)	Magnetizacion_(A/m)
0.000000e+00	-7.129813e-06	-1.519292e-09	-3.843484e+01	-3.790614e+02
1.000000e-08	-7.129839e-06	-1.518556e-09	-3.843498e+01	-3.790784e+02
2.000000e-08	-7.129572e-06	-1.516660e-09	-3.843354e+01	-3.790807e+02
3.000000e-08	-7.128836e-06	-1.513574e-09	-3.842958e+01	-3.790686e+02
4.000000e-08	-7.127311e-06	-1.511354e-09	-3.842135e+01	-3.790422e+02
5.000000e-08	-7.125003e-06	-1.511940e-09	-3.840891e+01	-3.790018e+02
6.000000e-08	-7.122066e-06	-1.514080e-09	-3.839308e+01	-3.789478e+02
7.000000e-08	-7.118667e-06	-1.520256e-09	-3.837476e+01	-3.788805e+02
8.000000e-08	-7.114845e-06	-1.523450e-09	-3.835415e+01	-3.788004e+02
9.000000e-08	-7.110378e-06	-1.491746e-09	-3.833007e+01	-3.787080e+02
1.000000e-07	-7.105068e-06	-1.446230e-09	-3.830145e+01	-3.786037e+02
1.100000e-07	-7.099026e-06	-1.488509e-09	-3.826888e+01	-3.784882e+02
1.200000e-07	-7.092900e-06	-1.585398e-09	-3.823586e+01	-3.783619e+02
1.300000e-07	-7.086765e-06	-1.549505e-09	-3.820278e+01	-3.782255e+02
1.400000e-07	-7.079920e-06	-1.419744e-09	-3.816588e+01	-3.780795e+02
1.500000e-07	-7.072356e-06	-1.454885e-09	-3.812511e+01	-3.779245e+02
1.600000e-07	-7.064559e-06	-1.600624e-09	-3.808307e+01	-3.777612e+02
1.700000e-07	-7.056486e-06	-1.534982e-09	-3.803956e+01	-3.775900e+02
1.800000e-07	-7.047735e-06	-1.350728e-09	-3.799238e+01	-3.774115e+02
1.900000e-07	-7.038166e-06	-1.430461e-09	-3.794080e+01	-3.772261e+02
2.000000e-07	-7.028022e-06	-1.635525e-09	-3.788612e+01	-3.770341e+02
2.100000e-07	-7.017550e-06	-1.547502e-09	-3.782966e+01	-3.768360e+02
2.200000e-07	-7.006375e-06	-1.348938e-09	-3.776942e+01	-3.766318e+02
2.300000e-07	-6.994471e-06	-1.434544e-09	-3.770525e+01	-3.764219e+02
2.400000e-07	-6.982221e-06	-1.582738e-09	-3.763922e+01	-3.762061e+02
2.500000e-07	-6.969435e-06	-1.476514e-09	-3.757029e+01	-3.759845e+02
2.600000e-07	-6.955978e-06	-1.384616e-09	-3.749775e+01	-3.757569e+02
2.700000e-07	-6.942049e-06	-1.505216e-09	-3.742266e+01	-3.755230e+02
2.800000e-07	-6.927659e-06	-1.538189e-09	-3.734509e+01	-3.752825e+02
2.900000e-07	-6.912375e-06	-1.423403e-09	-3.726270e+01	-3.750348e+02
3.000000e-07	-6.896198e-06	-1.444176e-09	-3.717549e+01	-3.747795e+02
3.100000e-07	-6.879682e-06	-1.513709e-09	-3.708645e+01	-3.745159e+02
3.200000e-07	-6.862856e-06	-1.422185e-09	-3.699575e+01	-3.742432e+02
3.300000e-07	-6.845590e-06	-1.401279e-09	-3.690267e+01	-3.739607e+02
3.400000e-07	-6.827906e-06	-1.539249e-09	-3.680735e+01	-3.736677e+02
3.500000e-07	-6.809600e-06	-1.510468e-09	-3.670866e+01	-3.733631e+02
3.600000e-07	-6.790670e-06	-1.359584e-09	-3.660662e+01	-3.730462e+02
3.700000e-07	-6.771271e-06	-1.425086e-09	-3.650204e+01	-3.727160e+02
3.800000e-07	-6.751561e-06	-1.536066e-09	-3.639579e+01	-3.723717e+02
3.900000e-07	-6.731554e-06	-1.434841e-09	-3.628794e+01	-3.720124e+02
4.000000e-07	-6.711011e-06	-1.378412e-09	-3.617719e+01	-3.716372e+02
4.100000e-07	-6.689816e-06	-1.484136e-09	-3.606294e+01	-3.712455e+02
4.200000e-07	-6.668105e-06	-1.480037e-09	-3.594590e+01	-3.708365e+02
4.300000e-07	-6.646090e-06	-1.397577e-09	-3.582723e+01	-3.704096e+02
4.400000e-07	-6.623764e-06	-1.436996e-09	-3.570687e+01	-3.699643e+02
4.500000e-07	-6.600879e-06	-1.458297e-09	-3.558351e+01	-3.695000e+02
4.600000e-07	-6.577421e-06	-1.393031e-09	-3.545705e+01	-3.690165e+02
4.700000e-07	-6.553723e-06	-1.419725e-09	-3.532930e+01	-3.685135e+02
4.800000e-07	-6.529817e-06	-1.474890e-09	-3.520043e+01	-3.679908e+02
4.900000e-07	-6.505392e-06	-1.413944e-09	-3.506876e+01	-3.674485e+02
5.000000e-07	-6.480320e-06	-1.379367e-09	-3.493361e+01	-3.668866e+02
5.100000e-07	-6.454439e-06	-1.430962e-09	-3.479409e+01	-3.663052e+02
5.200000e-07	-6.427750e-06	-1.424494e-09	-3.465022e+01	-3.657047e+02
5.300000e-07	-6.400559e-06	-1.387812e-09	-3.450364e+01	-3.650853e+02
5.400000e-07	-6.373010e-06	-1.410584e-09	-3.435513e+01	-3.644475e+02
5.500000e-07	-6.345216e-06	-1.416248e-09	-3.420530e+01	-3.637917e+02
5.600000e-07	-6.317139e-06	-1.387718e-09	-3.405394e+01	-3.631185e+02
5.700000e-07	-6.288625e-06	-1.393384e-09	-3.390023e+01	-3.624285e+02
5.800000e-07	-6.259681e-06	-1.397371e-09	-3.374420e+01	-3.617222e+02
5.900000e-07	-6.230298e-06	-1.374042e-09	-3.358581e+01	-3.610002e+02
6.000000e-07	-6.200524e-06	-1.375127e-09	-3.342530e+01	-3.602631e+02
6.100000e-07	-6.170330e-06	-1.386743e-09	-3.326253e+01	-3.595115e+02
6.200000e-07	-6.139496e-06	-1.375711e-09	-3.309632e+01	-3.587458e+02
6.300000e-07	-6.108189e-06	-1.366923e-09	-3.292755e+01	-3.579666e+02
6.400000e-07	-6.076612e-06	-1.362964e-09	-3.275733e+01	-3.571743e+02
6.500000e-07	-6.044759e-06	-1.351467e-09	-3.258562e+01	-3.563691e+02
6.600000e-07	-6.012688e-06	-1.350015e-09	-3.241273e+01	-3.555515e+02
6.700000e-07	-5.980177e-06	-1.353437e-09	-3.223747e+01	-3.547214e+02
6.800000e-07	-5.946799e-06	-1.345707e-09	-3.205754e+01	-3.538791e+02
6.900000e-07	-5.912583e-06	-1.339355e-09	-3.187310e+01	-3.530244e+02
7.000000e-07	-5.877739e-06	-1.334963e-09	-3.168526e+01	-3.521573e+02
7.100000e-07	-5.842447e-06	-1.326182e-09	-3.149501e+01	-3.512774e+02
7.200000e-07	-5.806934e-06	-1.323742e-09	-3.130357e+01	-3.503845e+02
7.300000e-07	-5.771226e-06	-1.324036e-09	-3.111108e+01	-3.494780e+02
7.400000e-07	-5.735265e-06	-1.316478e-09	-3.091722e+01	-3.485575e+02
7.500000e-07	-5.699022e-06	-1.312688e-09	-3.072185e+01	-3.476223e+02
7.600000e-07	-5.662339e-06	-1.314584e-09	-3.052410e+01	-3.466716e+02
7.700000e-07	-5.625090e-06	-1.307941e-09	-3.032330e+01	-3.457048e+02
7.800000e-07	-5.587344e-06	-1.296567e-09	-3.011982e+01	-3.447209e+02
7.900000e-07	-5.549212e-06	-1.290184e-09	-2.991426e+01	-3.437190e+02
8.000000e-07	-5.510669e-06	-1.286440e-09	-2.970648e+01	-3.426981e+02
8.100000e-07	-5.471694e-06	-1.284322e-09	-2.949638e+01	-3.416574e+02
8.200000e-07	-5.432311e-06	-1.282590e-09	-2.928408e+01	-3.405958e+02
8.300000e-07	-5.392672e-06	-1.276374e-09	-2.907040e+01	-3.395123e+02
8.400000e-07	-5.352972e-06	-1.267889e-09	-2.885638e+01	-3.384059e+02
8.500000e-07	-5.313070e-06	-1.262923e-09	-2.864128e+01	-3.372756e+02
8.600000e-07	-5.272668e-06	-1.259671e-09	-2.842349e+01	-3.361207e+02
8.700000e-07	-5.231735e-06	-1.254079e-09	-2.820283e+01	-3.349400e+02
8.800000e-07	-5.190277e-06	-1.246815e-09	-2.797934e+01	-3.337330e+02
8.900000e-07	-5.148232e-06	-1.240867e-09	-2.775269e+01	-3.324987e+02
9.000000e-07	-5.105666e-06	-1.237559e-09	-2.752323e+01	-3.312365e+02
9.100000e-07	-5.062533e-06	-1.233899e-09	-2.729071e+01	-3.299459e+02
9.200000e-07	-5.018983e-06	-1.226768e-09	-2.705595e+01	-3.286263e+02
9.300000e-07	-4.975271e-06	-1.219104e-09	-2.682031e+01	-3.272773e+02
9.400000e-07	-4.931317e-06	-1.214402e-09	-2.658336e+01	-3.258986e+02
9.500000e-07	-4.886984e-06	-1.210709e-09	-2.634437e+01	-3.244900e+02
9.600000e-07	-4.842451e-06	-1.205368e-09	-2.610431e+01	-3.230513e+02
9.700000e-07	-4.797674e-06	-1.197807e-09	-2.586293e+01	-3.215826e+02
9.800000e-07	-4.752445e-06	-1.189524e-09	-2.561911e+01	-3.200838e+02
9.900000e-07	-4.706738e-06	-1.182585e-09	-2.537272e+01	-3.185552e+02
1.000000e-06	-4.660665e-06	-1.176416e-09	-2.512435e+01	-3.169970e+02
1.010000e-06	-4.614311e-06	-1.169579e-09	-2.487447e+01	-3.154096e+02
1.020000e-06	-4.567788e-06	-1.162927e-09	-2.462368e+01	-3.137932e+02
1.030000e-06	-4.521062e-06	-1.157423e-09	-2.437179e+01	-3.121483e+02
1.040000e-06	-4.473925e-06	-1.152106e-09	-2.411769e+01	-3.104756e+02
1.050000e-06	-4.426385e-06	-1.146040e-09	-2.386141e+01	-3.087754e+02
1.060000e-06	-4.378609e-06	-1.139543e-09	-2.360387e+01	-3.070484e+02
1.070000e-06	-4.330729e-06	-1.132659e-09	-2.334576e+01	-3.052951e+02
1.080000e-06	-4.282581e-06	-1.125930e-09	-2.308620e+01	-3.035162e+02
1.090000e-06	-4.233972e-06	-1.119555e-09	-2.282417e+01	-3.017123e+02
1.100000e-06	-4.184998e-06	-1.112569e-09	-2.256016e+01	-2.998839e+02
1.110000e-06	-4.135600e-06	-1.104658e-09	-2.229387e+01	-2.980317e+02
1.120000e-06	-4.085582e-06	-1.095859e-09	-2.202424e+01	-2.961560e+02
1.130000e-06	-4.035030e-06	-1.086948e-09	-2.175173e+01	-2.942575e+02
1.140000e-06	-3.984130e-06	-1.079332e-09	-2.147734e+01	-2.923365e+02
1.150000e-06	-3.932930e-06	-1.072743e-09	-2.120133e+01	-2.903935e+02
1.160000e-06	-3.881429e-06	-1.066042e-09	-2.092371e+01	-2.884286e+02
1.170000e-06	-3.829713e-06	-1.058538e-09	-2.064492e+01	-2.864421e+02
1.180000e-06	-3.777724e-06	-1.050365e-09	-2.036466e+01	-2.844342e+02
1.190000e-06	-3.725421e-06	-1.041765e-09	-2.008271e+01	-2.824048e+02
1.200000e-06	-3.672933e-06	-1.033066e-09	-1.979976e+01	-2.803539e+02
1.210000e-06	-3.620164e-06	-1.025456e-09	-1.951530e+01	-2.782815e+02
1.220000e-06	-3.566972e-06	-1.019734e-09	-1.922856e+01	-2.761871e+02
1.230000e-06	-3.513518e-06	-1.013145e-09	-1.894040e+01	-2.740706e+02
1.240000e-06	-3.459886e-06	-1.004240e-09	-1.865128e+01	-2.719315e+02
1.250000e-06	-3.406083e-06	-9.953239e-10	-1.836125e+01	-2.697693e+02
1.260000e-06	-3.351976e-06	-9.872758e-10	-1.806957e+01	-2.675834e+02
1.270000e-06	-3.297635e-06	-9.790121e-10	-1.777664e+01	-2.653732e+02
1.280000e-06	-3.243184e-06	-9.705566e-10	-1.748310e+01	-2.631379e+02
1.290000e-06	-3.188500e-06	-9.620625e-10	-1.718832e+01	-2.608768e+02
1.300000e-06	-3.133524e-06	-9.524943e-10	-1.689196e+01	-2.585891e+02
1.310000e-06	-3.078250e-06	-9.424461e-10	-1.659399e+01	-2.562739e+02
1.320000e-06	-3.022737e-06	-9.328724e-10	-1.629473e+01	-2.539302e+02
1.330000e-06	-2.967073e-06	-9.227310e-10	-1.599467e+01	-2.515573e+02
1.340000e-06	-2.911373e-06	-9.120637e-10	-1.569440e+01	-2.491541e+02
1.350000e-06	-2.855538e-06	-9.029764e-10	-1.539341e+01	-2.467198e+02
1.360000e-06	-2.799471e-06	-8.953644e-10	-1.509117e+01	-2.442535e+02
1.370000e-06	-2.743301e-06	-8.873294e-10	-1.478837e+01	-2.417542e+02
1.380000e-06	-2.687087e-06	-8.784413e-10	-1.448534e+01	-2.392212e+02
1.390000e-06	-2.630713e-06	-8.692676e-10	-1.418144e+01	-2.366537e+02
1.400000e-06	-2.574080e-06	-8.592936e-10	-1.387615e+01	-2.340508e+02
1.410000e-06	-2.517124e-06	-8.490204e-10	-1.356912e+01	-2.314119e+02
1.420000e-06	-2.459825e-06	-8.390916e-10	-1.326023e+01	-2.287363e+02
1.430000e-06	-2.402281e-06	-8.288886e-10	-1.295003e+01	-2.260234e+02
1.440000e-06	-2.344554e-06	-8.187463e-10	-1.263884e+01	-2.232727e+02
1.450000e-06	-2.286542e-06	-8.092971e-10	-1.232612e+01	-2.204835e+02
1.460000e-06	-2.228184e-06	-7.996064e-10	-1.201152e+01	-2.176556e+02
1.470000e-06	-2.169655e-06	-7.885641e-10	-1.169601e+01	-2.147884e+02
1.480000e-06	-2.110796e-06	-7.774642e-10	-1.137871e+01	-2.118815e+02
1.490000e-06	-2.051564e-06	-7.668361e-10	-1.105941e+01	-2.089346e+02
1.500000e-06	-1.992098e-06	-7.552938e-10	-1.073885e+01	-2.059473e+02
1.510000e-06	-1.932482e-06	-7.432711e-10	-1.041748e+01	-2.029193e+02
1.520000e-06	-1.872883e-06	-7.314140e-10	-1.009619e+01	-1.998501e+02
1.530000e-06	-1.813221e-06	-7.193288e-10	-9.774571e+00	-1.967393e+02
1.540000e-06	-1.753536e-06	-7.072011e-10	-9.452823e+00	-1.935865e+02
1.550000e-06	-1.693841e-06	-6.961646e-10	-9.131026e+00	-1.903912e+02
1.560000e-06	-1.634053e-06	-6.856890e-10	-8.808728e+00	-1.871527e+02
1.570000e-06	-1.574223e-06	-6.741836e-10	-8.486198e+00	-1.838703e+02
1.580000e-06	-1.514403e-06	-6.620494e-10	-8.163726e+00	-1.805433e+02
1.590000e-06	-1.454555e-06	-6.499048e-10	-7.841103e+00	-1.771707e+02
1.600000e-06	-1.394623e-06	-6.375286e-10	-7.518027e+00	-1.737515e+02
1.610000e-06	-1.334554e-06	-6.242895e-10	-7.194211e+00	-1.702845e+02
1.620000e-06	-1.274401e-06	-6.111684e-10	-6.869940e+00	-1.667684e+02
1.630000e-06	-1.214122e-06	-5.984424e-10	-6.544993e+00	-1.632019e+02
1.640000e-06	-1.153675e-06	-5.849052e-10	-6.219140e+00	-1.595833e+02
1.650000e-06	-1.093058e-06	-5.707985e-10	-5.892370e+00	-1.559109e+02
1.660000e-06	-1.032342e-06	-5.559981e-10	-5.565068e+00	-1.521829e+02
1.670000e-06	-9.717320e-07	-5.404168e-10	-5.238337e+00	-1.483975e+02
1.680000e-06	-9.111427e-07	-5.255848e-10	-4.911717e+00	-1.445524e+02
1.690000e-06	-8.504222e-07	-5.130536e-10	-4.584390e+00	-1.406458e+02
1.700000e-06	-7.896006e-07	-5.011174e-10	-4.256518e+00	-1.366754e+02
1.710000e-06	-7.286931e-07	-4.882158e-10	-3.928182e+00	-1.326390e+02
1.720000e-06	-6.677591e-07	-4.743096e-10	-3.599704e+00	-1.285346e+02
1.730000e-06	-6.068830e-07	-4.592431e-10	-3.271538e+00	-1.243600e+02
1.740000e-06	-5.459305e-07	-4.433389e-10	-2.942960e+00	-1.201132e+02
1.750000e-06	-4.849529e-07	-4.267852e-10	-2.614246e+00	-1.157923e+02
1.760000e-06	-4.238924e-07	-4.104104e-10	-2.285086e+00	-1.113955e+02
1.770000e-06	-3.626983e-07	-3.938202e-10	-1.955206e+00	-1.069213e+02
1.780000e-06	-3.015116e-07	-3.766035e-10	-1.625365e+00	-1.023682e+02
1.790000e-06	-2.402984e-07	-3.596608e-10	-1.295382e+00	-9.773528e+01
1.800000e-06	-1.791161e-07	-3.431940e-10	-9.655650e-01	-9.302171e+01
1.810000e-06	-1.180649e-07	-3.261547e-10	-6.364551e-01	-8.822706e+01
1.820000e-06	-5.687754e-08	-3.074155e-10	-3.066111e-01	-8.335129e+01
1.830000e-06	4.423527e-09	-2.884083e-10	2.384600e-02	-7.839472e+01
1.840000e-06	6.559068e-08	-2.705819e-10	3.535812e-01	-7.335813e+01
1.850000e-06	1.267189e-07	-2.537125e-10	6.831065e-01	-6.824273e+01
1.860000e-06	1.879046e-07	-2.363808e-10	1.012941e+00	-6.305022e+01
1.870000e-06	2.491028e-07	-2.163186e-10	1.342844e+00	-5.778272e+01
1.880000e-06	3.101809e-07	-1.941592e-10	1.672099e+00	-5.244289e+01
1.890000e-06	3.711954e-07	-1.733399e-10	2.001012e+00	-4.703382e+01
1.900000e-06	4.322202e-07	-1.547566e-10	2.329979e+00	-4.155910e+01
1.910000e-06	4.932684e-07	-1.367575e-10	2.659073e+00	-3.602276e+01
1.920000e-06	5.542095e-07	-1.176003e-10	2.987590e+00	-3.042928e+01
1.930000e-06	6.150595e-07	-9.685177e-11	3.315615e+00	-2.478353e+01
1.940000e-06	6.759495e-07	-7.440473e-11	3.643856e+00	-1.909079e+01
1.950000e-06	7.368017e-07	-5.045108e-11	3.971893e+00	-1.335667e+01
1.960000e-06	7.976606e-07	-2.674122e-11	4.299967e+00	-7.587085e+00
1.970000e-06	8.584221e-07	-4.393606e-12	4.627515e+00	-1.788213e+00
1.980000e-06	9.190268e-07	1.741381e-11	4.954219e+00	4.033558e+00
1.990000e-06	9.795958e-07	3.954095e-11	5.280729e+00	9.871680e+00
2.000000e-06	1.040158e-06	6.179454e-11	5.607203e+00	1.571950e+01
2.010000e-06	1.100633e-06	8.421106e-11	5.933207e+00	2.157031e+01
2.020000e-06	1.160942e-06	1.064059e-10	6.258318e+00	2.741742e+01
2.030000e-06	1.221234e-06	1.283577e-10	6.583332e+00	3.325418e+01
2.040000e-06	1.281472e-06	1.502518e-10	6.908062e+00	3.907407e+01
2.050000e-06	1.341495e-06	1.709079e-10	7.231629e+00	4.487071e+01
2.060000e-06	1.401406e-06	1.907499e-10	7.554589e+00	5.063798e+01
2.070000e-06	1.461364e-06	2.119300e-10	7.877810e+00	5.636996e+01
2.080000e-06	1.521365e-06	2.342242e-10	8.201258e+00	6.206109e+01
2.090000e-06	1.581365e-06	2.558063e-10	8.524698e+00	6.770610e+01
2.100000e-06	1.641265e-06	2.763884e-10	8.847603e+00	7.330012e+01
2.110000e-06	1.701023e-06	2.956543e-10	9.169741e+00	7.883866e+01
2.120000e-06	1.760668e-06	3.138966e-10	9.491272e+00	8.431764e+01
2.130000e-06	1.820253e-06	3.328643e-10	9.812481e+00	8.973344e+01
2.140000e-06	1.879774e-06	3.525851e-10	1.013334e+01	9.508283e+01
2.150000e-06	1.939208e-06	3.722422e-10	1.045373e+01	1.003631e+02
2.160000e-06	1.998581e-06	3.910565e-10	1.077380e+01	1.055718e+02
2.170000e-06	2.057745e-06	4.086237e-10	1.109273e+01	1.107071e+02
2.180000e-06	2.116647e-06	4.257232e-10	1.141026e+01	1.157674e+02
2.190000e-06	2.175308e-06	4.437398e-10	1.172648e+01	1.207518e+02
2.200000e-06	2.233657e-06	4.619238e-10	1.204103e+01	1.256593e+02
2.210000e-06	2.291785e-06	4.788366e-10	1.235437e+01	1.304896e+02
2.220000e-06	2.349713e-06	4.957508e-10	1.266665e+01	1.352425e+02
2.230000e-06	2.407230e-06	5.130983e-10	1.297671e+01	1.399183e+02
2.240000e-06	2.464312e-06	5.296720e-10	1.328442e+01	1.445173e+02
2.250000e-06	2.521118e-06	5.454757e-10	1.359065e+01	1.490400e+02
2.260000e-06	2.577680e-06	5.604738e-10	1.389556e+01	1.534873e+02
2.270000e-06	2.633989e-06	5.755736e-10	1.419910e+01	1.578600e+02
2.280000e-06	2.690207e-06	5.918426e-10	1.450216e+01	1.621591e+02
2.290000e-06	2.746377e-06	6.081516e-10	1.480495e+01	1.663856e+02
2.300000e-06	2.802419e-06	6.237616e-10	1.510706e+01	1.705405e+02
2.310000e-06	2.858310e-06	6.383570e-10	1.540836e+01	1.746250e+02
2.320000e-06	2.914019e-06	6.517543e-10	1.570867e+01	1.786401e+02
2.330000e-06	2.969559e-06	6.652464e-10	1.600807e+01	1.825869e+02
2.340000e-06	3.024945e-06	6.800035e-10	1.630664e+01	1.864662e+02
2.350000e-06	3.080206e-06	6.947988e-10	1.660454e+01	1.902791e+02
2.360000e-06	3.135291e-06	7.086324e-10	1.690148e+01	1.940263e+02
2.370000e-06	3.190145e-06	7.224036e-10	1.719719e+01	1.977087e+02
2.380000e-06	3.244775e-06	7.363693e-10	1.749168e+01	2.013269e+02
2.390000e-06	3.299079e-06	7.497320e-10	1.778442e+01	2.048816e+02
2.400000e-06	3.353156e-06	7.618513e-10	1.807593e+01	2.083734e+02
2.410000e-06	3.407126e-06	7.737762e-10	1.836687e+01	2.118028e+02
2.420000e-06	3.460912e-06	7.871605e-10	1.865682e+01	2.151703e+02
2.430000e-06	3.514526e-06	8.011628e-10	1.894583e+01	2.184764e+02
2.440000e-06	3.567923e-06	8.141578e-10	1.923368e+01	2.217217e+02
2.450000e-06	3.620952e-06	8.259164e-10	1.951955e+01	2.249065e+02
2.460000e-06	3.673616e-06	8.368952e-10	1.980344e+01	2.280315e+02
2.470000e-06	3.726049e-06	8.478880e-10	2.008610e+01	2.310973e+02
2.480000e-06	3.778136e-06	8.595607e-10	2.036688e+01	2.341045e+02
2.490000e-06	3.829875e-06	8.715244e-10	2.064579e+01	2.370538e+02
2.500000e-06	3.881357e-06	8.829693e-10	2.092332e+01	2.399460e+02
2.510000e-06	3.932482e-06	8.940556e-10	2.119892e+01	2.427821e+02
2.520000e-06	3.983202e-06	9.043779e-10	2.147234e+01	2.455630e+02
2.530000e-06	4.033609e-06	9.133716e-10	2.174406e+01	2.482900e+02
2.540000e-06	4.083558e-06	9.218279e-10	2.201333e+01	2.509642e+02
2.550000e-06	4.133074e-06	9.309056e-10	2.228025e+01	2.535869e+02
2.560000e-06	4.182150e-06	9.415579e-10	2.254481e+01	2.561597e+02
2.570000e-06	4.230693e-06	9.528220e-10	2.280649e+01	2.586839e+02
2.580000e-06	4.278895e-06	9.628622e-10	2.306634e+01	2.611612e+02
2.590000e-06	4.326819e-06	9.716659e-10	2.332468e+01	2.635933e+02
2.600000e-06	4.374553e-06	9.800861e-10	2.358200e+01	2.659819e+02
2.610000e-06	4.422120e-06	9.890731e-10	2.383842e+01	2.683286e+02
2.620000e-06	4.469382e-06	9.980244e-10	2.409320e+01	2.706351e+02
2.630000e-06	4.516246e-06	1.007231e-09	2.434583e+01	2.729032e+02
2.640000e-06	4.562762e-06	1.016966e-09	2.459658e+01	2.751346e+02
2.650000e-06	4.608999e-06	1.025802e-09	2.484583e+01	2.773307e+02
2.660000e-06	4.654921e-06	1.034427e-09	2.509339e+01	2.794931e+02
2.670000e-06	4.700535e-06	1.042669e-09	2.533928e+01	2.816232e+02
2.680000e-06	4.745944e-06	1.050037e-09	2.558407e+01	2.837223e+02
2.690000e-06	4.791149e-06	1.057497e-09	2.582775e+01	2.857915e+02
2.700000e-06	4.835925e-06	1.065374e-09	2.606913e+01	2.878318e+02
2.710000e-06	4.880265e-06	1.073731e-09	2.630815e+01	2.898439e+02
2.720000e-06	4.924279e-06	1.082338e-09	2.654542e+01	2.918286e+02
2.730000e-06	4.967972e-06	1.090203e-09	2.678096e+01	2.937863e+02
2.740000e-06	5.011531e-06	1.097378e-09	2.701577e+01	2.957174e+02
2.750000e-06	5.055015e-06	1.104636e-09	2.725018e+01	2.976219e+02
2.760000e-06	5.098306e-06	1.111302e-09	2.748355e+01	2.994999e+02
2.770000e-06	5.141070e-06	1.117283e-09	2.771408e+01	3.013511e+02
2.780000e-06	5.183002e-06	1.123936e-09	2.794012e+01	3.031754e+02
2.790000e-06	5.224140e-06	1.132093e-09	2.816189e+01	3.049723e+02
2.800000e-06	5.264675e-06	1.140712e-09	2.838040e+01	3.067413e+02
2.810000e-06	5.304848e-06	1.148134e-09	2.859696e+01	3.084818e+02
2.820000e-06	5.344785e-06	1.154013e-09	2.881225e+01	3.101933e+02
2.830000e-06	5.384526e-06	1.159697e-09	2.902649e+01	3.118751e+02
2.840000e-06	5.424061e-06	1.166081e-09	2.923961e+01	3.135266e+02
2.850000e-06	5.463266e-06	1.172025e-09	2.945095e+01	3.151472e+02
2.860000e-06	5.502016e-06	1.178026e-09	2.965984e+01	3.167365e+02
2.870000e-06	5.540309e-06	1.184787e-09	2.986627e+01	3.182939e+02
2.880000e-06	5.578237e-06	1.190940e-09	3.007073e+01	3.198192e+02
2.890000e-06	5.615795e-06	1.197165e-09	3.027319e+01	3.213121e+02
2.900000e-06	5.652984e-06	1.204274e-09	3.047367e+01	3.227727e+02
2.910000e-06	5.689691e-06	1.211471e-09	3.067155e+01	3.242009e+02
2.920000e-06	5.725961e-06	1.218256e-09	3.086707e+01	3.255971e+02
2.930000e-06	5.761983e-06	1.224094e-09	3.106125e+01	3.269618e+02
2.940000e-06	5.797731e-06	1.228963e-09	3.125396e+01	3.282955e+02
2.950000e-06	5.833200e-06	1.234250e-09	3.144516e+01	3.295990e+02
2.960000e-06	5.868354e-06	1.240500e-09	3.163467e+01	3.308734e+02
2.970000e-06	5.903029e-06	1.246112e-09	3.182159e+01	3.321197e+02
2.980000e-06	5.937036e-06	1.251032e-09	3.200491e+01	3.333392e+02
2.990000e-06	5.970209e-06	1.257427e-09	3.218374e+01	3.345334e+02
3.000000e-06	6.002700e-06	1.264722e-09	3.235889e+01	3.357038e+02
3.010000e-06	6.034796e-06	1.270864e-09	3.253191e+01	3.368519e+02
3.020000e-06	6.066609e-06	1.275088e-09	3.270340e+01	3.379795e+02
3.030000e-06	6.098181e-06	1.277573e-09	3.287360e+01	3.390882e+02
3.040000e-06	6.129454e-06	1.280397e-09	3.304218e+01	3.401798e+02
3.050000e-06	6.160284e-06	1.284754e-09	3.320838e+01	3.412559e+02
3.060000e-06	6.190630e-06	1.289463e-09	3.337197e+01	3.423182e+02
3.070000e-06	6.220502e-06	1.294400e-09	3.353300e+01	3.433683e+02
3.080000e-06	6.249954e-06	1.299728e-09	3.369177e+01	3.444076e+02
3.090000e-06	6.279046e-06	1.305888e-09	3.384859e+01	3.454375e+02
3.100000e-06	6.307624e-06	1.312449e-09	3.400265e+01	3.464591e+02
3.110000e-06	6.335772e-06	1.316392e-09	3.415439e+01	3.474734e+02
3.120000e-06	6.363658e-06	1.319022e-09	3.430471e+01	3.484814e+02
3.130000e-06	6.391336e-06	1.322055e-09	3.445392e+01	3.494836e+02
3.140000e-06	6.418772e-06	1.324914e-09	3.460182e+01	3.504804e+02
3.150000e-06	6.445635e-06	1.328768e-09	3.474663e+01	3.514721e+02
3.160000e-06	6.471747e-06	1.333672e-09	3.488739e+01	3.524586e+02
3.170000e-06	6.497091e-06	1.338480e-09	3.502401e+01	3.534398e+02
3.180000e-06	6.521616e-06	1.342856e-09	3.515622e+01	3.544153e+02
3.190000e-06	6.545573e-06	1.347351e-09	3.528537e+01	3.553844e+02
3.200000e-06	6.569224e-06	1.350992e-09	3.541286e+01	3.563463e+02
3.210000e-06	6.592464e-06	1.353126e-09	3.553814e+01	3.573002e+02
3.220000e-06	6.615239e-06	1.355235e-09	3.566092e+01	3.582449e+02
3.230000e-06	6.637614e-06	1.358588e-09	3.578154e+01	3.591792e+02
3.240000e-06	6.659597e-06	1.362530e-09	3.590004e+01	3.601018e+02
3.250000e-06	6.681168e-06	1.366723e-09	3.601632e+01	3.610114e+02
3.260000e-06	6.702300e-06	1.371827e-09	3.613024e+01	3.619066e+02
3.270000e-06	6.722950e-06	1.376843e-09	3.624156e+01	3.627859e+02
3.280000e-06	6.743056e-06	1.382430e-09	3.634994e+01	3.636479e+02
3.290000e-06	6.762761e-06	1.388157e-09	3.645617e+01	3.644912e+02
3.300000e-06	6.782140e-06	1.391173e-09	3.656064e+01	3.653145e+02
3.310000e-06	6.801204e-06	1.393167e-09	3.666340e+01	3.661166e+02
3.320000e-06	6.819834e-06	1.396930e-09	3.676383e+01	3.668962e+02
3.330000e-06	6.837770e-06	1.402402e-09	3.686052e+01	3.676523e+02
3.340000e-06	6.855123e-06	1.407518e-09	3.695407e+01	3.683840e+02
3.350000e-06	6.872047e-06	1.410424e-09	3.704530e+01	3.690906e+02
3.360000e-06	6.888585e-06	1.413002e-09	3.713445e+01	3.697714e+02
3.370000e-06	6.904754e-06	1.415916e-09	3.722161e+01	3.704259e+02
3.380000e-06	6.920490e-06	1.418498e-09	3.730644e+01	3.710539e+02
3.390000e-06	6.935482e-06	1.421339e-09	3.738726e+01	3.716550e+02
3.400000e-06	6.949748e-06	1.424228e-09	3.746416e+01	3.722293e+02
3.410000e-06	6.963618e-06	1.428047e-09	3.753893e+01	3.727770e+02
3.420000e-06	6.976986e-06	1.432337e-09	3.761100e+01	3.732981e+02
3.430000e-06	6.989749e-06	1.435159e-09	3.767980e+01	3.737932e+02
3.440000e-06	7.002013e-06	1.436708e-09	3.774591e+01	3.742626e+02
3.450000e-06	7.013821e-06	1.438168e-09	3.780956e+01	3.747068e+02
3.460000e-06	7.025098e-06	1.439672e-09	3.787035e+01	3.751266e+02
3.470000e-06	7.035790e-06	1.441697e-09	3.792799e+01	3.755225e+02
3.480000e-06	7.045782e-06	1.445204e-09	3.798185e+01	3.758953e+02
3.490000e-06	7.054884e-06	1.449027e-09	3.803092e+01	3.762457e+02
3.500000e-06	7.063253e-06	1.451044e-09	3.807604e+01	3.765744e+02
3.510000e-06	7.071204e-06	1.451596e-09	3.811890e+01	3.768821e+02
3.520000e-06	7.078903e-06	1.451707e-09	3.816040e+01	3.771696e+02
3.530000e-06	7.086223e-06	1.451922e-09	3.819986e+01	3.774375e+02
3.540000e-06	7.093076e-06	1.452068e-09	3.823680e+01	3.776865e+02
3.550000e-06	7.099432e-06	1.451777e-09	3.827107e+01	3.779171e+02
3.560000e-06	7.105202e-06	1.452820e-09	3.830217e+01	3.781299e+02
3.570000e-06	7.110414e-06	1.455609e-09	3.833027e+01	3.783253e+02
3.580000e-06	7.115070e-06	1.458767e-09	3.835537e+01	3.785037e+02
3.590000e-06	7.119282e-06	1.460914e-09	3.837807e+01	3.786656e+02
3.600000e-06	7.123129e-06	1.461376e-09	3.839881e+01	3.788112e+02
3.610000e-06	7.126668e-06	1.461303e-09	3.841789e+01	3.789408e+02
3.620000e-06	7.129799e-06	1.462047e-09	3.843476e+01	3.790545e+02
3.630000e-06	7.132216e-06	1.463470e-09	3.844780e+01	3.791526e+02
3.640000e-06	7.133654e-06	1.464954e-09	3.845555e+01	3.792352e+02
3.650000e-06	7.134284e-06	1.466321e-09	3.845894e+01	3.793025e+02
3.660000e-06	7.134480e-06	1.467411e-09	3.846000e+01	3.793545e+02
3.670000e-06	7.134359e-06	1.468745e-09	3.845935e+01	3.793915e+02
3.680000e-06	7.133981e-06	1.470101e-09	3.845731e+01	3.794135e+02
3.690000e-06	7.133252e-06	1.471342e-09	3.845338e+01	3.794207e+02
3.700000e-06	7.132105e-06	1.473332e-09	3.844720e+01	3.794134e+02
3.710000e-06	7.130323e-06	1.475811e-09	3.843759e+01	3.793917e+02
3.720000e-06	7.127928e-06	1.476882e-09	3.842468e+01	3.793560e+02
3.730000e-06	7.125241e-06	1.471741e-09	3.841020e+01	3.793065e+02
3.740000e-06	7.122122e-06	1.457824e-09	3.839338e+01	3.792436e+02
3.750000e-06	7.118514e-06	1.463796e-09	3.837393e+01	3.791678e+02
3.760000e-06	7.114424e-06	1.528236e-09	3.835188e+01	3.790795e+02
3.770000e-06	7.109472e-06	1.560944e-09	3.832519e+01	3.789791e+02
3.780000e-06	7.103329e-06	1.443095e-09	3.829208e+01	3.788673e+02
3.790000e-06	7.096810e-06	1.358493e-09	3.825693e+01	3.787445e+02
3.800000e-06	7.090659e-06	1.488556e-09	3.822377e+01	3.786114e+02
3.810000e-06	7.084023e-06	1.597857e-09	3.818800e+01	3.784686e+02
3.820000e-06	7.076388e-06	1.457979e-09	3.814684e+01	3.783166e+02
3.830000e-06	7.068218e-06	1.343147e-09	3.810280e+01	3.781560e+02
3.840000e-06	7.059903e-06	1.526966e-09	3.805798e+01	3.779874e+02
3.850000e-06	7.051216e-06	1.666374e-09	3.801115e+01	3.778113e+02
3.860000e-06	7.041748e-06	1.438407e-09	3.796011e+01	3.776282e+02
3.870000e-06	7.031665e-06	1.264590e-09	3.790575e+01	3.774384e+02
3.880000e-06	7.021378e-06	1.508926e-09	3.785030e+01	3.772423e+02
3.890000e-06	7.010805e-06	1.680605e-09	3.779330e+01	3.770402e+02
3.900000e-06	6.999544e-06	1.437726e-09	3.773260e+01	3.768322e+02
3.910000e-06	6.987656e-06	1.317135e-09	3.766851e+01	3.766184e+02
3.920000e-06	6.975385e-06	1.572674e-09	3.760236e+01	3.763988e+02
3.930000e-06	6.962357e-06	1.620934e-09	3.753213e+01	3.761732e+02
3.940000e-06	6.948295e-06	1.355591e-09	3.745633e+01	3.759415e+02
3.950000e-06	6.933590e-06	1.379468e-09	3.737706e+01	3.757032e+02
3.960000e-06	6.918265e-06	1.628205e-09	3.729445e+01	3.754580e+02
3.970000e-06	6.902324e-06	1.540080e-09	3.720851e+01	3.752054e+02
3.980000e-06	6.886131e-06	1.358233e-09	3.712122e+01	3.749446e+02
3.990000e-06	6.869736e-06	1.515305e-09	3.703284e+01	3.746751e+02
4.000000e-06	6.852808e-06	1.596229e-09	3.694158e+01	3.743960e+02
4.010000e-06	6.835227e-06	1.378037e-09	3.684681e+01	3.741066e+02
4.020000e-06	6.817176e-06	1.390522e-09	3.674950e+01	3.738060e+02
4.030000e-06	6.798693e-06	1.616655e-09	3.664987e+01	3.734933e+02
4.040000e-06	6.779570e-06	1.523329e-09	3.654678e+01	3.731676e+02
4.050000e-06	6.759867e-06	1.351025e-09	3.644057e+01	3.728282e+02
4.060000e-06	6.739928e-06	1.506017e-09	3.633308e+01	3.724740e+02
4.070000e-06	6.719721e-06	1.583909e-09	3.622415e+01	3.721042e+02
4.080000e-06	6.699192e-06	1.402268e-09	3.611349e+01	3.717181e+02
4.090000e-06	6.678277e-06	1.418068e-09	3.600073e+01	3.713150e+02
4.100000e-06	6.656580e-06	1.567076e-09	3.588378e+01	3.708942e+02
4.110000e-06	6.633960e-06	1.482488e-09	3.576184e+01	3.704550e+02
4.120000e-06	6.610586e-06	1.413508e-09	3.563583e+01	3.699971e+02
4.130000e-06	6.586688e-06	1.525384e-09	3.550701e+01	3.695201e+02
4.140000e-06	6.562526e-06	1.501029e-09	3.537676e+01	3.690236e+02
4.150000e-06	6.538107e-06	1.399493e-09	3.524512e+01	3.685076e+02
4.160000e-06	6.513346e-06	1.475523e-09	3.511164e+01	3.679718e+02
4.170000e-06	6.488103e-06	1.524336e-09	3.497556e+01	3.674164e+02
4.180000e-06	6.462348e-06	1.442799e-09	3.483672e+01	3.668416e+02
4.190000e-06	6.436237e-06	1.451185e-09	3.469597e+01	3.662474e+02
4.200000e-06	6.409611e-06	1.494443e-09	3.455244e+01	3.656343e+02
4.210000e-06	6.382319e-06	1.445792e-09	3.440531e+01	3.650026e+02
4.220000e-06	6.354517e-06	1.441435e-09	3.425544e+01	3.643528e+02
4.230000e-06	6.326415e-06	1.481277e-09	3.410395e+01	3.636854e+02
4.240000e-06	6.298162e-06	1.453278e-09	3.395164e+01	3.630009e+02
4.250000e-06	6.269612e-06	1.440060e-09	3.379774e+01	3.623000e+02
4.260000e-06	6.240510e-06	1.469451e-09	3.364085e+01	3.615832e+02
4.270000e-06	6.210761e-06	1.454834e-09	3.348049e+01	3.608511e+02
4.280000e-06	6.180365e-06	1.437682e-09	3.331663e+01	3.601043e+02
4.290000e-06	6.149338e-06	1.449260e-09	3.314937e+01	3.593433e+02
4.300000e-06	6.117730e-06	1.442038e-09	3.297898e+01	3.585686e+02
4.310000e-06	6.085654e-06	1.443407e-09	3.280607e+01	3.577806e+02
4.320000e-06	6.053220e-06	1.459166e-09	3.263123e+01	3.569797e+02
4.330000e-06	6.020446e-06	1.442732e-09	3.245455e+01	3.561662e+02
4.340000e-06	5.987224e-06	1.430066e-09	3.227546e+01	3.553403e+02
4.350000e-06	5.953507e-06	1.441157e-09	3.209371e+01	3.545021e+02
4.360000e-06	5.919452e-06	1.434370e-09	3.191012e+01	3.536516e+02
4.370000e-06	5.885102e-06	1.429665e-09	3.172495e+01	3.527887e+02
4.380000e-06	5.850351e-06	1.440082e-09	3.153762e+01	3.519131e+02
4.390000e-06	5.815061e-06	1.429018e-09	3.134738e+01	3.510246e+02
4.400000e-06	5.779353e-06	1.418724e-09	3.115489e+01	3.501227e+02
4.410000e-06	5.743390e-06	1.430749e-09	3.096102e+01	3.492070e+02
4.420000e-06	5.707255e-06	1.427414e-09	3.076623e+01	3.482767e+02
4.430000e-06	5.670988e-06	1.412740e-09	3.057072e+01	3.473314e+02
4.440000e-06	5.634272e-06	1.416083e-09	3.037279e+01	3.463700e+02
4.450000e-06	5.596960e-06	1.420733e-09	3.017166e+01	3.453919e+02
4.460000e-06	5.558904e-06	1.414841e-09	2.996651e+01	3.443962e+02
4.470000e-06	5.520031e-06	1.410331e-09	2.975696e+01	3.433818e+02
4.480000e-06	5.480702e-06	1.404684e-09	2.954494e+01	3.423478e+02
4.490000e-06	5.440971e-06	1.397299e-09	2.933077e+01	3.412933e+02
4.500000e-06	5.400844e-06	1.396273e-09	2.911445e+01	3.402172e+02
4.510000e-06	5.360499e-06	1.397422e-09	2.889696e+01	3.391186e+02
4.520000e-06	5.319907e-06	1.393621e-09	2.867814e+01	3.379964e+02
4.530000e-06	5.278847e-06	1.385795e-09	2.845680e+01	3.368498e+02
4.540000e-06	5.237331e-06	1.378682e-09	2.823299e+01	3.356779e+02
4.550000e-06	5.195627e-06	1.376884e-09	2.800818e+01	3.344797e+02
4.560000e-06	5.153702e-06	1.375478e-09	2.778217e+01	3.332546e+02
4.570000e-06	5.111377e-06	1.368712e-09	2.755402e+01	3.320019e+02
4.580000e-06	5.068687e-06	1.362274e-09	2.732388e+01	3.307208e+02
4.590000e-06	5.025580e-06	1.360366e-09	2.709151e+01	3.294109e+02
4.600000e-06	4.982026e-06	1.357972e-09	2.685672e+01	3.280718e+02
4.610000e-06	4.938148e-06	1.351426e-09	2.662019e+01	3.267031e+02
4.620000e-06	4.894040e-06	1.343629e-09	2.638241e+01	3.253045e+02
4.630000e-06	4.849778e-06	1.337382e-09	2.614380e+01	3.238758e+02
4.640000e-06	4.805309e-06	1.333067e-09	2.590408e+01	3.224171e+02
4.650000e-06	4.760561e-06	1.329370e-09	2.566286e+01	3.209284e+02
4.660000e-06	4.715473e-06	1.323796e-09	2.541981e+01	3.194098e+02
4.670000e-06	4.669946e-06	1.316274e-09	2.517438e+01	3.178614e+02
4.680000e-06	4.623963e-06	1.308196e-09	2.492650e+01	3.162837e+02
4.690000e-06	4.577650e-06	1.301802e-09	2.467684e+01	3.146769e+02
4.700000e-06	4.531031e-06	1.297970e-09	2.442553e+01	3.130416e+02
4.710000e-06	4.484089e-06	1.293377e-09	2.417248e+01	3.113781e+02
4.720000e-06	4.436864e-06	1.286182e-09	2.391790e+01	3.096870e+02
4.730000e-06	4.389474e-06	1.278586e-09	2.366244e+01	3.079689e+02
4.740000e-06	4.341766e-06	1.271673e-09	2.340525e+01	3.062243e+02
4.750000e-06	4.293539e-06	1.264481e-09	2.314527e+01	3.044539e+02
4.760000e-06	4.244950e-06	1.256608e-09	2.288335e+01	3.026583e+02
4.770000e-06	4.196052e-06	1.248286e-09	2.261975e+01	3.008381e+02
4.780000e-06	4.146792e-06	1.241657e-09	2.235421e+01	2.989937e+02
4.790000e-06	4.097249e-06	1.235818e-09	2.208713e+01	2.971258e+02
4.800000e-06	4.047162e-06	1.228107e-09	2.181713e+01	2.952349e+02
4.810000e-06	3.996717e-06	1.218897e-09	2.154519e+01	2.933214e+02
4.820000e-06	3.946297e-06	1.210037e-09	2.127339e+01	2.913857e+02
4.830000e-06	3.895609e-06	1.202452e-09	2.100014e+01	2.894281e+02
4.840000e-06	3.844517e-06	1.195660e-09	2.072473e+01	2.874488e+02
4.850000e-06	3.793069e-06	1.189357e-09	2.044738e+01	2.854481e+02
4.860000e-06	3.741360e-06	1.181363e-09	2.016863e+01	2.834259e+02
4.870000e-06	3.689430e-06	1.171169e-09	1.988869e+01	2.813822e+02
4.880000e-06	3.637264e-06	1.160907e-09	1.960748e+01	2.793170e+02
4.890000e-06	3.584813e-06	1.151794e-09	1.932473e+01	2.772300e+02
4.900000e-06	3.532112e-06	1.143767e-09	1.904064e+01	2.751209e+02
4.910000e-06	3.479098e-06	1.136355e-09	1.875485e+01	2.729894e+02
4.920000e-06	3.425653e-06	1.129309e-09	1.846675e+01	2.708350e+02
4.930000e-06	3.371886e-06	1.122169e-09	1.817690e+01	2.686571e+02
4.940000e-06	3.317688e-06	1.114053e-09	1.788474e+01	2.664551e+02
4.950000e-06	3.262962e-06	1.103939e-09	1.758972e+01	2.642283e+02
4.960000e-06	3.207838e-06	1.091828e-09	1.729256e+01	2.619760e+02
4.970000e-06	3.152463e-06	1.080696e-09	1.699405e+01	2.596972e+02
4.980000e-06	3.096870e-06	1.072774e-09	1.669437e+01	2.573913e+02
4.990000e-06	3.041085e-06	1.065829e-09	1.639364e+01	2.550572e+02
5.000000e-06	2.985119e-06	1.057491e-09	1.609195e+01	2.526942e+02
5.010000e-06	2.928942e-06	1.047142e-09	1.578911e+01	2.503012e+02
5.020000e-06	2.872603e-06	1.035809e-09	1.548541e+01	2.478774e+02
5.030000e-06	2.816183e-06	1.025027e-09	1.518126e+01	2.454219e+02
5.040000e-06	2.759643e-06	1.013650e-09	1.487647e+01	2.429337e+02
5.050000e-06	2.702884e-06	1.001677e-09	1.457050e+01	2.404121e+02
5.060000e-06	2.646020e-06	9.907687e-10	1.426396e+01	2.378562e+02
5.070000e-06	2.589036e-06	9.809157e-10	1.395678e+01	2.352652e+02
5.080000e-06	2.531837e-06	9.708736e-10	1.364843e+01	2.326384e+02
5.090000e-06	2.474362e-06	9.601815e-10	1.333860e+01	2.299751e+02
5.100000e-06	2.416716e-06	9.493907e-10	1.302784e+01	2.272748e+02
5.110000e-06	2.359041e-06	9.379729e-10	1.271694e+01	2.245367e+02
5.120000e-06	2.301112e-06	9.262468e-10	1.240466e+01	2.217605e+02
5.130000e-06	2.242879e-06	9.155924e-10	1.209074e+01	2.189455e+02
5.140000e-06	2.184511e-06	9.049494e-10	1.177609e+01	2.160915e+02
5.150000e-06	2.125902e-06	8.925955e-10	1.146015e+01	2.131979e+02
5.160000e-06	2.067083e-06	8.792644e-10	1.114307e+01	2.102644e+02
5.170000e-06	2.008183e-06	8.663739e-10	1.082556e+01	2.072907e+02
5.180000e-06	1.949188e-06	8.546964e-10	1.050753e+01	2.042763e+02
5.190000e-06	1.890060e-06	8.429650e-10	1.018879e+01	2.012209e+02
5.200000e-06	1.830839e-06	8.301326e-10	9.869543e+00	1.981240e+02
5.210000e-06	1.771509e-06	8.176378e-10	9.549713e+00	1.949853e+02
5.220000e-06	1.712003e-06	8.045420e-10	9.228932e+00	1.918043e+02
5.230000e-06	1.652322e-06	7.891958e-10	8.907210e+00	1.885802e+02
5.240000e-06	1.592559e-06	7.737889e-10	8.585042e+00	1.853126e+02
5.250000e-06	1.532742e-06	7.606539e-10	8.262589e+00	1.820006e+02
5.260000e-06	1.472808e-06	7.507330e-10	7.939500e+00	1.786433e+02
5.270000e-06	1.412808e-06	7.410554e-10	7.616053e+00	1.752398e+02
5.280000e-06	1.352741e-06	7.274975e-10	7.292249e+00	1.717889e+02
5.290000e-06	1.292575e-06	7.103762e-10	6.967913e+00	1.682894e+02
5.300000e-06	1.232366e-06	6.921272e-10	6.643344e+00	1.647399e+02
5.310000e-06	1.172144e-06	6.746674e-10	6.318701e+00	1.611388e+02
5.320000e-06	1.111937e-06	6.577224e-10	5.994142e+00	1.574846e+02
5.330000e-06	1.051709e-06	6.408699e-10	5.669470e+00	1.537754e+02
5.340000e-06	9.913523e-07	6.246954e-10	5.344105e+00	1.500093e+02
5.350000e-06	9.309297e-07	6.095771e-10	5.018383e+00	1.461844e+02
5.360000e-06	8.705458e-07	5.947487e-10	4.692870e+00	1.422985e+02
5.370000e-06	8.101946e-07	5.792511e-10	4.367534e+00	1.383496e+02
5.380000e-06	7.498464e-07	5.625192e-10	4.042214e+00	1.343355e+02
5.390000e-06	6.895259e-07	5.446438e-10	3.717043e+00	1.302541e+02
5.400000e-06	6.291817e-07	5.265399e-10	3.391744e+00	1.261031e+02
5.410000e-06	5.686306e-07	5.090214e-10	3.065330e+00	1.218807e+02
5.420000e-06	5.080028e-07	4.914950e-10	2.738502e+00	1.175847e+02
5.430000e-06	4.474878e-07	4.731846e-10	2.412283e+00	1.132134e+02
5.440000e-06	3.869096e-07	4.554194e-10	2.085722e+00	1.087652e+02
5.450000e-06	3.262400e-07	4.382097e-10	1.758669e+00	1.042385e+02
5.460000e-06	2.655759e-07	4.193606e-10	1.431646e+00	9.963236e+01
5.470000e-06	2.049293e-07	3.980970e-10	1.104717e+00	9.494576e+01
5.480000e-06	1.443037e-07	3.767422e-10	7.779014e-01	9.017819e+01
5.490000e-06	8.364027e-08	3.566412e-10	4.508814e-01	8.532947e+01
5.500000e-06	2.292373e-08	3.364687e-10	1.235754e-01	8.039979e+01
5.510000e-06	-3.775756e-08	3.162725e-10	-2.035405e-01	7.538979e+01
5.520000e-06	-9.840345e-08	2.956220e-10	-5.304657e-01	7.030053e+01
5.530000e-06	-1.590761e-07	2.742160e-10	-8.575349e-01	6.513353e+01
5.540000e-06	-2.197760e-07	2.524575e-10	-1.184752e+00	5.989078e+01
5.550000e-06	-2.804035e-07	2.300927e-10	-1.511577e+00	5.457477e+01
5.560000e-06	-3.410080e-07	2.074997e-10	-1.838279e+00	4.918843e+01
5.570000e-06	-4.016657e-07	1.854049e-10	-2.165268e+00	4.373520e+01
5.580000e-06	-4.622697e-07	1.641718e-10	-2.491967e+00	3.821895e+01
5.590000e-06	-5.228521e-07	1.426090e-10	-2.818550e+00	3.264401e+01
5.600000e-06	-5.834069e-07	1.198407e-10	-3.144984e+00	2.701515e+01
5.610000e-06	-6.439202e-07	9.551369e-11	-3.471195e+00	2.133749e+01
5.620000e-06	-7.043974e-07	7.011917e-11	-3.797211e+00	1.561655e+01
5.630000e-06	-7.648526e-07	4.533261e-11	-4.123108e+00	9.858136e+00
5.640000e-06	-8.252722e-07	2.183345e-11	-4.448813e+00	4.068353e+00
5.650000e-06	-8.856899e-07	-1.164233e-12	-4.774509e+00	-1.746479e+00
5.660000e-06	-9.461398e-07	-2.391880e-11	-5.100377e+00	-7.579859e+00
5.670000e-06	-1.006545e-06	-4.607836e-11	-5.426005e+00	-1.342516e+01
5.680000e-06	-1.066832e-06	-6.887099e-11	-5.750997e+00	-1.927570e+01
5.690000e-06	-1.126990e-06	-9.324574e-11	-6.075291e+00	-2.512476e+01
5.700000e-06	-1.187105e-06	-1.186770e-10	-6.399356e+00	-3.096567e+01
5.710000e-06	-1.247191e-06	-1.433288e-10	-6.723263e+00	-3.679187e+01
5.720000e-06	-1.307258e-06	-1.662826e-10	-7.047066e+00	-4.259693e+01
5.730000e-06	-1.367260e-06	-1.884832e-10	-7.370517e+00	-4.837463e+01
5.740000e-06	-1.427173e-06	-2.116786e-10	-7.693494e+00	-5.411898e+01
5.750000e-06	-1.486965e-06	-2.361027e-10	-8.015816e+00	-5.982430e+01
5.760000e-06	-1.546640e-06	-2.607025e-10	-8.337507e+00	-6.548522e+01
5.770000e-06	-1.606292e-06	-2.854471e-10	-8.659075e+00	-7.109673e+01
5.780000e-06	-1.665889e-06	-3.090283e-10	-8.980343e+00	-7.665421e+01
5.790000e-06	-1.725251e-06	-3.318041e-10	-9.300351e+00	-8.215345e+01
5.800000e-06	-1.784456e-06	-3.549909e-10	-9.619505e+00	-8.759066e+01
5.810000e-06	-1.843528e-06	-3.778666e-10	-9.937949e+00	-9.296249e+01
5.820000e-06	-1.902456e-06	-4.002674e-10	-1.025561e+01	-9.826602e+01
5.830000e-06	-1.961350e-06	-4.233263e-10	-1.057309e+01	-1.034988e+02
5.840000e-06	-2.020173e-06	-4.466493e-10	-1.089019e+01	-1.086587e+02
5.850000e-06	-2.078867e-06	-4.681746e-10	-1.120659e+01	-1.137442e+02
5.860000e-06	-2.137395e-06	-4.881121e-10	-1.152210e+01	-1.187539e+02
5.870000e-06	-2.195740e-06	-5.071384e-10	-1.183662e+01	-1.236871e+02
5.880000e-06	-2.253886e-06	-5.261995e-10	-1.215007e+01	-1.285431e+02
5.890000e-06	-2.311880e-06	-5.469602e-10	-1.246270e+01	-1.333218e+02
5.900000e-06	-2.369726e-06	-5.686496e-10	-1.277453e+01	-1.380233e+02
5.910000e-06	-2.427363e-06	-5.895573e-10	-1.308524e+01	-1.426478e+02
5.920000e-06	-2.484799e-06	-6.093753e-10	-1.339486e+01	-1.471958e+02
5.930000e-06	-2.542070e-06	-6.283484e-10	-1.370360e+01	-1.516681e+02
5.940000e-06	-2.599094e-06	-6.471337e-10	-1.401099e+01	-1.560656e+02
5.950000e-06	-2.655841e-06	-6.660952e-10	-1.431690e+01	-1.603890e+02
5.960000e-06	-2.712390e-06	-6.846914e-10	-1.462174e+01	-1.646396e+02
5.970000e-06	-2.768811e-06	-7.026099e-10	-1.492589e+01	-1.688182e+02
5.980000e-06	-2.825164e-06	-7.201463e-10	-1.522967e+01	-1.729261e+02
5.990000e-06	-2.881435e-06	-7.380191e-10	-1.553301e+01	-1.769642e+02
6.000000e-06	-2.937532e-06	-7.556630e-10	-1.583542e+01	-1.809336e+02
6.010000e-06	-2.993445e-06	-7.717204e-10	-1.613683e+01	-1.848352e+02
6.020000e-06	-3.049191e-06	-7.863810e-10	-1.643734e+01	-1.886701e+02
6.030000e-06	-3.104820e-06	-8.010064e-10	-1.673722e+01	-1.924391e+02
6.040000e-06	-3.160203e-06	-8.162526e-10	-1.703577e+01	-1.961430e+02
6.050000e-06	-3.215240e-06	-8.316617e-10	-1.733247e+01	-1.997825e+02
6.060000e-06	-3.269875e-06	-8.466351e-10	-1.762699e+01	-2.033583e+02
6.070000e-06	-3.324056e-06	-8.608686e-10	-1.791906e+01	-2.068709e+02
6.080000e-06	-3.377809e-06	-8.742110e-10	-1.820883e+01	-2.103210e+02
6.090000e-06	-3.431141e-06	-8.872803e-10	-1.849633e+01	-2.137091e+02
6.100000e-06	-3.484136e-06	-9.010763e-10	-1.878201e+01	-2.170356e+02
6.110000e-06	-3.536873e-06	-9.142046e-10	-1.906630e+01	-2.203011e+02
6.120000e-06	-3.589397e-06	-9.264118e-10	-1.934944e+01	-2.235060e+02
6.130000e-06	-3.641670e-06	-9.389562e-10	-1.963123e+01	-2.266509e+02
6.140000e-06	-3.693657e-06	-9.514624e-10	-1.991148e+01	-2.297363e+02
6.150000e-06	-3.745396e-06	-9.638643e-10	-2.019039e+01	-2.327629e+02
6.160000e-06	-3.796813e-06	-9.762415e-10	-2.046756e+01	-2.357313e+02
6.170000e-06	-3.847839e-06	-9.882270e-10	-2.074263e+01	-2.386425e+02
6.180000e-06	-3.898645e-06	-9.996112e-10	-2.101651e+01	-2.414971e+02
6.190000e-06	-3.949156e-06	-1.011216e-09	-2.128880e+01	-2.442963e+02
6.200000e-06	-3.999437e-06	-1.023321e-09	-2.155986e+01	-2.470411e+02
6.210000e-06	-4.049598e-06	-1.034446e-09	-2.183026e+01	-2.497327e+02
6.220000e-06	-4.099573e-06	-1.044492e-09	-2.209966e+01	-2.523724e+02
6.230000e-06	-4.149034e-06	-1.054595e-09	-2.236629e+01	-2.549617e+02
6.240000e-06	-4.197788e-06	-1.064558e-09	-2.262911e+01	-2.575019e+02
6.250000e-06	-4.246007e-06	-1.073712e-09	-2.288904e+01	-2.599946e+02
6.260000e-06	-4.293760e-06	-1.082792e-09	-2.314647e+01	-2.624416e+02
6.270000e-06	-4.341287e-06	-1.092123e-09	-2.340267e+01	-2.648444e+02
6.280000e-06	-4.388582e-06	-1.101615e-09	-2.365763e+01	-2.672048e+02
6.290000e-06	-4.435542e-06	-1.111874e-09	-2.391078e+01	-2.695246e+02
6.300000e-06	-4.482267e-06	-1.122000e-09	-2.416266e+01	-2.718053e+02
6.310000e-06	-4.528700e-06	-1.130455e-09	-2.441297e+01	-2.740487e+02
6.320000e-06	-4.574749e-06	-1.138282e-09	-2.466120e+01	-2.762563e+02
6.330000e-06	-4.620480e-06	-1.146527e-09	-2.490772e+01	-2.784298e+02
6.340000e-06	-4.665823e-06	-1.154735e-09	-2.515216e+01	-2.805705e+02
6.350000e-06	-4.710789e-06	-1.162970e-09	-2.539456e+01	-2.826798e+02
6.360000e-06	-4.755544e-06	-1.170894e-09	-2.563582e+01	-2.847588e+02
6.370000e-06	-4.800079e-06	-1.178990e-09	-2.587589e+01	-2.868086e+02
6.380000e-06	-4.844356e-06	-1.188297e-09	-2.611458e+01	-2.888300e+02
6.390000e-06	-4.888423e-06	-1.197794e-09	-2.635213e+01	-2.908238e+02
6.400000e-06	-4.932292e-06	-1.205992e-09	-2.658862e+01	-2.927904e+02
6.410000e-06	-4.975846e-06	-1.213384e-09	-2.682341e+01	-2.947303e+02
6.420000e-06	-5.018942e-06	-1.221056e-09	-2.705572e+01	-2.966436e+02
6.430000e-06	-5.061629e-06	-1.229823e-09	-2.728584e+01	-2.985304e+02
6.440000e-06	-5.104007e-06	-1.238607e-09	-2.751428e+01	-3.003906e+02
6.450000e-06	-5.146059e-06	-1.245937e-09	-2.774098e+01	-3.022239e+02
6.460000e-06	-5.187858e-06	-1.252273e-09	-2.796630e+01	-3.040299e+02
6.470000e-06	-5.229388e-06	-1.257636e-09	-2.819018e+01	-3.058082e+02
6.480000e-06	-5.270455e-06	-1.263188e-09	-2.841156e+01	-3.075583e+02
6.490000e-06	-5.311144e-06	-1.270020e-09	-2.863090e+01	-3.092795e+02
6.500000e-06	-5.351645e-06	-1.276786e-09	-2.884923e+01	-3.109712e+02
6.510000e-06	-5.391903e-06	-1.282564e-09	-2.906625e+01	-3.126329e+02
6.520000e-06	-5.431883e-06	-1.288049e-09	-2.928177e+01	-3.142638e+02
6.530000e-06	-5.471433e-06	-1.294051e-09	-2.949498e+01	-3.158636e+02
6.540000e-06	-5.510445e-06	-1.300206e-09	-2.970528e+01	-3.174316e+02
6.550000e-06	-5.548905e-06	-1.305494e-09	-2.991261e+01	-3.189676e+02
6.560000e-06	-5.586715e-06	-1.309866e-09	-3.011643e+01	-3.204713e+02
6.570000e-06	-5.623890e-06	-1.314618e-09	-3.031683e+01	-3.219426e+02
6.580000e-06	-5.660602e-06	-1.320596e-09	-3.051474e+01	-3.233816e+02
6.590000e-06	-5.696980e-06	-1.326945e-09	-3.071084e+01	-3.247884e+02
6.600000e-06	-5.733129e-06	-1.332376e-09	-3.090570e+01	-3.261635e+02
6.610000e-06	-5.769085e-06	-1.337305e-09	-3.109954e+01	-3.275074e+02
6.620000e-06	-5.804623e-06	-1.342352e-09	-3.129111e+01	-3.288209e+02
6.630000e-06	-5.839619e-06	-1.347946e-09	-3.147977e+01	-3.301048e+02
6.640000e-06	-5.874184e-06	-1.353039e-09	-3.166610e+01	-3.313603e+02
6.650000e-06	-5.908478e-06	-1.356475e-09	-3.185096e+01	-3.325886e+02
6.660000e-06	-5.942451e-06	-1.360375e-09	-3.203410e+01	-3.337911e+02
6.670000e-06	-5.975805e-06	-1.365690e-09	-3.221391e+01	-3.349692e+02
6.680000e-06	-6.008597e-06	-1.370526e-09	-3.239068e+01	-3.361245e+02
6.690000e-06	-6.041044e-06	-1.373860e-09	-3.256559e+01	-3.372587e+02
6.700000e-06	-6.073211e-06	-1.376779e-09	-3.273899e+01	-3.383735e+02
6.710000e-06	-6.105150e-06	-1.381003e-09	-3.291117e+01	-3.394706e+02
6.720000e-06	-6.136604e-06	-1.386323e-09	-3.308073e+01	-3.405516e+02
6.730000e-06	-6.167301e-06	-1.391178e-09	-3.324620e+01	-3.416183e+02
6.740000e-06	-6.197337e-06	-1.395695e-09	-3.340812e+01	-3.426723e+02
6.750000e-06	-6.226747e-06	-1.400194e-09	-3.356666e+01	-3.437150e+02
6.760000e-06	-6.255629e-06	-1.403933e-09	-3.372236e+01	-3.447478e+02
6.770000e-06	-6.284154e-06	-1.407218e-09	-3.387613e+01	-3.457721e+02
6.780000e-06	-6.312310e-06	-1.410838e-09	-3.402791e+01	-3.467887e+02
6.790000e-06	-6.340219e-06	-1.414107e-09	-3.417836e+01	-3.477987e+02
6.800000e-06	-6.367829e-06	-1.417314e-09	-3.432720e+01	-3.488027e+02
6.810000e-06	-6.394882e-06	-1.422196e-09	-3.447303e+01	-3.498012e+02
6.820000e-06	-6.421385e-06	-1.428332e-09	-3.461590e+01	-3.507946e+02
6.830000e-06	-6.447536e-06	-1.433318e-09	-3.475688e+01	-3.517829e+02
6.840000e-06	-6.473259e-06	-1.435716e-09	-3.489554e+01	-3.527658e+02
6.850000e-06	-6.498426e-06	-1.436722e-09	-3.503121e+01	-3.537432e+02
6.860000e-06	-6.523109e-06	-1.439031e-09	-3.516427e+01	-3.547145e+02
6.870000e-06	-6.547487e-06	-1.442352e-09	-3.529568e+01	-3.556789e+02
6.880000e-06	-6.571642e-06	-1.445143e-09	-3.542590e+01	-3.566355e+02
6.890000e-06	-6.595452e-06	-1.447270e-09	-3.555425e+01	-3.575834e+02
6.900000e-06	-6.618823e-06	-1.449928e-09	-3.568024e+01	-3.585213e+02
6.910000e-06	-6.641487e-06	-1.453936e-09	-3.580241e+01	-3.594480e+02
6.920000e-06	-6.663157e-06	-1.458301e-09	-3.591923e+01	-3.603620e+02
6.930000e-06	-6.684122e-06	-1.461673e-09	-3.603225e+01	-3.612622e+02
6.940000e-06	-6.704749e-06	-1.464480e-09	-3.614344e+01	-3.621469e+02
6.950000e-06	-6.725020e-06	-1.468146e-09	-3.625272e+01	-3.630148e+02
6.960000e-06	-6.744972e-06	-1.473198e-09	-3.636027e+01	-3.638644e+02
6.970000e-06	-6.764586e-06	-1.478254e-09	-3.646600e+01	-3.646945e+02
6.980000e-06	-6.783719e-06	-1.480683e-09	-3.656914e+01	-3.655038e+02
6.990000e-06	-6.802357e-06	-1.480802e-09	-3.666962e+01	-3.662909e+02
7.000000e-06	-6.820442e-06	-1.481774e-09	-3.676711e+01	-3.670550e+02
7.010000e-06	-6.838004e-06	-1.485022e-09	-3.686178e+01	-3.677949e+02
7.020000e-06	-6.855119e-06	-1.487908e-09	-3.695404e+01	-3.685099e+02
7.030000e-06	-6.871764e-06	-1.488618e-09	-3.704377e+01	-3.691994e+02
7.040000e-06	-6.888117e-06	-1.488661e-09	-3.713193e+01	-3.698626e+02
7.050000e-06	-6.904204e-06	-1.490155e-09	-3.721865e+01	-3.704994e+02
7.060000e-06	-6.919868e-06	-1.493767e-09	-3.730309e+01	-3.711095e+02
7.070000e-06	-6.935019e-06	-1.497370e-09	-3.738476e+01	-3.716927e+02
7.080000e-06	-6.949366e-06	-1.499549e-09	-3.746210e+01	-3.722492e+02
7.090000e-06	-6.962655e-06	-1.501529e-09	-3.753374e+01	-3.727791e+02
7.100000e-06	-6.975198e-06	-1.504137e-09	-3.760135e+01	-3.732828e+02
7.110000e-06	-6.987297e-06	-1.506808e-09	-3.766658e+01	-3.737607e+02
7.120000e-06	-6.998914e-06	-1.507824e-09	-3.772920e+01	-3.742132e+02
7.130000e-06	-7.010006e-06	-1.508109e-09	-3.778900e+01	-3.746411e+02
7.140000e-06	-7.020545e-06	-1.509251e-09	-3.784581e+01	-3.750448e+02
7.150000e-06	-7.030640e-06	-1.510921e-09	-3.790023e+01	-3.754252e+02
7.160000e-06	-7.040259e-06	-1.511754e-09	-3.795208e+01	-3.757829e+02
7.170000e-06	-7.049399e-06	-1.511945e-09	-3.800135e+01	-3.761188e+02
7.180000e-06	-7.058141e-06	-1.512681e-09	-3.804848e+01	-3.764334e+02
7.190000e-06	-7.066555e-06	-1.513236e-09	-3.809384e+01	-3.767275e+02
7.200000e-06	-7.074717e-06	-1.513562e-09	-3.813784e+01	-3.770018e+02
7.210000e-06	-7.082489e-06	-1.513562e-09	-3.817973e+01	-3.772570e+02
7.220000e-06	-7.089634e-06	-1.513312e-09	-3.821825e+01	-3.774937e+02
7.230000e-06	-7.095900e-06	-1.513698e-09	-3.825203e+01	-3.777123e+02
7.240000e-06	-7.101277e-06	-1.514719e-09	-3.828101e+01	-3.779135e+02
7.250000e-06	-7.106004e-06	-1.515564e-09	-3.830650e+01	-3.780975e+02
7.260000e-06	-7.110317e-06	-1.515570e-09	-3.832974e+01	-3.782648e+02
7.270000e-06	-7.114307e-06	-1.515517e-09	-3.835126e+01	-3.784158e+02
7.280000e-06	-7.117954e-06	-1.515790e-09	-3.837092e+01	-3.785507e+02
7.290000e-06	-7.121088e-06	-1.515957e-09	-3.838781e+01	-3.786696e+02
7.300000e-06	-7.123706e-06	-1.516039e-09	-3.840192e+01	-3.787729e+02
7.310000e-06	-7.126000e-06	-1.516607e-09	-3.841429e+01	-3.788606e+02
7.320000e-06	-7.127757e-06	-1.517628e-09	-3.842376e+01	-3.789329e+02
7.330000e-06	-7.128850e-06	-1.518204e-09	-3.842965e+01	-3.789900e+02
7.340000e-06	-7.129489e-06	-1.518872e-09	-3.843310e+01	-3.790320e+02
