# Temperatura_=_-15.6
# Concentracion g/m^3_=_7400.0
# C_Vs_to_Am_M_A/Vsm_=_254322799225.57578
# pendiente_HvsI_1/m_=_3716.3
# ordenada_HvsI_A/m_=_1297.0
# frecuencia_Hz_=_136120.54993005702

Tiempo_(s)	Campo_(V.s)	Magnetizacion_(V.s)	Campo_(kA/m)	Magnetizacion_(A/m)
0.000000e+00	-7.133369e-06	-1.441274e-09	-3.842015e+01	-3.603626e+02
1.000000e-08	-7.133422e-06	-1.439951e-09	-3.842044e+01	-3.603984e+02
2.000000e-08	-7.133208e-06	-1.438414e-09	-3.841928e+01	-3.604179e+02
3.000000e-08	-7.132551e-06	-1.435452e-09	-3.841574e+01	-3.604210e+02
4.000000e-08	-7.131232e-06	-1.433267e-09	-3.840864e+01	-3.604076e+02
5.000000e-08	-7.129146e-06	-1.434376e-09	-3.839740e+01	-3.603774e+02
6.000000e-08	-7.126294e-06	-1.436999e-09	-3.838204e+01	-3.603303e+02
7.000000e-08	-7.122891e-06	-1.441196e-09	-3.836371e+01	-3.602662e+02
8.000000e-08	-7.119104e-06	-1.441066e-09	-3.834332e+01	-3.601850e+02
9.000000e-08	-7.114750e-06	-1.418864e-09	-3.831987e+01	-3.600866e+02
1.000000e-07	-7.109604e-06	-1.392834e-09	-3.829215e+01	-3.599711e+02
1.100000e-07	-7.103874e-06	-1.419993e-09	-3.826129e+01	-3.598386e+02
1.200000e-07	-7.097927e-06	-1.471305e-09	-3.822926e+01	-3.596890e+02
1.300000e-07	-7.091857e-06	-1.455814e-09	-3.819657e+01	-3.595227e+02
1.400000e-07	-7.085350e-06	-1.385967e-09	-3.816152e+01	-3.593397e+02
1.500000e-07	-7.078141e-06	-1.393607e-09	-3.812269e+01	-3.591404e+02
1.600000e-07	-7.070470e-06	-1.467211e-09	-3.808137e+01	-3.589250e+02
1.700000e-07	-7.062481e-06	-1.440363e-09	-3.803835e+01	-3.586939e+02
1.800000e-07	-7.053966e-06	-1.346564e-09	-3.799249e+01	-3.584474e+02
1.900000e-07	-7.044671e-06	-1.371693e-09	-3.794242e+01	-3.581860e+02
2.000000e-07	-7.034783e-06	-1.479641e-09	-3.788917e+01	-3.579099e+02
2.100000e-07	-7.024375e-06	-1.455992e-09	-3.783311e+01	-3.576198e+02
2.200000e-07	-7.013232e-06	-1.346974e-09	-3.777310e+01	-3.573158e+02
2.300000e-07	-7.001425e-06	-1.357538e-09	-3.770950e+01	-3.569986e+02
2.400000e-07	-6.989137e-06	-1.438458e-09	-3.764332e+01	-3.566684e+02
2.500000e-07	-6.976383e-06	-1.416439e-09	-3.757463e+01	-3.563256e+02
2.600000e-07	-6.963068e-06	-1.361147e-09	-3.750291e+01	-3.559705e+02
2.700000e-07	-6.949048e-06	-1.392261e-09	-3.742740e+01	-3.556035e+02
2.800000e-07	-6.934287e-06	-1.422501e-09	-3.734790e+01	-3.552247e+02
2.900000e-07	-6.918726e-06	-1.387486e-09	-3.726409e+01	-3.548344e+02
3.000000e-07	-6.902354e-06	-1.373466e-09	-3.717591e+01	-3.544328e+02
3.100000e-07	-6.885658e-06	-1.389429e-09	-3.708598e+01	-3.540198e+02
3.200000e-07	-6.868799e-06	-1.366223e-09	-3.699518e+01	-3.535956e+02
3.300000e-07	-6.851455e-06	-1.361425e-09	-3.690176e+01	-3.531601e+02
3.400000e-07	-6.833523e-06	-1.407637e-09	-3.680519e+01	-3.527132e+02
3.500000e-07	-6.815216e-06	-1.401223e-09	-3.670658e+01	-3.522549e+02
3.600000e-07	-6.796476e-06	-1.337455e-09	-3.660565e+01	-3.517848e+02
3.700000e-07	-6.777266e-06	-1.342709e-09	-3.650219e+01	-3.513028e+02
3.800000e-07	-6.757667e-06	-1.391315e-09	-3.639663e+01	-3.508086e+02
3.900000e-07	-6.737680e-06	-1.372122e-09	-3.628898e+01	-3.503018e+02
4.000000e-07	-6.717223e-06	-1.334950e-09	-3.617880e+01	-3.497823e+02
4.100000e-07	-6.696253e-06	-1.355309e-09	-3.606585e+01	-3.492495e+02
4.200000e-07	-6.674782e-06	-1.370476e-09	-3.595021e+01	-3.487033e+02
4.300000e-07	-6.652838e-06	-1.347337e-09	-3.583202e+01	-3.481431e+02
4.400000e-07	-6.630407e-06	-1.338140e-09	-3.571121e+01	-3.475686e+02
4.500000e-07	-6.607560e-06	-1.341651e-09	-3.558816e+01	-3.469795e+02
4.600000e-07	-6.584366e-06	-1.331776e-09	-3.546323e+01	-3.463755e+02
4.700000e-07	-6.560835e-06	-1.335888e-09	-3.533649e+01	-3.457562e+02
4.800000e-07	-6.536973e-06	-1.349413e-09	-3.520798e+01	-3.451214e+02
4.900000e-07	-6.512679e-06	-1.332621e-09	-3.507713e+01	-3.444708e+02
5.000000e-07	-6.487773e-06	-1.310040e-09	-3.494299e+01	-3.438043e+02
5.100000e-07	-6.462067e-06	-1.317217e-09	-3.480453e+01	-3.431216e+02
5.200000e-07	-6.435538e-06	-1.325491e-09	-3.466165e+01	-3.424227e+02
5.300000e-07	-6.408363e-06	-1.316159e-09	-3.451528e+01	-3.417074e+02
5.400000e-07	-6.380822e-06	-1.311756e-09	-3.436695e+01	-3.409757e+02
5.500000e-07	-6.352978e-06	-1.311754e-09	-3.421698e+01	-3.402276e+02
5.600000e-07	-6.324799e-06	-1.304332e-09	-3.406521e+01	-3.394632e+02
5.700000e-07	-6.296211e-06	-1.299523e-09	-3.391124e+01	-3.386825e+02
5.800000e-07	-6.267166e-06	-1.297691e-09	-3.375480e+01	-3.378855e+02
5.900000e-07	-6.237729e-06	-1.289643e-09	-3.359626e+01	-3.370724e+02
6.000000e-07	-6.207930e-06	-1.285954e-09	-3.343576e+01	-3.362433e+02
6.100000e-07	-6.177677e-06	-1.289474e-09	-3.327282e+01	-3.353982e+02
6.200000e-07	-6.146949e-06	-1.286147e-09	-3.310732e+01	-3.345373e+02
6.300000e-07	-6.115742e-06	-1.275643e-09	-3.293923e+01	-3.336608e+02
6.400000e-07	-6.084216e-06	-1.268131e-09	-3.276944e+01	-3.327685e+02
6.500000e-07	-6.052511e-06	-1.261622e-09	-3.259868e+01	-3.318607e+02
6.600000e-07	-6.020564e-06	-1.257253e-09	-3.242661e+01	-3.309373e+02
6.700000e-07	-5.988045e-06	-1.256755e-09	-3.225146e+01	-3.299982e+02
6.800000e-07	-5.954696e-06	-1.252903e-09	-3.207184e+01	-3.290435e+02
6.900000e-07	-5.920695e-06	-1.243832e-09	-3.188872e+01	-3.280730e+02
7.000000e-07	-5.886037e-06	-1.236054e-09	-3.170205e+01	-3.270864e+02
7.100000e-07	-5.850832e-06	-1.231226e-09	-3.151243e+01	-3.260836e+02
7.200000e-07	-5.815361e-06	-1.227798e-09	-3.132139e+01	-3.250643e+02
7.300000e-07	-5.779681e-06	-1.224759e-09	-3.112922e+01	-3.240281e+02
7.400000e-07	-5.743754e-06	-1.220632e-09	-3.093572e+01	-3.229746e+02
7.500000e-07	-5.707581e-06	-1.215791e-09	-3.074089e+01	-3.219034e+02
7.600000e-07	-5.671036e-06	-1.212578e-09	-3.054406e+01	-3.208138e+02
7.700000e-07	-5.633974e-06	-1.207851e-09	-3.034445e+01	-3.197053e+02
7.800000e-07	-5.596457e-06	-1.199019e-09	-3.014238e+01	-3.185774e+02
7.900000e-07	-5.558540e-06	-1.191661e-09	-2.993816e+01	-3.174292e+02
8.000000e-07	-5.520184e-06	-1.188360e-09	-2.973158e+01	-3.162603e+02
8.100000e-07	-5.481304e-06	-1.186207e-09	-2.952217e+01	-3.150697e+02
8.200000e-07	-5.441862e-06	-1.181489e-09	-2.930973e+01	-3.138568e+02
8.300000e-07	-5.402188e-06	-1.173856e-09	-2.909605e+01	-3.126209e+02
8.400000e-07	-5.362433e-06	-1.166180e-09	-2.888193e+01	-3.113612e+02
8.500000e-07	-5.322486e-06	-1.160656e-09	-2.866678e+01	-3.100770e+02
8.600000e-07	-5.282103e-06	-1.156484e-09	-2.844928e+01	-3.087674e+02
8.700000e-07	-5.241242e-06	-1.151250e-09	-2.822920e+01	-3.074320e+02
8.800000e-07	-5.200065e-06	-1.143529e-09	-2.800742e+01	-3.060699e+02
8.900000e-07	-5.158339e-06	-1.135286e-09	-2.778269e+01	-3.046805e+02
9.000000e-07	-5.115934e-06	-1.128486e-09	-2.755429e+01	-3.032634e+02
9.100000e-07	-5.072881e-06	-1.122780e-09	-2.732241e+01	-3.018178e+02
9.200000e-07	-5.029350e-06	-1.115949e-09	-2.708795e+01	-3.003435e+02
9.300000e-07	-4.985573e-06	-1.108795e-09	-2.685217e+01	-2.988400e+02
9.400000e-07	-4.941581e-06	-1.102949e-09	-2.661523e+01	-2.973069e+02
9.500000e-07	-4.897352e-06	-1.097456e-09	-2.637702e+01	-2.957440e+02
9.600000e-07	-4.852739e-06	-1.091054e-09	-2.613673e+01	-2.941511e+02
9.700000e-07	-4.807675e-06	-1.083239e-09	-2.589402e+01	-2.925281e+02
9.800000e-07	-4.762338e-06	-1.074963e-09	-2.564984e+01	-2.908749e+02
9.900000e-07	-4.716724e-06	-1.067638e-09	-2.540416e+01	-2.891915e+02
1.000000e-06	-4.670702e-06	-1.060849e-09	-2.515629e+01	-2.874780e+02
1.010000e-06	-4.624423e-06	-1.054456e-09	-2.490703e+01	-2.857346e+02
1.020000e-06	-4.577999e-06	-1.048348e-09	-2.465699e+01	-2.839614e+02
1.030000e-06	-4.531240e-06	-1.042026e-09	-2.440515e+01	-2.821588e+02
1.040000e-06	-4.484078e-06	-1.035337e-09	-2.415113e+01	-2.803271e+02
1.050000e-06	-4.436641e-06	-1.028602e-09	-2.389564e+01	-2.784665e+02
1.060000e-06	-4.388906e-06	-1.021981e-09	-2.363854e+01	-2.765777e+02
1.070000e-06	-4.340823e-06	-1.015101e-09	-2.337956e+01	-2.746609e+02
1.080000e-06	-4.292518e-06	-1.007550e-09	-2.311939e+01	-2.727166e+02
1.090000e-06	-4.243924e-06	-9.996852e-10	-2.285767e+01	-2.707454e+02
1.100000e-06	-4.194885e-06	-9.923345e-10	-2.259355e+01	-2.687478e+02
1.110000e-06	-4.145313e-06	-9.847736e-10	-2.232655e+01	-2.667242e+02
1.120000e-06	-4.095240e-06	-9.760225e-10	-2.205686e+01	-2.646752e+02
1.130000e-06	-4.044812e-06	-9.661723e-10	-2.178526e+01	-2.626013e+02
1.140000e-06	-3.993953e-06	-9.568137e-10	-2.151133e+01	-2.605030e+02
1.150000e-06	-3.942626e-06	-9.494416e-10	-2.123489e+01	-2.583808e+02
1.160000e-06	-3.890952e-06	-9.425031e-10	-2.095657e+01	-2.562352e+02
1.170000e-06	-3.839099e-06	-9.344097e-10	-2.067729e+01	-2.540666e+02
1.180000e-06	-3.787120e-06	-9.256635e-10	-2.039734e+01	-2.518753e+02
1.190000e-06	-3.734768e-06	-9.157413e-10	-2.011537e+01	-2.496619e+02
1.200000e-06	-3.682029e-06	-9.062388e-10	-1.983132e+01	-2.474265e+02
1.210000e-06	-3.629080e-06	-8.985120e-10	-1.954613e+01	-2.451696e+02
1.220000e-06	-3.575864e-06	-8.913265e-10	-1.925951e+01	-2.428912e+02
1.230000e-06	-3.522313e-06	-8.828020e-10	-1.897109e+01	-2.405917e+02
1.240000e-06	-3.468571e-06	-8.736985e-10	-1.868164e+01	-2.382711e+02
1.250000e-06	-3.414561e-06	-8.649459e-10	-1.839074e+01	-2.359296e+02
1.260000e-06	-3.360261e-06	-8.551566e-10	-1.809828e+01	-2.335671e+02
1.270000e-06	-3.305859e-06	-8.444950e-10	-1.780527e+01	-2.311836e+02
1.280000e-06	-3.251330e-06	-8.342361e-10	-1.751158e+01	-2.287790e+02
1.290000e-06	-3.196460e-06	-8.244395e-10	-1.721606e+01	-2.263532e+02
1.300000e-06	-3.141155e-06	-8.145396e-10	-1.691818e+01	-2.239060e+02
1.310000e-06	-3.085653e-06	-8.045403e-10	-1.661925e+01	-2.214370e+02
1.320000e-06	-3.030049e-06	-7.942645e-10	-1.631977e+01	-2.189461e+02
1.330000e-06	-2.974356e-06	-7.834376e-10	-1.601981e+01	-2.164327e+02
1.340000e-06	-2.918565e-06	-7.728388e-10	-1.571932e+01	-2.138965e+02
1.350000e-06	-2.862616e-06	-7.631233e-10	-1.541798e+01	-2.113369e+02
1.360000e-06	-2.806593e-06	-7.542262e-10	-1.511624e+01	-2.087535e+02
1.370000e-06	-2.750484e-06	-7.452296e-10	-1.481404e+01	-2.061456e+02
1.380000e-06	-2.694216e-06	-7.348575e-10	-1.451098e+01	-2.035126e+02
1.390000e-06	-2.637749e-06	-7.249467e-10	-1.420685e+01	-2.008538e+02
1.400000e-06	-2.581097e-06	-7.158416e-10	-1.390173e+01	-1.981685e+02
1.410000e-06	-2.524293e-06	-7.062115e-10	-1.359578e+01	-1.954560e+02
1.420000e-06	-2.467120e-06	-6.963112e-10	-1.328785e+01	-1.927154e+02
1.430000e-06	-2.409528e-06	-6.860528e-10	-1.297766e+01	-1.899459e+02
1.440000e-06	-2.351693e-06	-6.753540e-10	-1.266616e+01	-1.871468e+02
1.450000e-06	-2.293618e-06	-6.644853e-10	-1.235337e+01	-1.843170e+02
1.460000e-06	-2.235130e-06	-6.534360e-10	-1.203835e+01	-1.814557e+02
1.470000e-06	-2.176263e-06	-6.418292e-10	-1.172130e+01	-1.785621e+02
1.480000e-06	-2.117142e-06	-6.303701e-10	-1.140287e+01	-1.756352e+02
1.490000e-06	-2.057937e-06	-6.202724e-10	-1.108400e+01	-1.726740e+02
1.500000e-06	-1.998676e-06	-6.101478e-10	-1.076482e+01	-1.696777e+02
1.510000e-06	-1.939228e-06	-5.991339e-10	-1.044464e+01	-1.666454e+02
1.520000e-06	-1.879627e-06	-5.870462e-10	-1.012363e+01	-1.635761e+02
1.530000e-06	-1.819918e-06	-5.740219e-10	-9.802035e+00	-1.604689e+02
1.540000e-06	-1.760167e-06	-5.618492e-10	-9.480214e+00	-1.573229e+02
1.550000e-06	-1.700363e-06	-5.509893e-10	-9.158112e+00	-1.541374e+02
1.560000e-06	-1.640544e-06	-5.403658e-10	-8.835928e+00	-1.509115e+02
1.570000e-06	-1.580735e-06	-5.291283e-10	-8.513799e+00	-1.476442e+02
1.580000e-06	-1.520881e-06	-5.176729e-10	-8.191425e+00	-1.443350e+02
1.590000e-06	-1.460946e-06	-5.063745e-10	-7.868619e+00	-1.409831e+02
1.600000e-06	-1.400934e-06	-4.950097e-10	-7.545395e+00	-1.375877e+02
1.610000e-06	-1.340884e-06	-4.822861e-10	-7.221967e+00	-1.341482e+02
1.620000e-06	-1.280687e-06	-4.682839e-10	-6.897747e+00	-1.306641e+02
1.630000e-06	-1.220282e-06	-4.551929e-10	-6.572411e+00	-1.271348e+02
1.640000e-06	-1.159861e-06	-4.424665e-10	-6.246983e+00	-1.235599e+02
1.650000e-06	-1.099544e-06	-4.288580e-10	-5.922116e+00	-1.199389e+02
1.660000e-06	-1.039111e-06	-4.149881e-10	-5.596626e+00	-1.162716e+02
1.670000e-06	-9.784452e-07	-4.009501e-10	-5.269881e+00	-1.125577e+02
1.680000e-06	-9.177060e-07	-3.873351e-10	-4.942742e+00	-1.087970e+02
1.690000e-06	-8.569617e-07	-3.750370e-10	-4.615574e+00	-1.049894e+02
1.700000e-06	-7.961320e-07	-3.626280e-10	-4.287947e+00	-1.011350e+02
1.710000e-06	-7.352216e-07	-3.490011e-10	-3.959885e+00	-9.723397e+01
1.720000e-06	-6.741804e-07	-3.348050e-10	-3.631119e+00	-9.328642e+01
1.730000e-06	-6.130804e-07	-3.206598e-10	-3.302036e+00	-8.929273e+01
1.740000e-06	-5.520438e-07	-3.066570e-10	-2.973294e+00	-8.525334e+01
1.750000e-06	-4.908917e-07	-2.921525e-10	-2.643931e+00	-8.116883e+01
1.760000e-06	-4.297152e-07	-2.770402e-10	-2.314436e+00	-7.703990e+01
1.770000e-06	-3.686233e-07	-2.610317e-10	-1.985396e+00	-7.286737e+01
1.780000e-06	-3.075256e-07	-2.441999e-10	-1.656325e+00	-6.865222e+01
1.790000e-06	-2.462799e-07	-2.281023e-10	-1.326457e+00	-6.439554e+01
1.800000e-06	-1.849000e-07	-2.133712e-10	-9.958669e-01	-6.009857e+01
1.810000e-06	-1.236427e-07	-1.982745e-10	-6.659363e-01	-5.576272e+01
1.820000e-06	-6.253061e-08	-1.817724e-10	-3.367883e-01	-5.138951e+01
1.830000e-06	-1.318622e-09	-1.646339e-10	-7.102067e-03	-4.698063e+01
1.840000e-06	6.000108e-08	-1.483036e-10	3.231643e-01	-4.253791e+01
1.850000e-06	1.212422e-07	-1.333652e-10	6.530075e-01	-3.806334e+01
1.860000e-06	1.824699e-07	-1.186267e-10	9.827783e-01	-3.355901e+01
1.870000e-06	2.437046e-07	-1.027052e-10	1.312587e+00	-2.902721e+01
1.880000e-06	3.049596e-07	-8.570957e-11	1.642505e+00	-2.447031e+01
1.890000e-06	3.662544e-07	-6.938471e-11	1.972637e+00	-1.989084e+01
1.900000e-06	4.274259e-07	-5.339606e-11	2.302105e+00	-1.529144e+01
1.910000e-06	4.884670e-07	-3.684555e-11	2.630871e+00	-1.067485e+01
1.920000e-06	5.494938e-07	-2.034400e-11	2.959560e+00	-6.043912e+00
1.930000e-06	6.105301e-07	-4.217696e-12	3.288300e+00	-1.401565e+00
1.940000e-06	6.715837e-07	1.205956e-11	3.617133e+00	3.249192e+00
1.950000e-06	7.325857e-07	2.982565e-11	3.945688e+00	7.905299e+00
1.960000e-06	7.934513e-07	4.910920e-11	4.273509e+00	1.256366e+01
1.970000e-06	8.541571e-07	6.739379e-11	4.600469e+00	1.722114e+01
1.980000e-06	9.148165e-07	8.409029e-11	4.927179e+00	2.187461e+01
1.990000e-06	9.754741e-07	1.010651e-10	5.253880e+00	2.652096e+01
2.000000e-06	1.036028e-06	1.181829e-10	5.580023e+00	3.115710e+01
2.010000e-06	1.096505e-06	1.349752e-10	5.905750e+00	3.577998e+01
2.020000e-06	1.156937e-06	1.520889e-10	6.231236e+00	4.038663e+01
2.030000e-06	1.217371e-06	1.692074e-10	6.556728e+00	4.497418e+01
2.040000e-06	1.277623e-06	1.853354e-10	6.881245e+00	4.953984e+01
2.050000e-06	1.337652e-06	2.008728e-10	7.204562e+00	5.408094e+01
2.060000e-06	1.397664e-06	2.165402e-10	7.527784e+00	5.859496e+01
2.070000e-06	1.457637e-06	2.322675e-10	7.850799e+00	6.307953e+01
2.080000e-06	1.517584e-06	2.486680e-10	8.173669e+00	6.753244e+01
2.090000e-06	1.577460e-06	2.654193e-10	8.496160e+00	7.195164e+01
2.100000e-06	1.637166e-06	2.820156e-10	8.817737e+00	7.633529e+01
2.110000e-06	1.696841e-06	2.979607e-10	9.139146e+00	8.068172e+01
2.120000e-06	1.756555e-06	3.124403e-10	9.460762e+00	8.498945e+01
2.130000e-06	1.816148e-06	3.265413e-10	9.781731e+00	8.925722e+01
2.140000e-06	1.875639e-06	3.416511e-10	1.010214e+01	9.348394e+01
2.150000e-06	1.935153e-06	3.575814e-10	1.042268e+01	9.766873e+01
2.160000e-06	1.994581e-06	3.732145e-10	1.074276e+01	1.018109e+02
2.170000e-06	2.053971e-06	3.874818e-10	1.106263e+01	1.059099e+02
2.180000e-06	2.113369e-06	4.006029e-10	1.138255e+01	1.099654e+02
2.190000e-06	2.172427e-06	4.149303e-10	1.170064e+01	1.139773e+02
2.200000e-06	2.230998e-06	4.306496e-10	1.201610e+01	1.179454e+02
2.210000e-06	2.289220e-06	4.447777e-10	1.232968e+01	1.218700e+02
2.220000e-06	2.347160e-06	4.574104e-10	1.264175e+01	1.257511e+02
2.230000e-06	2.404812e-06	4.707188e-10	1.295226e+01	1.295892e+02
2.240000e-06	2.462147e-06	4.841100e-10	1.326106e+01	1.333846e+02
2.250000e-06	2.519085e-06	4.976794e-10	1.356773e+01	1.371378e+02
2.260000e-06	2.575739e-06	5.111172e-10	1.387287e+01	1.408492e+02
2.270000e-06	2.632147e-06	5.231644e-10	1.417668e+01	1.445195e+02
2.280000e-06	2.688271e-06	5.349543e-10	1.447896e+01	1.481491e+02
2.290000e-06	2.744287e-06	5.479534e-10	1.478066e+01	1.517387e+02
2.300000e-06	2.800209e-06	5.620297e-10	1.508186e+01	1.552886e+02
2.310000e-06	2.855996e-06	5.754803e-10	1.538233e+01	1.587995e+02
2.320000e-06	2.911690e-06	5.871102e-10	1.568229e+01	1.622717e+02
2.330000e-06	2.967298e-06	5.985407e-10	1.598180e+01	1.657056e+02
2.340000e-06	3.022760e-06	6.115592e-10	1.628051e+01	1.691015e+02
2.350000e-06	3.078114e-06	6.256422e-10	1.657864e+01	1.724597e+02
2.360000e-06	3.133308e-06	6.389693e-10	1.687592e+01	1.757803e+02
2.370000e-06	3.188269e-06	6.501933e-10	1.717194e+01	1.790634e+02
2.380000e-06	3.242989e-06	6.609294e-10	1.746666e+01	1.823089e+02
2.390000e-06	3.297402e-06	6.733771e-10	1.775973e+01	1.855169e+02
2.400000e-06	3.351460e-06	6.864536e-10	1.805088e+01	1.886872e+02
2.410000e-06	3.405405e-06	6.983193e-10	1.834143e+01	1.918195e+02
2.420000e-06	3.459248e-06	7.090955e-10	1.863142e+01	1.949137e+02
2.430000e-06	3.512830e-06	7.203835e-10	1.892001e+01	1.979693e+02
2.440000e-06	3.566244e-06	7.336932e-10	1.920770e+01	2.009861e+02
2.450000e-06	3.619436e-06	7.475090e-10	1.949419e+01	2.039637e+02
2.460000e-06	3.672302e-06	7.588448e-10	1.977893e+01	2.069018e+02
2.470000e-06	3.724830e-06	7.683506e-10	2.006184e+01	2.098000e+02
2.480000e-06	3.777064e-06	7.788717e-10	2.034317e+01	2.126580e+02
2.490000e-06	3.828889e-06	7.911541e-10	2.062230e+01	2.154754e+02
2.500000e-06	3.880463e-06	8.029251e-10	2.090008e+01	2.182520e+02
2.510000e-06	3.931828e-06	8.119911e-10	2.117673e+01	2.209876e+02
2.520000e-06	3.982754e-06	8.199413e-10	2.145102e+01	2.236822e+02
2.530000e-06	4.033253e-06	8.288634e-10	2.172300e+01	2.263356e+02
2.540000e-06	4.083221e-06	8.393317e-10	2.199212e+01	2.289478e+02
2.550000e-06	4.132715e-06	8.503216e-10	2.225870e+01	2.315192e+02
2.560000e-06	4.181649e-06	8.599408e-10	2.252226e+01	2.340497e+02
2.570000e-06	4.230014e-06	8.689419e-10	2.278275e+01	2.365399e+02
2.580000e-06	4.278114e-06	8.785568e-10	2.304182e+01	2.389901e+02
2.590000e-06	4.325982e-06	8.884305e-10	2.329963e+01	2.414009e+02
2.600000e-06	4.373708e-06	8.974675e-10	2.355668e+01	2.437729e+02
2.610000e-06	4.421305e-06	9.049260e-10	2.381304e+01	2.461067e+02
2.620000e-06	4.468727e-06	9.126642e-10	2.406845e+01	2.484033e+02
2.630000e-06	4.515914e-06	9.224209e-10	2.432260e+01	2.506634e+02
2.640000e-06	4.562693e-06	9.333155e-10	2.457455e+01	2.528879e+02
2.650000e-06	4.608989e-06	9.428444e-10	2.482390e+01	2.550778e+02
2.660000e-06	4.654916e-06	9.508556e-10	2.507126e+01	2.572342e+02
2.670000e-06	4.700542e-06	9.590112e-10	2.531700e+01	2.593580e+02
2.680000e-06	4.745850e-06	9.673744e-10	2.556103e+01	2.614503e+02
2.690000e-06	4.790857e-06	9.758757e-10	2.580344e+01	2.635120e+02
2.700000e-06	4.835504e-06	9.830848e-10	2.604391e+01	2.655442e+02
2.710000e-06	4.879755e-06	9.890993e-10	2.628224e+01	2.675478e+02
2.720000e-06	4.923738e-06	9.965266e-10	2.651913e+01	2.695237e+02
2.730000e-06	4.967591e-06	1.005389e-09	2.675532e+01	2.714728e+02
2.740000e-06	5.011307e-06	1.013441e-09	2.699077e+01	2.733959e+02
2.750000e-06	5.054768e-06	1.019914e-09	2.722486e+01	2.752936e+02
2.760000e-06	5.097921e-06	1.026049e-09	2.745727e+01	2.771667e+02
2.770000e-06	5.140562e-06	1.032871e-09	2.768694e+01	2.790157e+02
2.780000e-06	5.182521e-06	1.040650e-09	2.791293e+01	2.808410e+02
2.790000e-06	5.223853e-06	1.048555e-09	2.813554e+01	2.826430e+02
2.800000e-06	5.264666e-06	1.054903e-09	2.835536e+01	2.844221e+02
2.810000e-06	5.304999e-06	1.060235e-09	2.857259e+01	2.861784e+02
2.820000e-06	5.344950e-06	1.066504e-09	2.878777e+01	2.879120e+02
2.830000e-06	5.384701e-06	1.073813e-09	2.900187e+01	2.896231e+02
2.840000e-06	5.424255e-06	1.080983e-09	2.921490e+01	2.913117e+02
2.850000e-06	5.463525e-06	1.087097e-09	2.942641e+01	2.929776e+02
2.860000e-06	5.502439e-06	1.092177e-09	2.963600e+01	2.946209e+02
2.870000e-06	5.540875e-06	1.097627e-09	2.984302e+01	2.962415e+02
2.880000e-06	5.578800e-06	1.104842e-09	3.004728e+01	2.978391e+02
2.890000e-06	5.616325e-06	1.112569e-09	3.024939e+01	2.994137e+02
2.900000e-06	5.653425e-06	1.118549e-09	3.044921e+01	3.009652e+02
2.910000e-06	5.690182e-06	1.124058e-09	3.064718e+01	3.024934e+02
2.920000e-06	5.726619e-06	1.131287e-09	3.084343e+01	3.039983e+02
2.930000e-06	5.762667e-06	1.138047e-09	3.103758e+01	3.054798e+02
2.940000e-06	5.798450e-06	1.143122e-09	3.123031e+01	3.069380e+02
2.950000e-06	5.834031e-06	1.148163e-09	3.142195e+01	3.083729e+02
2.960000e-06	5.869297e-06	1.153585e-09	3.161189e+01	3.097846e+02
2.970000e-06	5.904028e-06	1.159187e-09	3.179895e+01	3.111733e+02
2.980000e-06	5.938016e-06	1.165547e-09	3.198201e+01	3.125393e+02
2.990000e-06	5.971206e-06	1.172038e-09	3.216077e+01	3.138828e+02
3.000000e-06	6.003753e-06	1.177602e-09	3.233607e+01	3.152041e+02
3.010000e-06	6.035867e-06	1.183349e-09	3.250903e+01	3.165038e+02
3.020000e-06	6.067722e-06	1.189903e-09	3.268060e+01	3.177823e+02
3.030000e-06	6.099285e-06	1.195937e-09	3.285060e+01	3.190401e+02
3.040000e-06	6.130519e-06	1.200012e-09	3.301882e+01	3.202777e+02
3.050000e-06	6.161393e-06	1.203516e-09	3.318511e+01	3.214956e+02
3.060000e-06	6.191861e-06	1.208350e-09	3.334921e+01	3.226946e+02
3.070000e-06	6.221909e-06	1.214534e-09	3.351105e+01	3.238751e+02
3.080000e-06	6.251384e-06	1.221495e-09	3.366980e+01	3.250377e+02
3.090000e-06	6.280363e-06	1.228086e-09	3.382588e+01	3.261829e+02
3.100000e-06	6.308982e-06	1.232949e-09	3.398002e+01	3.273113e+02
3.110000e-06	6.337226e-06	1.236558e-09	3.413214e+01	3.284234e+02
3.120000e-06	6.365192e-06	1.240420e-09	3.428277e+01	3.295195e+02
3.130000e-06	6.392975e-06	1.244812e-09	3.443241e+01	3.306000e+02
3.140000e-06	6.420384e-06	1.248634e-09	3.458003e+01	3.316652e+02
3.150000e-06	6.447167e-06	1.251881e-09	3.472428e+01	3.327152e+02
3.160000e-06	6.473168e-06	1.255928e-09	3.486432e+01	3.337502e+02
3.170000e-06	6.498451e-06	1.261659e-09	3.500049e+01	3.347703e+02
3.180000e-06	6.523022e-06	1.266892e-09	3.513283e+01	3.357752e+02
3.190000e-06	6.547028e-06	1.270376e-09	3.526213e+01	3.367650e+02
3.200000e-06	6.570752e-06	1.273206e-09	3.538991e+01	3.377392e+02
3.210000e-06	6.594124e-06	1.275955e-09	3.551579e+01	3.386977e+02
3.220000e-06	6.617053e-06	1.279375e-09	3.563928e+01	3.396401e+02
3.230000e-06	6.639561e-06	1.283495e-09	3.576051e+01	3.405657e+02
3.240000e-06	6.661663e-06	1.288080e-09	3.587955e+01	3.414742e+02
3.250000e-06	6.683347e-06	1.292513e-09	3.599634e+01	3.423650e+02
3.260000e-06	6.704455e-06	1.298127e-09	3.611003e+01	3.432374e+02
3.270000e-06	6.725003e-06	1.304370e-09	3.622070e+01	3.440909e+02
3.280000e-06	6.745127e-06	1.308924e-09	3.632909e+01	3.449247e+02
3.290000e-06	6.764933e-06	1.312749e-09	3.643576e+01	3.457383e+02
3.300000e-06	6.784557e-06	1.317049e-09	3.654146e+01	3.465309e+02
3.310000e-06	6.803755e-06	1.321521e-09	3.664485e+01	3.473020e+02
3.320000e-06	6.822268e-06	1.325338e-09	3.674457e+01	3.480511e+02
3.330000e-06	6.840213e-06	1.328543e-09	3.684122e+01	3.487776e+02
3.340000e-06	6.857789e-06	1.332256e-09	3.693588e+01	3.494811e+02
3.350000e-06	6.875016e-06	1.335539e-09	3.702867e+01	3.501611e+02
3.360000e-06	6.891770e-06	1.337698e-09	3.711890e+01	3.508175e+02
3.370000e-06	6.908028e-06	1.340109e-09	3.720647e+01	3.514499e+02
3.380000e-06	6.923755e-06	1.343039e-09	3.729117e+01	3.520582e+02
3.390000e-06	6.938696e-06	1.346591e-09	3.737164e+01	3.526424e+02
3.400000e-06	6.952920e-06	1.351267e-09	3.744825e+01	3.532025e+02
3.410000e-06	6.966709e-06	1.357090e-09	3.752252e+01	3.537386e+02
3.420000e-06	6.980102e-06	1.361747e-09	3.759466e+01	3.542510e+02
3.430000e-06	6.992988e-06	1.363916e-09	3.766406e+01	3.547400e+02
3.440000e-06	7.005300e-06	1.364755e-09	3.773037e+01	3.552058e+02
3.450000e-06	7.017133e-06	1.366307e-09	3.779411e+01	3.556490e+02
3.460000e-06	7.028530e-06	1.369621e-09	3.785549e+01	3.560700e+02
3.470000e-06	7.039325e-06	1.372397e-09	3.791363e+01	3.564693e+02
3.480000e-06	7.049393e-06	1.374125e-09	3.796786e+01	3.568474e+02
3.490000e-06	7.058599e-06	1.376680e-09	3.801744e+01	3.572051e+02
3.500000e-06	7.066997e-06	1.379495e-09	3.806267e+01	3.575428e+02
3.510000e-06	7.074968e-06	1.380853e-09	3.810560e+01	3.578612e+02
3.520000e-06	7.082650e-06	1.381550e-09	3.814698e+01	3.581607e+02
3.530000e-06	7.090017e-06	1.381471e-09	3.818666e+01	3.584421e+02
3.540000e-06	7.096993e-06	1.381490e-09	3.822423e+01	3.587057e+02
3.550000e-06	7.103377e-06	1.383650e-09	3.825861e+01	3.589521e+02
3.560000e-06	7.109245e-06	1.387302e-09	3.829022e+01	3.591817e+02
3.570000e-06	7.114579e-06	1.390313e-09	3.831895e+01	3.593949e+02
3.580000e-06	7.119295e-06	1.392063e-09	3.834435e+01	3.595921e+02
3.590000e-06	7.123578e-06	1.393160e-09	3.836741e+01	3.597734e+02
3.600000e-06	7.127568e-06	1.392747e-09	3.838890e+01	3.599391e+02
3.610000e-06	7.131283e-06	1.391773e-09	3.840892e+01	3.600893e+02
3.620000e-06	7.134607e-06	1.391931e-09	3.842682e+01	3.602241e+02
3.630000e-06	7.137271e-06	1.393364e-09	3.844116e+01	3.603435e+02
3.640000e-06	7.139168e-06	1.395623e-09	3.845138e+01	3.604475e+02
3.650000e-06	7.140316e-06	1.398684e-09	3.845757e+01	3.605360e+02
3.660000e-06	7.140729e-06	1.401347e-09	3.845979e+01	3.606088e+02
3.670000e-06	7.140768e-06	1.401386e-09	3.846000e+01	3.606659e+02
3.680000e-06	7.140529e-06	1.400608e-09	3.845871e+01	3.607071e+02
3.690000e-06	7.139742e-06	1.400312e-09	3.845447e+01	3.607321e+02
3.700000e-06	7.138489e-06	1.400746e-09	3.844773e+01	3.607408e+02
3.710000e-06	7.136819e-06	1.403540e-09	3.843873e+01	3.607329e+02
3.720000e-06	7.134615e-06	1.406409e-09	3.842686e+01	3.607084e+02
3.730000e-06	7.131980e-06	1.404412e-09	3.841267e+01	3.606670e+02
3.740000e-06	7.128895e-06	1.395514e-09	3.839605e+01	3.606086e+02
3.750000e-06	7.125370e-06	1.402185e-09	3.837707e+01	3.605331e+02
3.760000e-06	7.121370e-06	1.443728e-09	3.835552e+01	3.604405e+02
3.770000e-06	7.116475e-06	1.456586e-09	3.832916e+01	3.603308e+02
3.780000e-06	7.110583e-06	1.392255e-09	3.829743e+01	3.602039e+02
3.790000e-06	7.104206e-06	1.345449e-09	3.826308e+01	3.600601e+02
3.800000e-06	7.097742e-06	1.404258e-09	3.822826e+01	3.598994e+02
3.810000e-06	7.090896e-06	1.471569e-09	3.819139e+01	3.597219e+02
3.820000e-06	7.083312e-06	1.407234e-09	3.815054e+01	3.595281e+02
3.830000e-06	7.075228e-06	1.339419e-09	3.810700e+01	3.593181e+02
3.840000e-06	7.066925e-06	1.427922e-09	3.806228e+01	3.590922e+02
3.850000e-06	7.058128e-06	1.508804e-09	3.801490e+01	3.588509e+02
3.860000e-06	7.048690e-06	1.402964e-09	3.796407e+01	3.585944e+02
3.870000e-06	7.038784e-06	1.294621e-09	3.791072e+01	3.583232e+02
3.880000e-06	7.028544e-06	1.400169e-09	3.785556e+01	3.580378e+02
3.890000e-06	7.017764e-06	1.511498e-09	3.779750e+01	3.577384e+02
3.900000e-06	7.006435e-06	1.414865e-09	3.773649e+01	3.574256e+02
3.910000e-06	6.994585e-06	1.327350e-09	3.767266e+01	3.570997e+02
3.920000e-06	6.982023e-06	1.427023e-09	3.760500e+01	3.567611e+02
3.930000e-06	6.968783e-06	1.478319e-09	3.753369e+01	3.564102e+02
3.940000e-06	6.954783e-06	1.368122e-09	3.745829e+01	3.560471e+02
3.950000e-06	6.940047e-06	1.341693e-09	3.737892e+01	3.556723e+02
3.960000e-06	6.924777e-06	1.445999e-09	3.729667e+01	3.552859e+02
3.970000e-06	6.908979e-06	1.447487e-09	3.721159e+01	3.548881e+02
3.980000e-06	6.892740e-06	1.369130e-09	3.712413e+01	3.544789e+02
3.990000e-06	6.876197e-06	1.399052e-09	3.703503e+01	3.540585e+02
4.000000e-06	6.859155e-06	1.438061e-09	3.694324e+01	3.536268e+02
4.010000e-06	6.841456e-06	1.368797e-09	3.684791e+01	3.531838e+02
4.020000e-06	6.823278e-06	1.353835e-09	3.675001e+01	3.527293e+02
4.030000e-06	6.804682e-06	1.439099e-09	3.664985e+01	3.522632e+02
4.040000e-06	6.785530e-06	1.434184e-09	3.654670e+01	3.517852e+02
4.050000e-06	6.765970e-06	1.359400e-09	3.644135e+01	3.512952e+02
4.060000e-06	6.746088e-06	1.384076e-09	3.633426e+01	3.507927e+02
4.070000e-06	6.725929e-06	1.432772e-09	3.622569e+01	3.502775e+02
4.080000e-06	6.705458e-06	1.389862e-09	3.611543e+01	3.497492e+02
4.090000e-06	6.684612e-06	1.364838e-09	3.600315e+01	3.492076e+02
4.100000e-06	6.663077e-06	1.406165e-09	3.588717e+01	3.486521e+02
4.110000e-06	6.640666e-06	1.408669e-09	3.576646e+01	3.480825e+02
4.120000e-06	6.617510e-06	1.378977e-09	3.564174e+01	3.474983e+02
4.130000e-06	6.593791e-06	1.390133e-09	3.551400e+01	3.468994e+02
4.140000e-06	6.569743e-06	1.396015e-09	3.538447e+01	3.462853e+02
4.150000e-06	6.545343e-06	1.370167e-09	3.525305e+01	3.456557e+02
4.160000e-06	6.520493e-06	1.372728e-09	3.511921e+01	3.450104e+02
4.170000e-06	6.495258e-06	1.396779e-09	3.498330e+01	3.443493e+02
4.180000e-06	6.469506e-06	1.389751e-09	3.484460e+01	3.436720e+02
4.190000e-06	6.443110e-06	1.372826e-09	3.470243e+01	3.429786e+02
4.200000e-06	6.416257e-06	1.373176e-09	3.455780e+01	3.422688e+02
4.210000e-06	6.389034e-06	1.373054e-09	3.441118e+01	3.415426e+02
4.220000e-06	6.361356e-06	1.370346e-09	3.426211e+01	3.408001e+02
4.230000e-06	6.333259e-06	1.370266e-09	3.411077e+01	3.400411e+02
4.240000e-06	6.304964e-06	1.366474e-09	3.395838e+01	3.392659e+02
4.250000e-06	6.276392e-06	1.362236e-09	3.380449e+01	3.384743e+02
4.260000e-06	6.247315e-06	1.362063e-09	3.364788e+01	3.376666e+02
4.270000e-06	6.217634e-06	1.360325e-09	3.348802e+01	3.368429e+02
4.280000e-06	6.187206e-06	1.357633e-09	3.332414e+01	3.360032e+02
4.290000e-06	6.155958e-06	1.355342e-09	3.315584e+01	3.351476e+02
4.300000e-06	6.124182e-06	1.351777e-09	3.298469e+01	3.342763e+02
4.310000e-06	6.092134e-06	1.353648e-09	3.281208e+01	3.333893e+02
4.320000e-06	6.059763e-06	1.357263e-09	3.263773e+01	3.324867e+02
4.330000e-06	6.027020e-06	1.347788e-09	3.246138e+01	3.315686e+02
4.340000e-06	5.993973e-06	1.337744e-09	3.228339e+01	3.306348e+02
4.350000e-06	5.960468e-06	1.340861e-09	3.210293e+01	3.296853e+02
4.360000e-06	5.926483e-06	1.342058e-09	3.191989e+01	3.287201e+02
4.370000e-06	5.892101e-06	1.337339e-09	3.173471e+01	3.277390e+02
4.380000e-06	5.857254e-06	1.337184e-09	3.154702e+01	3.267417e+02
4.390000e-06	5.821950e-06	1.332651e-09	3.135688e+01	3.257280e+02
4.400000e-06	5.786308e-06	1.323132e-09	3.116491e+01	3.246975e+02
4.410000e-06	5.750457e-06	1.323876e-09	3.097182e+01	3.236498e+02
4.420000e-06	5.714373e-06	1.325283e-09	3.077747e+01	3.225846e+02
4.430000e-06	5.677902e-06	1.316118e-09	3.058104e+01	3.215012e+02
4.440000e-06	5.640967e-06	1.312334e-09	3.038211e+01	3.203992e+02
4.450000e-06	5.603624e-06	1.314886e-09	3.018098e+01	3.192778e+02
4.460000e-06	5.565634e-06	1.310575e-09	2.997636e+01	3.181365e+02
4.470000e-06	5.526915e-06	1.303901e-09	2.976783e+01	3.169746e+02
4.480000e-06	5.487605e-06	1.298856e-09	2.955611e+01	3.157914e+02
4.490000e-06	5.447862e-06	1.293609e-09	2.934205e+01	3.145861e+02
4.500000e-06	5.407830e-06	1.291825e-09	2.912644e+01	3.133580e+02
4.510000e-06	5.367540e-06	1.291764e-09	2.890944e+01	3.121063e+02
4.520000e-06	5.327000e-06	1.287553e-09	2.869109e+01	3.108304e+02
4.530000e-06	5.286096e-06	1.280163e-09	2.847078e+01	3.095294e+02
4.540000e-06	5.244856e-06	1.274156e-09	2.824867e+01	3.082027e+02
4.550000e-06	5.203473e-06	1.272056e-09	2.802578e+01	3.068496e+02
4.560000e-06	5.161679e-06	1.270490e-09	2.780067e+01	3.054695e+02
4.570000e-06	5.119252e-06	1.264982e-09	2.757217e+01	3.040617e+02
4.580000e-06	5.076442e-06	1.258025e-09	2.734159e+01	3.026257e+02
4.590000e-06	5.033217e-06	1.254442e-09	2.710878e+01	3.011611e+02
4.600000e-06	4.989593e-06	1.251308e-09	2.687382e+01	2.996674e+02
4.610000e-06	4.945729e-06	1.244804e-09	2.663758e+01	2.981442e+02
4.620000e-06	4.901685e-06	1.236601e-09	2.640035e+01	2.965914e+02
4.630000e-06	4.857483e-06	1.229283e-09	2.616228e+01	2.950085e+02
4.640000e-06	4.813013e-06	1.223706e-09	2.592277e+01	2.933956e+02
4.650000e-06	4.768253e-06	1.218988e-09	2.568169e+01	2.917525e+02
4.660000e-06	4.723162e-06	1.213053e-09	2.543883e+01	2.900792e+02
4.670000e-06	4.677602e-06	1.204768e-09	2.519345e+01	2.883757e+02
4.680000e-06	4.631518e-06	1.195222e-09	2.494524e+01	2.866423e+02
4.690000e-06	4.585086e-06	1.188010e-09	2.469516e+01	2.848791e+02
4.700000e-06	4.538420e-06	1.183804e-09	2.444382e+01	2.830863e+02
4.710000e-06	4.491448e-06	1.179000e-09	2.419083e+01	2.812643e+02
4.720000e-06	4.444261e-06	1.171648e-09	2.393668e+01	2.794134e+02
4.730000e-06	4.396827e-06	1.163076e-09	2.368120e+01	2.775339e+02
4.740000e-06	4.349036e-06	1.155086e-09	2.342380e+01	2.756264e+02
4.750000e-06	4.300788e-06	1.148346e-09	2.316394e+01	2.736913e+02
4.760000e-06	4.252021e-06	1.140933e-09	2.290128e+01	2.717291e+02
4.770000e-06	4.202985e-06	1.131979e-09	2.263717e+01	2.697403e+02
4.780000e-06	4.153622e-06	1.123749e-09	2.237131e+01	2.677253e+02
4.790000e-06	4.103827e-06	1.116532e-09	2.210311e+01	2.656848e+02
4.800000e-06	4.053850e-06	1.109073e-09	2.183394e+01	2.636192e+02
4.810000e-06	4.003660e-06	1.100033e-09	2.156361e+01	2.615290e+02
4.820000e-06	3.953143e-06	1.089058e-09	2.129153e+01	2.594148e+02
4.830000e-06	3.902277e-06	1.078276e-09	2.101757e+01	2.572770e+02
4.840000e-06	3.851063e-06	1.069419e-09	2.074173e+01	2.551160e+02
4.850000e-06	3.799602e-06	1.062224e-09	2.046456e+01	2.529323e+02
4.860000e-06	3.747884e-06	1.053987e-09	2.018601e+01	2.507263e+02
4.870000e-06	3.695860e-06	1.042999e-09	1.990581e+01	2.484982e+02
4.880000e-06	3.643552e-06	1.032107e-09	1.962408e+01	2.462485e+02
4.890000e-06	3.591080e-06	1.022833e-09	1.934147e+01	2.439773e+02
4.900000e-06	3.538366e-06	1.013983e-09	1.905755e+01	2.416848e+02
4.910000e-06	3.485284e-06	1.004825e-09	1.877165e+01	2.393713e+02
4.920000e-06	3.431790e-06	9.956819e-10	1.848354e+01	2.370368e+02
4.930000e-06	3.377706e-06	9.865152e-10	1.819224e+01	2.346813e+02
4.940000e-06	3.323250e-06	9.780282e-10	1.789894e+01	2.323049e+02
4.950000e-06	3.268523e-06	9.694805e-10	1.760418e+01	2.299074e+02
4.960000e-06	3.213463e-06	9.588202e-10	1.730763e+01	2.274887e+02
4.970000e-06	3.158095e-06	9.471457e-10	1.700942e+01	2.250487e+02
4.980000e-06	3.102376e-06	9.363820e-10	1.670932e+01	2.225871e+02
4.990000e-06	3.046421e-06	9.271942e-10	1.640795e+01	2.201035e+02
5.000000e-06	2.990339e-06	9.195685e-10	1.610589e+01	2.175977e+02
5.010000e-06	2.934203e-06	9.111126e-10	1.580354e+01	2.150692e+02
5.020000e-06	2.878026e-06	8.995487e-10	1.550098e+01	2.125175e+02
5.030000e-06	2.821668e-06	8.880395e-10	1.519743e+01	2.099422e+02
5.040000e-06	2.765053e-06	8.774522e-10	1.489251e+01	2.073425e+02
5.050000e-06	2.708241e-06	8.645531e-10	1.458652e+01	2.047180e+02
5.060000e-06	2.651259e-06	8.504109e-10	1.427962e+01	2.020680e+02
5.070000e-06	2.594151e-06	8.377354e-10	1.397203e+01	1.993916e+02
5.080000e-06	2.536867e-06	8.281237e-10	1.366350e+01	1.966883e+02
5.090000e-06	2.479408e-06	8.217315e-10	1.335403e+01	1.939572e+02
5.100000e-06	2.421778e-06	8.142973e-10	1.304364e+01	1.911975e+02
5.110000e-06	2.363896e-06	8.022369e-10	1.273188e+01	1.884084e+02
5.120000e-06	2.305837e-06	7.875603e-10	1.241918e+01	1.855890e+02
5.130000e-06	2.247675e-06	7.740815e-10	1.210592e+01	1.827383e+02
5.140000e-06	2.189363e-06	7.617212e-10	1.179185e+01	1.798557e+02
5.150000e-06	2.130807e-06	7.489134e-10	1.147647e+01	1.769400e+02
5.160000e-06	2.072066e-06	7.362398e-10	1.116009e+01	1.739904e+02
5.170000e-06	2.013244e-06	7.249292e-10	1.084328e+01	1.710059e+02
5.180000e-06	1.954230e-06	7.144654e-10	1.052543e+01	1.679857e+02
5.190000e-06	1.895064e-06	7.031497e-10	1.020677e+01	1.649289e+02
5.200000e-06	1.835817e-06	6.903140e-10	9.887665e+00	1.618345e+02
5.210000e-06	1.776423e-06	6.763118e-10	9.567769e+00	1.587016e+02
5.220000e-06	1.716934e-06	6.619020e-10	9.247362e+00	1.555294e+02
5.230000e-06	1.657365e-06	6.475989e-10	8.926527e+00	1.523171e+02
5.240000e-06	1.597687e-06	6.343158e-10	8.605104e+00	1.490637e+02
5.250000e-06	1.537936e-06	6.215744e-10	8.283286e+00	1.457686e+02
5.260000e-06	1.478181e-06	6.094022e-10	7.961444e+00	1.424311e+02
5.270000e-06	1.418327e-06	5.980677e-10	7.639073e+00	1.390503e+02
5.280000e-06	1.358308e-06	5.853016e-10	7.315812e+00	1.356256e+02
5.290000e-06	1.298237e-06	5.697210e-10	6.992273e+00	1.321565e+02
5.300000e-06	1.238145e-06	5.520505e-10	6.668618e+00	1.286423e+02
5.310000e-06	1.178032e-06	5.339408e-10	6.344849e+00	1.250827e+02
5.320000e-06	1.117936e-06	5.169611e-10	6.021174e+00	1.214772e+02
5.330000e-06	1.057784e-06	5.017821e-10	5.697200e+00	1.178254e+02
5.340000e-06	9.975485e-07	4.879171e-10	5.372771e+00	1.141271e+02
5.350000e-06	9.372120e-07	4.741817e-10	5.047800e+00	1.103820e+02
5.360000e-06	8.768177e-07	4.592869e-10	4.722518e+00	1.065901e+02
5.370000e-06	8.164371e-07	4.435462e-10	4.397310e+00	1.027514e+02
5.380000e-06	7.559444e-07	4.271637e-10	4.071498e+00	9.886593e+01
5.390000e-06	6.954046e-07	4.097620e-10	3.745432e+00	9.493388e+01
5.400000e-06	6.349383e-07	3.915352e-10	3.419762e+00	9.095557e+01
5.410000e-06	5.744068e-07	3.736603e-10	3.093741e+00	8.693140e+01
5.420000e-06	5.137768e-07	3.574251e-10	2.767189e+00	8.286191e+01
5.430000e-06	4.531009e-07	3.415937e-10	2.440390e+00	7.874774e+01
5.440000e-06	3.923865e-07	3.251043e-10	2.113384e+00	7.458969e+01
5.450000e-06	3.315656e-07	3.086581e-10	1.785804e+00	7.038868e+01
5.460000e-06	2.707715e-07	2.917943e-10	1.458369e+00	6.614575e+01
5.470000e-06	2.101164e-07	2.726717e-10	1.131682e+00	6.186211e+01
5.480000e-06	1.494834e-07	2.525333e-10	8.051141e-01	5.753910e+01
5.490000e-06	8.883441e-08	2.329856e-10	4.784599e-01	5.317821e+01
5.500000e-06	2.813395e-08	2.135832e-10	1.515288e-01	4.878107e+01
5.510000e-06	-3.265086e-08	1.950999e-10	-1.758567e-01	4.434946e+01
5.520000e-06	-9.348583e-08	1.774533e-10	-5.035123e-01	3.988532e+01
5.530000e-06	-1.544181e-07	1.595088e-10	-8.316922e-01	3.539071e+01
5.540000e-06	-2.153010e-07	1.415401e-10	-1.159606e+00	3.086785e+01
5.550000e-06	-2.760697e-07	1.232133e-10	-1.486905e+00	2.631909e+01
5.560000e-06	-3.367925e-07	1.031173e-10	-1.813956e+00	2.174691e+01
5.570000e-06	-3.973257e-07	8.258294e-11	-2.139986e+00	1.715389e+01
5.580000e-06	-4.578253e-07	6.315124e-11	-2.465836e+00	1.254276e+01
5.590000e-06	-5.183376e-07	4.367485e-11	-2.791754e+00	7.916330e+00
5.600000e-06	-5.788008e-07	2.396540e-11	-3.117407e+00	3.277501e+00
5.610000e-06	-6.392838e-07	4.288167e-12	-3.443167e+00	-1.370745e+00
5.620000e-06	-6.997263e-07	-1.567627e-11	-3.768708e+00	-6.025367e+00
5.630000e-06	-7.600533e-07	-3.543889e-11	-4.093628e+00	-1.068328e+01
5.640000e-06	-8.202659e-07	-5.482697e-11	-4.417932e+00	-1.534135e+01
5.650000e-06	-8.804192e-07	-7.439351e-11	-4.741916e+00	-1.999647e+01
5.660000e-06	-9.406137e-07	-9.362007e-11	-5.066122e+00	-2.464549e+01
5.670000e-06	-1.000830e-06	-1.122971e-10	-5.390448e+00	-2.928533e+01
5.680000e-06	-1.061062e-06	-1.317697e-10	-5.714853e+00	-3.391292e+01
5.690000e-06	-1.121303e-06	-1.524906e-10	-6.039311e+00	-3.852526e+01
5.700000e-06	-1.181431e-06	-1.731745e-10	-6.363156e+00	-4.311945e+01
5.710000e-06	-1.241500e-06	-1.925170e-10	-6.686688e+00	-4.769266e+01
5.720000e-06	-1.301511e-06	-2.108285e-10	-7.009905e+00	-5.224219e+01
5.730000e-06	-1.361420e-06	-2.290538e-10	-7.332575e+00	-5.676546e+01
5.740000e-06	-1.421364e-06	-2.474093e-10	-7.655429e+00	-6.126006e+01
5.750000e-06	-1.481310e-06	-2.667135e-10	-7.978301e+00	-6.572371e+01
5.760000e-06	-1.541173e-06	-2.871365e-10	-8.300720e+00	-7.015432e+01
5.770000e-06	-1.600943e-06	-3.071467e-10	-8.622637e+00	-7.454997e+01
5.780000e-06	-1.660547e-06	-3.257578e-10	-8.943667e+00	-7.890893e+01
5.790000e-06	-1.719956e-06	-3.436285e-10	-9.263643e+00	-8.322967e+01
5.800000e-06	-1.779340e-06	-3.615252e-10	-9.583481e+00	-8.751085e+01
5.810000e-06	-1.838728e-06	-3.793174e-10	-9.903344e+00	-9.175131e+01
5.820000e-06	-1.897897e-06	-3.965973e-10	-1.022203e+01	-9.595012e+01
5.830000e-06	-1.956780e-06	-4.140355e-10	-1.053917e+01	-1.001065e+02
5.840000e-06	-2.015426e-06	-4.316980e-10	-1.085504e+01	-1.042199e+02
5.850000e-06	-2.073989e-06	-4.490669e-10	-1.117045e+01	-1.082899e+02
5.860000e-06	-2.132472e-06	-4.661629e-10	-1.148544e+01	-1.123163e+02
5.870000e-06	-2.190756e-06	-4.821355e-10	-1.179935e+01	-1.162990e+02
5.880000e-06	-2.248875e-06	-4.975845e-10	-1.211239e+01	-1.202380e+02
5.890000e-06	-2.306770e-06	-5.139950e-10	-1.242421e+01	-1.241335e+02
5.900000e-06	-2.364585e-06	-5.310801e-10	-1.273559e+01	-1.279859e+02
5.910000e-06	-2.422331e-06	-5.479201e-10	-1.304662e+01	-1.317954e+02
5.920000e-06	-2.479833e-06	-5.643829e-10	-1.335632e+01	-1.355625e+02
5.930000e-06	-2.537109e-06	-5.807413e-10	-1.366481e+01	-1.392878e+02
5.940000e-06	-2.594078e-06	-5.968112e-10	-1.397164e+01	-1.429717e+02
5.950000e-06	-2.650804e-06	-6.124001e-10	-1.427716e+01	-1.466148e+02
5.960000e-06	-2.707411e-06	-6.276878e-10	-1.458205e+01	-1.502176e+02
5.970000e-06	-2.763773e-06	-6.426835e-10	-1.488561e+01	-1.537806e+02
5.980000e-06	-2.819965e-06	-6.579186e-10	-1.518826e+01	-1.573044e+02
5.990000e-06	-2.876159e-06	-6.736401e-10	-1.549092e+01	-1.607894e+02
6.000000e-06	-2.932374e-06	-6.885560e-10	-1.579369e+01	-1.642360e+02
6.010000e-06	-2.988495e-06	-7.019923e-10	-1.609596e+01	-1.676445e+02
6.020000e-06	-3.044429e-06	-7.151632e-10	-1.639722e+01	-1.710152e+02
6.030000e-06	-3.100123e-06	-7.282512e-10	-1.669718e+01	-1.743483e+02
6.040000e-06	-3.155540e-06	-7.406450e-10	-1.699566e+01	-1.776438e+02
6.050000e-06	-3.210665e-06	-7.530265e-10	-1.729256e+01	-1.809018e+02
6.060000e-06	-3.265571e-06	-7.661954e-10	-1.758829e+01	-1.841223e+02
6.070000e-06	-3.320159e-06	-7.793846e-10	-1.788229e+01	-1.873051e+02
6.080000e-06	-3.374243e-06	-7.919260e-10	-1.817359e+01	-1.904501e+02
6.090000e-06	-3.427877e-06	-8.046313e-10	-1.846246e+01	-1.935569e+02
6.100000e-06	-3.481058e-06	-8.179605e-10	-1.874889e+01	-1.966254e+02
6.110000e-06	-3.533873e-06	-8.303131e-10	-1.903335e+01	-1.996552e+02
6.120000e-06	-3.586510e-06	-8.415373e-10	-1.931685e+01	-2.026459e+02
6.130000e-06	-3.638975e-06	-8.535279e-10	-1.959943e+01	-2.055971e+02
6.140000e-06	-3.691096e-06	-8.654637e-10	-1.988015e+01	-2.085086e+02
6.150000e-06	-3.742901e-06	-8.768649e-10	-2.015917e+01	-2.113799e+02
6.160000e-06	-3.794469e-06	-8.886791e-10	-2.043692e+01	-2.142109e+02
6.170000e-06	-3.845691e-06	-9.010866e-10	-2.071280e+01	-2.170011e+02
6.180000e-06	-3.896523e-06	-9.131458e-10	-2.098658e+01	-2.197503e+02
6.190000e-06	-3.946992e-06	-9.244535e-10	-2.125840e+01	-2.224585e+02
6.200000e-06	-3.997168e-06	-9.361636e-10	-2.152865e+01	-2.251256e+02
6.210000e-06	-4.047248e-06	-9.476545e-10	-2.179838e+01	-2.277515e+02
6.220000e-06	-4.097131e-06	-9.575027e-10	-2.206704e+01	-2.303364e+02
6.230000e-06	-4.146653e-06	-9.669764e-10	-2.233377e+01	-2.328805e+02
6.240000e-06	-4.195745e-06	-9.767875e-10	-2.259818e+01	-2.353841e+02
6.250000e-06	-4.244262e-06	-9.857688e-10	-2.285949e+01	-2.378475e+02
6.260000e-06	-4.292304e-06	-9.946857e-10	-2.311824e+01	-2.402713e+02
6.270000e-06	-4.339907e-06	-1.004627e-09	-2.337463e+01	-2.426561e+02
6.280000e-06	-4.387077e-06	-1.014714e-09	-2.362869e+01	-2.450025e+02
6.290000e-06	-4.433970e-06	-1.024669e-09	-2.388125e+01	-2.473114e+02
6.300000e-06	-4.480672e-06	-1.034393e-09	-2.413279e+01	-2.495835e+02
6.310000e-06	-4.527236e-06	-1.043395e-09	-2.438358e+01	-2.518197e+02
6.320000e-06	-4.573622e-06	-1.051559e-09	-2.463342e+01	-2.540210e+02
6.330000e-06	-4.619682e-06	-1.058848e-09	-2.488149e+01	-2.561884e+02
6.340000e-06	-4.665240e-06	-1.066333e-09	-2.512687e+01	-2.583229e+02
6.350000e-06	-4.710222e-06	-1.074888e-09	-2.536914e+01	-2.604256e+02
6.360000e-06	-4.754756e-06	-1.083767e-09	-2.560900e+01	-2.624973e+02
6.370000e-06	-4.799160e-06	-1.091782e-09	-2.584816e+01	-2.645392e+02
6.380000e-06	-4.843486e-06	-1.099597e-09	-2.608690e+01	-2.665521e+02
6.390000e-06	-4.887613e-06	-1.108342e-09	-2.632456e+01	-2.685371e+02
6.400000e-06	-4.931576e-06	-1.117424e-09	-2.656134e+01	-2.704950e+02
6.410000e-06	-4.975253e-06	-1.126362e-09	-2.679659e+01	-2.724267e+02
6.420000e-06	-5.018476e-06	-1.134478e-09	-2.702939e+01	-2.743328e+02
6.430000e-06	-5.061289e-06	-1.142366e-09	-2.725998e+01	-2.762140e+02
6.440000e-06	-5.103740e-06	-1.151160e-09	-2.748862e+01	-2.780709e+02
6.450000e-06	-5.145857e-06	-1.160294e-09	-2.771546e+01	-2.799040e+02
6.460000e-06	-5.187685e-06	-1.168171e-09	-2.794074e+01	-2.817137e+02
6.470000e-06	-5.229116e-06	-1.173685e-09	-2.816389e+01	-2.835003e+02
6.480000e-06	-5.270123e-06	-1.178676e-09	-2.838475e+01	-2.852641e+02
6.490000e-06	-5.310776e-06	-1.184662e-09	-2.860371e+01	-2.870053e+02
6.500000e-06	-5.351168e-06	-1.190781e-09	-2.882126e+01	-2.887238e+02
6.510000e-06	-5.391373e-06	-1.196704e-09	-2.903780e+01	-2.904199e+02
6.520000e-06	-5.431376e-06	-1.203547e-09	-2.925326e+01	-2.920933e+02
6.530000e-06	-5.471085e-06	-1.211005e-09	-2.946713e+01	-2.937442e+02
6.540000e-06	-5.510285e-06	-1.217532e-09	-2.967826e+01	-2.953722e+02
6.550000e-06	-5.548772e-06	-1.222828e-09	-2.988555e+01	-2.969775e+02
6.560000e-06	-5.586614e-06	-1.227648e-09	-3.008937e+01	-2.985597e+02
6.570000e-06	-5.623896e-06	-1.233307e-09	-3.029017e+01	-3.001189e+02
6.580000e-06	-5.660592e-06	-1.240048e-09	-3.048781e+01	-3.016548e+02
6.590000e-06	-5.696886e-06	-1.246251e-09	-3.068329e+01	-3.031675e+02
6.600000e-06	-5.732990e-06	-1.251955e-09	-3.087774e+01	-3.046567e+02
6.610000e-06	-5.768877e-06	-1.258006e-09	-3.107103e+01	-3.061226e+02
6.620000e-06	-5.804383e-06	-1.263942e-09	-3.126226e+01	-3.075652e+02
6.630000e-06	-5.839452e-06	-1.269464e-09	-3.145114e+01	-3.089846e+02
6.640000e-06	-5.874052e-06	-1.274705e-09	-3.163750e+01	-3.103809e+02
6.650000e-06	-5.908238e-06	-1.279606e-09	-3.182162e+01	-3.117544e+02
6.660000e-06	-5.942133e-06	-1.284281e-09	-3.200418e+01	-3.131053e+02
6.670000e-06	-5.975627e-06	-1.289344e-09	-3.218458e+01	-3.144339e+02
6.680000e-06	-6.008501e-06	-1.295196e-09	-3.236164e+01	-3.157408e+02
6.690000e-06	-6.040879e-06	-1.300435e-09	-3.253602e+01	-3.170262e+02
6.700000e-06	-6.073034e-06	-1.303883e-09	-3.270921e+01	-3.182908e+02
6.710000e-06	-6.105006e-06	-1.308027e-09	-3.288141e+01	-3.195350e+02
6.720000e-06	-6.136705e-06	-1.313560e-09	-3.305214e+01	-3.207594e+02
6.730000e-06	-6.167804e-06	-1.318816e-09	-3.321964e+01	-3.219646e+02
6.740000e-06	-6.198023e-06	-1.324223e-09	-3.338240e+01	-3.231511e+02
6.750000e-06	-6.227541e-06	-1.330050e-09	-3.354138e+01	-3.243196e+02
6.760000e-06	-6.256506e-06	-1.334599e-09	-3.369739e+01	-3.254705e+02
6.770000e-06	-6.284943e-06	-1.337207e-09	-3.385055e+01	-3.266044e+02
6.780000e-06	-6.313058e-06	-1.340584e-09	-3.400198e+01	-3.277218e+02
6.790000e-06	-6.340991e-06	-1.345177e-09	-3.415242e+01	-3.288232e+02
6.800000e-06	-6.368614e-06	-1.350133e-09	-3.430120e+01	-3.299088e+02
6.810000e-06	-6.395725e-06	-1.355593e-09	-3.444722e+01	-3.309790e+02
6.820000e-06	-6.422282e-06	-1.361164e-09	-3.459025e+01	-3.320340e+02
6.830000e-06	-6.448396e-06	-1.365564e-09	-3.473090e+01	-3.330740e+02
6.840000e-06	-6.474155e-06	-1.369188e-09	-3.486964e+01	-3.340990e+02
6.850000e-06	-6.499549e-06	-1.372391e-09	-3.500641e+01	-3.351089e+02
6.860000e-06	-6.524462e-06	-1.374822e-09	-3.514059e+01	-3.361037e+02
6.870000e-06	-6.548949e-06	-1.377689e-09	-3.527247e+01	-3.370831e+02
6.880000e-06	-6.573098e-06	-1.380884e-09	-3.540254e+01	-3.380469e+02
6.890000e-06	-6.596933e-06	-1.384699e-09	-3.553092e+01	-3.389946e+02
6.900000e-06	-6.620327e-06	-1.388446e-09	-3.565692e+01	-3.399259e+02
6.910000e-06	-6.643124e-06	-1.391756e-09	-3.577970e+01	-3.408401e+02
6.920000e-06	-6.665130e-06	-1.395331e-09	-3.589822e+01	-3.417368e+02
6.930000e-06	-6.686303e-06	-1.399638e-09	-3.601226e+01	-3.426154e+02
6.940000e-06	-6.706929e-06	-1.404370e-09	-3.612335e+01	-3.434752e+02
6.950000e-06	-6.727176e-06	-1.407683e-09	-3.623240e+01	-3.443156e+02
6.960000e-06	-6.747207e-06	-1.410461e-09	-3.634029e+01	-3.451359e+02
6.970000e-06	-6.766919e-06	-1.413586e-09	-3.644646e+01	-3.459355e+02
6.980000e-06	-6.785991e-06	-1.415683e-09	-3.654918e+01	-3.467139e+02
6.990000e-06	-6.804473e-06	-1.416816e-09	-3.664872e+01	-3.474703e+02
7.000000e-06	-6.822443e-06	-1.416988e-09	-3.674551e+01	-3.482043e+02
7.010000e-06	-6.840031e-06	-1.417688e-09	-3.684024e+01	-3.489155e+02
7.020000e-06	-6.857295e-06	-1.419967e-09	-3.693322e+01	-3.496033e+02
7.030000e-06	-6.874087e-06	-1.422090e-09	-3.702366e+01	-3.502676e+02
7.040000e-06	-6.890484e-06	-1.423190e-09	-3.711197e+01	-3.509079e+02
7.050000e-06	-6.906619e-06	-1.423442e-09	-3.719888e+01	-3.515242e+02
7.060000e-06	-6.922452e-06	-1.424263e-09	-3.728416e+01	-3.521164e+02
7.070000e-06	-6.937567e-06	-1.426270e-09	-3.736556e+01	-3.526845e+02
7.080000e-06	-6.951759e-06	-1.428619e-09	-3.744200e+01	-3.532286e+02
7.090000e-06	-6.965068e-06	-1.430031e-09	-3.751369e+01	-3.537488e+02
7.100000e-06	-6.977690e-06	-1.431829e-09	-3.758166e+01	-3.542455e+02
7.110000e-06	-6.989904e-06	-1.434771e-09	-3.764745e+01	-3.547189e+02
7.120000e-06	-7.001694e-06	-1.436740e-09	-3.771095e+01	-3.551696e+02
7.130000e-06	-7.012887e-06	-1.437936e-09	-3.777124e+01	-3.555978e+02
7.140000e-06	-7.023480e-06	-1.438181e-09	-3.782829e+01	-3.560043e+02
7.150000e-06	-7.033686e-06	-1.437548e-09	-3.788326e+01	-3.563894e+02
7.160000e-06	-7.043527e-06	-1.437452e-09	-3.793626e+01	-3.567538e+02
7.170000e-06	-7.052847e-06	-1.438247e-09	-3.798646e+01	-3.570980e+02
7.180000e-06	-7.061504e-06	-1.438776e-09	-3.803308e+01	-3.574227e+02
7.190000e-06	-7.069702e-06	-1.438086e-09	-3.807724e+01	-3.577284e+02
7.200000e-06	-7.077666e-06	-1.437621e-09	-3.812013e+01	-3.580157e+02
7.210000e-06	-7.085290e-06	-1.437244e-09	-3.816120e+01	-3.582852e+02
7.220000e-06	-7.092486e-06	-1.436772e-09	-3.819995e+01	-3.585372e+02
7.230000e-06	-7.098987e-06	-1.437566e-09	-3.823497e+01	-3.587724e+02
7.240000e-06	-7.104534e-06	-1.438788e-09	-3.826484e+01	-3.589910e+02
7.250000e-06	-7.109270e-06	-1.440130e-09	-3.829035e+01	-3.591934e+02
7.260000e-06	-7.113552e-06	-1.441334e-09	-3.831342e+01	-3.593799e+02
7.270000e-06	-7.117542e-06	-1.442119e-09	-3.833490e+01	-3.595507e+02
7.280000e-06	-7.121196e-06	-1.441879e-09	-3.835458e+01	-3.597060e+02
7.290000e-06	-7.124390e-06	-1.440738e-09	-3.837179e+01	-3.598459e+02
7.300000e-06	-7.127090e-06	-1.440302e-09	-3.838633e+01	-3.599704e+02
7.310000e-06	-7.129392e-06	-1.440776e-09	-3.839873e+01	-3.600795e+02
7.320000e-06	-7.131156e-06	-1.441844e-09	-3.840823e+01	-3.601731e+02
7.330000e-06	-7.132272e-06	-1.442745e-09	-3.841424e+01	-3.602512e+02
7.340000e-06	-7.132979e-06	-1.442570e-09	-3.841805e+01	-3.603135e+02
