# Temperatura_=_13.4
# Concentracion g/m^3_=_7400.0
# C_Vs_to_Am_M_A/Vsm_=_254322799225.57578
# pendiente_HvsI_1/m_=_3716.3
# ordenada_HvsI_A/m_=_1297.0
# frecuencia_Hz_=_136112.21810411537

Tiempo_(s)	Campo_(V.s)	Magnetizacion_(V.s)	Campo_(kA/m)	Magnetizacion_(A/m)
0.000000e+00	-7.129700e-06	-1.717013e-09	-3.841957e+01	-4.299501e+02
1.000000e-08	-7.130111e-06	-1.715500e-09	-3.842178e+01	-4.300915e+02
2.000000e-08	-7.130037e-06	-1.713502e-09	-3.842138e+01	-4.302156e+02
3.000000e-08	-7.129361e-06	-1.711989e-09	-3.841774e+01	-4.303227e+02
4.000000e-08	-7.127983e-06	-1.711415e-09	-3.841031e+01	-4.304128e+02
5.000000e-08	-7.126026e-06	-1.711512e-09	-3.839977e+01	-4.304860e+02
6.000000e-08	-7.123530e-06	-1.710634e-09	-3.838631e+01	-4.305424e+02
7.000000e-08	-7.120400e-06	-1.706268e-09	-3.836945e+01	-4.305822e+02
8.000000e-08	-7.116731e-06	-1.694027e-09	-3.834968e+01	-4.306053e+02
9.000000e-08	-7.112387e-06	-1.695253e-09	-3.832627e+01	-4.306119e+02
1.000000e-07	-7.107388e-06	-1.732077e-09	-3.829933e+01	-4.306022e+02
1.100000e-07	-7.102030e-06	-1.746216e-09	-3.827046e+01	-4.305763e+02
1.200000e-07	-7.096406e-06	-1.685754e-09	-3.824015e+01	-4.305344e+02
1.300000e-07	-7.090201e-06	-1.649328e-09	-3.820672e+01	-4.304764e+02
1.400000e-07	-7.083359e-06	-1.708973e-09	-3.816985e+01	-4.304027e+02
1.500000e-07	-7.076070e-06	-1.742735e-09	-3.813057e+01	-4.303132e+02
1.600000e-07	-7.068428e-06	-1.668792e-09	-3.808939e+01	-4.302082e+02
1.700000e-07	-7.060445e-06	-1.636285e-09	-3.804637e+01	-4.300877e+02
1.800000e-07	-7.051940e-06	-1.729170e-09	-3.800054e+01	-4.299518e+02
1.900000e-07	-7.042911e-06	-1.757681e-09	-3.795189e+01	-4.298006e+02
2.000000e-07	-7.033321e-06	-1.654288e-09	-3.790021e+01	-4.296341e+02
2.100000e-07	-7.023053e-06	-1.625205e-09	-3.784488e+01	-4.294524e+02
2.200000e-07	-7.012137e-06	-1.708683e-09	-3.778606e+01	-4.292555e+02
2.300000e-07	-7.000611e-06	-1.714519e-09	-3.772395e+01	-4.290433e+02
2.400000e-07	-6.988612e-06	-1.649806e-09	-3.765929e+01	-4.288158e+02
2.500000e-07	-6.976097e-06	-1.670048e-09	-3.759185e+01	-4.285729e+02
2.600000e-07	-6.962823e-06	-1.710375e-09	-3.752032e+01	-4.283145e+02
2.700000e-07	-6.948885e-06	-1.663652e-09	-3.744521e+01	-4.280405e+02
2.800000e-07	-6.934326e-06	-1.643848e-09	-3.736676e+01	-4.277507e+02
2.900000e-07	-6.919115e-06	-1.692795e-09	-3.728479e+01	-4.274449e+02
3.000000e-07	-6.903399e-06	-1.673670e-09	-3.720010e+01	-4.271229e+02
3.100000e-07	-6.887099e-06	-1.626749e-09	-3.711227e+01	-4.267844e+02
3.200000e-07	-6.870300e-06	-1.682814e-09	-3.702175e+01	-4.264292e+02
3.300000e-07	-6.853149e-06	-1.711442e-09	-3.692932e+01	-4.260570e+02
3.400000e-07	-6.835552e-06	-1.626478e-09	-3.683450e+01	-4.256676e+02
3.500000e-07	-6.817392e-06	-1.613137e-09	-3.673664e+01	-4.252606e+02
3.600000e-07	-6.798759e-06	-1.692381e-09	-3.663623e+01	-4.248358e+02
3.700000e-07	-6.779745e-06	-1.674582e-09	-3.653377e+01	-4.243929e+02
3.800000e-07	-6.760258e-06	-1.614833e-09	-3.642876e+01	-4.239317e+02
3.900000e-07	-6.740222e-06	-1.655521e-09	-3.632080e+01	-4.234520e+02
4.000000e-07	-6.719695e-06	-1.675764e-09	-3.621018e+01	-4.229535e+02
4.100000e-07	-6.698831e-06	-1.619773e-09	-3.609776e+01	-4.224361e+02
4.200000e-07	-6.677441e-06	-1.627639e-09	-3.598249e+01	-4.218997e+02
4.300000e-07	-6.655540e-06	-1.662748e-09	-3.586447e+01	-4.213442e+02
4.400000e-07	-6.633224e-06	-1.620432e-09	-3.574422e+01	-4.207696e+02
4.500000e-07	-6.610537e-06	-1.608329e-09	-3.562197e+01	-4.201759e+02
4.600000e-07	-6.587549e-06	-1.655363e-09	-3.549809e+01	-4.195632e+02
4.700000e-07	-6.564132e-06	-1.632956e-09	-3.537191e+01	-4.189316e+02
4.800000e-07	-6.540211e-06	-1.587578e-09	-3.524300e+01	-4.182813e+02
4.900000e-07	-6.515811e-06	-1.616446e-09	-3.511152e+01	-4.176126e+02
5.000000e-07	-6.490859e-06	-1.629158e-09	-3.497706e+01	-4.169258e+02
5.100000e-07	-6.465217e-06	-1.595266e-09	-3.483889e+01	-4.162212e+02
5.200000e-07	-6.438902e-06	-1.601311e-09	-3.469708e+01	-4.154992e+02
5.300000e-07	-6.412132e-06	-1.615965e-09	-3.455283e+01	-4.147603e+02
5.400000e-07	-6.384986e-06	-1.590232e-09	-3.440655e+01	-4.140049e+02
5.500000e-07	-6.357438e-06	-1.581278e-09	-3.425810e+01	-4.132336e+02
5.600000e-07	-6.329406e-06	-1.593184e-09	-3.410705e+01	-4.124468e+02
5.700000e-07	-6.300941e-06	-1.581645e-09	-3.395366e+01	-4.116451e+02
5.800000e-07	-6.272042e-06	-1.571345e-09	-3.379793e+01	-4.108289e+02
5.900000e-07	-6.242700e-06	-1.578664e-09	-3.363982e+01	-4.099987e+02
6.000000e-07	-6.213034e-06	-1.575798e-09	-3.347996e+01	-4.091551e+02
6.100000e-07	-6.182878e-06	-1.565936e-09	-3.331746e+01	-4.082985e+02
6.200000e-07	-6.152334e-06	-1.561592e-09	-3.315286e+01	-4.074291e+02
6.300000e-07	-6.121396e-06	-1.555088e-09	-3.298615e+01	-4.065475e+02
6.400000e-07	-6.090087e-06	-1.549533e-09	-3.281744e+01	-4.056537e+02
6.500000e-07	-6.058506e-06	-1.546179e-09	-3.264726e+01	-4.047481e+02
6.600000e-07	-6.026442e-06	-1.541910e-09	-3.247448e+01	-4.038306e+02
6.700000e-07	-5.993790e-06	-1.538926e-09	-3.229852e+01	-4.029014e+02
6.800000e-07	-5.960710e-06	-1.531588e-09	-3.212027e+01	-4.019602e+02
6.900000e-07	-5.927093e-06	-1.522245e-09	-3.193912e+01	-4.010069e+02
7.000000e-07	-5.892819e-06	-1.521366e-09	-3.175443e+01	-4.000412e+02
7.100000e-07	-5.858066e-06	-1.518430e-09	-3.156715e+01	-3.990626e+02
7.200000e-07	-5.822882e-06	-1.508090e-09	-3.137756e+01	-3.980708e+02
7.300000e-07	-5.787247e-06	-1.503760e-09	-3.118553e+01	-3.970650e+02
7.400000e-07	-5.751259e-06	-1.503193e-09	-3.099161e+01	-3.960445e+02
7.500000e-07	-5.714921e-06	-1.495808e-09	-3.079579e+01	-3.950087e+02
7.600000e-07	-5.678196e-06	-1.489482e-09	-3.059789e+01	-3.939564e+02
7.700000e-07	-5.641200e-06	-1.485948e-09	-3.039854e+01	-3.928870e+02
7.800000e-07	-5.603812e-06	-1.478393e-09	-3.019706e+01	-3.917992e+02
7.900000e-07	-5.565961e-06	-1.473361e-09	-2.999310e+01	-3.906921e+02
8.000000e-07	-5.527626e-06	-1.471866e-09	-2.978652e+01	-3.895645e+02
8.100000e-07	-5.488782e-06	-1.465588e-09	-2.957720e+01	-3.884154e+02
8.200000e-07	-5.449609e-06	-1.457119e-09	-2.936611e+01	-3.872436e+02
8.300000e-07	-5.410123e-06	-1.451512e-09	-2.915334e+01	-3.860481e+02
8.400000e-07	-5.370359e-06	-1.446964e-09	-2.893906e+01	-3.848277e+02
8.500000e-07	-5.330246e-06	-1.441545e-09	-2.872291e+01	-3.835813e+02
8.600000e-07	-5.289809e-06	-1.435381e-09	-2.850501e+01	-3.823080e+02
8.700000e-07	-5.249035e-06	-1.428559e-09	-2.828529e+01	-3.810069e+02
8.800000e-07	-5.207765e-06	-1.422289e-09	-2.806290e+01	-3.796771e+02
8.900000e-07	-5.165943e-06	-1.417121e-09	-2.783754e+01	-3.783177e+02
9.000000e-07	-5.123621e-06	-1.410593e-09	-2.760948e+01	-3.769283e+02
9.100000e-07	-5.080956e-06	-1.403937e-09	-2.737957e+01	-3.755081e+02
9.200000e-07	-5.037893e-06	-1.398270e-09	-2.714752e+01	-3.740567e+02
9.300000e-07	-4.994413e-06	-1.393267e-09	-2.691322e+01	-3.725738e+02
9.400000e-07	-4.950534e-06	-1.388464e-09	-2.667677e+01	-3.710592e+02
9.500000e-07	-4.906352e-06	-1.381967e-09	-2.643869e+01	-3.695128e+02
9.600000e-07	-4.861904e-06	-1.373540e-09	-2.619917e+01	-3.679345e+02
9.700000e-07	-4.817140e-06	-1.365370e-09	-2.595795e+01	-3.663245e+02
9.800000e-07	-4.772079e-06	-1.358970e-09	-2.571513e+01	-3.646829e+02
9.900000e-07	-4.726675e-06	-1.353884e-09	-2.547047e+01	-3.630102e+02
1.000000e-06	-4.680938e-06	-1.346795e-09	-2.522401e+01	-3.613067e+02
1.010000e-06	-4.634824e-06	-1.338140e-09	-2.497551e+01	-3.595728e+02
1.020000e-06	-4.588237e-06	-1.330528e-09	-2.472447e+01	-3.578092e+02
1.030000e-06	-4.541430e-06	-1.323562e-09	-2.447225e+01	-3.560163e+02
1.040000e-06	-4.494433e-06	-1.317222e-09	-2.421899e+01	-3.541949e+02
1.050000e-06	-4.447145e-06	-1.311457e-09	-2.396417e+01	-3.523454e+02
1.060000e-06	-4.399533e-06	-1.304980e-09	-2.370761e+01	-3.504685e+02
1.070000e-06	-4.351620e-06	-1.298404e-09	-2.344942e+01	-3.485649e+02
1.080000e-06	-4.303467e-06	-1.291636e-09	-2.318994e+01	-3.466352e+02
1.090000e-06	-4.254980e-06	-1.283470e-09	-2.292866e+01	-3.446798e+02
1.100000e-06	-4.205952e-06	-1.274361e-09	-2.266446e+01	-3.426993e+02
1.110000e-06	-4.156472e-06	-1.265633e-09	-2.239783e+01	-3.406941e+02
1.120000e-06	-4.106692e-06	-1.257960e-09	-2.212959e+01	-3.386646e+02
1.130000e-06	-4.056451e-06	-1.250675e-09	-2.185885e+01	-3.366110e+02
1.140000e-06	-4.005801e-06	-1.242831e-09	-2.158592e+01	-3.345335e+02
1.150000e-06	-3.954718e-06	-1.234341e-09	-2.131065e+01	-3.324321e+02
1.160000e-06	-3.903303e-06	-1.225357e-09	-2.103359e+01	-3.303070e+02
1.170000e-06	-3.851686e-06	-1.216228e-09	-2.075545e+01	-3.281580e+02
1.180000e-06	-3.799774e-06	-1.208522e-09	-2.047571e+01	-3.259848e+02
1.190000e-06	-3.747573e-06	-1.200702e-09	-2.019441e+01	-3.237872e+02
1.200000e-06	-3.695002e-06	-1.191707e-09	-1.991113e+01	-3.215649e+02
1.210000e-06	-3.641974e-06	-1.183469e-09	-1.962538e+01	-3.193173e+02
1.220000e-06	-3.588685e-06	-1.176941e-09	-1.933822e+01	-3.170439e+02
1.230000e-06	-3.535145e-06	-1.169780e-09	-1.904971e+01	-3.147443e+02
1.240000e-06	-3.481319e-06	-1.160569e-09	-1.875966e+01	-3.124177e+02
1.250000e-06	-3.427298e-06	-1.150293e-09	-1.846856e+01	-3.100634e+02
1.260000e-06	-3.373090e-06	-1.140295e-09	-1.817645e+01	-3.076809e+02
1.270000e-06	-3.318826e-06	-1.131295e-09	-1.788404e+01	-3.052694e+02
1.280000e-06	-3.264491e-06	-1.122403e-09	-1.759125e+01	-3.028282e+02
1.290000e-06	-3.209917e-06	-1.112544e-09	-1.729717e+01	-3.003566e+02
1.300000e-06	-3.155091e-06	-1.102245e-09	-1.700173e+01	-2.978539e+02
1.310000e-06	-3.099969e-06	-1.092381e-09	-1.670469e+01	-2.953196e+02
1.320000e-06	-3.044589e-06	-1.082515e-09	-1.640627e+01	-2.927530e+02
1.330000e-06	-2.989038e-06	-1.071802e-09	-1.610692e+01	-2.901535e+02
1.340000e-06	-2.933336e-06	-1.061000e-09	-1.580676e+01	-2.875207e+02
1.350000e-06	-2.877545e-06	-1.050283e-09	-1.550613e+01	-2.848541e+02
1.360000e-06	-2.821585e-06	-1.039502e-09	-1.520458e+01	-2.821532e+02
1.370000e-06	-2.765394e-06	-1.030253e-09	-1.490178e+01	-2.794177e+02
1.380000e-06	-2.709013e-06	-1.021451e-09	-1.459796e+01	-2.766473e+02
1.390000e-06	-2.652364e-06	-1.011484e-09	-1.429270e+01	-2.738416e+02
1.400000e-06	-2.595577e-06	-1.000181e-09	-1.398670e+01	-2.710004e+02
1.410000e-06	-2.538635e-06	-9.893597e-10	-1.367985e+01	-2.681234e+02
1.420000e-06	-2.481501e-06	-9.787880e-10	-1.337198e+01	-2.652103e+02
1.430000e-06	-2.424088e-06	-9.666899e-10	-1.306260e+01	-2.622608e+02
1.440000e-06	-2.366310e-06	-9.547516e-10	-1.275125e+01	-2.592745e+02
1.450000e-06	-2.308270e-06	-9.447349e-10	-1.243849e+01	-2.562512e+02
1.460000e-06	-2.249928e-06	-9.354045e-10	-1.212411e+01	-2.531902e+02
1.470000e-06	-2.191308e-06	-9.241018e-10	-1.180823e+01	-2.500912e+02
1.480000e-06	-2.132496e-06	-9.113140e-10	-1.149131e+01	-2.469532e+02
1.490000e-06	-2.073505e-06	-8.984241e-10	-1.117343e+01	-2.437757e+02
1.500000e-06	-2.014331e-06	-8.855257e-10	-1.085455e+01	-2.405577e+02
1.510000e-06	-1.954991e-06	-8.736174e-10	-1.053479e+01	-2.372980e+02
1.520000e-06	-1.895505e-06	-8.617772e-10	-1.021424e+01	-2.339954e+02
1.530000e-06	-1.835974e-06	-8.492580e-10	-9.893448e+00	-2.306484e+02
1.540000e-06	-1.776402e-06	-8.363573e-10	-9.572433e+00	-2.272556e+02
1.550000e-06	-1.716725e-06	-8.236980e-10	-9.250854e+00	-2.238149e+02
1.560000e-06	-1.657006e-06	-8.117703e-10	-8.929050e+00	-2.203246e+02
1.570000e-06	-1.597274e-06	-7.987994e-10	-8.607176e+00	-2.167823e+02
1.580000e-06	-1.537404e-06	-7.856949e-10	-8.284554e+00	-2.131857e+02
1.590000e-06	-1.477481e-06	-7.736000e-10	-7.961647e+00	-2.095324e+02
1.600000e-06	-1.417517e-06	-7.616677e-10	-7.638524e+00	-2.058196e+02
1.610000e-06	-1.357319e-06	-7.488995e-10	-7.314136e+00	-2.020446e+02
1.620000e-06	-1.297077e-06	-7.341801e-10	-6.989516e+00	-1.982045e+02
1.630000e-06	-1.236916e-06	-7.190451e-10	-6.665327e+00	-1.942962e+02
1.640000e-06	-1.176614e-06	-7.038712e-10	-6.340380e+00	-1.903169e+02
1.650000e-06	-1.116173e-06	-6.889184e-10	-6.014681e+00	-1.862634e+02
1.660000e-06	-1.055710e-06	-6.748067e-10	-5.688869e+00	-1.821328e+02
1.670000e-06	-9.952304e-07	-6.598280e-10	-5.362963e+00	-1.779220e+02
1.680000e-06	-9.346760e-07	-6.442698e-10	-5.036655e+00	-1.736284e+02
1.690000e-06	-8.741091e-07	-6.295301e-10	-4.710281e+00	-1.692491e+02
1.700000e-06	-8.134335e-07	-6.149948e-10	-4.383320e+00	-1.647817e+02
1.710000e-06	-7.526257e-07	-5.995815e-10	-4.055648e+00	-1.602238e+02
1.720000e-06	-6.918035e-07	-5.832527e-10	-3.727897e+00	-1.555735e+02
1.730000e-06	-6.309338e-07	-5.663971e-10	-3.399891e+00	-1.508290e+02
1.740000e-06	-5.699126e-07	-5.496898e-10	-3.071068e+00	-1.459890e+02
1.750000e-06	-5.088908e-07	-5.325381e-10	-2.742242e+00	-1.410524e+02
1.760000e-06	-4.478408e-07	-5.145324e-10	-2.413264e+00	-1.360188e+02
1.770000e-06	-3.866730e-07	-4.950225e-10	-2.083651e+00	-1.308879e+02
1.780000e-06	-3.255448e-07	-4.735885e-10	-1.754252e+00	-1.256601e+02
1.790000e-06	-2.644181e-07	-4.527483e-10	-1.424860e+00	-1.203362e+02
1.800000e-06	-2.032745e-07	-4.335537e-10	-1.095378e+00	-1.149175e+02
1.810000e-06	-1.421227e-07	-4.137077e-10	-7.658516e-01	-1.094058e+02
1.820000e-06	-8.091991e-08	-3.913964e-10	-4.360503e-01	-1.038035e+02
1.830000e-06	-1.969488e-08	-3.682221e-10	-1.061291e-01	-9.811340e+01
1.840000e-06	4.158627e-08	-3.466043e-10	2.240945e-01	-9.233878e+01
1.850000e-06	1.028607e-07	-3.264699e-10	5.542819e-01	-8.648349e+01
1.860000e-06	1.639337e-07	-3.057202e-10	8.833840e-01	-8.055182e+01
1.870000e-06	2.249923e-07	-2.818712e-10	1.212408e+00	-7.454850e+01
1.880000e-06	2.861004e-07	-2.560767e-10	1.541699e+00	-6.847866e+01
1.890000e-06	3.472167e-07	-2.315985e-10	1.871034e+00	-6.234783e+01
1.900000e-06	4.083479e-07	-2.076953e-10	2.200450e+00	-5.616187e+01
1.910000e-06	4.693721e-07	-1.845691e-10	2.529289e+00	-4.992692e+01
1.920000e-06	5.303009e-07	-1.619016e-10	2.857614e+00	-4.364938e+01
1.930000e-06	5.912106e-07	-1.372444e-10	3.185836e+00	-3.733587e+01
1.940000e-06	6.520491e-07	-1.116347e-10	3.513674e+00	-3.099312e+01
1.950000e-06	7.128306e-07	-8.601878e-11	3.841205e+00	-2.462799e+01
1.960000e-06	7.737098e-07	-6.035178e-11	4.169263e+00	-1.824737e+01
1.970000e-06	8.345627e-07	-3.452983e-11	4.497179e+00	-1.185814e+01
1.980000e-06	8.952386e-07	-9.381719e-12	4.824141e+00	-5.467120e+00
1.990000e-06	9.557283e-07	1.449226e-11	5.150099e+00	9.189961e-01
2.000000e-06	1.016238e-06	3.954630e-11	5.476168e+00	7.293666e+00
2.010000e-06	1.076825e-06	6.506475e-11	5.802648e+00	1.365056e+01
2.020000e-06	1.137365e-06	8.979986e-11	6.128881e+00	1.998362e+01
2.030000e-06	1.197791e-06	1.153673e-10	6.454495e+00	2.628705e+01
2.040000e-06	1.258098e-06	1.400878e-10	6.779466e+00	3.255541e+01
2.050000e-06	1.318350e-06	1.625027e-10	7.104149e+00	3.878362e+01
2.060000e-06	1.378403e-06	1.843873e-10	7.427751e+00	4.496699e+01
2.070000e-06	1.438373e-06	2.072877e-10	7.750912e+00	5.110123e+01
2.080000e-06	1.498322e-06	2.314496e-10	8.073955e+00	5.718248e+01
2.090000e-06	1.558104e-06	2.556344e-10	8.396098e+00	6.320733e+01
2.100000e-06	1.617814e-06	2.793964e-10	8.717856e+00	6.917280e+01
2.110000e-06	1.677448e-06	3.018204e-10	9.039205e+00	7.507635e+01
2.120000e-06	1.736988e-06	3.218550e-10	9.360047e+00	8.091589e+01
2.130000e-06	1.796527e-06	3.419868e-10	9.680881e+00	8.668975e+01
2.140000e-06	1.856027e-06	3.628037e-10	1.000151e+01	9.239667e+01
2.150000e-06	1.915386e-06	3.839696e-10	1.032138e+01	9.803579e+01
2.160000e-06	1.974628e-06	4.049986e-10	1.064061e+01	1.036066e+02
2.170000e-06	2.033799e-06	4.246148e-10	1.095946e+01	1.091090e+02
2.180000e-06	2.092812e-06	4.422524e-10	1.127746e+01	1.145431e+02
2.190000e-06	2.151647e-06	4.605755e-10	1.159450e+01	1.199093e+02
2.200000e-06	2.210354e-06	4.822584e-10	1.191086e+01	1.252084e+02
2.210000e-06	2.268957e-06	5.025103e-10	1.222665e+01	1.304413e+02
2.220000e-06	2.327343e-06	5.202474e-10	1.254127e+01	1.356090e+02
2.230000e-06	2.385312e-06	5.393073e-10	1.285364e+01	1.407127e+02
2.240000e-06	2.442847e-06	5.580036e-10	1.316369e+01	1.457537e+02
2.250000e-06	2.500054e-06	5.754730e-10	1.347195e+01	1.507335e+02
2.260000e-06	2.556978e-06	5.927030e-10	1.377870e+01	1.556535e+02
2.270000e-06	2.613582e-06	6.082531e-10	1.408372e+01	1.605150e+02
2.280000e-06	2.670071e-06	6.234868e-10	1.438812e+01	1.653194e+02
2.290000e-06	2.726416e-06	6.405268e-10	1.469174e+01	1.700681e+02
2.300000e-06	2.782442e-06	6.587016e-10	1.499365e+01	1.747622e+02
2.310000e-06	2.838290e-06	6.758184e-10	1.529459e+01	1.794030e+02
2.320000e-06	2.893986e-06	6.908262e-10	1.559472e+01	1.839914e+02
2.330000e-06	2.949533e-06	7.054947e-10	1.589405e+01	1.885282e+02
2.340000e-06	3.004968e-06	7.215207e-10	1.619276e+01	1.930142e+02
2.350000e-06	3.060268e-06	7.388386e-10	1.649076e+01	1.974499e+02
2.360000e-06	3.115381e-06	7.554699e-10	1.678775e+01	2.018357e+02
2.370000e-06	3.170369e-06	7.699339e-10	1.708405e+01	2.061717e+02
2.380000e-06	3.225149e-06	7.840643e-10	1.737925e+01	2.104581e+02
2.390000e-06	3.279625e-06	7.996764e-10	1.767280e+01	2.146948e+02
2.400000e-06	3.333984e-06	8.154737e-10	1.796572e+01	2.188814e+02
2.410000e-06	3.388128e-06	8.305286e-10	1.825749e+01	2.230175e+02
2.420000e-06	3.441968e-06	8.456592e-10	1.854761e+01	2.271027e+02
2.430000e-06	3.495540e-06	8.609302e-10	1.883630e+01	2.311363e+02
2.440000e-06	3.548884e-06	8.769286e-10	1.912375e+01	2.351176e+02
2.450000e-06	3.601946e-06	8.934691e-10	1.940968e+01	2.390457e+02
2.460000e-06	3.654767e-06	9.082274e-10	1.969431e+01	2.429197e+02
2.470000e-06	3.707413e-06	9.207050e-10	1.997800e+01	2.467389e+02
2.480000e-06	3.759583e-06	9.336214e-10	2.025913e+01	2.505022e+02
2.490000e-06	3.811419e-06	9.483855e-10	2.053846e+01	2.542088e+02
2.500000e-06	3.863040e-06	9.635068e-10	2.081663e+01	2.578578e+02
2.510000e-06	3.914439e-06	9.772346e-10	2.109360e+01	2.614483e+02
2.520000e-06	3.965450e-06	9.897488e-10	2.136848e+01	2.649796e+02
2.530000e-06	4.015955e-06	1.002385e-09	2.164063e+01	2.684509e+02
2.540000e-06	4.066081e-06	1.015741e-09	2.191075e+01	2.718617e+02
2.550000e-06	4.115750e-06	1.029521e-09	2.217840e+01	2.752114e+02
2.560000e-06	4.165018e-06	1.042245e-09	2.244388e+01	2.784997e+02
2.570000e-06	4.213822e-06	1.054053e-09	2.270688e+01	2.817263e+02
2.580000e-06	4.262148e-06	1.066826e-09	2.296729e+01	2.848911e+02
2.590000e-06	4.310195e-06	1.079075e-09	2.322619e+01	2.879942e+02
2.600000e-06	4.358037e-06	1.089078e-09	2.348400e+01	2.910357e+02
2.610000e-06	4.405629e-06	1.098687e-09	2.374046e+01	2.940159e+02
2.620000e-06	4.452979e-06	1.109048e-09	2.399561e+01	2.969353e+02
2.630000e-06	4.499995e-06	1.120400e-09	2.424896e+01	2.997946e+02
2.640000e-06	4.546641e-06	1.133009e-09	2.450032e+01	3.025944e+02
2.650000e-06	4.593003e-06	1.145494e-09	2.475015e+01	3.053356e+02
2.660000e-06	4.639078e-06	1.156208e-09	2.499844e+01	3.080194e+02
2.670000e-06	4.684889e-06	1.165094e-09	2.524530e+01	3.106468e+02
2.680000e-06	4.730403e-06	1.172733e-09	2.549056e+01	3.132190e+02
2.690000e-06	4.775513e-06	1.180885e-09	2.573364e+01	3.157373e+02
2.700000e-06	4.820234e-06	1.190526e-09	2.597462e+01	3.182033e+02
2.710000e-06	4.864680e-06	1.200486e-09	2.621413e+01	3.206184e+02
2.720000e-06	4.908855e-06	1.211128e-09	2.645218e+01	3.229840e+02
2.730000e-06	4.952774e-06	1.222407e-09	2.668884e+01	3.253019e+02
2.740000e-06	4.996464e-06	1.232632e-09	2.692427e+01	3.275737e+02
2.750000e-06	5.039972e-06	1.241037e-09	2.715872e+01	3.298010e+02
2.760000e-06	5.083174e-06	1.247703e-09	2.739152e+01	3.319853e+02
2.770000e-06	5.125860e-06	1.253732e-09	2.762154e+01	3.341285e+02
2.780000e-06	5.167970e-06	1.260812e-09	2.784846e+01	3.362321e+02
2.790000e-06	5.209353e-06	1.269143e-09	2.807146e+01	3.382978e+02
2.800000e-06	5.250093e-06	1.277222e-09	2.829099e+01	3.403270e+02
2.810000e-06	5.290368e-06	1.284877e-09	2.850802e+01	3.423213e+02
2.820000e-06	5.330379e-06	1.292315e-09	2.872363e+01	3.442823e+02
2.830000e-06	5.370162e-06	1.299930e-09	2.893800e+01	3.462112e+02
2.840000e-06	5.409626e-06	1.306951e-09	2.915066e+01	3.481094e+02
2.850000e-06	5.448892e-06	1.312915e-09	2.936225e+01	3.499783e+02
2.860000e-06	5.487863e-06	1.319627e-09	2.957225e+01	3.518190e+02
2.870000e-06	5.526299e-06	1.326655e-09	2.977937e+01	3.536326e+02
2.880000e-06	5.564281e-06	1.333419e-09	2.998405e+01	3.554202e+02
2.890000e-06	5.601984e-06	1.340213e-09	3.018721e+01	3.571827e+02
2.900000e-06	5.639281e-06	1.346533e-09	3.038819e+01	3.589210e+02
2.910000e-06	5.676100e-06	1.353243e-09	3.058660e+01	3.606359e+02
2.920000e-06	5.712528e-06	1.362132e-09	3.078290e+01	3.623282e+02
2.930000e-06	5.748605e-06	1.370970e-09	3.097731e+01	3.639984e+02
2.940000e-06	5.784399e-06	1.377291e-09	3.117019e+01	3.656472e+02
2.950000e-06	5.820013e-06	1.382587e-09	3.136210e+01	3.672750e+02
2.960000e-06	5.855385e-06	1.388011e-09	3.155270e+01	3.688823e+02
2.970000e-06	5.890298e-06	1.393733e-09	3.174084e+01	3.704695e+02
2.980000e-06	5.924570e-06	1.399392e-09	3.192552e+01	3.720368e+02
2.990000e-06	5.958053e-06	1.405462e-09	3.210595e+01	3.735845e+02
3.000000e-06	5.990832e-06	1.412104e-09	3.228259e+01	3.751128e+02
3.010000e-06	6.023143e-06	1.419195e-09	3.245670e+01	3.766218e+02
3.020000e-06	6.055087e-06	1.426724e-09	3.262884e+01	3.781117e+02
3.030000e-06	6.086692e-06	1.432017e-09	3.279914e+01	3.795824e+02
3.040000e-06	6.117910e-06	1.434894e-09	3.296737e+01	3.810340e+02
3.050000e-06	6.148793e-06	1.439578e-09	3.313378e+01	3.824665e+02
3.060000e-06	6.179349e-06	1.446843e-09	3.329844e+01	3.838799e+02
3.070000e-06	6.209463e-06	1.453648e-09	3.346072e+01	3.852739e+02
3.080000e-06	6.239159e-06	1.459626e-09	3.362074e+01	3.866486e+02
3.090000e-06	6.268476e-06	1.465975e-09	3.377872e+01	3.880038e+02
3.100000e-06	6.297343e-06	1.471557e-09	3.393427e+01	3.893393e+02
3.110000e-06	6.325694e-06	1.476342e-09	3.408705e+01	3.906551e+02
3.120000e-06	6.353680e-06	1.481509e-09	3.423785e+01	3.919508e+02
3.130000e-06	6.381475e-06	1.487140e-09	3.438763e+01	3.932263e+02
3.140000e-06	6.408956e-06	1.491642e-09	3.453571e+01	3.944815e+02
3.150000e-06	6.435801e-06	1.495309e-09	3.468037e+01	3.957161e+02
3.160000e-06	6.462079e-06	1.499306e-09	3.482198e+01	3.969299e+02
3.170000e-06	6.487863e-06	1.504582e-09	3.496092e+01	3.981227e+02
3.180000e-06	6.512976e-06	1.510191e-09	3.509625e+01	3.992943e+02
3.190000e-06	6.537435e-06	1.514912e-09	3.522805e+01	4.004445e+02
3.200000e-06	6.561436e-06	1.520144e-09	3.535738e+01	4.015730e+02
3.210000e-06	6.585036e-06	1.524727e-09	3.548455e+01	4.026798e+02
3.220000e-06	6.608094e-06	1.528346e-09	3.560880e+01	4.037645e+02
3.230000e-06	6.630657e-06	1.532480e-09	3.573039e+01	4.048271e+02
3.240000e-06	6.652838e-06	1.536587e-09	3.584991e+01	4.058674e+02
3.250000e-06	6.674458e-06	1.540691e-09	3.596642e+01	4.068852e+02
3.260000e-06	6.695567e-06	1.546082e-09	3.608017e+01	4.078804e+02
3.270000e-06	6.716316e-06	1.552377e-09	3.619197e+01	4.088529e+02
3.280000e-06	6.736679e-06	1.558368e-09	3.630170e+01	4.098027e+02
3.290000e-06	6.756747e-06	1.562625e-09	3.640985e+01	4.107297e+02
3.300000e-06	6.776414e-06	1.565842e-09	3.651582e+01	4.116338e+02
3.310000e-06	6.795588e-06	1.569099e-09	3.661915e+01	4.125150e+02
3.320000e-06	6.814163e-06	1.572776e-09	3.671924e+01	4.133733e+02
3.330000e-06	6.832226e-06	1.576970e-09	3.681658e+01	4.142088e+02
3.340000e-06	6.849962e-06	1.581817e-09	3.691215e+01	4.150216e+02
3.350000e-06	6.867250e-06	1.585881e-09	3.700531e+01	4.158116e+02
3.360000e-06	6.883991e-06	1.588061e-09	3.709552e+01	4.165791e+02
3.370000e-06	6.900215e-06	1.589924e-09	3.718295e+01	4.173241e+02
3.380000e-06	6.915879e-06	1.591870e-09	3.726736e+01	4.180469e+02
3.390000e-06	6.930984e-06	1.595372e-09	3.734875e+01	4.187475e+02
3.400000e-06	6.945614e-06	1.601541e-09	3.742759e+01	4.194262e+02
3.410000e-06	6.959670e-06	1.608481e-09	3.750333e+01	4.200832e+02
3.420000e-06	6.973182e-06	1.613564e-09	3.757614e+01	4.207186e+02
3.430000e-06	6.986275e-06	1.615823e-09	3.764669e+01	4.213328e+02
3.440000e-06	6.998887e-06	1.615991e-09	3.771466e+01	4.219260e+02
3.450000e-06	7.010986e-06	1.616574e-09	3.777986e+01	4.224984e+02
3.460000e-06	7.022505e-06	1.618974e-09	3.784192e+01	4.230502e+02
3.470000e-06	7.033346e-06	1.621817e-09	3.790034e+01	4.235817e+02
3.480000e-06	7.043515e-06	1.624790e-09	3.795514e+01	4.240932e+02
3.490000e-06	7.052954e-06	1.628883e-09	3.800601e+01	4.245849e+02
3.500000e-06	7.061707e-06	1.633408e-09	3.805317e+01	4.250570e+02
3.510000e-06	7.069924e-06	1.637356e-09	3.809745e+01	4.255098e+02
3.520000e-06	7.077705e-06	1.639449e-09	3.813938e+01	4.259435e+02
3.530000e-06	7.085085e-06	1.639037e-09	3.817915e+01	4.263582e+02
3.540000e-06	7.091960e-06	1.638887e-09	3.821619e+01	4.267543e+02
3.550000e-06	7.098300e-06	1.640667e-09	3.825036e+01	4.271318e+02
3.560000e-06	7.104183e-06	1.643202e-09	3.828206e+01	4.274909e+02
3.570000e-06	7.109602e-06	1.645981e-09	3.831126e+01	4.278319e+02
3.580000e-06	7.114497e-06	1.649047e-09	3.833764e+01	4.281547e+02
3.590000e-06	7.118924e-06	1.652204e-09	3.836149e+01	4.284596e+02
3.600000e-06	7.123039e-06	1.654213e-09	3.838367e+01	4.287466e+02
3.610000e-06	7.126782e-06	1.655557e-09	3.840384e+01	4.290159e+02
3.620000e-06	7.129947e-06	1.656304e-09	3.842089e+01	4.292675e+02
3.630000e-06	7.132671e-06	1.655409e-09	3.843558e+01	4.295016e+02
3.640000e-06	7.134858e-06	1.655551e-09	3.844736e+01	4.297181e+02
3.650000e-06	7.136225e-06	1.659019e-09	3.845473e+01	4.299172e+02
3.660000e-06	7.136928e-06	1.663052e-09	3.845851e+01	4.300989e+02
3.670000e-06	7.137204e-06	1.664841e-09	3.846000e+01	4.302634e+02
3.680000e-06	7.137004e-06	1.665994e-09	3.845892e+01	4.304105e+02
3.690000e-06	7.136283e-06	1.667051e-09	3.845504e+01	4.305406e+02
3.700000e-06	7.135189e-06	1.667965e-09	3.844914e+01	4.306535e+02
3.710000e-06	7.133617e-06	1.669808e-09	3.844067e+01	4.307494e+02
3.720000e-06	7.131594e-06	1.671884e-09	3.842977e+01	4.308284e+02
3.730000e-06	7.129131e-06	1.673462e-09	3.841650e+01	4.308905e+02
3.740000e-06	7.126151e-06	1.681319e-09	3.840044e+01	4.309359e+02
3.750000e-06	7.122748e-06	1.699123e-09	3.838210e+01	4.309647e+02
3.760000e-06	7.118702e-06	1.685268e-09	3.836030e+01	4.309770e+02
3.770000e-06	7.113705e-06	1.626677e-09	3.833337e+01	4.309728e+02
3.780000e-06	7.108018e-06	1.649238e-09	3.830273e+01	4.309525e+02
3.790000e-06	7.102057e-06	1.732641e-09	3.827061e+01	4.309160e+02
3.800000e-06	7.095746e-06	1.722628e-09	3.823660e+01	4.308635e+02
3.810000e-06	7.088869e-06	1.644753e-09	3.819954e+01	4.307951e+02
3.820000e-06	7.081541e-06	1.648138e-09	3.816005e+01	4.307110e+02
3.830000e-06	7.073880e-06	1.741554e-09	3.811877e+01	4.306113e+02
3.840000e-06	7.065748e-06	1.724678e-09	3.807495e+01	4.304961e+02
3.850000e-06	7.056990e-06	1.605009e-09	3.802776e+01	4.303655e+02
3.860000e-06	7.047675e-06	1.634673e-09	3.797756e+01	4.302195e+02
3.870000e-06	7.038025e-06	1.771023e-09	3.792556e+01	4.300583e+02
3.880000e-06	7.028028e-06	1.742197e-09	3.787169e+01	4.298818e+02
3.890000e-06	7.017418e-06	1.617548e-09	3.781451e+01	4.296901e+02
3.900000e-06	7.006157e-06	1.658200e-09	3.775383e+01	4.294831e+02
3.910000e-06	6.994390e-06	1.756048e-09	3.769042e+01	4.292609e+02
3.920000e-06	6.982026e-06	1.685505e-09	3.762380e+01	4.290233e+02
3.930000e-06	6.968856e-06	1.620141e-09	3.755283e+01	4.287702e+02
3.940000e-06	6.955062e-06	1.716762e-09	3.747850e+01	4.285016e+02
3.950000e-06	6.940604e-06	1.749966e-09	3.740059e+01	4.282172e+02
3.960000e-06	6.925469e-06	1.645737e-09	3.731903e+01	4.279169e+02
3.970000e-06	6.909948e-06	1.652918e-09	3.723539e+01	4.276004e+02
3.980000e-06	6.894065e-06	1.740907e-09	3.714981e+01	4.272676e+02
3.990000e-06	6.877545e-06	1.675581e-09	3.706079e+01	4.269181e+02
4.000000e-06	6.860319e-06	1.617948e-09	3.696796e+01	4.265518e+02
4.010000e-06	6.842738e-06	1.724647e-09	3.687322e+01	4.261683e+02
4.020000e-06	6.824834e-06	1.743578e-09	3.677674e+01	4.257673e+02
4.030000e-06	6.806516e-06	1.628472e-09	3.667803e+01	4.253486e+02
4.040000e-06	6.787738e-06	1.652829e-09	3.657685e+01	4.249119e+02
4.050000e-06	6.768499e-06	1.741195e-09	3.647317e+01	4.244570e+02
4.060000e-06	6.748797e-06	1.670899e-09	3.636700e+01	4.239836e+02
4.070000e-06	6.728649e-06	1.631357e-09	3.625843e+01	4.234916e+02
4.080000e-06	6.708085e-06	1.722601e-09	3.614762e+01	4.229806e+02
4.090000e-06	6.687046e-06	1.707244e-09	3.603425e+01	4.224507e+02
4.100000e-06	6.665421e-06	1.632188e-09	3.591772e+01	4.219017e+02
4.110000e-06	6.643191e-06	1.687620e-09	3.579793e+01	4.213336e+02
4.120000e-06	6.620458e-06	1.712071e-09	3.567543e+01	4.207464e+02
4.130000e-06	6.597192e-06	1.634660e-09	3.555005e+01	4.201402e+02
4.140000e-06	6.573367e-06	1.655495e-09	3.542167e+01	4.195150e+02
4.150000e-06	6.549073e-06	1.716076e-09	3.529076e+01	4.188710e+02
4.160000e-06	6.524357e-06	1.662799e-09	3.515757e+01	4.182086e+02
4.170000e-06	6.499173e-06	1.637635e-09	3.502186e+01	4.175279e+02
4.180000e-06	6.473544e-06	1.686023e-09	3.488376e+01	4.168293e+02
4.190000e-06	6.447492e-06	1.666050e-09	3.474337e+01	4.161133e+02
4.200000e-06	6.420968e-06	1.637910e-09	3.460045e+01	4.153801e+02
4.210000e-06	6.393934e-06	1.672991e-09	3.445476e+01	4.146303e+02
4.220000e-06	6.366498e-06	1.671259e-09	3.430692e+01	4.138644e+02
4.230000e-06	6.338754e-06	1.642680e-09	3.415742e+01	4.130828e+02
4.240000e-06	6.310612e-06	1.654054e-09	3.400577e+01	4.122861e+02
4.250000e-06	6.282013e-06	1.657094e-09	3.385166e+01	4.114748e+02
4.260000e-06	6.252888e-06	1.641701e-09	3.369471e+01	4.106494e+02
4.270000e-06	6.223131e-06	1.642925e-09	3.353437e+01	4.098104e+02
4.280000e-06	6.192729e-06	1.642820e-09	3.337054e+01	4.089582e+02
4.290000e-06	6.161828e-06	1.642513e-09	3.320403e+01	4.080932e+02
4.300000e-06	6.130479e-06	1.645944e-09	3.303510e+01	4.072158e+02
4.310000e-06	6.098663e-06	1.632946e-09	3.286365e+01	4.063262e+02
4.320000e-06	6.066465e-06	1.627948e-09	3.269014e+01	4.054246e+02
4.330000e-06	6.033848e-06	1.634498e-09	3.251439e+01	4.045112e+02
4.340000e-06	6.000705e-06	1.623126e-09	3.233579e+01	4.035860e+02
4.350000e-06	5.967212e-06	1.621027e-09	3.215531e+01	4.026490e+02
4.360000e-06	5.933354e-06	1.632393e-09	3.197286e+01	4.016999e+02
4.370000e-06	5.899021e-06	1.617965e-09	3.178785e+01	4.007385e+02
4.380000e-06	5.864384e-06	1.607278e-09	3.160120e+01	3.997644e+02
4.390000e-06	5.829356e-06	1.619226e-09	3.141244e+01	3.987772e+02
4.400000e-06	5.793944e-06	1.612906e-09	3.122162e+01	3.977763e+02
4.410000e-06	5.758250e-06	1.600326e-09	3.102928e+01	3.967610e+02
4.420000e-06	5.722189e-06	1.606830e-09	3.083496e+01	3.957305e+02
4.430000e-06	5.685680e-06	1.605730e-09	3.063822e+01	3.946839e+02
4.440000e-06	5.648742e-06	1.596003e-09	3.043917e+01	3.936204e+02
4.450000e-06	5.611417e-06	1.596464e-09	3.023804e+01	3.925390e+02
4.460000e-06	5.573615e-06	1.594340e-09	3.003434e+01	3.914386e+02
4.470000e-06	5.535291e-06	1.586722e-09	2.982783e+01	3.903181e+02
4.480000e-06	5.496450e-06	1.585906e-09	2.961853e+01	3.891765e+02
4.490000e-06	5.457155e-06	1.585302e-09	2.940678e+01	3.880125e+02
4.500000e-06	5.417508e-06	1.579995e-09	2.919313e+01	3.868252e+02
4.510000e-06	5.377455e-06	1.573838e-09	2.897730e+01	3.856133e+02
4.520000e-06	5.337037e-06	1.567158e-09	2.875950e+01	3.843758e+02
4.530000e-06	5.296248e-06	1.563467e-09	2.853971e+01	3.831118e+02
4.540000e-06	5.255064e-06	1.561783e-09	2.831778e+01	3.818202e+02
4.550000e-06	5.213685e-06	1.556519e-09	2.809480e+01	3.805002e+02
4.560000e-06	5.171979e-06	1.550546e-09	2.787006e+01	3.791509e+02
4.570000e-06	5.129758e-06	1.546820e-09	2.764255e+01	3.777717e+02
4.580000e-06	5.087191e-06	1.542371e-09	2.741316e+01	3.763619e+02
4.590000e-06	5.044274e-06	1.536731e-09	2.718190e+01	3.749211e+02
4.600000e-06	5.000918e-06	1.531610e-09	2.694827e+01	3.734489e+02
4.610000e-06	4.957245e-06	1.527135e-09	2.671293e+01	3.719451e+02
4.620000e-06	4.913302e-06	1.522572e-09	2.647614e+01	3.704094e+02
4.630000e-06	4.869015e-06	1.517324e-09	2.623749e+01	3.688418e+02
4.640000e-06	4.824437e-06	1.510351e-09	2.599727e+01	3.672425e+02
4.650000e-06	4.779741e-06	1.501834e-09	2.575642e+01	3.656116e+02
4.660000e-06	4.734762e-06	1.493614e-09	2.551404e+01	3.639494e+02
4.670000e-06	4.689482e-06	1.488149e-09	2.527004e+01	3.622562e+02
4.680000e-06	4.643860e-06	1.483003e-09	2.502420e+01	3.605325e+02
4.690000e-06	4.597640e-06	1.475783e-09	2.477514e+01	3.587789e+02
4.700000e-06	4.551037e-06	1.467732e-09	2.452401e+01	3.569959e+02
4.710000e-06	4.504309e-06	1.460736e-09	2.427221e+01	3.551840e+02
4.720000e-06	4.457315e-06	1.454638e-09	2.401898e+01	3.533439e+02
4.730000e-06	4.410002e-06	1.448050e-09	2.376402e+01	3.514763e+02
4.740000e-06	4.362374e-06	1.440832e-09	2.350737e+01	3.495817e+02
4.750000e-06	4.314368e-06	1.433115e-09	2.324868e+01	3.476607e+02
4.760000e-06	4.266052e-06	1.425197e-09	2.298832e+01	3.457140e+02
4.770000e-06	4.217321e-06	1.418141e-09	2.272573e+01	3.437419e+02
4.780000e-06	4.168132e-06	1.411144e-09	2.246067e+01	3.417451e+02
4.790000e-06	4.118622e-06	1.402245e-09	2.219387e+01	3.397238e+02
4.800000e-06	4.068821e-06	1.392661e-09	2.192551e+01	3.376783e+02
4.810000e-06	4.018592e-06	1.383985e-09	2.165485e+01	3.356089e+02
4.820000e-06	3.967959e-06	1.375756e-09	2.138200e+01	3.335156e+02
4.830000e-06	3.917062e-06	1.367039e-09	2.110774e+01	3.313986e+02
4.840000e-06	3.865894e-06	1.357771e-09	2.083201e+01	3.292576e+02
4.850000e-06	3.814554e-06	1.348776e-09	2.055535e+01	3.270927e+02
4.860000e-06	3.763161e-06	1.339826e-09	2.027841e+01	3.249034e+02
4.870000e-06	3.711548e-06	1.330039e-09	2.000029e+01	3.226895e+02
4.880000e-06	3.659508e-06	1.320466e-09	1.971986e+01	3.204505e+02
4.890000e-06	3.607073e-06	1.310803e-09	1.943731e+01	3.181860e+02
4.900000e-06	3.554294e-06	1.300331e-09	1.915290e+01	3.158953e+02
4.910000e-06	3.501140e-06	1.291096e-09	1.886647e+01	3.135779e+02
4.920000e-06	3.447561e-06	1.283018e-09	1.857775e+01	3.112331e+02
4.930000e-06	3.393629e-06	1.273203e-09	1.828713e+01	3.088602e+02
4.940000e-06	3.339488e-06	1.262073e-09	1.799538e+01	3.064586e+02
4.950000e-06	3.285028e-06	1.251653e-09	1.770192e+01	3.040275e+02
4.960000e-06	3.230285e-06	1.241998e-09	1.740693e+01	3.015662e+02
4.970000e-06	3.175244e-06	1.231661e-09	1.711032e+01	2.990741e+02
4.980000e-06	3.119822e-06	1.220801e-09	1.681168e+01	2.965506e+02
4.990000e-06	3.064165e-06	1.210275e-09	1.651176e+01	2.939949e+02
5.000000e-06	3.008336e-06	1.200123e-09	1.621092e+01	2.914066e+02
5.010000e-06	2.952304e-06	1.190042e-09	1.590898e+01	2.887851e+02
5.020000e-06	2.896064e-06	1.179808e-09	1.560592e+01	2.861299e+02
5.030000e-06	2.839621e-06	1.169335e-09	1.530176e+01	2.834407e+02
5.040000e-06	2.782950e-06	1.157922e-09	1.499638e+01	2.807169e+02
5.050000e-06	2.726132e-06	1.145819e-09	1.469021e+01	2.779583e+02
5.060000e-06	2.669208e-06	1.133407e-09	1.438347e+01	2.751645e+02
5.070000e-06	2.612191e-06	1.120596e-09	1.407622e+01	2.723353e+02
5.080000e-06	2.554986e-06	1.108650e-09	1.376796e+01	2.694704e+02
5.090000e-06	2.497588e-06	1.098222e-09	1.345866e+01	2.665695e+02
5.100000e-06	2.440071e-06	1.087768e-09	1.314872e+01	2.636323e+02
5.110000e-06	2.382318e-06	1.075557e-09	1.283751e+01	2.606585e+02
5.120000e-06	2.324404e-06	1.061632e-09	1.252544e+01	2.576478e+02
5.130000e-06	2.266392e-06	1.047403e-09	1.221283e+01	2.545995e+02
5.140000e-06	2.208147e-06	1.034280e-09	1.189896e+01	2.515134e+02
5.150000e-06	2.149660e-06	1.022529e-09	1.158380e+01	2.483886e+02
5.160000e-06	2.091033e-06	1.010539e-09	1.126788e+01	2.452245e+02
5.170000e-06	2.032264e-06	9.981239e-10	1.095119e+01	2.420202e+02
5.180000e-06	1.973262e-06	9.860359e-10	1.063325e+01	2.387747e+02
5.190000e-06	1.914138e-06	9.728536e-10	1.031465e+01	2.354867e+02
5.200000e-06	1.854822e-06	9.586269e-10	9.995016e+00	2.321549e+02
5.210000e-06	1.795355e-06	9.450455e-10	9.674567e+00	2.287776e+02
5.220000e-06	1.735895e-06	9.299472e-10	9.354158e+00	2.253533e+02
5.230000e-06	1.676371e-06	9.127175e-10	9.033400e+00	2.218799e+02
5.240000e-06	1.616777e-06	8.969130e-10	8.712268e+00	2.183553e+02
5.250000e-06	1.557079e-06	8.827421e-10	8.390576e+00	2.147772e+02
5.260000e-06	1.497255e-06	8.703801e-10	8.068207e+00	2.111433e+02
5.270000e-06	1.437316e-06	8.592634e-10	7.745214e+00	2.074507e+02
5.280000e-06	1.377305e-06	8.464994e-10	7.421833e+00	2.036969e+02
5.290000e-06	1.317251e-06	8.306274e-10	7.098223e+00	1.998790e+02
5.300000e-06	1.257145e-06	8.114239e-10	6.774335e+00	1.959939e+02
5.310000e-06	1.196988e-06	7.905961e-10	6.450169e+00	1.920387e+02
5.320000e-06	1.136759e-06	7.703723e-10	6.125612e+00	1.880104e+02
5.330000e-06	1.076502e-06	7.516912e-10	5.800910e+00	1.839060e+02
5.340000e-06	1.016259e-06	7.350083e-10	5.476280e+00	1.797224e+02
5.350000e-06	9.560310e-07	7.197364e-10	5.151731e+00	1.754569e+02
5.360000e-06	8.957133e-07	7.032630e-10	4.826699e+00	1.711065e+02
5.370000e-06	8.352215e-07	6.852986e-10	4.500729e+00	1.666689e+02
5.380000e-06	7.746790e-07	6.660349e-10	4.174485e+00	1.621416e+02
5.390000e-06	7.141073e-07	6.450401e-10	3.848085e+00	1.575224e+02
5.400000e-06	6.534325e-07	6.233421e-10	3.521129e+00	1.528096e+02
5.410000e-06	5.927038e-07	6.016310e-10	3.193882e+00	1.480017e+02
5.420000e-06	5.320722e-07	5.811463e-10	2.867159e+00	1.430976e+02
5.430000e-06	4.714825e-07	5.614415e-10	2.540661e+00	1.380965e+02
5.440000e-06	4.108309e-07	5.412386e-10	2.213830e+00	1.329981e+02
5.450000e-06	3.501012e-07	5.210319e-10	1.886578e+00	1.278027e+02
5.460000e-06	2.893103e-07	5.009084e-10	1.558996e+00	1.225109e+02
5.470000e-06	2.285295e-07	4.788854e-10	1.231469e+00	1.171237e+02
5.480000e-06	1.677908e-07	4.554856e-10	9.041684e-01	1.116430e+02
5.490000e-06	1.070343e-07	4.324645e-10	5.767718e-01	1.060707e+02
5.500000e-06	4.618369e-08	4.085507e-10	2.488684e-01	1.004097e+02
5.510000e-06	-1.467607e-08	3.841968e-10	-7.908440e-02	9.466295e+01
5.520000e-06	-7.548482e-08	3.607818e-10	-4.067624e-01	8.883424e+01
5.530000e-06	-1.362317e-07	3.379303e-10	-7.341071e-01	8.292766e+01
5.540000e-06	-1.969248e-07	3.156231e-10	-1.061162e+00	7.694782e+01
5.550000e-06	-2.577321e-07	2.925197e-10	-1.388832e+00	7.089970e+01
5.560000e-06	-3.186256e-07	2.671124e-10	-1.716967e+00	6.478870e+01
5.570000e-06	-3.794802e-07	2.414388e-10	-2.044892e+00	5.862059e+01
5.580000e-06	-4.402888e-07	2.170772e-10	-2.372569e+00	5.240141e+01
5.590000e-06	-5.009691e-07	1.921206e-10	-2.699555e+00	4.613748e+01
5.600000e-06	-5.615546e-07	1.661150e-10	-3.026030e+00	3.983536e+01
5.610000e-06	-6.221631e-07	1.405154e-10	-3.352629e+00	3.350174e+01
5.620000e-06	-6.828119e-07	1.151759e-10	-3.679444e+00	2.714345e+01
5.630000e-06	-7.433876e-07	9.001118e-11	-4.005867e+00	2.076737e+01
5.640000e-06	-8.037964e-07	6.482100e-11	-4.331389e+00	1.438039e+01
5.650000e-06	-8.641154e-07	3.933113e-11	-4.656428e+00	7.989354e+00
5.660000e-06	-9.244655e-07	1.390282e-11	-4.981635e+00	1.601007e+00
5.670000e-06	-9.847457e-07	-1.026676e-11	-5.306464e+00	-4.778051e+00
5.680000e-06	-1.044913e-06	-3.484389e-11	-5.630687e+00	-1.114142e+01
5.690000e-06	-1.105029e-06	-6.146213e-11	-5.954629e+00	-1.748294e+01
5.700000e-06	-1.165102e-06	-8.812067e-11	-6.278346e+00	-2.379672e+01
5.710000e-06	-1.225165e-06	-1.139360e-10	-6.602001e+00	-3.007721e+01
5.720000e-06	-1.285206e-06	-1.385126e-10	-6.925546e+00	-3.631921e+01
5.730000e-06	-1.345170e-06	-1.619931e-10	-7.248671e+00	-4.251788e+01
5.740000e-06	-1.405083e-06	-1.853652e-10	-7.571523e+00	-4.866880e+01
5.750000e-06	-1.464976e-06	-2.099058e-10	-7.894265e+00	-5.476798e+01
5.760000e-06	-1.524756e-06	-2.358025e-10	-8.216397e+00	-6.081184e+01
5.770000e-06	-1.584424e-06	-2.619537e-10	-8.537930e+00	-6.679727e+01
5.780000e-06	-1.644058e-06	-2.868694e-10	-8.859280e+00	-7.272157e+01
5.790000e-06	-1.703630e-06	-3.111659e-10	-9.180290e+00	-7.858251e+01
5.800000e-06	-1.763097e-06	-3.357053e-10	-9.500738e+00	-8.437828e+01
5.810000e-06	-1.822492e-06	-3.595998e-10	-9.820797e+00	-9.010749e+01
5.820000e-06	-1.881796e-06	-3.824418e-10	-1.014037e+01	-9.576914e+01
5.830000e-06	-1.940853e-06	-4.048294e-10	-1.045861e+01	-1.013626e+02
5.840000e-06	-1.999597e-06	-4.278794e-10	-1.077516e+01	-1.068877e+02
5.850000e-06	-2.058266e-06	-4.507957e-10	-1.109131e+01	-1.123443e+02
5.860000e-06	-2.116864e-06	-4.724254e-10	-1.140707e+01	-1.177330e+02
5.870000e-06	-2.175195e-06	-4.934465e-10	-1.172139e+01	-1.230543e+02
5.880000e-06	-2.233318e-06	-5.151394e-10	-1.203460e+01	-1.283089e+02
5.890000e-06	-2.291320e-06	-5.378354e-10	-1.234716e+01	-1.334981e+02
5.900000e-06	-2.349145e-06	-5.604466e-10	-1.265876e+01	-1.386228e+02
5.910000e-06	-2.406892e-06	-5.824605e-10	-1.296994e+01	-1.436845e+02
5.920000e-06	-2.464530e-06	-6.036590e-10	-1.328053e+01	-1.486844e+02
5.930000e-06	-2.521916e-06	-6.243660e-10	-1.358976e+01	-1.536240e+02
5.940000e-06	-2.579032e-06	-6.451791e-10	-1.389754e+01	-1.585047e+02
5.950000e-06	-2.635945e-06	-6.652315e-10	-1.420423e+01	-1.633278e+02
5.960000e-06	-2.692701e-06	-6.846992e-10	-1.451006e+01	-1.680948e+02
5.970000e-06	-2.749234e-06	-7.044169e-10	-1.481470e+01	-1.728069e+02
5.980000e-06	-2.805606e-06	-7.250022e-10	-1.511847e+01	-1.774652e+02
5.990000e-06	-2.861941e-06	-7.456002e-10	-1.542204e+01	-1.820708e+02
6.000000e-06	-2.918138e-06	-7.652736e-10	-1.572487e+01	-1.866246e+02
6.010000e-06	-2.974147e-06	-7.842856e-10	-1.602668e+01	-1.911273e+02
6.020000e-06	-3.030003e-06	-8.024713e-10	-1.632767e+01	-1.955795e+02
6.030000e-06	-3.085700e-06	-8.198330e-10	-1.662780e+01	-1.999818e+02
6.040000e-06	-3.141212e-06	-8.367887e-10	-1.692694e+01	-2.043343e+02
6.050000e-06	-3.196344e-06	-8.541552e-10	-1.722403e+01	-2.086371e+02
6.060000e-06	-3.251110e-06	-8.726909e-10	-1.751914e+01	-2.128902e+02
6.070000e-06	-3.305462e-06	-8.918619e-10	-1.781203e+01	-2.170934e+02
6.080000e-06	-3.359373e-06	-9.097035e-10	-1.810254e+01	-2.212463e+02
6.090000e-06	-3.413008e-06	-9.262065e-10	-1.839155e+01	-2.253484e+02
6.100000e-06	-3.466308e-06	-9.423768e-10	-1.867877e+01	-2.293991e+02
6.110000e-06	-3.519293e-06	-9.584161e-10	-1.896429e+01	-2.333977e+02
6.120000e-06	-3.571830e-06	-9.748346e-10	-1.924740e+01	-2.373435e+02
6.130000e-06	-3.623964e-06	-9.916261e-10	-1.952832e+01	-2.412356e+02
6.140000e-06	-3.675945e-06	-1.008258e-09	-1.980844e+01	-2.450730e+02
6.150000e-06	-3.727879e-06	-1.024705e-09	-2.008829e+01	-2.488549e+02
6.160000e-06	-3.779672e-06	-1.040922e-09	-2.036738e+01	-2.525804e+02
6.170000e-06	-3.831113e-06	-1.056960e-09	-2.064458e+01	-2.562485e+02
6.180000e-06	-3.882253e-06	-1.071774e-09	-2.092016e+01	-2.598584e+02
6.190000e-06	-3.933055e-06	-1.085709e-09	-2.119392e+01	-2.634094e+02
6.200000e-06	-3.983349e-06	-1.101077e-09	-2.146493e+01	-2.669006e+02
6.210000e-06	-4.033272e-06	-1.117385e-09	-2.173395e+01	-2.703315e+02
6.220000e-06	-4.082888e-06	-1.133011e-09	-2.200131e+01	-2.737015e+02
6.230000e-06	-4.132283e-06	-1.145924e-09	-2.226749e+01	-2.770102e+02
6.240000e-06	-4.181375e-06	-1.157330e-09	-2.253203e+01	-2.802572e+02
6.250000e-06	-4.229803e-06	-1.169683e-09	-2.279299e+01	-2.834425e+02
6.260000e-06	-4.277808e-06	-1.182978e-09	-2.305167e+01	-2.865660e+02
6.270000e-06	-4.325565e-06	-1.196018e-09	-2.330902e+01	-2.896278e+02
6.280000e-06	-4.372811e-06	-1.208129e-09	-2.356361e+01	-2.926283e+02
6.290000e-06	-4.419657e-06	-1.220302e-09	-2.381605e+01	-2.955677e+02
6.300000e-06	-4.466357e-06	-1.232558e-09	-2.406770e+01	-2.984468e+02
6.310000e-06	-4.512795e-06	-1.244708e-09	-2.431794e+01	-3.012662e+02
6.320000e-06	-4.558917e-06	-1.255871e-09	-2.456647e+01	-3.040268e+02
6.330000e-06	-4.604848e-06	-1.264719e-09	-2.481398e+01	-3.067294e+02
6.340000e-06	-4.650583e-06	-1.273738e-09	-2.506043e+01	-3.093753e+02
6.350000e-06	-4.696015e-06	-1.285258e-09	-2.530525e+01	-3.119656e+02
6.360000e-06	-4.741010e-06	-1.297124e-09	-2.554771e+01	-3.145016e+02
6.370000e-06	-4.785587e-06	-1.306911e-09	-2.578793e+01	-3.169848e+02
6.380000e-06	-4.829949e-06	-1.315392e-09	-2.602698e+01	-3.194165e+02
6.390000e-06	-4.874136e-06	-1.325272e-09	-2.626509e+01	-3.217983e+02
6.400000e-06	-4.918123e-06	-1.336010e-09	-2.650212e+01	-3.241318e+02
6.410000e-06	-4.961802e-06	-1.346026e-09	-2.673749e+01	-3.264186e+02
6.420000e-06	-5.005170e-06	-1.355298e-09	-2.697119e+01	-3.286604e+02
6.430000e-06	-5.048258e-06	-1.364183e-09	-2.720337e+01	-3.308587e+02
6.440000e-06	-5.090957e-06	-1.373611e-09	-2.743346e+01	-3.330153e+02
6.450000e-06	-5.133201e-06	-1.383344e-09	-2.766110e+01	-3.351318e+02
6.460000e-06	-5.174994e-06	-1.391795e-09	-2.788631e+01	-3.372098e+02
6.470000e-06	-5.216337e-06	-1.397586e-09	-2.810909e+01	-3.392508e+02
6.480000e-06	-5.257249e-06	-1.401966e-09	-2.832955e+01	-3.412565e+02
6.490000e-06	-5.297894e-06	-1.409522e-09	-2.854858e+01	-3.432283e+02
6.500000e-06	-5.338405e-06	-1.419598e-09	-2.876687e+01	-3.451676e+02
6.510000e-06	-5.378661e-06	-1.427332e-09	-2.898380e+01	-3.470758e+02
6.520000e-06	-5.418705e-06	-1.433512e-09	-2.919959e+01	-3.489541e+02
6.530000e-06	-5.458392e-06	-1.440549e-09	-2.941345e+01	-3.508039e+02
6.540000e-06	-5.497505e-06	-1.448032e-09	-2.962421e+01	-3.526263e+02
6.550000e-06	-5.536056e-06	-1.456251e-09	-2.983195e+01	-3.544223e+02
6.560000e-06	-5.574003e-06	-1.463728e-09	-3.003643e+01	-3.561929e+02
6.570000e-06	-5.611424e-06	-1.468708e-09	-3.023808e+01	-3.579391e+02
6.580000e-06	-5.648375e-06	-1.474184e-09	-3.043720e+01	-3.596616e+02
6.590000e-06	-5.684916e-06	-1.481209e-09	-3.063411e+01	-3.613612e+02
6.600000e-06	-5.721105e-06	-1.488193e-09	-3.082912e+01	-3.630385e+02
6.610000e-06	-5.756956e-06	-1.492859e-09	-3.102231e+01	-3.646943e+02
6.620000e-06	-5.792447e-06	-1.496833e-09	-3.121356e+01	-3.663289e+02
6.630000e-06	-5.827579e-06	-1.502943e-09	-3.140287e+01	-3.679429e+02
6.640000e-06	-5.862404e-06	-1.510978e-09	-3.159053e+01	-3.695366e+02
6.650000e-06	-5.896921e-06	-1.519074e-09	-3.177653e+01	-3.711103e+02
6.660000e-06	-5.930931e-06	-1.523898e-09	-3.195980e+01	-3.726644e+02
6.670000e-06	-5.964110e-06	-1.527909e-09	-3.213859e+01	-3.741990e+02
6.680000e-06	-5.996867e-06	-1.534833e-09	-3.231510e+01	-3.757143e+02
6.690000e-06	-6.029511e-06	-1.542164e-09	-3.249101e+01	-3.772104e+02
6.700000e-06	-6.061808e-06	-1.546409e-09	-3.266505e+01	-3.786874e+02
6.710000e-06	-6.093805e-06	-1.550553e-09	-3.283747e+01	-3.801452e+02
6.720000e-06	-6.125351e-06	-1.557715e-09	-3.300746e+01	-3.815839e+02
6.730000e-06	-6.156237e-06	-1.566253e-09	-3.317390e+01	-3.830035e+02
6.740000e-06	-6.186594e-06	-1.574632e-09	-3.333748e+01	-3.844039e+02
6.750000e-06	-6.216447e-06	-1.580957e-09	-3.349835e+01	-3.857849e+02
6.760000e-06	-6.245725e-06	-1.584268e-09	-3.365612e+01	-3.871464e+02
6.770000e-06	-6.274529e-06	-1.587561e-09	-3.381133e+01	-3.884884e+02
6.780000e-06	-6.302917e-06	-1.592054e-09	-3.396431e+01	-3.898106e+02
6.790000e-06	-6.330903e-06	-1.596612e-09	-3.411511e+01	-3.911129e+02
6.800000e-06	-6.358442e-06	-1.601302e-09	-3.426351e+01	-3.923951e+02
6.810000e-06	-6.385471e-06	-1.605991e-09	-3.440917e+01	-3.936569e+02
6.820000e-06	-6.412064e-06	-1.611544e-09	-3.455247e+01	-3.948983e+02
6.830000e-06	-6.438238e-06	-1.617656e-09	-3.469350e+01	-3.961189e+02
6.840000e-06	-6.464003e-06	-1.622716e-09	-3.483234e+01	-3.973186e+02
6.850000e-06	-6.489486e-06	-1.626247e-09	-3.496967e+01	-3.984971e+02
6.860000e-06	-6.514578e-06	-1.629044e-09	-3.510488e+01	-3.996543e+02
6.870000e-06	-6.539161e-06	-1.632697e-09	-3.523734e+01	-4.007899e+02
6.880000e-06	-6.563371e-06	-1.637394e-09	-3.536781e+01	-4.019038e+02
6.890000e-06	-6.587137e-06	-1.641433e-09	-3.549587e+01	-4.029958e+02
6.900000e-06	-6.610343e-06	-1.644973e-09	-3.562092e+01	-4.040656e+02
6.910000e-06	-6.633092e-06	-1.648701e-09	-3.574351e+01	-4.051132e+02
6.920000e-06	-6.655207e-06	-1.653696e-09	-3.586268e+01	-4.061384e+02
6.930000e-06	-6.676647e-06	-1.660015e-09	-3.597821e+01	-4.071410e+02
6.940000e-06	-6.697589e-06	-1.664971e-09	-3.609106e+01	-4.081210e+02
6.950000e-06	-6.718104e-06	-1.667696e-09	-3.620161e+01	-4.090782e+02
6.960000e-06	-6.738133e-06	-1.669665e-09	-3.630954e+01	-4.100126e+02
6.970000e-06	-6.757717e-06	-1.672826e-09	-3.641507e+01	-4.109242e+02
6.980000e-06	-6.776885e-06	-1.676512e-09	-3.651836e+01	-4.118129e+02
6.990000e-06	-6.795587e-06	-1.679557e-09	-3.661914e+01	-4.126787e+02
7.000000e-06	-6.813863e-06	-1.681518e-09	-3.671762e+01	-4.135217e+02
7.010000e-06	-6.831646e-06	-1.684084e-09	-3.681345e+01	-4.143418e+02
7.020000e-06	-6.849037e-06	-1.687650e-09	-3.690716e+01	-4.151393e+02
7.030000e-06	-6.866131e-06	-1.689254e-09	-3.699928e+01	-4.159142e+02
7.040000e-06	-6.882879e-06	-1.688796e-09	-3.708953e+01	-4.166665e+02
7.050000e-06	-6.899154e-06	-1.688952e-09	-3.717723e+01	-4.173966e+02
7.060000e-06	-6.914710e-06	-1.691964e-09	-3.726106e+01	-4.181044e+02
7.070000e-06	-6.929515e-06	-1.696328e-09	-3.734084e+01	-4.187902e+02
7.080000e-06	-6.943588e-06	-1.699303e-09	-3.741667e+01	-4.194543e+02
7.090000e-06	-6.957069e-06	-1.700214e-09	-3.748931e+01	-4.200968e+02
7.100000e-06	-6.970157e-06	-1.700867e-09	-3.755984e+01	-4.207179e+02
7.110000e-06	-6.982671e-06	-1.702927e-09	-3.762727e+01	-4.213179e+02
7.120000e-06	-6.994509e-06	-1.705445e-09	-3.769106e+01	-4.218970e+02
7.130000e-06	-7.005825e-06	-1.707486e-09	-3.775204e+01	-4.224555e+02
7.140000e-06	-7.016638e-06	-1.709047e-09	-3.781031e+01	-4.229936e+02
7.150000e-06	-7.026924e-06	-1.709226e-09	-3.786574e+01	-4.235116e+02
7.160000e-06	-7.036802e-06	-1.709182e-09	-3.791897e+01	-4.240097e+02
7.170000e-06	-7.046234e-06	-1.710211e-09	-3.796979e+01	-4.244882e+02
7.180000e-06	-7.055136e-06	-1.710219e-09	-3.801777e+01	-4.249473e+02
7.190000e-06	-7.063644e-06	-1.709861e-09	-3.806361e+01	-4.253872e+02
7.200000e-06	-7.071793e-06	-1.710880e-09	-3.810752e+01	-4.258081e+02
7.210000e-06	-7.079424e-06	-1.712279e-09	-3.814864e+01	-4.262102e+02
7.220000e-06	-7.086436e-06	-1.713599e-09	-3.818643e+01	-4.265937e+02
7.230000e-06	-7.092766e-06	-1.714149e-09	-3.822054e+01	-4.269588e+02
7.240000e-06	-7.098409e-06	-1.714306e-09	-3.825095e+01	-4.273057e+02
7.250000e-06	-7.103516e-06	-1.714968e-09	-3.827847e+01	-4.276344e+02
7.260000e-06	-7.108220e-06	-1.715660e-09	-3.830381e+01	-4.279451e+02
7.270000e-06	-7.112513e-06	-1.716250e-09	-3.832695e+01	-4.282379e+02
7.280000e-06	-7.116277e-06	-1.716838e-09	-3.834723e+01	-4.285130e+02
7.290000e-06	-7.119551e-06	-1.716620e-09	-3.836487e+01	-4.287703e+02
7.300000e-06	-7.122449e-06	-1.715645e-09	-3.838049e+01	-4.290101e+02
7.310000e-06	-7.124922e-06	-1.716296e-09	-3.839382e+01	-4.292323e+02
7.320000e-06	-7.126821e-06	-1.717361e-09	-3.840405e+01	-4.294371e+02
7.330000e-06	-7.128114e-06	-1.717125e-09	-3.841101e+01	-4.296245e+02
7.340000e-06	-7.129015e-06	-1.717172e-09	-3.841587e+01	-4.297945e+02
