# Temperatura_=_20.2
# Concentracion g/m^3_=_7400.0
# C_Vs_to_Am_M_A/Vsm_=_254322799225.57578
# pendiente_HvsI_1/m_=_3716.3
# ordenada_HvsI_A/m_=_1297.0
# frecuencia_Hz_=_136128.79126586355

Tiempo_(s)	Campo_(V.s)	Magnetizacion_(V.s)	Campo_(kA/m)	Magnetizacion_(A/m)
0.000000e+00	-7.068080e-06	-1.719967e-09	-3.842244e+01	-4.311538e+02
1.000000e-08	-7.068147e-06	-1.718847e-09	-3.842280e+01	-4.312484e+02
2.000000e-08	-7.068026e-06	-1.718393e-09	-3.842215e+01	-4.313291e+02
3.000000e-08	-7.067563e-06	-1.717052e-09	-3.841963e+01	-4.313961e+02
4.000000e-08	-7.066496e-06	-1.714751e-09	-3.841383e+01	-4.314496e+02
5.000000e-08	-7.064552e-06	-1.714241e-09	-3.840326e+01	-4.314897e+02
6.000000e-08	-7.061827e-06	-1.715370e-09	-3.838845e+01	-4.315167e+02
7.000000e-08	-7.058526e-06	-1.718498e-09	-3.837050e+01	-4.315307e+02
8.000000e-08	-7.054730e-06	-1.722079e-09	-3.834987e+01	-4.315316e+02
9.000000e-08	-7.050487e-06	-1.714098e-09	-3.832680e+01	-4.315196e+02
1.000000e-07	-7.045559e-06	-1.688419e-09	-3.830002e+01	-4.314946e+02
1.100000e-07	-7.039886e-06	-1.679860e-09	-3.826918e+01	-4.314565e+02
1.200000e-07	-7.033854e-06	-1.722708e-09	-3.823639e+01	-4.314053e+02
1.300000e-07	-7.027622e-06	-1.761243e-09	-3.820251e+01	-4.313408e+02
1.400000e-07	-7.021004e-06	-1.710368e-09	-3.816654e+01	-4.312628e+02
1.500000e-07	-7.013830e-06	-1.652013e-09	-3.812754e+01	-4.311712e+02
1.600000e-07	-7.006146e-06	-1.706702e-09	-3.808576e+01	-4.310656e+02
1.700000e-07	-6.998130e-06	-1.768526e-09	-3.804219e+01	-4.309459e+02
1.800000e-07	-6.989670e-06	-1.691564e-09	-3.799620e+01	-4.308116e+02
1.900000e-07	-6.980593e-06	-1.610211e-09	-3.794686e+01	-4.306625e+02
2.000000e-07	-6.970874e-06	-1.703644e-09	-3.789403e+01	-4.304982e+02
2.100000e-07	-6.960552e-06	-1.795427e-09	-3.783792e+01	-4.303183e+02
2.200000e-07	-6.949672e-06	-1.694539e-09	-3.777877e+01	-4.301225e+02
2.300000e-07	-6.938172e-06	-1.598585e-09	-3.771625e+01	-4.299104e+02
2.400000e-07	-6.926134e-06	-1.689937e-09	-3.765082e+01	-4.296815e+02
2.500000e-07	-6.913611e-06	-1.756365e-09	-3.758274e+01	-4.294354e+02
2.600000e-07	-6.900417e-06	-1.664536e-09	-3.751102e+01	-4.291719e+02
2.700000e-07	-6.886545e-06	-1.630784e-09	-3.743561e+01	-4.288905e+02
2.800000e-07	-6.872067e-06	-1.719593e-09	-3.735690e+01	-4.285909e+02
2.900000e-07	-6.856834e-06	-1.718442e-09	-3.727410e+01	-4.282728e+02
3.000000e-07	-6.840942e-06	-1.639048e-09	-3.718771e+01	-4.279359e+02
3.100000e-07	-6.824557e-06	-1.663514e-09	-3.709863e+01	-4.275801e+02
3.200000e-07	-6.807703e-06	-1.702896e-09	-3.700702e+01	-4.272050e+02
3.300000e-07	-6.790452e-06	-1.643955e-09	-3.691324e+01	-4.268106e+02
3.400000e-07	-6.772841e-06	-1.642087e-09	-3.681751e+01	-4.263968e+02
3.500000e-07	-6.754817e-06	-1.722710e-09	-3.671953e+01	-4.259636e+02
3.600000e-07	-6.736343e-06	-1.681615e-09	-3.661910e+01	-4.255111e+02
3.700000e-07	-6.717364e-06	-1.592407e-09	-3.651593e+01	-4.250394e+02
3.800000e-07	-6.697797e-06	-1.652460e-09	-3.640956e+01	-4.245487e+02
3.900000e-07	-6.677855e-06	-1.709485e-09	-3.630116e+01	-4.240392e+02
4.000000e-07	-6.657658e-06	-1.625137e-09	-3.619137e+01	-4.235113e+02
4.100000e-07	-6.636966e-06	-1.601660e-09	-3.607888e+01	-4.229653e+02
4.200000e-07	-6.615635e-06	-1.682226e-09	-3.596293e+01	-4.224017e+02
4.300000e-07	-6.593987e-06	-1.664503e-09	-3.584525e+01	-4.218211e+02
4.400000e-07	-6.571999e-06	-1.600277e-09	-3.572572e+01	-4.212239e+02
4.500000e-07	-6.549507e-06	-1.635446e-09	-3.560345e+01	-4.206109e+02
4.600000e-07	-6.526508e-06	-1.653353e-09	-3.547843e+01	-4.199825e+02
4.700000e-07	-6.503049e-06	-1.605361e-09	-3.535090e+01	-4.193396e+02
4.800000e-07	-6.479258e-06	-1.622851e-09	-3.522158e+01	-4.186828e+02
4.900000e-07	-6.455120e-06	-1.655308e-09	-3.509036e+01	-4.180127e+02
5.000000e-07	-6.430547e-06	-1.606707e-09	-3.495678e+01	-4.173302e+02
5.100000e-07	-6.405340e-06	-1.586189e-09	-3.481975e+01	-4.166358e+02
5.200000e-07	-6.379470e-06	-1.624789e-09	-3.467912e+01	-4.159303e+02
5.300000e-07	-6.352874e-06	-1.612367e-09	-3.453454e+01	-4.152142e+02
5.400000e-07	-6.325592e-06	-1.582848e-09	-3.438624e+01	-4.144882e+02
5.500000e-07	-6.297894e-06	-1.602900e-09	-3.423567e+01	-4.137526e+02
5.600000e-07	-6.269956e-06	-1.606373e-09	-3.408380e+01	-4.130081e+02
5.700000e-07	-6.241630e-06	-1.581331e-09	-3.392982e+01	-4.122550e+02
5.800000e-07	-6.212844e-06	-1.583486e-09	-3.377334e+01	-4.114934e+02
5.900000e-07	-6.183730e-06	-1.585678e-09	-3.361507e+01	-4.107237e+02
6.000000e-07	-6.154254e-06	-1.569862e-09	-3.345484e+01	-4.099459e+02
6.100000e-07	-6.124382e-06	-1.572020e-09	-3.329245e+01	-4.091599e+02
6.200000e-07	-6.094003e-06	-1.578195e-09	-3.312731e+01	-4.083656e+02
6.300000e-07	-6.063080e-06	-1.566535e-09	-3.295921e+01	-4.075628e+02
6.400000e-07	-6.031663e-06	-1.559228e-09	-3.278842e+01	-4.067511e+02
6.500000e-07	-5.999924e-06	-1.556294e-09	-3.261589e+01	-4.059299e+02
6.600000e-07	-5.967989e-06	-1.548853e-09	-3.244229e+01	-4.050987e+02
6.700000e-07	-5.935779e-06	-1.547102e-09	-3.226720e+01	-4.042567e+02
6.800000e-07	-5.903091e-06	-1.545217e-09	-3.208950e+01	-4.034031e+02
6.900000e-07	-5.869709e-06	-1.536683e-09	-3.190803e+01	-4.025370e+02
7.000000e-07	-5.835854e-06	-1.532291e-09	-3.172400e+01	-4.016573e+02
7.100000e-07	-5.801451e-06	-1.528547e-09	-3.153698e+01	-4.007630e+02
7.200000e-07	-5.766358e-06	-1.521481e-09	-3.134621e+01	-3.998529e+02
7.300000e-07	-5.730876e-06	-1.520362e-09	-3.115333e+01	-3.989258e+02
7.400000e-07	-5.695166e-06	-1.519029e-09	-3.095921e+01	-3.979803e+02
7.500000e-07	-5.659191e-06	-1.511389e-09	-3.076365e+01	-3.970153e+02
7.600000e-07	-5.622876e-06	-1.508927e-09	-3.056624e+01	-3.960294e+02
7.700000e-07	-5.586130e-06	-1.508526e-09	-3.036649e+01	-3.950212e+02
7.800000e-07	-5.548912e-06	-1.498598e-09	-3.016417e+01	-3.939896e+02
7.900000e-07	-5.511240e-06	-1.488626e-09	-2.995938e+01	-3.929332e+02
8.000000e-07	-5.473213e-06	-1.484796e-09	-2.975266e+01	-3.918509e+02
8.100000e-07	-5.434757e-06	-1.481101e-09	-2.954361e+01	-3.907414e+02
8.200000e-07	-5.395806e-06	-1.477491e-09	-2.933188e+01	-3.896037e+02
8.300000e-07	-5.356579e-06	-1.473275e-09	-2.911864e+01	-3.884368e+02
8.400000e-07	-5.317076e-06	-1.465588e-09	-2.890390e+01	-3.872399e+02
8.500000e-07	-5.277340e-06	-1.458039e-09	-2.868789e+01	-3.860120e+02
8.600000e-07	-5.237318e-06	-1.452700e-09	-2.847032e+01	-3.847526e+02
8.700000e-07	-5.196943e-06	-1.447765e-09	-2.825084e+01	-3.834610e+02
8.800000e-07	-5.156229e-06	-1.442322e-09	-2.802952e+01	-3.821369e+02
8.900000e-07	-5.115092e-06	-1.435761e-09	-2.780590e+01	-3.807799e+02
9.000000e-07	-5.073350e-06	-1.429328e-09	-2.757899e+01	-3.793899e+02
9.100000e-07	-5.030877e-06	-1.424660e-09	-2.734810e+01	-3.779668e+02
9.200000e-07	-4.987802e-06	-1.418632e-09	-2.711394e+01	-3.765107e+02
9.300000e-07	-4.944280e-06	-1.410511e-09	-2.687736e+01	-3.750218e+02
9.400000e-07	-4.900475e-06	-1.403277e-09	-2.663923e+01	-3.735003e+02
9.500000e-07	-4.856440e-06	-1.397922e-09	-2.639985e+01	-3.719468e+02
9.600000e-07	-4.812189e-06	-1.392869e-09	-2.615930e+01	-3.703617e+02
9.700000e-07	-4.767776e-06	-1.386338e-09	-2.591787e+01	-3.687455e+02
9.800000e-07	-4.723095e-06	-1.378140e-09	-2.567498e+01	-3.670990e+02
9.900000e-07	-4.678022e-06	-1.369465e-09	-2.542996e+01	-3.654229e+02
1.000000e-06	-4.632567e-06	-1.361910e-09	-2.518287e+01	-3.637179e+02
1.010000e-06	-4.586779e-06	-1.355358e-09	-2.493396e+01	-3.619849e+02
1.020000e-06	-4.540796e-06	-1.348834e-09	-2.468400e+01	-3.602245e+02
1.030000e-06	-4.494542e-06	-1.342079e-09	-2.443256e+01	-3.584376e+02
1.040000e-06	-4.447884e-06	-1.335848e-09	-2.417892e+01	-3.566250e+02
1.050000e-06	-4.400859e-06	-1.330245e-09	-2.392329e+01	-3.547874e+02
1.060000e-06	-4.353571e-06	-1.323762e-09	-2.366623e+01	-3.529254e+02
1.070000e-06	-4.306095e-06	-1.315923e-09	-2.340815e+01	-3.510398e+02
1.080000e-06	-4.258308e-06	-1.308432e-09	-2.314838e+01	-3.491311e+02
1.090000e-06	-4.210139e-06	-1.302188e-09	-2.288653e+01	-3.471997e+02
1.100000e-06	-4.161713e-06	-1.295851e-09	-2.262328e+01	-3.452461e+02
1.110000e-06	-4.113094e-06	-1.288504e-09	-2.235899e+01	-3.432705e+02
1.120000e-06	-4.064063e-06	-1.280381e-09	-2.209245e+01	-3.412731e+02
1.130000e-06	-4.014451e-06	-1.271590e-09	-2.182276e+01	-3.392541e+02
1.140000e-06	-3.964339e-06	-1.262873e-09	-2.155035e+01	-3.372133e+02
1.150000e-06	-3.913748e-06	-1.254871e-09	-2.127533e+01	-3.351506e+02
1.160000e-06	-3.862801e-06	-1.247445e-09	-2.099838e+01	-3.330658e+02
1.170000e-06	-3.811613e-06	-1.239730e-09	-2.072012e+01	-3.309586e+02
1.180000e-06	-3.760121e-06	-1.231682e-09	-2.044021e+01	-3.288286e+02
1.190000e-06	-3.708290e-06	-1.222729e-09	-2.015845e+01	-3.266751e+02
1.200000e-06	-3.656086e-06	-1.212878e-09	-1.987467e+01	-3.244978e+02
1.210000e-06	-3.603658e-06	-1.204143e-09	-1.958967e+01	-3.222958e+02
1.220000e-06	-3.550924e-06	-1.196960e-09	-1.930300e+01	-3.200685e+02
1.230000e-06	-3.497898e-06	-1.188890e-09	-1.901475e+01	-3.178152e+02
1.240000e-06	-3.444708e-06	-1.179257e-09	-1.872561e+01	-3.155352e+02
1.250000e-06	-3.391323e-06	-1.169419e-09	-1.843541e+01	-3.132275e+02
1.260000e-06	-3.337738e-06	-1.159720e-09	-1.814411e+01	-3.108915e+02
1.270000e-06	-3.283893e-06	-1.150218e-09	-1.785141e+01	-3.085264e+02
1.280000e-06	-3.229929e-06	-1.141346e-09	-1.755806e+01	-3.061314e+02
1.290000e-06	-3.175791e-06	-1.132823e-09	-1.726376e+01	-3.037059e+02
1.300000e-06	-3.121398e-06	-1.123570e-09	-1.696808e+01	-3.012492e+02
1.310000e-06	-3.066807e-06	-1.113215e-09	-1.667132e+01	-2.987606e+02
1.320000e-06	-3.011866e-06	-1.101927e-09	-1.637266e+01	-2.962395e+02
1.330000e-06	-2.956664e-06	-1.090233e-09	-1.607258e+01	-2.936856e+02
1.340000e-06	-2.901255e-06	-1.078866e-09	-1.577137e+01	-2.910983e+02
1.350000e-06	-2.845582e-06	-1.068229e-09	-1.546873e+01	-2.884772e+02
1.360000e-06	-2.789830e-06	-1.058557e-09	-1.516566e+01	-2.858219e+02
1.370000e-06	-2.734036e-06	-1.049603e-09	-1.486236e+01	-2.831323e+02
1.380000e-06	-2.678121e-06	-1.040632e-09	-1.455840e+01	-2.804079e+02
1.390000e-06	-2.622109e-06	-1.031401e-09	-1.425392e+01	-2.776486e+02
1.400000e-06	-2.566021e-06	-1.021119e-09	-1.394902e+01	-2.748540e+02
1.410000e-06	-2.509746e-06	-1.010240e-09	-1.364311e+01	-2.720240e+02
1.420000e-06	-2.453351e-06	-9.993769e-10	-1.333654e+01	-2.691582e+02
1.430000e-06	-2.396820e-06	-9.880573e-10	-1.302924e+01	-2.662564e+02
1.440000e-06	-2.339942e-06	-9.766556e-10	-1.272005e+01	-2.633181e+02
1.450000e-06	-2.282774e-06	-9.659234e-10	-1.240927e+01	-2.603428e+02
1.460000e-06	-2.225368e-06	-9.556043e-10	-1.209721e+01	-2.573299e+02
1.470000e-06	-2.167715e-06	-9.446149e-10	-1.178381e+01	-2.542788e+02
1.480000e-06	-2.109815e-06	-9.326692e-10	-1.146906e+01	-2.511884e+02
1.490000e-06	-2.051596e-06	-9.208183e-10	-1.115258e+01	-2.480577e+02
1.500000e-06	-1.993102e-06	-9.090091e-10	-1.083460e+01	-2.448856e+02
1.510000e-06	-1.934300e-06	-8.967937e-10	-1.051495e+01	-2.416704e+02
1.520000e-06	-1.875226e-06	-8.841841e-10	-1.019382e+01	-2.384106e+02
1.530000e-06	-1.815961e-06	-8.714582e-10	-9.871658e+00	-2.351043e+02
1.540000e-06	-1.756584e-06	-8.587825e-10	-9.548882e+00	-2.317492e+02
1.550000e-06	-1.697189e-06	-8.463970e-10	-9.226007e+00	-2.283430e+02
1.560000e-06	-1.637678e-06	-8.343819e-10	-8.902502e+00	-2.248831e+02
1.570000e-06	-1.578060e-06	-8.216561e-10	-8.578414e+00	-2.213666e+02
1.580000e-06	-1.518390e-06	-8.083795e-10	-8.254047e+00	-2.177904e+02
1.590000e-06	-1.458666e-06	-7.949152e-10	-7.929381e+00	-2.141514e+02
1.600000e-06	-1.398883e-06	-7.821051e-10	-7.604400e+00	-2.104460e+02
1.610000e-06	-1.339054e-06	-7.691624e-10	-7.279166e+00	-2.066706e+02
1.620000e-06	-1.279193e-06	-7.545558e-10	-6.953760e+00	-2.028216e+02
1.630000e-06	-1.219300e-06	-7.397641e-10	-6.628179e+00	-1.988950e+02
1.640000e-06	-1.159368e-06	-7.248264e-10	-6.302384e+00	-1.948871e+02
1.650000e-06	-1.099332e-06	-7.088452e-10	-5.976025e+00	-1.907940e+02
1.660000e-06	-1.039247e-06	-6.929541e-10	-5.649402e+00	-1.866119e+02
1.670000e-06	-9.791619e-07	-6.768421e-10	-5.322774e+00	-1.823370e+02
1.680000e-06	-9.190866e-07	-6.604049e-10	-4.996201e+00	-1.779658e+02
1.690000e-06	-8.590675e-07	-6.450112e-10	-4.669934e+00	-1.734948e+02
1.700000e-06	-7.989539e-07	-6.298504e-10	-4.343154e+00	-1.689209e+02
1.710000e-06	-7.386686e-07	-6.142455e-10	-4.015440e+00	-1.642413e+02
1.720000e-06	-6.782884e-07	-5.979460e-10	-3.687210e+00	-1.594535e+02
1.730000e-06	-6.178798e-07	-5.804806e-10	-3.358826e+00	-1.545555e+02
1.740000e-06	-5.574538e-07	-5.626155e-10	-3.030347e+00	-1.495456e+02
1.750000e-06	-4.969816e-07	-5.446348e-10	-2.701617e+00	-1.444226e+02
1.760000e-06	-4.364743e-07	-5.256815e-10	-2.372696e+00	-1.391861e+02
1.770000e-06	-3.760002e-07	-5.050579e-10	-2.043956e+00	-1.338360e+02
1.780000e-06	-3.154820e-07	-4.838963e-10	-1.714976e+00	-1.283730e+02
1.790000e-06	-2.548124e-07	-4.635477e-10	-1.385173e+00	-1.227982e+02
1.800000e-06	-1.941094e-07	-4.437386e-10	-1.055188e+00	-1.171136e+02
1.810000e-06	-1.333981e-07	-4.224075e-10	-7.251587e-01	-1.113217e+02
1.820000e-06	-7.275824e-08	-3.985332e-10	-3.955175e-01	-1.054257e+02
1.830000e-06	-1.216904e-08	-3.739579e-10	-6.615152e-02	-9.942951e+01
1.840000e-06	4.840136e-08	-3.498843e-10	2.631123e-01	-9.333764e+01
1.850000e-06	1.088812e-07	-3.272359e-10	5.918838e-01	-8.715523e+01
1.860000e-06	1.693687e-07	-3.056782e-10	9.206970e-01	-8.088801e+01
1.870000e-06	2.299013e-07	-2.823175e-10	1.249755e+00	-7.454230e+01
1.880000e-06	2.903801e-07	-2.567031e-10	1.578521e+00	-6.812490e+01
1.890000e-06	3.508342e-07	-2.307184e-10	1.907153e+00	-6.164311e+01
1.900000e-06	4.112676e-07	-2.047500e-10	2.235672e+00	-5.510463e+01
1.910000e-06	4.717142e-07	-1.788110e-10	2.564262e+00	-4.851752e+01
1.920000e-06	5.322474e-07	-1.526222e-10	2.893324e+00	-4.189011e+01
1.930000e-06	5.927206e-07	-1.260266e-10	3.222059e+00	-3.523096e+01
1.940000e-06	6.530515e-07	-9.966365e-11	3.550021e+00	-2.854879e+01
1.950000e-06	7.133422e-07	-7.286308e-11	3.877764e+00	-2.185235e+01
1.960000e-06	7.736499e-07	-4.583814e-11	4.205600e+00	-1.515042e+01
1.970000e-06	8.339952e-07	-1.918789e-11	4.533640e+00	-8.451697e+00
1.980000e-06	8.942753e-07	7.656693e-12	4.861326e+00	-1.764704e+00
1.990000e-06	9.543521e-07	3.443191e-11	5.187906e+00	4.902246e+00
2.000000e-06	1.014365e-06	6.128518e-11	5.514142e+00	1.154114e+01
2.010000e-06	1.074330e-06	8.831441e-11	5.840113e+00	1.814432e+01
2.020000e-06	1.134251e-06	1.151638e-10	6.165848e+00	2.470456e+01
2.030000e-06	1.194204e-06	1.409597e-10	6.491753e+00	3.121509e+01
2.040000e-06	1.254132e-06	1.649922e-10	6.817527e+00	3.766967e+01
2.050000e-06	1.313991e-06	1.878981e-10	7.142922e+00	4.406262e+01
2.060000e-06	1.373769e-06	2.103847e-10	7.467879e+00	5.038885e+01
2.070000e-06	1.433512e-06	2.332524e-10	7.792646e+00	5.664391e+01
2.080000e-06	1.493224e-06	2.571447e-10	8.117241e+00	6.282396e+01
2.090000e-06	1.552881e-06	2.799425e-10	8.441538e+00	6.892581e+01
2.100000e-06	1.612460e-06	3.017691e-10	8.765417e+00	7.494693e+01
2.110000e-06	1.671978e-06	3.240889e-10	9.088956e+00	8.088542e+01
2.120000e-06	1.731450e-06	3.456372e-10	9.412251e+00	8.673999e+01
2.130000e-06	1.790800e-06	3.664608e-10	9.734882e+00	9.250996e+01
2.140000e-06	1.849919e-06	3.872729e-10	1.005625e+01	9.819522e+01
2.150000e-06	1.908891e-06	4.085046e-10	1.037683e+01	1.037962e+02
2.160000e-06	1.967858e-06	4.293130e-10	1.069738e+01	1.093137e+02
2.170000e-06	2.026614e-06	4.485087e-10	1.101678e+01	1.147492e+02
2.180000e-06	2.085085e-06	4.667799e-10	1.133463e+01	1.201044e+02
2.190000e-06	2.143151e-06	4.854430e-10	1.165028e+01	1.253813e+02
2.200000e-06	2.200641e-06	5.045733e-10	1.196280e+01	1.305822e+02
2.210000e-06	2.257824e-06	5.228328e-10	1.227365e+01	1.357098e+02
2.220000e-06	2.314785e-06	5.402394e-10	1.258329e+01	1.407667e+02
2.230000e-06	2.371405e-06	5.585829e-10	1.289108e+01	1.457558e+02
2.240000e-06	2.427716e-06	5.772619e-10	1.319718e+01	1.506798e+02
2.250000e-06	2.483851e-06	5.955729e-10	1.350234e+01	1.555417e+02
2.260000e-06	2.539921e-06	6.135595e-10	1.380714e+01	1.603442e+02
2.270000e-06	2.595908e-06	6.301030e-10	1.411149e+01	1.650899e+02
2.280000e-06	2.651826e-06	6.451454e-10	1.441546e+01	1.697814e+02
2.290000e-06	2.707667e-06	6.602070e-10	1.471901e+01	1.744210e+02
2.300000e-06	2.763381e-06	6.765664e-10	1.502188e+01	1.790107e+02
2.310000e-06	2.819023e-06	6.937091e-10	1.532435e+01	1.835524e+02
2.320000e-06	2.874555e-06	7.106017e-10	1.562623e+01	1.880476e+02
2.330000e-06	2.929933e-06	7.260956e-10	1.592727e+01	1.924975e+02
2.340000e-06	2.985133e-06	7.417597e-10	1.622734e+01	1.969032e+02
2.350000e-06	3.039980e-06	7.584471e-10	1.652549e+01	2.012652e+02
2.360000e-06	3.094529e-06	7.740816e-10	1.682202e+01	2.055839e+02
2.370000e-06	3.148993e-06	7.883764e-10	1.711808e+01	2.098594e+02
2.380000e-06	3.203310e-06	8.026640e-10	1.741336e+01	2.140914e+02
2.390000e-06	3.257444e-06	8.184404e-10	1.770763e+01	2.182796e+02
2.400000e-06	3.311281e-06	8.344518e-10	1.800029e+01	2.224231e+02
2.410000e-06	3.364756e-06	8.490488e-10	1.829099e+01	2.265210e+02
2.420000e-06	3.418025e-06	8.631311e-10	1.858056e+01	2.305724e+02
2.430000e-06	3.471077e-06	8.772387e-10	1.886895e+01	2.345758e+02
2.440000e-06	3.523840e-06	8.924626e-10	1.915577e+01	2.385301e+02
2.450000e-06	3.576279e-06	9.089177e-10	1.944083e+01	2.424337e+02
2.460000e-06	3.628436e-06	9.240481e-10	1.972436e+01	2.462853e+02
2.470000e-06	3.680432e-06	9.373613e-10	2.000701e+01	2.500833e+02
2.480000e-06	3.732156e-06	9.508879e-10	2.028819e+01	2.538264e+02
2.490000e-06	3.783560e-06	9.653837e-10	2.056762e+01	2.575131e+02
2.500000e-06	3.834679e-06	9.801162e-10	2.084551e+01	2.611421e+02
2.510000e-06	3.885389e-06	9.936073e-10	2.112117e+01	2.647124e+02
2.520000e-06	3.935786e-06	1.005148e-09	2.139513e+01	2.682228e+02
2.530000e-06	3.985773e-06	1.016426e-09	2.166686e+01	2.716725e+02
2.540000e-06	4.035163e-06	1.029051e-09	2.193535e+01	2.750608e+02
2.550000e-06	4.084045e-06	1.042026e-09	2.220108e+01	2.783872e+02
2.560000e-06	4.132617e-06	1.054192e-09	2.246512e+01	2.816514e+02
2.570000e-06	4.180853e-06	1.065989e-09	2.272733e+01	2.848534e+02
2.580000e-06	4.228821e-06	1.077751e-09	2.298809e+01	2.879931e+02
2.590000e-06	4.276613e-06	1.089088e-09	2.324789e+01	2.910710e+02
2.600000e-06	4.324166e-06	1.099867e-09	2.350639e+01	2.940875e+02
2.610000e-06	4.371495e-06	1.110347e-09	2.376367e+01	2.970433e+02
2.620000e-06	4.418493e-06	1.120870e-09	2.401915e+01	2.999393e+02
2.630000e-06	4.465098e-06	1.132209e-09	2.427250e+01	3.027765e+02
2.640000e-06	4.511342e-06	1.144476e-09	2.452389e+01	3.055561e+02
2.650000e-06	4.557337e-06	1.156388e-09	2.477391e+01	3.082794e+02
2.660000e-06	4.603087e-06	1.166914e-09	2.502262e+01	3.109477e+02
2.670000e-06	4.648504e-06	1.176072e-09	2.526950e+01	3.135626e+02
2.680000e-06	4.693573e-06	1.184753e-09	2.551450e+01	3.161256e+02
2.690000e-06	4.738297e-06	1.194059e-09	2.575762e+01	3.186382e+02
2.700000e-06	4.782662e-06	1.202914e-09	2.599879e+01	3.211021e+02
2.710000e-06	4.826751e-06	1.210676e-09	2.623847e+01	3.235190e+02
2.720000e-06	4.870611e-06	1.218756e-09	2.647689e+01	3.258903e+02
2.730000e-06	4.914336e-06	1.228185e-09	2.671458e+01	3.282176e+02
2.740000e-06	4.957908e-06	1.238174e-09	2.695144e+01	3.305025e+02
2.750000e-06	5.001156e-06	1.246863e-09	2.718654e+01	3.327464e+02
2.760000e-06	5.043850e-06	1.254049e-09	2.741863e+01	3.349507e+02
2.770000e-06	5.085814e-06	1.261613e-09	2.764674e+01	3.371167e+02
2.780000e-06	5.127142e-06	1.270095e-09	2.787140e+01	3.392456e+02
2.790000e-06	5.168001e-06	1.278841e-09	2.809351e+01	3.413387e+02
2.800000e-06	5.208427e-06	1.286930e-09	2.831327e+01	3.433968e+02
2.810000e-06	5.248489e-06	1.293665e-09	2.853105e+01	3.454210e+02
2.820000e-06	5.288331e-06	1.300568e-09	2.874763e+01	3.474123e+02
2.830000e-06	5.327982e-06	1.309025e-09	2.896318e+01	3.493712e+02
2.840000e-06	5.367247e-06	1.317364e-09	2.917663e+01	3.512987e+02
2.850000e-06	5.406144e-06	1.324220e-09	2.938808e+01	3.531954e+02
2.860000e-06	5.444746e-06	1.330420e-09	2.959791e+01	3.550618e+02
2.870000e-06	5.482930e-06	1.336869e-09	2.980548e+01	3.568985e+02
2.880000e-06	5.520711e-06	1.344377e-09	3.001086e+01	3.587060e+02
2.890000e-06	5.558078e-06	1.352189e-09	3.021399e+01	3.604849e+02
2.900000e-06	5.594983e-06	1.359232e-09	3.041461e+01	3.622354e+02
2.910000e-06	5.631443e-06	1.365964e-09	3.061281e+01	3.639582e+02
2.920000e-06	5.667600e-06	1.373545e-09	3.080936e+01	3.656537e+02
2.930000e-06	5.703517e-06	1.381738e-09	3.100460e+01	3.673222e+02
2.940000e-06	5.739195e-06	1.389151e-09	3.119855e+01	3.689642e+02
2.950000e-06	5.774689e-06	1.395538e-09	3.139150e+01	3.705801e+02
2.960000e-06	5.809835e-06	1.401122e-09	3.158256e+01	3.721705e+02
2.970000e-06	5.844351e-06	1.407219e-09	3.177019e+01	3.737359e+02
2.980000e-06	5.878122e-06	1.414055e-09	3.195377e+01	3.752766e+02
2.990000e-06	5.911050e-06	1.420497e-09	3.213277e+01	3.767934e+02
3.000000e-06	5.943290e-06	1.426230e-09	3.230802e+01	3.782866e+02
3.010000e-06	5.975203e-06	1.431881e-09	3.248150e+01	3.797569e+02
3.020000e-06	6.006883e-06	1.438096e-09	3.265372e+01	3.812048e+02
3.030000e-06	6.038287e-06	1.443826e-09	3.282443e+01	3.826309e+02
3.040000e-06	6.069416e-06	1.448090e-09	3.299366e+01	3.840358e+02
3.050000e-06	6.100157e-06	1.452517e-09	3.316076e+01	3.854200e+02
3.060000e-06	6.130368e-06	1.458662e-09	3.332499e+01	3.867840e+02
3.070000e-06	6.160106e-06	1.465188e-09	3.348665e+01	3.881284e+02
3.080000e-06	6.189482e-06	1.471945e-09	3.364634e+01	3.894537e+02
3.090000e-06	6.218474e-06	1.478595e-09	3.380394e+01	3.907603e+02
3.100000e-06	6.247020e-06	1.483576e-09	3.395912e+01	3.920486e+02
3.110000e-06	6.275142e-06	1.487451e-09	3.411199e+01	3.933190e+02
3.120000e-06	6.302977e-06	1.492217e-09	3.426330e+01	3.945718e+02
3.130000e-06	6.330628e-06	1.497871e-09	3.441361e+01	3.958072e+02
3.140000e-06	6.357924e-06	1.502623e-09	3.456200e+01	3.970254e+02
3.150000e-06	6.384574e-06	1.506363e-09	3.470687e+01	3.982264e+02
3.160000e-06	6.410336e-06	1.510869e-09	3.484691e+01	3.994104e+02
3.170000e-06	6.435336e-06	1.517068e-09	3.498282e+01	4.005773e+02
3.180000e-06	6.459778e-06	1.522305e-09	3.511568e+01	4.017269e+02
3.190000e-06	6.483771e-06	1.526442e-09	3.524611e+01	4.028592e+02
3.200000e-06	6.507458e-06	1.530882e-09	3.537487e+01	4.039738e+02
3.210000e-06	6.530752e-06	1.534806e-09	3.550150e+01	4.050705e+02
3.220000e-06	6.553643e-06	1.538842e-09	3.562594e+01	4.061490e+02
3.230000e-06	6.576082e-06	1.543438e-09	3.574791e+01	4.072087e+02
3.240000e-06	6.598031e-06	1.547592e-09	3.586723e+01	4.082493e+02
3.250000e-06	6.619497e-06	1.551351e-09	3.598392e+01	4.092703e+02
3.260000e-06	6.640440e-06	1.556298e-09	3.609777e+01	4.102713e+02
3.270000e-06	6.660928e-06	1.562464e-09	3.620914e+01	4.112516e+02
3.280000e-06	6.681068e-06	1.567925e-09	3.631862e+01	4.122107e+02
3.290000e-06	6.700923e-06	1.571411e-09	3.642655e+01	4.131482e+02
3.300000e-06	6.720497e-06	1.574518e-09	3.653296e+01	4.140636e+02
3.310000e-06	6.739682e-06	1.578283e-09	3.663725e+01	4.149562e+02
3.320000e-06	6.758261e-06	1.583095e-09	3.673825e+01	4.158256e+02
3.330000e-06	6.776277e-06	1.588518e-09	3.683619e+01	4.166715e+02
3.340000e-06	6.793770e-06	1.593449e-09	3.693128e+01	4.174933e+02
3.350000e-06	6.810795e-06	1.597058e-09	3.702383e+01	4.182908e+02
3.360000e-06	6.827403e-06	1.600079e-09	3.711411e+01	4.190636e+02
3.370000e-06	6.843568e-06	1.602649e-09	3.720198e+01	4.198114e+02
3.380000e-06	6.858996e-06	1.604609e-09	3.728585e+01	4.205342e+02
3.390000e-06	6.873749e-06	1.607888e-09	3.736605e+01	4.212316e+02
3.400000e-06	6.888125e-06	1.612656e-09	3.744420e+01	4.219037e+02
3.410000e-06	6.901916e-06	1.618111e-09	3.751917e+01	4.225505e+02
3.420000e-06	6.915148e-06	1.623118e-09	3.759109e+01	4.231719e+02
3.430000e-06	6.927875e-06	1.627024e-09	3.766028e+01	4.237681e+02
3.440000e-06	6.940115e-06	1.630148e-09	3.772682e+01	4.243393e+02
3.450000e-06	6.951998e-06	1.632511e-09	3.779141e+01	4.248856e+02
3.460000e-06	6.963416e-06	1.634877e-09	3.785348e+01	4.254074e+02
3.470000e-06	6.974078e-06	1.637379e-09	3.791144e+01	4.259050e+02
3.480000e-06	6.983926e-06	1.639448e-09	3.796498e+01	4.263787e+02
3.490000e-06	6.992995e-06	1.642926e-09	3.801427e+01	4.268289e+02
3.500000e-06	7.001380e-06	1.646247e-09	3.805985e+01	4.272561e+02
3.510000e-06	7.009324e-06	1.647837e-09	3.810304e+01	4.276608e+02
3.520000e-06	7.017045e-06	1.649013e-09	3.814501e+01	4.280434e+02
3.530000e-06	7.024388e-06	1.650062e-09	3.818493e+01	4.284045e+02
3.540000e-06	7.031145e-06	1.651185e-09	3.822166e+01	4.287445e+02
3.550000e-06	7.037457e-06	1.652704e-09	3.825597e+01	4.290641e+02
3.560000e-06	7.043317e-06	1.654990e-09	3.828783e+01	4.293637e+02
3.570000e-06	7.048618e-06	1.657813e-09	3.831664e+01	4.296439e+02
3.580000e-06	7.053337e-06	1.660627e-09	3.834230e+01	4.299053e+02
3.590000e-06	7.057531e-06	1.663572e-09	3.836510e+01	4.301484e+02
3.600000e-06	7.061414e-06	1.665918e-09	3.838621e+01	4.303736e+02
3.610000e-06	7.065115e-06	1.666355e-09	3.840632e+01	4.305816e+02
3.620000e-06	7.068452e-06	1.665831e-09	3.842446e+01	4.307728e+02
3.630000e-06	7.071191e-06	1.665679e-09	3.843935e+01	4.309477e+02
3.640000e-06	7.073208e-06	1.666276e-09	3.845032e+01	4.311067e+02
3.650000e-06	7.074417e-06	1.668224e-09	3.845689e+01	4.312503e+02
3.660000e-06	7.074931e-06	1.670600e-09	3.845968e+01	4.313788e+02
3.670000e-06	7.074989e-06	1.672801e-09	3.846000e+01	4.314926e+02
3.680000e-06	7.074655e-06	1.674142e-09	3.845818e+01	4.315920e+02
3.690000e-06	7.074073e-06	1.673912e-09	3.845502e+01	4.316774e+02
3.700000e-06	7.073065e-06	1.674612e-09	3.844954e+01	4.317490e+02
3.710000e-06	7.071452e-06	1.676809e-09	3.844077e+01	4.318071e+02
3.720000e-06	7.069397e-06	1.678319e-09	3.842960e+01	4.318518e+02
3.730000e-06	7.066858e-06	1.677411e-09	3.841580e+01	4.318832e+02
3.740000e-06	7.063863e-06	1.671604e-09	3.839951e+01	4.319016e+02
3.750000e-06	7.060388e-06	1.670347e-09	3.838062e+01	4.319070e+02
3.760000e-06	7.056328e-06	1.694125e-09	3.835856e+01	4.318994e+02
3.770000e-06	7.051628e-06	1.728034e-09	3.833301e+01	4.318788e+02
3.780000e-06	7.046029e-06	1.710288e-09	3.830257e+01	4.318452e+02
3.790000e-06	7.039670e-06	1.633429e-09	3.826800e+01	4.317984e+02
3.800000e-06	7.033288e-06	1.627714e-09	3.823331e+01	4.317385e+02
3.810000e-06	7.026713e-06	1.729720e-09	3.819757e+01	4.316651e+02
3.820000e-06	7.019378e-06	1.742443e-09	3.815769e+01	4.315782e+02
3.830000e-06	7.011420e-06	1.636356e-09	3.811443e+01	4.314774e+02
3.840000e-06	7.003140e-06	1.632579e-09	3.806942e+01	4.313625e+02
3.850000e-06	6.994570e-06	1.766558e-09	3.802284e+01	4.312332e+02
3.860000e-06	6.985447e-06	1.776659e-09	3.797324e+01	4.310892e+02
3.870000e-06	6.975710e-06	1.606378e-09	3.792031e+01	4.309301e+02
3.880000e-06	6.965562e-06	1.582655e-09	3.786515e+01	4.307555e+02
3.890000e-06	6.955051e-06	1.766162e-09	3.780801e+01	4.305652e+02
3.900000e-06	6.944004e-06	1.792105e-09	3.774796e+01	4.303586e+02
3.910000e-06	6.932263e-06	1.616066e-09	3.768413e+01	4.301354e+02
3.920000e-06	6.919939e-06	1.617966e-09	3.761714e+01	4.298952e+02
3.930000e-06	6.907088e-06	1.785532e-09	3.754728e+01	4.296377e+02
3.940000e-06	6.893503e-06	1.740187e-09	3.747343e+01	4.293624e+02
3.950000e-06	6.879047e-06	1.575558e-09	3.739485e+01	4.290690e+02
3.960000e-06	6.863976e-06	1.655217e-09	3.731292e+01	4.287572e+02
3.970000e-06	6.848459e-06	1.795609e-09	3.722857e+01	4.284267e+02
3.980000e-06	6.832423e-06	1.691863e-09	3.714140e+01	4.280773e+02
3.990000e-06	6.816054e-06	1.605273e-09	3.705241e+01	4.277087e+02
4.000000e-06	6.799309e-06	1.730823e-09	3.696139e+01	4.273208e+02
4.010000e-06	6.781948e-06	1.742298e-09	3.686701e+01	4.269136e+02
4.020000e-06	6.763972e-06	1.595642e-09	3.676930e+01	4.264870e+02
4.030000e-06	6.745655e-06	1.649521e-09	3.666972e+01	4.260410e+02
4.040000e-06	6.727026e-06	1.787028e-09	3.656845e+01	4.255758e+02
4.050000e-06	6.707887e-06	1.685959e-09	3.646442e+01	4.250915e+02
4.060000e-06	6.688237e-06	1.595446e-09	3.635759e+01	4.245883e+02
4.070000e-06	6.668169e-06	1.724830e-09	3.624850e+01	4.240666e+02
4.080000e-06	6.647787e-06	1.744379e-09	3.613770e+01	4.235267e+02
4.090000e-06	6.627051e-06	1.608714e-09	3.602498e+01	4.229690e+02
4.100000e-06	6.605848e-06	1.650615e-09	3.590972e+01	4.223941e+02
4.110000e-06	6.583943e-06	1.752177e-09	3.579065e+01	4.218025e+02
4.120000e-06	6.561177e-06	1.667968e-09	3.566689e+01	4.211948e+02
4.130000e-06	6.537751e-06	1.627848e-09	3.553955e+01	4.205715e+02
4.140000e-06	6.513877e-06	1.717299e-09	3.540977e+01	4.199335e+02
4.150000e-06	6.489618e-06	1.686168e-09	3.527789e+01	4.192813e+02
4.160000e-06	6.465002e-06	1.614489e-09	3.514408e+01	4.186157e+02
4.170000e-06	6.440035e-06	1.682279e-09	3.500836e+01	4.179374e+02
4.180000e-06	6.414596e-06	1.709529e-09	3.487007e+01	4.172469e+02
4.190000e-06	6.388655e-06	1.641829e-09	3.472905e+01	4.165452e+02
4.200000e-06	6.362229e-06	1.655171e-09	3.458540e+01	4.158326e+02
4.210000e-06	6.335267e-06	1.685628e-09	3.443883e+01	4.151099e+02
4.220000e-06	6.307835e-06	1.642024e-09	3.428971e+01	4.143776e+02
4.230000e-06	6.279980e-06	1.640857e-09	3.413829e+01	4.136361e+02
4.240000e-06	6.251847e-06	1.672094e-09	3.398536e+01	4.128859e+02
4.250000e-06	6.223485e-06	1.649138e-09	3.383118e+01	4.121272e+02
4.260000e-06	6.194761e-06	1.641082e-09	3.367503e+01	4.113603e+02
4.270000e-06	6.165493e-06	1.660784e-09	3.351593e+01	4.105853e+02
4.280000e-06	6.135587e-06	1.645646e-09	3.335336e+01	4.098022e+02
4.290000e-06	6.105119e-06	1.634884e-09	3.318774e+01	4.090108e+02
4.300000e-06	6.073974e-06	1.643748e-09	3.301843e+01	4.082109e+02
4.310000e-06	6.042200e-06	1.635541e-09	3.284570e+01	4.074023e+02
4.320000e-06	6.010000e-06	1.637937e-09	3.267066e+01	4.065844e+02
4.330000e-06	5.977542e-06	1.646031e-09	3.249422e+01	4.057567e+02
4.340000e-06	5.944914e-06	1.628645e-09	3.231685e+01	4.049185e+02
4.350000e-06	5.911829e-06	1.623804e-09	3.213700e+01	4.040690e+02
4.360000e-06	5.878166e-06	1.632210e-09	3.195401e+01	4.032073e+02
4.370000e-06	5.844028e-06	1.620544e-09	3.176843e+01	4.023323e+02
4.380000e-06	5.809551e-06	1.619969e-09	3.158101e+01	4.014431e+02
4.390000e-06	5.774798e-06	1.629681e-09	3.139210e+01	4.005385e+02
4.400000e-06	5.739667e-06	1.615363e-09	3.120112e+01	3.996173e+02
4.410000e-06	5.704104e-06	1.608862e-09	3.100780e+01	3.986782e+02
4.420000e-06	5.668220e-06	1.619748e-09	3.081273e+01	3.977199e+02
4.430000e-06	5.632020e-06	1.611356e-09	3.061595e+01	3.967412e+02
4.440000e-06	5.595545e-06	1.600835e-09	3.041767e+01	3.957407e+02
4.450000e-06	5.558853e-06	1.607729e-09	3.021821e+01	3.947171e+02
4.460000e-06	5.521728e-06	1.607103e-09	3.001640e+01	3.936693e+02
4.470000e-06	5.483950e-06	1.598468e-09	2.981103e+01	3.925958e+02
4.480000e-06	5.445359e-06	1.595744e-09	2.960125e+01	3.914956e+02
4.490000e-06	5.406058e-06	1.590767e-09	2.938760e+01	3.903675e+02
4.500000e-06	5.366316e-06	1.584911e-09	2.917156e+01	3.892106e+02
4.510000e-06	5.326264e-06	1.584707e-09	2.895384e+01	3.880238e+02
4.520000e-06	5.285989e-06	1.583477e-09	2.873490e+01	3.868064e+02
4.530000e-06	5.245493e-06	1.578248e-09	2.851476e+01	3.855577e+02
4.540000e-06	5.204612e-06	1.570504e-09	2.829254e+01	3.842770e+02
4.550000e-06	5.163284e-06	1.564488e-09	2.806787e+01	3.829639e+02
4.560000e-06	5.121652e-06	1.562529e-09	2.784156e+01	3.816180e+02
4.570000e-06	5.079759e-06	1.558795e-09	2.761383e+01	3.802391e+02
4.580000e-06	5.037505e-06	1.551312e-09	2.738413e+01	3.788271e+02
4.590000e-06	4.994907e-06	1.545946e-09	2.715257e+01	3.773821e+02
4.600000e-06	4.951968e-06	1.542724e-09	2.691915e+01	3.759041e+02
4.610000e-06	4.908581e-06	1.537751e-09	2.668329e+01	3.743936e+02
4.620000e-06	4.864826e-06	1.530449e-09	2.644544e+01	3.728508e+02
4.630000e-06	4.820826e-06	1.522359e-09	2.620625e+01	3.712762e+02
4.640000e-06	4.776611e-06	1.515459e-09	2.596590e+01	3.696705e+02
4.650000e-06	4.732168e-06	1.510188e-09	2.572430e+01	3.680341e+02
4.660000e-06	4.687469e-06	1.505776e-09	2.548132e+01	3.663679e+02
4.670000e-06	4.642568e-06	1.499986e-09	2.523724e+01	3.646725e+02
4.680000e-06	4.597344e-06	1.491496e-09	2.499139e+01	3.629488e+02
4.690000e-06	4.551624e-06	1.482738e-09	2.474286e+01	3.611976e+02
4.700000e-06	4.505512e-06	1.476361e-09	2.449219e+01	3.594195e+02
4.710000e-06	4.459049e-06	1.470732e-09	2.423962e+01	3.576155e+02
4.720000e-06	4.412265e-06	1.462908e-09	2.398529e+01	3.557862e+02
4.730000e-06	4.365257e-06	1.454257e-09	2.372976e+01	3.539324e+02
4.740000e-06	4.317950e-06	1.447259e-09	2.347260e+01	3.520547e+02
4.750000e-06	4.270265e-06	1.441129e-09	2.321337e+01	3.501538e+02
4.760000e-06	4.222470e-06	1.433995e-09	2.295356e+01	3.482300e+02
4.770000e-06	4.174375e-06	1.425538e-09	2.269212e+01	3.462839e+02
4.780000e-06	4.125702e-06	1.417876e-09	2.242753e+01	3.443157e+02
4.790000e-06	4.076560e-06	1.411710e-09	2.216039e+01	3.423256e+02
4.800000e-06	4.027115e-06	1.405072e-09	2.189160e+01	3.403139e+02
4.810000e-06	3.977727e-06	1.397189e-09	2.162313e+01	3.382804e+02
4.820000e-06	3.928013e-06	1.387529e-09	2.135288e+01	3.362252e+02
4.830000e-06	3.877743e-06	1.376895e-09	2.107961e+01	3.341479e+02
4.840000e-06	3.827129e-06	1.368236e-09	2.080447e+01	3.320483e+02
4.850000e-06	3.776233e-06	1.361448e-09	2.052779e+01	3.299260e+02
4.860000e-06	3.725109e-06	1.353262e-09	2.024988e+01	3.277805e+02
4.870000e-06	3.673658e-06	1.342961e-09	1.997019e+01	3.256113e+02
4.880000e-06	3.621873e-06	1.332952e-09	1.968868e+01	3.234177e+02
4.890000e-06	3.569847e-06	1.323500e-09	1.940587e+01	3.211991e+02
4.900000e-06	3.517642e-06	1.314522e-09	1.912208e+01	3.189546e+02
4.910000e-06	3.465160e-06	1.305969e-09	1.883678e+01	3.166836e+02
4.920000e-06	3.412391e-06	1.296569e-09	1.854993e+01	3.143854e+02
4.930000e-06	3.359435e-06	1.287637e-09	1.826206e+01	3.120590e+02
4.940000e-06	3.306171e-06	1.280388e-09	1.797252e+01	3.097038e+02
4.950000e-06	3.252473e-06	1.272122e-09	1.768061e+01	3.073189e+02
4.960000e-06	3.198344e-06	1.261789e-09	1.738636e+01	3.049038e+02
4.970000e-06	3.143899e-06	1.250932e-09	1.709039e+01	3.024576e+02
4.980000e-06	3.089157e-06	1.241176e-09	1.679282e+01	2.999798e+02
4.990000e-06	3.033903e-06	1.232643e-09	1.649245e+01	2.974697e+02
5.000000e-06	2.978346e-06	1.223655e-09	1.619044e+01	2.949269e+02
5.010000e-06	2.922622e-06	1.213480e-09	1.588752e+01	2.923508e+02
5.020000e-06	2.866699e-06	1.201727e-09	1.558352e+01	2.897411e+02
5.030000e-06	2.810631e-06	1.189861e-09	1.527873e+01	2.870974e+02
5.040000e-06	2.754389e-06	1.178931e-09	1.497300e+01	2.844194e+02
5.050000e-06	2.698082e-06	1.167444e-09	1.466691e+01	2.817067e+02
5.060000e-06	2.641656e-06	1.155159e-09	1.436018e+01	2.789591e+02
5.070000e-06	2.585052e-06	1.143886e-09	1.405247e+01	2.761764e+02
5.080000e-06	2.528322e-06	1.134056e-09	1.374408e+01	2.733584e+02
5.090000e-06	2.471468e-06	1.124112e-09	1.343503e+01	2.705047e+02
5.100000e-06	2.414474e-06	1.112874e-09	1.312520e+01	2.676150e+02
5.110000e-06	2.357314e-06	1.100109e-09	1.281448e+01	2.646890e+02
5.120000e-06	2.299963e-06	1.086829e-09	1.250272e+01	2.617262e+02
5.130000e-06	2.242446e-06	1.074581e-09	1.219005e+01	2.587260e+02
5.140000e-06	2.184760e-06	1.063648e-09	1.187646e+01	2.556878e+02
5.150000e-06	2.126763e-06	1.051876e-09	1.156119e+01	2.526107e+02
5.160000e-06	2.068600e-06	1.038191e-09	1.124501e+01	2.494937e+02
5.170000e-06	2.010400e-06	1.024762e-09	1.092864e+01	2.463356e+02
5.180000e-06	1.952062e-06	1.012487e-09	1.061151e+01	2.431351e+02
5.190000e-06	1.893522e-06	9.988824e-10	1.029328e+01	2.398905e+02
5.200000e-06	1.834848e-06	9.839471e-10	9.974326e+00	2.365999e+02
5.210000e-06	1.776111e-06	9.694693e-10	9.655027e+00	2.332614e+02
5.220000e-06	1.717247e-06	9.545378e-10	9.335041e+00	2.298726e+02
5.230000e-06	1.658215e-06	9.394375e-10	9.014138e+00	2.264310e+02
5.240000e-06	1.599036e-06	9.249672e-10	8.692441e+00	2.229338e+02
5.250000e-06	1.539796e-06	9.103369e-10	8.370411e+00	2.193780e+02
5.260000e-06	1.480398e-06	8.964464e-10	8.047518e+00	2.157604e+02
5.270000e-06	1.420879e-06	8.833137e-10	7.723972e+00	2.120776e+02
5.280000e-06	1.361318e-06	8.687583e-10	7.400192e+00	2.083261e+02
5.290000e-06	1.301580e-06	8.520808e-10	7.075452e+00	2.045021e+02
5.300000e-06	1.241769e-06	8.336872e-10	6.750318e+00	2.006019e+02
5.310000e-06	1.181960e-06	8.145350e-10	6.425195e+00	1.966217e+02
5.320000e-06	1.122051e-06	7.957516e-10	6.099526e+00	1.925575e+02
5.330000e-06	1.062097e-06	7.770566e-10	5.773612e+00	1.884056e+02
5.340000e-06	1.002103e-06	7.585984e-10	5.447484e+00	1.841621e+02
5.350000e-06	9.420407e-07	7.411622e-10	5.120981e+00	1.798234e+02
5.360000e-06	8.819196e-07	7.235169e-10	4.794160e+00	1.753862e+02
5.370000e-06	8.217916e-07	7.051236e-10	4.467301e+00	1.708470e+02
5.380000e-06	7.616257e-07	6.851205e-10	4.140236e+00	1.662031e+02
5.390000e-06	7.014175e-07	6.635546e-10	3.812941e+00	1.614517e+02
5.400000e-06	6.412437e-07	6.423017e-10	3.485833e+00	1.565907e+02
5.410000e-06	5.810633e-07	6.210824e-10	3.158690e+00	1.516183e+02
5.420000e-06	5.208182e-07	5.997443e-10	2.831194e+00	1.465332e+02
5.430000e-06	4.605980e-07	5.782031e-10	2.503834e+00	1.413347e+02
5.440000e-06	4.003701e-07	5.564092e-10	2.176432e+00	1.360226e+02
5.450000e-06	3.400603e-07	5.350150e-10	1.848585e+00	1.305971e+02
5.460000e-06	2.797472e-07	5.136088e-10	1.520720e+00	1.250595e+02
5.470000e-06	2.194063e-07	4.908068e-10	1.192704e+00	1.194114e+02
5.480000e-06	1.591066e-07	4.661680e-10	8.649113e-01	1.136550e+02
5.490000e-06	9.884206e-08	4.412954e-10	5.373105e-01	1.077934e+02
5.500000e-06	3.853788e-08	4.167843e-10	2.094939e-01	1.018302e+02
5.510000e-06	-2.173226e-08	3.922649e-10	-1.181376e-01	9.576982e+01
5.520000e-06	-8.205111e-08	3.679779e-10	-4.460340e-01	8.961708e+01
5.530000e-06	-1.424857e-07	3.433359e-10	-7.745597e-01	8.337756e+01
5.540000e-06	-2.029390e-07	3.185912e-10	-1.103187e+00	7.705737e+01
5.550000e-06	-2.633439e-07	2.934888e-10	-1.431551e+00	7.066318e+01
5.560000e-06	-3.236540e-07	2.675585e-10	-1.759399e+00	6.420211e+01
5.570000e-06	-3.839122e-07	2.410111e-10	-2.086966e+00	5.768175e+01
5.580000e-06	-4.441809e-07	2.136816e-10	-2.414590e+00	5.111002e+01
5.590000e-06	-5.044583e-07	1.865417e-10	-2.742261e+00	4.449520e+01
5.600000e-06	-5.646693e-07	1.607278e-10	-3.069571e+00	3.784577e+01
5.610000e-06	-6.248141e-07	1.353532e-10	-3.396521e+00	3.117039e+01
5.620000e-06	-6.849657e-07	1.091032e-10	-3.723508e+00	2.447783e+01
5.630000e-06	-7.450728e-07	8.261212e-11	-4.050253e+00	1.777686e+01
5.640000e-06	-8.051107e-07	5.695817e-11	-4.376623e+00	1.107621e+01
5.650000e-06	-8.651180e-07	3.117093e-11	-4.702825e+00	4.384464e+00
5.660000e-06	-9.251509e-07	4.666710e-12	-5.029167e+00	-2.289977e+00
5.670000e-06	-9.851997e-07	-2.145171e-11	-5.355595e+00	-8.938996e+00
5.680000e-06	-1.045219e-06	-4.756701e-11	-5.681862e+00	-1.555481e+01
5.690000e-06	-1.105223e-06	-7.361399e-11	-6.008047e+00	-2.213004e+01
5.700000e-06	-1.165232e-06	-9.936379e-11	-6.334260e+00	-2.865776e+01
5.710000e-06	-1.225030e-06	-1.257305e-10	-6.659323e+00	-3.513156e+01
5.720000e-06	-1.284628e-06	-1.516285e-10	-6.983301e+00	-4.154555e+01
5.730000e-06	-1.344190e-06	-1.757124e-10	-7.307084e+00	-4.789445e+01
5.740000e-06	-1.403650e-06	-1.994936e-10	-7.630313e+00	-5.417360e+01
5.750000e-06	-1.463004e-06	-2.245595e-10	-7.952966e+00	-6.037894e+01
5.760000e-06	-1.522332e-06	-2.504327e-10	-8.275474e+00	-6.650707e+01
5.770000e-06	-1.581666e-06	-2.765798e-10	-8.598019e+00	-7.255525e+01
5.780000e-06	-1.640808e-06	-3.021375e-10	-8.919516e+00	-7.852136e+01
5.790000e-06	-1.699651e-06	-3.264470e-10	-9.239386e+00	-8.440391e+01
5.800000e-06	-1.758316e-06	-3.506383e-10	-9.558292e+00	-9.020203e+01
5.810000e-06	-1.816891e-06	-3.748833e-10	-9.876710e+00	-9.591540e+01
5.820000e-06	-1.875419e-06	-3.975680e-10	-1.019487e+01	-1.015443e+02
5.830000e-06	-1.933791e-06	-4.196571e-10	-1.051218e+01	-1.070894e+02
5.840000e-06	-1.992006e-06	-4.426890e-10	-1.082865e+01	-1.125520e+02
5.850000e-06	-2.050080e-06	-4.660134e-10	-1.114434e+01	-1.179336e+02
5.860000e-06	-2.108039e-06	-4.889954e-10	-1.145941e+01	-1.232363e+02
5.870000e-06	-2.165849e-06	-5.110684e-10	-1.177367e+01	-1.284622e+02
5.880000e-06	-2.223348e-06	-5.324457e-10	-1.208623e+01	-1.336138e+02
5.890000e-06	-2.280708e-06	-5.541877e-10	-1.239805e+01	-1.386939e+02
5.900000e-06	-2.337963e-06	-5.767123e-10	-1.270929e+01	-1.437051e+02
5.910000e-06	-2.395015e-06	-5.998777e-10	-1.301942e+01	-1.486504e+02
5.920000e-06	-2.451977e-06	-6.218360e-10	-1.332907e+01	-1.535326e+02
5.930000e-06	-2.508767e-06	-6.423367e-10	-1.363778e+01	-1.583545e+02
5.940000e-06	-2.565340e-06	-6.627900e-10	-1.394532e+01	-1.631188e+02
5.950000e-06	-2.621751e-06	-6.829847e-10	-1.425197e+01	-1.678280e+02
5.960000e-06	-2.677986e-06	-7.025599e-10	-1.455767e+01	-1.724845e+02
5.970000e-06	-2.734133e-06	-7.219278e-10	-1.486288e+01	-1.770906e+02
5.980000e-06	-2.790243e-06	-7.420745e-10	-1.516790e+01	-1.816480e+02
5.990000e-06	-2.846296e-06	-7.622077e-10	-1.547261e+01	-1.861584e+02
6.000000e-06	-2.902147e-06	-7.821339e-10	-1.577622e+01	-1.906232e+02
6.010000e-06	-2.957641e-06	-8.018373e-10	-1.607789e+01	-1.950434e+02
6.020000e-06	-3.012895e-06	-8.203300e-10	-1.637825e+01	-1.994198e+02
6.030000e-06	-3.068046e-06	-8.370862e-10	-1.667805e+01	-2.037529e+02
6.040000e-06	-3.122905e-06	-8.530107e-10	-1.697627e+01	-2.080427e+02
6.050000e-06	-3.177182e-06	-8.699232e-10	-1.727132e+01	-2.122892e+02
6.060000e-06	-3.230977e-06	-8.882192e-10	-1.756375e+01	-2.164919e+02
6.070000e-06	-3.284567e-06	-9.067364e-10	-1.785508e+01	-2.206503e+02
6.080000e-06	-3.337877e-06	-9.242245e-10	-1.814487e+01	-2.247634e+02
6.090000e-06	-3.390759e-06	-9.406555e-10	-1.843234e+01	-2.288303e+02
6.100000e-06	-3.443274e-06	-9.576687e-10	-1.871781e+01	-2.328498e+02
6.110000e-06	-3.495543e-06	-9.748757e-10	-1.900195e+01	-2.368205e+02
6.120000e-06	-3.547644e-06	-9.912768e-10	-1.928517e+01	-2.407411e+02
6.130000e-06	-3.599596e-06	-1.007526e-09	-1.956759e+01	-2.446101e+02
6.140000e-06	-3.651273e-06	-1.022970e-09	-1.984851e+01	-2.484261e+02
6.150000e-06	-3.702684e-06	-1.038158e-09	-2.012798e+01	-2.521875e+02
6.160000e-06	-3.753770e-06	-1.053636e-09	-2.040568e+01	-2.558930e+02
6.170000e-06	-3.804497e-06	-1.069288e-09	-2.068144e+01	-2.595413e+02
6.180000e-06	-3.854946e-06	-1.084655e-09	-2.095568e+01	-2.631312e+02
6.190000e-06	-3.905142e-06	-1.099160e-09	-2.122855e+01	-2.666616e+02
6.200000e-06	-3.955177e-06	-1.114006e-09	-2.150054e+01	-2.701315e+02
6.210000e-06	-4.004948e-06	-1.129344e-09	-2.177110e+01	-2.735402e+02
6.220000e-06	-4.054247e-06	-1.143065e-09	-2.203909e+01	-2.768872e+02
6.230000e-06	-4.103118e-06	-1.154128e-09	-2.230475e+01	-2.801721e+02
6.240000e-06	-4.151514e-06	-1.164810e-09	-2.256784e+01	-2.833947e+02
6.250000e-06	-4.199400e-06	-1.176610e-09	-2.282815e+01	-2.865551e+02
6.260000e-06	-4.246776e-06	-1.189415e-09	-2.308569e+01	-2.896534e+02
6.270000e-06	-4.293801e-06	-1.202940e-09	-2.334132e+01	-2.926902e+02
6.280000e-06	-4.340710e-06	-1.216245e-09	-2.359632e+01	-2.956661e+02
6.290000e-06	-4.387397e-06	-1.229695e-09	-2.385011e+01	-2.985818e+02
6.300000e-06	-4.433825e-06	-1.243596e-09	-2.410250e+01	-3.014384e+02
6.310000e-06	-4.479979e-06	-1.256079e-09	-2.435339e+01	-3.042369e+02
6.320000e-06	-4.525870e-06	-1.266469e-09	-2.460286e+01	-3.069787e+02
6.330000e-06	-4.571393e-06	-1.276197e-09	-2.485032e+01	-3.096651e+02
6.340000e-06	-4.616481e-06	-1.286140e-09	-2.509542e+01	-3.122976e+02
6.350000e-06	-4.661181e-06	-1.297154e-09	-2.533842e+01	-3.148776e+02
6.360000e-06	-4.705595e-06	-1.308575e-09	-2.557985e+01	-3.174067e+02
6.370000e-06	-4.749828e-06	-1.318733e-09	-2.582031e+01	-3.198866e+02
6.380000e-06	-4.793912e-06	-1.328336e-09	-2.605995e+01	-3.223189e+02
6.390000e-06	-4.837822e-06	-1.338249e-09	-2.629865e+01	-3.247051e+02
6.400000e-06	-4.881401e-06	-1.348021e-09	-2.653554e+01	-3.270468e+02
6.410000e-06	-4.924682e-06	-1.357700e-09	-2.677082e+01	-3.293456e+02
6.420000e-06	-4.967595e-06	-1.366838e-09	-2.700410e+01	-3.316029e+02
6.430000e-06	-5.010066e-06	-1.375766e-09	-2.723497e+01	-3.338201e+02
6.440000e-06	-5.052235e-06	-1.385344e-09	-2.746421e+01	-3.359987e+02
6.450000e-06	-5.094026e-06	-1.393894e-09	-2.769138e+01	-3.381397e+02
6.460000e-06	-5.135475e-06	-1.401591e-09	-2.791670e+01	-3.402445e+02
6.470000e-06	-5.176634e-06	-1.409170e-09	-2.814044e+01	-3.423141e+02
6.480000e-06	-5.217341e-06	-1.416521e-09	-2.836173e+01	-3.443494e+02
6.490000e-06	-5.257686e-06	-1.424779e-09	-2.858104e+01	-3.463514e+02
6.500000e-06	-5.297880e-06	-1.433670e-09	-2.879954e+01	-3.483210e+02
6.510000e-06	-5.337842e-06	-1.441760e-09	-2.901678e+01	-3.502588e+02
6.520000e-06	-5.377507e-06	-1.448867e-09	-2.923240e+01	-3.521655e+02
6.530000e-06	-5.416825e-06	-1.456403e-09	-2.944614e+01	-3.540419e+02
6.540000e-06	-5.455641e-06	-1.464549e-09	-2.965714e+01	-3.558883e+02
6.550000e-06	-5.493776e-06	-1.472181e-09	-2.986445e+01	-3.577054e+02
6.560000e-06	-5.531189e-06	-1.479102e-09	-3.006782e+01	-3.594937e+02
6.570000e-06	-5.568002e-06	-1.485196e-09	-3.026794e+01	-3.612536e+02
6.580000e-06	-5.604350e-06	-1.491375e-09	-3.046553e+01	-3.629855e+02
6.590000e-06	-5.640487e-06	-1.498989e-09	-3.066197e+01	-3.646899e+02
6.600000e-06	-5.676349e-06	-1.506116e-09	-3.085692e+01	-3.663672e+02
6.610000e-06	-5.711955e-06	-1.511216e-09	-3.105048e+01	-3.680179e+02
6.620000e-06	-5.747286e-06	-1.515602e-09	-3.124254e+01	-3.696424e+02
6.630000e-06	-5.782118e-06	-1.520763e-09	-3.143189e+01	-3.712412e+02
6.640000e-06	-5.816507e-06	-1.527047e-09	-3.161883e+01	-3.728147e+02
6.650000e-06	-5.850426e-06	-1.532629e-09	-3.180321e+01	-3.743635e+02
6.660000e-06	-5.883904e-06	-1.537841e-09	-3.198520e+01	-3.758881e+02
6.670000e-06	-5.917058e-06	-1.544287e-09	-3.216543e+01	-3.773890e+02
6.680000e-06	-5.949749e-06	-1.551245e-09	-3.234314e+01	-3.788668e+02
6.690000e-06	-5.981977e-06	-1.557581e-09	-3.251833e+01	-3.803220e+02
6.700000e-06	-6.014068e-06	-1.561615e-09	-3.269278e+01	-3.817552e+02
6.710000e-06	-6.045943e-06	-1.565799e-09	-3.286605e+01	-3.831670e+02
6.720000e-06	-6.077316e-06	-1.572190e-09	-3.303660e+01	-3.845579e+02
6.730000e-06	-6.108115e-06	-1.578468e-09	-3.320402e+01	-3.859285e+02
6.740000e-06	-6.138176e-06	-1.583047e-09	-3.336744e+01	-3.872793e+02
6.750000e-06	-6.167483e-06	-1.587222e-09	-3.352675e+01	-3.886108e+02
6.760000e-06	-6.196202e-06	-1.592106e-09	-3.368287e+01	-3.899235e+02
6.770000e-06	-6.224510e-06	-1.597542e-09	-3.383675e+01	-3.912178e+02
6.780000e-06	-6.252597e-06	-1.602984e-09	-3.398944e+01	-3.924940e+02
6.790000e-06	-6.280422e-06	-1.607651e-09	-3.414069e+01	-3.937526e+02
6.800000e-06	-6.307849e-06	-1.612428e-09	-3.428979e+01	-3.949936e+02
6.810000e-06	-6.334763e-06	-1.617982e-09	-3.443609e+01	-3.962174e+02
6.820000e-06	-6.361131e-06	-1.624311e-09	-3.457943e+01	-3.974241e+02
6.830000e-06	-6.387054e-06	-1.629580e-09	-3.472035e+01	-3.986137e+02
6.840000e-06	-6.412660e-06	-1.632767e-09	-3.485954e+01	-3.997862e+02
6.850000e-06	-6.437813e-06	-1.635733e-09	-3.499628e+01	-4.009415e+02
6.860000e-06	-6.462457e-06	-1.639633e-09	-3.513024e+01	-4.020795e+02
6.870000e-06	-6.486797e-06	-1.643821e-09	-3.526256e+01	-4.031999e+02
6.880000e-06	-6.510867e-06	-1.648680e-09	-3.539340e+01	-4.043025e+02
6.890000e-06	-6.534643e-06	-1.652602e-09	-3.552265e+01	-4.053870e+02
6.900000e-06	-6.557754e-06	-1.654242e-09	-3.564828e+01	-4.064529e+02
6.910000e-06	-6.580033e-06	-1.656500e-09	-3.576939e+01	-4.074998e+02
6.920000e-06	-6.601677e-06	-1.660658e-09	-3.588705e+01	-4.085274e+02
6.930000e-06	-6.622635e-06	-1.664814e-09	-3.600098e+01	-4.095349e+02
6.940000e-06	-6.643113e-06	-1.667973e-09	-3.611230e+01	-4.105221e+02
6.950000e-06	-6.663336e-06	-1.671021e-09	-3.622223e+01	-4.114883e+02
6.960000e-06	-6.683264e-06	-1.674690e-09	-3.633056e+01	-4.124329e+02
6.970000e-06	-6.702822e-06	-1.678956e-09	-3.643688e+01	-4.133556e+02
6.980000e-06	-6.721856e-06	-1.682813e-09	-3.654035e+01	-4.142558e+02
6.990000e-06	-6.740436e-06	-1.684687e-09	-3.664135e+01	-4.151329e+02
7.000000e-06	-6.758573e-06	-1.685372e-09	-3.673995e+01	-4.159866e+02
7.010000e-06	-6.776117e-06	-1.687874e-09	-3.683531e+01	-4.168163e+02
7.020000e-06	-6.793223e-06	-1.691095e-09	-3.692830e+01	-4.176219e+02
7.030000e-06	-6.809887e-06	-1.692425e-09	-3.701889e+01	-4.184028e+02
7.040000e-06	-6.826103e-06	-1.692681e-09	-3.710704e+01	-4.191589e+02
7.050000e-06	-6.842123e-06	-1.694418e-09	-3.719413e+01	-4.198899e+02
7.060000e-06	-6.857761e-06	-1.697662e-09	-3.727914e+01	-4.205957e+02
7.070000e-06	-6.872561e-06	-1.701267e-09	-3.735959e+01	-4.212762e+02
7.080000e-06	-6.886449e-06	-1.704270e-09	-3.743509e+01	-4.219313e+02
7.090000e-06	-6.899603e-06	-1.705721e-09	-3.750659e+01	-4.225611e+02
7.100000e-06	-6.912255e-06	-1.707364e-09	-3.757537e+01	-4.231656e+02
7.110000e-06	-6.924463e-06	-1.709307e-09	-3.764173e+01	-4.237450e+02
7.120000e-06	-6.936189e-06	-1.709972e-09	-3.770548e+01	-4.242995e+02
7.130000e-06	-6.947363e-06	-1.709759e-09	-3.776622e+01	-4.248293e+02
7.140000e-06	-6.957878e-06	-1.710217e-09	-3.782338e+01	-4.253348e+02
7.150000e-06	-6.967923e-06	-1.711879e-09	-3.787798e+01	-4.258163e+02
7.160000e-06	-6.977635e-06	-1.713339e-09	-3.793078e+01	-4.262743e+02
7.170000e-06	-6.986702e-06	-1.714760e-09	-3.798007e+01	-4.267090e+02
7.180000e-06	-6.995267e-06	-1.716459e-09	-3.802663e+01	-4.271210e+02
7.190000e-06	-7.003642e-06	-1.716540e-09	-3.807215e+01	-4.275108e+02
7.200000e-06	-7.011720e-06	-1.716235e-09	-3.811607e+01	-4.278789e+02
7.210000e-06	-7.019486e-06	-1.717454e-09	-3.815828e+01	-4.282258e+02
7.220000e-06	-7.026657e-06	-1.718096e-09	-3.819726e+01	-4.285520e+02
7.230000e-06	-7.032918e-06	-1.717370e-09	-3.823130e+01	-4.288581e+02
7.240000e-06	-7.038341e-06	-1.717001e-09	-3.826078e+01	-4.291447e+02
7.250000e-06	-7.043117e-06	-1.717534e-09	-3.828674e+01	-4.294122e+02
7.260000e-06	-7.047455e-06	-1.718375e-09	-3.831032e+01	-4.296612e+02
7.270000e-06	-7.051529e-06	-1.718956e-09	-3.833247e+01	-4.298923e+02
7.280000e-06	-7.055253e-06	-1.719367e-09	-3.835271e+01	-4.301059e+02
7.290000e-06	-7.058464e-06	-1.719664e-09	-3.837017e+01	-4.303025e+02
7.300000e-06	-7.061153e-06	-1.718721e-09	-3.838478e+01	-4.304827e+02
7.310000e-06	-7.063441e-06	-1.717440e-09	-3.839722e+01	-4.306468e+02
7.320000e-06	-7.065399e-06	-1.718015e-09	-3.840787e+01	-4.307954e+02
7.330000e-06	-7.066781e-06	-1.719189e-09	-3.841538e+01	-4.309288e+02
7.340000e-06	-7.067639e-06	-1.720062e-09	-3.842004e+01	-4.310473e+02
