# Temperatura_=_18.1
# Concentracion g/m^3_=_7400.0
# C_Vs_to_Am_M_A/Vsm_=_254322799225.57578
# pendiente_HvsI_1/m_=_3716.3
# ordenada_HvsI_A/m_=_1297.0
# frecuencia_Hz_=_136116.10044910185

Tiempo_(s)	Campo_(V.s)	Magnetizacion_(V.s)	Campo_(kA/m)	Magnetizacion_(A/m)
0.000000e+00	-7.071619e-06	-1.799671e-09	-3.842264e+01	-4.510393e+02
1.000000e-08	-7.071804e-06	-1.799462e-09	-3.842364e+01	-4.512573e+02
2.000000e-08	-7.071721e-06	-1.799464e-09	-3.842319e+01	-4.514501e+02
3.000000e-08	-7.071280e-06	-1.798261e-09	-3.842079e+01	-4.516167e+02
4.000000e-08	-7.070278e-06	-1.796876e-09	-3.841535e+01	-4.517561e+02
5.000000e-08	-7.068477e-06	-1.798002e-09	-3.840556e+01	-4.518675e+02
6.000000e-08	-7.065723e-06	-1.799820e-09	-3.839060e+01	-4.519501e+02
7.000000e-08	-7.062354e-06	-1.803841e-09	-3.837230e+01	-4.520033e+02
8.000000e-08	-7.058693e-06	-1.813727e-09	-3.835240e+01	-4.520264e+02
9.000000e-08	-7.054637e-06	-1.804444e-09	-3.833037e+01	-4.520191e+02
1.000000e-07	-7.049822e-06	-1.758273e-09	-3.830420e+01	-4.519811e+02
1.100000e-07	-7.044168e-06	-1.749017e-09	-3.827349e+01	-4.519122e+02
1.200000e-07	-7.038169e-06	-1.833586e-09	-3.824089e+01	-4.518125e+02
1.300000e-07	-7.032060e-06	-1.873134e-09	-3.820770e+01	-4.516821e+02
1.400000e-07	-7.025558e-06	-1.769112e-09	-3.817237e+01	-4.515213e+02
1.500000e-07	-7.018384e-06	-1.713986e-09	-3.813339e+01	-4.513307e+02
1.600000e-07	-7.010672e-06	-1.834028e-09	-3.809149e+01	-4.511109e+02
1.700000e-07	-7.002783e-06	-1.883624e-09	-3.804863e+01	-4.508626e+02
1.800000e-07	-6.994554e-06	-1.721234e-09	-3.800392e+01	-4.505866e+02
1.900000e-07	-6.985656e-06	-1.664772e-09	-3.795557e+01	-4.502841e+02
2.000000e-07	-6.976163e-06	-1.850778e-09	-3.790399e+01	-4.499561e+02
2.100000e-07	-6.966295e-06	-1.908500e-09	-3.785037e+01	-4.496038e+02
2.200000e-07	-6.955676e-06	-1.722182e-09	-3.779268e+01	-4.492284e+02
2.300000e-07	-6.944120e-06	-1.674581e-09	-3.772989e+01	-4.488313e+02
2.400000e-07	-6.932028e-06	-1.831111e-09	-3.766419e+01	-4.484137e+02
2.500000e-07	-6.919550e-06	-1.831356e-09	-3.759639e+01	-4.479771e+02
2.600000e-07	-6.906522e-06	-1.698136e-09	-3.752560e+01	-4.475227e+02
2.700000e-07	-6.892842e-06	-1.738755e-09	-3.745127e+01	-4.470520e+02
2.800000e-07	-6.878575e-06	-1.837688e-09	-3.737376e+01	-4.465660e+02
2.900000e-07	-6.863743e-06	-1.764316e-09	-3.729317e+01	-4.460662e+02
3.000000e-07	-6.848093e-06	-1.710541e-09	-3.720814e+01	-4.455536e+02
3.100000e-07	-6.831495e-06	-1.787133e-09	-3.711796e+01	-4.450293e+02
3.200000e-07	-6.814509e-06	-1.763954e-09	-3.702567e+01	-4.444942e+02
3.300000e-07	-6.797298e-06	-1.680607e-09	-3.693215e+01	-4.439494e+02
3.400000e-07	-6.779738e-06	-1.763326e-09	-3.683674e+01	-4.433954e+02
3.500000e-07	-6.761777e-06	-1.833061e-09	-3.673915e+01	-4.428331e+02
3.600000e-07	-6.743292e-06	-1.708224e-09	-3.663872e+01	-4.422629e+02
3.700000e-07	-6.724201e-06	-1.665425e-09	-3.653499e+01	-4.416853e+02
3.800000e-07	-6.704679e-06	-1.786129e-09	-3.642892e+01	-4.411006e+02
3.900000e-07	-6.684887e-06	-1.773588e-09	-3.632138e+01	-4.405090e+02
4.000000e-07	-6.664789e-06	-1.668055e-09	-3.621218e+01	-4.399108e+02
4.100000e-07	-6.644239e-06	-1.718351e-09	-3.610053e+01	-4.393058e+02
4.200000e-07	-6.623070e-06	-1.779757e-09	-3.598551e+01	-4.386942e+02
4.300000e-07	-6.601306e-06	-1.707619e-09	-3.586725e+01	-4.380757e+02
4.400000e-07	-6.579228e-06	-1.688910e-09	-3.574730e+01	-4.374502e+02
4.500000e-07	-6.556729e-06	-1.737083e-09	-3.562506e+01	-4.368175e+02
4.600000e-07	-6.533712e-06	-1.697582e-09	-3.550000e+01	-4.361772e+02
4.700000e-07	-6.510332e-06	-1.671305e-09	-3.537296e+01	-4.355291e+02
4.800000e-07	-6.486558e-06	-1.730755e-09	-3.524379e+01	-4.348727e+02
4.900000e-07	-6.462407e-06	-1.719141e-09	-3.511257e+01	-4.342078e+02
5.000000e-07	-6.437802e-06	-1.656936e-09	-3.497888e+01	-4.335340e+02
5.100000e-07	-6.412662e-06	-1.679307e-09	-3.484229e+01	-4.328508e+02
5.200000e-07	-6.386793e-06	-1.703200e-09	-3.470173e+01	-4.321579e+02
5.300000e-07	-6.360111e-06	-1.665148e-09	-3.455676e+01	-4.314548e+02
5.400000e-07	-6.332812e-06	-1.663690e-09	-3.440843e+01	-4.307412e+02
5.500000e-07	-6.305137e-06	-1.686470e-09	-3.425806e+01	-4.300167e+02
5.600000e-07	-6.277268e-06	-1.666324e-09	-3.410664e+01	-4.292809e+02
5.700000e-07	-6.249175e-06	-1.654367e-09	-3.395401e+01	-4.285333e+02
5.800000e-07	-6.220604e-06	-1.664085e-09	-3.379877e+01	-4.277735e+02
5.900000e-07	-6.191463e-06	-1.646847e-09	-3.364044e+01	-4.270010e+02
6.000000e-07	-6.161834e-06	-1.633735e-09	-3.347945e+01	-4.262155e+02
6.100000e-07	-6.131918e-06	-1.647165e-09	-3.331691e+01	-4.254164e+02
6.200000e-07	-6.101505e-06	-1.644667e-09	-3.315166e+01	-4.246030e+02
6.300000e-07	-6.070408e-06	-1.631504e-09	-3.298270e+01	-4.237750e+02
6.400000e-07	-6.038983e-06	-1.631312e-09	-3.281196e+01	-4.229316e+02
6.500000e-07	-6.007429e-06	-1.623285e-09	-3.264051e+01	-4.220720e+02
6.600000e-07	-5.975639e-06	-1.611733e-09	-3.246779e+01	-4.211957e+02
6.700000e-07	-5.943507e-06	-1.613458e-09	-3.229320e+01	-4.203016e+02
6.800000e-07	-5.910921e-06	-1.609854e-09	-3.211615e+01	-4.193890e+02
6.900000e-07	-5.877854e-06	-1.600062e-09	-3.193648e+01	-4.184569e+02
7.000000e-07	-5.844045e-06	-1.597277e-09	-3.175279e+01	-4.175042e+02
7.100000e-07	-5.809447e-06	-1.591062e-09	-3.156480e+01	-4.165299e+02
7.200000e-07	-5.774473e-06	-1.582040e-09	-3.137478e+01	-4.155328e+02
7.300000e-07	-5.739114e-06	-1.581317e-09	-3.118266e+01	-4.145117e+02
7.400000e-07	-5.703391e-06	-1.578313e-09	-3.098857e+01	-4.134654e+02
7.500000e-07	-5.667386e-06	-1.570210e-09	-3.079294e+01	-4.123926e+02
7.600000e-07	-5.631110e-06	-1.568617e-09	-3.059584e+01	-4.112920e+02
7.700000e-07	-5.594459e-06	-1.566408e-09	-3.039670e+01	-4.101625e+02
7.800000e-07	-5.557289e-06	-1.554881e-09	-3.019474e+01	-4.090026e+02
7.900000e-07	-5.519771e-06	-1.545679e-09	-2.999089e+01	-4.078113e+02
8.000000e-07	-5.481839e-06	-1.542033e-09	-2.978479e+01	-4.065872e+02
8.100000e-07	-5.443295e-06	-1.537877e-09	-2.957537e+01	-4.053294e+02
8.200000e-07	-5.404426e-06	-1.534847e-09	-2.936418e+01	-4.040368e+02
8.300000e-07	-5.365304e-06	-1.531105e-09	-2.915162e+01	-4.027085e+02
8.400000e-07	-5.325792e-06	-1.522929e-09	-2.893694e+01	-4.013437e+02
8.500000e-07	-5.285868e-06	-1.514806e-09	-2.872001e+01	-3.999418e+02
8.600000e-07	-5.245767e-06	-1.509308e-09	-2.850213e+01	-3.985023e+02
8.700000e-07	-5.205579e-06	-1.503912e-09	-2.828378e+01	-3.970248e+02
8.800000e-07	-5.165020e-06	-1.497309e-09	-2.806340e+01	-3.955092e+02
8.900000e-07	-5.123972e-06	-1.489990e-09	-2.784037e+01	-3.939555e+02
9.000000e-07	-5.082305e-06	-1.484088e-09	-2.761398e+01	-3.923639e+02
9.100000e-07	-5.039963e-06	-1.479430e-09	-2.738392e+01	-3.907349e+02
9.200000e-07	-4.997084e-06	-1.472290e-09	-2.715095e+01	-3.890689e+02
9.300000e-07	-4.953809e-06	-1.463110e-09	-2.691582e+01	-3.873667e+02
9.400000e-07	-4.910192e-06	-1.454744e-09	-2.667883e+01	-3.856292e+02
9.500000e-07	-4.866185e-06	-1.447358e-09	-2.643973e+01	-3.838576e+02
9.600000e-07	-4.821893e-06	-1.440335e-09	-2.619907e+01	-3.820529e+02
9.700000e-07	-4.777450e-06	-1.432311e-09	-2.595759e+01	-3.802166e+02
9.800000e-07	-4.732737e-06	-1.423644e-09	-2.571465e+01	-3.783500e+02
9.900000e-07	-4.687595e-06	-1.415493e-09	-2.546938e+01	-3.764547e+02
1.000000e-06	-4.642145e-06	-1.407993e-09	-2.522243e+01	-3.745322e+02
1.010000e-06	-4.596450e-06	-1.401148e-09	-2.497416e+01	-3.725842e+02
1.020000e-06	-4.550420e-06	-1.394156e-09	-2.472406e+01	-3.706122e+02
1.030000e-06	-4.504045e-06	-1.386426e-09	-2.447209e+01	-3.686178e+02
1.040000e-06	-4.457178e-06	-1.378754e-09	-2.421744e+01	-3.666025e+02
1.050000e-06	-4.409907e-06	-1.371813e-09	-2.396060e+01	-3.645679e+02
1.060000e-06	-4.362534e-06	-1.364903e-09	-2.370321e+01	-3.625152e+02
1.070000e-06	-4.315073e-06	-1.356478e-09	-2.344534e+01	-3.604457e+02
1.080000e-06	-4.267330e-06	-1.346945e-09	-2.318593e+01	-3.583605e+02
1.090000e-06	-4.219334e-06	-1.338103e-09	-2.292515e+01	-3.562605e+02
1.100000e-06	-4.170994e-06	-1.330328e-09	-2.266250e+01	-3.541464e+02
1.110000e-06	-4.122283e-06	-1.322420e-09	-2.239784e+01	-3.520189e+02
1.120000e-06	-4.073256e-06	-1.313277e-09	-2.213146e+01	-3.498782e+02
1.130000e-06	-4.023775e-06	-1.303034e-09	-2.186261e+01	-3.477245e+02
1.140000e-06	-3.973801e-06	-1.293335e-09	-2.159108e+01	-3.455578e+02
1.150000e-06	-3.923392e-06	-1.285400e-09	-2.131719e+01	-3.433777e+02
1.160000e-06	-3.872587e-06	-1.277449e-09	-2.104115e+01	-3.411838e+02
1.170000e-06	-3.821435e-06	-1.268456e-09	-2.076322e+01	-3.389754e+02
1.180000e-06	-3.770022e-06	-1.259219e-09	-2.048388e+01	-3.367517e+02
1.190000e-06	-3.718290e-06	-1.248827e-09	-2.020280e+01	-3.345116e+02
1.200000e-06	-3.666236e-06	-1.238157e-09	-1.991997e+01	-3.322539e+02
1.210000e-06	-3.613919e-06	-1.229078e-09	-1.963572e+01	-3.299774e+02
1.220000e-06	-3.561321e-06	-1.221332e-09	-1.934993e+01	-3.276805e+02
1.230000e-06	-3.508433e-06	-1.212991e-09	-1.906257e+01	-3.253619e+02
1.240000e-06	-3.455329e-06	-1.203284e-09	-1.877404e+01	-3.230198e+02
1.250000e-06	-3.402036e-06	-1.193714e-09	-1.848448e+01	-3.206528e+02
1.260000e-06	-3.348458e-06	-1.183793e-09	-1.819337e+01	-3.182591e+02
1.270000e-06	-3.294504e-06	-1.172748e-09	-1.790022e+01	-3.158371e+02
1.280000e-06	-3.240331e-06	-1.162279e-09	-1.760588e+01	-3.133853e+02
1.290000e-06	-3.185997e-06	-1.152940e-09	-1.731066e+01	-3.109021e+02
1.300000e-06	-3.131401e-06	-1.143096e-09	-1.701402e+01	-3.083861e+02
1.310000e-06	-3.076627e-06	-1.132523e-09	-1.671642e+01	-3.058358e+02
1.320000e-06	-3.021722e-06	-1.122035e-09	-1.641810e+01	-3.032500e+02
1.330000e-06	-2.966567e-06	-1.111177e-09	-1.611842e+01	-3.006275e+02
1.340000e-06	-2.911135e-06	-1.099735e-09	-1.581724e+01	-2.979673e+02
1.350000e-06	-2.855589e-06	-1.088587e-09	-1.551544e+01	-2.952684e+02
1.360000e-06	-2.799964e-06	-1.078747e-09	-1.521321e+01	-2.925300e+02
1.370000e-06	-2.744180e-06	-1.070136e-09	-1.491011e+01	-2.897514e+02
1.380000e-06	-2.688283e-06	-1.061190e-09	-1.460640e+01	-2.869319e+02
1.390000e-06	-2.632274e-06	-1.051676e-09	-1.430208e+01	-2.840712e+02
1.400000e-06	-2.576125e-06	-1.040980e-09	-1.399701e+01	-2.811688e+02
1.410000e-06	-2.519867e-06	-1.029140e-09	-1.369134e+01	-2.782243e+02
1.420000e-06	-2.463488e-06	-1.017748e-09	-1.338501e+01	-2.752373e+02
1.430000e-06	-2.406954e-06	-1.006100e-09	-1.307784e+01	-2.722076e+02
1.440000e-06	-2.350132e-06	-9.944329e-10	-1.276911e+01	-2.691349e+02
1.450000e-06	-2.293046e-06	-9.840761e-10	-1.245894e+01	-2.660189e+02
1.460000e-06	-2.235630e-06	-9.741992e-10	-1.214698e+01	-2.628590e+02
1.470000e-06	-2.177829e-06	-9.629106e-10	-1.183293e+01	-2.596550e+02
1.480000e-06	-2.119858e-06	-9.504586e-10	-1.151795e+01	-2.564061e+02
1.490000e-06	-2.061778e-06	-9.380049e-10	-1.120238e+01	-2.531117e+02
1.500000e-06	-2.003432e-06	-9.258393e-10	-1.088536e+01	-2.497709e+02
1.510000e-06	-1.944896e-06	-9.140536e-10	-1.056731e+01	-2.463827e+02
1.520000e-06	-1.886224e-06	-9.016681e-10	-1.024853e+01	-2.429459e+02
1.530000e-06	-1.827248e-06	-8.880745e-10	-9.928090e+00	-2.394591e+02
1.540000e-06	-1.768030e-06	-8.742046e-10	-9.606338e+00	-2.359206e+02
1.550000e-06	-1.708597e-06	-8.616318e-10	-9.283420e+00	-2.323287e+02
1.560000e-06	-1.648983e-06	-8.500961e-10	-8.959513e+00	-2.286813e+02
1.570000e-06	-1.589340e-06	-8.375790e-10	-8.635455e+00	-2.249761e+02
1.580000e-06	-1.529714e-06	-8.242567e-10	-8.311482e+00	-2.212107e+02
1.590000e-06	-1.470063e-06	-8.113088e-10	-7.987376e+00	-2.173826e+02
1.600000e-06	-1.410330e-06	-7.983384e-10	-7.662829e+00	-2.134888e+02
1.610000e-06	-1.350468e-06	-7.841524e-10	-7.337574e+00	-2.095266e+02
1.620000e-06	-1.290515e-06	-7.689384e-10	-7.011830e+00	-2.054929e+02
1.630000e-06	-1.230499e-06	-7.537619e-10	-6.685743e+00	-2.013845e+02
1.640000e-06	-1.170414e-06	-7.388949e-10	-6.359276e+00	-1.971983e+02
1.650000e-06	-1.110329e-06	-7.239746e-10	-6.032812e+00	-1.929311e+02
1.660000e-06	-1.050185e-06	-7.082502e-10	-5.706031e+00	-1.885799e+02
1.670000e-06	-9.899316e-07	-6.912596e-10	-5.378653e+00	-1.841416e+02
1.680000e-06	-9.296645e-07	-6.741263e-10	-5.051200e+00	-1.796133e+02
1.690000e-06	-8.694016e-07	-6.587581e-10	-4.723770e+00	-1.749922e+02
1.700000e-06	-8.090584e-07	-6.434730e-10	-4.395903e+00	-1.702759e+02
1.710000e-06	-7.487268e-07	-6.264624e-10	-4.068101e+00	-1.654621e+02
1.720000e-06	-6.884213e-07	-6.088828e-10	-3.740439e+00	-1.605488e+02
1.730000e-06	-6.280460e-07	-5.910454e-10	-3.412399e+00	-1.555345e+02
1.740000e-06	-5.675522e-07	-5.724170e-10	-3.083714e+00	-1.504180e+02
1.750000e-06	-5.069992e-07	-5.529463e-10	-2.754708e+00	-1.451985e+02
1.760000e-06	-4.464574e-07	-5.334230e-10	-2.425763e+00	-1.398757e+02
1.770000e-06	-3.858489e-07	-5.131388e-10	-2.096455e+00	-1.344498e+02
1.780000e-06	-3.252747e-07	-4.905074e-10	-1.767334e+00	-1.289216e+02
1.790000e-06	-2.646610e-07	-4.678132e-10	-1.437998e+00	-1.232922e+02
1.800000e-06	-2.039408e-07	-4.469566e-10	-1.108084e+00	-1.175635e+02
1.810000e-06	-1.433074e-07	-4.256771e-10	-7.786406e-01	-1.117377e+02
1.820000e-06	-8.275998e-08	-4.023841e-10	-4.496646e-01	-1.058178e+02
1.830000e-06	-2.214142e-08	-3.780944e-10	-1.203023e-01	-9.980715e+01
1.840000e-06	3.858334e-08	-3.541221e-10	2.096371e-01	-9.370973e+01
1.850000e-06	9.932297e-08	-3.306440e-10	5.396572e-01	-8.753001e+01
1.860000e-06	1.600073e-07	-3.073959e-10	8.693769e-01	-8.127293e+01
1.870000e-06	2.207479e-07	-2.831446e-10	1.199402e+00	-7.494390e+01
1.880000e-06	2.814866e-07	-2.569838e-10	1.529417e+00	-6.854876e+01
1.890000e-06	3.421137e-07	-2.306006e-10	1.858826e+00	-6.209372e+01
1.900000e-06	4.027716e-07	-2.048558e-10	2.188402e+00	-5.558533e+01
1.910000e-06	4.634555e-07	-1.799336e-10	2.518120e+00	-4.903041e+01
1.920000e-06	5.240310e-07	-1.551094e-10	2.847248e+00	-4.243603e+01
1.930000e-06	5.845328e-07	-1.298122e-10	3.175976e+00	-3.580943e+01
1.940000e-06	6.451356e-07	-1.046377e-10	3.505253e+00	-2.915799e+01
1.950000e-06	7.057026e-07	-7.796245e-11	3.834334e+00	-2.248912e+01
1.960000e-06	7.661052e-07	-5.000780e-11	4.162524e+00	-1.581027e+01
1.970000e-06	8.263583e-07	-2.270129e-11	4.489901e+00	-9.128818e+00
1.980000e-06	8.865826e-07	4.310682e-12	4.817121e+00	-2.452034e+00
1.990000e-06	9.468176e-07	3.106796e-11	5.144399e+00	4.212974e+00
2.000000e-06	1.006958e-06	5.676462e-11	5.471161e+00	1.085932e+01
2.010000e-06	1.067035e-06	8.225932e-11	5.797585e+00	1.748037e+01
2.020000e-06	1.127063e-06	1.082241e-10	6.123735e+00	2.406983e+01
2.030000e-06	1.187040e-06	1.343175e-10	6.449616e+00	3.062175e+01
2.040000e-06	1.246996e-06	1.592016e-10	6.775378e+00	3.713055e+01
2.050000e-06	1.306970e-06	1.824585e-10	7.101238e+00	4.359112e+01
2.060000e-06	1.366953e-06	2.057180e-10	7.427143e+00	4.999875e+01
2.070000e-06	1.426917e-06	2.288755e-10	7.752953e+00	5.634924e+01
2.080000e-06	1.486736e-06	2.531823e-10	8.077968e+00	6.263886e+01
2.090000e-06	1.546380e-06	2.773839e-10	8.402036e+00	6.886438e+01
2.100000e-06	1.605956e-06	2.998206e-10	8.725736e+00	7.502305e+01
2.110000e-06	1.665397e-06	3.228246e-10	9.048697e+00	8.111263e+01
2.120000e-06	1.724727e-06	3.459944e-10	9.371056e+00	8.713136e+01
2.130000e-06	1.783904e-06	3.685529e-10	9.692587e+00	9.307795e+01
2.140000e-06	1.843057e-06	3.900621e-10	1.001399e+01	9.895156e+01
2.150000e-06	1.902173e-06	4.104091e-10	1.033519e+01	1.047517e+02
2.160000e-06	1.960936e-06	4.305034e-10	1.065447e+01	1.104785e+02
2.170000e-06	2.019430e-06	4.513907e-10	1.097229e+01	1.161322e+02
2.180000e-06	2.077846e-06	4.720550e-10	1.128968e+01	1.217134e+02
2.190000e-06	2.136145e-06	4.919748e-10	1.160644e+01	1.272231e+02
2.200000e-06	2.193972e-06	5.123635e-10	1.192064e+01	1.326625e+02
2.210000e-06	2.251368e-06	5.320603e-10	1.223249e+01	1.380329e+02
2.220000e-06	2.308510e-06	5.510882e-10	1.254296e+01	1.433359e+02
2.230000e-06	2.365438e-06	5.705799e-10	1.285227e+01	1.485732e+02
2.240000e-06	2.422157e-06	5.892483e-10	1.316045e+01	1.537465e+02
2.250000e-06	2.478655e-06	6.072536e-10	1.346742e+01	1.588575e+02
2.260000e-06	2.535003e-06	6.250819e-10	1.377358e+01	1.639079e+02
2.270000e-06	2.591154e-06	6.418482e-10	1.407867e+01	1.688995e+02
2.280000e-06	2.647079e-06	6.586089e-10	1.438252e+01	1.738338e+02
2.290000e-06	2.702897e-06	6.755814e-10	1.468581e+01	1.787123e+02
2.300000e-06	2.758715e-06	6.927695e-10	1.498908e+01	1.835363e+02
2.310000e-06	2.814488e-06	7.112663e-10	1.529212e+01	1.883070e+02
2.320000e-06	2.870049e-06	7.293010e-10	1.559400e+01	1.930254e+02
2.330000e-06	2.925332e-06	7.457228e-10	1.589438e+01	1.976922e+02
2.340000e-06	2.980424e-06	7.618132e-10	1.619371e+01	2.023081e+02
2.350000e-06	3.035322e-06	7.779118e-10	1.649199e+01	2.068733e+02
2.360000e-06	3.089989e-06	7.947550e-10	1.678901e+01	2.113879e+02
2.370000e-06	3.144543e-06	8.119128e-10	1.708542e+01	2.158520e+02
2.380000e-06	3.198926e-06	8.284181e-10	1.738091e+01	2.202651e+02
2.390000e-06	3.252917e-06	8.452416e-10	1.767426e+01	2.246269e+02
2.400000e-06	3.306686e-06	8.618497e-10	1.796641e+01	2.289366e+02
2.410000e-06	3.360271e-06	8.771529e-10	1.825755e+01	2.331934e+02
2.420000e-06	3.413552e-06	8.921508e-10	1.854705e+01	2.373965e+02
2.430000e-06	3.466611e-06	9.077490e-10	1.883534e+01	2.415447e+02
2.440000e-06	3.519546e-06	9.239781e-10	1.912295e+01	2.456370e+02
2.450000e-06	3.572203e-06	9.408737e-10	1.940906e+01	2.496722e+02
2.460000e-06	3.624472e-06	9.569174e-10	1.969305e+01	2.536491e+02
2.470000e-06	3.676479e-06	9.712919e-10	1.997563e+01	2.575666e+02
2.480000e-06	3.728236e-06	9.858888e-10	2.025684e+01	2.614234e+02
2.490000e-06	3.779739e-06	1.001049e-09	2.053668e+01	2.652187e+02
2.500000e-06	3.830912e-06	1.016635e-09	2.081472e+01	2.689513e+02
2.510000e-06	3.881670e-06	1.032144e-09	2.109050e+01	2.726206e+02
2.520000e-06	3.931937e-06	1.046164e-09	2.136362e+01	2.762257e+02
2.530000e-06	3.981668e-06	1.058637e-09	2.163383e+01	2.797663e+02
2.540000e-06	4.030869e-06	1.070938e-09	2.190115e+01	2.832419e+02
2.550000e-06	4.079659e-06	1.084007e-09	2.216625e+01	2.866526e+02
2.560000e-06	4.128174e-06	1.097467e-09	2.242984e+01	2.899983e+02
2.570000e-06	4.176374e-06	1.110897e-09	2.269173e+01	2.932793e+02
2.580000e-06	4.224354e-06	1.123823e-09	2.295242e+01	2.964963e+02
2.590000e-06	4.272137e-06	1.136787e-09	2.321205e+01	2.996499e+02
2.600000e-06	4.319732e-06	1.148764e-09	2.347065e+01	3.027412e+02
2.610000e-06	4.367133e-06	1.159358e-09	2.372819e+01	3.057712e+02
2.620000e-06	4.414206e-06	1.169778e-09	2.398396e+01	3.087414e+02
2.630000e-06	4.460870e-06	1.180630e-09	2.423750e+01	3.116532e+02
2.640000e-06	4.507117e-06	1.192596e-09	2.448878e+01	3.145085e+02
2.650000e-06	4.553129e-06	1.204468e-09	2.473878e+01	3.173089e+02
2.660000e-06	4.598728e-06	1.215853e-09	2.498653e+01	3.200565e+02
2.670000e-06	4.643921e-06	1.225405e-09	2.523208e+01	3.227533e+02
2.680000e-06	4.688938e-06	1.233094e-09	2.547668e+01	3.254013e+02
2.690000e-06	4.733628e-06	1.241129e-09	2.571950e+01	3.280027e+02
2.700000e-06	4.777979e-06	1.249659e-09	2.596047e+01	3.305596e+02
2.710000e-06	4.822144e-06	1.258392e-09	2.620043e+01	3.330742e+02
2.720000e-06	4.866223e-06	1.267244e-09	2.643993e+01	3.355486e+02
2.730000e-06	4.910053e-06	1.276895e-09	2.667808e+01	3.379846e+02
2.740000e-06	4.953602e-06	1.286816e-09	2.691469e+01	3.403843e+02
2.750000e-06	4.996801e-06	1.295738e-09	2.714941e+01	3.427494e+02
2.760000e-06	5.039418e-06	1.303827e-09	2.738096e+01	3.450817e+02
2.770000e-06	5.081362e-06	1.310780e-09	2.760886e+01	3.473826e+02
2.780000e-06	5.122641e-06	1.317622e-09	2.783314e+01	3.496536e+02
2.790000e-06	5.163408e-06	1.326366e-09	2.805464e+01	3.518957e+02
2.800000e-06	5.203786e-06	1.335220e-09	2.827403e+01	3.541102e+02
2.810000e-06	5.243863e-06	1.342787e-09	2.849178e+01	3.562977e+02
2.820000e-06	5.283713e-06	1.349761e-09	2.870830e+01	3.584591e+02
2.830000e-06	5.323368e-06	1.357395e-09	2.892376e+01	3.605947e+02
2.840000e-06	5.362694e-06	1.365937e-09	2.913743e+01	3.627050e+02
2.850000e-06	5.401533e-06	1.373675e-09	2.934846e+01	3.647902e+02
2.860000e-06	5.440046e-06	1.380254e-09	2.955771e+01	3.668502e+02
2.870000e-06	5.478247e-06	1.387306e-09	2.976527e+01	3.688850e+02
2.880000e-06	5.516097e-06	1.395442e-09	2.997093e+01	3.708945e+02
2.890000e-06	5.553585e-06	1.403737e-09	3.017462e+01	3.728782e+02
2.900000e-06	5.590579e-06	1.412062e-09	3.037562e+01	3.748359e+02
2.910000e-06	5.627088e-06	1.420667e-09	3.057398e+01	3.767670e+02
2.920000e-06	5.663221e-06	1.429547e-09	3.077031e+01	3.786711e+02
2.930000e-06	5.699174e-06	1.438026e-09	3.096565e+01	3.805478e+02
2.940000e-06	5.735009e-06	1.445687e-09	3.116036e+01	3.823965e+02
2.950000e-06	5.770642e-06	1.452085e-09	3.135396e+01	3.842166e+02
2.960000e-06	5.805914e-06	1.458353e-09	3.154561e+01	3.860079e+02
2.970000e-06	5.840494e-06	1.465496e-09	3.173349e+01	3.877697e+02
2.980000e-06	5.874184e-06	1.472888e-09	3.191654e+01	3.895019e+02
2.990000e-06	5.907171e-06	1.480586e-09	3.209577e+01	3.912041e+02
3.000000e-06	5.939628e-06	1.488013e-09	3.227212e+01	3.928760e+02
3.010000e-06	5.971710e-06	1.494871e-09	3.244644e+01	3.945176e+02
3.020000e-06	6.003579e-06	1.502078e-09	3.261959e+01	3.961288e+02
3.030000e-06	6.035256e-06	1.508550e-09	3.279171e+01	3.977097e+02
3.040000e-06	6.066516e-06	1.513221e-09	3.296155e+01	3.992604e+02
3.050000e-06	6.097163e-06	1.518603e-09	3.312807e+01	4.007811e+02
3.060000e-06	6.127367e-06	1.525354e-09	3.329218e+01	4.022720e+02
3.070000e-06	6.157270e-06	1.531999e-09	3.345465e+01	4.037337e+02
3.080000e-06	6.186758e-06	1.539327e-09	3.361487e+01	4.051664e+02
3.090000e-06	6.215780e-06	1.547774e-09	3.377255e+01	4.065708e+02
3.100000e-06	6.244403e-06	1.553978e-09	3.392807e+01	4.079472e+02
3.110000e-06	6.272668e-06	1.558161e-09	3.408165e+01	4.092964e+02
3.120000e-06	6.300706e-06	1.564099e-09	3.423399e+01	4.106188e+02
3.130000e-06	6.328447e-06	1.570368e-09	3.438472e+01	4.119151e+02
3.140000e-06	6.355762e-06	1.574120e-09	3.453313e+01	4.131858e+02
3.150000e-06	6.382569e-06	1.577113e-09	3.467878e+01	4.144315e+02
3.160000e-06	6.408759e-06	1.582206e-09	3.482108e+01	4.156528e+02
3.170000e-06	6.434074e-06	1.589296e-09	3.495863e+01	4.168503e+02
3.180000e-06	6.458598e-06	1.596288e-09	3.509187e+01	4.180243e+02
3.190000e-06	6.482684e-06	1.602956e-09	3.522274e+01	4.191754e+02
3.200000e-06	6.506418e-06	1.608995e-09	3.535170e+01	4.203039e+02
3.210000e-06	6.529728e-06	1.612520e-09	3.547835e+01	4.214103e+02
3.220000e-06	6.552585e-06	1.616004e-09	3.560254e+01	4.224947e+02
3.230000e-06	6.575020e-06	1.621051e-09	3.572443e+01	4.235574e+02
3.240000e-06	6.597007e-06	1.625681e-09	3.584390e+01	4.245987e+02
3.250000e-06	6.618631e-06	1.629754e-09	3.596139e+01	4.256187e+02
3.260000e-06	6.639752e-06	1.634976e-09	3.607615e+01	4.266175e+02
3.270000e-06	6.660331e-06	1.641051e-09	3.618796e+01	4.275952e+02
3.280000e-06	6.680555e-06	1.646409e-09	3.629785e+01	4.285518e+02
3.290000e-06	6.700544e-06	1.650549e-09	3.640645e+01	4.294874e+02
3.300000e-06	6.720316e-06	1.653968e-09	3.651388e+01	4.304021e+02
3.310000e-06	6.739691e-06	1.657236e-09	3.661915e+01	4.312959e+02
3.320000e-06	6.758398e-06	1.661966e-09	3.672079e+01	4.321687e+02
3.330000e-06	6.776428e-06	1.668151e-09	3.681876e+01	4.330208e+02
3.340000e-06	6.793966e-06	1.672957e-09	3.691405e+01	4.338522e+02
3.350000e-06	6.811119e-06	1.676159e-09	3.700724e+01	4.346630e+02
3.360000e-06	6.827934e-06	1.678326e-09	3.709861e+01	4.354533e+02
3.370000e-06	6.844219e-06	1.679556e-09	3.718709e+01	4.362235e+02
3.380000e-06	6.859715e-06	1.681280e-09	3.727129e+01	4.369736e+02
3.390000e-06	6.874551e-06	1.684533e-09	3.735190e+01	4.377041e+02
3.400000e-06	6.888945e-06	1.688657e-09	3.743010e+01	4.384152e+02
3.410000e-06	6.902886e-06	1.693644e-09	3.750585e+01	4.391072e+02
3.420000e-06	6.916289e-06	1.698635e-09	3.757867e+01	4.397807e+02
3.430000e-06	6.929134e-06	1.701038e-09	3.764846e+01	4.404360e+02
3.440000e-06	6.941503e-06	1.701026e-09	3.771567e+01	4.410735e+02
3.450000e-06	6.953405e-06	1.701713e-09	3.778034e+01	4.416938e+02
3.460000e-06	6.964910e-06	1.704365e-09	3.784285e+01	4.422972e+02
3.470000e-06	6.975819e-06	1.707292e-09	3.790212e+01	4.428843e+02
3.480000e-06	6.985667e-06	1.709136e-09	3.795563e+01	4.434554e+02
3.490000e-06	6.994639e-06	1.712083e-09	3.800438e+01	4.440109e+02
3.500000e-06	7.003101e-06	1.715039e-09	3.805036e+01	4.445512e+02
3.510000e-06	7.011173e-06	1.716359e-09	3.809421e+01	4.450765e+02
3.520000e-06	7.018982e-06	1.717504e-09	3.813664e+01	4.455871e+02
3.530000e-06	7.026372e-06	1.718804e-09	3.817679e+01	4.460831e+02
3.540000e-06	7.033294e-06	1.719989e-09	3.821440e+01	4.465645e+02
3.550000e-06	7.039749e-06	1.722416e-09	3.824947e+01	4.470313e+02
3.560000e-06	7.045644e-06	1.726333e-09	3.828151e+01	4.474833e+02
3.570000e-06	7.051037e-06	1.729528e-09	3.831081e+01	4.479202e+02
3.580000e-06	7.055943e-06	1.732179e-09	3.833746e+01	4.483417e+02
3.590000e-06	7.060400e-06	1.735042e-09	3.836168e+01	4.487473e+02
3.600000e-06	7.064489e-06	1.737791e-09	3.838390e+01	4.491364e+02
3.610000e-06	7.068340e-06	1.739441e-09	3.840482e+01	4.495083e+02
3.620000e-06	7.071814e-06	1.740873e-09	3.842369e+01	4.498623e+02
3.630000e-06	7.074592e-06	1.742684e-09	3.843879e+01	4.501974e+02
3.640000e-06	7.076617e-06	1.744487e-09	3.844979e+01	4.505128e+02
3.650000e-06	7.077862e-06	1.746933e-09	3.845656e+01	4.508075e+02
3.660000e-06	7.078380e-06	1.748953e-09	3.845937e+01	4.510805e+02
3.670000e-06	7.078496e-06	1.750388e-09	3.846000e+01	4.513307e+02
3.680000e-06	7.078417e-06	1.751885e-09	3.845957e+01	4.515571e+02
3.690000e-06	7.077928e-06	1.752898e-09	3.845691e+01	4.517586e+02
3.700000e-06	7.076907e-06	1.754395e-09	3.845137e+01	4.519342e+02
3.710000e-06	7.075378e-06	1.757679e-09	3.844306e+01	4.520830e+02
3.720000e-06	7.073353e-06	1.761499e-09	3.843206e+01	4.522040e+02
3.730000e-06	7.070921e-06	1.761571e-09	3.841885e+01	4.522966e+02
3.740000e-06	7.068069e-06	1.751462e-09	3.840335e+01	4.523598e+02
3.750000e-06	7.064734e-06	1.738966e-09	3.838522e+01	4.523932e+02
3.760000e-06	7.060882e-06	1.774645e-09	3.836430e+01	4.523963e+02
3.770000e-06	7.056288e-06	1.843357e-09	3.833934e+01	4.523688e+02
3.780000e-06	7.050539e-06	1.795645e-09	3.830810e+01	4.523104e+02
3.790000e-06	7.044096e-06	1.671029e-09	3.827309e+01	4.522212e+02
3.800000e-06	7.037661e-06	1.704000e-09	3.823813e+01	4.521012e+02
3.810000e-06	7.031065e-06	1.855869e-09	3.820229e+01	4.519508e+02
3.820000e-06	7.023794e-06	1.827315e-09	3.816279e+01	4.517703e+02
3.830000e-06	7.015874e-06	1.658511e-09	3.811975e+01	4.515603e+02
3.840000e-06	7.007737e-06	1.708339e-09	3.807554e+01	4.513216e+02
3.850000e-06	6.999383e-06	1.919274e-09	3.803015e+01	4.510550e+02
3.860000e-06	6.990307e-06	1.857573e-09	3.798084e+01	4.507614e+02
3.870000e-06	6.980543e-06	1.604682e-09	3.792779e+01	4.504420e+02
3.880000e-06	6.970516e-06	1.666473e-09	3.787331e+01	4.500978e+02
3.890000e-06	6.960177e-06	1.925223e-09	3.781713e+01	4.497302e+02
3.900000e-06	6.949102e-06	1.850882e-09	3.775696e+01	4.493404e+02
3.910000e-06	6.937265e-06	1.619200e-09	3.769264e+01	4.489297e+02
3.920000e-06	6.924897e-06	1.736148e-09	3.762544e+01	4.484995e+02
3.930000e-06	6.911936e-06	1.924275e-09	3.755502e+01	4.480512e+02
3.940000e-06	6.898249e-06	1.750612e-09	3.748066e+01	4.475859e+02
3.950000e-06	6.883823e-06	1.598281e-09	3.740228e+01	4.471051e+02
3.960000e-06	6.868984e-06	1.795539e-09	3.732165e+01	4.466100e+02
3.970000e-06	6.853643e-06	1.877500e-09	3.723830e+01	4.461018e+02
3.980000e-06	6.837687e-06	1.679494e-09	3.715160e+01	4.455814e+02
3.990000e-06	6.821348e-06	1.690032e-09	3.706283e+01	4.450501e+02
4.000000e-06	6.804614e-06	1.861711e-09	3.697190e+01	4.445086e+02
4.010000e-06	6.787343e-06	1.747532e-09	3.687806e+01	4.439578e+02
4.020000e-06	6.769604e-06	1.607264e-09	3.678168e+01	4.433984e+02
4.030000e-06	6.751466e-06	1.782955e-09	3.668313e+01	4.428310e+02
4.040000e-06	6.732818e-06	1.859658e-09	3.658181e+01	4.422560e+02
4.050000e-06	6.713589e-06	1.669901e-09	3.647733e+01	4.416739e+02
4.060000e-06	6.693875e-06	1.680053e-09	3.637022e+01	4.410848e+02
4.070000e-06	6.673805e-06	1.840724e-09	3.626117e+01	4.404890e+02
4.080000e-06	6.653507e-06	1.748123e-09	3.615088e+01	4.398866e+02
4.090000e-06	6.632920e-06	1.642861e-09	3.603903e+01	4.392774e+02
4.100000e-06	6.611676e-06	1.771191e-09	3.592360e+01	4.386614e+02
4.110000e-06	6.589548e-06	1.795669e-09	3.580337e+01	4.380385e+02
4.120000e-06	6.566730e-06	1.679024e-09	3.567940e+01	4.374084e+02
4.130000e-06	6.543318e-06	1.727984e-09	3.555219e+01	4.367709e+02
4.140000e-06	6.519491e-06	1.790595e-09	3.542273e+01	4.361256e+02
4.150000e-06	6.495392e-06	1.692782e-09	3.529179e+01	4.354723e+02
4.160000e-06	6.470976e-06	1.682610e-09	3.515913e+01	4.348105e+02
4.170000e-06	6.446146e-06	1.768726e-09	3.502422e+01	4.341399e+02
4.180000e-06	6.420752e-06	1.734164e-09	3.488624e+01	4.334601e+02
4.190000e-06	6.394950e-06	1.693349e-09	3.474605e+01	4.327707e+02
4.200000e-06	6.368598e-06	1.741249e-09	3.460287e+01	4.320712e+02
4.210000e-06	6.341679e-06	1.728229e-09	3.445661e+01	4.313614e+02
4.220000e-06	6.314424e-06	1.689475e-09	3.430853e+01	4.306408e+02
4.230000e-06	6.286744e-06	1.722076e-09	3.415813e+01	4.299090e+02
4.240000e-06	6.258752e-06	1.725540e-09	3.400604e+01	4.291656e+02
4.250000e-06	6.230562e-06	1.694023e-09	3.385287e+01	4.284101e+02
4.260000e-06	6.201899e-06	1.711656e-09	3.369713e+01	4.276422e+02
4.270000e-06	6.172645e-06	1.719893e-09	3.353819e+01	4.268613e+02
4.280000e-06	6.142735e-06	1.696626e-09	3.337568e+01	4.260669e+02
4.290000e-06	6.112038e-06	1.701490e-09	3.320889e+01	4.252586e+02
4.300000e-06	6.080769e-06	1.704330e-09	3.303900e+01	4.244358e+02
4.310000e-06	6.049116e-06	1.691713e-09	3.286701e+01	4.235978e+02
4.320000e-06	6.017030e-06	1.703496e-09	3.269268e+01	4.227439e+02
4.330000e-06	5.984636e-06	1.705829e-09	3.251667e+01	4.218734e+02
4.340000e-06	5.951938e-06	1.686134e-09	3.233901e+01	4.209856e+02
4.350000e-06	5.918824e-06	1.687609e-09	3.215909e+01	4.200795e+02
4.360000e-06	5.885274e-06	1.689911e-09	3.197680e+01	4.191542e+02
4.370000e-06	5.851364e-06	1.678348e-09	3.179256e+01	4.182087e+02
4.380000e-06	5.817104e-06	1.683926e-09	3.160641e+01	4.172419e+02
4.390000e-06	5.782440e-06	1.687082e-09	3.141806e+01	4.162528e+02
4.400000e-06	5.747339e-06	1.672545e-09	3.122735e+01	4.152400e+02
4.410000e-06	5.711807e-06	1.673975e-09	3.103429e+01	4.142025e+02
4.420000e-06	5.675999e-06	1.680256e-09	3.083973e+01	4.131389e+02
4.430000e-06	5.639944e-06	1.666006e-09	3.064383e+01	4.120479e+02
4.440000e-06	5.603656e-06	1.657912e-09	3.044667e+01	4.109284e+02
4.450000e-06	5.566973e-06	1.664457e-09	3.024736e+01	4.097790e+02
4.460000e-06	5.529674e-06	1.663424e-09	3.004470e+01	4.085985e+02
4.470000e-06	5.491688e-06	1.658234e-09	2.983831e+01	4.073857e+02
4.480000e-06	5.452950e-06	1.655566e-09	2.962783e+01	4.061395e+02
4.490000e-06	5.413671e-06	1.649038e-09	2.941441e+01	4.048588e+02
4.500000e-06	5.373992e-06	1.643353e-09	2.919882e+01	4.035427e+02
4.510000e-06	5.334016e-06	1.642926e-09	2.898162e+01	4.021904e+02
4.520000e-06	5.293865e-06	1.640301e-09	2.876346e+01	4.008011e+02
4.530000e-06	5.253442e-06	1.632871e-09	2.854383e+01	3.993744e+02
4.540000e-06	5.212681e-06	1.624963e-09	2.832236e+01	3.979098e+02
4.550000e-06	5.171571e-06	1.621122e-09	2.809900e+01	3.964071e+02
4.560000e-06	5.130078e-06	1.619848e-09	2.787355e+01	3.948663e+02
4.570000e-06	5.088099e-06	1.614190e-09	2.764546e+01	3.932876e+02
4.580000e-06	5.045744e-06	1.605878e-09	2.741533e+01	3.916712e+02
4.590000e-06	5.003086e-06	1.600589e-09	2.718355e+01	3.900176e+02
4.600000e-06	4.960006e-06	1.597199e-09	2.694949e+01	3.883276e+02
4.610000e-06	4.916569e-06	1.590652e-09	2.671348e+01	3.866020e+02
4.620000e-06	4.872891e-06	1.580915e-09	2.647616e+01	3.848419e+02
4.630000e-06	4.829042e-06	1.572677e-09	2.623791e+01	3.830483e+02
4.640000e-06	4.785038e-06	1.566504e-09	2.599882e+01	3.812226e+02
4.650000e-06	4.740736e-06	1.561101e-09	2.575811e+01	3.793661e+02
4.660000e-06	4.696034e-06	1.555880e-09	2.551523e+01	3.774804e+02
4.670000e-06	4.650936e-06	1.548563e-09	2.527020e+01	3.755670e+02
4.680000e-06	4.605629e-06	1.537954e-09	2.502403e+01	3.736276e+02
4.690000e-06	4.560056e-06	1.527263e-09	2.477642e+01	3.716636e+02
4.700000e-06	4.514068e-06	1.520490e-09	2.452655e+01	3.696767e+02
4.710000e-06	4.467701e-06	1.515943e-09	2.427462e+01	3.676684e+02
4.720000e-06	4.420945e-06	1.508818e-09	2.402057e+01	3.656403e+02
4.730000e-06	4.373998e-06	1.500159e-09	2.376550e+01	3.635937e+02
4.740000e-06	4.326794e-06	1.492692e-09	2.350902e+01	3.615299e+02
4.750000e-06	4.279102e-06	1.485055e-09	2.324989e+01	3.594501e+02
4.760000e-06	4.231042e-06	1.475324e-09	2.298877e+01	3.573551e+02
4.770000e-06	4.182629e-06	1.464396e-09	2.272572e+01	3.552459e+02
4.780000e-06	4.133851e-06	1.454937e-09	2.246069e+01	3.531230e+02
4.790000e-06	4.084769e-06	1.447674e-09	2.219401e+01	3.509869e+02
4.800000e-06	4.035294e-06	1.441439e-09	2.192520e+01	3.488378e+02
4.810000e-06	3.985564e-06	1.433572e-09	2.165499e+01	3.466756e+02
4.820000e-06	3.935691e-06	1.422778e-09	2.138402e+01	3.445002e+02
4.830000e-06	3.885418e-06	1.412004e-09	2.111087e+01	3.423112e+02
4.840000e-06	3.834833e-06	1.402226e-09	2.083602e+01	3.401080e+02
4.850000e-06	3.784071e-06	1.393526e-09	2.056021e+01	3.378897e+02
4.860000e-06	3.732990e-06	1.385119e-09	2.028267e+01	3.356554e+02
4.870000e-06	3.681594e-06	1.374779e-09	2.000342e+01	3.334039e+02
4.880000e-06	3.629983e-06	1.364170e-09	1.972299e+01	3.311341e+02
4.890000e-06	3.578134e-06	1.354514e-09	1.944128e+01	3.288444e+02
4.900000e-06	3.525952e-06	1.344958e-09	1.915776e+01	3.265333e+02
4.910000e-06	3.473423e-06	1.335240e-09	1.887235e+01	3.241995e+02
4.920000e-06	3.420605e-06	1.325797e-09	1.858537e+01	3.218412e+02
4.930000e-06	3.367545e-06	1.316374e-09	1.829708e+01	3.194567e+02
4.940000e-06	3.313973e-06	1.307341e-09	1.800600e+01	3.170446e+02
4.950000e-06	3.259957e-06	1.298034e-09	1.771251e+01	3.146031e+02
4.960000e-06	3.205748e-06	1.286499e-09	1.741798e+01	3.121308e+02
4.970000e-06	3.151149e-06	1.274000e-09	1.712132e+01	3.096261e+02
4.980000e-06	3.096255e-06	1.263364e-09	1.682306e+01	3.070876e+02
4.990000e-06	3.041167e-06	1.254740e-09	1.652375e+01	3.045140e+02
5.000000e-06	2.985686e-06	1.246261e-09	1.622230e+01	3.019040e+02
5.010000e-06	2.929934e-06	1.236698e-09	1.591938e+01	2.992567e+02
5.020000e-06	2.874072e-06	1.225021e-09	1.561586e+01	2.965710e+02
5.030000e-06	2.818037e-06	1.212907e-09	1.531141e+01	2.938461e+02
5.040000e-06	2.761849e-06	1.202238e-09	1.500612e+01	2.910812e+02
5.050000e-06	2.705531e-06	1.190660e-09	1.470012e+01	2.882756e+02
5.060000e-06	2.649091e-06	1.176953e-09	1.439346e+01	2.854289e+02
5.070000e-06	2.592660e-06	1.163571e-09	1.408685e+01	2.825407e+02
5.080000e-06	2.536033e-06	1.152241e-09	1.377917e+01	2.796104e+02
5.090000e-06	2.479038e-06	1.141991e-09	1.346950e+01	2.766379e+02
5.100000e-06	2.421945e-06	1.131275e-09	1.315929e+01	2.736227e+02
5.110000e-06	2.364706e-06	1.117694e-09	1.284829e+01	2.705646e+02
5.120000e-06	2.307273e-06	1.102695e-09	1.253624e+01	2.674632e+02
5.130000e-06	2.249659e-06	1.089750e-09	1.222320e+01	2.643182e+02
5.140000e-06	2.191890e-06	1.078139e-09	1.190932e+01	2.611292e+02
5.150000e-06	2.134079e-06	1.066011e-09	1.159522e+01	2.578955e+02
5.160000e-06	2.076095e-06	1.052275e-09	1.128016e+01	2.546166e+02
5.170000e-06	2.017862e-06	1.038536e-09	1.096377e+01	2.512916e+02
5.180000e-06	1.959451e-06	1.025913e-09	1.064640e+01	2.479196e+02
5.190000e-06	1.900873e-06	1.013064e-09	1.032812e+01	2.444994e+02
5.200000e-06	1.842145e-06	9.993439e-10	1.000903e+01	2.410296e+02
5.210000e-06	1.783395e-06	9.854286e-10	9.689821e+00	2.375087e+02
5.220000e-06	1.724495e-06	9.711815e-10	9.369801e+00	2.339351e+02
5.230000e-06	1.665433e-06	9.550342e-10	9.048893e+00	2.303066e+02
5.240000e-06	1.606307e-06	9.375495e-10	8.727639e+00	2.266211e+02
5.250000e-06	1.547008e-06	9.203838e-10	8.405448e+00	2.228763e+02
5.260000e-06	1.487595e-06	9.055741e-10	8.082635e+00	2.190696e+02
5.270000e-06	1.428136e-06	8.920311e-10	7.759572e+00	2.151983e+02
5.280000e-06	1.368611e-06	8.765711e-10	7.436151e+00	2.112594e+02
5.290000e-06	1.308980e-06	8.591339e-10	7.112156e+00	2.072501e+02
5.300000e-06	1.249199e-06	8.395626e-10	6.787345e+00	2.031671e+02
5.310000e-06	1.189320e-06	8.184057e-10	6.462002e+00	1.990074e+02
5.320000e-06	1.129383e-06	7.979329e-10	6.136340e+00	1.947678e+02
5.330000e-06	1.069457e-06	7.786825e-10	5.810740e+00	1.904452e+02
5.340000e-06	1.009520e-06	7.606657e-10	5.485083e+00	1.860365e+02
5.350000e-06	9.495305e-07	7.442411e-10	5.159139e+00	1.815387e+02
5.360000e-06	8.895933e-07	7.266882e-10	4.833478e+00	1.769491e+02
5.370000e-06	8.296785e-07	7.067204e-10	4.507940e+00	1.722650e+02
5.380000e-06	7.696638e-07	6.849305e-10	4.181859e+00	1.674841e+02
5.390000e-06	7.096126e-07	6.620681e-10	3.855579e+00	1.626044e+02
5.400000e-06	6.496024e-07	6.406001e-10	3.529522e+00	1.576241e+02
5.410000e-06	5.895648e-07	6.199658e-10	3.203317e+00	1.525420e+02
5.420000e-06	5.294154e-07	5.996860e-10	2.876503e+00	1.473571e+02
5.430000e-06	4.691191e-07	5.790022e-10	2.548892e+00	1.420690e+02
5.440000e-06	4.088064e-07	5.562309e-10	2.221191e+00	1.366776e+02
5.450000e-06	3.484715e-07	5.332210e-10	1.893370e+00	1.311836e+02
5.460000e-06	2.880972e-07	5.102943e-10	1.565335e+00	1.255880e+02
5.470000e-06	2.278092e-07	4.857717e-10	1.237769e+00	1.198924e+02
5.480000e-06	1.675718e-07	4.612032e-10	9.104773e-01	1.140989e+02
5.490000e-06	1.072486e-07	4.373012e-10	5.827201e-01	1.082102e+02
5.500000e-06	4.683743e-08	4.132326e-10	2.544845e-01	1.022296e+02
5.510000e-06	-1.357204e-08	3.899984e-10	-7.374172e-02	9.616084e+01
5.520000e-06	-7.393335e-08	3.661629e-10	-4.017063e-01	9.000824e+01
5.530000e-06	-1.342141e-07	3.405212e-10	-7.292331e-01	8.377658e+01
5.540000e-06	-1.944581e-07	3.152207e-10	-1.056561e+00	7.747112e+01
5.550000e-06	-2.546516e-07	2.900975e-10	-1.383613e+00	7.109757e+01
5.560000e-06	-3.148264e-07	2.633247e-10	-1.710564e+00	6.466200e+01
5.570000e-06	-3.750772e-07	2.362351e-10	-2.037929e+00	5.817086e+01
5.580000e-06	-4.352790e-07	2.106961e-10	-2.365026e+00	5.163089e+01
5.590000e-06	-4.954479e-07	1.847103e-10	-2.691945e+00	4.504908e+01
5.600000e-06	-5.556182e-07	1.572762e-10	-3.018873e+00	3.843263e+01
5.610000e-06	-6.156733e-07	1.303543e-10	-3.345173e+00	3.178886e+01
5.620000e-06	-6.756812e-07	1.041120e-10	-3.671218e+00	2.512519e+01
5.630000e-06	-7.357524e-07	7.691532e-11	-3.997606e+00	1.844906e+01
5.640000e-06	-7.958372e-07	4.930452e-11	-4.324068e+00	1.176788e+01
5.650000e-06	-8.558833e-07	2.344432e-11	-4.650320e+00	5.088953e+00
5.660000e-06	-9.158800e-07	-1.269255e-12	-4.976304e+00	-1.580541e+00
5.670000e-06	-9.758260e-07	-2.636624e-11	-5.302012e+00	-8.233640e+00
5.680000e-06	-1.035761e-06	-5.226057e-11	-5.627662e+00	-1.486363e+01
5.690000e-06	-1.095644e-06	-7.889970e-11	-5.953026e+00	-2.146408e+01
5.700000e-06	-1.155482e-06	-1.064836e-10	-6.278147e+00	-2.802893e+01
5.710000e-06	-1.215253e-06	-1.334789e-10	-6.602904e+00	-3.455248e+01
5.720000e-06	-1.274955e-06	-1.581219e-10	-6.927287e+00	-4.102945e+01
5.730000e-06	-1.334608e-06	-1.819350e-10	-7.251401e+00	-4.745501e+01
5.740000e-06	-1.394166e-06	-2.064317e-10	-7.575002e+00	-5.382477e+01
5.750000e-06	-1.453595e-06	-2.315130e-10	-7.897903e+00	-6.013485e+01
5.760000e-06	-1.512918e-06	-2.569030e-10	-8.220223e+00	-6.638184e+01
5.770000e-06	-1.572111e-06	-2.830675e-10	-8.541843e+00	-7.256285e+01
5.780000e-06	-1.631211e-06	-3.090336e-10	-8.862951e+00	-7.867547e+01
5.790000e-06	-1.690201e-06	-3.338953e-10	-9.183466e+00	-8.471777e+01
5.800000e-06	-1.749104e-06	-3.585557e-10	-9.503508e+00	-9.068830e+01
5.810000e-06	-1.807918e-06	-3.830402e-10	-9.823065e+00	-9.658609e+01
5.820000e-06	-1.866538e-06	-4.060578e-10	-1.014157e+01	-1.024106e+02
5.830000e-06	-1.925051e-06	-4.287471e-10	-1.045949e+01	-1.081616e+02
5.840000e-06	-1.983496e-06	-4.526233e-10	-1.077705e+01	-1.138393e+02
5.850000e-06	-2.041712e-06	-4.762403e-10	-1.109335e+01	-1.194444e+02
5.860000e-06	-2.099659e-06	-4.985978e-10	-1.140820e+01	-1.249776e+02
5.870000e-06	-2.157454e-06	-5.205254e-10	-1.172222e+01	-1.304400e+02
5.880000e-06	-2.215098e-06	-5.423640e-10	-1.203542e+01	-1.358331e+02
5.890000e-06	-2.272621e-06	-5.651323e-10	-1.234796e+01	-1.411582e+02
5.900000e-06	-2.329883e-06	-5.889226e-10	-1.265909e+01	-1.464170e+02
5.910000e-06	-2.386985e-06	-6.116849e-10	-1.296934e+01	-1.516112e+02
5.920000e-06	-2.443979e-06	-6.340712e-10	-1.327901e+01	-1.567425e+02
5.930000e-06	-2.500697e-06	-6.568436e-10	-1.358718e+01	-1.618127e+02
5.940000e-06	-2.557245e-06	-6.789224e-10	-1.389443e+01	-1.668235e+02
5.950000e-06	-2.613676e-06	-6.994888e-10	-1.420104e+01	-1.717765e+02
5.960000e-06	-2.669943e-06	-7.191772e-10	-1.450676e+01	-1.766732e+02
5.970000e-06	-2.726075e-06	-7.393101e-10	-1.481174e+01	-1.815150e+02
5.980000e-06	-2.782039e-06	-7.600545e-10	-1.511582e+01	-1.863032e+02
5.990000e-06	-2.837893e-06	-7.802960e-10	-1.541929e+01	-1.910387e+02
6.000000e-06	-2.893727e-06	-7.993075e-10	-1.572265e+01	-1.957225e+02
6.010000e-06	-2.949354e-06	-8.180779e-10	-1.602489e+01	-2.003550e+02
6.020000e-06	-3.004787e-06	-8.367524e-10	-1.632608e+01	-2.049369e+02
6.030000e-06	-3.060023e-06	-8.544544e-10	-1.662620e+01	-2.094682e+02
6.040000e-06	-3.114864e-06	-8.717117e-10	-1.692417e+01	-2.139489e+02
6.050000e-06	-3.169275e-06	-8.889438e-10	-1.721980e+01	-2.183788e+02
6.060000e-06	-3.223390e-06	-9.071047e-10	-1.751383e+01	-2.227575e+02
6.070000e-06	-3.277208e-06	-9.273165e-10	-1.780624e+01	-2.270845e+02
6.080000e-06	-3.330507e-06	-9.478229e-10	-1.809584e+01	-2.313588e+02
6.090000e-06	-3.383387e-06	-9.663172e-10	-1.838315e+01	-2.355797e+02
6.100000e-06	-3.435984e-06	-9.834011e-10	-1.866893e+01	-2.397461e+02
6.110000e-06	-3.488192e-06	-9.999095e-10	-1.895259e+01	-2.438570e+02
6.120000e-06	-3.540210e-06	-1.016547e-09	-1.923523e+01	-2.479111e+02
6.130000e-06	-3.592061e-06	-1.033563e-09	-1.951695e+01	-2.519074e+02
6.140000e-06	-3.643640e-06	-1.049744e-09	-1.979720e+01	-2.558446e+02
6.150000e-06	-3.695078e-06	-1.065176e-09	-2.007668e+01	-2.597215e+02
6.160000e-06	-3.746261e-06	-1.080987e-09	-2.035478e+01	-2.635372e+02
6.170000e-06	-3.797085e-06	-1.098179e-09	-2.063092e+01	-2.672906e+02
6.180000e-06	-3.847656e-06	-1.114814e-09	-2.090569e+01	-2.709808e+02
6.190000e-06	-3.898011e-06	-1.128977e-09	-2.117929e+01	-2.746072e+02
6.200000e-06	-3.947933e-06	-1.143099e-09	-2.145053e+01	-2.781691e+02
6.210000e-06	-3.997430e-06	-1.158526e-09	-2.171947e+01	-2.816662e+02
6.220000e-06	-4.046632e-06	-1.174150e-09	-2.198680e+01	-2.850983e+02
6.230000e-06	-4.095335e-06	-1.188702e-09	-2.225142e+01	-2.884654e+02
6.240000e-06	-4.143679e-06	-1.200940e-09	-2.251409e+01	-2.917677e+02
6.250000e-06	-4.191729e-06	-1.211755e-09	-2.277516e+01	-2.950058e+02
6.260000e-06	-4.239246e-06	-1.224071e-09	-2.303334e+01	-2.981802e+02
6.270000e-06	-4.286394e-06	-1.238104e-09	-2.328951e+01	-3.012919e+02
6.280000e-06	-4.333385e-06	-1.251213e-09	-2.354483e+01	-3.043420e+02
6.290000e-06	-4.380159e-06	-1.262904e-09	-2.379897e+01	-3.073318e+02
6.300000e-06	-4.426648e-06	-1.275526e-09	-2.405156e+01	-3.102627e+02
6.310000e-06	-4.472836e-06	-1.288443e-09	-2.430252e+01	-3.131364e+02
6.320000e-06	-4.518598e-06	-1.299948e-09	-2.455116e+01	-3.159546e+02
6.330000e-06	-4.564011e-06	-1.309952e-09	-2.479790e+01	-3.187194e+02
6.340000e-06	-4.609255e-06	-1.318845e-09	-2.504373e+01	-3.214326e+02
6.350000e-06	-4.654241e-06	-1.328513e-09	-2.528815e+01	-3.240965e+02
6.360000e-06	-4.698832e-06	-1.339319e-09	-2.553043e+01	-3.267130e+02
6.370000e-06	-4.743093e-06	-1.349896e-09	-2.577092e+01	-3.292843e+02
6.380000e-06	-4.787110e-06	-1.359171e-09	-2.601008e+01	-3.318125e+02
6.390000e-06	-4.830879e-06	-1.367915e-09	-2.624789e+01	-3.342998e+02
6.400000e-06	-4.874415e-06	-1.377793e-09	-2.648444e+01	-3.367482e+02
6.410000e-06	-4.917697e-06	-1.389179e-09	-2.671961e+01	-3.391596e+02
6.420000e-06	-4.960606e-06	-1.399537e-09	-2.695275e+01	-3.415359e+02
6.430000e-06	-5.003233e-06	-1.408229e-09	-2.718436e+01	-3.438787e+02
6.440000e-06	-5.045613e-06	-1.417807e-09	-2.741462e+01	-3.461897e+02
6.450000e-06	-5.087537e-06	-1.427891e-09	-2.764241e+01	-3.484702e+02
6.460000e-06	-5.129054e-06	-1.437104e-09	-2.786798e+01	-3.507217e+02
6.470000e-06	-5.170104e-06	-1.444822e-09	-2.809103e+01	-3.529450e+02
6.480000e-06	-5.210808e-06	-1.450789e-09	-2.831218e+01	-3.551412e+02
6.490000e-06	-5.251377e-06	-1.457537e-09	-2.853261e+01	-3.573110e+02
6.500000e-06	-5.291656e-06	-1.466715e-09	-2.875146e+01	-3.594550e+02
6.510000e-06	-5.331607e-06	-1.476110e-09	-2.896853e+01	-3.615735e+02
6.520000e-06	-5.371251e-06	-1.484011e-09	-2.918393e+01	-3.636668e+02
6.530000e-06	-5.410592e-06	-1.491415e-09	-2.939768e+01	-3.657350e+02
6.540000e-06	-5.449564e-06	-1.499698e-09	-2.960943e+01	-3.677780e+02
6.550000e-06	-5.487968e-06	-1.508983e-09	-2.981809e+01	-3.697957e+02
6.560000e-06	-5.525602e-06	-1.517558e-09	-3.002258e+01	-3.717879e+02
6.570000e-06	-5.562516e-06	-1.523598e-09	-3.022314e+01	-3.737540e+02
6.580000e-06	-5.598981e-06	-1.529065e-09	-3.042127e+01	-3.756938e+02
6.590000e-06	-5.635217e-06	-1.536706e-09	-3.061815e+01	-3.776068e+02
6.600000e-06	-5.671148e-06	-1.545563e-09	-3.081338e+01	-3.794925e+02
6.610000e-06	-5.706763e-06	-1.552995e-09	-3.100689e+01	-3.813503e+02
6.620000e-06	-5.742190e-06	-1.558862e-09	-3.119937e+01	-3.831798e+02
6.630000e-06	-5.777260e-06	-1.565953e-09	-3.138992e+01	-3.849805e+02
6.640000e-06	-5.811786e-06	-1.575384e-09	-3.157751e+01	-3.867520e+02
6.650000e-06	-5.845917e-06	-1.584197e-09	-3.176296e+01	-3.884939e+02
6.660000e-06	-5.879781e-06	-1.589845e-09	-3.194696e+01	-3.902059e+02
6.670000e-06	-5.913136e-06	-1.594352e-09	-3.212818e+01	-3.918877e+02
6.680000e-06	-5.946017e-06	-1.600764e-09	-3.230684e+01	-3.935392e+02
6.690000e-06	-5.978456e-06	-1.608387e-09	-3.248309e+01	-3.951604e+02
6.700000e-06	-6.010466e-06	-1.614836e-09	-3.265701e+01	-3.967511e+02
6.710000e-06	-6.042272e-06	-1.620288e-09	-3.282982e+01	-3.983116e+02
6.720000e-06	-6.073796e-06	-1.626572e-09	-3.300111e+01	-3.998421e+02
6.730000e-06	-6.104799e-06	-1.633532e-09	-3.316956e+01	-4.013427e+02
6.740000e-06	-6.135067e-06	-1.640195e-09	-3.333401e+01	-4.028138e+02
6.750000e-06	-6.164580e-06	-1.646321e-09	-3.349437e+01	-4.042560e+02
6.760000e-06	-6.193460e-06	-1.651562e-09	-3.365128e+01	-4.056695e+02
6.770000e-06	-6.221874e-06	-1.656791e-09	-3.380567e+01	-4.070550e+02
6.780000e-06	-6.249993e-06	-1.662988e-09	-3.395845e+01	-4.084129e+02
6.790000e-06	-6.277830e-06	-1.669273e-09	-3.410970e+01	-4.097440e+02
6.800000e-06	-6.305379e-06	-1.675063e-09	-3.425938e+01	-4.110487e+02
6.810000e-06	-6.332540e-06	-1.680435e-09	-3.440695e+01	-4.123276e+02
6.820000e-06	-6.359127e-06	-1.685762e-09	-3.455141e+01	-4.135814e+02
6.830000e-06	-6.385249e-06	-1.691982e-09	-3.469334e+01	-4.148106e+02
6.840000e-06	-6.410900e-06	-1.698290e-09	-3.483271e+01	-4.160157e+02
6.850000e-06	-6.436079e-06	-1.702635e-09	-3.496952e+01	-4.171973e+02
6.860000e-06	-6.460805e-06	-1.705536e-09	-3.510387e+01	-4.183558e+02
6.870000e-06	-6.485099e-06	-1.708794e-09	-3.523586e+01	-4.194916e+02
6.880000e-06	-6.509144e-06	-1.712624e-09	-3.536651e+01	-4.206050e+02
6.890000e-06	-6.532893e-06	-1.715951e-09	-3.549554e+01	-4.216965e+02
6.900000e-06	-6.556130e-06	-1.718809e-09	-3.562180e+01	-4.227663e+02
6.910000e-06	-6.578791e-06	-1.722526e-09	-3.574492e+01	-4.238145e+02
6.920000e-06	-6.600730e-06	-1.727691e-09	-3.586413e+01	-4.248413e+02
6.930000e-06	-6.621906e-06	-1.733127e-09	-3.597918e+01	-4.258469e+02
6.940000e-06	-6.642493e-06	-1.737513e-09	-3.609104e+01	-4.268314e+02
6.950000e-06	-6.662684e-06	-1.740051e-09	-3.620075e+01	-4.277948e+02
6.960000e-06	-6.682561e-06	-1.741839e-09	-3.630874e+01	-4.287373e+02
6.970000e-06	-6.702067e-06	-1.745517e-09	-3.641473e+01	-4.296587e+02
6.980000e-06	-6.721141e-06	-1.749449e-09	-3.651836e+01	-4.305592e+02
6.990000e-06	-6.739701e-06	-1.751858e-09	-3.661921e+01	-4.314388e+02
7.000000e-06	-6.757808e-06	-1.753529e-09	-3.671759e+01	-4.322976e+02
7.010000e-06	-6.775399e-06	-1.755075e-09	-3.681317e+01	-4.331357e+02
7.020000e-06	-6.792489e-06	-1.757288e-09	-3.690603e+01	-4.339531e+02
7.030000e-06	-6.809218e-06	-1.758958e-09	-3.699692e+01	-4.347500e+02
7.040000e-06	-6.825572e-06	-1.759151e-09	-3.708577e+01	-4.355266e+02
7.050000e-06	-6.841594e-06	-1.759873e-09	-3.717283e+01	-4.362832e+02
7.060000e-06	-6.857236e-06	-1.762550e-09	-3.725782e+01	-4.370200e+02
7.070000e-06	-6.872448e-06	-1.765934e-09	-3.734047e+01	-4.377373e+02
7.080000e-06	-6.886924e-06	-1.768905e-09	-3.741912e+01	-4.384354e+02
7.090000e-06	-6.900394e-06	-1.770866e-09	-3.749231e+01	-4.391148e+02
7.100000e-06	-6.913102e-06	-1.772400e-09	-3.756135e+01	-4.397759e+02
7.110000e-06	-6.925291e-06	-1.774865e-09	-3.762758e+01	-4.404191e+02
7.120000e-06	-6.937054e-06	-1.777263e-09	-3.769149e+01	-4.410448e+02
7.130000e-06	-6.948283e-06	-1.779831e-09	-3.775251e+01	-4.416536e+02
7.140000e-06	-6.958960e-06	-1.782522e-09	-3.781052e+01	-4.422459e+02
7.150000e-06	-6.969233e-06	-1.783527e-09	-3.786634e+01	-4.428220e+02
7.160000e-06	-6.979085e-06	-1.782870e-09	-3.791987e+01	-4.433825e+02
7.170000e-06	-6.988412e-06	-1.782922e-09	-3.797054e+01	-4.439276e+02
7.180000e-06	-6.997205e-06	-1.784522e-09	-3.801832e+01	-4.444577e+02
7.190000e-06	-7.005554e-06	-1.785327e-09	-3.806368e+01	-4.449730e+02
7.200000e-06	-7.013604e-06	-1.785073e-09	-3.810742e+01	-4.454736e+02
7.210000e-06	-7.021377e-06	-1.785121e-09	-3.814966e+01	-4.459596e+02
7.220000e-06	-7.028623e-06	-1.786502e-09	-3.818902e+01	-4.464311e+02
7.230000e-06	-7.035096e-06	-1.788434e-09	-3.822419e+01	-4.468878e+02
7.240000e-06	-7.040834e-06	-1.790033e-09	-3.825537e+01	-4.473296e+02
7.250000e-06	-7.045883e-06	-1.792029e-09	-3.828280e+01	-4.477560e+02
7.260000e-06	-7.050391e-06	-1.793105e-09	-3.830730e+01	-4.481668e+02
7.270000e-06	-7.054541e-06	-1.793643e-09	-3.832985e+01	-4.485612e+02
7.280000e-06	-7.058398e-06	-1.795634e-09	-3.835080e+01	-4.489387e+02
7.290000e-06	-7.061910e-06	-1.796578e-09	-3.836988e+01	-4.492986e+02
7.300000e-06	-7.064816e-06	-1.795244e-09	-3.838567e+01	-4.496399e+02
7.310000e-06	-7.067098e-06	-1.794976e-09	-3.839807e+01	-4.499617e+02
7.320000e-06	-7.068966e-06	-1.796644e-09	-3.840822e+01	-4.502633e+02
7.330000e-06	-7.070350e-06	-1.798526e-09	-3.841574e+01	-4.505434e+02
7.340000e-06	-7.071170e-06	-1.799546e-09	-3.842020e+01	-4.508011e+02
