# Temperatura_=_9.8
# Concentracion g/m^3_=_7400.0
# C_Vs_to_Am_M_A/Vsm_=_254322799225.57578
# pendiente_HvsI_1/m_=_3716.3
# ordenada_HvsI_A/m_=_1297.0
# frecuencia_Hz_=_136112.2688801626

Tiempo_(s)	Campo_(V.s)	Magnetizacion_(V.s)	Campo_(kA/m)	Magnetizacion_(A/m)
0.000000e+00	-7.128936e-06	-1.652480e-09	-3.841495e+01	-4.134094e+02
1.000000e-08	-7.129126e-06	-1.650322e-09	-3.841597e+01	-4.135503e+02
2.000000e-08	-7.128982e-06	-1.648465e-09	-3.841519e+01	-4.136710e+02
3.000000e-08	-7.128276e-06	-1.646803e-09	-3.841139e+01	-4.137719e+02
4.000000e-08	-7.126761e-06	-1.646088e-09	-3.840322e+01	-4.138530e+02
5.000000e-08	-7.124424e-06	-1.647191e-09	-3.839063e+01	-4.139145e+02
6.000000e-08	-7.121466e-06	-1.649713e-09	-3.837469e+01	-4.139569e+02
7.000000e-08	-7.118032e-06	-1.652480e-09	-3.835619e+01	-4.139805e+02
8.000000e-08	-7.114151e-06	-1.656802e-09	-3.833527e+01	-4.139857e+02
9.000000e-08	-7.109741e-06	-1.649971e-09	-3.831151e+01	-4.139729e+02
1.000000e-07	-7.104660e-06	-1.615747e-09	-3.828413e+01	-4.139426e+02
1.100000e-07	-7.098842e-06	-1.606452e-09	-3.825278e+01	-4.138955e+02
1.200000e-07	-7.092662e-06	-1.672308e-09	-3.821948e+01	-4.138319e+02
1.300000e-07	-7.086381e-06	-1.708897e-09	-3.818563e+01	-4.137524e+02
1.400000e-07	-7.079659e-06	-1.619242e-09	-3.814941e+01	-4.136576e+02
1.500000e-07	-7.072285e-06	-1.566246e-09	-3.810968e+01	-4.135479e+02
1.600000e-07	-7.064414e-06	-1.671218e-09	-3.806726e+01	-4.134238e+02
1.700000e-07	-7.056202e-06	-1.717461e-09	-3.802301e+01	-4.132857e+02
1.800000e-07	-7.047611e-06	-1.576879e-09	-3.797672e+01	-4.131341e+02
1.900000e-07	-7.038205e-06	-1.524607e-09	-3.792603e+01	-4.129691e+02
2.000000e-07	-7.028041e-06	-1.691608e-09	-3.787127e+01	-4.127911e+02
2.100000e-07	-7.017467e-06	-1.740060e-09	-3.781428e+01	-4.126002e+02
2.200000e-07	-7.006323e-06	-1.564180e-09	-3.775423e+01	-4.123965e+02
2.300000e-07	-6.994482e-06	-1.525322e-09	-3.769043e+01	-4.121800e+02
2.400000e-07	-6.982026e-06	-1.680232e-09	-3.762331e+01	-4.119508e+02
2.500000e-07	-6.969173e-06	-1.678517e-09	-3.755405e+01	-4.117087e+02
2.600000e-07	-6.955817e-06	-1.545124e-09	-3.748208e+01	-4.114534e+02
2.700000e-07	-6.941520e-06	-1.588439e-09	-3.740504e+01	-4.111848e+02
2.800000e-07	-6.926499e-06	-1.689245e-09	-3.732410e+01	-4.109026e+02
2.900000e-07	-6.910927e-06	-1.611875e-09	-3.724018e+01	-4.106064e+02
3.000000e-07	-6.894703e-06	-1.551410e-09	-3.715276e+01	-4.102959e+02
3.100000e-07	-6.878099e-06	-1.636095e-09	-3.706329e+01	-4.099706e+02
3.200000e-07	-6.861181e-06	-1.622979e-09	-3.697212e+01	-4.096301e+02
3.300000e-07	-6.843806e-06	-1.532268e-09	-3.687849e+01	-4.092741e+02
3.400000e-07	-6.825939e-06	-1.608276e-09	-3.678221e+01	-4.089022e+02
3.500000e-07	-6.807651e-06	-1.683381e-09	-3.668367e+01	-4.085139e+02
3.600000e-07	-6.788799e-06	-1.562106e-09	-3.658208e+01	-4.081090e+02
3.700000e-07	-6.769387e-06	-1.516917e-09	-3.647748e+01	-4.076872e+02
3.800000e-07	-6.749646e-06	-1.643764e-09	-3.637111e+01	-4.072483e+02
3.900000e-07	-6.729568e-06	-1.632646e-09	-3.626291e+01	-4.067921e+02
4.000000e-07	-6.709136e-06	-1.518756e-09	-3.615281e+01	-4.063185e+02
4.100000e-07	-6.688237e-06	-1.572524e-09	-3.604020e+01	-4.058275e+02
4.200000e-07	-6.666717e-06	-1.641641e-09	-3.592423e+01	-4.053193e+02
4.300000e-07	-6.644642e-06	-1.559935e-09	-3.580528e+01	-4.047938e+02
4.400000e-07	-6.622184e-06	-1.538202e-09	-3.568427e+01	-4.042514e+02
4.500000e-07	-6.599388e-06	-1.602990e-09	-3.556143e+01	-4.036923e+02
4.600000e-07	-6.576141e-06	-1.564227e-09	-3.543616e+01	-4.031170e+02
4.700000e-07	-6.552562e-06	-1.523490e-09	-3.530910e+01	-4.025258e+02
4.800000e-07	-6.528662e-06	-1.587773e-09	-3.518031e+01	-4.019192e+02
4.900000e-07	-6.504134e-06	-1.584996e-09	-3.504814e+01	-4.012977e+02
5.000000e-07	-6.478861e-06	-1.512763e-09	-3.491195e+01	-4.006620e+02
5.100000e-07	-6.452837e-06	-1.536016e-09	-3.477172e+01	-4.000124e+02
5.200000e-07	-6.426138e-06	-1.572454e-09	-3.462785e+01	-3.993497e+02
5.300000e-07	-6.398993e-06	-1.527151e-09	-3.448158e+01	-3.986743e+02
5.400000e-07	-6.371498e-06	-1.517666e-09	-3.433342e+01	-3.979868e+02
5.500000e-07	-6.343628e-06	-1.551254e-09	-3.418324e+01	-3.972876e+02
5.600000e-07	-6.315319e-06	-1.530513e-09	-3.403069e+01	-3.965772e+02
5.700000e-07	-6.286561e-06	-1.508591e-09	-3.387573e+01	-3.958560e+02
5.800000e-07	-6.257418e-06	-1.526934e-09	-3.371869e+01	-3.951241e+02
5.900000e-07	-6.228003e-06	-1.519706e-09	-3.356018e+01	-3.943818e+02
6.000000e-07	-6.198191e-06	-1.499222e-09	-3.339954e+01	-3.936291e+02
6.100000e-07	-6.167810e-06	-1.509719e-09	-3.323583e+01	-3.928660e+02
6.200000e-07	-6.137025e-06	-1.513645e-09	-3.306994e+01	-3.920925e+02
6.300000e-07	-6.105869e-06	-1.496706e-09	-3.290205e+01	-3.913081e+02
6.400000e-07	-6.074310e-06	-1.490909e-09	-3.273199e+01	-3.905125e+02
6.500000e-07	-6.042501e-06	-1.489750e-09	-3.256059e+01	-3.897053e+02
6.600000e-07	-6.010348e-06	-1.482051e-09	-3.238733e+01	-3.888858e+02
6.700000e-07	-5.977720e-06	-1.479728e-09	-3.221151e+01	-3.880533e+02
6.800000e-07	-5.944430e-06	-1.479447e-09	-3.203212e+01	-3.872069e+02
6.900000e-07	-5.910314e-06	-1.473019e-09	-3.184828e+01	-3.863458e+02
7.000000e-07	-5.875650e-06	-1.464765e-09	-3.166149e+01	-3.854690e+02
7.100000e-07	-5.840568e-06	-1.458039e-09	-3.147245e+01	-3.845753e+02
7.200000e-07	-5.805080e-06	-1.454716e-09	-3.128122e+01	-3.836638e+02
7.300000e-07	-5.769345e-06	-1.452984e-09	-3.108866e+01	-3.827331e+02
7.400000e-07	-5.733316e-06	-1.447297e-09	-3.089451e+01	-3.817823e+02
7.500000e-07	-5.696900e-06	-1.441930e-09	-3.069828e+01	-3.808099e+02
7.600000e-07	-5.660129e-06	-1.441169e-09	-3.050014e+01	-3.798150e+02
7.700000e-07	-5.622961e-06	-1.436149e-09	-3.029986e+01	-3.787963e+02
7.800000e-07	-5.585377e-06	-1.426258e-09	-3.009733e+01	-3.777526e+02
7.900000e-07	-5.547423e-06	-1.419145e-09	-2.989281e+01	-3.766830e+02
8.000000e-07	-5.509021e-06	-1.414098e-09	-2.968588e+01	-3.755865e+02
8.100000e-07	-5.470084e-06	-1.410230e-09	-2.947607e+01	-3.744620e+02
8.200000e-07	-5.430770e-06	-1.407483e-09	-2.926422e+01	-3.733088e+02
8.300000e-07	-5.391205e-06	-1.402339e-09	-2.905102e+01	-3.721262e+02
8.400000e-07	-5.351389e-06	-1.394266e-09	-2.883646e+01	-3.709134e+02
8.500000e-07	-5.311260e-06	-1.387137e-09	-2.862023e+01	-3.696700e+02
8.600000e-07	-5.270804e-06	-1.382308e-09	-2.840223e+01	-3.683956e+02
8.700000e-07	-5.229877e-06	-1.377979e-09	-2.818168e+01	-3.670899e+02
8.800000e-07	-5.188327e-06	-1.371851e-09	-2.795779e+01	-3.657526e+02
8.900000e-07	-5.146223e-06	-1.364140e-09	-2.773091e+01	-3.643838e+02
9.000000e-07	-5.103584e-06	-1.358679e-09	-2.750114e+01	-3.629834e+02
9.100000e-07	-5.060459e-06	-1.354577e-09	-2.726876e+01	-3.615517e+02
9.200000e-07	-5.016979e-06	-1.347391e-09	-2.703446e+01	-3.600888e+02
9.300000e-07	-4.973212e-06	-1.338352e-09	-2.679862e+01	-3.585950e+02
9.400000e-07	-4.929202e-06	-1.330806e-09	-2.656147e+01	-3.570709e+02
9.500000e-07	-4.884925e-06	-1.325414e-09	-2.632288e+01	-3.555168e+02
9.600000e-07	-4.840270e-06	-1.320585e-09	-2.608225e+01	-3.539333e+02
9.700000e-07	-4.795388e-06	-1.314271e-09	-2.584040e+01	-3.523210e+02
9.800000e-07	-4.750254e-06	-1.306068e-09	-2.559719e+01	-3.506805e+02
9.900000e-07	-4.704664e-06	-1.297830e-09	-2.535152e+01	-3.490125e+02
1.000000e-06	-4.658677e-06	-1.291108e-09	-2.510372e+01	-3.473175e+02
1.010000e-06	-4.612333e-06	-1.285608e-09	-2.485399e+01	-3.455962e+02
1.020000e-06	-4.565724e-06	-1.279660e-09	-2.460283e+01	-3.438493e+02
1.030000e-06	-4.518885e-06	-1.272302e-09	-2.435044e+01	-3.420774e+02
1.040000e-06	-4.471799e-06	-1.264947e-09	-2.409671e+01	-3.402810e+02
1.050000e-06	-4.424409e-06	-1.259143e-09	-2.384134e+01	-3.384608e+02
1.060000e-06	-4.376602e-06	-1.254004e-09	-2.358373e+01	-3.366173e+02
1.070000e-06	-4.328547e-06	-1.247335e-09	-2.332479e+01	-3.347508e+02
1.080000e-06	-4.280394e-06	-1.239117e-09	-2.306531e+01	-3.328618e+02
1.090000e-06	-4.231900e-06	-1.231211e-09	-2.280399e+01	-3.309507e+02
1.100000e-06	-4.182801e-06	-1.224252e-09	-2.253942e+01	-3.290177e+02
1.110000e-06	-4.133319e-06	-1.217003e-09	-2.227278e+01	-3.270630e+02
1.120000e-06	-4.083337e-06	-1.207836e-09	-2.200345e+01	-3.250868e+02
1.130000e-06	-4.032733e-06	-1.197508e-09	-2.173076e+01	-3.230891e+02
1.140000e-06	-3.981772e-06	-1.188195e-09	-2.145616e+01	-3.210700e+02
1.150000e-06	-3.930437e-06	-1.181206e-09	-2.117953e+01	-3.190294e+02
1.160000e-06	-3.878802e-06	-1.175182e-09	-2.090129e+01	-3.169673e+02
1.170000e-06	-3.826893e-06	-1.167252e-09	-2.062157e+01	-3.148834e+02
1.180000e-06	-3.774753e-06	-1.157554e-09	-2.034061e+01	-3.127775e+02
1.190000e-06	-3.722477e-06	-1.147850e-09	-2.005892e+01	-3.106494e+02
1.200000e-06	-3.669881e-06	-1.139513e-09	-1.977550e+01	-3.084988e+02
1.210000e-06	-3.616973e-06	-1.132295e-09	-1.949040e+01	-3.063252e+02
1.220000e-06	-3.563855e-06	-1.125277e-09	-1.920417e+01	-3.041284e+02
1.230000e-06	-3.510510e-06	-1.117158e-09	-1.891671e+01	-3.019078e+02
1.240000e-06	-3.456912e-06	-1.108021e-09	-1.862790e+01	-2.996631e+02
1.250000e-06	-3.403020e-06	-1.099223e-09	-1.833749e+01	-2.973937e+02
1.260000e-06	-3.348798e-06	-1.089852e-09	-1.804531e+01	-2.950992e+02
1.270000e-06	-3.294256e-06	-1.079301e-09	-1.775141e+01	-2.927790e+02
1.280000e-06	-3.239491e-06	-1.069274e-09	-1.745631e+01	-2.904326e+02
1.290000e-06	-3.184627e-06	-1.060803e-09	-1.716067e+01	-2.880594e+02
1.300000e-06	-3.129608e-06	-1.052384e-09	-1.686419e+01	-2.856590e+02
1.310000e-06	-3.074408e-06	-1.042669e-09	-1.656674e+01	-2.832306e+02
1.320000e-06	-3.019061e-06	-1.032069e-09	-1.626850e+01	-2.807738e+02
1.330000e-06	-2.963568e-06	-1.021141e-09	-1.596947e+01	-2.782879e+02
1.340000e-06	-2.907932e-06	-1.009884e-09	-1.566967e+01	-2.757724e+02
1.350000e-06	-2.852122e-06	-1.000013e-09	-1.536893e+01	-2.732265e+02
1.360000e-06	-2.796225e-06	-9.917639e-10	-1.506772e+01	-2.706498e+02
1.370000e-06	-2.740225e-06	-9.829377e-10	-1.476596e+01	-2.680415e+02
1.380000e-06	-2.684039e-06	-9.735940e-10	-1.446320e+01	-2.654009e+02
1.390000e-06	-2.627601e-06	-9.642682e-10	-1.415907e+01	-2.627274e+02
1.400000e-06	-2.570798e-06	-9.540444e-10	-1.385299e+01	-2.600203e+02
1.410000e-06	-2.513628e-06	-9.427401e-10	-1.354492e+01	-2.572787e+02
1.420000e-06	-2.456162e-06	-9.311106e-10	-1.323526e+01	-2.545019e+02
1.430000e-06	-2.398428e-06	-9.199661e-10	-1.292416e+01	-2.516890e+02
1.440000e-06	-2.340525e-06	-9.101949e-10	-1.261214e+01	-2.488392e+02
1.450000e-06	-2.282403e-06	-9.008070e-10	-1.229894e+01	-2.459514e+02
1.460000e-06	-2.223968e-06	-8.901860e-10	-1.198406e+01	-2.430247e+02
1.470000e-06	-2.165349e-06	-8.788055e-10	-1.166819e+01	-2.400580e+02
1.480000e-06	-2.106485e-06	-8.678475e-10	-1.135099e+01	-2.370501e+02
1.490000e-06	-2.047382e-06	-8.568057e-10	-1.103251e+01	-2.339998e+02
1.500000e-06	-1.988118e-06	-8.449269e-10	-1.071316e+01	-2.309058e+02
1.510000e-06	-1.928708e-06	-8.325890e-10	-1.039302e+01	-2.277666e+02
1.520000e-06	-1.869255e-06	-8.200743e-10	-1.007266e+01	-2.245809e+02
1.530000e-06	-1.809695e-06	-8.080785e-10	-9.751714e+00	-2.213469e+02
1.540000e-06	-1.750035e-06	-7.970560e-10	-9.430227e+00	-2.180630e+02
1.550000e-06	-1.690379e-06	-7.861108e-10	-9.108769e+00	-2.147275e+02
1.560000e-06	-1.630582e-06	-7.741786e-10	-8.786547e+00	-2.113384e+02
1.570000e-06	-1.570713e-06	-7.622576e-10	-8.463934e+00	-2.078940e+02
1.580000e-06	-1.510841e-06	-7.506595e-10	-8.141310e+00	-2.043920e+02
1.590000e-06	-1.450874e-06	-7.386036e-10	-7.818170e+00	-2.008305e+02
1.600000e-06	-1.390855e-06	-7.259624e-10	-7.494753e+00	-1.972073e+02
1.610000e-06	-1.330796e-06	-7.121620e-10	-7.171122e+00	-1.935203e+02
1.620000e-06	-1.270601e-06	-6.982470e-10	-6.846756e+00	-1.897671e+02
1.630000e-06	-1.210290e-06	-6.849221e-10	-6.521762e+00	-1.859455e+02
1.640000e-06	-1.149867e-06	-6.711032e-10	-6.196169e+00	-1.820533e+02
1.650000e-06	-1.089362e-06	-6.563722e-10	-5.870131e+00	-1.780883e+02
1.660000e-06	-1.028821e-06	-6.412310e-10	-5.543899e+00	-1.740482e+02
1.670000e-06	-9.681786e-07	-6.259871e-10	-5.217122e+00	-1.699310e+02
1.680000e-06	-9.074408e-07	-6.112755e-10	-4.889831e+00	-1.657347e+02
1.690000e-06	-8.466854e-07	-5.980190e-10	-4.562444e+00	-1.614574e+02
1.700000e-06	-7.859475e-07	-5.846662e-10	-4.235153e+00	-1.570973e+02
1.710000e-06	-7.251482e-07	-5.693104e-10	-3.907529e+00	-1.526528e+02
1.720000e-06	-6.643626e-07	-5.533644e-10	-3.579981e+00	-1.481226e+02
1.730000e-06	-6.036325e-07	-5.373927e-10	-3.252731e+00	-1.435057e+02
1.740000e-06	-5.427742e-07	-5.205241e-10	-2.924790e+00	-1.388011e+02
1.750000e-06	-4.817434e-07	-5.029853e-10	-2.595920e+00	-1.340082e+02
1.760000e-06	-4.206291e-07	-4.856447e-10	-2.266600e+00	-1.291270e+02
1.770000e-06	-3.594168e-07	-4.683195e-10	-1.936751e+00	-1.241574e+02
1.780000e-06	-2.982586e-07	-4.493143e-10	-1.607195e+00	-1.191000e+02
1.790000e-06	-2.371714e-07	-4.292356e-10	-1.278020e+00	-1.139556e+02
1.800000e-06	-1.760188e-07	-4.091533e-10	-9.484941e-01	-1.087256e+02
1.810000e-06	-1.148388e-07	-3.888707e-10	-6.188196e-01	-1.034115e+02
1.820000e-06	-5.366586e-08	-3.682474e-10	-2.891836e-01	-9.801556e+01
1.830000e-06	7.505452e-09	-3.475786e-10	4.044384e-02	-9.254026e+01
1.840000e-06	6.863937e-08	-3.273365e-10	3.698697e-01	-8.698860e+01
1.850000e-06	1.297400e-07	-3.079311e-10	6.991162e-01	-8.136394e+01
1.860000e-06	1.908631e-07	-2.891125e-10	1.028484e+00	-7.567011e+01
1.870000e-06	2.520373e-07	-2.684055e-10	1.358127e+00	-6.991130e+01
1.880000e-06	3.132794e-07	-2.446063e-10	1.688136e+00	-6.409208e+01
1.890000e-06	3.744809e-07	-2.199171e-10	2.017926e+00	-5.821739e+01
1.900000e-06	4.355873e-07	-1.972275e-10	2.347204e+00	-5.229246e+01
1.910000e-06	4.966724e-07	-1.772916e-10	2.676366e+00	-4.632282e+01
1.920000e-06	5.578008e-07	-1.565211e-10	3.005762e+00	-4.031426e+01
1.930000e-06	6.189048e-07	-1.333309e-10	3.335027e+00	-3.427275e+01
1.940000e-06	6.798471e-07	-1.096773e-10	3.663420e+00	-2.820445e+01
1.950000e-06	7.406529e-07	-8.631310e-11	3.991078e+00	-2.211561e+01
1.960000e-06	8.014798e-07	-6.260540e-11	4.318850e+00	-1.601255e+01
1.970000e-06	8.622823e-07	-3.792656e-11	4.646490e+00	-9.901597e+00
1.980000e-06	9.229723e-07	-1.242605e-11	4.973524e+00	-3.789050e+00
1.990000e-06	9.835714e-07	1.388961e-11	5.300067e+00	2.318889e+00
2.000000e-06	1.044129e-06	3.903449e-11	5.626390e+00	8.416157e+00
2.010000e-06	1.104683e-06	6.164967e-11	5.952687e+00	1.449688e+01
2.020000e-06	1.165041e-06	8.220591e-11	6.277933e+00	2.055541e+01
2.030000e-06	1.225203e-06	1.020288e-10	6.602122e+00	2.658639e+01
2.040000e-06	1.285288e-06	1.236292e-10	6.925896e+00	3.258476e+01
2.050000e-06	1.345353e-06	1.466345e-10	7.249561e+00	3.854582e+01
2.060000e-06	1.405421e-06	1.691278e-10	7.573245e+00	4.446526e+01
2.070000e-06	1.465395e-06	1.916648e-10	7.896417e+00	5.033914e+01
2.080000e-06	1.525255e-06	2.160464e-10	8.218983e+00	5.616397e+01
2.090000e-06	1.585033e-06	2.394272e-10	8.541100e+00	6.193667e+01
2.100000e-06	1.644714e-06	2.592799e-10	8.862698e+00	6.765462e+01
2.110000e-06	1.704405e-06	2.775085e-10	9.184345e+00	7.331562e+01
2.120000e-06	1.764092e-06	2.959583e-10	9.505975e+00	7.891790e+01
2.130000e-06	1.823738e-06	3.158154e-10	9.827386e+00	8.446013e+01
2.140000e-06	1.883347e-06	3.369783e-10	1.014859e+01	8.994135e+01
2.150000e-06	1.942845e-06	3.580852e-10	1.046921e+01	9.536100e+01
2.160000e-06	2.002273e-06	3.776756e-10	1.078944e+01	1.007188e+02
2.170000e-06	2.061586e-06	3.957180e-10	1.110905e+01	1.060150e+02
2.180000e-06	2.120608e-06	4.133393e-10	1.142710e+01	1.112498e+02
2.190000e-06	2.179303e-06	4.322288e-10	1.174338e+01	1.164238e+02
2.200000e-06	2.237908e-06	4.513865e-10	1.205918e+01	1.215379e+02
2.210000e-06	2.296371e-06	4.687245e-10	1.237421e+01	1.265930e+02
2.220000e-06	2.354492e-06	4.852979e-10	1.268740e+01	1.315902e+02
2.230000e-06	2.412166e-06	5.025413e-10	1.299818e+01	1.365305e+02
2.240000e-06	2.469586e-06	5.201702e-10	1.330760e+01	1.414152e+02
2.250000e-06	2.526785e-06	5.383760e-10	1.361582e+01	1.462454e+02
2.260000e-06	2.583587e-06	5.560125e-10	1.392190e+01	1.510220e+02
2.270000e-06	2.640046e-06	5.722276e-10	1.422614e+01	1.557461e+02
2.280000e-06	2.696168e-06	5.887502e-10	1.452856e+01	1.604186e+02
2.290000e-06	2.752155e-06	6.053601e-10	1.483025e+01	1.650401e+02
2.300000e-06	2.808046e-06	6.216593e-10	1.513142e+01	1.696112e+02
2.310000e-06	2.863752e-06	6.370731e-10	1.543160e+01	1.741321e+02
2.320000e-06	2.919272e-06	6.509388e-10	1.573078e+01	1.786031e+02
2.330000e-06	2.974698e-06	6.660348e-10	1.602944e+01	1.830240e+02
2.340000e-06	3.030068e-06	6.832040e-10	1.632781e+01	1.873946e+02
2.350000e-06	3.085271e-06	6.998309e-10	1.662528e+01	1.917144e+02
2.360000e-06	3.140142e-06	7.145199e-10	1.692095e+01	1.959827e+02
2.370000e-06	3.194800e-06	7.283402e-10	1.721548e+01	2.001986e+02
2.380000e-06	3.249280e-06	7.433487e-10	1.750905e+01	2.043613e+02
2.390000e-06	3.303479e-06	7.592328e-10	1.780111e+01	2.084695e+02
2.400000e-06	3.357487e-06	7.742693e-10	1.809214e+01	2.125220e+02
2.410000e-06	3.411291e-06	7.886796e-10	1.838206e+01	2.165175e+02
2.420000e-06	3.464828e-06	8.034471e-10	1.867055e+01	2.204547e+02
2.430000e-06	3.518237e-06	8.187074e-10	1.895835e+01	2.243322e+02
2.440000e-06	3.571530e-06	8.338868e-10	1.924553e+01	2.281487e+02
2.450000e-06	3.624503e-06	8.485127e-10	1.953098e+01	2.319028e+02
2.460000e-06	3.677219e-06	8.625905e-10	1.981504e+01	2.355936e+02
2.470000e-06	3.729565e-06	8.762014e-10	2.009711e+01	2.392198e+02
2.480000e-06	3.781561e-06	8.903422e-10	2.037730e+01	2.427806e+02
2.490000e-06	3.833361e-06	9.048997e-10	2.065643e+01	2.462754e+02
2.500000e-06	3.884880e-06	9.181112e-10	2.093404e+01	2.497035e+02
2.510000e-06	3.936129e-06	9.297115e-10	2.121020e+01	2.530648e+02
2.520000e-06	3.987004e-06	9.408039e-10	2.148435e+01	2.563591e+02
2.530000e-06	4.037312e-06	9.527670e-10	2.175543e+01	2.595867e+02
2.540000e-06	4.087125e-06	9.654643e-10	2.202386e+01	2.627480e+02
2.550000e-06	4.136536e-06	9.781124e-10	2.229012e+01	2.658438e+02
2.560000e-06	4.185537e-06	9.904228e-10	2.255416e+01	2.688749e+02
2.570000e-06	4.234108e-06	1.002180e-09	2.281589e+01	2.718426e+02
2.580000e-06	4.282237e-06	1.013885e-09	2.307524e+01	2.747483e+02
2.590000e-06	4.330074e-06	1.024743e-09	2.333301e+01	2.775936e+02
2.600000e-06	4.377740e-06	1.034887e-09	2.358987e+01	2.803803e+02
2.610000e-06	4.425282e-06	1.045101e-09	2.384605e+01	2.831104e+02
2.620000e-06	4.472581e-06	1.055489e-09	2.410092e+01	2.857860e+02
2.630000e-06	4.519572e-06	1.066953e-09	2.435414e+01	2.884092e+02
2.640000e-06	4.566242e-06	1.078174e-09	2.460563e+01	2.909824e+02
2.650000e-06	4.612506e-06	1.087688e-09	2.485493e+01	2.935079e+02
2.660000e-06	4.658421e-06	1.096171e-09	2.510234e+01	2.959879e+02
2.670000e-06	4.703955e-06	1.104675e-09	2.534771e+01	2.984248e+02
2.680000e-06	4.749126e-06	1.113855e-09	2.559111e+01	3.008208e+02
2.690000e-06	4.794149e-06	1.123143e-09	2.583372e+01	3.031781e+02
2.700000e-06	4.838860e-06	1.131656e-09	2.607465e+01	3.054988e+02
2.710000e-06	4.883110e-06	1.139756e-09	2.631310e+01	3.077848e+02
2.720000e-06	4.927035e-06	1.148209e-09	2.654979e+01	3.100378e+02
2.730000e-06	4.970746e-06	1.156919e-09	2.678534e+01	3.122594e+02
2.740000e-06	5.014348e-06	1.165448e-09	2.702029e+01	3.144511e+02
2.750000e-06	5.057744e-06	1.173783e-09	2.725413e+01	3.166142e+02
2.760000e-06	5.100773e-06	1.181665e-09	2.748599e+01	3.187496e+02
2.770000e-06	5.143333e-06	1.188955e-09	2.771533e+01	3.208583e+02
2.780000e-06	5.185360e-06	1.196746e-09	2.794180e+01	3.229408e+02
2.790000e-06	5.226728e-06	1.204805e-09	2.816472e+01	3.249977e+02
2.800000e-06	5.267410e-06	1.211475e-09	2.838394e+01	3.270291e+02
2.810000e-06	5.307533e-06	1.218244e-09	2.860015e+01	3.290354e+02
2.820000e-06	5.347277e-06	1.226132e-09	2.881431e+01	3.310164e+02
2.830000e-06	5.386868e-06	1.234092e-09	2.902765e+01	3.329720e+02
2.840000e-06	5.426282e-06	1.241989e-09	2.924004e+01	3.349020e+02
2.850000e-06	5.465416e-06	1.249324e-09	2.945091e+01	3.368060e+02
2.860000e-06	5.504267e-06	1.255454e-09	2.966026e+01	3.386836e+02
2.870000e-06	5.542697e-06	1.261889e-09	2.986735e+01	3.405344e+02
2.880000e-06	5.580584e-06	1.270302e-09	3.007150e+01	3.423578e+02
2.890000e-06	5.617900e-06	1.279024e-09	3.027259e+01	3.441535e+02
2.900000e-06	5.654808e-06	1.286528e-09	3.047147e+01	3.459209e+02
2.910000e-06	5.691395e-06	1.294193e-09	3.066862e+01	3.476597e+02
2.920000e-06	5.727607e-06	1.302588e-09	3.086375e+01	3.493695e+02
2.930000e-06	5.763533e-06	1.309674e-09	3.105734e+01	3.510500e+02
2.940000e-06	5.799235e-06	1.314999e-09	3.124972e+01	3.527009e+02
2.950000e-06	5.834698e-06	1.320842e-09	3.144082e+01	3.543223e+02
2.960000e-06	5.869913e-06	1.327468e-09	3.163058e+01	3.559140e+02
2.970000e-06	5.904712e-06	1.333630e-09	3.181810e+01	3.574762e+02
2.980000e-06	5.938828e-06	1.339541e-09	3.200193e+01	3.590089e+02
2.990000e-06	5.972269e-06	1.345162e-09	3.218214e+01	3.605125e+02
3.000000e-06	6.005009e-06	1.351423e-09	3.235856e+01	3.619873e+02
3.010000e-06	6.037080e-06	1.358863e-09	3.253138e+01	3.634338e+02
3.020000e-06	6.068824e-06	1.365876e-09	3.270243e+01	3.648525e+02
3.030000e-06	6.100333e-06	1.370782e-09	3.287222e+01	3.662439e+02
3.040000e-06	6.131567e-06	1.374236e-09	3.304053e+01	3.676087e+02
3.050000e-06	6.162353e-06	1.378495e-09	3.320642e+01	3.689476e+02
3.060000e-06	6.192619e-06	1.383973e-09	3.336951e+01	3.702613e+02
3.070000e-06	6.222388e-06	1.390101e-09	3.352993e+01	3.715505e+02
3.080000e-06	6.251719e-06	1.397306e-09	3.368798e+01	3.728159e+02
3.090000e-06	6.280758e-06	1.405020e-09	3.384446e+01	3.740582e+02
3.100000e-06	6.309380e-06	1.411235e-09	3.399869e+01	3.752781e+02
3.110000e-06	6.337584e-06	1.416086e-09	3.415067e+01	3.764762e+02
3.120000e-06	6.365513e-06	1.420744e-09	3.430117e+01	3.776532e+02
3.130000e-06	6.393153e-06	1.425069e-09	3.445011e+01	3.788094e+02
3.140000e-06	6.420453e-06	1.428554e-09	3.459722e+01	3.799455e+02
3.150000e-06	6.447258e-06	1.432078e-09	3.474166e+01	3.810618e+02
3.160000e-06	6.473324e-06	1.437063e-09	3.488212e+01	3.821587e+02
3.170000e-06	6.498676e-06	1.443013e-09	3.501873e+01	3.832364e+02
3.180000e-06	6.523366e-06	1.448129e-09	3.515178e+01	3.842952e+02
3.190000e-06	6.547434e-06	1.452495e-09	3.528147e+01	3.853351e+02
3.200000e-06	6.571066e-06	1.456825e-09	3.540881e+01	3.863563e+02
3.210000e-06	6.594317e-06	1.460695e-09	3.553410e+01	3.873589e+02
3.220000e-06	6.617172e-06	1.464301e-09	3.565726e+01	3.883427e+02
3.230000e-06	6.639522e-06	1.468745e-09	3.577769e+01	3.893078e+02
3.240000e-06	6.661359e-06	1.473603e-09	3.589536e+01	3.902540e+02
3.250000e-06	6.682806e-06	1.478739e-09	3.601093e+01	3.911813e+02
3.260000e-06	6.703820e-06	1.484478e-09	3.612417e+01	3.920897e+02
3.270000e-06	6.724437e-06	1.489915e-09	3.623526e+01	3.929789e+02
3.280000e-06	6.744671e-06	1.494720e-09	3.634430e+01	3.938489e+02
3.290000e-06	6.764508e-06	1.499182e-09	3.645119e+01	3.946996e+02
3.300000e-06	6.784034e-06	1.503331e-09	3.655641e+01	3.955309e+02
3.310000e-06	6.803249e-06	1.507216e-09	3.665995e+01	3.963430e+02
3.320000e-06	6.821937e-06	1.511315e-09	3.676065e+01	3.971357e+02
3.330000e-06	6.839991e-06	1.515481e-09	3.685794e+01	3.979091e+02
3.340000e-06	6.857441e-06	1.519955e-09	3.695197e+01	3.986633e+02
3.350000e-06	6.874367e-06	1.522811e-09	3.704318e+01	3.993984e+02
3.360000e-06	6.890843e-06	1.523628e-09	3.713196e+01	4.001146e+02
3.370000e-06	6.906879e-06	1.525179e-09	3.721837e+01	4.008121e+02
3.380000e-06	6.922538e-06	1.528147e-09	3.730275e+01	4.014911e+02
3.390000e-06	6.937564e-06	1.532170e-09	3.738372e+01	4.021518e+02
3.400000e-06	6.951853e-06	1.536723e-09	3.746072e+01	4.027945e+02
3.410000e-06	6.965621e-06	1.540814e-09	3.753491e+01	4.034195e+02
3.420000e-06	6.978825e-06	1.544846e-09	3.760606e+01	4.040271e+02
3.430000e-06	6.991534e-06	1.548957e-09	3.767454e+01	4.046174e+02
3.440000e-06	7.003827e-06	1.551327e-09	3.774078e+01	4.051908e+02
3.450000e-06	7.015608e-06	1.552501e-09	3.780427e+01	4.057475e+02
3.460000e-06	7.026977e-06	1.554381e-09	3.786553e+01	4.062876e+02
3.470000e-06	7.037834e-06	1.556582e-09	3.792403e+01	4.068114e+02
3.480000e-06	7.047880e-06	1.559387e-09	3.797816e+01	4.073189e+02
3.490000e-06	7.057118e-06	1.562523e-09	3.802795e+01	4.078103e+02
3.500000e-06	7.065635e-06	1.564859e-09	3.807384e+01	4.082854e+02
3.510000e-06	7.073579e-06	1.566627e-09	3.811665e+01	4.087444e+02
3.520000e-06	7.081099e-06	1.568422e-09	3.815717e+01	4.091871e+02
3.530000e-06	7.088255e-06	1.570364e-09	3.819573e+01	4.096133e+02
3.540000e-06	7.095005e-06	1.571160e-09	3.823210e+01	4.100229e+02
3.550000e-06	7.101274e-06	1.572243e-09	3.826589e+01	4.104157e+02
3.560000e-06	7.107079e-06	1.575742e-09	3.829717e+01	4.107914e+02
3.570000e-06	7.112383e-06	1.580188e-09	3.832575e+01	4.111497e+02
3.580000e-06	7.117100e-06	1.583617e-09	3.835117e+01	4.114903e+02
3.590000e-06	7.121232e-06	1.586115e-09	3.837343e+01	4.118129e+02
3.600000e-06	7.125000e-06	1.588078e-09	3.839374e+01	4.121170e+02
3.610000e-06	7.128489e-06	1.589308e-09	3.841254e+01	4.124025e+02
3.620000e-06	7.131615e-06	1.591528e-09	3.842938e+01	4.126689e+02
3.630000e-06	7.134235e-06	1.593655e-09	3.844350e+01	4.129160e+02
3.640000e-06	7.135997e-06	1.594398e-09	3.845299e+01	4.131435e+02
3.650000e-06	7.136949e-06	1.595532e-09	3.845812e+01	4.133513e+02
3.660000e-06	7.137297e-06	1.597029e-09	3.846000e+01	4.135391e+02
3.670000e-06	7.137146e-06	1.599191e-09	3.845919e+01	4.137068e+02
3.680000e-06	7.136681e-06	1.601069e-09	3.845668e+01	4.138545e+02
3.690000e-06	7.135850e-06	1.601686e-09	3.845220e+01	4.139821e+02
3.700000e-06	7.134556e-06	1.603552e-09	3.844523e+01	4.140897e+02
3.710000e-06	7.132760e-06	1.607401e-09	3.843555e+01	4.141775e+02
3.720000e-06	7.130435e-06	1.610958e-09	3.842302e+01	4.142457e+02
3.730000e-06	7.127638e-06	1.611866e-09	3.840795e+01	4.142946e+02
3.740000e-06	7.124492e-06	1.607971e-09	3.839100e+01	4.143245e+02
3.750000e-06	7.120795e-06	1.603898e-09	3.837108e+01	4.143359e+02
3.760000e-06	7.116404e-06	1.627597e-09	3.834742e+01	4.143292e+02
3.770000e-06	7.111362e-06	1.680082e-09	3.832024e+01	4.143049e+02
3.780000e-06	7.105568e-06	1.650743e-09	3.828902e+01	4.142634e+02
3.790000e-06	7.099251e-06	1.543030e-09	3.825498e+01	4.142054e+02
3.800000e-06	7.092781e-06	1.567624e-09	3.822012e+01	4.141313e+02
3.810000e-06	7.085978e-06	1.701131e-09	3.818346e+01	4.140417e+02
3.820000e-06	7.078438e-06	1.678992e-09	3.814283e+01	4.139370e+02
3.830000e-06	7.070282e-06	1.533992e-09	3.809888e+01	4.138178e+02
3.840000e-06	7.061806e-06	1.571839e-09	3.805321e+01	4.136845e+02
3.850000e-06	7.053005e-06	1.753769e-09	3.800578e+01	4.135375e+02
3.860000e-06	7.043641e-06	1.702456e-09	3.795533e+01	4.133771e+02
3.870000e-06	7.033627e-06	1.477392e-09	3.790136e+01	4.132035e+02
3.880000e-06	7.023164e-06	1.532441e-09	3.784498e+01	4.130170e+02
3.890000e-06	7.012415e-06	1.768953e-09	3.778706e+01	4.128177e+02
3.900000e-06	7.001176e-06	1.701161e-09	3.772650e+01	4.126057e+02
3.910000e-06	6.989246e-06	1.484068e-09	3.766221e+01	4.123809e+02
3.920000e-06	6.976720e-06	1.592048e-09	3.759472e+01	4.121432e+02
3.930000e-06	6.963572e-06	1.778659e-09	3.752386e+01	4.118925e+02
3.940000e-06	6.949533e-06	1.624294e-09	3.744822e+01	4.116285e+02
3.950000e-06	6.934780e-06	1.479474e-09	3.736872e+01	4.113510e+02
3.960000e-06	6.919526e-06	1.668173e-09	3.728652e+01	4.110597e+02
3.970000e-06	6.903625e-06	1.754480e-09	3.720084e+01	4.107541e+02
3.980000e-06	6.887155e-06	1.556348e-09	3.711209e+01	4.104339e+02
3.990000e-06	6.870411e-06	1.556633e-09	3.702186e+01	4.100987e+02
4.000000e-06	6.853422e-06	1.736207e-09	3.693031e+01	4.097481e+02
4.010000e-06	6.835868e-06	1.635125e-09	3.683572e+01	4.093816e+02
4.020000e-06	6.817794e-06	1.488695e-09	3.673832e+01	4.089990e+02
4.030000e-06	6.799322e-06	1.659040e-09	3.663879e+01	4.085998e+02
4.040000e-06	6.780267e-06	1.745050e-09	3.653611e+01	4.081838e+02
4.050000e-06	6.760666e-06	1.551057e-09	3.643049e+01	4.077508e+02
4.060000e-06	6.740698e-06	1.553011e-09	3.632289e+01	4.073005e+02
4.070000e-06	6.720356e-06	1.726773e-09	3.621328e+01	4.068328e+02
4.080000e-06	6.699711e-06	1.636886e-09	3.610203e+01	4.063478e+02
4.090000e-06	6.678750e-06	1.518055e-09	3.598907e+01	4.058454e+02
4.100000e-06	6.657174e-06	1.653655e-09	3.587281e+01	4.053258e+02
4.110000e-06	6.634713e-06	1.687628e-09	3.575178e+01	4.047892e+02
4.120000e-06	6.611506e-06	1.553883e-09	3.562673e+01	4.042358e+02
4.130000e-06	6.587773e-06	1.601930e-09	3.549884e+01	4.036659e+02
4.140000e-06	6.563601e-06	1.685309e-09	3.536858e+01	4.030801e+02
4.150000e-06	6.539016e-06	1.580009e-09	3.523611e+01	4.024787e+02
4.160000e-06	6.514058e-06	1.556880e-09	3.510162e+01	4.018623e+02
4.170000e-06	6.488725e-06	1.660332e-09	3.496511e+01	4.012314e+02
4.180000e-06	6.462873e-06	1.625785e-09	3.482580e+01	4.005865e+02
4.190000e-06	6.436528e-06	1.564437e-09	3.468384e+01	3.999283e+02
4.200000e-06	6.409791e-06	1.623437e-09	3.453976e+01	3.992572e+02
4.210000e-06	6.382596e-06	1.623189e-09	3.439322e+01	3.985738e+02
4.220000e-06	6.354869e-06	1.566895e-09	3.424381e+01	3.978786e+02
4.230000e-06	6.326721e-06	1.599250e-09	3.409213e+01	3.971721e+02
4.240000e-06	6.298250e-06	1.619783e-09	3.393871e+01	3.964545e+02
4.250000e-06	6.269552e-06	1.579231e-09	3.378407e+01	3.957263e+02
4.260000e-06	6.240417e-06	1.587638e-09	3.362708e+01	3.949876e+02
4.270000e-06	6.210635e-06	1.610538e-09	3.346659e+01	3.942385e+02
4.280000e-06	6.180075e-06	1.587618e-09	3.330192e+01	3.934791e+02
4.290000e-06	6.148797e-06	1.577548e-09	3.313338e+01	3.927092e+02
4.300000e-06	6.117041e-06	1.584566e-09	3.296225e+01	3.919286e+02
4.310000e-06	6.084882e-06	1.579192e-09	3.278896e+01	3.911369e+02
4.320000e-06	6.052402e-06	1.582364e-09	3.261394e+01	3.903338e+02
4.330000e-06	6.019632e-06	1.584427e-09	3.243736e+01	3.895186e+02
4.340000e-06	5.986518e-06	1.575362e-09	3.225892e+01	3.886907e+02
4.350000e-06	5.952967e-06	1.574405e-09	3.207813e+01	3.878491e+02
4.360000e-06	5.918869e-06	1.570841e-09	3.189438e+01	3.869932e+02
4.370000e-06	5.884340e-06	1.564848e-09	3.170832e+01	3.861219e+02
4.380000e-06	5.849455e-06	1.571511e-09	3.152034e+01	3.852341e+02
4.390000e-06	5.814104e-06	1.568008e-09	3.132985e+01	3.843288e+02
4.400000e-06	5.778472e-06	1.555944e-09	3.113784e+01	3.834048e+02
4.410000e-06	5.742546e-06	1.562628e-09	3.094425e+01	3.824609e+02
4.420000e-06	5.706296e-06	1.566832e-09	3.074892e+01	3.814960e+02
4.430000e-06	5.669819e-06	1.554846e-09	3.055235e+01	3.805089e+02
4.440000e-06	5.633012e-06	1.552328e-09	3.035402e+01	3.794984e+02
4.450000e-06	5.595773e-06	1.556071e-09	3.015335e+01	3.784633e+02
4.460000e-06	5.557856e-06	1.551020e-09	2.994903e+01	3.774026e+02
4.470000e-06	5.519155e-06	1.546162e-09	2.974049e+01	3.763153e+02
4.480000e-06	5.479844e-06	1.542535e-09	2.952865e+01	3.752004e+02
4.490000e-06	5.440083e-06	1.534948e-09	2.931440e+01	3.740570e+02
4.500000e-06	5.399975e-06	1.530288e-09	2.909828e+01	3.728844e+02
4.510000e-06	5.359459e-06	1.530627e-09	2.887995e+01	3.716819e+02
4.520000e-06	5.318640e-06	1.529933e-09	2.866000e+01	3.704489e+02
4.530000e-06	5.277618e-06	1.524767e-09	2.843894e+01	3.691850e+02
4.540000e-06	5.236307e-06	1.517365e-09	2.821634e+01	3.678899e+02
4.550000e-06	5.194695e-06	1.513617e-09	2.799211e+01	3.665633e+02
4.560000e-06	5.152722e-06	1.511682e-09	2.776593e+01	3.652051e+02
4.570000e-06	5.110335e-06	1.505616e-09	2.753752e+01	3.638154e+02
4.580000e-06	5.067590e-06	1.498554e-09	2.730719e+01	3.623942e+02
4.590000e-06	5.024413e-06	1.495869e-09	2.707452e+01	3.609418e+02
4.600000e-06	4.980858e-06	1.494348e-09	2.683982e+01	3.594584e+02
4.610000e-06	4.936942e-06	1.489723e-09	2.660318e+01	3.579445e+02
4.620000e-06	4.892736e-06	1.483200e-09	2.636497e+01	3.564005e+02
4.630000e-06	4.848377e-06	1.475834e-09	2.612594e+01	3.548269e+02
4.640000e-06	4.803825e-06	1.468468e-09	2.588587e+01	3.532243e+02
4.650000e-06	4.759054e-06	1.461783e-09	2.564461e+01	3.515933e+02
4.660000e-06	4.713988e-06	1.455332e-09	2.540177e+01	3.499345e+02
4.670000e-06	4.668517e-06	1.448920e-09	2.515674e+01	3.482485e+02
4.680000e-06	4.622497e-06	1.441142e-09	2.490876e+01	3.465361e+02
4.690000e-06	4.576066e-06	1.434274e-09	2.465856e+01	3.447978e+02
4.700000e-06	4.529331e-06	1.430418e-09	2.440673e+01	3.430343e+02
4.710000e-06	4.482272e-06	1.426201e-09	2.415315e+01	3.412462e+02
4.720000e-06	4.435002e-06	1.418183e-09	2.389843e+01	3.394340e+02
4.730000e-06	4.387406e-06	1.408033e-09	2.364195e+01	3.375983e+02
4.740000e-06	4.339489e-06	1.399409e-09	2.338374e+01	3.357396e+02
4.750000e-06	4.291361e-06	1.392103e-09	2.312440e+01	3.338582e+02
4.760000e-06	4.242853e-06	1.384335e-09	2.286301e+01	3.319546e+02
4.770000e-06	4.193858e-06	1.376294e-09	2.259900e+01	3.300290e+02
4.780000e-06	4.144486e-06	1.369368e-09	2.233296e+01	3.280816e+02
4.790000e-06	4.094819e-06	1.363805e-09	2.206532e+01	3.261127e+02
4.800000e-06	4.044837e-06	1.357379e-09	2.179599e+01	3.241224e+02
4.810000e-06	3.994630e-06	1.348402e-09	2.152544e+01	3.221105e+02
4.820000e-06	3.944203e-06	1.337493e-09	2.125371e+01	3.200773e+02
4.830000e-06	3.893402e-06	1.326688e-09	2.097996e+01	3.180225e+02
4.840000e-06	3.842190e-06	1.317879e-09	2.070400e+01	3.159460e+02
4.850000e-06	3.790756e-06	1.311159e-09	2.042684e+01	3.138476e+02
4.860000e-06	3.739102e-06	1.304081e-09	2.014851e+01	3.117271e+02
4.870000e-06	3.687188e-06	1.294818e-09	1.986876e+01	3.095842e+02
4.880000e-06	3.635065e-06	1.284928e-09	1.958789e+01	3.074184e+02
4.890000e-06	3.582552e-06	1.275949e-09	1.930492e+01	3.052295e+02
4.900000e-06	3.529686e-06	1.267400e-09	1.902005e+01	3.030171e+02
4.910000e-06	3.476557e-06	1.257995e-09	1.873376e+01	3.007806e+02
4.920000e-06	3.423053e-06	1.247969e-09	1.844544e+01	2.985196e+02
4.930000e-06	3.369274e-06	1.237932e-09	1.815565e+01	2.962337e+02
4.940000e-06	3.315009e-06	1.228525e-09	1.786324e+01	2.939223e+02
4.950000e-06	3.260262e-06	1.219420e-09	1.756823e+01	2.915848e+02
4.960000e-06	3.205322e-06	1.209329e-09	1.727218e+01	2.892208e+02
4.970000e-06	3.150092e-06	1.198442e-09	1.697457e+01	2.868296e+02
4.980000e-06	3.094520e-06	1.188492e-09	1.667511e+01	2.844107e+02
4.990000e-06	3.038613e-06	1.179897e-09	1.637385e+01	2.819636e+02
5.000000e-06	2.982506e-06	1.170860e-09	1.607151e+01	2.794876e+02
5.010000e-06	2.926261e-06	1.160480e-09	1.576843e+01	2.769822e+02
5.020000e-06	2.869885e-06	1.149682e-09	1.546465e+01	2.744467e+02
5.030000e-06	2.813381e-06	1.139234e-09	1.516017e+01	2.718804e+02
5.040000e-06	2.756680e-06	1.129152e-09	1.485463e+01	2.692829e+02
5.050000e-06	2.699947e-06	1.118232e-09	1.454892e+01	2.666533e+02
5.060000e-06	2.643112e-06	1.106218e-09	1.424266e+01	2.639910e+02
5.070000e-06	2.586034e-06	1.095308e-09	1.393509e+01	2.612953e+02
5.080000e-06	2.528772e-06	1.086310e-09	1.362653e+01	2.585654e+02
5.090000e-06	2.471386e-06	1.077986e-09	1.331730e+01	2.558006e+02
5.100000e-06	2.413828e-06	1.067670e-09	1.300714e+01	2.530000e+02
5.110000e-06	2.356019e-06	1.054184e-09	1.269563e+01	2.501627e+02
5.120000e-06	2.298016e-06	1.040291e-09	1.238308e+01	2.472879e+02
5.130000e-06	2.239851e-06	1.028059e-09	1.206965e+01	2.443744e+02
5.140000e-06	2.181508e-06	1.016629e-09	1.175526e+01	2.414213e+02
5.150000e-06	2.122919e-06	1.004326e-09	1.143955e+01	2.384274e+02
5.160000e-06	2.064190e-06	9.912823e-10	1.112308e+01	2.353915e+02
5.170000e-06	2.005411e-06	9.796147e-10	1.080634e+01	2.323124e+02
5.180000e-06	1.946436e-06	9.676205e-10	1.048855e+01	2.291885e+02
5.190000e-06	1.887306e-06	9.537048e-10	1.016993e+01	2.260186e+02
5.200000e-06	1.828142e-06	9.398286e-10	9.851114e+00	2.228010e+02
5.210000e-06	1.768744e-06	9.262122e-10	9.531042e+00	2.195341e+02
5.220000e-06	1.709191e-06	9.117341e-10	9.210139e+00	2.162161e+02
5.230000e-06	1.649566e-06	8.966114e-10	8.888845e+00	2.128453e+02
5.240000e-06	1.589852e-06	8.813875e-10	8.567067e+00	2.094197e+02
5.250000e-06	1.530057e-06	8.671840e-10	8.244858e+00	2.059372e+02
5.260000e-06	1.470124e-06	8.551873e-10	7.921903e+00	2.023960e+02
5.270000e-06	1.410075e-06	8.429151e-10	7.598320e+00	1.987937e+02
5.280000e-06	1.349979e-06	8.275325e-10	7.274490e+00	1.951284e+02
5.290000e-06	1.289858e-06	8.094998e-10	6.950519e+00	1.913976e+02
5.300000e-06	1.229693e-06	7.905767e-10	6.626315e+00	1.875992e+02
5.310000e-06	1.169456e-06	7.713338e-10	6.301722e+00	1.837309e+02
5.320000e-06	1.109205e-06	7.522257e-10	5.977056e+00	1.797906e+02
5.330000e-06	1.048985e-06	7.343309e-10	5.652557e+00	1.757759e+02
5.340000e-06	9.887160e-07	7.178264e-10	5.327790e+00	1.716848e+02
5.350000e-06	9.283945e-07	7.020406e-10	5.002741e+00	1.675152e+02
5.360000e-06	8.679778e-07	6.858757e-10	4.677180e+00	1.632653e+02
5.370000e-06	8.075077e-07	6.682783e-10	4.351332e+00	1.589330e+02
5.380000e-06	7.470122e-07	6.488594e-10	4.025346e+00	1.545170e+02
5.390000e-06	6.864861e-07	6.285648e-10	3.699195e+00	1.500157e+02
5.400000e-06	6.260149e-07	6.080441e-10	3.373340e+00	1.454279e+02
5.410000e-06	5.654356e-07	5.880899e-10	3.046903e+00	1.407527e+02
5.420000e-06	5.047434e-07	5.692229e-10	2.719858e+00	1.359895e+02
5.430000e-06	4.440779e-07	5.496363e-10	2.392956e+00	1.311379e+02
5.440000e-06	3.832446e-07	5.290490e-10	2.065150e+00	1.261979e+02
5.450000e-06	3.223592e-07	5.089132e-10	1.737063e+00	1.211698e+02
5.460000e-06	2.616216e-07	4.884610e-10	1.409773e+00	1.160544e+02
5.470000e-06	2.009350e-07	4.655669e-10	1.082757e+00	1.108529e+02
5.480000e-06	1.402242e-07	4.415148e-10	7.556113e-01	1.055668e+02
5.490000e-06	7.946370e-08	4.180400e-10	4.281977e-01	1.001980e+02
5.500000e-06	1.875732e-08	3.954069e-10	1.010756e-01	9.474898e+01
5.510000e-06	-4.196174e-08	3.738960e-10	-2.261148e-01	8.922256e+01
5.520000e-06	-1.028598e-07	3.521284e-10	-5.542697e-01	8.362198e+01
5.530000e-06	-1.638214e-07	3.293841e-10	-8.827670e-01	7.795090e+01
5.540000e-06	-2.247633e-07	3.065233e-10	-1.211158e+00	7.221340e+01
5.550000e-06	-2.856512e-07	2.833072e-10	-1.539259e+00	6.641393e+01
5.560000e-06	-3.464233e-07	2.586684e-10	-1.866735e+00	6.055730e+01
5.570000e-06	-4.071714e-07	2.333614e-10	-2.194082e+00	5.464866e+01
5.580000e-06	-4.678648e-07	2.088457e-10	-2.521134e+00	4.869344e+01
5.590000e-06	-5.284589e-07	1.839804e-10	-2.847651e+00	4.269734e+01
5.600000e-06	-5.890282e-07	1.585668e-10	-3.174034e+00	3.666628e+01
5.610000e-06	-6.495319e-07	1.339598e-10	-3.500064e+00	3.060637e+01
5.620000e-06	-7.099380e-07	1.094429e-10	-3.825568e+00	2.452381e+01
5.630000e-06	-7.702549e-07	8.468687e-11	-4.150591e+00	1.842493e+01
5.640000e-06	-8.305822e-07	6.053830e-11	-4.475671e+00	1.231605e+01
5.650000e-06	-8.909849e-07	3.672745e-11	-4.801156e+00	6.203482e+00
5.660000e-06	-9.514427e-07	1.213898e-11	-5.126939e+00	9.346825e-02
5.670000e-06	-1.011911e-06	-1.312006e-11	-5.452780e+00	-6.007877e+00
5.680000e-06	-1.072284e-06	-3.834654e-11	-5.778103e+00	-1.209461e+01
5.690000e-06	-1.132531e-06	-6.307384e-11	-6.102752e+00	-1.816101e+01
5.700000e-06	-1.192739e-06	-8.746640e-11	-6.427189e+00	-2.420160e+01
5.710000e-06	-1.252933e-06	-1.113631e-10	-6.751549e+00	-3.021124e+01
5.720000e-06	-1.313074e-06	-1.343759e-10	-7.075622e+00	-3.618510e+01
5.730000e-06	-1.373140e-06	-1.569006e-10	-7.399292e+00	-4.211872e+01
5.740000e-06	-1.433121e-06	-1.798405e-10	-7.722506e+00	-4.800805e+01
5.750000e-06	-1.492999e-06	-2.044114e-10	-8.045168e+00	-5.384945e+01
5.760000e-06	-1.552678e-06	-2.304424e-10	-8.366754e+00	-5.963970e+01
5.770000e-06	-1.612292e-06	-2.564934e-10	-8.687987e+00	-6.537602e+01
5.780000e-06	-1.671835e-06	-2.810229e-10	-9.008840e+00	-7.105608e+01
5.790000e-06	-1.731138e-06	-3.039296e-10	-9.328403e+00	-7.667796e+01
5.800000e-06	-1.790369e-06	-3.265898e-10	-9.647573e+00	-8.224019e+01
5.810000e-06	-1.849656e-06	-3.495142e-10	-9.967047e+00	-8.774169e+01
5.820000e-06	-1.908804e-06	-3.720008e-10	-1.028577e+01	-9.318176e+01
5.830000e-06	-1.967741e-06	-3.946885e-10	-1.060336e+01	-9.856007e+01
5.840000e-06	-2.026579e-06	-4.171839e-10	-1.092041e+01	-1.038766e+02
5.850000e-06	-2.085187e-06	-4.386230e-10	-1.123622e+01	-1.091316e+02
5.860000e-06	-2.143574e-06	-4.604353e-10	-1.155085e+01	-1.143257e+02
5.870000e-06	-2.201875e-06	-4.822000e-10	-1.186501e+01	-1.194595e+02
5.880000e-06	-2.259978e-06	-5.025892e-10	-1.217811e+01	-1.245341e+02
5.890000e-06	-2.317915e-06	-5.232946e-10	-1.249030e+01	-1.295503e+02
5.900000e-06	-2.375732e-06	-5.454084e-10	-1.280185e+01	-1.345093e+02
5.910000e-06	-2.433293e-06	-5.675066e-10	-1.311203e+01	-1.394123e+02
5.920000e-06	-2.490681e-06	-5.887829e-10	-1.342127e+01	-1.442603e+02
5.930000e-06	-2.548021e-06	-6.095447e-10	-1.373025e+01	-1.490545e+02
5.940000e-06	-2.605048e-06	-6.299402e-10	-1.403755e+01	-1.537959e+02
5.950000e-06	-2.661725e-06	-6.501262e-10	-1.434295e+01	-1.584854e+02
5.960000e-06	-2.718322e-06	-6.704051e-10	-1.464793e+01	-1.631237e+02
5.970000e-06	-2.774747e-06	-6.905789e-10	-1.495199e+01	-1.677114e+02
5.980000e-06	-2.831077e-06	-7.103339e-10	-1.525553e+01	-1.722488e+02
5.990000e-06	-2.887382e-06	-7.287005e-10	-1.555893e+01	-1.767363e+02
6.000000e-06	-2.943565e-06	-7.466266e-10	-1.586168e+01	-1.811738e+02
6.010000e-06	-2.999680e-06	-7.651584e-10	-1.616406e+01	-1.855611e+02
6.020000e-06	-3.055652e-06	-7.826243e-10	-1.646567e+01	-1.898977e+02
6.030000e-06	-3.111305e-06	-7.989636e-10	-1.676556e+01	-1.941831e+02
6.040000e-06	-3.166641e-06	-8.171466e-10	-1.706375e+01	-1.984165e+02
6.050000e-06	-3.221522e-06	-8.373768e-10	-1.735948e+01	-2.025969e+02
6.060000e-06	-3.275890e-06	-8.570765e-10	-1.765244e+01	-2.067232e+02
6.070000e-06	-3.329981e-06	-8.747471e-10	-1.794392e+01	-2.107943e+02
6.080000e-06	-3.383865e-06	-8.898350e-10	-1.823428e+01	-2.148088e+02
6.090000e-06	-3.437445e-06	-9.044271e-10	-1.852300e+01	-2.187655e+02
6.100000e-06	-3.490666e-06	-9.204047e-10	-1.880979e+01	-2.226629e+02
6.110000e-06	-3.543569e-06	-9.370450e-10	-1.909485e+01	-2.264997e+02
6.120000e-06	-3.596128e-06	-9.537254e-10	-1.937808e+01	-2.302746e+02
6.130000e-06	-3.648360e-06	-9.705883e-10	-1.965953e+01	-2.339865e+02
6.140000e-06	-3.700325e-06	-9.869134e-10	-1.993955e+01	-2.376341e+02
6.150000e-06	-3.752014e-06	-1.001850e-09	-2.021808e+01	-2.412167e+02
6.160000e-06	-3.803456e-06	-1.016368e-09	-2.049528e+01	-2.447334e+02
6.170000e-06	-3.854607e-06	-1.030702e-09	-2.077091e+01	-2.481837e+02
6.180000e-06	-3.905352e-06	-1.043866e-09	-2.104436e+01	-2.515671e+02
6.190000e-06	-3.955802e-06	-1.056978e-09	-2.131621e+01	-2.548836e+02
6.200000e-06	-4.006013e-06	-1.071384e-09	-2.158678e+01	-2.581332e+02
6.210000e-06	-4.056017e-06	-1.085269e-09	-2.185623e+01	-2.613164e+02
6.220000e-06	-4.105736e-06	-1.097226e-09	-2.212415e+01	-2.644338e+02
6.230000e-06	-4.155020e-06	-1.109150e-09	-2.238972e+01	-2.674862e+02
6.240000e-06	-4.203684e-06	-1.121556e-09	-2.265195e+01	-2.704748e+02
6.250000e-06	-4.251736e-06	-1.133867e-09	-2.291088e+01	-2.734008e+02
6.260000e-06	-4.299501e-06	-1.145997e-09	-2.316827e+01	-2.762659e+02
6.270000e-06	-4.346835e-06	-1.156648e-09	-2.342333e+01	-2.790718e+02
6.280000e-06	-4.393957e-06	-1.166716e-09	-2.367725e+01	-2.818204e+02
6.290000e-06	-4.440984e-06	-1.177394e-09	-2.393066e+01	-2.845138e+02
6.300000e-06	-4.487687e-06	-1.187666e-09	-2.418232e+01	-2.871541e+02
6.310000e-06	-4.534144e-06	-1.197979e-09	-2.443266e+01	-2.897435e+02
6.320000e-06	-4.580264e-06	-1.209696e-09	-2.468119e+01	-2.922845e+02
6.330000e-06	-4.626065e-06	-1.220242e-09	-2.492799e+01	-2.947793e+02
6.340000e-06	-4.671492e-06	-1.229200e-09	-2.517278e+01	-2.972301e+02
6.350000e-06	-4.716495e-06	-1.238846e-09	-2.541528e+01	-2.996394e+02
6.360000e-06	-4.761265e-06	-1.247335e-09	-2.565652e+01	-3.020093e+02
6.370000e-06	-4.805883e-06	-1.254184e-09	-2.589696e+01	-3.043418e+02
6.380000e-06	-4.850289e-06	-1.262084e-09	-2.613624e+01	-3.066390e+02
6.390000e-06	-4.894462e-06	-1.271849e-09	-2.637427e+01	-3.089026e+02
6.400000e-06	-4.938336e-06	-1.282418e-09	-2.661069e+01	-3.111344e+02
6.410000e-06	-4.981907e-06	-1.293038e-09	-2.684548e+01	-3.133358e+02
6.420000e-06	-5.025119e-06	-1.303401e-09	-2.707833e+01	-3.155082e+02
6.430000e-06	-5.067948e-06	-1.313545e-09	-2.730912e+01	-3.176526e+02
6.440000e-06	-5.110335e-06	-1.322750e-09	-2.753752e+01	-3.197699e+02
6.450000e-06	-5.152386e-06	-1.330918e-09	-2.776412e+01	-3.218609e+02
6.460000e-06	-5.194211e-06	-1.338694e-09	-2.798950e+01	-3.239262e+02
6.470000e-06	-5.235575e-06	-1.346164e-09	-2.821239e+01	-3.259659e+02
6.480000e-06	-5.276497e-06	-1.353862e-09	-2.843290e+01	-3.279805e+02
6.490000e-06	-5.317149e-06	-1.362380e-09	-2.865196e+01	-3.299698e+02
6.500000e-06	-5.357559e-06	-1.370465e-09	-2.886971e+01	-3.319337e+02
6.510000e-06	-5.397743e-06	-1.377718e-09	-2.908625e+01	-3.338721e+02
6.520000e-06	-5.437731e-06	-1.385254e-09	-2.930173e+01	-3.357847e+02
6.530000e-06	-5.477296e-06	-1.393090e-09	-2.951493e+01	-3.376710e+02
6.540000e-06	-5.516311e-06	-1.400825e-09	-2.972516e+01	-3.395306e+02
6.550000e-06	-5.554595e-06	-1.407897e-09	-2.993146e+01	-3.413631e+02
6.560000e-06	-5.592054e-06	-1.413801e-09	-3.013331e+01	-3.431679e+02
6.570000e-06	-5.628966e-06	-1.419246e-09	-3.033222e+01	-3.449446e+02
6.580000e-06	-5.665521e-06	-1.424725e-09	-3.052919e+01	-3.466929e+02
6.590000e-06	-5.701779e-06	-1.430685e-09	-3.072457e+01	-3.484122e+02
6.600000e-06	-5.737813e-06	-1.437696e-09	-3.091875e+01	-3.501024e+02
6.610000e-06	-5.773671e-06	-1.444281e-09	-3.111197e+01	-3.517631e+02
6.620000e-06	-5.809265e-06	-1.451055e-09	-3.130377e+01	-3.533942e+02
6.630000e-06	-5.844314e-06	-1.459046e-09	-3.149264e+01	-3.549956e+02
6.640000e-06	-5.878800e-06	-1.466337e-09	-3.167847e+01	-3.565674e+02
6.650000e-06	-5.912965e-06	-1.471490e-09	-3.186257e+01	-3.581098e+02
6.660000e-06	-5.946483e-06	-1.475160e-09	-3.204318e+01	-3.596229e+02
6.670000e-06	-5.979312e-06	-1.480114e-09	-3.222008e+01	-3.611072e+02
6.680000e-06	-6.011911e-06	-1.486562e-09	-3.239575e+01	-3.625629e+02
6.690000e-06	-6.044305e-06	-1.491801e-09	-3.257031e+01	-3.639906e+02
6.700000e-06	-6.076459e-06	-1.496349e-09	-3.274357e+01	-3.653909e+02
6.710000e-06	-6.108398e-06	-1.502008e-09	-3.291568e+01	-3.667644e+02
6.720000e-06	-6.139828e-06	-1.508062e-09	-3.308504e+01	-3.681117e+02
6.730000e-06	-6.170709e-06	-1.514461e-09	-3.325145e+01	-3.694336e+02
6.740000e-06	-6.200982e-06	-1.520718e-09	-3.341458e+01	-3.707308e+02
6.750000e-06	-6.230355e-06	-1.525578e-09	-3.357286e+01	-3.720039e+02
6.760000e-06	-6.259056e-06	-1.529668e-09	-3.372752e+01	-3.732537e+02
6.770000e-06	-6.287441e-06	-1.534358e-09	-3.388047e+01	-3.744808e+02
6.780000e-06	-6.315648e-06	-1.539735e-09	-3.403247e+01	-3.756860e+02
6.790000e-06	-6.343601e-06	-1.544950e-09	-3.418309e+01	-3.768698e+02
6.800000e-06	-6.371143e-06	-1.549787e-09	-3.433151e+01	-3.780327e+02
6.810000e-06	-6.398224e-06	-1.554966e-09	-3.447744e+01	-3.791753e+02
6.820000e-06	-6.424758e-06	-1.561221e-09	-3.462041e+01	-3.802981e+02
6.830000e-06	-6.450694e-06	-1.566801e-09	-3.476017e+01	-3.814012e+02
6.840000e-06	-6.476166e-06	-1.570412e-09	-3.489743e+01	-3.824852e+02
6.850000e-06	-6.501229e-06	-1.573379e-09	-3.503249e+01	-3.835501e+02
6.860000e-06	-6.525894e-06	-1.576486e-09	-3.516539e+01	-3.845961e+02
6.870000e-06	-6.550239e-06	-1.579511e-09	-3.529658e+01	-3.856234e+02
6.880000e-06	-6.574226e-06	-1.582785e-09	-3.542584e+01	-3.866321e+02
6.890000e-06	-6.597915e-06	-1.585555e-09	-3.555349e+01	-3.876220e+02
6.900000e-06	-6.621231e-06	-1.587791e-09	-3.567913e+01	-3.885932e+02
6.910000e-06	-6.643737e-06	-1.590568e-09	-3.580040e+01	-3.895456e+02
6.920000e-06	-6.665429e-06	-1.594264e-09	-3.591730e+01	-3.904791e+02
6.930000e-06	-6.686462e-06	-1.598569e-09	-3.603063e+01	-3.913936e+02
6.940000e-06	-6.706950e-06	-1.602030e-09	-3.614103e+01	-3.922890e+02
6.950000e-06	-6.727133e-06	-1.604435e-09	-3.624979e+01	-3.931653e+02
6.960000e-06	-6.746969e-06	-1.606731e-09	-3.635668e+01	-3.940223e+02
6.970000e-06	-6.766424e-06	-1.608908e-09	-3.646151e+01	-3.948600e+02
6.980000e-06	-6.785462e-06	-1.611854e-09	-3.656410e+01	-3.956783e+02
6.990000e-06	-6.803979e-06	-1.614525e-09	-3.666389e+01	-3.964773e+02
7.000000e-06	-6.821988e-06	-1.615344e-09	-3.676093e+01	-3.972570e+02
7.010000e-06	-6.839535e-06	-1.616133e-09	-3.685548e+01	-3.980174e+02
7.020000e-06	-6.856608e-06	-1.617980e-09	-3.694748e+01	-3.987587e+02
7.030000e-06	-6.873252e-06	-1.620236e-09	-3.703717e+01	-3.994811e+02
7.040000e-06	-6.889603e-06	-1.622834e-09	-3.712528e+01	-4.001847e+02
7.050000e-06	-6.905411e-06	-1.625014e-09	-3.721046e+01	-4.008696e+02
7.060000e-06	-6.920656e-06	-1.627021e-09	-3.729261e+01	-4.015363e+02
7.070000e-06	-6.935434e-06	-1.629960e-09	-3.737224e+01	-4.021848e+02
7.080000e-06	-6.949492e-06	-1.632897e-09	-3.744799e+01	-4.028156e+02
7.090000e-06	-6.962716e-06	-1.635028e-09	-3.751926e+01	-4.034288e+02
7.100000e-06	-6.975258e-06	-1.637051e-09	-3.758684e+01	-4.040247e+02
7.110000e-06	-6.987307e-06	-1.640453e-09	-3.765176e+01	-4.046036e+02
7.120000e-06	-6.998850e-06	-1.643634e-09	-3.771396e+01	-4.051656e+02
7.130000e-06	-7.009924e-06	-1.646317e-09	-3.777364e+01	-4.057111e+02
7.140000e-06	-7.020455e-06	-1.648369e-09	-3.783039e+01	-4.062402e+02
7.150000e-06	-7.030527e-06	-1.647777e-09	-3.788466e+01	-4.067530e+02
7.160000e-06	-7.040307e-06	-1.646606e-09	-3.793736e+01	-4.072496e+02
7.170000e-06	-7.049584e-06	-1.647009e-09	-3.798735e+01	-4.077300e+02
7.180000e-06	-7.058277e-06	-1.647851e-09	-3.803419e+01	-4.081942e+02
7.190000e-06	-7.066633e-06	-1.647518e-09	-3.807922e+01	-4.086422e+02
7.200000e-06	-7.074676e-06	-1.647035e-09	-3.812256e+01	-4.090738e+02
7.210000e-06	-7.082223e-06	-1.647773e-09	-3.816323e+01	-4.094888e+02
7.220000e-06	-7.089070e-06	-1.648556e-09	-3.820012e+01	-4.098871e+02
7.230000e-06	-7.095133e-06	-1.648939e-09	-3.823280e+01	-4.102684e+02
7.240000e-06	-7.100431e-06	-1.649581e-09	-3.826134e+01	-4.106324e+02
7.250000e-06	-7.105133e-06	-1.650551e-09	-3.828668e+01	-4.109788e+02
7.260000e-06	-7.109459e-06	-1.651179e-09	-3.830999e+01	-4.113072e+02
7.270000e-06	-7.113524e-06	-1.651374e-09	-3.833190e+01	-4.116174e+02
7.280000e-06	-7.117267e-06	-1.652024e-09	-3.835207e+01	-4.119090e+02
7.290000e-06	-7.120526e-06	-1.651973e-09	-3.836963e+01	-4.121816e+02
7.300000e-06	-7.123138e-06	-1.651286e-09	-3.838370e+01	-4.124351e+02
7.310000e-06	-7.125236e-06	-1.651665e-09	-3.839501e+01	-4.126690e+02
7.320000e-06	-7.126870e-06	-1.652936e-09	-3.840381e+01	-4.128832e+02
7.330000e-06	-7.127899e-06	-1.654364e-09	-3.840936e+01	-4.130776e+02
7.340000e-06	-7.128531e-06	-1.654290e-09	-3.841276e+01	-4.132519e+02
