# Temperatura_=_19.8
# Concentracion g/m^3_=_7400.0
# C_Vs_to_Am_M_A/Vsm_=_254322799225.57578
# pendiente_HvsI_1/m_=_3716.3
# ordenada_HvsI_A/m_=_1297.0
# frecuencia_Hz_=_136126.45072143569

Tiempo_(s)	Campo_(V.s)	Magnetizacion_(V.s)	Campo_(kA/m)	Magnetizacion_(A/m)
0.000000e+00	-7.125662e-06	-1.742828e-09	-3.843124e+01	-4.374335e+02
1.000000e-08	-7.125656e-06	-1.742237e-09	-3.843121e+01	-4.375945e+02
2.000000e-08	-7.125229e-06	-1.740289e-09	-3.842890e+01	-4.377372e+02
3.000000e-08	-7.124184e-06	-1.736328e-09	-3.842327e+01	-4.378613e+02
4.000000e-08	-7.122446e-06	-1.733844e-09	-3.841389e+01	-4.379666e+02
5.000000e-08	-7.119989e-06	-1.734828e-09	-3.840064e+01	-4.380528e+02
6.000000e-08	-7.116937e-06	-1.738904e-09	-3.838418e+01	-4.381198e+02
7.000000e-08	-7.113388e-06	-1.748792e-09	-3.836504e+01	-4.381674e+02
8.000000e-08	-7.109410e-06	-1.747844e-09	-3.834359e+01	-4.381956e+02
9.000000e-08	-7.104768e-06	-1.702048e-09	-3.831855e+01	-4.382044e+02
1.000000e-07	-7.099183e-06	-1.659935e-09	-3.828843e+01	-4.381939e+02
1.100000e-07	-7.093025e-06	-1.730679e-09	-3.825522e+01	-4.381641e+02
1.200000e-07	-7.086863e-06	-1.826615e-09	-3.822198e+01	-4.381153e+02
1.300000e-07	-7.080510e-06	-1.748844e-09	-3.818772e+01	-4.380476e+02
1.400000e-07	-7.073495e-06	-1.621188e-09	-3.814988e+01	-4.379612e+02
1.500000e-07	-7.065847e-06	-1.710726e-09	-3.810864e+01	-4.378565e+02
1.600000e-07	-7.057951e-06	-1.852172e-09	-3.806605e+01	-4.377336e+02
1.700000e-07	-7.049846e-06	-1.720246e-09	-3.802234e+01	-4.375930e+02
1.800000e-07	-7.041109e-06	-1.547931e-09	-3.797522e+01	-4.374348e+02
1.900000e-07	-7.031579e-06	-1.708235e-09	-3.792382e+01	-4.372594e+02
2.000000e-07	-7.021360e-06	-1.896052e-09	-3.786870e+01	-4.370669e+02
2.100000e-07	-7.010701e-06	-1.726364e-09	-3.781122e+01	-4.368577e+02
2.200000e-07	-6.999427e-06	-1.552401e-09	-3.775041e+01	-4.366320e+02
2.300000e-07	-6.987382e-06	-1.711897e-09	-3.768544e+01	-4.363898e+02
2.400000e-07	-6.974851e-06	-1.823190e-09	-3.761786e+01	-4.361314e+02
2.500000e-07	-6.961819e-06	-1.659914e-09	-3.754758e+01	-4.358568e+02
2.600000e-07	-6.948069e-06	-1.617601e-09	-3.747342e+01	-4.355660e+02
2.700000e-07	-6.933868e-06	-1.776575e-09	-3.739683e+01	-4.352590e+02
2.800000e-07	-6.919189e-06	-1.756788e-09	-3.731766e+01	-4.349358e+02
2.900000e-07	-6.903618e-06	-1.630726e-09	-3.723368e+01	-4.345961e+02
3.000000e-07	-6.887146e-06	-1.699268e-09	-3.714484e+01	-4.342399e+02
3.100000e-07	-6.870254e-06	-1.749800e-09	-3.705373e+01	-4.338669e+02
3.200000e-07	-6.853070e-06	-1.624354e-09	-3.696106e+01	-4.334768e+02
3.300000e-07	-6.835462e-06	-1.647435e-09	-3.686609e+01	-4.330694e+02
3.400000e-07	-6.817459e-06	-1.800828e-09	-3.676899e+01	-4.326444e+02
3.500000e-07	-6.798965e-06	-1.712078e-09	-3.666925e+01	-4.322015e+02
3.600000e-07	-6.779923e-06	-1.568314e-09	-3.656655e+01	-4.317404e+02
3.700000e-07	-6.760348e-06	-1.689709e-09	-3.646097e+01	-4.312607e+02
3.800000e-07	-6.740543e-06	-1.768592e-09	-3.635415e+01	-4.307623e+02
3.900000e-07	-6.720503e-06	-1.624392e-09	-3.624607e+01	-4.302448e+02
4.000000e-07	-6.699901e-06	-1.612478e-09	-3.613496e+01	-4.297082e+02
4.100000e-07	-6.678718e-06	-1.735929e-09	-3.602071e+01	-4.291521e+02
4.200000e-07	-6.656950e-06	-1.685824e-09	-3.590331e+01	-4.285766e+02
4.300000e-07	-6.634782e-06	-1.606883e-09	-3.578375e+01	-4.279816e+02
4.400000e-07	-6.612238e-06	-1.674171e-09	-3.566216e+01	-4.273672e+02
4.500000e-07	-6.589102e-06	-1.672261e-09	-3.553738e+01	-4.267336e+02
4.600000e-07	-6.565570e-06	-1.600604e-09	-3.541046e+01	-4.260809e+02
4.700000e-07	-6.541790e-06	-1.655817e-09	-3.528221e+01	-4.254095e+02
4.800000e-07	-6.517641e-06	-1.697380e-09	-3.515197e+01	-4.247199e+02
4.900000e-07	-6.492988e-06	-1.614965e-09	-3.501900e+01	-4.240124e+02
5.000000e-07	-6.467639e-06	-1.602326e-09	-3.488228e+01	-4.232876e+02
5.100000e-07	-6.441569e-06	-1.658998e-09	-3.474168e+01	-4.225463e+02
5.200000e-07	-6.414862e-06	-1.629070e-09	-3.459764e+01	-4.217890e+02
5.300000e-07	-6.387589e-06	-1.598167e-09	-3.445055e+01	-4.210166e+02
5.400000e-07	-6.359907e-06	-1.633401e-09	-3.430125e+01	-4.202298e+02
5.500000e-07	-6.331904e-06	-1.628148e-09	-3.415022e+01	-4.194294e+02
5.600000e-07	-6.303629e-06	-1.599318e-09	-3.399772e+01	-4.186164e+02
5.700000e-07	-6.274931e-06	-1.613130e-09	-3.384295e+01	-4.177914e+02
5.800000e-07	-6.245737e-06	-1.608929e-09	-3.368549e+01	-4.169554e+02
5.900000e-07	-6.216137e-06	-1.583519e-09	-3.352585e+01	-4.161090e+02
6.000000e-07	-6.186177e-06	-1.593521e-09	-3.336426e+01	-4.152530e+02
6.100000e-07	-6.155659e-06	-1.602218e-09	-3.319966e+01	-4.143879e+02
6.200000e-07	-6.124608e-06	-1.586323e-09	-3.303220e+01	-4.135143e+02
6.300000e-07	-6.093196e-06	-1.581192e-09	-3.286278e+01	-4.126326e+02
6.400000e-07	-6.061569e-06	-1.575812e-09	-3.269221e+01	-4.117430e+02
6.500000e-07	-6.029839e-06	-1.562094e-09	-3.252108e+01	-4.108457e+02
6.600000e-07	-5.997729e-06	-1.562827e-09	-3.234790e+01	-4.099407e+02
6.700000e-07	-5.965000e-06	-1.563929e-09	-3.217137e+01	-4.090277e+02
6.800000e-07	-5.931561e-06	-1.554651e-09	-3.199102e+01	-4.081064e+02
6.900000e-07	-5.897369e-06	-1.550911e-09	-3.180662e+01	-4.071763e+02
7.000000e-07	-5.862545e-06	-1.545190e-09	-3.161880e+01	-4.062367e+02
7.100000e-07	-5.827207e-06	-1.534373e-09	-3.142821e+01	-4.052866e+02
7.200000e-07	-5.791558e-06	-1.533535e-09	-3.123594e+01	-4.043250e+02
7.300000e-07	-5.755758e-06	-1.531722e-09	-3.104286e+01	-4.033508e+02
7.400000e-07	-5.719734e-06	-1.521547e-09	-3.084857e+01	-4.023625e+02
7.500000e-07	-5.683354e-06	-1.519839e-09	-3.065236e+01	-4.013587e+02
7.600000e-07	-5.646439e-06	-1.522247e-09	-3.045326e+01	-4.003377e+02
7.700000e-07	-5.609104e-06	-1.513299e-09	-3.025190e+01	-3.992978e+02
7.800000e-07	-5.571439e-06	-1.502195e-09	-3.004876e+01	-3.982374e+02
7.900000e-07	-5.533339e-06	-1.497142e-09	-2.984327e+01	-3.971544e+02
8.000000e-07	-5.494737e-06	-1.493049e-09	-2.963508e+01	-3.960471e+02
8.100000e-07	-5.455573e-06	-1.490917e-09	-2.942385e+01	-3.949137e+02
8.200000e-07	-5.416064e-06	-1.488819e-09	-2.921077e+01	-3.937522e+02
8.300000e-07	-5.376420e-06	-1.481261e-09	-2.899695e+01	-3.925610e+02
8.400000e-07	-5.336597e-06	-1.472153e-09	-2.878217e+01	-3.913383e+02
8.500000e-07	-5.296456e-06	-1.466288e-09	-2.856568e+01	-3.900826e+02
8.600000e-07	-5.255844e-06	-1.462125e-09	-2.834665e+01	-3.887924e+02
8.700000e-07	-5.214790e-06	-1.456472e-09	-2.812522e+01	-3.874665e+02
8.800000e-07	-5.173268e-06	-1.449013e-09	-2.790128e+01	-3.861037e+02
8.900000e-07	-5.131046e-06	-1.443223e-09	-2.767356e+01	-3.847031e+02
9.000000e-07	-5.088186e-06	-1.439742e-09	-2.744241e+01	-3.832641e+02
9.100000e-07	-5.044913e-06	-1.433944e-09	-2.720902e+01	-3.817861e+02
9.200000e-07	-5.001304e-06	-1.424575e-09	-2.697382e+01	-3.802690e+02
9.300000e-07	-4.957504e-06	-1.416112e-09	-2.673759e+01	-3.787126e+02
9.400000e-07	-4.913480e-06	-1.410836e-09	-2.650015e+01	-3.771173e+02
9.500000e-07	-4.869113e-06	-1.406006e-09	-2.626086e+01	-3.754835e+02
9.600000e-07	-4.824487e-06	-1.399458e-09	-2.602018e+01	-3.738118e+02
9.700000e-07	-4.779593e-06	-1.391367e-09	-2.577805e+01	-3.721031e+02
9.800000e-07	-4.734316e-06	-1.382607e-09	-2.553386e+01	-3.703585e+02
9.900000e-07	-4.688746e-06	-1.375118e-09	-2.528808e+01	-3.685792e+02
1.000000e-06	-4.642864e-06	-1.369004e-09	-2.504062e+01	-3.667667e+02
1.010000e-06	-4.596535e-06	-1.362778e-09	-2.479076e+01	-3.649223e+02
1.020000e-06	-4.549847e-06	-1.356633e-09	-2.453895e+01	-3.630478e+02
1.030000e-06	-4.502739e-06	-1.350955e-09	-2.428488e+01	-3.611447e+02
1.040000e-06	-4.455314e-06	-1.345272e-09	-2.402910e+01	-3.592149e+02
1.050000e-06	-4.407721e-06	-1.338334e-09	-2.377241e+01	-3.572599e+02
1.060000e-06	-4.359826e-06	-1.329940e-09	-2.351410e+01	-3.552816e+02
1.070000e-06	-4.311643e-06	-1.320964e-09	-2.325423e+01	-3.532814e+02
1.080000e-06	-4.263177e-06	-1.312560e-09	-2.299283e+01	-3.512609e+02
1.090000e-06	-4.214435e-06	-1.305544e-09	-2.272996e+01	-3.492216e+02
1.100000e-06	-4.165127e-06	-1.299461e-09	-2.246402e+01	-3.471647e+02
1.110000e-06	-4.115267e-06	-1.291623e-09	-2.219510e+01	-3.450912e+02
1.120000e-06	-4.065137e-06	-1.281673e-09	-2.192474e+01	-3.430021e+02
1.130000e-06	-4.014627e-06	-1.272489e-09	-2.165232e+01	-3.408981e+02
1.140000e-06	-3.963687e-06	-1.265094e-09	-2.137758e+01	-3.387796e+02
1.150000e-06	-3.912312e-06	-1.257664e-09	-2.110049e+01	-3.366470e+02
1.160000e-06	-3.860642e-06	-1.248350e-09	-2.082182e+01	-3.345002e+02
1.170000e-06	-3.808846e-06	-1.238213e-09	-2.054247e+01	-3.323390e+02
1.180000e-06	-3.756813e-06	-1.227998e-09	-2.026183e+01	-3.301631e+02
1.190000e-06	-3.704402e-06	-1.218301e-09	-1.997916e+01	-3.279716e+02
1.200000e-06	-3.651665e-06	-1.209945e-09	-1.969473e+01	-3.257639e+02
1.210000e-06	-3.598631e-06	-1.203598e-09	-1.940870e+01	-3.235388e+02
1.220000e-06	-3.545297e-06	-1.198306e-09	-1.912105e+01	-3.212952e+02
1.230000e-06	-3.491738e-06	-1.190734e-09	-1.883219e+01	-3.190316e+02
1.240000e-06	-3.437975e-06	-1.180914e-09	-1.854223e+01	-3.167467e+02
1.250000e-06	-3.383959e-06	-1.170207e-09	-1.825090e+01	-3.144389e+02
1.260000e-06	-3.329560e-06	-1.158248e-09	-1.795751e+01	-3.121065e+02
1.270000e-06	-3.274895e-06	-1.146916e-09	-1.766268e+01	-3.097480e+02
1.280000e-06	-3.220079e-06	-1.138584e-09	-1.736704e+01	-3.073615e+02
1.290000e-06	-3.165155e-06	-1.131201e-09	-1.707081e+01	-3.049455e+02
1.300000e-06	-3.110138e-06	-1.121674e-09	-1.677408e+01	-3.024984e+02
1.310000e-06	-3.054853e-06	-1.110420e-09	-1.647592e+01	-3.000187e+02
1.320000e-06	-2.999342e-06	-1.099793e-09	-1.617652e+01	-2.975049e+02
1.330000e-06	-2.943693e-06	-1.089351e-09	-1.587639e+01	-2.949557e+02
1.340000e-06	-2.887986e-06	-1.077929e-09	-1.557594e+01	-2.923699e+02
1.350000e-06	-2.832188e-06	-1.066610e-09	-1.527500e+01	-2.897464e+02
1.360000e-06	-2.776215e-06	-1.056475e-09	-1.497312e+01	-2.870843e+02
1.370000e-06	-2.720179e-06	-1.047194e-09	-1.467090e+01	-2.843829e+02
1.380000e-06	-2.663935e-06	-1.038103e-09	-1.436755e+01	-2.816414e+02
1.390000e-06	-2.607336e-06	-1.028918e-09	-1.406229e+01	-2.788593e+02
1.400000e-06	-2.550471e-06	-1.019193e-09	-1.375560e+01	-2.760362e+02
1.410000e-06	-2.493402e-06	-1.009558e-09	-1.344781e+01	-2.731719e+02
1.420000e-06	-2.436112e-06	-9.988570e-10	-1.313882e+01	-2.702659e+02
1.430000e-06	-2.378504e-06	-9.856058e-10	-1.282812e+01	-2.673181e+02
1.440000e-06	-2.320561e-06	-9.725043e-10	-1.251562e+01	-2.643283e+02
1.450000e-06	-2.262288e-06	-9.612663e-10	-1.220133e+01	-2.612963e+02
1.460000e-06	-2.203750e-06	-9.502200e-10	-1.188561e+01	-2.582219e+02
1.470000e-06	-2.145036e-06	-9.395168e-10	-1.156894e+01	-2.551046e+02
1.480000e-06	-2.086072e-06	-9.304267e-10	-1.125093e+01	-2.519440e+02
1.490000e-06	-2.026874e-06	-9.207224e-10	-1.093165e+01	-2.487394e+02
1.500000e-06	-1.967584e-06	-9.082633e-10	-1.061188e+01	-2.454901e+02
1.510000e-06	-1.908208e-06	-8.947513e-10	-1.029165e+01	-2.421951e+02
1.520000e-06	-1.848713e-06	-8.820581e-10	-9.970769e+00	-2.388530e+02
1.530000e-06	-1.789123e-06	-8.700079e-10	-9.649379e+00	-2.354624e+02
1.540000e-06	-1.729474e-06	-8.579865e-10	-9.327671e+00	-2.320214e+02
1.550000e-06	-1.669749e-06	-8.461254e-10	-9.005553e+00	-2.285279e+02
1.560000e-06	-1.609936e-06	-8.338176e-10	-8.682960e+00	-2.249796e+02
1.570000e-06	-1.550085e-06	-8.209183e-10	-8.360162e+00	-2.213736e+02
1.580000e-06	-1.490206e-06	-8.081541e-10	-8.037214e+00	-2.177071e+02
1.590000e-06	-1.430284e-06	-7.956815e-10	-7.714033e+00	-2.139767e+02
1.600000e-06	-1.370175e-06	-7.828828e-10	-7.389844e+00	-2.101789e+02
1.610000e-06	-1.309887e-06	-7.692710e-10	-7.064690e+00	-2.063099e+02
1.620000e-06	-1.249566e-06	-7.556672e-10	-6.739355e+00	-2.023658e+02
1.630000e-06	-1.189197e-06	-7.414818e-10	-6.413766e+00	-1.983425e+02
1.640000e-06	-1.128759e-06	-7.255899e-10	-6.087800e+00	-1.942358e+02
1.650000e-06	-1.068249e-06	-7.089321e-10	-5.761449e+00	-1.900414e+02
1.660000e-06	-1.007730e-06	-6.924449e-10	-5.435047e+00	-1.857551e+02
1.670000e-06	-9.471902e-07	-6.766065e-10	-5.108535e+00	-1.813727e+02
1.680000e-06	-8.866422e-07	-6.618814e-10	-4.781978e+00	-1.768902e+02
1.690000e-06	-8.260083e-07	-6.479598e-10	-4.454957e+00	-1.723037e+02
1.700000e-06	-7.652026e-07	-6.327898e-10	-4.127011e+00	-1.676098e+02
1.710000e-06	-7.043528e-07	-6.159834e-10	-3.798826e+00	-1.628051e+02
1.720000e-06	-6.435704e-07	-5.989011e-10	-3.471005e+00	-1.578868e+02
1.730000e-06	-5.828131e-07	-5.812279e-10	-3.143319e+00	-1.528527e+02
1.740000e-06	-5.218810e-07	-5.620959e-10	-2.814691e+00	-1.477010e+02
1.750000e-06	-4.608899e-07	-5.424202e-10	-2.485744e+00	-1.424304e+02
1.760000e-06	-3.999318e-07	-5.230030e-10	-2.156975e+00	-1.370403e+02
1.770000e-06	-3.388783e-07	-5.023148e-10	-1.827692e+00	-1.315309e+02
1.780000e-06	-2.777002e-07	-4.804092e-10	-1.497736e+00	-1.259029e+02
1.790000e-06	-2.164480e-07	-4.587873e-10	-1.167381e+00	-1.201580e+02
1.800000e-06	-1.552080e-07	-4.369843e-10	-8.370920e-01	-1.142984e+02
1.810000e-06	-9.402744e-08	-4.138998e-10	-5.071235e-01	-1.083272e+02
1.820000e-06	-3.295763e-08	-3.898746e-10	-1.777522e-01	-1.022483e+02
1.830000e-06	2.807528e-08	-3.656136e-10	1.514200e-01	-9.606627e+01
1.840000e-06	8.913945e-08	-3.415127e-10	4.807609e-01	-8.978636e+01
1.850000e-06	1.502042e-07	-3.176986e-10	8.101047e-01	-8.341464e+01
1.860000e-06	2.112161e-07	-2.927654e-10	1.139164e+00	-7.695776e+01
1.870000e-06	2.722729e-07	-2.665130e-10	1.468465e+00	-7.042299e+01
1.880000e-06	3.333322e-07	-2.399567e-10	1.797779e+00	-6.381815e+01
1.890000e-06	3.943302e-07	-2.132477e-10	2.126764e+00	-5.715152e+01
1.900000e-06	4.553227e-07	-1.877304e-10	2.455718e+00	-5.043181e+01
1.910000e-06	5.162699e-07	-1.616201e-10	2.784428e+00	-4.366802e+01
1.920000e-06	5.771595e-07	-1.335797e-10	3.112827e+00	-3.686943e+01
1.930000e-06	6.380015e-07	-1.061726e-10	3.440970e+00	-3.004545e+01
1.940000e-06	6.989034e-07	-7.842807e-11	3.769436e+00	-2.320556e+01
1.950000e-06	7.597984e-07	-4.921282e-11	4.097864e+00	-1.635924e+01
1.960000e-06	8.205771e-07	-2.135752e-11	4.425666e+00	-9.515829e+00
1.970000e-06	8.812776e-07	5.065434e-12	4.753045e+00	-2.684504e+00
1.980000e-06	9.419372e-07	3.252638e-11	5.080203e+00	4.125854e+00
1.990000e-06	1.002565e-06	6.101318e-11	5.407191e+00	1.090671e+01
2.000000e-06	1.063142e-06	8.891753e-11	5.733904e+00	1.764997e+01
2.010000e-06	1.123623e-06	1.158271e-10	6.060102e+00	2.434801e+01
2.020000e-06	1.183946e-06	1.419125e-10	6.385443e+00	3.099379e+01
2.030000e-06	1.244149e-06	1.666500e-10	6.710141e+00	3.758083e+01
2.040000e-06	1.304295e-06	1.901614e-10	7.034528e+00	4.410332e+01
2.050000e-06	1.364442e-06	2.127803e-10	7.358921e+00	5.055613e+01
2.060000e-06	1.424539e-06	2.360578e-10	7.683050e+00	5.693481e+01
2.070000e-06	1.484533e-06	2.615330e-10	8.006617e+00	6.323562e+01
2.080000e-06	1.544459e-06	2.872691e-10	8.329819e+00	6.945553e+01
2.090000e-06	1.604251e-06	3.113283e-10	8.652296e+00	7.559222e+01
2.100000e-06	1.663890e-06	3.335026e-10	8.973952e+00	8.164405e+01
2.110000e-06	1.723481e-06	3.536712e-10	9.295347e+00	8.761004e+01
2.120000e-06	1.783077e-06	3.732243e-10	9.616769e+00	9.348984e+01
2.130000e-06	1.842665e-06	3.943144e-10	9.938150e+00	9.928369e+01
2.140000e-06	1.902141e-06	4.166977e-10	1.025893e+01	1.049923e+02
2.150000e-06	1.961446e-06	4.385287e-10	1.057878e+01	1.106171e+02
2.160000e-06	2.020663e-06	4.585655e-10	1.089816e+01	1.161595e+02
2.170000e-06	2.079726e-06	4.767992e-10	1.121670e+01	1.216218e+02
2.180000e-06	2.138416e-06	4.956491e-10	1.153324e+01	1.270062e+02
2.190000e-06	2.196714e-06	5.166174e-10	1.184766e+01	1.323153e+02
2.200000e-06	2.254767e-06	5.363247e-10	1.216076e+01	1.375518e+02
2.210000e-06	2.312645e-06	5.532784e-10	1.247292e+01	1.427186e+02
2.220000e-06	2.370329e-06	5.707553e-10	1.278403e+01	1.478186e+02
2.230000e-06	2.427826e-06	5.893400e-10	1.309413e+01	1.528546e+02
2.240000e-06	2.485102e-06	6.079332e-10	1.340304e+01	1.578294e+02
2.250000e-06	2.542067e-06	6.260591e-10	1.371027e+01	1.627458e+02
2.260000e-06	2.598781e-06	6.422822e-10	1.401615e+01	1.676061e+02
2.270000e-06	2.655270e-06	6.571106e-10	1.432082e+01	1.724126e+02
2.280000e-06	2.711523e-06	6.731265e-10	1.462421e+01	1.771675e+02
2.290000e-06	2.767620e-06	6.907158e-10	1.492676e+01	1.818724e+02
2.300000e-06	2.823538e-06	7.074923e-10	1.522835e+01	1.865287e+02
2.310000e-06	2.879282e-06	7.224003e-10	1.552899e+01	1.911378e+02
2.320000e-06	2.934905e-06	7.369687e-10	1.582899e+01	1.957004e+02
2.330000e-06	2.990385e-06	7.532496e-10	1.612821e+01	2.002170e+02
2.340000e-06	3.045612e-06	7.706835e-10	1.642607e+01	2.046878e+02
2.350000e-06	3.100574e-06	7.873477e-10	1.672251e+01	2.091129e+02
2.360000e-06	3.155362e-06	8.031882e-10	1.701800e+01	2.134919e+02
2.370000e-06	3.209938e-06	8.182818e-10	1.731234e+01	2.178241e+02
2.380000e-06	3.264285e-06	8.331503e-10	1.760545e+01	2.221089e+02
2.390000e-06	3.318549e-06	8.483557e-10	1.789812e+01	2.263450e+02
2.400000e-06	3.372711e-06	8.631093e-10	1.819024e+01	2.305315e+02
2.410000e-06	3.426581e-06	8.779025e-10	1.848078e+01	2.346671e+02
2.420000e-06	3.480095e-06	8.935107e-10	1.876939e+01	2.387503e+02
2.430000e-06	3.533308e-06	9.100186e-10	1.905639e+01	2.427797e+02
2.440000e-06	3.586304e-06	9.260930e-10	1.934222e+01	2.467539e+02
2.450000e-06	3.639064e-06	9.399223e-10	1.962677e+01	2.506716e+02
2.460000e-06	3.691504e-06	9.529238e-10	1.990960e+01	2.545312e+02
2.470000e-06	3.743715e-06	9.669921e-10	2.019119e+01	2.583316e+02
2.480000e-06	3.795732e-06	9.822362e-10	2.047174e+01	2.620717e+02
2.490000e-06	3.847401e-06	9.975733e-10	2.075041e+01	2.657503e+02
2.500000e-06	3.898737e-06	1.011310e-09	2.102728e+01	2.693666e+02
2.510000e-06	3.949836e-06	1.023581e-09	2.130288e+01	2.729200e+02
2.520000e-06	4.000508e-06	1.035911e-09	2.157617e+01	2.764100e+02
2.530000e-06	4.050573e-06	1.048575e-09	2.184619e+01	2.798363e+02
2.540000e-06	4.100026e-06	1.061529e-09	2.211290e+01	2.831987e+02
2.550000e-06	4.149073e-06	1.075168e-09	2.237743e+01	2.864974e+02
2.560000e-06	4.197841e-06	1.088644e-09	2.264045e+01	2.897328e+02
2.570000e-06	4.246232e-06	1.101142e-09	2.290144e+01	2.929053e+02
2.580000e-06	4.294317e-06	1.112551e-09	2.316078e+01	2.960156e+02
2.590000e-06	4.342159e-06	1.123261e-09	2.341881e+01	2.990647e+02
2.600000e-06	4.389823e-06	1.133675e-09	2.367588e+01	3.020535e+02
2.610000e-06	4.437208e-06	1.144150e-09	2.393145e+01	3.049832e+02
2.620000e-06	4.484186e-06	1.155422e-09	2.418481e+01	3.078550e+02
2.630000e-06	4.530826e-06	1.167047e-09	2.443636e+01	3.106704e+02
2.640000e-06	4.577210e-06	1.178058e-09	2.468653e+01	3.134308e+02
2.650000e-06	4.623340e-06	1.188193e-09	2.493533e+01	3.161378e+02
2.660000e-06	4.669164e-06	1.197434e-09	2.518247e+01	3.187928e+02
2.670000e-06	4.714658e-06	1.206260e-09	2.542783e+01	3.213974e+02
2.680000e-06	4.759798e-06	1.215789e-09	2.567129e+01	3.239532e+02
2.690000e-06	4.804529e-06	1.226349e-09	2.591254e+01	3.264617e+02
2.700000e-06	4.848912e-06	1.236385e-09	2.615191e+01	3.289244e+02
2.710000e-06	4.893050e-06	1.245065e-09	2.638997e+01	3.313427e+02
2.720000e-06	4.936947e-06	1.253678e-09	2.662672e+01	3.337181e+02
2.730000e-06	4.980665e-06	1.262140e-09	2.686251e+01	3.360518e+02
2.740000e-06	5.024290e-06	1.269962e-09	2.709779e+01	3.383450e+02
2.750000e-06	5.067660e-06	1.277851e-09	2.733170e+01	3.405990e+02
2.760000e-06	5.110465e-06	1.286346e-09	2.756256e+01	3.428148e+02
2.770000e-06	5.152663e-06	1.295391e-09	2.779015e+01	3.449934e+02
2.780000e-06	5.194288e-06	1.304390e-09	2.801465e+01	3.471356e+02
2.790000e-06	5.235315e-06	1.312038e-09	2.823592e+01	3.492424e+02
2.800000e-06	5.275756e-06	1.318348e-09	2.845404e+01	3.513144e+02
2.810000e-06	5.315796e-06	1.325151e-09	2.866999e+01	3.533523e+02
2.820000e-06	5.355630e-06	1.332953e-09	2.888483e+01	3.553569e+02
2.830000e-06	5.395200e-06	1.340653e-09	2.909824e+01	3.573285e+02
2.840000e-06	5.434494e-06	1.347861e-09	2.931017e+01	3.592679e+02
2.850000e-06	5.473529e-06	1.354654e-09	2.952070e+01	3.611755e+02
2.860000e-06	5.512202e-06	1.360870e-09	2.972928e+01	3.630518e+02
2.870000e-06	5.550378e-06	1.367274e-09	2.993517e+01	3.648972e+02
2.880000e-06	5.588070e-06	1.374966e-09	3.013846e+01	3.667123e+02
2.890000e-06	5.625362e-06	1.382687e-09	3.033958e+01	3.684975e+02
2.900000e-06	5.662229e-06	1.389472e-09	3.053842e+01	3.702532e+02
2.910000e-06	5.698603e-06	1.396757e-09	3.073460e+01	3.719800e+02
2.920000e-06	5.734577e-06	1.403810e-09	3.092862e+01	3.736783e+02
2.930000e-06	5.770385e-06	1.409839e-09	3.112175e+01	3.753488e+02
2.940000e-06	5.806060e-06	1.415801e-09	3.131416e+01	3.769917e+02
2.950000e-06	5.841502e-06	1.422285e-09	3.150531e+01	3.786079e+02
2.960000e-06	5.876507e-06	1.428897e-09	3.169410e+01	3.801976e+02
2.970000e-06	5.910961e-06	1.435433e-09	3.187992e+01	3.817616e+02
2.980000e-06	5.944790e-06	1.442701e-09	3.206237e+01	3.833004e+02
2.990000e-06	5.977904e-06	1.450052e-09	3.224097e+01	3.848145e+02
3.000000e-06	6.010440e-06	1.456836e-09	3.241645e+01	3.863045e+02
3.010000e-06	6.042465e-06	1.463607e-09	3.258917e+01	3.877709e+02
3.020000e-06	6.074100e-06	1.469781e-09	3.275979e+01	3.892142e+02
3.030000e-06	6.105558e-06	1.474416e-09	3.292946e+01	3.906349e+02
3.040000e-06	6.136797e-06	1.478738e-09	3.309794e+01	3.920335e+02
3.050000e-06	6.167515e-06	1.484253e-09	3.326361e+01	3.934102e+02
3.060000e-06	6.197645e-06	1.490336e-09	3.342611e+01	3.947655e+02
3.070000e-06	6.227393e-06	1.496479e-09	3.358656e+01	3.960996e+02
3.080000e-06	6.256772e-06	1.503004e-09	3.374501e+01	3.974127e+02
3.090000e-06	6.285669e-06	1.509429e-09	3.390086e+01	3.987051e+02
3.100000e-06	6.314059e-06	1.515096e-09	3.405398e+01	3.999768e+02
3.110000e-06	6.342122e-06	1.520807e-09	3.420533e+01	4.012279e+02
3.120000e-06	6.369975e-06	1.526813e-09	3.435555e+01	4.024582e+02
3.130000e-06	6.397590e-06	1.531401e-09	3.450449e+01	4.036679e+02
3.140000e-06	6.424925e-06	1.534550e-09	3.465191e+01	4.048566e+02
3.150000e-06	6.451755e-06	1.537383e-09	3.479662e+01	4.060242e+02
3.160000e-06	6.477825e-06	1.542146e-09	3.493723e+01	4.071704e+02
3.170000e-06	6.503067e-06	1.549296e-09	3.507336e+01	4.082951e+02
3.180000e-06	6.527527e-06	1.556411e-09	3.520528e+01	4.093978e+02
3.190000e-06	6.551383e-06	1.562190e-09	3.533395e+01	4.104783e+02
3.200000e-06	6.574865e-06	1.566810e-09	3.546060e+01	4.115361e+02
3.210000e-06	6.598016e-06	1.570842e-09	3.558545e+01	4.125711e+02
3.220000e-06	6.620710e-06	1.574333e-09	3.570786e+01	4.135828e+02
3.230000e-06	6.642885e-06	1.577700e-09	3.582745e+01	4.145710e+02
3.240000e-06	6.664683e-06	1.581138e-09	3.594501e+01	4.155353e+02
3.250000e-06	6.686063e-06	1.585663e-09	3.606033e+01	4.164756e+02
3.260000e-06	6.706853e-06	1.592402e-09	3.617245e+01	4.173917e+02
3.270000e-06	6.727189e-06	1.599439e-09	3.628213e+01	4.182834e+02
3.280000e-06	6.747220e-06	1.604009e-09	3.639017e+01	4.191507e+02
3.290000e-06	6.766976e-06	1.607145e-09	3.649672e+01	4.199936e+02
3.300000e-06	6.786474e-06	1.610526e-09	3.660188e+01	4.208122e+02
3.310000e-06	6.805527e-06	1.615688e-09	3.670464e+01	4.216066e+02
3.320000e-06	6.823960e-06	1.621915e-09	3.680405e+01	4.223771e+02
3.330000e-06	6.841635e-06	1.625877e-09	3.689938e+01	4.231239e+02
3.340000e-06	6.858807e-06	1.627992e-09	3.699200e+01	4.238475e+02
3.350000e-06	6.875597e-06	1.630926e-09	3.708255e+01	4.245482e+02
3.360000e-06	6.891869e-06	1.634734e-09	3.717031e+01	4.252266e+02
3.370000e-06	6.907742e-06	1.636880e-09	3.725592e+01	4.258832e+02
3.380000e-06	6.923043e-06	1.638597e-09	3.733845e+01	4.265186e+02
3.390000e-06	6.937567e-06	1.642014e-09	3.741677e+01	4.271336e+02
3.400000e-06	6.951490e-06	1.646869e-09	3.749187e+01	4.277286e+02
3.410000e-06	6.965110e-06	1.651983e-09	3.756532e+01	4.283045e+02
3.420000e-06	6.978238e-06	1.654364e-09	3.763613e+01	4.288619e+02
3.430000e-06	6.990644e-06	1.652889e-09	3.770304e+01	4.294015e+02
3.440000e-06	7.002587e-06	1.651447e-09	3.776745e+01	4.299239e+02
3.450000e-06	7.014242e-06	1.654030e-09	3.783031e+01	4.304299e+02
3.460000e-06	7.025344e-06	1.658014e-09	3.789019e+01	4.309201e+02
3.470000e-06	7.035631e-06	1.660579e-09	3.794567e+01	4.313949e+02
3.480000e-06	7.044986e-06	1.663340e-09	3.799613e+01	4.318549e+02
3.490000e-06	7.053546e-06	1.666299e-09	3.804229e+01	4.323006e+02
3.500000e-06	7.061699e-06	1.668474e-09	3.808626e+01	4.327323e+02
3.510000e-06	7.069559e-06	1.670180e-09	3.812866e+01	4.331503e+02
3.520000e-06	7.077036e-06	1.671720e-09	3.816898e+01	4.335548e+02
3.530000e-06	7.084121e-06	1.672354e-09	3.820719e+01	4.339461e+02
3.540000e-06	7.090733e-06	1.672928e-09	3.824285e+01	4.343241e+02
3.550000e-06	7.096858e-06	1.675244e-09	3.827589e+01	4.346888e+02
3.560000e-06	7.102527e-06	1.678338e-09	3.830646e+01	4.350402e+02
3.570000e-06	7.107620e-06	1.680645e-09	3.833393e+01	4.353781e+02
3.580000e-06	7.112091e-06	1.683044e-09	3.835805e+01	4.357023e+02
3.590000e-06	7.116074e-06	1.685981e-09	3.837953e+01	4.360125e+02
3.600000e-06	7.119797e-06	1.687781e-09	3.839961e+01	4.363083e+02
3.610000e-06	7.123279e-06	1.687988e-09	3.841839e+01	4.365894e+02
3.620000e-06	7.126216e-06	1.687134e-09	3.843423e+01	4.368554e+02
3.630000e-06	7.128489e-06	1.686464e-09	3.844648e+01	4.371057e+02
3.640000e-06	7.130025e-06	1.687951e-09	3.845477e+01	4.373400e+02
3.650000e-06	7.130799e-06	1.691574e-09	3.845894e+01	4.375579e+02
3.660000e-06	7.130995e-06	1.695073e-09	3.846000e+01	4.377588e+02
3.670000e-06	7.130807e-06	1.696676e-09	3.845899e+01	4.379423e+02
3.680000e-06	7.130368e-06	1.697123e-09	3.845662e+01	4.381080e+02
3.690000e-06	7.129508e-06	1.698302e-09	3.845198e+01	4.382555e+02
3.700000e-06	7.128044e-06	1.701700e-09	3.844409e+01	4.383846e+02
3.710000e-06	7.126031e-06	1.705428e-09	3.843323e+01	4.384948e+02
3.720000e-06	7.123643e-06	1.705335e-09	3.842035e+01	4.385861e+02
3.730000e-06	7.120908e-06	1.697169e-09	3.840560e+01	4.386581e+02
3.740000e-06	7.117657e-06	1.682681e-09	3.838807e+01	4.387108e+02
3.750000e-06	7.113859e-06	1.704732e-09	3.836758e+01	4.387441e+02
3.760000e-06	7.109527e-06	1.786955e-09	3.834422e+01	4.387580e+02
3.770000e-06	7.104276e-06	1.789228e-09	3.831590e+01	4.387525e+02
3.780000e-06	7.098084e-06	1.637419e-09	3.828250e+01	4.387278e+02
3.790000e-06	7.091763e-06	1.594076e-09	3.824841e+01	4.386839e+02
3.800000e-06	7.085412e-06	1.775207e-09	3.821416e+01	4.386211e+02
3.810000e-06	7.078453e-06	1.835495e-09	3.817663e+01	4.385397e+02
3.820000e-06	7.070688e-06	1.636456e-09	3.813475e+01	4.384397e+02
3.830000e-06	7.062432e-06	1.580528e-09	3.809022e+01	4.383217e+02
3.840000e-06	7.053977e-06	1.834366e-09	3.804462e+01	4.381857e+02
3.850000e-06	7.044998e-06	1.900734e-09	3.799619e+01	4.380321e+02
3.860000e-06	7.035224e-06	1.588813e-09	3.794347e+01	4.378612e+02
3.870000e-06	7.024986e-06	1.503254e-09	3.788826e+01	4.376732e+02
3.880000e-06	7.014510e-06	1.831848e-09	3.783176e+01	4.374684e+02
3.890000e-06	7.003567e-06	1.903528e-09	3.777274e+01	4.372470e+02
3.900000e-06	6.991984e-06	1.587077e-09	3.771027e+01	4.370092e+02
3.910000e-06	6.979887e-06	1.580561e-09	3.764502e+01	4.367551e+02
3.920000e-06	6.967378e-06	1.886312e-09	3.757756e+01	4.364847e+02
3.930000e-06	6.953856e-06	1.807934e-09	3.750463e+01	4.361982e+02
3.940000e-06	6.939281e-06	1.518330e-09	3.742602e+01	4.358955e+02
3.950000e-06	6.924296e-06	1.665157e-09	3.734520e+01	4.355766e+02
3.960000e-06	6.908847e-06	1.896189e-09	3.726188e+01	4.352413e+02
3.970000e-06	6.892863e-06	1.695786e-09	3.717567e+01	4.348894e+02
3.980000e-06	6.876601e-06	1.569350e-09	3.708797e+01	4.345209e+02
3.990000e-06	6.859985e-06	1.807780e-09	3.699835e+01	4.341353e+02
4.000000e-06	6.842756e-06	1.797860e-09	3.690542e+01	4.337326e+02
4.010000e-06	6.825033e-06	1.538756e-09	3.680984e+01	4.333122e+02
4.020000e-06	6.806877e-06	1.660239e-09	3.671192e+01	4.328741e+02
4.030000e-06	6.788212e-06	1.879860e-09	3.661125e+01	4.324178e+02
4.040000e-06	6.769006e-06	1.684558e-09	3.650766e+01	4.319430e+02
4.050000e-06	6.749359e-06	1.562770e-09	3.640170e+01	4.314495e+02
4.060000e-06	6.729364e-06	1.787778e-09	3.629386e+01	4.309371e+02
4.070000e-06	6.709013e-06	1.783355e-09	3.618410e+01	4.304055e+02
4.080000e-06	6.688397e-06	1.573981e-09	3.607291e+01	4.298545e+02
4.090000e-06	6.667353e-06	1.674635e-09	3.595942e+01	4.292841e+02
4.100000e-06	6.645562e-06	1.804925e-09	3.584189e+01	4.286942e+02
4.110000e-06	6.622846e-06	1.657109e-09	3.571937e+01	4.280849e+02
4.120000e-06	6.599386e-06	1.636842e-09	3.559285e+01	4.274563e+02
4.130000e-06	6.575467e-06	1.770200e-09	3.546384e+01	4.268086e+02
4.140000e-06	6.551197e-06	1.688435e-09	3.533295e+01	4.261421e+02
4.150000e-06	6.526627e-06	1.601743e-09	3.520043e+01	4.254572e+02
4.160000e-06	6.501694e-06	1.716359e-09	3.506596e+01	4.247543e+02
4.170000e-06	6.476261e-06	1.729103e-09	3.492879e+01	4.240341e+02
4.180000e-06	6.450314e-06	1.639863e-09	3.478885e+01	4.232970e+02
4.190000e-06	6.423840e-06	1.682074e-09	3.464606e+01	4.225439e+02
4.200000e-06	6.396925e-06	1.706586e-09	3.450090e+01	4.217755e+02
4.210000e-06	6.369643e-06	1.640616e-09	3.435376e+01	4.209924e+02
4.220000e-06	6.341890e-06	1.659633e-09	3.420408e+01	4.201956e+02
4.230000e-06	6.313795e-06	1.693532e-09	3.405255e+01	4.193859e+02
4.240000e-06	6.285419e-06	1.651504e-09	3.389951e+01	4.185641e+02
4.250000e-06	6.256719e-06	1.654731e-09	3.374472e+01	4.177310e+02
4.260000e-06	6.227439e-06	1.682077e-09	3.358680e+01	4.168874e+02
4.270000e-06	6.197348e-06	1.655430e-09	3.342451e+01	4.160339e+02
4.280000e-06	6.166668e-06	1.648098e-09	3.325904e+01	4.151713e+02
4.290000e-06	6.135472e-06	1.659055e-09	3.309079e+01	4.143000e+02
4.300000e-06	6.103688e-06	1.643548e-09	3.291937e+01	4.134205e+02
4.310000e-06	6.071539e-06	1.652095e-09	3.274598e+01	4.125331e+02
4.320000e-06	6.039105e-06	1.663824e-09	3.257105e+01	4.116380e+02
4.330000e-06	6.006268e-06	1.638484e-09	3.239395e+01	4.107352e+02
4.340000e-06	5.972928e-06	1.634562e-09	3.221413e+01	4.098244e+02
4.350000e-06	5.939056e-06	1.645137e-09	3.203145e+01	4.089055e+02
4.360000e-06	5.904767e-06	1.629791e-09	3.184652e+01	4.079779e+02
4.370000e-06	5.870163e-06	1.631734e-09	3.165988e+01	4.070410e+02
4.380000e-06	5.835149e-06	1.642467e-09	3.147104e+01	4.060938e+02
4.390000e-06	5.799739e-06	1.623577e-09	3.128006e+01	4.051355e+02
4.400000e-06	5.764036e-06	1.619395e-09	3.108751e+01	4.041648e+02
4.410000e-06	5.728064e-06	1.635030e-09	3.089350e+01	4.031804e+02
4.420000e-06	5.691912e-06	1.624643e-09	3.069851e+01	4.021808e+02
4.430000e-06	5.655589e-06	1.612340e-09	3.050261e+01	4.011645e+02
4.440000e-06	5.618856e-06	1.621840e-09	3.030449e+01	4.001298e+02
4.450000e-06	5.581384e-06	1.623103e-09	3.010240e+01	3.990749e+02
4.460000e-06	5.543104e-06	1.614724e-09	2.989594e+01	3.979979e+02
4.470000e-06	5.504134e-06	1.611503e-09	2.968576e+01	3.968972e+02
4.480000e-06	5.464702e-06	1.604840e-09	2.947309e+01	3.957707e+02
4.490000e-06	5.424879e-06	1.598100e-09	2.925831e+01	3.946166e+02
4.500000e-06	5.384740e-06	1.599369e-09	2.904182e+01	3.934332e+02
4.510000e-06	5.344344e-06	1.600451e-09	2.882396e+01	3.922188e+02
4.520000e-06	5.303654e-06	1.596358e-09	2.860450e+01	3.909717e+02
4.530000e-06	5.262624e-06	1.588739e-09	2.838321e+01	3.896905e+02
4.540000e-06	5.221329e-06	1.583285e-09	2.816049e+01	3.883738e+02
4.550000e-06	5.179682e-06	1.583028e-09	2.793587e+01	3.870206e+02
4.560000e-06	5.137496e-06	1.580027e-09	2.770835e+01	3.856298e+02
4.570000e-06	5.094904e-06	1.571490e-09	2.747864e+01	3.842007e+02
4.580000e-06	5.051957e-06	1.566287e-09	2.724701e+01	3.827327e+02
4.590000e-06	5.008710e-06	1.566329e-09	2.701376e+01	3.812256e+02
4.600000e-06	4.965243e-06	1.563090e-09	2.677933e+01	3.796793e+02
4.610000e-06	4.921500e-06	1.554220e-09	2.654341e+01	3.780939e+02
4.620000e-06	4.877408e-06	1.545044e-09	2.630560e+01	3.764699e+02
4.630000e-06	4.833052e-06	1.538069e-09	2.606638e+01	3.748078e+02
4.640000e-06	4.788373e-06	1.532357e-09	2.582540e+01	3.731085e+02
4.650000e-06	4.743313e-06	1.526735e-09	2.558238e+01	3.713731e+02
4.660000e-06	4.698073e-06	1.519954e-09	2.533838e+01	3.696026e+02
4.670000e-06	4.652568e-06	1.510625e-09	2.509296e+01	3.677984e+02
4.680000e-06	4.606639e-06	1.500793e-09	2.484525e+01	3.659621e+02
4.690000e-06	4.560337e-06	1.494564e-09	2.459552e+01	3.640952e+02
4.700000e-06	4.513683e-06	1.490503e-09	2.434390e+01	3.621993e+02
4.710000e-06	4.466567e-06	1.483364e-09	2.408979e+01	3.602763e+02
4.720000e-06	4.419205e-06	1.473374e-09	2.383435e+01	3.583277e+02
4.730000e-06	4.371707e-06	1.464185e-09	2.357818e+01	3.563553e+02
4.740000e-06	4.323814e-06	1.456791e-09	2.331988e+01	3.543606e+02
4.750000e-06	4.275446e-06	1.448972e-09	2.305901e+01	3.523453e+02
4.760000e-06	4.226711e-06	1.439273e-09	2.279616e+01	3.503108e+02
4.770000e-06	4.177692e-06	1.430050e-09	2.253179e+01	3.482584e+02
4.780000e-06	4.128321e-06	1.422694e-09	2.226551e+01	3.461892e+02
4.790000e-06	4.078488e-06	1.416453e-09	2.199674e+01	3.441042e+02
4.800000e-06	4.028312e-06	1.408798e-09	2.172613e+01	3.420041e+02
4.810000e-06	3.977982e-06	1.397930e-09	2.145468e+01	3.398895e+02
4.820000e-06	3.927429e-06	1.386785e-09	2.118203e+01	3.377606e+02
4.830000e-06	3.876544e-06	1.377450e-09	2.090758e+01	3.356176e+02
4.840000e-06	3.825319e-06	1.369659e-09	2.063131e+01	3.334603e+02
4.850000e-06	3.773828e-06	1.362513e-09	2.035360e+01	3.312883e+02
4.860000e-06	3.722019e-06	1.353912e-09	2.007418e+01	3.291011e+02
4.870000e-06	3.669891e-06	1.344521e-09	1.979303e+01	3.268977e+02
4.880000e-06	3.617676e-06	1.336420e-09	1.951142e+01	3.246773e+02
4.890000e-06	3.565233e-06	1.328716e-09	1.922858e+01	3.224387e+02
4.900000e-06	3.512235e-06	1.319265e-09	1.894274e+01	3.201805e+02
4.910000e-06	3.458811e-06	1.307878e-09	1.865460e+01	3.179013e+02
4.920000e-06	3.405040e-06	1.297440e-09	1.836459e+01	3.155996e+02
4.930000e-06	3.350933e-06	1.288815e-09	1.807278e+01	3.132738e+02
4.940000e-06	3.296600e-06	1.279795e-09	1.777974e+01	3.109221e+02
4.950000e-06	3.241985e-06	1.269124e-09	1.748518e+01	3.085430e+02
4.960000e-06	3.187096e-06	1.257382e-09	1.718915e+01	3.061348e+02
4.970000e-06	3.131904e-06	1.246730e-09	1.689148e+01	3.036959e+02
4.980000e-06	3.076332e-06	1.237985e-09	1.659176e+01	3.012247e+02
4.990000e-06	3.020509e-06	1.229911e-09	1.629068e+01	2.987198e+02
5.000000e-06	2.964503e-06	1.220832e-09	1.598862e+01	2.961798e+02
5.010000e-06	2.908276e-06	1.210004e-09	1.568537e+01	2.936034e+02
5.020000e-06	2.851907e-06	1.198479e-09	1.538135e+01	2.909897e+02
5.030000e-06	2.795443e-06	1.187353e-09	1.507683e+01	2.883376e+02
5.040000e-06	2.738833e-06	1.175727e-09	1.477151e+01	2.856463e+02
5.050000e-06	2.682074e-06	1.162992e-09	1.446538e+01	2.829151e+02
5.060000e-06	2.625069e-06	1.151211e-09	1.415794e+01	2.801435e+02
5.070000e-06	2.567821e-06	1.141366e-09	1.384918e+01	2.773309e+02
5.080000e-06	2.510534e-06	1.131872e-09	1.354021e+01	2.744771e+02
5.090000e-06	2.453181e-06	1.121352e-09	1.323088e+01	2.715818e+02
5.100000e-06	2.395593e-06	1.108648e-09	1.292029e+01	2.686448e+02
5.110000e-06	2.337754e-06	1.094313e-09	1.260834e+01	2.656657e+02
5.120000e-06	2.279792e-06	1.080646e-09	1.229573e+01	2.626446e+02
5.130000e-06	2.221694e-06	1.068627e-09	1.198239e+01	2.595810e+02
5.140000e-06	2.163386e-06	1.056647e-09	1.166791e+01	2.564747e+02
5.150000e-06	2.104846e-06	1.043244e-09	1.135219e+01	2.533252e+02
5.160000e-06	2.046087e-06	1.029915e-09	1.103528e+01	2.501319e+02
5.170000e-06	1.987211e-06	1.018191e-09	1.071774e+01	2.468942e+02
5.180000e-06	1.928162e-06	1.006127e-09	1.039927e+01	2.436109e+02
5.190000e-06	1.868900e-06	9.918106e-10	1.007965e+01	2.402810e+02
5.200000e-06	1.809553e-06	9.769524e-10	9.759565e+00	2.369029e+02
5.210000e-06	1.750129e-06	9.622090e-10	9.439068e+00	2.334749e+02
5.220000e-06	1.690656e-06	9.468834e-10	9.118310e+00	2.299950e+02
5.230000e-06	1.631133e-06	9.303180e-10	8.797282e+00	2.264608e+02
5.240000e-06	1.571476e-06	9.131665e-10	8.475529e+00	2.228698e+02
5.250000e-06	1.511755e-06	8.985956e-10	8.153434e+00	2.192189e+02
5.260000e-06	1.451975e-06	8.859683e-10	7.831020e+00	2.155050e+02
5.270000e-06	1.392081e-06	8.722991e-10	7.507993e+00	2.117247e+02
5.280000e-06	1.332107e-06	8.556835e-10	7.184531e+00	2.078741e+02
5.290000e-06	1.272092e-06	8.360866e-10	6.860847e+00	2.039494e+02
5.300000e-06	1.211971e-06	8.163553e-10	6.536593e+00	1.999466e+02
5.310000e-06	1.151771e-06	7.969781e-10	6.211911e+00	1.958613e+02
5.320000e-06	1.091585e-06	7.772170e-10	5.887308e+00	1.916895e+02
5.330000e-06	1.031297e-06	7.583133e-10	5.562153e+00	1.874268e+02
5.340000e-06	9.709704e-07	7.409429e-10	5.236790e+00	1.830691e+02
5.350000e-06	9.106165e-07	7.238684e-10	4.911280e+00	1.786122e+02
5.360000e-06	8.502126e-07	7.061109e-10	4.585500e+00	1.740523e+02
5.370000e-06	7.897963e-07	6.868105e-10	4.259653e+00	1.693857e+02
5.380000e-06	7.293489e-07	6.655003e-10	3.933639e+00	1.646092e+02
5.390000e-06	6.688990e-07	6.430213e-10	3.607611e+00	1.597198e+02
5.400000e-06	6.083298e-07	6.208379e-10	3.280940e+00	1.547151e+02
5.410000e-06	5.476044e-07	6.000728e-10	2.953426e+00	1.495932e+02
5.420000e-06	4.868294e-07	5.792203e-10	2.625645e+00	1.443526e+02
5.430000e-06	4.261631e-07	5.574830e-10	2.298450e+00	1.389926e+02
5.440000e-06	3.655292e-07	5.360892e-10	1.971430e+00	1.335133e+02
5.450000e-06	3.047571e-07	5.150711e-10	1.643664e+00	1.279151e+02
5.460000e-06	2.440089e-07	4.924479e-10	1.316027e+00	1.221994e+02
5.470000e-06	1.832596e-07	4.673361e-10	9.883846e-01	1.163685e+02
5.480000e-06	1.223261e-07	4.418950e-10	6.597484e-01	1.104251e+02
5.490000e-06	6.135228e-08	4.170674e-10	3.308948e-01	1.043730e+02
5.500000e-06	4.262261e-10	3.928211e-10	2.298790e-03	9.821646e+01
5.510000e-06	-6.045246e-08	3.693584e-10	-3.260417e-01	9.196072e+01
5.520000e-06	-1.211907e-07	3.453112e-10	-6.536249e-01	8.561158e+01
5.530000e-06	-1.818886e-07	3.206112e-10	-9.809903e-01	7.917557e+01
5.540000e-06	-2.426531e-07	2.958218e-10	-1.308715e+00	7.265980e+01
5.550000e-06	-3.034361e-07	2.699701e-10	-1.636539e+00	6.607195e+01
5.560000e-06	-3.642198e-07	2.429957e-10	-1.964368e+00	5.942021e+01
5.570000e-06	-4.250074e-07	2.159321e-10	-2.292217e+00	5.271317e+01
5.580000e-06	-4.857982e-07	1.891975e-10	-2.620083e+00	4.595978e+01
5.590000e-06	-5.465437e-07	1.626607e-10	-2.947705e+00	3.916925e+01
5.600000e-06	-6.072149e-07	1.365129e-10	-3.274927e+00	3.235097e+01
5.610000e-06	-6.678137e-07	1.098940e-10	-3.601758e+00	2.551441e+01
5.620000e-06	-7.283211e-07	8.182003e-11	-3.928096e+00	1.866904e+01
5.630000e-06	-7.887357e-07	5.383880e-11	-4.253934e+00	1.182428e+01
5.640000e-06	-8.490886e-07	2.755411e-11	-4.579438e+00	4.989324e+00
5.650000e-06	-9.094254e-07	2.422839e-12	-4.904856e+00	-1.826853e+00
5.660000e-06	-9.697755e-07	-2.276226e-11	-5.230346e+00	-8.615628e+00
5.670000e-06	-1.030121e-06	-4.954454e-11	-5.555812e+00	-1.536878e+01
5.680000e-06	-1.090363e-06	-7.687871e-11	-5.880716e+00	-2.207858e+01
5.690000e-06	-1.150477e-06	-1.030150e-10	-6.204931e+00	-2.873781e+01
5.700000e-06	-1.210580e-06	-1.289794e-10	-6.529091e+00	-3.533986e+01
5.710000e-06	-1.270632e-06	-1.544206e-10	-6.852973e+00	-4.187877e+01
5.720000e-06	-1.330604e-06	-1.789419e-10	-7.176421e+00	-4.834920e+01
5.730000e-06	-1.390519e-06	-2.032918e-10	-7.499568e+00	-5.474655e+01
5.740000e-06	-1.450331e-06	-2.282011e-10	-7.822155e+00	-6.106690e+01
5.750000e-06	-1.510075e-06	-2.532718e-10	-8.144374e+00	-6.730705e+01
5.760000e-06	-1.569751e-06	-2.782683e-10	-8.466230e+00	-7.346448e+01
5.770000e-06	-1.629322e-06	-3.037199e-10	-8.787516e+00	-7.953741e+01
5.780000e-06	-1.688746e-06	-3.287457e-10	-9.108012e+00	-8.552468e+01
5.790000e-06	-1.748088e-06	-3.531968e-10	-9.428064e+00	-9.142579e+01
5.800000e-06	-1.807320e-06	-3.774323e-10	-9.747520e+00	-9.724084e+01
5.810000e-06	-1.866399e-06	-4.004879e-10	-1.006616e+01	-1.029705e+02
5.820000e-06	-1.925415e-06	-4.232813e-10	-1.038445e+01	-1.086158e+02
5.830000e-06	-1.984357e-06	-4.465917e-10	-1.070235e+01	-1.141784e+02
5.840000e-06	-2.043151e-06	-4.696226e-10	-1.101945e+01	-1.196603e+02
5.850000e-06	-2.101743e-06	-4.921753e-10	-1.133545e+01	-1.250637e+02
5.860000e-06	-2.160139e-06	-5.139721e-10	-1.165040e+01	-1.303911e+02
5.870000e-06	-2.218319e-06	-5.353661e-10	-1.196419e+01	-1.356452e+02
5.880000e-06	-2.276301e-06	-5.575956e-10	-1.227690e+01	-1.408290e+02
5.890000e-06	-2.334153e-06	-5.806902e-10	-1.258892e+01	-1.459451e+02
5.900000e-06	-2.391880e-06	-6.031871e-10	-1.290027e+01	-1.509966e+02
5.910000e-06	-2.449416e-06	-6.252623e-10	-1.321057e+01	-1.559863e+02
5.920000e-06	-2.506675e-06	-6.471761e-10	-1.351939e+01	-1.609168e+02
5.930000e-06	-2.563715e-06	-6.684538e-10	-1.382703e+01	-1.657906e+02
5.940000e-06	-2.620605e-06	-6.894567e-10	-1.413386e+01	-1.706102e+02
5.950000e-06	-2.677330e-06	-7.101203e-10	-1.443979e+01	-1.753775e+02
5.960000e-06	-2.733859e-06	-7.300342e-10	-1.474468e+01	-1.800945e+02
5.970000e-06	-2.790316e-06	-7.497154e-10	-1.504917e+01	-1.847627e+02
5.980000e-06	-2.846738e-06	-7.702878e-10	-1.535347e+01	-1.893832e+02
5.990000e-06	-2.902886e-06	-7.911001e-10	-1.565630e+01	-1.939571e+02
6.000000e-06	-2.958800e-06	-8.107230e-10	-1.595787e+01	-1.984849e+02
6.010000e-06	-3.014649e-06	-8.291972e-10	-1.625908e+01	-2.029670e+02
6.020000e-06	-3.070298e-06	-8.468675e-10	-1.655921e+01	-2.074033e+02
6.030000e-06	-3.125628e-06	-8.638233e-10	-1.685763e+01	-2.117936e+02
6.040000e-06	-3.180714e-06	-8.808553e-10	-1.715472e+01	-2.161374e+02
6.050000e-06	-3.235455e-06	-8.988288e-10	-1.744996e+01	-2.204338e+02
6.060000e-06	-3.289807e-06	-9.173875e-10	-1.774310e+01	-2.246820e+02
6.070000e-06	-3.343941e-06	-9.355627e-10	-1.803507e+01	-2.288808e+02
6.080000e-06	-3.397761e-06	-9.527199e-10	-1.832534e+01	-2.330290e+02
6.090000e-06	-3.451196e-06	-9.693504e-10	-1.861353e+01	-2.371252e+02
6.100000e-06	-3.504266e-06	-9.861074e-10	-1.889976e+01	-2.411679e+02
6.110000e-06	-3.556905e-06	-1.002645e-09	-1.918366e+01	-2.451558e+02
6.120000e-06	-3.609263e-06	-1.018750e-09	-1.946604e+01	-2.490875e+02
6.130000e-06	-3.661378e-06	-1.034899e-09	-1.974712e+01	-2.529616e+02
6.140000e-06	-3.713202e-06	-1.051017e-09	-2.002662e+01	-2.567767e+02
6.150000e-06	-3.764783e-06	-1.066942e-09	-2.030482e+01	-2.605317e+02
6.160000e-06	-3.816119e-06	-1.083520e-09	-2.058169e+01	-2.642255e+02
6.170000e-06	-3.867197e-06	-1.099624e-09	-2.085718e+01	-2.678572e+02
6.180000e-06	-3.917914e-06	-1.114754e-09	-2.113071e+01	-2.714262e+02
6.190000e-06	-3.968260e-06	-1.130793e-09	-2.140224e+01	-2.749318e+02
6.200000e-06	-4.018343e-06	-1.146712e-09	-2.167236e+01	-2.783738e+02
6.210000e-06	-4.068072e-06	-1.160629e-09	-2.194056e+01	-2.817519e+02
6.220000e-06	-4.117236e-06	-1.172816e-09	-2.220572e+01	-2.850663e+02
6.230000e-06	-4.166132e-06	-1.185365e-09	-2.246944e+01	-2.883172e+02
6.240000e-06	-4.214901e-06	-1.198664e-09	-2.273247e+01	-2.915052e+02
6.250000e-06	-4.263203e-06	-1.211687e-09	-2.299298e+01	-2.946307e+02
6.260000e-06	-4.310905e-06	-1.225050e-09	-2.325025e+01	-2.976948e+02
6.270000e-06	-4.358225e-06	-1.238390e-09	-2.350546e+01	-3.006983e+02
6.280000e-06	-4.405422e-06	-1.251247e-09	-2.376001e+01	-3.036424e+02
6.290000e-06	-4.452329e-06	-1.263756e-09	-2.401300e+01	-3.065283e+02
6.300000e-06	-4.498928e-06	-1.275102e-09	-2.426433e+01	-3.093575e+02
6.310000e-06	-4.545262e-06	-1.285288e-09	-2.451422e+01	-3.121313e+02
6.320000e-06	-4.591224e-06	-1.295150e-09	-2.476211e+01	-3.148512e+02
6.330000e-06	-4.636900e-06	-1.305208e-09	-2.500846e+01	-3.175188e+02
6.340000e-06	-4.682184e-06	-1.315495e-09	-2.525269e+01	-3.201356e+02
6.350000e-06	-4.727105e-06	-1.326182e-09	-2.549496e+01	-3.227032e+02
6.360000e-06	-4.771793e-06	-1.337224e-09	-2.573598e+01	-3.252232e+02
6.370000e-06	-4.816242e-06	-1.347342e-09	-2.597571e+01	-3.276969e+02
6.380000e-06	-4.860498e-06	-1.356383e-09	-2.621440e+01	-3.301260e+02
6.390000e-06	-4.904485e-06	-1.366158e-09	-2.645164e+01	-3.325117e+02
6.400000e-06	-4.948190e-06	-1.376608e-09	-2.668736e+01	-3.348555e+02
6.410000e-06	-4.991669e-06	-1.386645e-09	-2.692185e+01	-3.371585e+02
6.420000e-06	-5.034840e-06	-1.396624e-09	-2.715469e+01	-3.394220e+02
6.430000e-06	-5.077481e-06	-1.406925e-09	-2.738467e+01	-3.416470e+02
6.440000e-06	-5.119667e-06	-1.416568e-09	-2.761219e+01	-3.438346e+02
6.450000e-06	-5.161549e-06	-1.425062e-09	-2.783808e+01	-3.459856e+02
6.460000e-06	-5.203130e-06	-1.432812e-09	-2.806234e+01	-3.481009e+02
6.470000e-06	-5.244320e-06	-1.439917e-09	-2.828449e+01	-3.501813e+02
6.480000e-06	-5.285149e-06	-1.447285e-09	-2.850470e+01	-3.522274e+02
6.490000e-06	-5.325687e-06	-1.455717e-09	-2.872333e+01	-3.542400e+02
6.500000e-06	-5.365928e-06	-1.464252e-09	-2.894037e+01	-3.562196e+02
6.510000e-06	-5.405981e-06	-1.472521e-09	-2.915638e+01	-3.581668e+02
6.520000e-06	-5.445832e-06	-1.481183e-09	-2.937132e+01	-3.600820e+02
6.530000e-06	-5.485342e-06	-1.488943e-09	-2.958441e+01	-3.619659e+02
6.540000e-06	-5.524229e-06	-1.495678e-09	-2.979414e+01	-3.638187e+02
6.550000e-06	-5.562339e-06	-1.502776e-09	-2.999968e+01	-3.656411e+02
6.560000e-06	-5.599744e-06	-1.510028e-09	-3.020142e+01	-3.674335e+02
6.570000e-06	-5.636671e-06	-1.516410e-09	-3.040058e+01	-3.691963e+02
6.580000e-06	-5.673289e-06	-1.522037e-09	-3.059807e+01	-3.709300e+02
6.590000e-06	-5.709567e-06	-1.527856e-09	-3.079374e+01	-3.726352e+02
6.600000e-06	-5.745544e-06	-1.534570e-09	-3.098777e+01	-3.743123e+02
6.610000e-06	-5.781220e-06	-1.541255e-09	-3.118019e+01	-3.759619e+02
6.620000e-06	-5.816427e-06	-1.546948e-09	-3.137007e+01	-3.775844e+02
6.630000e-06	-5.851157e-06	-1.552698e-09	-3.155738e+01	-3.791805e+02
6.640000e-06	-5.885491e-06	-1.558877e-09	-3.174256e+01	-3.807506e+02
6.650000e-06	-5.919514e-06	-1.564933e-09	-3.192605e+01	-3.822954e+02
6.660000e-06	-5.953178e-06	-1.570552e-09	-3.210762e+01	-3.838154e+02
6.670000e-06	-5.986216e-06	-1.575958e-09	-3.228580e+01	-3.853112e+02
6.680000e-06	-6.018807e-06	-1.581355e-09	-3.246157e+01	-3.867832e+02
6.690000e-06	-6.051192e-06	-1.586205e-09	-3.263624e+01	-3.882320e+02
6.700000e-06	-6.083294e-06	-1.590886e-09	-3.280937e+01	-3.896581e+02
6.710000e-06	-6.115023e-06	-1.596380e-09	-3.298050e+01	-3.910619e+02
6.720000e-06	-6.146253e-06	-1.602482e-09	-3.314893e+01	-3.924438e+02
6.730000e-06	-6.176845e-06	-1.607909e-09	-3.331393e+01	-3.938041e+02
6.740000e-06	-6.206727e-06	-1.613127e-09	-3.347509e+01	-3.951433e+02
6.750000e-06	-6.235879e-06	-1.619150e-09	-3.363232e+01	-3.964614e+02
6.760000e-06	-6.264481e-06	-1.624090e-09	-3.378658e+01	-3.977587e+02
6.770000e-06	-6.292825e-06	-1.627087e-09	-3.393945e+01	-3.990354e+02
6.780000e-06	-6.320941e-06	-1.630424e-09	-3.409109e+01	-4.002913e+02
6.790000e-06	-6.348752e-06	-1.635696e-09	-3.424109e+01	-4.015266e+02
6.800000e-06	-6.376127e-06	-1.641639e-09	-3.438873e+01	-4.027412e+02
6.810000e-06	-6.403007e-06	-1.647264e-09	-3.453370e+01	-4.039349e+02
6.820000e-06	-6.429387e-06	-1.653115e-09	-3.467598e+01	-4.051076e+02
6.830000e-06	-6.455324e-06	-1.658611e-09	-3.481587e+01	-4.062590e+02
6.840000e-06	-6.480800e-06	-1.662836e-09	-3.495327e+01	-4.073888e+02
6.850000e-06	-6.505748e-06	-1.665780e-09	-3.508782e+01	-4.084968e+02
6.860000e-06	-6.530246e-06	-1.668301e-09	-3.521995e+01	-4.095826e+02
6.870000e-06	-6.554406e-06	-1.671231e-09	-3.535025e+01	-4.106460e+02
6.880000e-06	-6.578335e-06	-1.674549e-09	-3.547931e+01	-4.116864e+02
6.890000e-06	-6.601964e-06	-1.679207e-09	-3.560675e+01	-4.127038e+02
6.900000e-06	-6.624964e-06	-1.684632e-09	-3.573080e+01	-4.136976e+02
6.910000e-06	-6.647198e-06	-1.689240e-09	-3.585071e+01	-4.146677e+02
6.920000e-06	-6.668732e-06	-1.692531e-09	-3.596685e+01	-4.156138e+02
6.930000e-06	-6.689624e-06	-1.694891e-09	-3.607953e+01	-4.165357e+02
6.940000e-06	-6.710102e-06	-1.696636e-09	-3.618998e+01	-4.174333e+02
6.950000e-06	-6.730294e-06	-1.697934e-09	-3.629888e+01	-4.183065e+02
6.960000e-06	-6.750171e-06	-1.700833e-09	-3.640608e+01	-4.191552e+02
6.970000e-06	-6.769516e-06	-1.704913e-09	-3.651041e+01	-4.199796e+02
6.980000e-06	-6.788278e-06	-1.708094e-09	-3.661161e+01	-4.207798e+02
6.990000e-06	-6.806670e-06	-1.709992e-09	-3.671080e+01	-4.215560e+02
7.000000e-06	-6.824695e-06	-1.711209e-09	-3.680801e+01	-4.223085e+02
7.010000e-06	-6.842179e-06	-1.712749e-09	-3.690231e+01	-4.230376e+02
7.020000e-06	-6.858959e-06	-1.714300e-09	-3.699281e+01	-4.237437e+02
7.030000e-06	-6.875271e-06	-1.715280e-09	-3.708079e+01	-4.244274e+02
7.040000e-06	-6.891408e-06	-1.716108e-09	-3.716783e+01	-4.250892e+02
7.050000e-06	-6.907239e-06	-1.718011e-09	-3.725321e+01	-4.257296e+02
7.060000e-06	-6.922539e-06	-1.721408e-09	-3.733572e+01	-4.263494e+02
7.070000e-06	-6.937079e-06	-1.724940e-09	-3.741414e+01	-4.269491e+02
7.080000e-06	-6.950728e-06	-1.727424e-09	-3.748776e+01	-4.275295e+02
7.090000e-06	-6.963677e-06	-1.729314e-09	-3.755760e+01	-4.280912e+02
7.100000e-06	-6.976143e-06	-1.731151e-09	-3.762483e+01	-4.286349e+02
7.110000e-06	-6.988169e-06	-1.732733e-09	-3.768969e+01	-4.291614e+02
7.120000e-06	-6.999734e-06	-1.734393e-09	-3.775207e+01	-4.296712e+02
7.130000e-06	-7.010767e-06	-1.735823e-09	-3.781157e+01	-4.301650e+02
7.140000e-06	-7.021243e-06	-1.735956e-09	-3.786807e+01	-4.306433e+02
7.150000e-06	-7.031253e-06	-1.735055e-09	-3.792206e+01	-4.311068e+02
7.160000e-06	-7.040728e-06	-1.735162e-09	-3.797316e+01	-4.315558e+02
7.170000e-06	-7.049543e-06	-1.737048e-09	-3.802070e+01	-4.319907e+02
7.180000e-06	-7.057911e-06	-1.738310e-09	-3.806584e+01	-4.324118e+02
7.190000e-06	-7.066039e-06	-1.738363e-09	-3.810967e+01	-4.328195e+02
7.200000e-06	-7.073797e-06	-1.738692e-09	-3.815151e+01	-4.332138e+02
7.210000e-06	-7.081070e-06	-1.738802e-09	-3.819074e+01	-4.335949e+02
7.220000e-06	-7.087790e-06	-1.739543e-09	-3.822698e+01	-4.339627e+02
7.230000e-06	-7.093655e-06	-1.740928e-09	-3.825861e+01	-4.343173e+02
7.240000e-06	-7.098701e-06	-1.741058e-09	-3.828583e+01	-4.346583e+02
7.250000e-06	-7.103233e-06	-1.740243e-09	-3.831027e+01	-4.349857e+02
7.260000e-06	-7.107499e-06	-1.740549e-09	-3.833328e+01	-4.352992e+02
7.270000e-06	-7.111473e-06	-1.741688e-09	-3.835471e+01	-4.355984e+02
7.280000e-06	-7.114925e-06	-1.741969e-09	-3.837333e+01	-4.358830e+02
7.290000e-06	-7.117846e-06	-1.740874e-09	-3.838909e+01	-4.361525e+02
7.300000e-06	-7.120313e-06	-1.739804e-09	-3.840239e+01	-4.364066e+02
7.310000e-06	-7.122364e-06	-1.740895e-09	-3.841345e+01	-4.366447e+02
7.320000e-06	-7.123855e-06	-1.743081e-09	-3.842149e+01	-4.368665e+02
7.330000e-06	-7.124880e-06	-1.744325e-09	-3.842702e+01	-4.370714e+02
7.340000e-06	-7.125462e-06	-1.743861e-09	-3.843016e+01	-4.372590e+02
