# Temperatura_=_7.4
# Concentracion g/m^3_=_7400.0
# C_Vs_to_Am_M_A/Vsm_=_254322799225.57578
# pendiente_HvsI_1/m_=_3716.3
# ordenada_HvsI_A/m_=_1297.0
# frecuencia_Hz_=_136111.70318448052

Tiempo_(s)	Campo_(V.s)	Magnetizacion_(V.s)	Campo_(kA/m)	Magnetizacion_(A/m)
0.000000e+00	-7.120296e-06	-1.650300e-09	-3.842824e+01	-4.102836e+02
1.000000e-08	-7.120309e-06	-1.649097e-09	-3.842831e+01	-4.104153e+02
2.000000e-08	-7.120016e-06	-1.646260e-09	-3.842673e+01	-4.105278e+02
3.000000e-08	-7.119280e-06	-1.643375e-09	-3.842276e+01	-4.106207e+02
4.000000e-08	-7.117703e-06	-1.642947e-09	-3.841424e+01	-4.106938e+02
5.000000e-08	-7.115234e-06	-1.644511e-09	-3.840092e+01	-4.107466e+02
6.000000e-08	-7.112188e-06	-1.646528e-09	-3.838448e+01	-4.107788e+02
7.000000e-08	-7.108707e-06	-1.652702e-09	-3.836569e+01	-4.107903e+02
8.000000e-08	-7.104766e-06	-1.648585e-09	-3.834442e+01	-4.107808e+02
9.000000e-08	-7.100146e-06	-1.607424e-09	-3.831949e+01	-4.107503e+02
1.000000e-07	-7.094591e-06	-1.582694e-09	-3.828951e+01	-4.106985e+02
1.100000e-07	-7.088456e-06	-1.659205e-09	-3.825640e+01	-4.106257e+02
1.200000e-07	-7.082318e-06	-1.722171e-09	-3.822327e+01	-4.105317e+02
1.300000e-07	-7.075935e-06	-1.631412e-09	-3.818882e+01	-4.104168e+02
1.400000e-07	-7.068880e-06	-1.548166e-09	-3.815075e+01	-4.102811e+02
1.500000e-07	-7.061283e-06	-1.652020e-09	-3.810974e+01	-4.101249e+02
1.600000e-07	-7.053481e-06	-1.736133e-09	-3.806764e+01	-4.099485e+02
1.700000e-07	-7.045432e-06	-1.590953e-09	-3.802420e+01	-4.097522e+02
1.800000e-07	-7.036771e-06	-1.493934e-09	-3.797745e+01	-4.095365e+02
1.900000e-07	-7.027152e-06	-1.660935e-09	-3.792554e+01	-4.093017e+02
2.000000e-07	-7.016996e-06	-1.761770e-09	-3.787073e+01	-4.090484e+02
2.100000e-07	-7.006705e-06	-1.591567e-09	-3.781519e+01	-4.087769e+02
2.200000e-07	-6.995752e-06	-1.506619e-09	-3.775607e+01	-4.084878e+02
2.300000e-07	-6.983927e-06	-1.652722e-09	-3.769225e+01	-4.081816e+02
2.400000e-07	-6.971502e-06	-1.686274e-09	-3.762520e+01	-4.078588e+02
2.500000e-07	-6.958546e-06	-1.554637e-09	-3.755527e+01	-4.075198e+02
2.600000e-07	-6.944981e-06	-1.571997e-09	-3.748206e+01	-4.071651e+02
2.700000e-07	-6.930948e-06	-1.678177e-09	-3.740633e+01	-4.067952e+02
2.800000e-07	-6.916204e-06	-1.619992e-09	-3.732675e+01	-4.064105e+02
2.900000e-07	-6.900584e-06	-1.556144e-09	-3.724245e+01	-4.060113e+02
3.000000e-07	-6.884356e-06	-1.631372e-09	-3.715487e+01	-4.055980e+02
3.100000e-07	-6.867668e-06	-1.622425e-09	-3.706481e+01	-4.051709e+02
3.200000e-07	-6.850420e-06	-1.525744e-09	-3.697172e+01	-4.047304e+02
3.300000e-07	-6.832752e-06	-1.597731e-09	-3.687636e+01	-4.042766e+02
3.400000e-07	-6.814709e-06	-1.688183e-09	-3.677899e+01	-4.038098e+02
3.500000e-07	-6.796283e-06	-1.571924e-09	-3.667954e+01	-4.033302e+02
3.600000e-07	-6.777407e-06	-1.504956e-09	-3.657767e+01	-4.028380e+02
3.700000e-07	-6.758031e-06	-1.623730e-09	-3.647310e+01	-4.023332e+02
3.800000e-07	-6.738389e-06	-1.630420e-09	-3.636709e+01	-4.018162e+02
3.900000e-07	-6.718290e-06	-1.521077e-09	-3.625861e+01	-4.012868e+02
4.000000e-07	-6.697687e-06	-1.559376e-09	-3.614742e+01	-4.007454e+02
4.100000e-07	-6.676601e-06	-1.626986e-09	-3.603362e+01	-4.001921e+02
4.200000e-07	-6.655013e-06	-1.558502e-09	-3.591711e+01	-3.996269e+02
4.300000e-07	-6.633064e-06	-1.536933e-09	-3.579865e+01	-3.990500e+02
4.400000e-07	-6.610757e-06	-1.590143e-09	-3.567826e+01	-3.984615e+02
4.500000e-07	-6.587945e-06	-1.550025e-09	-3.555514e+01	-3.978617e+02
4.600000e-07	-6.564640e-06	-1.515924e-09	-3.542936e+01	-3.972507e+02
4.700000e-07	-6.540937e-06	-1.581128e-09	-3.530144e+01	-3.966288e+02
4.800000e-07	-6.516847e-06	-1.578437e-09	-3.517142e+01	-3.959961e+02
4.900000e-07	-6.492398e-06	-1.510350e-09	-3.503947e+01	-3.953529e+02
5.000000e-07	-6.467366e-06	-1.531497e-09	-3.490437e+01	-3.946996e+02
5.100000e-07	-6.441545e-06	-1.561223e-09	-3.476502e+01	-3.940363e+02
5.200000e-07	-6.415040e-06	-1.520560e-09	-3.462197e+01	-3.933633e+02
5.300000e-07	-6.387904e-06	-1.517422e-09	-3.447552e+01	-3.926809e+02
5.400000e-07	-6.360304e-06	-1.545078e-09	-3.432656e+01	-3.919894e+02
5.500000e-07	-6.332372e-06	-1.520032e-09	-3.417582e+01	-3.912890e+02
5.600000e-07	-6.304117e-06	-1.502898e-09	-3.402332e+01	-3.905800e+02
5.700000e-07	-6.275498e-06	-1.520032e-09	-3.386887e+01	-3.898623e+02
5.800000e-07	-6.246472e-06	-1.505296e-09	-3.371221e+01	-3.891363e+02
5.900000e-07	-6.216983e-06	-1.486314e-09	-3.355306e+01	-3.884019e+02
6.000000e-07	-6.187100e-06	-1.503385e-09	-3.339178e+01	-3.876591e+02
6.100000e-07	-6.156793e-06	-1.505347e-09	-3.322821e+01	-3.869077e+02
6.200000e-07	-6.125992e-06	-1.487162e-09	-3.306198e+01	-3.861477e+02
6.300000e-07	-6.094664e-06	-1.484916e-09	-3.289290e+01	-3.853787e+02
6.400000e-07	-6.062930e-06	-1.479979e-09	-3.272164e+01	-3.846002e+02
6.500000e-07	-6.031124e-06	-1.466040e-09	-3.254998e+01	-3.838117e+02
6.600000e-07	-5.999055e-06	-1.466911e-09	-3.237690e+01	-3.830127e+02
6.700000e-07	-5.966412e-06	-1.470147e-09	-3.220072e+01	-3.822022e+02
6.800000e-07	-5.933096e-06	-1.462624e-09	-3.202092e+01	-3.813795e+02
6.900000e-07	-5.899001e-06	-1.457523e-09	-3.183691e+01	-3.805436e+02
7.000000e-07	-5.864260e-06	-1.453205e-09	-3.164941e+01	-3.796933e+02
7.100000e-07	-5.829112e-06	-1.445743e-09	-3.145972e+01	-3.788274e+02
7.200000e-07	-5.793659e-06	-1.442659e-09	-3.126838e+01	-3.779447e+02
7.300000e-07	-5.757963e-06	-1.439121e-09	-3.107572e+01	-3.770438e+02
7.400000e-07	-5.721966e-06	-1.431386e-09	-3.088145e+01	-3.761231e+02
7.500000e-07	-5.685597e-06	-1.428094e-09	-3.068517e+01	-3.751813e+02
7.600000e-07	-5.648846e-06	-1.426519e-09	-3.048682e+01	-3.742167e+02
7.700000e-07	-5.611683e-06	-1.418548e-09	-3.028626e+01	-3.732279e+02
7.800000e-07	-5.574001e-06	-1.410215e-09	-3.008288e+01	-3.722133e+02
7.900000e-07	-5.535849e-06	-1.406325e-09	-2.987698e+01	-3.711713e+02
8.000000e-07	-5.497265e-06	-1.403389e-09	-2.966874e+01	-3.701006e+02
8.100000e-07	-5.458203e-06	-1.401195e-09	-2.945792e+01	-3.689996e+02
8.200000e-07	-5.418832e-06	-1.397538e-09	-2.924544e+01	-3.678671e+02
8.300000e-07	-5.379279e-06	-1.390532e-09	-2.903197e+01	-3.667019e+02
8.400000e-07	-5.339450e-06	-1.382638e-09	-2.881701e+01	-3.655029e+02
8.500000e-07	-5.299362e-06	-1.377149e-09	-2.860066e+01	-3.642691e+02
8.600000e-07	-5.258915e-06	-1.372791e-09	-2.838236e+01	-3.629996e+02
8.700000e-07	-5.218101e-06	-1.367161e-09	-2.816209e+01	-3.616940e+02
8.800000e-07	-5.176913e-06	-1.361108e-09	-2.793980e+01	-3.603517e+02
8.900000e-07	-5.135050e-06	-1.356550e-09	-2.771387e+01	-3.589725e+02
9.000000e-07	-5.092464e-06	-1.352244e-09	-2.748403e+01	-3.575562e+02
9.100000e-07	-5.049346e-06	-1.345241e-09	-2.725132e+01	-3.561029e+02
9.200000e-07	-5.005846e-06	-1.336436e-09	-2.701655e+01	-3.546130e+02
9.300000e-07	-4.962101e-06	-1.328173e-09	-2.678046e+01	-3.530870e+02
9.400000e-07	-4.918156e-06	-1.321481e-09	-2.654329e+01	-3.515253e+02
9.500000e-07	-4.873860e-06	-1.315604e-09	-2.630422e+01	-3.499290e+02
9.600000e-07	-4.829223e-06	-1.308390e-09	-2.606332e+01	-3.482988e+02
9.700000e-07	-4.784354e-06	-1.299686e-09	-2.582116e+01	-3.466359e+02
9.800000e-07	-4.739179e-06	-1.291493e-09	-2.557735e+01	-3.449416e+02
9.900000e-07	-4.693542e-06	-1.284184e-09	-2.533105e+01	-3.432170e+02
1.000000e-06	-4.647524e-06	-1.277207e-09	-2.508269e+01	-3.414635e+02
1.010000e-06	-4.601294e-06	-1.271211e-09	-2.483318e+01	-3.396826e+02
1.020000e-06	-4.554747e-06	-1.265855e-09	-2.458197e+01	-3.378757e+02
1.030000e-06	-4.507876e-06	-1.259652e-09	-2.432901e+01	-3.360442e+02
1.040000e-06	-4.460748e-06	-1.252651e-09	-2.407466e+01	-3.341896e+02
1.050000e-06	-4.413330e-06	-1.244441e-09	-2.381874e+01	-3.323131e+02
1.060000e-06	-4.365657e-06	-1.235306e-09	-2.356145e+01	-3.304162e+02
1.070000e-06	-4.317753e-06	-1.226403e-09	-2.330292e+01	-3.284999e+02
1.080000e-06	-4.269612e-06	-1.218810e-09	-2.304310e+01	-3.265654e+02
1.090000e-06	-4.221075e-06	-1.212645e-09	-2.278114e+01	-3.246137e+02
1.100000e-06	-4.172131e-06	-1.206862e-09	-2.251699e+01	-3.226455e+02
1.110000e-06	-4.122812e-06	-1.200180e-09	-2.225082e+01	-3.206615e+02
1.120000e-06	-4.073013e-06	-1.191341e-09	-2.198205e+01	-3.186623e+02
1.130000e-06	-4.022671e-06	-1.181033e-09	-2.171036e+01	-3.166480e+02
1.140000e-06	-3.971936e-06	-1.170878e-09	-2.143654e+01	-3.146188e+02
1.150000e-06	-3.920869e-06	-1.161686e-09	-2.116093e+01	-3.125748e+02
1.160000e-06	-3.869454e-06	-1.153292e-09	-2.088344e+01	-3.105156e+02
1.170000e-06	-3.817762e-06	-1.145722e-09	-2.060446e+01	-3.084409e+02
1.180000e-06	-3.765750e-06	-1.139146e-09	-2.032375e+01	-3.063502e+02
1.190000e-06	-3.713342e-06	-1.131945e-09	-2.004091e+01	-3.042426e+02
1.200000e-06	-3.660569e-06	-1.123990e-09	-1.975609e+01	-3.021173e+02
1.210000e-06	-3.607569e-06	-1.115816e-09	-1.947005e+01	-2.999735e+02
1.220000e-06	-3.554283e-06	-1.107821e-09	-1.918247e+01	-2.978099e+02
1.230000e-06	-3.500771e-06	-1.099154e-09	-1.889366e+01	-2.956255e+02
1.240000e-06	-3.447095e-06	-1.089443e-09	-1.860397e+01	-2.934190e+02
1.250000e-06	-3.393153e-06	-1.079919e-09	-1.831285e+01	-2.911890e+02
1.260000e-06	-3.338971e-06	-1.070212e-09	-1.802043e+01	-2.889342e+02
1.270000e-06	-3.284546e-06	-1.060800e-09	-1.772669e+01	-2.866534e+02
1.280000e-06	-3.229951e-06	-1.052772e-09	-1.743204e+01	-2.843452e+02
1.290000e-06	-3.175139e-06	-1.044327e-09	-1.713622e+01	-2.820082e+02
1.300000e-06	-3.120039e-06	-1.033912e-09	-1.683885e+01	-2.796413e+02
1.310000e-06	-3.064774e-06	-1.022906e-09	-1.654059e+01	-2.772431e+02
1.320000e-06	-3.009341e-06	-1.011946e-09	-1.624141e+01	-2.748126e+02
1.330000e-06	-2.953751e-06	-1.000564e-09	-1.594139e+01	-2.723486e+02
1.340000e-06	-2.898074e-06	-9.883393e-10	-1.564091e+01	-2.698503e+02
1.350000e-06	-2.842261e-06	-9.774799e-10	-1.533968e+01	-2.673166e+02
1.360000e-06	-2.786338e-06	-9.689201e-10	-1.503787e+01	-2.647468e+02
1.370000e-06	-2.730267e-06	-9.608318e-10	-1.473525e+01	-2.621401e+02
1.380000e-06	-2.673966e-06	-9.526084e-10	-1.443139e+01	-2.594960e+02
1.390000e-06	-2.617578e-06	-9.431191e-10	-1.412707e+01	-2.568138e+02
1.400000e-06	-2.561078e-06	-9.317857e-10	-1.382214e+01	-2.540931e+02
1.410000e-06	-2.504214e-06	-9.206907e-10	-1.351525e+01	-2.513334e+02
1.420000e-06	-2.446930e-06	-9.101866e-10	-1.320608e+01	-2.485343e+02
1.430000e-06	-2.389355e-06	-8.991845e-10	-1.289535e+01	-2.456955e+02
1.440000e-06	-2.331571e-06	-8.884509e-10	-1.258349e+01	-2.428165e+02
1.450000e-06	-2.273516e-06	-8.784953e-10	-1.227017e+01	-2.398971e+02
1.460000e-06	-2.215175e-06	-8.683454e-10	-1.195530e+01	-2.369369e+02
1.470000e-06	-2.156597e-06	-8.577701e-10	-1.163915e+01	-2.339354e+02
1.480000e-06	-2.097743e-06	-8.470448e-10	-1.132152e+01	-2.308921e+02
1.490000e-06	-2.038602e-06	-8.355607e-10	-1.100233e+01	-2.278065e+02
1.500000e-06	-1.979248e-06	-8.232500e-10	-1.068200e+01	-2.246779e+02
1.510000e-06	-1.919868e-06	-8.109864e-10	-1.036153e+01	-2.215055e+02
1.520000e-06	-1.860478e-06	-7.991322e-10	-1.004100e+01	-2.182885e+02
1.530000e-06	-1.800928e-06	-7.868331e-10	-9.719611e+00	-2.150259e+02
1.540000e-06	-1.741355e-06	-7.742950e-10	-9.398093e+00	-2.117164e+02
1.550000e-06	-1.681713e-06	-7.622711e-10	-9.076204e+00	-2.083588e+02
1.560000e-06	-1.621975e-06	-7.504754e-10	-8.753801e+00	-2.049518e+02
1.570000e-06	-1.562233e-06	-7.387410e-10	-8.431370e+00	-2.014936e+02
1.580000e-06	-1.502416e-06	-7.269908e-10	-8.108539e+00	-1.979826e+02
1.590000e-06	-1.442461e-06	-7.149339e-10	-7.784962e+00	-1.944170e+02
1.600000e-06	-1.382349e-06	-7.022594e-10	-7.460537e+00	-1.907948e+02
1.610000e-06	-1.322196e-06	-6.883931e-10	-7.135892e+00	-1.871141e+02
1.620000e-06	-1.261968e-06	-6.742156e-10	-6.810844e+00	-1.833726e+02
1.630000e-06	-1.201711e-06	-6.605244e-10	-6.485632e+00	-1.795682e+02
1.640000e-06	-1.141475e-06	-6.464152e-10	-6.160540e+00	-1.756987e+02
1.650000e-06	-1.081187e-06	-6.321294e-10	-5.835165e+00	-1.717620e+02
1.660000e-06	-1.020864e-06	-6.175009e-10	-5.509605e+00	-1.677558e+02
1.670000e-06	-9.604203e-07	-6.020734e-10	-5.183389e+00	-1.636781e+02
1.680000e-06	-8.998842e-07	-5.867475e-10	-4.856675e+00	-1.595267e+02
1.690000e-06	-8.393343e-07	-5.722045e-10	-4.529887e+00	-1.552999e+02
1.700000e-06	-7.787212e-07	-5.575680e-10	-4.202758e+00	-1.509958e+02
1.710000e-06	-7.180104e-07	-5.420874e-10	-3.875102e+00	-1.466130e+02
1.720000e-06	-6.571516e-07	-5.263950e-10	-3.546647e+00	-1.421500e+02
1.730000e-06	-5.962400e-07	-5.109358e-10	-3.217908e+00	-1.376058e+02
1.740000e-06	-5.353373e-07	-4.947245e-10	-2.889216e+00	-1.329796e+02
1.750000e-06	-4.743618e-07	-4.771348e-10	-2.560131e+00	-1.282708e+02
1.760000e-06	-4.132966e-07	-4.590109e-10	-2.230562e+00	-1.234793e+02
1.770000e-06	-3.522238e-07	-4.401682e-10	-1.900952e+00	-1.186053e+02
1.780000e-06	-2.911604e-07	-4.209169e-10	-1.571393e+00	-1.136494e+02
1.790000e-06	-2.300781e-07	-4.026530e-10	-1.241731e+00	-1.086123e+02
1.800000e-06	-1.690067e-07	-3.842198e-10	-9.121290e-01	-1.034955e+02
1.810000e-06	-1.080397e-07	-3.645927e-10	-5.830905e-01	-9.830067e+01
1.820000e-06	-4.709034e-08	-3.444135e-10	-2.541466e-01	-9.302986e+01
1.830000e-06	1.394927e-08	-3.240112e-10	7.528424e-02	-8.768558e+01
1.840000e-06	7.496326e-08	-3.036816e-10	4.045767e-01	-8.227069e+01
1.850000e-06	1.359186e-07	-2.837227e-10	7.335527e-01	-7.678844e+01
1.860000e-06	1.968942e-07	-2.638008e-10	1.062638e+00	-7.124241e+01
1.870000e-06	2.579329e-07	-2.417258e-10	1.392064e+00	-6.563652e+01
1.880000e-06	3.189561e-07	-2.180616e-10	1.721406e+00	-5.997500e+01
1.890000e-06	3.799312e-07	-1.960820e-10	2.050488e+00	-5.426235e+01
1.900000e-06	4.408650e-07	-1.756973e-10	2.379348e+00	-4.850332e+01
1.910000e-06	5.017894e-07	-1.547683e-10	2.708157e+00	-4.270287e+01
1.920000e-06	5.627323e-07	-1.333839e-10	3.037067e+00	-3.686614e+01
1.930000e-06	6.236249e-07	-1.112998e-10	3.365704e+00	-3.099840e+01
1.940000e-06	6.844384e-07	-8.749332e-11	3.693914e+00	-2.510504e+01
1.950000e-06	7.452290e-07	-6.281648e-11	4.022001e+00	-1.919147e+01
1.960000e-06	8.059200e-07	-3.890040e-11	4.349550e+00	-1.326316e+01
1.970000e-06	8.665121e-07	-1.579408e-11	4.676566e+00	-7.325523e+00
1.980000e-06	9.270228e-07	7.513299e-12	5.003142e+00	-1.383929e+00
1.990000e-06	9.874390e-07	3.046487e-11	5.329209e+00	4.556354e+00
2.000000e-06	1.047907e-06	5.336628e-11	5.655554e+00	1.049020e+01
2.010000e-06	1.108461e-06	7.631819e-11	5.982364e+00	1.641263e+01
2.020000e-06	1.168928e-06	9.886484e-11	6.308704e+00	2.231891e+01
2.030000e-06	1.229255e-06	1.213114e-10	6.634287e+00	2.820448e+01
2.040000e-06	1.289508e-06	1.430393e-10	6.959474e+00	3.406507e+01
2.050000e-06	1.349644e-06	1.638775e-10	7.284029e+00	3.989667e+01
2.060000e-06	1.409659e-06	1.842599e-10	7.607928e+00	4.569556e+01
2.070000e-06	1.469626e-06	2.051037e-10	7.931572e+00	5.145832e+01
2.080000e-06	1.529559e-06	2.271747e-10	8.255030e+00	5.718185e+01
2.090000e-06	1.589463e-06	2.491382e-10	8.578333e+00	6.286337e+01
2.100000e-06	1.649347e-06	2.699967e-10	8.901525e+00	6.850039e+01
2.110000e-06	1.709151e-06	2.900968e-10	9.224288e+00	7.409076e+01
2.120000e-06	1.768826e-06	3.099682e-10	9.546354e+00	7.963264e+01
2.130000e-06	1.828360e-06	3.303320e-10	9.867657e+00	8.512444e+01
2.140000e-06	1.887867e-06	3.505287e-10	1.018882e+01	9.056490e+01
2.150000e-06	1.947291e-06	3.697515e-10	1.050953e+01	9.595300e+01
2.160000e-06	2.006532e-06	3.884638e-10	1.082925e+01	1.012880e+02
2.170000e-06	2.065615e-06	4.063875e-10	1.114812e+01	1.065692e+02
2.180000e-06	2.124603e-06	4.237706e-10	1.146648e+01	1.117964e+02
2.190000e-06	2.183350e-06	4.428694e-10	1.178354e+01	1.169693e+02
2.200000e-06	2.241691e-06	4.627927e-10	1.209841e+01	1.220878e+02
2.210000e-06	2.299772e-06	4.812432e-10	1.241187e+01	1.271521e+02
2.220000e-06	2.357533e-06	4.987664e-10	1.272361e+01	1.321623e+02
2.230000e-06	2.414982e-06	5.158469e-10	1.303366e+01	1.371185e+02
2.240000e-06	2.472168e-06	5.328442e-10	1.334229e+01	1.420209e+02
2.250000e-06	2.528973e-06	5.502716e-10	1.364887e+01	1.468699e+02
2.260000e-06	2.585549e-06	5.668827e-10	1.395421e+01	1.516656e+02
2.270000e-06	2.641901e-06	5.822835e-10	1.425834e+01	1.564082e+02
2.280000e-06	2.698088e-06	5.976735e-10	1.456158e+01	1.610979e+02
2.290000e-06	2.754162e-06	6.137757e-10	1.486421e+01	1.657347e+02
2.300000e-06	2.810004e-06	6.306833e-10	1.516559e+01	1.703185e+02
2.310000e-06	2.865779e-06	6.469983e-10	1.546661e+01	1.748492e+02
2.320000e-06	2.921501e-06	6.621769e-10	1.576734e+01	1.793266e+02
2.330000e-06	2.977056e-06	6.785253e-10	1.606717e+01	1.837504e+02
2.340000e-06	3.032475e-06	6.960779e-10	1.636627e+01	1.881202e+02
2.350000e-06	3.087678e-06	7.129492e-10	1.666420e+01	1.924353e+02
2.360000e-06	3.142672e-06	7.287721e-10	1.696100e+01	1.966952e+02
2.370000e-06	3.197400e-06	7.433428e-10	1.725637e+01	2.008991e+02
2.380000e-06	3.251773e-06	7.580602e-10	1.754982e+01	2.050462e+02
2.390000e-06	3.305933e-06	7.740197e-10	1.784212e+01	2.091358e+02
2.400000e-06	3.359869e-06	7.893701e-10	1.813321e+01	2.131667e+02
2.410000e-06	3.413644e-06	8.039872e-10	1.842344e+01	2.171383e+02
2.420000e-06	3.467258e-06	8.188277e-10	1.871279e+01	2.210494e+02
2.430000e-06	3.520568e-06	8.340270e-10	1.900051e+01	2.248992e+02
2.440000e-06	3.573708e-06	8.495855e-10	1.928730e+01	2.286868e+02
2.450000e-06	3.626614e-06	8.644658e-10	1.957283e+01	2.324113e+02
2.460000e-06	3.679140e-06	8.781922e-10	1.985632e+01	2.360720e+02
2.470000e-06	3.731442e-06	8.918141e-10	2.013859e+01	2.396682e+02
2.480000e-06	3.783544e-06	9.062512e-10	2.041979e+01	2.431992e+02
2.490000e-06	3.835285e-06	9.208467e-10	2.069904e+01	2.466648e+02
2.500000e-06	3.886706e-06	9.343195e-10	2.097655e+01	2.500645e+02
2.510000e-06	3.937823e-06	9.455529e-10	2.125243e+01	2.533983e+02
2.520000e-06	3.988542e-06	9.561791e-10	2.152616e+01	2.566662e+02
2.530000e-06	4.038694e-06	9.677013e-10	2.179683e+01	2.598683e+02
2.540000e-06	4.088080e-06	9.802532e-10	2.206337e+01	2.630051e+02
2.550000e-06	4.137040e-06	9.941417e-10	2.232761e+01	2.660771e+02
2.560000e-06	4.185836e-06	1.007631e-09	2.259096e+01	2.690851e+02
2.570000e-06	4.234298e-06	1.019245e-09	2.285251e+01	2.720300e+02
2.580000e-06	4.282406e-06	1.029789e-09	2.311215e+01	2.749130e+02
2.590000e-06	4.330298e-06	1.040179e-09	2.337062e+01	2.777352e+02
2.600000e-06	4.378008e-06	1.050161e-09	2.362811e+01	2.804982e+02
2.610000e-06	4.425518e-06	1.059246e-09	2.388452e+01	2.832034e+02
2.620000e-06	4.472729e-06	1.068824e-09	2.413932e+01	2.858526e+02
2.630000e-06	4.519447e-06	1.080293e-09	2.439146e+01	2.884476e+02
2.640000e-06	4.565799e-06	1.091825e-09	2.464162e+01	2.909902e+02
2.650000e-06	4.611902e-06	1.101728e-09	2.489044e+01	2.934825e+02
2.660000e-06	4.657623e-06	1.111074e-09	2.513719e+01	2.959263e+02
2.670000e-06	4.703084e-06	1.119997e-09	2.538255e+01	2.983238e+02
2.680000e-06	4.748284e-06	1.128029e-09	2.562649e+01	3.006770e+02
2.690000e-06	4.793165e-06	1.136972e-09	2.586871e+01	3.029878e+02
2.700000e-06	4.837788e-06	1.146237e-09	2.610954e+01	3.052583e+02
2.710000e-06	4.882078e-06	1.154419e-09	2.634858e+01	3.074903e+02
2.720000e-06	4.926078e-06	1.162252e-09	2.658604e+01	3.096858e+02
2.730000e-06	4.969905e-06	1.170398e-09	2.682258e+01	3.118464e+02
2.740000e-06	5.013548e-06	1.178601e-09	2.705812e+01	3.139738e+02
2.750000e-06	5.056818e-06	1.186271e-09	2.729165e+01	3.160696e+02
2.760000e-06	5.099604e-06	1.193622e-09	2.752257e+01	3.181351e+02
2.770000e-06	5.141930e-06	1.200519e-09	2.775100e+01	3.201716e+02
2.780000e-06	5.183558e-06	1.207474e-09	2.797566e+01	3.221803e+02
2.790000e-06	5.224392e-06	1.214603e-09	2.819605e+01	3.241620e+02
2.800000e-06	5.264820e-06	1.220660e-09	2.841423e+01	3.261177e+02
2.810000e-06	5.305069e-06	1.226672e-09	2.863146e+01	3.280480e+02
2.820000e-06	5.344968e-06	1.233959e-09	2.884680e+01	3.299535e+02
2.830000e-06	5.384561e-06	1.241671e-09	2.906048e+01	3.318346e+02
2.840000e-06	5.423981e-06	1.249065e-09	2.927323e+01	3.336916e+02
2.850000e-06	5.462946e-06	1.255149e-09	2.948352e+01	3.355247e+02
2.860000e-06	5.501501e-06	1.260631e-09	2.969160e+01	3.373340e+02
2.870000e-06	5.539713e-06	1.266721e-09	2.989783e+01	3.391196e+02
2.880000e-06	5.577517e-06	1.273731e-09	3.010186e+01	3.408813e+02
2.890000e-06	5.614964e-06	1.281209e-09	3.030396e+01	3.426190e+02
2.900000e-06	5.651977e-06	1.287894e-09	3.050372e+01	3.443326e+02
2.910000e-06	5.688485e-06	1.295260e-09	3.070075e+01	3.460218e+02
2.920000e-06	5.724653e-06	1.303794e-09	3.089596e+01	3.476865e+02
2.930000e-06	5.760681e-06	1.310862e-09	3.109040e+01	3.493263e+02
2.940000e-06	5.796418e-06	1.316313e-09	3.128327e+01	3.509413e+02
2.950000e-06	5.831782e-06	1.321663e-09	3.147413e+01	3.525310e+02
2.960000e-06	5.866736e-06	1.327176e-09	3.166277e+01	3.540954e+02
2.970000e-06	5.901209e-06	1.333157e-09	3.184883e+01	3.556344e+02
2.980000e-06	5.935045e-06	1.340396e-09	3.203144e+01	3.571478e+02
2.990000e-06	5.968171e-06	1.347079e-09	3.221022e+01	3.586357e+02
3.000000e-06	6.000721e-06	1.352369e-09	3.238589e+01	3.600981e+02
3.010000e-06	6.032853e-06	1.358735e-09	3.255931e+01	3.615352e+02
3.020000e-06	6.064687e-06	1.365791e-09	3.273112e+01	3.629469e+02
3.030000e-06	6.096213e-06	1.370863e-09	3.290126e+01	3.643336e+02
3.040000e-06	6.127369e-06	1.374305e-09	3.306941e+01	3.656956e+02
3.050000e-06	6.158164e-06	1.379418e-09	3.323561e+01	3.670330e+02
3.060000e-06	6.188514e-06	1.386086e-09	3.339941e+01	3.683462e+02
3.070000e-06	6.218294e-06	1.392661e-09	3.356013e+01	3.696357e+02
3.080000e-06	6.247681e-06	1.398711e-09	3.371874e+01	3.709017e+02
3.090000e-06	6.276674e-06	1.403663e-09	3.387521e+01	3.721448e+02
3.100000e-06	6.305166e-06	1.408499e-09	3.402898e+01	3.733653e+02
3.110000e-06	6.333248e-06	1.414336e-09	3.418054e+01	3.745636e+02
3.120000e-06	6.361084e-06	1.420881e-09	3.433077e+01	3.757403e+02
3.130000e-06	6.388742e-06	1.426666e-09	3.448004e+01	3.768955e+02
3.140000e-06	6.416066e-06	1.430361e-09	3.462751e+01	3.780299e+02
3.150000e-06	6.442708e-06	1.433644e-09	3.477130e+01	3.791436e+02
3.160000e-06	6.468547e-06	1.438787e-09	3.491075e+01	3.802370e+02
3.170000e-06	6.493672e-06	1.445519e-09	3.504635e+01	3.813103e+02
3.180000e-06	6.518071e-06	1.452042e-09	3.517803e+01	3.823638e+02
3.190000e-06	6.542049e-06	1.457260e-09	3.530744e+01	3.833976e+02
3.200000e-06	6.565804e-06	1.461497e-09	3.543565e+01	3.844119e+02
3.210000e-06	6.589073e-06	1.465230e-09	3.556123e+01	3.854068e+02
3.220000e-06	6.611727e-06	1.469005e-09	3.568349e+01	3.863822e+02
3.230000e-06	6.633955e-06	1.472366e-09	3.580345e+01	3.873382e+02
3.240000e-06	6.655922e-06	1.475736e-09	3.592201e+01	3.882748e+02
3.250000e-06	6.677525e-06	1.480752e-09	3.603860e+01	3.891918e+02
3.260000e-06	6.698546e-06	1.487245e-09	3.615205e+01	3.900893e+02
3.270000e-06	6.719005e-06	1.493003e-09	3.626247e+01	3.909669e+02
3.280000e-06	6.739067e-06	1.497107e-09	3.637075e+01	3.918247e+02
3.290000e-06	6.758755e-06	1.500367e-09	3.647700e+01	3.926625e+02
3.300000e-06	6.778076e-06	1.503620e-09	3.658128e+01	3.934802e+02
3.310000e-06	6.797041e-06	1.507205e-09	3.668363e+01	3.942777e+02
3.320000e-06	6.815512e-06	1.510520e-09	3.678332e+01	3.950548e+02
3.330000e-06	6.833346e-06	1.514640e-09	3.687957e+01	3.958115e+02
3.340000e-06	6.850660e-06	1.519199e-09	3.697301e+01	3.965477e+02
3.350000e-06	6.867680e-06	1.522186e-09	3.706487e+01	3.972635e+02
3.360000e-06	6.884427e-06	1.523728e-09	3.715525e+01	3.979588e+02
3.370000e-06	6.900449e-06	1.524204e-09	3.724172e+01	3.986338e+02
3.380000e-06	6.915580e-06	1.525210e-09	3.732338e+01	3.992886e+02
3.390000e-06	6.930203e-06	1.529164e-09	3.740230e+01	3.999233e+02
3.400000e-06	6.944345e-06	1.534709e-09	3.747863e+01	4.005380e+02
3.410000e-06	6.957987e-06	1.539327e-09	3.755226e+01	4.011332e+02
3.420000e-06	6.971229e-06	1.541806e-09	3.762372e+01	4.017090e+02
3.430000e-06	6.983917e-06	1.541909e-09	3.769220e+01	4.022657e+02
3.440000e-06	6.996024e-06	1.542280e-09	3.775754e+01	4.028036e+02
3.450000e-06	7.007747e-06	1.543793e-09	3.782081e+01	4.033232e+02
3.460000e-06	7.018972e-06	1.545065e-09	3.788139e+01	4.038248e+02
3.470000e-06	7.029447e-06	1.546121e-09	3.793793e+01	4.043087e+02
3.480000e-06	7.039128e-06	1.548512e-09	3.799017e+01	4.047754e+02
3.490000e-06	7.048049e-06	1.552606e-09	3.803832e+01	4.052251e+02
3.500000e-06	7.056403e-06	1.555404e-09	3.808341e+01	4.056581e+02
3.510000e-06	7.064353e-06	1.556283e-09	3.812631e+01	4.060749e+02
3.520000e-06	7.072030e-06	1.556888e-09	3.816775e+01	4.064756e+02
3.530000e-06	7.079266e-06	1.557943e-09	3.820680e+01	4.068605e+02
3.540000e-06	7.085804e-06	1.560184e-09	3.824208e+01	4.072297e+02
3.550000e-06	7.091851e-06	1.562910e-09	3.827472e+01	4.075834e+02
3.560000e-06	7.097479e-06	1.565113e-09	3.830510e+01	4.079216e+02
3.570000e-06	7.102557e-06	1.567284e-09	3.833250e+01	4.082444e+02
3.580000e-06	7.107086e-06	1.570203e-09	3.835694e+01	4.085516e+02
3.590000e-06	7.111209e-06	1.573466e-09	3.837919e+01	4.088432e+02
3.600000e-06	7.115149e-06	1.575518e-09	3.840046e+01	4.091190e+02
3.610000e-06	7.118707e-06	1.576257e-09	3.841966e+01	4.093788e+02
3.620000e-06	7.121558e-06	1.577126e-09	3.843505e+01	4.096223e+02
3.630000e-06	7.123623e-06	1.578329e-09	3.844619e+01	4.098492e+02
3.640000e-06	7.125020e-06	1.579600e-09	3.845373e+01	4.100592e+02
3.650000e-06	7.125880e-06	1.581305e-09	3.845837e+01	4.102518e+02
3.660000e-06	7.126181e-06	1.583416e-09	3.846000e+01	4.104266e+02
3.670000e-06	7.126092e-06	1.585683e-09	3.845952e+01	4.105833e+02
3.680000e-06	7.125688e-06	1.588377e-09	3.845734e+01	4.107213e+02
3.690000e-06	7.124727e-06	1.590241e-09	3.845216e+01	4.108404e+02
3.700000e-06	7.123152e-06	1.590971e-09	3.844365e+01	4.109400e+02
3.710000e-06	7.121186e-06	1.592379e-09	3.843304e+01	4.110199e+02
3.720000e-06	7.118884e-06	1.592970e-09	3.842062e+01	4.110796e+02
3.730000e-06	7.116072e-06	1.587377e-09	3.840544e+01	4.111188e+02
3.740000e-06	7.112718e-06	1.574927e-09	3.838734e+01	4.111374e+02
3.750000e-06	7.108943e-06	1.595697e-09	3.836697e+01	4.111351e+02
3.760000e-06	7.104593e-06	1.667057e-09	3.834349e+01	4.111117e+02
3.770000e-06	7.099232e-06	1.653089e-09	3.831456e+01	4.110671e+02
3.780000e-06	7.093021e-06	1.518381e-09	3.828103e+01	4.110015e+02
3.790000e-06	7.086715e-06	1.513339e-09	3.824700e+01	4.109147e+02
3.800000e-06	7.080300e-06	1.664737e-09	3.821238e+01	4.108068e+02
3.810000e-06	7.073248e-06	1.682203e-09	3.817432e+01	4.106782e+02
3.820000e-06	7.065556e-06	1.517708e-09	3.813280e+01	4.105289e+02
3.830000e-06	7.057454e-06	1.513212e-09	3.808908e+01	4.103594e+02
3.840000e-06	7.049114e-06	1.726957e-09	3.804407e+01	4.101698e+02
3.850000e-06	7.040305e-06	1.727301e-09	3.799653e+01	4.099606e+02
3.860000e-06	7.030787e-06	1.472951e-09	3.794516e+01	4.097323e+02
3.870000e-06	7.020807e-06	1.464712e-09	3.789130e+01	4.094852e+02
3.880000e-06	7.010577e-06	1.728850e-09	3.783608e+01	4.092199e+02
3.890000e-06	6.999813e-06	1.723960e-09	3.777799e+01	4.089367e+02
3.900000e-06	6.988223e-06	1.483419e-09	3.771544e+01	4.086363e+02
3.910000e-06	6.976138e-06	1.540087e-09	3.765022e+01	4.083191e+02
3.920000e-06	6.963517e-06	1.756075e-09	3.758210e+01	4.079856e+02
3.930000e-06	6.950012e-06	1.633600e-09	3.750921e+01	4.076362e+02
3.940000e-06	6.935704e-06	1.445286e-09	3.743199e+01	4.072715e+02
3.950000e-06	6.920770e-06	1.606110e-09	3.735140e+01	4.068918e+02
3.960000e-06	6.905259e-06	1.733178e-09	3.726768e+01	4.064975e+02
3.970000e-06	6.889272e-06	1.552851e-09	3.718140e+01	4.060890e+02
3.980000e-06	6.872952e-06	1.519398e-09	3.709332e+01	4.056666e+02
3.990000e-06	6.856320e-06	1.699641e-09	3.700356e+01	4.052307e+02
4.000000e-06	6.839143e-06	1.624174e-09	3.691085e+01	4.047814e+02
4.010000e-06	6.821398e-06	1.459039e-09	3.681509e+01	4.043191e+02
4.020000e-06	6.803318e-06	1.608418e-09	3.671751e+01	4.038438e+02
4.030000e-06	6.784767e-06	1.721568e-09	3.661739e+01	4.033559e+02
4.040000e-06	6.765652e-06	1.542900e-09	3.651423e+01	4.028555e+02
4.050000e-06	6.746147e-06	1.518102e-09	3.640896e+01	4.023426e+02
4.060000e-06	6.726236e-06	1.686144e-09	3.630150e+01	4.018175e+02
4.070000e-06	6.706049e-06	1.618871e-09	3.619254e+01	4.012803e+02
4.080000e-06	6.685596e-06	1.494983e-09	3.608216e+01	4.007310e+02
4.090000e-06	6.664485e-06	1.612970e-09	3.596823e+01	4.001699e+02
4.100000e-06	6.642483e-06	1.658298e-09	3.584948e+01	3.995970e+02
4.110000e-06	6.619743e-06	1.539291e-09	3.572676e+01	3.990125e+02
4.120000e-06	6.596346e-06	1.575539e-09	3.560048e+01	3.984166e+02
4.130000e-06	6.572412e-06	1.649890e-09	3.547131e+01	3.978094e+02
4.140000e-06	6.548191e-06	1.553811e-09	3.534059e+01	3.971912e+02
4.150000e-06	6.523773e-06	1.533434e-09	3.520880e+01	3.965623e+02
4.160000e-06	6.499008e-06	1.627675e-09	3.507515e+01	3.959227e+02
4.170000e-06	6.473685e-06	1.595492e-09	3.493848e+01	3.952729e+02
4.180000e-06	6.447855e-06	1.544753e-09	3.479908e+01	3.946130e+02
4.190000e-06	6.421405e-06	1.598982e-09	3.465632e+01	3.939433e+02
4.200000e-06	6.394420e-06	1.589900e-09	3.451068e+01	3.932642e+02
4.210000e-06	6.367074e-06	1.539174e-09	3.436310e+01	3.925758e+02
4.220000e-06	6.339356e-06	1.576658e-09	3.421351e+01	3.918785e+02
4.230000e-06	6.311402e-06	1.589597e-09	3.406264e+01	3.911724e+02
4.240000e-06	6.283236e-06	1.546921e-09	3.391063e+01	3.904578e+02
4.250000e-06	6.254685e-06	1.563114e-09	3.375654e+01	3.897347e+02
4.260000e-06	6.225518e-06	1.583100e-09	3.359912e+01	3.890032e+02
4.270000e-06	6.195749e-06	1.552277e-09	3.343846e+01	3.882633e+02
4.280000e-06	6.165414e-06	1.549644e-09	3.327474e+01	3.875150e+02
4.290000e-06	6.134219e-06	1.563391e-09	3.310638e+01	3.867580e+02
4.300000e-06	6.102366e-06	1.550981e-09	3.293447e+01	3.859921e+02
4.310000e-06	6.070248e-06	1.554174e-09	3.276113e+01	3.852170e+02
4.320000e-06	6.037793e-06	1.564570e-09	3.258597e+01	3.844321e+02
4.330000e-06	6.005002e-06	1.550011e-09	3.240900e+01	3.836367e+02
4.340000e-06	5.971842e-06	1.544252e-09	3.223003e+01	3.828303e+02
4.350000e-06	5.938168e-06	1.550639e-09	3.204829e+01	3.820120e+02
4.360000e-06	5.904164e-06	1.545710e-09	3.186478e+01	3.811807e+02
4.370000e-06	5.869866e-06	1.545589e-09	3.167967e+01	3.803354e+02
4.380000e-06	5.835121e-06	1.546651e-09	3.149215e+01	3.794750e+02
4.390000e-06	5.799980e-06	1.536178e-09	3.130249e+01	3.785982e+02
4.400000e-06	5.764353e-06	1.534700e-09	3.111022e+01	3.777036e+02
4.410000e-06	5.728364e-06	1.539147e-09	3.091598e+01	3.767898e+02
4.420000e-06	5.692210e-06	1.531171e-09	3.072086e+01	3.758554e+02
4.430000e-06	5.655732e-06	1.524561e-09	3.052399e+01	3.748987e+02
4.440000e-06	5.618842e-06	1.527539e-09	3.032489e+01	3.739183e+02
4.450000e-06	5.581542e-06	1.526911e-09	3.012358e+01	3.729125e+02
4.460000e-06	5.543553e-06	1.522017e-09	2.991856e+01	3.718800e+02
4.470000e-06	5.504878e-06	1.518503e-09	2.970983e+01	3.708191e+02
4.480000e-06	5.465643e-06	1.513041e-09	2.949808e+01	3.697285e+02
4.490000e-06	5.425868e-06	1.508101e-09	2.928341e+01	3.686069e+02
4.500000e-06	5.385772e-06	1.508016e-09	2.906701e+01	3.674528e+02
4.510000e-06	5.345430e-06	1.507737e-09	2.884929e+01	3.662653e+02
4.520000e-06	5.304932e-06	1.502119e-09	2.863072e+01	3.650433e+02
4.530000e-06	5.264115e-06	1.494065e-09	2.841043e+01	3.637860e+02
4.540000e-06	5.222815e-06	1.489431e-09	2.818753e+01	3.624926e+02
4.550000e-06	5.181110e-06	1.488152e-09	2.796245e+01	3.611627e+02
4.560000e-06	5.138956e-06	1.484217e-09	2.773495e+01	3.597959e+02
4.570000e-06	5.096505e-06	1.477641e-09	2.750584e+01	3.583921e+02
4.580000e-06	5.053923e-06	1.473620e-09	2.727602e+01	3.569513e+02
4.590000e-06	5.010928e-06	1.472100e-09	2.704398e+01	3.554737e+02
4.600000e-06	4.967436e-06	1.467894e-09	2.680925e+01	3.539598e+02
4.610000e-06	4.923616e-06	1.459953e-09	2.657276e+01	3.524100e+02
4.620000e-06	4.879606e-06	1.452504e-09	2.633524e+01	3.508253e+02
4.630000e-06	4.835454e-06	1.447174e-09	2.609695e+01	3.492064e+02
4.640000e-06	4.790952e-06	1.442698e-09	2.585677e+01	3.475544e+02
4.650000e-06	4.746087e-06	1.437983e-09	2.561463e+01	3.458706e+02
4.660000e-06	4.701010e-06	1.431203e-09	2.537135e+01	3.441560e+02
4.670000e-06	4.655754e-06	1.422208e-09	2.512710e+01	3.424122e+02
4.680000e-06	4.610129e-06	1.413253e-09	2.488087e+01	3.406404e+02
4.690000e-06	4.563968e-06	1.406319e-09	2.463174e+01	3.388421e+02
4.700000e-06	4.517329e-06	1.400788e-09	2.438002e+01	3.370188e+02
4.710000e-06	4.470404e-06	1.393728e-09	2.412677e+01	3.351719e+02
4.720000e-06	4.423269e-06	1.384784e-09	2.387238e+01	3.333027e+02
4.730000e-06	4.375860e-06	1.377028e-09	2.361651e+01	3.314126e+02
4.740000e-06	4.328202e-06	1.370727e-09	2.335931e+01	3.295027e+02
4.750000e-06	4.280138e-06	1.363218e-09	2.309991e+01	3.275744e+02
4.760000e-06	4.231595e-06	1.353884e-09	2.283792e+01	3.256284e+02
4.770000e-06	4.182562e-06	1.345371e-09	2.257329e+01	3.236658e+02
4.780000e-06	4.133118e-06	1.339462e-09	2.230644e+01	3.216871e+02
4.790000e-06	4.083394e-06	1.332953e-09	2.203808e+01	3.196930e+02
4.800000e-06	4.033385e-06	1.324282e-09	2.176818e+01	3.176839e+02
4.810000e-06	3.983196e-06	1.314342e-09	2.149731e+01	3.156598e+02
4.820000e-06	3.932847e-06	1.304905e-09	2.122558e+01	3.136209e+02
4.830000e-06	3.882112e-06	1.296894e-09	2.095176e+01	3.115669e+02
4.840000e-06	3.830870e-06	1.289733e-09	2.067521e+01	3.094976e+02
4.850000e-06	3.779326e-06	1.282499e-09	2.039702e+01	3.074124e+02
4.860000e-06	3.727655e-06	1.273554e-09	2.011816e+01	3.053106e+02
4.870000e-06	3.675780e-06	1.263639e-09	1.983819e+01	3.031915e+02
4.880000e-06	3.623605e-06	1.254340e-09	1.955659e+01	3.010541e+02
4.890000e-06	3.571169e-06	1.245445e-09	1.927360e+01	2.988974e+02
4.900000e-06	3.518420e-06	1.236098e-09	1.898891e+01	2.967202e+02
4.910000e-06	3.465211e-06	1.226687e-09	1.870174e+01	2.945213e+02
4.920000e-06	3.411759e-06	1.218291e-09	1.841326e+01	2.922994e+02
4.930000e-06	3.357904e-06	1.210776e-09	1.812261e+01	2.900532e+02
4.940000e-06	3.303516e-06	1.202576e-09	1.782908e+01	2.877813e+02
4.950000e-06	3.248926e-06	1.192621e-09	1.753445e+01	2.854825e+02
4.960000e-06	3.194095e-06	1.182274e-09	1.723853e+01	2.831554e+02
4.970000e-06	3.138931e-06	1.173082e-09	1.694081e+01	2.807987e+02
4.980000e-06	3.083404e-06	1.165053e-09	1.664113e+01	2.784112e+02
4.990000e-06	3.027599e-06	1.157028e-09	1.633995e+01	2.759917e+02
5.000000e-06	2.971642e-06	1.148148e-09	1.603795e+01	2.735392e+02
5.010000e-06	2.915548e-06	1.138405e-09	1.573521e+01	2.710525e+02
5.020000e-06	2.859241e-06	1.127407e-09	1.543133e+01	2.685309e+02
5.030000e-06	2.802776e-06	1.116748e-09	1.512658e+01	2.659733e+02
5.040000e-06	2.746150e-06	1.106904e-09	1.482097e+01	2.633792e+02
5.050000e-06	2.689381e-06	1.095611e-09	1.451459e+01	2.607477e+02
5.060000e-06	2.632470e-06	1.083213e-09	1.420744e+01	2.580784e+02
5.070000e-06	2.575355e-06	1.071562e-09	1.389919e+01	2.553707e+02
5.080000e-06	2.518148e-06	1.061373e-09	1.359045e+01	2.526242e+02
5.090000e-06	2.460848e-06	1.051518e-09	1.328120e+01	2.498384e+02
5.100000e-06	2.403392e-06	1.040071e-09	1.297110e+01	2.470130e+02
5.110000e-06	2.345752e-06	1.027220e-09	1.266002e+01	2.441476e+02
5.120000e-06	2.287883e-06	1.014216e-09	1.234770e+01	2.412419e+02
5.130000e-06	2.229790e-06	1.002311e-09	1.203418e+01	2.382954e+02
5.140000e-06	2.171406e-06	9.908183e-10	1.171908e+01	2.353078e+02
5.150000e-06	2.112809e-06	9.781760e-10	1.140283e+01	2.322787e+02
5.160000e-06	2.054182e-06	9.652751e-10	1.108642e+01	2.292074e+02
5.170000e-06	1.995438e-06	9.533005e-10	1.076938e+01	2.260933e+02
5.180000e-06	1.936584e-06	9.413998e-10	1.045174e+01	2.229358e+02
5.190000e-06	1.877661e-06	9.290499e-10	1.013374e+01	2.197339e+02
5.200000e-06	1.818579e-06	9.157077e-10	9.814872e+00	2.164867e+02
5.210000e-06	1.759311e-06	9.017567e-10	9.495004e+00	2.131931e+02
5.220000e-06	1.699911e-06	8.875243e-10	9.174422e+00	2.098519e+02
5.230000e-06	1.640406e-06	8.718566e-10	8.853274e+00	2.064616e+02
5.240000e-06	1.580718e-06	8.563292e-10	8.531137e+00	2.030208e+02
5.250000e-06	1.520867e-06	8.433441e-10	8.208118e+00	1.995277e+02
5.260000e-06	1.461036e-06	8.326951e-10	7.885212e+00	1.959807e+02
5.270000e-06	1.401259e-06	8.209552e-10	7.562594e+00	1.923777e+02
5.280000e-06	1.341431e-06	8.055407e-10	7.239706e+00	1.887168e+02
5.290000e-06	1.281484e-06	7.873372e-10	6.916170e+00	1.849960e+02
5.300000e-06	1.221380e-06	7.681931e-10	6.591786e+00	1.812129e+02
5.310000e-06	1.161210e-06	7.490448e-10	6.267051e+00	1.773655e+02
5.320000e-06	1.101052e-06	7.304031e-10	5.942380e+00	1.734516e+02
5.330000e-06	1.040828e-06	7.129571e-10	5.617347e+00	1.694689e+02
5.340000e-06	9.805816e-07	6.968802e-10	5.292199e+00	1.654154e+02
5.350000e-06	9.204266e-07	6.815458e-10	4.967542e+00	1.612889e+02
5.360000e-06	8.602428e-07	6.652919e-10	4.642731e+00	1.570876e+02
5.370000e-06	8.000157e-07	6.472634e-10	4.317685e+00	1.528096e+02
5.380000e-06	7.397160e-07	6.278525e-10	3.992247e+00	1.484533e+02
5.390000e-06	6.793341e-07	6.073059e-10	3.666366e+00	1.440173e+02
5.400000e-06	6.188677e-07	5.865143e-10	3.340029e+00	1.395004e+02
5.410000e-06	5.583881e-07	5.673161e-10	3.013621e+00	1.349017e+02
5.420000e-06	4.980029e-07	5.485855e-10	2.687722e+00	1.302207e+02
5.430000e-06	4.375086e-07	5.289205e-10	2.361234e+00	1.254569e+02
5.440000e-06	3.767837e-07	5.092710e-10	2.033502e+00	1.206105e+02
5.450000e-06	3.159351e-07	4.901661e-10	1.705102e+00	1.156819e+02
5.460000e-06	2.552079e-07	4.704579e-10	1.377357e+00	1.106719e+02
5.470000e-06	1.946190e-07	4.482471e-10	1.050359e+00	1.055816e+02
5.480000e-06	1.340553e-07	4.247704e-10	7.234965e-01	1.004127e+02
5.490000e-06	7.347412e-08	4.020447e-10	3.965398e-01	9.516711e+01
5.500000e-06	1.275076e-08	3.801309e-10	6.881586e-02	8.984715e+01
5.510000e-06	-4.795570e-08	3.585001e-10	-2.588169e-01	8.445559e+01
5.520000e-06	-1.085820e-07	3.367226e-10	-5.860169e-01	7.899555e+01
5.530000e-06	-1.692203e-07	3.146277e-10	-9.132819e-01	7.347049e+01
5.540000e-06	-2.297727e-07	2.924047e-10	-1.240083e+00	6.788423e+01
5.550000e-06	-2.903403e-07	2.694201e-10	-1.566967e+00	6.224090e+01
5.560000e-06	-3.510097e-07	2.452126e-10	-1.894400e+00	5.654491e+01
5.570000e-06	-4.115857e-07	2.206626e-10	-2.221328e+00	5.080093e+01
5.580000e-06	-4.720203e-07	1.968677e-10	-2.547494e+00	4.501386e+01
5.590000e-06	-5.324065e-07	1.734596e-10	-2.873398e+00	3.918878e+01
5.600000e-06	-5.928754e-07	1.494422e-10	-3.199749e+00	3.333092e+01
5.610000e-06	-6.533403e-07	1.244426e-10	-3.526078e+00	2.744563e+01
5.620000e-06	-7.137147e-07	9.903371e-11	-3.851918e+00	2.153833e+01
5.630000e-06	-7.740540e-07	7.454472e-11	-4.177569e+00	1.561446e+01
5.640000e-06	-8.343148e-07	5.126378e-11	-4.502797e+00	9.679464e+00
5.650000e-06	-8.945489e-07	2.807730e-11	-4.827880e+00	3.738732e+00
5.660000e-06	-9.547924e-07	4.530602e-12	-5.153015e+00	-2.202432e+00
5.670000e-06	-1.014979e-06	-1.895362e-11	-5.477841e+00	-8.138848e+00
5.680000e-06	-1.075083e-06	-4.300698e-11	-5.802221e+00	-1.406549e+01
5.690000e-06	-1.135169e-06	-6.790171e-11	-6.126505e+00	-1.997754e+01
5.700000e-06	-1.195270e-06	-9.250492e-11	-6.450874e+00	-2.587036e+01
5.710000e-06	-1.255330e-06	-1.163618e-10	-6.775016e+00	-3.173961e+01
5.720000e-06	-1.315329e-06	-1.394522e-10	-7.098831e+00	-3.758116e+01
5.730000e-06	-1.375280e-06	-1.617292e-10	-7.422385e+00	-4.339122e+01
5.740000e-06	-1.435147e-06	-1.838703e-10	-7.745487e+00	-4.916625e+01
5.750000e-06	-1.494909e-06	-2.075580e-10	-8.068027e+00	-5.490305e+01
5.760000e-06	-1.554551e-06	-2.327372e-10	-8.389914e+00	-6.059873e+01
5.770000e-06	-1.614172e-06	-2.570077e-10	-8.711685e+00	-6.625070e+01
5.780000e-06	-1.673706e-06	-2.798640e-10	-9.032994e+00	-7.185671e+01
5.790000e-06	-1.733086e-06	-3.024368e-10	-9.353464e+00	-7.741481e+01
5.800000e-06	-1.792277e-06	-3.258925e-10	-9.672919e+00	-8.292332e+01
5.810000e-06	-1.851258e-06	-3.493977e-10	-9.991240e+00	-8.838089e+01
5.820000e-06	-1.910113e-06	-3.720155e-10	-1.030888e+01	-9.378641e+01
5.830000e-06	-1.968934e-06	-3.947507e-10	-1.062634e+01	-9.913901e+01
5.840000e-06	-2.027671e-06	-4.173579e-10	-1.094334e+01	-1.044381e+02
5.850000e-06	-2.086230e-06	-4.389345e-10	-1.125938e+01	-1.096832e+02
5.860000e-06	-2.144669e-06	-4.600476e-10	-1.157478e+01	-1.148740e+02
5.870000e-06	-2.202807e-06	-4.809402e-10	-1.188855e+01	-1.200106e+02
5.880000e-06	-2.260730e-06	-5.018368e-10	-1.220116e+01	-1.250928e+02
5.890000e-06	-2.318574e-06	-5.238926e-10	-1.251335e+01	-1.301208e+02
5.900000e-06	-2.376222e-06	-5.468914e-10	-1.282447e+01	-1.350949e+02
5.910000e-06	-2.433633e-06	-5.694030e-10	-1.313432e+01	-1.400151e+02
5.920000e-06	-2.490850e-06	-5.904322e-10	-1.344312e+01	-1.448817e+02
5.930000e-06	-2.547926e-06	-6.101664e-10	-1.375116e+01	-1.496951e+02
5.940000e-06	-2.604838e-06	-6.298193e-10	-1.405831e+01	-1.544552e+02
5.950000e-06	-2.661490e-06	-6.500973e-10	-1.436406e+01	-1.591624e+02
5.960000e-06	-2.717915e-06	-6.700419e-10	-1.466859e+01	-1.638167e+02
5.970000e-06	-2.774130e-06	-6.892302e-10	-1.497198e+01	-1.684180e+02
5.980000e-06	-2.830230e-06	-7.090517e-10	-1.527475e+01	-1.729663e+02
5.990000e-06	-2.886361e-06	-7.291533e-10	-1.557769e+01	-1.774614e+02
6.000000e-06	-2.942359e-06	-7.480178e-10	-1.587991e+01	-1.819030e+02
6.010000e-06	-2.998185e-06	-7.660640e-10	-1.618120e+01	-1.862907e+02
6.020000e-06	-3.053935e-06	-7.835357e-10	-1.648209e+01	-1.906239e+02
6.030000e-06	-3.109557e-06	-8.005901e-10	-1.678228e+01	-1.949022e+02
6.040000e-06	-3.164946e-06	-8.181172e-10	-1.708121e+01	-1.991247e+02
6.050000e-06	-3.219894e-06	-8.357263e-10	-1.737777e+01	-2.032907e+02
6.060000e-06	-3.274429e-06	-8.531503e-10	-1.767210e+01	-2.073994e+02
6.070000e-06	-3.328689e-06	-8.700132e-10	-1.796493e+01	-2.114499e+02
6.080000e-06	-3.382580e-06	-8.866560e-10	-1.825578e+01	-2.154412e+02
6.090000e-06	-3.435930e-06	-9.035825e-10	-1.854371e+01	-2.193724e+02
6.100000e-06	-3.488816e-06	-9.198633e-10	-1.882914e+01	-2.232427e+02
6.110000e-06	-3.541435e-06	-9.347810e-10	-1.911312e+01	-2.270509e+02
6.120000e-06	-3.593788e-06	-9.490670e-10	-1.939568e+01	-2.307964e+02
6.130000e-06	-3.645929e-06	-9.641584e-10	-1.967708e+01	-2.344783e+02
6.140000e-06	-3.697798e-06	-9.799971e-10	-1.995702e+01	-2.380959e+02
6.150000e-06	-3.749454e-06	-9.954973e-10	-2.023581e+01	-2.416486e+02
6.160000e-06	-3.800831e-06	-1.010367e-09	-2.051309e+01	-2.451359e+02
6.170000e-06	-3.851875e-06	-1.024607e-09	-2.078857e+01	-2.485575e+02
6.180000e-06	-3.902644e-06	-1.038329e-09	-2.106257e+01	-2.519131e+02
6.190000e-06	-3.953068e-06	-1.051964e-09	-2.133471e+01	-2.552028e+02
6.200000e-06	-4.003203e-06	-1.066037e-09	-2.160529e+01	-2.584267e+02
6.210000e-06	-4.053034e-06	-1.079673e-09	-2.187423e+01	-2.615851e+02
6.220000e-06	-4.102591e-06	-1.091842e-09	-2.214169e+01	-2.646785e+02
6.230000e-06	-4.151732e-06	-1.102843e-09	-2.240690e+01	-2.677076e+02
6.240000e-06	-4.200463e-06	-1.113587e-09	-2.266990e+01	-2.706733e+02
6.250000e-06	-4.248587e-06	-1.124854e-09	-2.292963e+01	-2.735766e+02
6.260000e-06	-4.296147e-06	-1.135879e-09	-2.318631e+01	-2.764188e+02
6.270000e-06	-4.343510e-06	-1.146548e-09	-2.344192e+01	-2.792012e+02
6.280000e-06	-4.390529e-06	-1.158900e-09	-2.369568e+01	-2.819254e+02
6.290000e-06	-4.437271e-06	-1.171945e-09	-2.394795e+01	-2.845929e+02
6.300000e-06	-4.483835e-06	-1.182839e-09	-2.419926e+01	-2.872056e+02
6.310000e-06	-4.530206e-06	-1.192107e-09	-2.444952e+01	-2.897654e+02
6.320000e-06	-4.576345e-06	-1.201108e-09	-2.469854e+01	-2.922741e+02
6.330000e-06	-4.622180e-06	-1.210260e-09	-2.494590e+01	-2.947337e+02
6.340000e-06	-4.667561e-06	-1.219273e-09	-2.519083e+01	-2.971463e+02
6.350000e-06	-4.712557e-06	-1.229270e-09	-2.543367e+01	-2.995138e+02
6.360000e-06	-4.757242e-06	-1.239745e-09	-2.567483e+01	-3.018384e+02
6.370000e-06	-4.801617e-06	-1.249506e-09	-2.591433e+01	-3.041220e+02
6.380000e-06	-4.845769e-06	-1.259541e-09	-2.615262e+01	-3.063665e+02
6.390000e-06	-4.889782e-06	-1.269028e-09	-2.639016e+01	-3.085739e+02
6.400000e-06	-4.933635e-06	-1.277345e-09	-2.662683e+01	-3.107458e+02
6.410000e-06	-4.977164e-06	-1.285281e-09	-2.686175e+01	-3.128840e+02
6.420000e-06	-5.020304e-06	-1.293755e-09	-2.709458e+01	-3.149900e+02
6.430000e-06	-5.063138e-06	-1.303428e-09	-2.732576e+01	-3.170653e+02
6.440000e-06	-5.105644e-06	-1.312973e-09	-2.755516e+01	-3.191112e+02
6.450000e-06	-5.147703e-06	-1.321195e-09	-2.778215e+01	-3.211289e+02
6.460000e-06	-5.189256e-06	-1.328157e-09	-2.800641e+01	-3.231194e+02
6.470000e-06	-5.230411e-06	-1.334768e-09	-2.822853e+01	-3.250835e+02
6.480000e-06	-5.271265e-06	-1.342397e-09	-2.844902e+01	-3.270221e+02
6.490000e-06	-5.311773e-06	-1.350756e-09	-2.866764e+01	-3.289356e+02
6.500000e-06	-5.352003e-06	-1.358375e-09	-2.888476e+01	-3.308247e+02
6.510000e-06	-5.392008e-06	-1.365391e-09	-2.910067e+01	-3.326896e+02
6.520000e-06	-5.431807e-06	-1.372452e-09	-2.931547e+01	-3.345305e+02
6.530000e-06	-5.471303e-06	-1.379915e-09	-2.952862e+01	-3.363476e+02
6.540000e-06	-5.510351e-06	-1.387732e-09	-2.973937e+01	-3.381410e+02
6.550000e-06	-5.548761e-06	-1.394488e-09	-2.994666e+01	-3.399105e+02
6.560000e-06	-5.586339e-06	-1.400654e-09	-3.014947e+01	-3.416561e+02
6.570000e-06	-5.623186e-06	-1.407597e-09	-3.034833e+01	-3.433776e+02
6.580000e-06	-5.659594e-06	-1.415010e-09	-3.054483e+01	-3.450748e+02
6.590000e-06	-5.695795e-06	-1.421792e-09	-3.074020e+01	-3.467476e+02
6.600000e-06	-5.731927e-06	-1.427039e-09	-3.093521e+01	-3.483956e+02
6.610000e-06	-5.767847e-06	-1.432358e-09	-3.112907e+01	-3.500187e+02
6.620000e-06	-5.803279e-06	-1.439582e-09	-3.132030e+01	-3.516167e+02
6.630000e-06	-5.838261e-06	-1.447170e-09	-3.150910e+01	-3.531895e+02
6.640000e-06	-5.872859e-06	-1.453813e-09	-3.169582e+01	-3.547368e+02
6.650000e-06	-5.907043e-06	-1.458985e-09	-3.188031e+01	-3.562586e+02
6.660000e-06	-5.940710e-06	-1.464549e-09	-3.206202e+01	-3.577549e+02
6.670000e-06	-5.973886e-06	-1.472262e-09	-3.224107e+01	-3.592257e+02
6.680000e-06	-6.006609e-06	-1.479168e-09	-3.241767e+01	-3.606710e+02
6.690000e-06	-6.038940e-06	-1.483839e-09	-3.259216e+01	-3.620911e+02
6.700000e-06	-6.071058e-06	-1.487577e-09	-3.276550e+01	-3.634860e+02
6.710000e-06	-6.102926e-06	-1.492663e-09	-3.293749e+01	-3.648560e+02
6.720000e-06	-6.134388e-06	-1.499882e-09	-3.310729e+01	-3.662014e+02
6.730000e-06	-6.165215e-06	-1.506378e-09	-3.327367e+01	-3.675225e+02
6.740000e-06	-6.195332e-06	-1.511032e-09	-3.343621e+01	-3.688197e+02
6.750000e-06	-6.224671e-06	-1.515613e-09	-3.359455e+01	-3.700934e+02
6.760000e-06	-6.253303e-06	-1.521523e-09	-3.374908e+01	-3.713439e+02
6.770000e-06	-6.281580e-06	-1.527639e-09	-3.390169e+01	-3.725718e+02
6.780000e-06	-6.309674e-06	-1.532438e-09	-3.405331e+01	-3.737773e+02
6.790000e-06	-6.337527e-06	-1.536788e-09	-3.420364e+01	-3.749610e+02
6.800000e-06	-6.364923e-06	-1.542137e-09	-3.435149e+01	-3.761233e+02
6.810000e-06	-6.391815e-06	-1.548329e-09	-3.449663e+01	-3.772644e+02
6.820000e-06	-6.418330e-06	-1.553290e-09	-3.463973e+01	-3.783848e+02
6.830000e-06	-6.444356e-06	-1.556539e-09	-3.478019e+01	-3.794848e+02
6.840000e-06	-6.469865e-06	-1.559601e-09	-3.491786e+01	-3.805647e+02
6.850000e-06	-6.494914e-06	-1.563085e-09	-3.505305e+01	-3.816246e+02
6.860000e-06	-6.519413e-06	-1.567877e-09	-3.518527e+01	-3.826649e+02
6.870000e-06	-6.543609e-06	-1.573485e-09	-3.531586e+01	-3.836855e+02
6.880000e-06	-6.567599e-06	-1.576772e-09	-3.544533e+01	-3.846867e+02
6.890000e-06	-6.591243e-06	-1.578085e-09	-3.557294e+01	-3.856685e+02
6.900000e-06	-6.614350e-06	-1.580978e-09	-3.569765e+01	-3.866309e+02
6.910000e-06	-6.636865e-06	-1.585918e-09	-3.581916e+01	-3.875738e+02
6.920000e-06	-6.658683e-06	-1.589941e-09	-3.593691e+01	-3.884972e+02
6.930000e-06	-6.679590e-06	-1.592014e-09	-3.604975e+01	-3.894010e+02
6.940000e-06	-6.699978e-06	-1.594761e-09	-3.615978e+01	-3.902852e+02
6.950000e-06	-6.720116e-06	-1.599478e-09	-3.626847e+01	-3.911495e+02
6.960000e-06	-6.739979e-06	-1.604774e-09	-3.637567e+01	-3.919938e+02
6.970000e-06	-6.759389e-06	-1.608770e-09	-3.648043e+01	-3.928181e+02
6.980000e-06	-6.778282e-06	-1.610255e-09	-3.658239e+01	-3.936222e+02
6.990000e-06	-6.796731e-06	-1.610917e-09	-3.668196e+01	-3.944059e+02
7.000000e-06	-6.814712e-06	-1.613548e-09	-3.677900e+01	-3.951693e+02
7.010000e-06	-6.832243e-06	-1.617386e-09	-3.687361e+01	-3.959122e+02
7.020000e-06	-6.849319e-06	-1.619075e-09	-3.696578e+01	-3.966347e+02
7.030000e-06	-6.865849e-06	-1.619363e-09	-3.705499e+01	-3.973367e+02
7.040000e-06	-6.881999e-06	-1.621335e-09	-3.714215e+01	-3.980183e+02
7.050000e-06	-6.897975e-06	-1.625102e-09	-3.722837e+01	-3.986797e+02
7.060000e-06	-6.913454e-06	-1.628395e-09	-3.731191e+01	-3.993209e+02
7.070000e-06	-6.928143e-06	-1.629436e-09	-3.739119e+01	-3.999422e+02
7.080000e-06	-6.942127e-06	-1.628341e-09	-3.746666e+01	-4.005437e+02
7.090000e-06	-6.955328e-06	-1.627864e-09	-3.753791e+01	-4.011258e+02
7.100000e-06	-6.967790e-06	-1.630556e-09	-3.760516e+01	-4.016886e+02
7.110000e-06	-6.979727e-06	-1.634113e-09	-3.766959e+01	-4.022327e+02
7.120000e-06	-6.991246e-06	-1.635085e-09	-3.773176e+01	-4.027582e+02
7.130000e-06	-7.002309e-06	-1.634979e-09	-3.779146e+01	-4.032657e+02
7.140000e-06	-7.012861e-06	-1.636813e-09	-3.784841e+01	-4.037553e+02
7.150000e-06	-7.023026e-06	-1.639569e-09	-3.790327e+01	-4.042275e+02
7.160000e-06	-7.032744e-06	-1.640885e-09	-3.795572e+01	-4.046827e+02
7.170000e-06	-7.041852e-06	-1.640676e-09	-3.800487e+01	-4.051211e+02
7.180000e-06	-7.050403e-06	-1.640178e-09	-3.805103e+01	-4.055431e+02
7.190000e-06	-7.058648e-06	-1.640881e-09	-3.809553e+01	-4.059490e+02
7.200000e-06	-7.066631e-06	-1.642855e-09	-3.813861e+01	-4.063390e+02
7.210000e-06	-7.074211e-06	-1.643469e-09	-3.817952e+01	-4.067133e+02
7.220000e-06	-7.081154e-06	-1.641938e-09	-3.821699e+01	-4.070720e+02
7.230000e-06	-7.087349e-06	-1.641304e-09	-3.825042e+01	-4.074153e+02
7.240000e-06	-7.092677e-06	-1.643817e-09	-3.827918e+01	-4.077431e+02
7.250000e-06	-7.097207e-06	-1.647700e-09	-3.830362e+01	-4.080554e+02
7.260000e-06	-7.101410e-06	-1.648432e-09	-3.832631e+01	-4.083521e+02
7.270000e-06	-7.105437e-06	-1.645888e-09	-3.834804e+01	-4.086330e+02
7.280000e-06	-7.109062e-06	-1.645211e-09	-3.836761e+01	-4.088981e+02
7.290000e-06	-7.112101e-06	-1.645976e-09	-3.838401e+01	-4.091469e+02
7.300000e-06	-7.114611e-06	-1.646195e-09	-3.839756e+01	-4.093793e+02
7.310000e-06	-7.116730e-06	-1.646369e-09	-3.840899e+01	-4.095948e+02
7.320000e-06	-7.118251e-06	-1.646724e-09	-3.841720e+01	-4.097930e+02
7.330000e-06	-7.119189e-06	-1.647958e-09	-3.842226e+01	-4.099737e+02
7.340000e-06	-7.119887e-06	-1.649584e-09	-3.842603e+01	-4.101363e+02
