# Temperatura_=_-12.0
# Concentracion g/m^3_=_7400.0
# C_Vs_to_Am_M_A/Vsm_=_254322799225.57578
# pendiente_HvsI_1/m_=_3716.3
# ordenada_HvsI_A/m_=_1297.0
# frecuencia_Hz_=_136117.93819042845

Tiempo_(s)	Campo_(V.s)	Magnetizacion_(V.s)	Campo_(kA/m)	Magnetizacion_(A/m)
0.000000e+00	-7.134920e-06	-1.440708e-09	-3.842806e+01	-3.593111e+02
1.000000e-08	-7.135037e-06	-1.440250e-09	-3.842868e+01	-3.594208e+02
2.000000e-08	-7.134797e-06	-1.439598e-09	-3.842739e+01	-3.595141e+02
3.000000e-08	-7.134116e-06	-1.437133e-09	-3.842372e+01	-3.595905e+02
4.000000e-08	-7.132782e-06	-1.435533e-09	-3.841654e+01	-3.596498e+02
5.000000e-08	-7.130544e-06	-1.435959e-09	-3.840448e+01	-3.596917e+02
6.000000e-08	-7.127517e-06	-1.437770e-09	-3.838818e+01	-3.597160e+02
7.000000e-08	-7.123995e-06	-1.445325e-09	-3.836921e+01	-3.597224e+02
8.000000e-08	-7.120100e-06	-1.445590e-09	-3.834823e+01	-3.597107e+02
9.000000e-08	-7.115623e-06	-1.406388e-09	-3.832412e+01	-3.596807e+02
1.000000e-07	-7.110301e-06	-1.369199e-09	-3.829546e+01	-3.596322e+02
1.100000e-07	-7.104303e-06	-1.432113e-09	-3.826315e+01	-3.595651e+02
1.200000e-07	-7.098061e-06	-1.510625e-09	-3.822953e+01	-3.594792e+02
1.300000e-07	-7.091599e-06	-1.439743e-09	-3.819473e+01	-3.593746e+02
1.400000e-07	-7.084551e-06	-1.335819e-09	-3.815677e+01	-3.592510e+02
1.500000e-07	-7.076888e-06	-1.414621e-09	-3.811550e+01	-3.591085e+02
1.600000e-07	-7.069003e-06	-1.526789e-09	-3.807303e+01	-3.589470e+02
1.700000e-07	-7.060942e-06	-1.410003e-09	-3.802961e+01	-3.587666e+02
1.800000e-07	-7.052288e-06	-1.276102e-09	-3.798300e+01	-3.585672e+02
1.900000e-07	-7.042811e-06	-1.415695e-09	-3.793196e+01	-3.583490e+02
2.000000e-07	-7.032823e-06	-1.560403e-09	-3.787817e+01	-3.581121e+02
2.100000e-07	-7.022442e-06	-1.412960e-09	-3.782226e+01	-3.578564e+02
2.200000e-07	-7.011170e-06	-1.279695e-09	-3.776155e+01	-3.575822e+02
2.300000e-07	-6.999190e-06	-1.410830e-09	-3.769702e+01	-3.572896e+02
2.400000e-07	-6.986978e-06	-1.491576e-09	-3.763125e+01	-3.569787e+02
2.500000e-07	-6.974317e-06	-1.361877e-09	-3.756306e+01	-3.566498e+02
2.600000e-07	-6.960877e-06	-1.336978e-09	-3.749067e+01	-3.563030e+02
2.700000e-07	-6.946807e-06	-1.455460e-09	-3.741489e+01	-3.559385e+02
2.800000e-07	-6.932162e-06	-1.430914e-09	-3.733602e+01	-3.555565e+02
2.900000e-07	-6.916416e-06	-1.343952e-09	-3.725121e+01	-3.551574e+02
3.000000e-07	-6.899797e-06	-1.400958e-09	-3.716170e+01	-3.547413e+02
3.100000e-07	-6.883028e-06	-1.422087e-09	-3.707139e+01	-3.543085e+02
3.200000e-07	-6.865841e-06	-1.322422e-09	-3.697882e+01	-3.538593e+02
3.300000e-07	-6.848226e-06	-1.361491e-09	-3.688394e+01	-3.533940e+02
3.400000e-07	-6.830422e-06	-1.473521e-09	-3.678805e+01	-3.529128e+02
3.500000e-07	-6.812107e-06	-1.385073e-09	-3.668941e+01	-3.524162e+02
3.600000e-07	-6.793099e-06	-1.283536e-09	-3.658703e+01	-3.519044e+02
3.700000e-07	-6.773528e-06	-1.388636e-09	-3.648163e+01	-3.513777e+02
3.800000e-07	-6.753694e-06	-1.435410e-09	-3.637480e+01	-3.508365e+02
3.900000e-07	-6.733572e-06	-1.323248e-09	-3.626643e+01	-3.502810e+02
4.000000e-07	-6.713017e-06	-1.325274e-09	-3.615572e+01	-3.497117e+02
4.100000e-07	-6.692000e-06	-1.408480e-09	-3.604252e+01	-3.491287e+02
4.200000e-07	-6.670528e-06	-1.362145e-09	-3.592688e+01	-3.485325e+02
4.300000e-07	-6.648656e-06	-1.318565e-09	-3.580908e+01	-3.479233e+02
4.400000e-07	-6.626131e-06	-1.367190e-09	-3.568776e+01	-3.473014e+02
4.500000e-07	-6.602862e-06	-1.345544e-09	-3.556243e+01	-3.466671e+02
4.600000e-07	-6.579273e-06	-1.300064e-09	-3.543539e+01	-3.460207e+02
4.700000e-07	-6.555565e-06	-1.354856e-09	-3.530770e+01	-3.453623e+02
4.800000e-07	-6.531609e-06	-1.370653e-09	-3.517868e+01	-3.446922e+02
4.900000e-07	-6.507059e-06	-1.301140e-09	-3.504645e+01	-3.440105e+02
5.000000e-07	-6.481911e-06	-1.302497e-09	-3.491101e+01	-3.433175e+02
5.100000e-07	-6.456040e-06	-1.339915e-09	-3.477167e+01	-3.426132e+02
5.200000e-07	-6.429415e-06	-1.312514e-09	-3.462826e+01	-3.418978e+02
5.300000e-07	-6.402282e-06	-1.299555e-09	-3.448213e+01	-3.411712e+02
5.400000e-07	-6.374642e-06	-1.321568e-09	-3.433326e+01	-3.404336e+02
5.500000e-07	-6.346649e-06	-1.304508e-09	-3.418250e+01	-3.396848e+02
5.600000e-07	-6.318347e-06	-1.288969e-09	-3.403006e+01	-3.389248e+02
5.700000e-07	-6.289663e-06	-1.302927e-09	-3.387557e+01	-3.381535e+02
5.800000e-07	-6.260528e-06	-1.290258e-09	-3.371866e+01	-3.373708e+02
5.900000e-07	-6.230927e-06	-1.271033e-09	-3.355922e+01	-3.365765e+02
6.000000e-07	-6.201012e-06	-1.282769e-09	-3.339810e+01	-3.357703e+02
6.100000e-07	-6.170662e-06	-1.284569e-09	-3.323464e+01	-3.349520e+02
6.200000e-07	-6.139790e-06	-1.271429e-09	-3.306837e+01	-3.341213e+02
6.300000e-07	-6.108625e-06	-1.268465e-09	-3.290052e+01	-3.332778e+02
6.400000e-07	-6.077160e-06	-1.258666e-09	-3.273105e+01	-3.324211e+02
6.500000e-07	-6.045353e-06	-1.245850e-09	-3.255974e+01	-3.315508e+02
6.600000e-07	-6.013185e-06	-1.250670e-09	-3.238649e+01	-3.306664e+02
6.700000e-07	-5.980568e-06	-1.251361e-09	-3.221082e+01	-3.297675e+02
6.800000e-07	-5.947281e-06	-1.239837e-09	-3.203153e+01	-3.288535e+02
6.900000e-07	-5.913212e-06	-1.234972e-09	-3.184804e+01	-3.279239e+02
7.000000e-07	-5.878441e-06	-1.229670e-09	-3.166077e+01	-3.269779e+02
7.100000e-07	-5.843176e-06	-1.220924e-09	-3.147083e+01	-3.260152e+02
7.200000e-07	-5.807590e-06	-1.220180e-09	-3.127917e+01	-3.250349e+02
7.300000e-07	-5.771713e-06	-1.217047e-09	-3.108594e+01	-3.240365e+02
7.400000e-07	-5.735560e-06	-1.207097e-09	-3.089122e+01	-3.230191e+02
7.500000e-07	-5.699045e-06	-1.205646e-09	-3.069456e+01	-3.219823e+02
7.600000e-07	-5.662143e-06	-1.206623e-09	-3.049581e+01	-3.209252e+02
7.700000e-07	-5.624845e-06	-1.197100e-09	-3.029492e+01	-3.198470e+02
7.800000e-07	-5.587020e-06	-1.185887e-09	-3.009120e+01	-3.187471e+02
7.900000e-07	-5.548804e-06	-1.181494e-09	-2.988537e+01	-3.176248e+02
8.000000e-07	-5.510131e-06	-1.179501e-09	-2.967708e+01	-3.164792e+02
8.100000e-07	-5.470958e-06	-1.177070e-09	-2.946610e+01	-3.153096e+02
8.200000e-07	-5.431509e-06	-1.172335e-09	-2.925363e+01	-3.141154e+02
8.300000e-07	-5.391820e-06	-1.163991e-09	-2.903987e+01	-3.128956e+02
8.400000e-07	-5.351916e-06	-1.156110e-09	-2.882495e+01	-3.116498e+02
8.500000e-07	-5.311679e-06	-1.152362e-09	-2.860824e+01	-3.103771e+02
8.600000e-07	-5.271058e-06	-1.148762e-09	-2.838945e+01	-3.090769e+02
8.700000e-07	-5.230086e-06	-1.142338e-09	-2.816878e+01	-3.077485e+02
8.800000e-07	-5.188636e-06	-1.135129e-09	-2.794554e+01	-3.063914e+02
8.900000e-07	-5.146652e-06	-1.130128e-09	-2.771942e+01	-3.050050e+02
9.000000e-07	-5.104041e-06	-1.126315e-09	-2.748992e+01	-3.035888e+02
9.100000e-07	-5.060824e-06	-1.120202e-09	-2.725715e+01	-3.021422e+02
9.200000e-07	-5.017277e-06	-1.111313e-09	-2.702262e+01	-3.006649e+02
9.300000e-07	-4.973455e-06	-1.102971e-09	-2.678659e+01	-2.991566e+02
9.400000e-07	-4.929385e-06	-1.097508e-09	-2.654923e+01	-2.976169e+02
9.500000e-07	-4.885090e-06	-1.093126e-09	-2.631067e+01	-2.960456e+02
9.600000e-07	-4.840489e-06	-1.086936e-09	-2.607045e+01	-2.944427e+02
9.700000e-07	-4.795569e-06	-1.079110e-09	-2.582851e+01	-2.928079e+02
9.800000e-07	-4.750287e-06	-1.072144e-09	-2.558463e+01	-2.911414e+02
9.900000e-07	-4.704602e-06	-1.066428e-09	-2.533857e+01	-2.894432e+02
1.000000e-06	-4.658556e-06	-1.059765e-09	-2.509057e+01	-2.877135e+02
1.010000e-06	-4.612102e-06	-1.051547e-09	-2.484037e+01	-2.859526e+02
1.020000e-06	-4.565246e-06	-1.043284e-09	-2.458801e+01	-2.841608e+02
1.030000e-06	-4.518216e-06	-1.035916e-09	-2.433472e+01	-2.823384e+02
1.040000e-06	-4.471055e-06	-1.029252e-09	-2.408071e+01	-2.804860e+02
1.050000e-06	-4.423426e-06	-1.022552e-09	-2.382419e+01	-2.786042e+02
1.060000e-06	-4.375494e-06	-1.015792e-09	-2.356603e+01	-2.766934e+02
1.070000e-06	-4.327462e-06	-1.008663e-09	-2.330733e+01	-2.747545e+02
1.080000e-06	-4.279027e-06	-1.001583e-09	-2.304646e+01	-2.727881e+02
1.090000e-06	-4.230015e-06	-9.942451e-10	-2.278249e+01	-2.707949e+02
1.100000e-06	-4.180824e-06	-9.857365e-10	-2.251755e+01	-2.687758e+02
1.110000e-06	-4.131424e-06	-9.758176e-10	-2.225149e+01	-2.667315e+02
1.120000e-06	-4.081510e-06	-9.660566e-10	-2.198266e+01	-2.646628e+02
1.130000e-06	-4.031005e-06	-9.570955e-10	-2.171064e+01	-2.625704e+02
1.140000e-06	-3.980004e-06	-9.483109e-10	-2.143595e+01	-2.604553e+02
1.150000e-06	-3.928776e-06	-9.400076e-10	-2.116004e+01	-2.583180e+02
1.160000e-06	-3.877295e-06	-9.314625e-10	-2.088277e+01	-2.561594e+02
1.170000e-06	-3.825476e-06	-9.223535e-10	-2.060368e+01	-2.539799e+02
1.180000e-06	-3.773265e-06	-9.132274e-10	-2.032248e+01	-2.517803e+02
1.190000e-06	-3.720753e-06	-9.039985e-10	-2.003965e+01	-2.495610e+02
1.200000e-06	-3.668008e-06	-8.953053e-10	-1.975557e+01	-2.473223e+02
1.210000e-06	-3.614998e-06	-8.873103e-10	-1.947006e+01	-2.450647e+02
1.220000e-06	-3.561700e-06	-8.800688e-10	-1.918300e+01	-2.427884e+02
1.230000e-06	-3.508173e-06	-8.720166e-10	-1.889471e+01	-2.404934e+02
1.240000e-06	-3.454436e-06	-8.624848e-10	-1.860529e+01	-2.381797e+02
1.250000e-06	-3.400513e-06	-8.530925e-10	-1.831487e+01	-2.358473e+02
1.260000e-06	-3.346320e-06	-8.434152e-10	-1.802299e+01	-2.334959e+02
1.270000e-06	-3.291835e-06	-8.330291e-10	-1.772953e+01	-2.311252e+02
1.280000e-06	-3.237174e-06	-8.234422e-10	-1.743513e+01	-2.287347e+02
1.290000e-06	-3.182375e-06	-8.143401e-10	-1.713999e+01	-2.263239e+02
1.300000e-06	-3.127319e-06	-8.040901e-10	-1.684346e+01	-2.238922e+02
1.310000e-06	-3.072063e-06	-7.931583e-10	-1.654586e+01	-2.214388e+02
1.320000e-06	-3.016609e-06	-7.823939e-10	-1.624719e+01	-2.189628e+02
1.330000e-06	-2.960908e-06	-7.715731e-10	-1.594719e+01	-2.164635e+02
1.340000e-06	-2.905099e-06	-7.598426e-10	-1.564661e+01	-2.139399e+02
1.350000e-06	-2.849155e-06	-7.491531e-10	-1.534530e+01	-2.113909e+02
1.360000e-06	-2.793037e-06	-7.402543e-10	-1.504305e+01	-2.088155e+02
1.370000e-06	-2.736785e-06	-7.312452e-10	-1.474009e+01	-2.062128e+02
1.380000e-06	-2.680351e-06	-7.221373e-10	-1.443614e+01	-2.035815e+02
1.390000e-06	-2.623733e-06	-7.126498e-10	-1.413120e+01	-2.009208e+02
1.400000e-06	-2.566888e-06	-7.017819e-10	-1.382503e+01	-1.982294e+02
1.410000e-06	-2.509733e-06	-6.909204e-10	-1.351720e+01	-1.955065e+02
1.420000e-06	-2.452258e-06	-6.809222e-10	-1.320765e+01	-1.927510e+02
1.430000e-06	-2.394552e-06	-6.706007e-10	-1.289685e+01	-1.899619e+02
1.440000e-06	-2.336826e-06	-6.599927e-10	-1.258594e+01	-1.871385e+02
1.450000e-06	-2.278977e-06	-6.499095e-10	-1.227437e+01	-1.842798e+02
1.460000e-06	-2.220679e-06	-6.398484e-10	-1.196038e+01	-1.813852e+02
1.470000e-06	-2.161917e-06	-6.294521e-10	-1.164390e+01	-1.784539e+02
1.480000e-06	-2.102894e-06	-6.192002e-10	-1.132600e+01	-1.754853e+02
1.490000e-06	-2.043768e-06	-6.088115e-10	-1.100755e+01	-1.724789e+02
1.500000e-06	-1.984461e-06	-5.975072e-10	-1.068813e+01	-1.694342e+02
1.510000e-06	-1.924981e-06	-5.859349e-10	-1.036778e+01	-1.663507e+02
1.520000e-06	-1.865409e-06	-5.748801e-10	-1.004693e+01	-1.632282e+02
1.530000e-06	-1.805816e-06	-5.638821e-10	-9.725965e+00	-1.600663e+02
1.540000e-06	-1.746132e-06	-5.529091e-10	-9.404514e+00	-1.568649e+02
1.550000e-06	-1.686323e-06	-5.422183e-10	-9.082387e+00	-1.536236e+02
1.560000e-06	-1.626436e-06	-5.317183e-10	-8.759843e+00	-1.503424e+02
1.570000e-06	-1.566437e-06	-5.207662e-10	-8.436692e+00	-1.470211e+02
1.580000e-06	-1.506422e-06	-5.090058e-10	-8.113456e+00	-1.436596e+02
1.590000e-06	-1.446362e-06	-4.967868e-10	-7.789980e+00	-1.402579e+02
1.600000e-06	-1.386174e-06	-4.844845e-10	-7.465812e+00	-1.368158e+02
1.610000e-06	-1.325830e-06	-4.718549e-10	-7.140802e+00	-1.333333e+02
1.620000e-06	-1.265458e-06	-4.591818e-10	-6.815647e+00	-1.298103e+02
1.630000e-06	-1.205081e-06	-4.467159e-10	-6.490462e+00	-1.262467e+02
1.640000e-06	-1.144700e-06	-4.337134e-10	-6.165255e+00	-1.226425e+02
1.650000e-06	-1.084320e-06	-4.199172e-10	-5.840054e+00	-1.189975e+02
1.660000e-06	-1.023886e-06	-4.058758e-10	-5.514562e+00	-1.153116e+02
1.670000e-06	-9.633113e-07	-3.917228e-10	-5.188310e+00	-1.115847e+02
1.680000e-06	-9.026052e-07	-3.780351e-10	-4.861353e+00	-1.078168e+02
1.690000e-06	-8.418903e-07	-3.656224e-10	-4.534347e+00	-1.040077e+02
1.700000e-06	-7.810975e-07	-3.535945e-10	-4.206923e+00	-1.001575e+02
1.710000e-06	-7.202965e-07	-3.404813e-10	-3.879454e+00	-9.626590e+01
1.720000e-06	-6.594930e-07	-3.262115e-10	-3.551971e+00	-9.233310e+01
1.730000e-06	-5.986065e-07	-3.117993e-10	-3.224042e+00	-8.835910e+01
1.740000e-06	-5.376334e-07	-2.973701e-10	-2.895646e+00	-8.434403e+01
1.750000e-06	-4.765587e-07	-2.825166e-10	-2.566703e+00	-8.028809e+01
1.760000e-06	-4.154181e-07	-2.672626e-10	-2.237405e+00	-7.619159e+01
1.770000e-06	-3.543148e-07	-2.513142e-10	-1.908308e+00	-7.205494e+01
1.780000e-06	-2.932608e-07	-2.349251e-10	-1.579477e+00	-6.787869e+01
1.790000e-06	-2.321557e-07	-2.194751e-10	-1.250370e+00	-6.366350e+01
1.800000e-06	-1.710214e-07	-2.044676e-10	-9.211063e-01	-5.941022e+01
1.810000e-06	-1.098804e-07	-1.880273e-10	-5.918064e-01	-5.511984e+01
1.820000e-06	-4.875226e-08	-1.708720e-10	-2.625754e-01	-5.079351e+01
1.830000e-06	1.236089e-08	-1.547849e-10	6.657465e-02	-4.643259e+01
1.840000e-06	7.353185e-08	-1.396869e-10	3.960361e-01	-4.203860e+01
1.850000e-06	1.347680e-07	-1.246522e-10	7.258487e-01	-3.761325e+01
1.860000e-06	1.959084e-07	-1.087216e-10	1.055146e+00	-3.315845e+01
1.870000e-06	2.569771e-07	-9.130966e-11	1.384056e+00	-2.867627e+01
1.880000e-06	3.180523e-07	-7.340764e-11	1.713002e+00	-2.416897e+01
1.890000e-06	3.791548e-07	-5.675165e-11	2.042094e+00	-1.963899e+01
1.900000e-06	4.402594e-07	-4.147527e-11	2.371198e+00	-1.508890e+01
1.910000e-06	5.013525e-07	-2.639380e-11	2.700241e+00	-1.052144e+01
1.920000e-06	5.623752e-07	-1.030039e-11	3.028903e+00	-5.939449e+00
1.930000e-06	6.232659e-07	7.317641e-12	3.356855e+00	-1.345900e+00
1.940000e-06	6.841320e-07	2.570230e-11	3.684675e+00	3.256164e+00
1.950000e-06	7.449016e-07	4.384042e-11	4.011975e+00	7.863629e+00
1.960000e-06	8.055931e-07	6.144554e-11	4.338854e+00	1.247334e+01
1.970000e-06	8.663016e-07	7.866676e-11	4.665824e+00	1.708214e+01
1.980000e-06	9.270692e-07	9.661085e-11	4.993113e+00	2.168686e+01
1.990000e-06	9.878042e-07	1.150476e-10	5.320227e+00	2.628437e+01
2.000000e-06	1.048361e-06	1.325911e-10	5.646381e+00	3.087161e+01
2.010000e-06	1.108767e-06	1.494970e-10	5.971721e+00	3.544559e+01
2.020000e-06	1.169189e-06	1.660817e-10	6.297149e+00	4.000343e+01
2.030000e-06	1.229655e-06	1.826160e-10	6.622816e+00	4.454238e+01
2.040000e-06	1.290077e-06	1.982691e-10	6.948242e+00	4.905982e+01
2.050000e-06	1.350337e-06	2.127020e-10	7.272798e+00	5.355330e+01
2.060000e-06	1.410431e-06	2.278694e-10	7.596460e+00	5.802055e+01
2.070000e-06	1.470446e-06	2.444893e-10	7.919691e+00	6.245948e+01
2.080000e-06	1.530394e-06	2.613763e-10	8.242568e+00	6.686818e+01
2.090000e-06	1.590298e-06	2.770329e-10	8.565205e+00	7.124496e+01
2.100000e-06	1.650154e-06	2.916775e-10	8.887587e+00	7.558830e+01
2.110000e-06	1.709971e-06	3.060256e-10	9.209753e+00	7.989691e+01
2.120000e-06	1.769684e-06	3.205519e-10	9.531364e+00	8.416967e+01
2.130000e-06	1.829304e-06	3.357444e-10	9.852472e+00	8.840565e+01
2.140000e-06	1.888787e-06	3.504285e-10	1.017284e+01	9.260408e+01
2.150000e-06	1.948082e-06	3.642096e-10	1.049220e+01	9.676439e+01
2.160000e-06	2.007333e-06	3.783867e-10	1.081132e+01	1.008861e+02
2.170000e-06	2.066575e-06	3.929448e-10	1.113039e+01	1.049689e+02
2.180000e-06	2.125639e-06	4.073733e-10	1.144850e+01	1.090126e+02
2.190000e-06	2.184423e-06	4.223300e-10	1.176511e+01	1.130170e+02
2.200000e-06	2.242926e-06	4.369932e-10	1.208020e+01	1.169822e+02
2.210000e-06	2.301097e-06	4.509767e-10	1.239351e+01	1.209081e+02
2.220000e-06	2.358935e-06	4.649809e-10	1.270502e+01	1.247947e+02
2.230000e-06	2.416517e-06	4.784517e-10	1.301515e+01	1.286421e+02
2.240000e-06	2.473850e-06	4.912627e-10	1.332394e+01	1.324503e+02
2.250000e-06	2.531006e-06	5.043683e-10	1.363178e+01	1.362194e+02
2.260000e-06	2.587947e-06	5.179556e-10	1.393845e+01	1.399493e+02
2.270000e-06	2.644545e-06	5.315223e-10	1.424329e+01	1.436400e+02
2.280000e-06	2.700873e-06	5.439038e-10	1.454666e+01	1.472914e+02
2.290000e-06	2.757045e-06	5.551592e-10	1.484920e+01	1.509033e+02
2.300000e-06	2.813084e-06	5.676185e-10	1.515102e+01	1.544755e+02
2.310000e-06	2.868973e-06	5.815726e-10	1.545204e+01	1.580076e+02
2.320000e-06	2.924750e-06	5.952246e-10	1.575245e+01	1.614992e+02
2.330000e-06	2.980517e-06	6.082470e-10	1.605280e+01	1.649500e+02
2.340000e-06	3.036070e-06	6.218833e-10	1.635201e+01	1.683595e+02
2.350000e-06	3.091257e-06	6.352376e-10	1.664924e+01	1.717271e+02
2.360000e-06	3.146240e-06	6.466166e-10	1.694537e+01	1.750522e+02
2.370000e-06	3.201019e-06	6.566960e-10	1.724041e+01	1.783342e+02
2.380000e-06	3.255608e-06	6.672512e-10	1.753442e+01	1.815726e+02
2.390000e-06	3.309968e-06	6.791934e-10	1.782720e+01	1.847668e+02
2.400000e-06	3.364074e-06	6.923146e-10	1.811861e+01	1.879162e+02
2.410000e-06	3.418028e-06	7.059919e-10	1.840920e+01	1.910202e+02
2.420000e-06	3.471779e-06	7.189940e-10	1.869870e+01	1.940785e+02
2.430000e-06	3.525295e-06	7.306375e-10	1.898693e+01	1.970906e+02
2.440000e-06	3.578580e-06	7.414811e-10	1.927392e+01	2.000562e+02
2.450000e-06	3.631465e-06	7.521752e-10	1.955875e+01	2.029752e+02
2.460000e-06	3.684087e-06	7.632722e-10	1.984217e+01	2.058475e+02
2.470000e-06	3.736475e-06	7.751583e-10	2.012433e+01	2.086730e+02
2.480000e-06	3.788435e-06	7.872180e-10	2.040418e+01	2.114521e+02
2.490000e-06	3.840189e-06	7.989534e-10	2.068292e+01	2.141849e+02
2.500000e-06	3.891854e-06	8.096114e-10	2.096118e+01	2.168721e+02
2.510000e-06	3.943287e-06	8.190707e-10	2.123820e+01	2.195141e+02
2.520000e-06	3.994231e-06	8.279291e-10	2.151258e+01	2.221118e+02
2.530000e-06	4.044636e-06	8.364107e-10	2.178405e+01	2.246660e+02
2.540000e-06	4.094634e-06	8.455432e-10	2.205334e+01	2.271778e+02
2.550000e-06	4.144128e-06	8.562310e-10	2.231991e+01	2.296482e+02
2.560000e-06	4.193094e-06	8.673901e-10	2.258364e+01	2.320784e+02
2.570000e-06	4.241591e-06	8.769274e-10	2.284484e+01	2.344699e+02
2.580000e-06	4.289765e-06	8.846484e-10	2.310430e+01	2.368240e+02
2.590000e-06	4.337723e-06	8.926896e-10	2.336259e+01	2.391421e+02
2.600000e-06	4.385461e-06	9.012655e-10	2.361971e+01	2.414258e+02
2.610000e-06	4.432925e-06	9.095396e-10	2.387535e+01	2.436765e+02
2.620000e-06	4.480091e-06	9.186737e-10	2.412938e+01	2.458957e+02
2.630000e-06	4.526996e-06	9.286283e-10	2.438200e+01	2.480849e+02
2.640000e-06	4.573678e-06	9.384533e-10	2.463343e+01	2.502456e+02
2.650000e-06	4.620145e-06	9.474423e-10	2.488369e+01	2.523791e+02
2.660000e-06	4.666179e-06	9.549092e-10	2.513163e+01	2.544868e+02
2.670000e-06	4.711809e-06	9.612727e-10	2.537739e+01	2.565699e+02
2.680000e-06	4.757048e-06	9.685163e-10	2.562104e+01	2.586294e+02
2.690000e-06	4.801919e-06	9.769341e-10	2.586272e+01	2.606663e+02
2.700000e-06	4.846525e-06	9.846280e-10	2.610296e+01	2.626816e+02
2.710000e-06	4.890844e-06	9.909052e-10	2.634166e+01	2.646761e+02
2.720000e-06	4.934924e-06	9.967474e-10	2.657907e+01	2.666502e+02
2.730000e-06	4.978742e-06	1.003254e-09	2.681507e+01	2.686044e+02
2.740000e-06	5.022302e-06	1.011240e-09	2.704968e+01	2.705393e+02
2.750000e-06	5.065601e-06	1.020322e-09	2.728288e+01	2.724548e+02
2.760000e-06	5.108398e-06	1.027988e-09	2.751338e+01	2.743512e+02
2.770000e-06	5.150627e-06	1.033775e-09	2.774082e+01	2.762283e+02
2.780000e-06	5.192333e-06	1.039867e-09	2.796545e+01	2.780862e+02
2.790000e-06	5.233395e-06	1.046033e-09	2.818661e+01	2.799245e+02
2.800000e-06	5.273992e-06	1.050617e-09	2.840526e+01	2.817429e+02
2.810000e-06	5.314269e-06	1.054304e-09	2.862219e+01	2.835411e+02
2.820000e-06	5.354229e-06	1.059637e-09	2.883741e+01	2.853187e+02
2.830000e-06	5.393992e-06	1.067565e-09	2.905157e+01	2.870751e+02
2.840000e-06	5.433535e-06	1.076351e-09	2.926454e+01	2.888100e+02
2.850000e-06	5.472659e-06	1.083146e-09	2.947526e+01	2.905228e+02
2.860000e-06	5.511203e-06	1.087756e-09	2.968285e+01	2.922130e+02
2.870000e-06	5.549305e-06	1.092931e-09	2.988807e+01	2.938803e+02
2.880000e-06	5.587134e-06	1.099475e-09	3.009182e+01	2.955242e+02
2.890000e-06	5.624579e-06	1.105969e-09	3.029349e+01	2.971443e+02
2.900000e-06	5.661615e-06	1.112334e-09	3.049296e+01	2.987403e+02
2.910000e-06	5.698253e-06	1.118984e-09	3.069029e+01	3.003120e+02
2.920000e-06	5.734469e-06	1.125763e-09	3.088535e+01	3.018592e+02
2.930000e-06	5.770414e-06	1.132650e-09	3.107894e+01	3.033818e+02
2.940000e-06	5.806140e-06	1.139508e-09	3.127136e+01	3.048797e+02
2.950000e-06	5.841652e-06	1.145333e-09	3.146262e+01	3.063531e+02
2.960000e-06	5.876725e-06	1.149856e-09	3.165152e+01	3.078019e+02
2.970000e-06	5.911103e-06	1.154984e-09	3.183668e+01	3.092265e+02
2.980000e-06	5.944964e-06	1.161422e-09	3.201905e+01	3.106271e+02
2.990000e-06	5.978260e-06	1.167226e-09	3.219839e+01	3.120038e+02
3.000000e-06	6.010868e-06	1.171786e-09	3.237401e+01	3.133573e+02
3.010000e-06	6.042927e-06	1.177057e-09	3.254667e+01	3.146877e+02
3.020000e-06	6.074700e-06	1.182783e-09	3.271780e+01	3.159955e+02
3.030000e-06	6.106347e-06	1.186246e-09	3.288825e+01	3.172812e+02
3.040000e-06	6.137714e-06	1.188997e-09	3.305719e+01	3.185452e+02
3.050000e-06	6.168566e-06	1.193689e-09	3.322336e+01	3.197879e+02
3.060000e-06	6.198831e-06	1.198726e-09	3.338636e+01	3.210098e+02
3.070000e-06	6.228610e-06	1.204390e-09	3.354674e+01	3.222114e+02
3.080000e-06	6.257980e-06	1.211062e-09	3.370493e+01	3.233929e+02
3.090000e-06	6.286849e-06	1.216923e-09	3.386042e+01	3.245547e+02
3.100000e-06	6.315291e-06	1.221320e-09	3.401361e+01	3.256971e+02
3.110000e-06	6.343532e-06	1.225131e-09	3.416571e+01	3.268204e+02
3.120000e-06	6.371513e-06	1.229254e-09	3.431641e+01	3.279248e+02
3.130000e-06	6.399214e-06	1.233394e-09	3.446561e+01	3.290104e+02
3.140000e-06	6.426563e-06	1.237027e-09	3.461291e+01	3.300773e+02
3.150000e-06	6.453407e-06	1.240325e-09	3.475748e+01	3.311254e+02
3.160000e-06	6.479365e-06	1.244491e-09	3.489729e+01	3.321549e+02
3.170000e-06	6.504354e-06	1.250312e-09	3.503188e+01	3.331656e+02
3.180000e-06	6.528802e-06	1.256424e-09	3.516356e+01	3.341573e+02
3.190000e-06	6.552791e-06	1.261236e-09	3.529276e+01	3.351300e+02
3.200000e-06	6.576400e-06	1.265158e-09	3.541992e+01	3.360835e+02
3.210000e-06	6.599686e-06	1.268583e-09	3.554533e+01	3.370175e+02
3.220000e-06	6.622578e-06	1.271996e-09	3.566862e+01	3.379317e+02
3.230000e-06	6.645058e-06	1.275909e-09	3.578970e+01	3.388260e+02
3.240000e-06	6.667082e-06	1.280362e-09	3.590832e+01	3.397002e+02
3.250000e-06	6.688643e-06	1.285707e-09	3.602445e+01	3.405539e+02
3.260000e-06	6.709717e-06	1.291498e-09	3.613795e+01	3.413870e+02
3.270000e-06	6.730218e-06	1.297128e-09	3.624836e+01	3.421993e+02
3.280000e-06	6.750297e-06	1.301813e-09	3.635651e+01	3.429906e+02
3.290000e-06	6.770178e-06	1.305223e-09	3.646359e+01	3.437608e+02
3.300000e-06	6.789765e-06	1.308806e-09	3.656908e+01	3.445098e+02
3.310000e-06	6.808975e-06	1.313283e-09	3.667254e+01	3.452377e+02
3.320000e-06	6.827588e-06	1.318057e-09	3.677279e+01	3.459444e+02
3.330000e-06	6.845450e-06	1.322276e-09	3.686899e+01	3.466300e+02
3.340000e-06	6.862720e-06	1.325921e-09	3.696201e+01	3.472946e+02
3.350000e-06	6.879552e-06	1.328489e-09	3.705266e+01	3.479385e+02
3.360000e-06	6.895973e-06	1.329547e-09	3.714110e+01	3.485618e+02
3.370000e-06	6.911910e-06	1.330507e-09	3.722694e+01	3.491649e+02
3.380000e-06	6.927224e-06	1.332904e-09	3.730942e+01	3.497481e+02
3.390000e-06	6.941932e-06	1.336475e-09	3.738864e+01	3.503117e+02
3.400000e-06	6.956326e-06	1.341213e-09	3.746616e+01	3.508561e+02
3.410000e-06	6.970337e-06	1.346175e-09	3.754162e+01	3.513818e+02
3.420000e-06	6.983755e-06	1.348128e-09	3.761389e+01	3.518892e+02
3.430000e-06	6.996531e-06	1.347358e-09	3.768270e+01	3.523788e+02
3.440000e-06	7.008856e-06	1.347090e-09	3.774908e+01	3.528510e+02
3.450000e-06	7.020726e-06	1.348864e-09	3.781302e+01	3.533062e+02
3.460000e-06	7.031983e-06	1.351621e-09	3.787364e+01	3.537450e+02
3.470000e-06	7.042587e-06	1.354151e-09	3.793076e+01	3.541678e+02
3.480000e-06	7.052442e-06	1.357027e-09	3.798383e+01	3.545749e+02
3.490000e-06	7.061498e-06	1.360452e-09	3.803261e+01	3.549667e+02
3.500000e-06	7.069811e-06	1.363557e-09	3.807738e+01	3.553437e+02
3.510000e-06	7.077734e-06	1.365495e-09	3.812006e+01	3.557060e+02
3.520000e-06	7.085412e-06	1.365443e-09	3.816141e+01	3.560539e+02
3.530000e-06	7.092706e-06	1.365117e-09	3.820069e+01	3.563877e+02
3.540000e-06	7.099366e-06	1.366373e-09	3.823656e+01	3.567074e+02
3.550000e-06	7.105390e-06	1.369100e-09	3.826901e+01	3.570133e+02
3.560000e-06	7.111085e-06	1.371952e-09	3.829968e+01	3.573053e+02
3.570000e-06	7.116308e-06	1.373945e-09	3.832781e+01	3.575835e+02
3.580000e-06	7.120917e-06	1.375714e-09	3.835263e+01	3.578478e+02
3.590000e-06	7.125102e-06	1.377472e-09	3.837517e+01	3.580982e+02
3.600000e-06	7.129050e-06	1.378793e-09	3.839644e+01	3.583344e+02
3.610000e-06	7.132716e-06	1.378879e-09	3.841618e+01	3.585565e+02
3.620000e-06	7.135867e-06	1.378248e-09	3.843315e+01	3.587640e+02
3.630000e-06	7.138319e-06	1.378827e-09	3.844636e+01	3.589569e+02
3.640000e-06	7.139871e-06	1.380879e-09	3.845472e+01	3.591349e+02
3.650000e-06	7.140619e-06	1.383144e-09	3.845875e+01	3.592976e+02
3.660000e-06	7.140852e-06	1.385157e-09	3.846000e+01	3.594449e+02
3.670000e-06	7.140687e-06	1.386475e-09	3.845911e+01	3.595763e+02
3.680000e-06	7.140161e-06	1.387462e-09	3.845628e+01	3.596916e+02
3.690000e-06	7.139371e-06	1.388848e-09	3.845203e+01	3.597905e+02
3.700000e-06	7.138016e-06	1.390794e-09	3.844473e+01	3.598727e+02
3.710000e-06	7.136063e-06	1.393367e-09	3.843421e+01	3.599378e+02
3.720000e-06	7.133760e-06	1.394281e-09	3.842181e+01	3.599857e+02
3.730000e-06	7.131005e-06	1.388388e-09	3.840697e+01	3.600160e+02
3.740000e-06	7.127730e-06	1.374987e-09	3.838933e+01	3.600285e+02
3.750000e-06	7.124019e-06	1.389972e-09	3.836934e+01	3.600230e+02
3.760000e-06	7.119843e-06	1.459932e-09	3.834685e+01	3.599992e+02
3.770000e-06	7.114584e-06	1.465174e-09	3.831853e+01	3.599570e+02
3.780000e-06	7.108291e-06	1.335786e-09	3.828463e+01	3.598962e+02
3.790000e-06	7.101842e-06	1.303125e-09	3.824990e+01	3.598167e+02
3.800000e-06	7.095455e-06	1.449786e-09	3.821550e+01	3.597184e+02
3.810000e-06	7.088576e-06	1.499415e-09	3.817845e+01	3.596013e+02
3.820000e-06	7.080939e-06	1.339218e-09	3.813732e+01	3.594652e+02
3.830000e-06	7.072827e-06	1.294594e-09	3.809363e+01	3.593101e+02
3.840000e-06	7.064490e-06	1.504827e-09	3.804872e+01	3.591361e+02
3.850000e-06	7.055694e-06	1.553620e-09	3.800135e+01	3.589432e+02
3.860000e-06	7.046215e-06	1.296960e-09	3.795030e+01	3.587314e+02
3.870000e-06	7.036231e-06	1.231491e-09	3.789652e+01	3.585008e+02
3.880000e-06	7.025935e-06	1.501255e-09	3.784107e+01	3.582515e+02
3.890000e-06	7.015137e-06	1.554910e-09	3.778291e+01	3.579836e+02
3.900000e-06	7.003601e-06	1.299435e-09	3.772078e+01	3.576972e+02
3.910000e-06	6.991581e-06	1.296529e-09	3.765604e+01	3.573925e+02
3.920000e-06	6.979198e-06	1.538560e-09	3.758935e+01	3.570697e+02
3.930000e-06	6.965846e-06	1.472390e-09	3.751744e+01	3.567289e+02
3.940000e-06	6.951495e-06	1.252133e-09	3.744014e+01	3.563704e+02
3.950000e-06	6.936812e-06	1.372956e-09	3.736106e+01	3.559943e+02
3.960000e-06	6.921578e-06	1.544464e-09	3.727901e+01	3.556010e+02
3.970000e-06	6.905594e-06	1.388087e-09	3.719292e+01	3.551906e+02
3.980000e-06	6.889264e-06	1.304919e-09	3.710497e+01	3.547635e+02
3.990000e-06	6.872663e-06	1.485478e-09	3.701556e+01	3.543198e+02
4.000000e-06	6.855430e-06	1.456869e-09	3.692275e+01	3.538600e+02
4.010000e-06	6.837670e-06	1.267276e-09	3.682709e+01	3.533842e+02
4.020000e-06	6.819582e-06	1.379771e-09	3.672967e+01	3.528928e+02
4.030000e-06	6.801084e-06	1.532892e-09	3.663004e+01	3.523862e+02
4.040000e-06	6.781991e-06	1.370664e-09	3.652721e+01	3.518645e+02
4.050000e-06	6.762340e-06	1.294681e-09	3.642137e+01	3.513282e+02
4.060000e-06	6.742428e-06	1.464735e-09	3.631412e+01	3.507776e+02
4.070000e-06	6.722281e-06	1.443267e-09	3.620562e+01	3.502129e+02
4.080000e-06	6.701740e-06	1.298772e-09	3.609499e+01	3.496346e+02
4.090000e-06	6.680536e-06	1.386024e-09	3.598078e+01	3.490429e+02
4.100000e-06	6.658559e-06	1.459721e-09	3.586241e+01	3.484381e+02
4.110000e-06	6.635830e-06	1.348537e-09	3.574000e+01	3.478205e+02
4.120000e-06	6.612460e-06	1.356263e-09	3.561413e+01	3.471904e+02
4.130000e-06	6.588631e-06	1.440890e-09	3.548579e+01	3.465481e+02
4.140000e-06	6.564545e-06	1.363006e-09	3.535607e+01	3.458937e+02
4.150000e-06	6.540145e-06	1.321003e-09	3.522465e+01	3.452276e+02
4.160000e-06	6.515215e-06	1.410381e-09	3.509038e+01	3.445499e+02
4.170000e-06	6.489778e-06	1.398376e-09	3.495338e+01	3.438608e+02
4.180000e-06	6.463974e-06	1.339111e-09	3.481440e+01	3.431604e+02
4.190000e-06	6.437809e-06	1.378472e-09	3.467348e+01	3.424488e+02
4.200000e-06	6.411045e-06	1.381174e-09	3.452933e+01	3.417260e+02
4.210000e-06	6.383608e-06	1.338064e-09	3.438155e+01	3.409922e+02
4.220000e-06	6.355778e-06	1.366588e-09	3.423167e+01	3.402472e+02
4.230000e-06	6.327702e-06	1.378333e-09	3.408045e+01	3.394911e+02
4.240000e-06	6.299375e-06	1.342290e-09	3.392788e+01	3.387237e+02
4.250000e-06	6.270612e-06	1.357435e-09	3.377297e+01	3.379450e+02
4.260000e-06	6.241203e-06	1.373786e-09	3.361457e+01	3.371546e+02
4.270000e-06	6.211302e-06	1.346764e-09	3.345353e+01	3.363526e+02
4.280000e-06	6.180726e-06	1.347865e-09	3.328885e+01	3.355384e+02
4.290000e-06	6.149398e-06	1.355409e-09	3.312012e+01	3.347120e+02
4.300000e-06	6.117673e-06	1.338780e-09	3.294925e+01	3.338729e+02
4.310000e-06	6.085577e-06	1.348312e-09	3.277639e+01	3.330208e+02
4.320000e-06	6.053129e-06	1.356325e-09	3.260162e+01	3.321552e+02
4.330000e-06	6.020346e-06	1.330332e-09	3.242505e+01	3.312757e+02
4.340000e-06	5.987092e-06	1.326809e-09	3.224595e+01	3.303818e+02
4.350000e-06	5.953351e-06	1.338607e-09	3.206423e+01	3.294730e+02
4.360000e-06	5.919192e-06	1.328739e-09	3.188025e+01	3.285487e+02
4.370000e-06	5.884676e-06	1.328323e-09	3.169435e+01	3.276084e+02
4.380000e-06	5.849758e-06	1.333384e-09	3.150629e+01	3.266514e+02
4.390000e-06	5.814374e-06	1.318206e-09	3.131571e+01	3.256771e+02
4.400000e-06	5.778675e-06	1.314210e-09	3.112344e+01	3.246849e+02
4.410000e-06	5.742786e-06	1.323382e-09	3.093014e+01	3.236741e+02
4.420000e-06	5.706699e-06	1.312961e-09	3.073578e+01	3.226440e+02
4.430000e-06	5.670229e-06	1.302158e-09	3.053936e+01	3.215938e+02
4.440000e-06	5.633274e-06	1.309191e-09	3.034032e+01	3.205228e+02
4.450000e-06	5.595829e-06	1.311785e-09	3.013865e+01	3.194304e+02
4.460000e-06	5.557644e-06	1.305065e-09	2.993298e+01	3.183157e+02
4.470000e-06	5.518672e-06	1.300151e-09	2.972308e+01	3.171781e+02
4.480000e-06	5.479207e-06	1.293896e-09	2.951053e+01	3.160167e+02
4.490000e-06	5.439457e-06	1.288149e-09	2.929644e+01	3.148309e+02
4.500000e-06	5.399339e-06	1.287732e-09	2.908037e+01	3.136198e+02
4.510000e-06	5.358867e-06	1.286307e-09	2.886239e+01	3.123829e+02
4.520000e-06	5.318133e-06	1.279596e-09	2.864300e+01	3.111193e+02
4.530000e-06	5.277106e-06	1.272062e-09	2.842203e+01	3.098285e+02
4.540000e-06	5.235703e-06	1.268567e-09	2.819904e+01	3.085097e+02
4.550000e-06	5.194003e-06	1.268460e-09	2.797444e+01	3.071623e+02
4.560000e-06	5.152003e-06	1.265034e-09	2.774824e+01	3.057859e+02
4.570000e-06	5.109560e-06	1.257528e-09	2.751964e+01	3.043797e+02
4.580000e-06	5.066760e-06	1.252684e-09	2.728913e+01	3.029434e+02
4.590000e-06	5.023713e-06	1.251979e-09	2.705728e+01	3.014765e+02
4.600000e-06	4.980257e-06	1.248972e-09	2.682323e+01	2.999787e+02
4.610000e-06	4.936321e-06	1.240839e-09	2.658659e+01	2.984496e+02
4.620000e-06	4.892154e-06	1.232165e-09	2.634871e+01	2.968890e+02
4.630000e-06	4.847854e-06	1.226812e-09	2.611012e+01	2.952967e+02
4.640000e-06	4.803188e-06	1.222819e-09	2.586955e+01	2.936727e+02
4.650000e-06	4.758126e-06	1.216852e-09	2.562685e+01	2.920169e+02
4.660000e-06	4.712668e-06	1.208540e-09	2.538201e+01	2.903293e+02
4.670000e-06	4.666916e-06	1.199160e-09	2.513560e+01	2.886102e+02
4.680000e-06	4.621001e-06	1.191132e-09	2.488831e+01	2.868598e+02
4.690000e-06	4.574660e-06	1.185761e-09	2.463872e+01	2.850783e+02
4.700000e-06	4.527881e-06	1.181335e-09	2.438677e+01	2.832662e+02
4.710000e-06	4.480842e-06	1.173961e-09	2.413342e+01	2.814239e+02
4.720000e-06	4.433543e-06	1.164241e-09	2.387867e+01	2.795519e+02
4.730000e-06	4.385864e-06	1.156523e-09	2.362188e+01	2.776508e+02
4.740000e-06	4.337873e-06	1.149450e-09	2.336340e+01	2.757213e+02
4.750000e-06	4.289494e-06	1.140168e-09	2.310284e+01	2.737641e+02
4.760000e-06	4.240729e-06	1.130687e-09	2.284019e+01	2.717799e+02
4.770000e-06	4.191672e-06	1.122936e-09	2.257598e+01	2.697694e+02
4.780000e-06	4.142294e-06	1.117191e-09	2.231003e+01	2.677335e+02
4.790000e-06	4.092482e-06	1.110676e-09	2.204175e+01	2.656730e+02
4.800000e-06	4.042382e-06	1.101270e-09	2.177192e+01	2.635885e+02
4.810000e-06	3.992161e-06	1.090389e-09	2.150143e+01	2.614810e+02
4.820000e-06	3.941670e-06	1.081162e-09	2.122949e+01	2.593512e+02
4.830000e-06	3.890896e-06	1.074460e-09	2.095603e+01	2.571997e+02
4.840000e-06	3.839742e-06	1.067196e-09	2.068051e+01	2.550272e+02
4.850000e-06	3.788273e-06	1.058318e-09	2.040331e+01	2.528344e+02
4.860000e-06	3.736533e-06	1.048058e-09	2.012464e+01	2.506217e+02
4.870000e-06	3.684534e-06	1.037273e-09	1.984458e+01	2.483895e+02
4.880000e-06	3.632275e-06	1.028015e-09	1.956312e+01	2.461384e+02
4.890000e-06	3.579643e-06	1.019127e-09	1.927964e+01	2.438683e+02
4.900000e-06	3.526733e-06	1.009261e-09	1.899467e+01	2.415797e+02
4.910000e-06	3.473616e-06	9.997219e-10	1.870859e+01	2.392723e+02
4.920000e-06	3.420040e-06	9.915910e-10	1.842004e+01	2.369463e+02
4.930000e-06	3.366076e-06	9.834253e-10	1.812939e+01	2.346014e+02
4.940000e-06	3.311733e-06	9.741361e-10	1.783670e+01	2.322373e+02
4.950000e-06	3.256986e-06	9.637796e-10	1.754184e+01	2.298535e+02
4.960000e-06	3.201975e-06	9.530056e-10	1.724556e+01	2.274497e+02
4.970000e-06	3.146715e-06	9.437845e-10	1.694793e+01	2.250251e+02
4.980000e-06	3.091178e-06	9.354130e-10	1.664881e+01	2.225791e+02
4.990000e-06	3.035286e-06	9.264225e-10	1.634779e+01	2.201109e+02
5.000000e-06	2.979188e-06	9.169962e-10	1.604565e+01	2.176196e+02
5.010000e-06	2.922996e-06	9.061500e-10	1.574300e+01	2.151043e+02
5.020000e-06	2.866673e-06	8.949612e-10	1.543965e+01	2.125640e+02
5.030000e-06	2.810160e-06	8.855039e-10	1.513528e+01	2.099976e+02
5.040000e-06	2.753464e-06	8.754659e-10	1.482991e+01	2.074042e+02
5.050000e-06	2.696623e-06	8.633708e-10	1.452378e+01	2.047827e+02
5.060000e-06	2.639681e-06	8.513192e-10	1.421709e+01	2.021320e+02
5.070000e-06	2.582559e-06	8.409946e-10	1.390943e+01	1.994511e+02
5.080000e-06	2.525298e-06	8.315976e-10	1.360103e+01	1.967389e+02
5.090000e-06	2.467945e-06	8.217001e-10	1.329213e+01	1.939945e+02
5.100000e-06	2.410365e-06	8.104296e-10	1.298201e+01	1.912168e+02
5.110000e-06	2.352526e-06	7.974112e-10	1.267050e+01	1.884051e+02
5.120000e-06	2.294464e-06	7.842912e-10	1.235778e+01	1.855584e+02
5.130000e-06	2.236182e-06	7.724576e-10	1.204388e+01	1.826759e+02
5.140000e-06	2.177737e-06	7.611600e-10	1.172910e+01	1.797570e+02
5.150000e-06	2.119218e-06	7.491650e-10	1.141392e+01	1.768010e+02
5.160000e-06	2.060570e-06	7.365970e-10	1.109805e+01	1.738074e+02
5.170000e-06	2.001743e-06	7.248933e-10	1.078121e+01	1.707756e+02
5.180000e-06	1.942762e-06	7.135638e-10	1.046354e+01	1.677052e+02
5.190000e-06	1.883639e-06	7.005958e-10	1.014511e+01	1.645959e+02
5.200000e-06	1.824391e-06	6.864276e-10	9.826009e+00	1.614473e+02
5.210000e-06	1.764953e-06	6.730693e-10	9.505883e+00	1.582591e+02
5.220000e-06	1.705428e-06	6.592139e-10	9.185284e+00	1.550312e+02
5.230000e-06	1.645853e-06	6.433487e-10	8.864422e+00	1.517635e+02
5.240000e-06	1.586100e-06	6.284792e-10	8.542595e+00	1.484557e+02
5.250000e-06	1.526198e-06	6.164254e-10	8.219970e+00	1.451077e+02
5.260000e-06	1.466230e-06	6.052749e-10	7.896989e+00	1.417195e+02
5.270000e-06	1.406281e-06	5.936170e-10	7.574104e+00	1.382910e+02
5.280000e-06	1.346280e-06	5.798606e-10	7.250944e+00	1.348221e+02
5.290000e-06	1.286201e-06	5.631540e-10	6.927368e+00	1.313127e+02
5.300000e-06	1.226057e-06	5.449280e-10	6.603436e+00	1.277628e+02
5.310000e-06	1.165812e-06	5.268366e-10	6.278961e+00	1.241722e+02
5.320000e-06	1.105614e-06	5.099002e-10	5.954741e+00	1.205409e+02
5.330000e-06	1.045450e-06	4.946080e-10	5.630704e+00	1.168688e+02
5.340000e-06	9.851620e-07	4.809344e-10	5.305996e+00	1.131557e+02
5.350000e-06	9.248132e-07	4.672511e-10	4.980963e+00	1.094016e+02
5.360000e-06	8.644828e-07	4.519060e-10	4.656028e+00	1.056064e+02
5.370000e-06	8.041646e-07	4.351359e-10	4.331160e+00	1.017699e+02
5.380000e-06	7.437595e-07	4.173901e-10	4.005824e+00	9.789225e+01
5.390000e-06	6.832409e-07	3.990880e-10	3.679876e+00	9.397331e+01
5.400000e-06	6.226829e-07	3.809138e-10	3.353715e+00	9.001315e+01
5.410000e-06	5.620463e-07	3.636692e-10	3.027132e+00	8.601186e+01
5.420000e-06	5.013301e-07	3.479298e-10	2.700120e+00	8.196963e+01
5.430000e-06	4.406100e-07	3.323564e-10	2.373087e+00	7.788672e+01
5.440000e-06	3.798631e-07	3.157340e-10	2.045909e+00	7.376351e+01
5.450000e-06	3.190653e-07	2.990879e-10	1.718458e+00	6.960050e+01
5.460000e-06	2.582098e-07	2.818783e-10	1.390696e+00	6.539832e+01
5.470000e-06	1.973462e-07	2.631862e-10	1.062889e+00	6.115775e+01
5.480000e-06	1.364856e-07	2.444961e-10	7.350997e-01	5.687972e+01
5.490000e-06	7.563418e-08	2.257694e-10	4.073591e-01	5.256535e+01
5.500000e-06	1.489307e-08	2.065436e-10	8.021274e-02	4.821591e+01
5.510000e-06	-4.587741e-08	1.879758e-10	-2.470917e-01	4.383287e+01
5.520000e-06	-1.066668e-07	1.701401e-10	-5.744979e-01	3.941789e+01
5.530000e-06	-1.673926e-07	1.523613e-10	-9.015619e-01	3.497279e+01
5.540000e-06	-2.280482e-07	1.347302e-10	-1.228247e+00	3.049961e+01
5.550000e-06	-2.886598e-07	1.162218e-10	-1.554697e+00	2.600053e+01
5.560000e-06	-3.493831e-07	9.624055e-11	-1.881746e+00	2.147794e+01
5.570000e-06	-4.102210e-07	7.653954e-11	-2.209414e+00	1.693437e+01
5.580000e-06	-4.710139e-07	5.734435e-11	-2.536840e+00	1.237250e+01
5.590000e-06	-5.317214e-07	3.748130e-11	-2.863805e+00	7.795143e+00
5.600000e-06	-5.924179e-07	1.745414e-11	-3.190711e+00	3.205225e+00
5.610000e-06	-6.531110e-07	-2.102814e-12	-3.517599e+00	-1.394232e+00
5.620000e-06	-7.136948e-07	-2.116141e-11	-3.843898e+00	-6.000134e+00
5.630000e-06	-7.741197e-07	-3.979700e-11	-4.169341e+00	-1.060934e+01
5.640000e-06	-8.344577e-07	-5.830787e-11	-4.494316e+00	-1.521868e+01
5.650000e-06	-8.947935e-07	-7.755970e-11	-4.819279e+00	-1.982500e+01
5.660000e-06	-9.551523e-07	-9.712424e-11	-5.144367e+00	-2.442514e+01
5.670000e-06	-1.015514e-06	-1.163480e-10	-5.469470e+00	-2.901603e+01
5.680000e-06	-1.075807e-06	-1.368953e-10	-5.794205e+00	-3.359464e+01
5.690000e-06	-1.135980e-06	-1.584895e-10	-6.118290e+00	-3.815806e+01
5.700000e-06	-1.196127e-06	-1.789441e-10	-6.442234e+00	-4.270349e+01
5.710000e-06	-1.256251e-06	-1.972604e-10	-6.766059e+00	-4.722827e+01
5.720000e-06	-1.316298e-06	-2.146317e-10	-7.089468e+00	-5.172989e+01
5.730000e-06	-1.376287e-06	-2.326371e-10	-7.412561e+00	-5.620602e+01
5.740000e-06	-1.436250e-06	-2.513696e-10	-7.735517e+00	-6.065450e+01
5.750000e-06	-1.496155e-06	-2.701313e-10	-8.058159e+00	-6.507336e+01
5.760000e-06	-1.555916e-06	-2.888195e-10	-8.380027e+00	-6.946084e+01
5.770000e-06	-1.615572e-06	-3.077099e-10	-8.701327e+00	-7.381537e+01
5.780000e-06	-1.675093e-06	-3.268380e-10	-9.021903e+00	-7.813558e+01
5.790000e-06	-1.734471e-06	-3.460890e-10	-9.341709e+00	-8.242029e+01
5.800000e-06	-1.793808e-06	-3.645054e-10	-9.661291e+00	-8.666851e+01
5.810000e-06	-1.852993e-06	-3.816151e-10	-9.980058e+00	-9.087942e+01
5.820000e-06	-1.912034e-06	-3.982180e-10	-1.029805e+01	-9.505238e+01
5.830000e-06	-1.971045e-06	-4.154980e-10	-1.061587e+01	-9.918689e+01
5.840000e-06	-2.029918e-06	-4.332947e-10	-1.093296e+01	-1.032826e+02
5.850000e-06	-2.088498e-06	-4.500765e-10	-1.124847e+01	-1.073392e+02
5.860000e-06	-2.146863e-06	-4.655134e-10	-1.156282e+01	-1.113566e+02
5.870000e-06	-2.205188e-06	-4.812228e-10	-1.187695e+01	-1.153348e+02
5.880000e-06	-2.263328e-06	-4.983854e-10	-1.219009e+01	-1.192736e+02
5.890000e-06	-2.321214e-06	-5.160397e-10	-1.250185e+01	-1.231732e+02
5.900000e-06	-2.378892e-06	-5.326138e-10	-1.281250e+01	-1.270336e+02
5.910000e-06	-2.436399e-06	-5.480811e-10	-1.312223e+01	-1.308547e+02
5.920000e-06	-2.493829e-06	-5.639425e-10	-1.343154e+01	-1.346367e+02
5.930000e-06	-2.551020e-06	-5.808134e-10	-1.373957e+01	-1.383796e+02
5.940000e-06	-2.607921e-06	-5.974540e-10	-1.404604e+01	-1.420833e+02
5.950000e-06	-2.664778e-06	-6.126567e-10	-1.435226e+01	-1.457477e+02
5.960000e-06	-2.721529e-06	-6.274659e-10	-1.465791e+01	-1.493727e+02
5.970000e-06	-2.778021e-06	-6.431577e-10	-1.496218e+01	-1.529580e+02
5.980000e-06	-2.834307e-06	-6.588897e-10	-1.526533e+01	-1.565034e+02
5.990000e-06	-2.890458e-06	-6.740331e-10	-1.556775e+01	-1.600084e+02
6.000000e-06	-2.946556e-06	-6.883654e-10	-1.586989e+01	-1.634728e+02
6.010000e-06	-3.002503e-06	-7.019586e-10	-1.617122e+01	-1.668960e+02
6.020000e-06	-3.058216e-06	-7.156636e-10	-1.647128e+01	-1.702775e+02
6.030000e-06	-3.113761e-06	-7.286284e-10	-1.677044e+01	-1.736167e+02
6.040000e-06	-3.169052e-06	-7.410687e-10	-1.706824e+01	-1.769130e+02
6.050000e-06	-3.224034e-06	-7.544248e-10	-1.736436e+01	-1.801660e+02
6.060000e-06	-3.278682e-06	-7.684275e-10	-1.765869e+01	-1.833748e+02
6.070000e-06	-3.332954e-06	-7.822591e-10	-1.795100e+01	-1.865391e+02
6.080000e-06	-3.386824e-06	-7.947452e-10	-1.824114e+01	-1.896582e+02
6.090000e-06	-3.440298e-06	-8.069825e-10	-1.852914e+01	-1.927317e+02
6.100000e-06	-3.493424e-06	-8.191727e-10	-1.881528e+01	-1.957591e+02
6.110000e-06	-3.546271e-06	-8.303928e-10	-1.909990e+01	-1.987401e+02
6.120000e-06	-3.598886e-06	-8.418963e-10	-1.938328e+01	-2.016745e+02
6.130000e-06	-3.651240e-06	-8.538228e-10	-1.966526e+01	-2.045623e+02
6.140000e-06	-3.703304e-06	-8.650236e-10	-1.994567e+01	-2.074033e+02
6.150000e-06	-3.755035e-06	-8.762592e-10	-2.022429e+01	-2.101977e+02
6.160000e-06	-3.806455e-06	-8.889012e-10	-2.050123e+01	-2.129458e+02
6.170000e-06	-3.857646e-06	-9.014960e-10	-2.077694e+01	-2.156480e+02
6.180000e-06	-3.908645e-06	-9.121979e-10	-2.105162e+01	-2.183049e+02
6.190000e-06	-3.959337e-06	-9.221553e-10	-2.132464e+01	-2.209172e+02
6.200000e-06	-4.009731e-06	-9.335116e-10	-2.159606e+01	-2.234856e+02
6.210000e-06	-4.059832e-06	-9.449690e-10	-2.186590e+01	-2.260113e+02
6.220000e-06	-4.109575e-06	-9.548353e-10	-2.213381e+01	-2.284952e+02
6.230000e-06	-4.158942e-06	-9.633887e-10	-2.239970e+01	-2.309386e+02
6.240000e-06	-4.207948e-06	-9.712839e-10	-2.266364e+01	-2.333428e+02
6.250000e-06	-4.256436e-06	-9.798632e-10	-2.292479e+01	-2.357090e+02
6.260000e-06	-4.304444e-06	-9.899358e-10	-2.318336e+01	-2.380389e+02
6.270000e-06	-4.352068e-06	-9.999877e-10	-2.343986e+01	-2.403337e+02
6.280000e-06	-4.399263e-06	-1.009276e-09	-2.369404e+01	-2.425951e+02
6.290000e-06	-4.446216e-06	-1.019255e-09	-2.394693e+01	-2.448246e+02
6.300000e-06	-4.492920e-06	-1.029533e-09	-2.419847e+01	-2.470235e+02
6.310000e-06	-4.539348e-06	-1.038818e-09	-2.444853e+01	-2.491935e+02
6.320000e-06	-4.585595e-06	-1.046667e-09	-2.469761e+01	-2.513358e+02
6.330000e-06	-4.631548e-06	-1.053081e-09	-2.494511e+01	-2.534518e+02
6.340000e-06	-4.677107e-06	-1.060275e-09	-2.519049e+01	-2.555429e+02
6.350000e-06	-4.722245e-06	-1.068498e-09	-2.543360e+01	-2.576100e+02
6.360000e-06	-4.766983e-06	-1.076492e-09	-2.567455e+01	-2.596542e+02
6.370000e-06	-4.811396e-06	-1.084549e-09	-2.591376e+01	-2.616766e+02
6.380000e-06	-4.855588e-06	-1.091996e-09	-2.615177e+01	-2.636778e+02
6.390000e-06	-4.899593e-06	-1.099920e-09	-2.638878e+01	-2.656585e+02
6.400000e-06	-4.943369e-06	-1.108805e-09	-2.662455e+01	-2.676192e+02
6.410000e-06	-4.986924e-06	-1.116720e-09	-2.685913e+01	-2.695604e+02
6.420000e-06	-5.030171e-06	-1.123839e-09	-2.709206e+01	-2.714822e+02
6.430000e-06	-5.073024e-06	-1.131896e-09	-2.732286e+01	-2.733848e+02
6.440000e-06	-5.115431e-06	-1.140276e-09	-2.755126e+01	-2.752683e+02
6.450000e-06	-5.157370e-06	-1.148147e-09	-2.777714e+01	-2.771325e+02
6.460000e-06	-5.199022e-06	-1.155620e-09	-2.800148e+01	-2.789772e+02
6.470000e-06	-5.240362e-06	-1.162085e-09	-2.822413e+01	-2.808022e+02
6.480000e-06	-5.281193e-06	-1.167651e-09	-2.844404e+01	-2.826071e+02
6.490000e-06	-5.321621e-06	-1.173633e-09	-2.866178e+01	-2.843915e+02
6.500000e-06	-5.361793e-06	-1.180950e-09	-2.887815e+01	-2.861549e+02
6.510000e-06	-5.401852e-06	-1.188109e-09	-2.909390e+01	-2.878969e+02
6.520000e-06	-5.441756e-06	-1.195284e-09	-2.930882e+01	-2.896170e+02
6.530000e-06	-5.481387e-06	-1.203683e-09	-2.952227e+01	-2.913147e+02
6.540000e-06	-5.520560e-06	-1.211846e-09	-2.973325e+01	-2.929895e+02
6.550000e-06	-5.559124e-06	-1.218752e-09	-2.994096e+01	-2.946411e+02
6.560000e-06	-5.596987e-06	-1.224032e-09	-3.014488e+01	-2.962691e+02
6.570000e-06	-5.634033e-06	-1.228945e-09	-3.034441e+01	-2.978731e+02
6.580000e-06	-5.670569e-06	-1.234884e-09	-3.054119e+01	-2.994528e+02
6.590000e-06	-5.706817e-06	-1.241706e-09	-3.073642e+01	-3.010081e+02
6.600000e-06	-5.742790e-06	-1.247670e-09	-3.093016e+01	-3.025387e+02
6.610000e-06	-5.778615e-06	-1.252145e-09	-3.112312e+01	-3.040448e+02
6.620000e-06	-5.814167e-06	-1.257363e-09	-3.131460e+01	-3.055262e+02
6.630000e-06	-5.849132e-06	-1.264493e-09	-3.150291e+01	-3.069831e+02
6.640000e-06	-5.883568e-06	-1.271637e-09	-3.168838e+01	-3.084157e+02
6.650000e-06	-5.917681e-06	-1.277678e-09	-3.187211e+01	-3.098241e+02
6.660000e-06	-5.951439e-06	-1.283383e-09	-3.205393e+01	-3.112086e+02
6.670000e-06	-5.984578e-06	-1.289352e-09	-3.223241e+01	-3.125697e+02
6.680000e-06	-6.017169e-06	-1.295177e-09	-3.240794e+01	-3.139076e+02
6.690000e-06	-6.049571e-06	-1.299780e-09	-3.258246e+01	-3.152228e+02
6.700000e-06	-6.081768e-06	-1.303440e-09	-3.275587e+01	-3.165157e+02
6.710000e-06	-6.113664e-06	-1.308189e-09	-3.292766e+01	-3.177867e+02
6.720000e-06	-6.145196e-06	-1.315669e-09	-3.309749e+01	-3.190364e+02
6.730000e-06	-6.176256e-06	-1.323276e-09	-3.326477e+01	-3.202651e+02
6.740000e-06	-6.206633e-06	-1.328551e-09	-3.342838e+01	-3.214733e+02
6.750000e-06	-6.236118e-06	-1.332127e-09	-3.358719e+01	-3.226613e+02
6.760000e-06	-6.264913e-06	-1.334799e-09	-3.374227e+01	-3.238296e+02
6.770000e-06	-6.293343e-06	-1.338771e-09	-3.389539e+01	-3.249783e+02
6.780000e-06	-6.321421e-06	-1.344494e-09	-3.404662e+01	-3.261079e+02
6.790000e-06	-6.349206e-06	-1.349630e-09	-3.419627e+01	-3.272184e+02
6.800000e-06	-6.376727e-06	-1.354584e-09	-3.434449e+01	-3.283101e+02
6.810000e-06	-6.403822e-06	-1.360178e-09	-3.449042e+01	-3.293831e+02
6.820000e-06	-6.430363e-06	-1.365270e-09	-3.463337e+01	-3.304374e+02
6.830000e-06	-6.456407e-06	-1.369675e-09	-3.477364e+01	-3.314730e+02
6.840000e-06	-6.481905e-06	-1.372673e-09	-3.491097e+01	-3.324898e+02
6.850000e-06	-6.506803e-06	-1.374523e-09	-3.504507e+01	-3.334878e+02
6.860000e-06	-6.531291e-06	-1.377602e-09	-3.517696e+01	-3.344668e+02
6.870000e-06	-6.555487e-06	-1.382153e-09	-3.530728e+01	-3.354266e+02
6.880000e-06	-6.579480e-06	-1.386388e-09	-3.543650e+01	-3.363669e+02
6.890000e-06	-6.603313e-06	-1.388613e-09	-3.556486e+01	-3.372877e+02
6.900000e-06	-6.626650e-06	-1.391058e-09	-3.569056e+01	-3.381886e+02
6.910000e-06	-6.649333e-06	-1.395450e-09	-3.581272e+01	-3.390693e+02
6.920000e-06	-6.671213e-06	-1.399985e-09	-3.593057e+01	-3.399298e+02
6.930000e-06	-6.692284e-06	-1.404206e-09	-3.604406e+01	-3.407697e+02
6.940000e-06	-6.712826e-06	-1.407260e-09	-3.615469e+01	-3.415888e+02
6.950000e-06	-6.732982e-06	-1.409193e-09	-3.626325e+01	-3.423870e+02
6.960000e-06	-6.752941e-06	-1.412079e-09	-3.637075e+01	-3.431641e+02
6.970000e-06	-6.772516e-06	-1.415583e-09	-3.647618e+01	-3.439201e+02
6.980000e-06	-6.791471e-06	-1.416570e-09	-3.657827e+01	-3.446549e+02
6.990000e-06	-6.809971e-06	-1.416033e-09	-3.667791e+01	-3.453685e+02
7.000000e-06	-6.828063e-06	-1.417040e-09	-3.677535e+01	-3.460611e+02
7.010000e-06	-6.845675e-06	-1.418956e-09	-3.687021e+01	-3.467326e+02
7.020000e-06	-6.862788e-06	-1.420821e-09	-3.696237e+01	-3.473832e+02
7.030000e-06	-6.879416e-06	-1.421771e-09	-3.705193e+01	-3.480133e+02
7.040000e-06	-6.895673e-06	-1.422024e-09	-3.713949e+01	-3.486230e+02
7.050000e-06	-6.911582e-06	-1.423305e-09	-3.722517e+01	-3.492126e+02
7.060000e-06	-6.927136e-06	-1.425830e-09	-3.730895e+01	-3.497826e+02
7.070000e-06	-6.942081e-06	-1.427961e-09	-3.738944e+01	-3.503332e+02
7.080000e-06	-6.956094e-06	-1.429167e-09	-3.746491e+01	-3.508650e+02
7.090000e-06	-6.969273e-06	-1.429578e-09	-3.753589e+01	-3.513784e+02
7.100000e-06	-6.981911e-06	-1.430291e-09	-3.760396e+01	-3.518737e+02
7.110000e-06	-6.994178e-06	-1.431603e-09	-3.767003e+01	-3.523515e+02
7.120000e-06	-7.005913e-06	-1.433536e-09	-3.773323e+01	-3.528123e+02
7.130000e-06	-7.017014e-06	-1.436016e-09	-3.779302e+01	-3.532564e+02
7.140000e-06	-7.027610e-06	-1.437044e-09	-3.785009e+01	-3.536843e+02
7.150000e-06	-7.037664e-06	-1.436562e-09	-3.790424e+01	-3.540965e+02
7.160000e-06	-7.047133e-06	-1.436498e-09	-3.795524e+01	-3.544933e+02
7.170000e-06	-7.056104e-06	-1.437105e-09	-3.800356e+01	-3.548750e+02
7.180000e-06	-7.064636e-06	-1.436486e-09	-3.804951e+01	-3.552421e+02
7.190000e-06	-7.072880e-06	-1.435918e-09	-3.809391e+01	-3.555947e+02
7.200000e-06	-7.080926e-06	-1.436625e-09	-3.813725e+01	-3.559330e+02
7.210000e-06	-7.088545e-06	-1.437101e-09	-3.817828e+01	-3.562573e+02
7.220000e-06	-7.095530e-06	-1.436892e-09	-3.821590e+01	-3.565677e+02
7.230000e-06	-7.101767e-06	-1.436107e-09	-3.824949e+01	-3.568642e+02
7.240000e-06	-7.107134e-06	-1.436382e-09	-3.827840e+01	-3.571469e+02
7.250000e-06	-7.111753e-06	-1.438086e-09	-3.830328e+01	-3.574157e+02
7.260000e-06	-7.115930e-06	-1.439743e-09	-3.832577e+01	-3.576706e+02
7.270000e-06	-7.119870e-06	-1.440765e-09	-3.834699e+01	-3.579115e+02
7.280000e-06	-7.123522e-06	-1.441675e-09	-3.836666e+01	-3.581382e+02
7.290000e-06	-7.126579e-06	-1.441848e-09	-3.838313e+01	-3.583505e+02
7.300000e-06	-7.129040e-06	-1.440216e-09	-3.839638e+01	-3.585482e+02
7.310000e-06	-7.131186e-06	-1.439685e-09	-3.840794e+01	-3.587311e+02
7.320000e-06	-7.132927e-06	-1.440997e-09	-3.841732e+01	-3.588988e+02
7.330000e-06	-7.134020e-06	-1.441786e-09	-3.842321e+01	-3.590511e+02
7.340000e-06	-7.134587e-06	-1.441519e-09	-3.842626e+01	-3.591877e+02
