# Temperatura_=_14.9
# Concentracion g/m^3_=_7400.0
# C_Vs_to_Am_M_A/Vsm_=_254322799225.57578
# pendiente_HvsI_1/m_=_3716.3
# ordenada_HvsI_A/m_=_1297.0
# frecuencia_Hz_=_136113.5654989256

Tiempo_(s)	Campo_(V.s)	Magnetizacion_(V.s)	Campo_(kA/m)	Magnetizacion_(A/m)
0.000000e+00	-7.156730e-06	-1.770541e-09	-3.842126e+01	-4.422895e+02
1.000000e-08	-7.156901e-06	-1.770091e-09	-3.842218e+01	-4.423990e+02
2.000000e-08	-7.156778e-06	-1.768822e-09	-3.842152e+01	-4.424896e+02
3.000000e-08	-7.156262e-06	-1.765974e-09	-3.841875e+01	-4.425616e+02
4.000000e-08	-7.155203e-06	-1.763980e-09	-3.841306e+01	-4.426151e+02
5.000000e-08	-7.153402e-06	-1.763920e-09	-3.840339e+01	-4.426504e+02
6.000000e-08	-7.150802e-06	-1.764527e-09	-3.838944e+01	-4.426678e+02
7.000000e-08	-7.147637e-06	-1.766747e-09	-3.837245e+01	-4.426674e+02
8.000000e-08	-7.144019e-06	-1.770870e-09	-3.835302e+01	-4.426496e+02
9.000000e-08	-7.139892e-06	-1.759620e-09	-3.833087e+01	-4.426146e+02
1.000000e-07	-7.135038e-06	-1.732021e-09	-3.830481e+01	-4.425626e+02
1.100000e-07	-7.129440e-06	-1.739531e-09	-3.827476e+01	-4.424939e+02
1.200000e-07	-7.123488e-06	-1.787228e-09	-3.824280e+01	-4.424087e+02
1.300000e-07	-7.117359e-06	-1.787736e-09	-3.820990e+01	-4.423073e+02
1.400000e-07	-7.110752e-06	-1.733122e-09	-3.817443e+01	-4.421898e+02
1.500000e-07	-7.103616e-06	-1.728725e-09	-3.813612e+01	-4.420566e+02
1.600000e-07	-7.096129e-06	-1.786203e-09	-3.809592e+01	-4.419077e+02
1.700000e-07	-7.088342e-06	-1.777492e-09	-3.805412e+01	-4.417434e+02
1.800000e-07	-7.080052e-06	-1.701416e-09	-3.800961e+01	-4.415638e+02
1.900000e-07	-7.071038e-06	-1.709710e-09	-3.796122e+01	-4.413690e+02
2.000000e-07	-7.061271e-06	-1.786506e-09	-3.790879e+01	-4.411592e+02
2.100000e-07	-7.051036e-06	-1.778057e-09	-3.785384e+01	-4.409344e+02
2.200000e-07	-7.040328e-06	-1.708399e-09	-3.779635e+01	-4.406947e+02
2.300000e-07	-7.028934e-06	-1.713472e-09	-3.773518e+01	-4.404400e+02
2.400000e-07	-7.016840e-06	-1.754996e-09	-3.767026e+01	-4.401705e+02
2.500000e-07	-7.004143e-06	-1.733328e-09	-3.760209e+01	-4.398860e+02
2.600000e-07	-6.990946e-06	-1.708592e-09	-3.753124e+01	-4.395865e+02
2.700000e-07	-6.977328e-06	-1.736804e-09	-3.745813e+01	-4.392719e+02
2.800000e-07	-6.963097e-06	-1.743913e-09	-3.738173e+01	-4.389422e+02
2.900000e-07	-6.948037e-06	-1.716924e-09	-3.730088e+01	-4.385971e+02
3.000000e-07	-6.932255e-06	-1.724989e-09	-3.721616e+01	-4.382365e+02
3.100000e-07	-6.915884e-06	-1.733781e-09	-3.712827e+01	-4.378603e+02
3.200000e-07	-6.899087e-06	-1.696590e-09	-3.703809e+01	-4.374683e+02
3.300000e-07	-6.881820e-06	-1.693327e-09	-3.694539e+01	-4.370604e+02
3.400000e-07	-6.864129e-06	-1.737977e-09	-3.685042e+01	-4.366362e+02
3.500000e-07	-6.845943e-06	-1.728622e-09	-3.675279e+01	-4.361956e+02
3.600000e-07	-6.827246e-06	-1.681678e-09	-3.665241e+01	-4.357385e+02
3.700000e-07	-6.808064e-06	-1.693239e-09	-3.654943e+01	-4.352646e+02
3.800000e-07	-6.788419e-06	-1.716798e-09	-3.644397e+01	-4.347738e+02
3.900000e-07	-6.768437e-06	-1.691435e-09	-3.633669e+01	-4.342659e+02
4.000000e-07	-6.748058e-06	-1.678945e-09	-3.622728e+01	-4.337409e+02
4.100000e-07	-6.727236e-06	-1.698247e-09	-3.611550e+01	-4.331986e+02
4.200000e-07	-6.705982e-06	-1.692861e-09	-3.600140e+01	-4.326390e+02
4.300000e-07	-6.684225e-06	-1.679381e-09	-3.588459e+01	-4.320620e+02
4.400000e-07	-6.662031e-06	-1.685783e-09	-3.576545e+01	-4.314676e+02
4.500000e-07	-6.639361e-06	-1.675354e-09	-3.564374e+01	-4.308560e+02
4.600000e-07	-6.616131e-06	-1.659570e-09	-3.551903e+01	-4.302272e+02
4.700000e-07	-6.592546e-06	-1.672816e-09	-3.539241e+01	-4.295812e+02
4.800000e-07	-6.568634e-06	-1.679631e-09	-3.526404e+01	-4.289184e+02
4.900000e-07	-6.544309e-06	-1.661367e-09	-3.513345e+01	-4.282389e+02
5.000000e-07	-6.519520e-06	-1.654953e-09	-3.500037e+01	-4.275430e+02
5.100000e-07	-6.493971e-06	-1.657482e-09	-3.486321e+01	-4.268309e+02
5.200000e-07	-6.467654e-06	-1.648254e-09	-3.472192e+01	-4.261030e+02
5.300000e-07	-6.440805e-06	-1.643731e-09	-3.457778e+01	-4.253596e+02
5.400000e-07	-6.413382e-06	-1.646567e-09	-3.443056e+01	-4.246012e+02
5.500000e-07	-6.385445e-06	-1.640065e-09	-3.428058e+01	-4.238280e+02
5.600000e-07	-6.357224e-06	-1.635373e-09	-3.412908e+01	-4.230405e+02
5.700000e-07	-6.328754e-06	-1.636009e-09	-3.397623e+01	-4.222390e+02
5.800000e-07	-6.299924e-06	-1.626582e-09	-3.382146e+01	-4.214240e+02
5.900000e-07	-6.270629e-06	-1.616137e-09	-3.366418e+01	-4.205957e+02
6.000000e-07	-6.240812e-06	-1.616046e-09	-3.350411e+01	-4.197544e+02
6.100000e-07	-6.210586e-06	-1.614102e-09	-3.334184e+01	-4.189006e+02
6.200000e-07	-6.180025e-06	-1.608475e-09	-3.317777e+01	-4.180342e+02
6.300000e-07	-6.148971e-06	-1.605199e-09	-3.301106e+01	-4.171557e+02
6.400000e-07	-6.117437e-06	-1.598027e-09	-3.284176e+01	-4.162649e+02
6.500000e-07	-6.085688e-06	-1.588861e-09	-3.267132e+01	-4.153620e+02
6.600000e-07	-6.053691e-06	-1.585900e-09	-3.249954e+01	-4.144469e+02
6.700000e-07	-6.021210e-06	-1.583480e-09	-3.232517e+01	-4.135193e+02
6.800000e-07	-5.988177e-06	-1.577055e-09	-3.214783e+01	-4.125791e+02
6.900000e-07	-5.954496e-06	-1.572124e-09	-3.196701e+01	-4.116258e+02
7.000000e-07	-5.920015e-06	-1.567141e-09	-3.178189e+01	-4.106589e+02
7.100000e-07	-5.884960e-06	-1.560715e-09	-3.159370e+01	-4.096780e+02
7.200000e-07	-5.849590e-06	-1.556675e-09	-3.140382e+01	-4.086823e+02
7.300000e-07	-5.813977e-06	-1.553639e-09	-3.121263e+01	-4.076709e+02
7.400000e-07	-5.778046e-06	-1.548075e-09	-3.101973e+01	-4.066431e+02
7.500000e-07	-5.741662e-06	-1.543137e-09	-3.082440e+01	-4.055977e+02
7.600000e-07	-5.704926e-06	-1.540359e-09	-3.062718e+01	-4.045338e+02
7.700000e-07	-5.667843e-06	-1.535742e-09	-3.042810e+01	-4.034501e+02
7.800000e-07	-5.630247e-06	-1.527749e-09	-3.022626e+01	-4.023455e+02
7.900000e-07	-5.592157e-06	-1.519964e-09	-3.002177e+01	-4.012187e+02
8.000000e-07	-5.553636e-06	-1.514075e-09	-2.981497e+01	-4.000683e+02
8.100000e-07	-5.514759e-06	-1.509767e-09	-2.960626e+01	-3.988930e+02
8.200000e-07	-5.475540e-06	-1.505846e-09	-2.939571e+01	-3.976915e+02
8.300000e-07	-5.435938e-06	-1.500678e-09	-2.918311e+01	-3.964624e+02
8.400000e-07	-5.396070e-06	-1.493744e-09	-2.896907e+01	-3.952044e+02
8.500000e-07	-5.355955e-06	-1.487318e-09	-2.875371e+01	-3.939162e+02
8.600000e-07	-5.315591e-06	-1.481759e-09	-2.853702e+01	-3.925967e+02
8.700000e-07	-5.274814e-06	-1.475572e-09	-2.831810e+01	-3.912447e+02
8.800000e-07	-5.233437e-06	-1.469793e-09	-2.809597e+01	-3.898591e+02
8.900000e-07	-5.191565e-06	-1.464040e-09	-2.787118e+01	-3.884391e+02
9.000000e-07	-5.149154e-06	-1.458059e-09	-2.764349e+01	-3.869838e+02
9.100000e-07	-5.106152e-06	-1.451993e-09	-2.741263e+01	-3.854925e+02
9.200000e-07	-5.062756e-06	-1.445070e-09	-2.717966e+01	-3.839647e+02
9.300000e-07	-5.019088e-06	-1.437100e-09	-2.694523e+01	-3.824000e+02
9.400000e-07	-4.975201e-06	-1.429716e-09	-2.670961e+01	-3.807982e+02
9.500000e-07	-4.931062e-06	-1.423775e-09	-2.647265e+01	-3.791592e+02
9.600000e-07	-4.886533e-06	-1.418210e-09	-2.623360e+01	-3.774831e+02
9.700000e-07	-4.841596e-06	-1.411827e-09	-2.599235e+01	-3.757701e+02
9.800000e-07	-4.796330e-06	-1.404317e-09	-2.574934e+01	-3.740207e+02
9.900000e-07	-4.750768e-06	-1.395655e-09	-2.550474e+01	-3.722354e+02
1.000000e-06	-4.704870e-06	-1.387047e-09	-2.525833e+01	-3.704149e+02
1.010000e-06	-4.658609e-06	-1.379204e-09	-2.500997e+01	-3.685601e+02
1.020000e-06	-4.612141e-06	-1.371927e-09	-2.476051e+01	-3.666717e+02
1.030000e-06	-4.565361e-06	-1.365023e-09	-2.450937e+01	-3.647509e+02
1.040000e-06	-4.518155e-06	-1.358359e-09	-2.425594e+01	-3.627988e+02
1.050000e-06	-4.470626e-06	-1.352289e-09	-2.400078e+01	-3.608164e+02
1.060000e-06	-4.422824e-06	-1.345775e-09	-2.374415e+01	-3.588051e+02
1.070000e-06	-4.374746e-06	-1.338023e-09	-2.348604e+01	-3.567659e+02
1.080000e-06	-4.326346e-06	-1.329964e-09	-2.322620e+01	-3.547002e+02
1.090000e-06	-4.277625e-06	-1.322033e-09	-2.296464e+01	-3.526091e+02
1.100000e-06	-4.228548e-06	-1.314033e-09	-2.270117e+01	-3.504938e+02
1.110000e-06	-4.179050e-06	-1.305973e-09	-2.243544e+01	-3.483554e+02
1.120000e-06	-4.129056e-06	-1.297617e-09	-2.216704e+01	-3.461947e+02
1.130000e-06	-4.078569e-06	-1.288405e-09	-2.189600e+01	-3.440128e+02
1.140000e-06	-4.027604e-06	-1.278180e-09	-2.162239e+01	-3.418105e+02
1.150000e-06	-3.976297e-06	-1.268453e-09	-2.134695e+01	-3.395884e+02
1.160000e-06	-3.924723e-06	-1.260367e-09	-2.107007e+01	-3.373469e+02
1.170000e-06	-3.872846e-06	-1.252283e-09	-2.079157e+01	-3.350866e+02
1.180000e-06	-3.820782e-06	-1.243358e-09	-2.051206e+01	-3.328076e+02
1.190000e-06	-3.768447e-06	-1.234164e-09	-2.023110e+01	-3.305101e+02
1.200000e-06	-3.715725e-06	-1.224887e-09	-1.994805e+01	-3.281938e+02
1.210000e-06	-3.662700e-06	-1.215457e-09	-1.966339e+01	-3.258587e+02
1.220000e-06	-3.609446e-06	-1.207328e-09	-1.937749e+01	-3.235042e+02
1.230000e-06	-3.555925e-06	-1.200157e-09	-1.909016e+01	-3.211300e+02
1.240000e-06	-3.502122e-06	-1.191688e-09	-1.880131e+01	-3.187354e+02
1.250000e-06	-3.448185e-06	-1.182633e-09	-1.851175e+01	-3.163196e+02
1.260000e-06	-3.394047e-06	-1.173456e-09	-1.822111e+01	-3.138817e+02
1.270000e-06	-3.339651e-06	-1.163623e-09	-1.792908e+01	-3.114208e+02
1.280000e-06	-3.285018e-06	-1.153352e-09	-1.763578e+01	-3.089359e+02
1.290000e-06	-3.230214e-06	-1.143380e-09	-1.734157e+01	-3.064259e+02
1.300000e-06	-3.175226e-06	-1.133896e-09	-1.704636e+01	-3.038898e+02
1.310000e-06	-3.119944e-06	-1.124148e-09	-1.674958e+01	-3.013262e+02
1.320000e-06	-3.064464e-06	-1.113757e-09	-1.645173e+01	-2.987342e+02
1.330000e-06	-3.008861e-06	-1.102033e-09	-1.615322e+01	-2.961125e+02
1.340000e-06	-2.953108e-06	-1.089511e-09	-1.585391e+01	-2.934601e+02
1.350000e-06	-2.897137e-06	-1.078145e-09	-1.555343e+01	-2.907757e+02
1.360000e-06	-2.840999e-06	-1.068101e-09	-1.525204e+01	-2.880585e+02
1.370000e-06	-2.784785e-06	-1.059346e-09	-1.495026e+01	-2.853073e+02
1.380000e-06	-2.728471e-06	-1.051000e-09	-1.464793e+01	-2.825213e+02
1.390000e-06	-2.671814e-06	-1.042169e-09	-1.434377e+01	-2.796994e+02
1.400000e-06	-2.614838e-06	-1.032088e-09	-1.403789e+01	-2.768408e+02
1.410000e-06	-2.557617e-06	-1.020542e-09	-1.373069e+01	-2.739447e+02
1.420000e-06	-2.500059e-06	-1.008050e-09	-1.342169e+01	-2.710104e+02
1.430000e-06	-2.442283e-06	-9.947639e-10	-1.311152e+01	-2.680370e+02
1.440000e-06	-2.384404e-06	-9.825166e-10	-1.280079e+01	-2.650237e+02
1.450000e-06	-2.326235e-06	-9.716325e-10	-1.248851e+01	-2.619700e+02
1.460000e-06	-2.267604e-06	-9.612339e-10	-1.217375e+01	-2.588749e+02
1.470000e-06	-2.208743e-06	-9.505194e-10	-1.185775e+01	-2.557377e+02
1.480000e-06	-2.149701e-06	-9.386388e-10	-1.154077e+01	-2.525575e+02
1.490000e-06	-2.090486e-06	-9.262270e-10	-1.122288e+01	-2.493335e+02
1.500000e-06	-2.031120e-06	-9.132142e-10	-1.090417e+01	-2.460645e+02
1.510000e-06	-1.971575e-06	-8.992686e-10	-1.058450e+01	-2.427496e+02
1.520000e-06	-1.911940e-06	-8.852503e-10	-1.026434e+01	-2.393874e+02
1.530000e-06	-1.852231e-06	-8.722398e-10	-9.943796e+00	-2.359766e+02
1.540000e-06	-1.792482e-06	-8.601720e-10	-9.623030e+00	-2.325156e+02
1.550000e-06	-1.732641e-06	-8.480260e-10	-9.301769e+00	-2.290028e+02
1.560000e-06	-1.672688e-06	-8.355566e-10	-8.979910e+00	-2.254364e+02
1.570000e-06	-1.612641e-06	-8.225749e-10	-8.657542e+00	-2.218142e+02
1.580000e-06	-1.552580e-06	-8.091464e-10	-8.335103e+00	-2.181341e+02
1.590000e-06	-1.492544e-06	-7.954067e-10	-8.012795e+00	-2.143937e+02
1.600000e-06	-1.432388e-06	-7.815014e-10	-7.689847e+00	-2.105905e+02
1.610000e-06	-1.372161e-06	-7.669548e-10	-7.366514e+00	-2.067218e+02
1.620000e-06	-1.311855e-06	-7.519197e-10	-7.042758e+00	-2.027850e+02
1.630000e-06	-1.251458e-06	-7.378791e-10	-6.718514e+00	-1.987770e+02
1.640000e-06	-1.190932e-06	-7.237789e-10	-6.393577e+00	-1.946949e+02
1.650000e-06	-1.130169e-06	-7.078657e-10	-6.067371e+00	-1.905358e+02
1.660000e-06	-1.069360e-06	-6.911550e-10	-5.740914e+00	-1.862967e+02
1.670000e-06	-1.008521e-06	-6.743982e-10	-5.414294e+00	-1.819745e+02
1.680000e-06	-9.475830e-07	-6.575716e-10	-5.087147e+00	-1.775664e+02
1.690000e-06	-8.865739e-07	-6.419859e-10	-4.759616e+00	-1.730696e+02
1.700000e-06	-8.255583e-07	-6.269891e-10	-4.432051e+00	-1.684816e+02
1.710000e-06	-7.644188e-07	-6.112533e-10	-4.103820e+00	-1.637999e+02
1.720000e-06	-7.032454e-07	-5.951486e-10	-3.775408e+00	-1.590223e+02
1.730000e-06	-6.421558e-07	-5.785431e-10	-3.447446e+00	-1.541471e+02
1.740000e-06	-5.809960e-07	-5.608666e-10	-3.119106e+00	-1.491728e+02
1.750000e-06	-5.197663e-07	-5.417851e-10	-2.790391e+00	-1.440982e+02
1.760000e-06	-4.584855e-07	-5.222924e-10	-2.461402e+00	-1.389228e+02
1.770000e-06	-3.972230e-07	-5.025277e-10	-2.132511e+00	-1.336462e+02
1.780000e-06	-3.359877e-07	-4.815687e-10	-1.803767e+00	-1.282688e+02
1.790000e-06	-2.747601e-07	-4.603758e-10	-1.475063e+00	-1.227914e+02
1.800000e-06	-2.134086e-07	-4.395721e-10	-1.145695e+00	-1.172154e+02
1.810000e-06	-1.519097e-07	-4.187741e-10	-8.155350e-01	-1.115426e+02
1.820000e-06	-9.044535e-08	-3.964909e-10	-4.855604e-01	-1.057756e+02
1.830000e-06	-2.909945e-08	-3.731514e-10	-1.562218e-01	-9.991734e+01
1.840000e-06	3.219165e-08	-3.501101e-10	1.728225e-01	-9.397147e+01
1.850000e-06	9.353352e-08	-3.276905e-10	5.021394e-01	-8.794212e+01
1.860000e-06	1.548605e-07	-3.059307e-10	8.313764e-01	-8.183398e+01
1.870000e-06	2.161034e-07	-2.832520e-10	1.160162e+00	-7.565222e+01
1.880000e-06	2.773573e-07	-2.587105e-10	1.489006e+00	-6.940249e+01
1.890000e-06	3.387080e-07	-2.330641e-10	1.818371e+00	-6.309085e+01
1.900000e-06	4.001456e-07	-2.078650e-10	2.148202e+00	-5.672378e+01
1.910000e-06	4.614999e-07	-1.837601e-10	2.477585e+00	-5.030805e+01
1.920000e-06	5.227099e-07	-1.595178e-10	2.806194e+00	-4.385073e+01
1.930000e-06	5.839143e-07	-1.346431e-10	3.134773e+00	-3.735912e+01
1.940000e-06	6.451000e-07	-1.096799e-10	3.463252e+00	-3.084067e+01
1.950000e-06	7.062983e-07	-8.309918e-11	3.791797e+00	-2.430290e+01
1.960000e-06	7.674349e-07	-5.526076e-11	4.120012e+00	-1.775341e+01
1.970000e-06	8.284197e-07	-2.883882e-11	4.447412e+00	-1.119974e+01
1.980000e-06	8.893713e-07	-3.594731e-12	4.774634e+00	-4.649326e+00
1.990000e-06	9.502975e-07	2.234331e-11	5.101719e+00	1.890543e+00
2.000000e-06	1.011200e-06	4.857664e-11	5.428678e+00	8.412801e+00
2.010000e-06	1.072052e-06	7.385416e-11	5.755365e+00	1.491066e+01
2.020000e-06	1.132796e-06	9.860487e-11	6.081471e+00	2.137765e+01
2.030000e-06	1.193419e-06	1.234707e-10	6.406929e+00	2.780771e+01
2.040000e-06	1.253912e-06	1.475107e-10	6.731687e+00	3.419515e+01
2.050000e-06	1.314246e-06	1.702565e-10	7.055597e+00	4.053478e+01
2.060000e-06	1.374491e-06	1.925471e-10	7.379024e+00	4.682187e+01
2.070000e-06	1.434686e-06	2.148430e-10	7.702183e+00	5.305221e+01
2.080000e-06	1.494779e-06	2.377888e-10	8.024798e+00	5.922210e+01
2.090000e-06	1.554791e-06	2.613890e-10	8.346976e+00	6.532840e+01
2.100000e-06	1.614706e-06	2.846556e-10	8.668630e+00	7.136850e+01
2.110000e-06	1.674525e-06	3.076653e-10	8.989771e+00	7.734029e+01
2.120000e-06	1.734295e-06	3.296795e-10	9.310649e+00	8.324223e+01
2.130000e-06	1.794002e-06	3.506025e-10	9.631189e+00	8.907323e+01
2.140000e-06	1.853692e-06	3.719796e-10	9.951636e+00	9.483273e+01
2.150000e-06	1.913321e-06	3.934373e-10	1.027176e+01	1.005206e+02
2.160000e-06	1.972790e-06	4.139114e-10	1.059102e+01	1.061371e+02
2.170000e-06	2.032119e-06	4.331704e-10	1.090953e+01	1.116828e+02
2.180000e-06	2.091346e-06	4.517587e-10	1.122749e+01	1.171588e+02
2.190000e-06	2.150513e-06	4.715704e-10	1.154514e+01	1.225664e+02
2.200000e-06	2.209629e-06	4.932688e-10	1.186250e+01	1.279069e+02
2.210000e-06	2.268431e-06	5.141460e-10	1.217818e+01	1.331822e+02
2.220000e-06	2.326947e-06	5.331096e-10	1.249233e+01	1.383941e+02
2.230000e-06	2.385116e-06	5.514322e-10	1.280462e+01	1.435445e+02
2.240000e-06	2.442810e-06	5.694379e-10	1.311435e+01	1.486354e+02
2.250000e-06	2.500321e-06	5.878148e-10	1.342310e+01	1.536688e+02
2.260000e-06	2.557487e-06	6.061752e-10	1.373000e+01	1.586466e+02
2.270000e-06	2.614343e-06	6.232485e-10	1.403523e+01	1.635707e+02
2.280000e-06	2.671027e-06	6.398178e-10	1.433954e+01	1.684428e+02
2.290000e-06	2.727456e-06	6.566537e-10	1.464248e+01	1.732646e+02
2.300000e-06	2.783691e-06	6.740377e-10	1.494439e+01	1.780373e+02
2.310000e-06	2.839723e-06	6.919907e-10	1.524519e+01	1.827623e+02
2.320000e-06	2.895573e-06	7.089270e-10	1.554503e+01	1.874406e+02
2.330000e-06	2.951315e-06	7.245580e-10	1.584428e+01	1.920728e+02
2.340000e-06	3.006957e-06	7.408019e-10	1.614300e+01	1.966596e+02
2.350000e-06	3.062441e-06	7.579209e-10	1.644087e+01	2.012012e+02
2.360000e-06	3.117811e-06	7.743683e-10	1.673813e+01	2.056976e+02
2.370000e-06	3.172991e-06	7.898186e-10	1.703436e+01	2.101486e+02
2.380000e-06	3.227842e-06	8.051010e-10	1.732883e+01	2.145539e+02
2.390000e-06	3.282483e-06	8.215643e-10	1.762217e+01	2.189128e+02
2.400000e-06	3.336870e-06	8.383667e-10	1.791415e+01	2.232246e+02
2.410000e-06	3.390961e-06	8.542231e-10	1.820454e+01	2.274881e+02
2.420000e-06	3.444882e-06	8.696168e-10	1.849402e+01	2.317023e+02
2.430000e-06	3.498624e-06	8.841108e-10	1.878254e+01	2.358660e+02
2.440000e-06	3.552152e-06	8.994535e-10	1.906991e+01	2.399779e+02
2.450000e-06	3.605432e-06	9.160747e-10	1.935594e+01	2.440365e+02
2.460000e-06	3.658375e-06	9.315559e-10	1.964017e+01	2.480404e+02
2.470000e-06	3.711084e-06	9.457319e-10	1.992314e+01	2.519883e+02
2.480000e-06	3.763579e-06	9.600256e-10	2.020496e+01	2.558788e+02
2.490000e-06	3.815676e-06	9.748128e-10	2.048464e+01	2.597104e+02
2.500000e-06	3.867494e-06	9.899946e-10	2.076283e+01	2.634820e+02
2.510000e-06	3.919035e-06	1.004641e-09	2.103954e+01	2.671924e+02
2.520000e-06	3.970258e-06	1.017702e-09	2.131453e+01	2.708406e+02
2.530000e-06	4.021181e-06	1.030131e-09	2.158791e+01	2.744257e+02
2.540000e-06	4.071631e-06	1.043048e-09	2.185875e+01	2.779470e+02
2.550000e-06	4.121526e-06	1.056150e-09	2.212662e+01	2.814039e+02
2.560000e-06	4.171055e-06	1.068492e-09	2.239251e+01	2.847961e+02
2.570000e-06	4.220125e-06	1.080642e-09	2.265595e+01	2.881235e+02
2.580000e-06	4.268729e-06	1.093690e-09	2.291688e+01	2.913860e+02
2.590000e-06	4.317041e-06	1.106545e-09	2.317625e+01	2.945839e+02
2.600000e-06	4.365054e-06	1.118335e-09	2.343401e+01	2.977175e+02
2.610000e-06	4.412848e-06	1.128931e-09	2.369059e+01	3.007876e+02
2.620000e-06	4.460422e-06	1.139244e-09	2.394600e+01	3.037949e+02
2.630000e-06	4.507802e-06	1.150852e-09	2.420036e+01	3.067404e+02
2.640000e-06	4.554891e-06	1.163013e-09	2.445316e+01	3.096251e+02
2.650000e-06	4.601658e-06	1.174162e-09	2.470423e+01	3.124505e+02
2.660000e-06	4.648160e-06	1.184672e-09	2.495388e+01	3.152178e+02
2.670000e-06	4.694200e-06	1.194937e-09	2.520105e+01	3.179286e+02
2.680000e-06	4.739813e-06	1.205016e-09	2.544592e+01	3.205845e+02
2.690000e-06	4.785135e-06	1.215066e-09	2.568923e+01	3.231872e+02
2.700000e-06	4.830080e-06	1.224734e-09	2.593053e+01	3.257385e+02
2.710000e-06	4.874617e-06	1.233782e-09	2.616962e+01	3.282402e+02
2.720000e-06	4.918819e-06	1.242488e-09	2.640692e+01	3.306942e+02
2.730000e-06	4.962858e-06	1.251891e-09	2.664335e+01	3.331021e+02
2.740000e-06	5.006757e-06	1.261477e-09	2.687902e+01	3.354660e+02
2.750000e-06	5.050451e-06	1.269579e-09	2.711360e+01	3.377875e+02
2.760000e-06	5.093860e-06	1.277014e-09	2.734664e+01	3.400685e+02
2.770000e-06	5.136879e-06	1.285246e-09	2.757759e+01	3.423107e+02
2.780000e-06	5.179489e-06	1.294428e-09	2.780635e+01	3.445158e+02
2.790000e-06	5.221465e-06	1.304788e-09	2.803170e+01	3.466852e+02
2.800000e-06	5.262684e-06	1.313760e-09	2.825298e+01	3.488206e+02
2.810000e-06	5.303285e-06	1.319918e-09	2.847095e+01	3.509233e+02
2.820000e-06	5.343519e-06	1.326399e-09	2.868695e+01	3.529947e+02
2.830000e-06	5.383508e-06	1.334620e-09	2.890163e+01	3.550359e+02
2.840000e-06	5.423257e-06	1.342700e-09	2.911502e+01	3.570482e+02
2.850000e-06	5.462755e-06	1.349853e-09	2.932707e+01	3.590324e+02
2.860000e-06	5.501858e-06	1.356986e-09	2.953700e+01	3.609896e+02
2.870000e-06	5.540629e-06	1.364714e-09	2.974514e+01	3.629206e+02
2.880000e-06	5.578998e-06	1.372796e-09	2.995113e+01	3.648259e+02
2.890000e-06	5.616848e-06	1.380616e-09	3.015433e+01	3.667064e+02
2.900000e-06	5.654330e-06	1.387977e-09	3.035555e+01	3.685625e+02
2.910000e-06	5.691410e-06	1.395357e-09	3.055462e+01	3.703947e+02
2.920000e-06	5.728053e-06	1.403957e-09	3.075134e+01	3.722033e+02
2.930000e-06	5.764345e-06	1.412582e-09	3.094617e+01	3.739887e+02
2.940000e-06	5.800358e-06	1.419447e-09	3.113951e+01	3.757510e+02
2.950000e-06	5.836132e-06	1.425005e-09	3.133156e+01	3.774904e+02
2.960000e-06	5.871622e-06	1.431053e-09	3.152209e+01	3.792071e+02
2.970000e-06	5.906783e-06	1.438024e-09	3.171086e+01	3.809011e+02
2.980000e-06	5.941363e-06	1.444940e-09	3.189650e+01	3.825724e+02
2.990000e-06	5.975188e-06	1.452063e-09	3.207810e+01	3.842210e+02
3.000000e-06	6.008343e-06	1.458853e-09	3.225609e+01	3.858470e+02
3.010000e-06	6.040907e-06	1.465142e-09	3.243091e+01	3.874501e+02
3.020000e-06	6.073069e-06	1.471339e-09	3.260357e+01	3.890303e+02
3.030000e-06	6.104947e-06	1.476504e-09	3.277471e+01	3.905875e+02
3.040000e-06	6.136443e-06	1.480484e-09	3.294380e+01	3.921217e+02
3.050000e-06	6.167462e-06	1.486033e-09	3.311033e+01	3.936326e+02
3.060000e-06	6.198091e-06	1.494031e-09	3.327476e+01	3.951202e+02
3.070000e-06	6.228351e-06	1.501612e-09	3.343721e+01	3.965844e+02
3.080000e-06	6.258203e-06	1.508041e-09	3.359747e+01	3.980251e+02
3.090000e-06	6.287675e-06	1.514739e-09	3.375570e+01	3.994420e+02
3.100000e-06	6.316747e-06	1.521353e-09	3.391177e+01	4.008353e+02
3.110000e-06	6.345332e-06	1.527253e-09	3.406523e+01	4.022047e+02
3.120000e-06	6.373492e-06	1.533154e-09	3.421641e+01	4.035502e+02
3.130000e-06	6.401419e-06	1.538629e-09	3.436634e+01	4.048717e+02
3.140000e-06	6.429113e-06	1.542680e-09	3.451501e+01	4.061692e+02
3.150000e-06	6.456424e-06	1.546144e-09	3.466164e+01	4.074427e+02
3.160000e-06	6.483049e-06	1.550148e-09	3.480457e+01	4.086921e+02
3.170000e-06	6.508725e-06	1.555656e-09	3.494242e+01	4.099174e+02
3.180000e-06	6.533604e-06	1.561494e-09	3.507598e+01	4.111187e+02
3.190000e-06	6.557978e-06	1.566625e-09	3.520683e+01	4.122959e+02
3.200000e-06	6.581987e-06	1.571411e-09	3.533573e+01	4.134491e+02
3.210000e-06	6.605709e-06	1.574982e-09	3.546308e+01	4.145784e+02
3.220000e-06	6.628975e-06	1.578155e-09	3.558798e+01	4.156838e+02
3.230000e-06	6.651627e-06	1.581829e-09	3.570959e+01	4.167654e+02
3.240000e-06	6.673873e-06	1.585561e-09	3.582902e+01	4.178232e+02
3.250000e-06	6.695785e-06	1.590464e-09	3.594665e+01	4.188575e+02
3.260000e-06	6.717190e-06	1.596667e-09	3.606157e+01	4.198682e+02
3.270000e-06	6.738071e-06	1.601961e-09	3.617367e+01	4.208554e+02
3.280000e-06	6.758501e-06	1.606127e-09	3.628335e+01	4.218194e+02
3.290000e-06	6.778603e-06	1.610267e-09	3.639127e+01	4.227602e+02
3.300000e-06	6.798456e-06	1.614130e-09	3.649785e+01	4.236779e+02
3.310000e-06	6.817962e-06	1.617395e-09	3.660257e+01	4.245727e+02
3.320000e-06	6.836911e-06	1.621550e-09	3.670430e+01	4.254448e+02
3.330000e-06	6.855201e-06	1.626884e-09	3.680249e+01	4.262941e+02
3.340000e-06	6.872917e-06	1.631853e-09	3.689760e+01	4.271210e+02
3.350000e-06	6.890205e-06	1.635097e-09	3.699041e+01	4.279255e+02
3.360000e-06	6.907023e-06	1.637018e-09	3.708070e+01	4.287077e+02
3.370000e-06	6.923336e-06	1.638828e-09	3.716827e+01	4.294678e+02
3.380000e-06	6.939179e-06	1.640583e-09	3.725333e+01	4.302058e+02
3.390000e-06	6.954443e-06	1.643460e-09	3.733528e+01	4.309220e+02
3.400000e-06	6.969128e-06	1.647858e-09	3.741411e+01	4.316164e+02
3.410000e-06	6.983232e-06	1.653138e-09	3.748983e+01	4.322892e+02
3.420000e-06	6.996807e-06	1.657940e-09	3.756271e+01	4.329403e+02
3.430000e-06	7.009911e-06	1.661324e-09	3.763306e+01	4.335701e+02
3.440000e-06	7.022542e-06	1.663646e-09	3.770087e+01	4.341784e+02
3.450000e-06	7.034667e-06	1.665760e-09	3.776596e+01	4.347654e+02
3.460000e-06	7.046212e-06	1.668126e-09	3.782794e+01	4.353312e+02
3.470000e-06	7.057201e-06	1.670990e-09	3.788694e+01	4.358759e+02
3.480000e-06	7.067686e-06	1.674237e-09	3.794323e+01	4.363995e+02
3.490000e-06	7.077403e-06	1.677045e-09	3.799539e+01	4.369020e+02
3.500000e-06	7.086248e-06	1.679398e-09	3.804288e+01	4.373836e+02
3.510000e-06	7.094527e-06	1.681384e-09	3.808732e+01	4.378443e+02
3.520000e-06	7.102450e-06	1.683273e-09	3.812986e+01	4.382842e+02
3.530000e-06	7.110014e-06	1.684687e-09	3.817047e+01	4.387032e+02
3.540000e-06	7.117134e-06	1.685891e-09	3.820869e+01	4.391015e+02
3.550000e-06	7.123719e-06	1.687615e-09	3.824404e+01	4.394792e+02
3.560000e-06	7.129710e-06	1.689067e-09	3.827620e+01	4.398362e+02
3.570000e-06	7.135215e-06	1.691374e-09	3.830576e+01	4.401727e+02
3.580000e-06	7.140258e-06	1.695367e-09	3.833283e+01	4.404887e+02
3.590000e-06	7.144842e-06	1.698994e-09	3.835744e+01	4.407843e+02
3.600000e-06	7.149025e-06	1.700736e-09	3.837990e+01	4.410596e+02
3.610000e-06	7.152903e-06	1.700945e-09	3.840072e+01	4.413148e+02
3.620000e-06	7.156422e-06	1.700777e-09	3.841961e+01	4.415498e+02
3.630000e-06	7.159311e-06	1.701488e-09	3.843512e+01	4.417648e+02
3.640000e-06	7.161458e-06	1.702706e-09	3.844665e+01	4.419601e+02
3.650000e-06	7.162923e-06	1.703974e-09	3.845451e+01	4.421356e+02
3.660000e-06	7.163713e-06	1.706457e-09	3.845875e+01	4.422916e+02
3.670000e-06	7.163946e-06	1.709396e-09	3.846000e+01	4.424283e+02
3.680000e-06	7.163776e-06	1.710481e-09	3.845909e+01	4.425458e+02
3.690000e-06	7.163269e-06	1.710915e-09	3.845637e+01	4.426443e+02
3.700000e-06	7.162303e-06	1.712302e-09	3.845118e+01	4.427241e+02
3.710000e-06	7.160711e-06	1.713802e-09	3.844263e+01	4.427853e+02
3.720000e-06	7.158641e-06	1.714949e-09	3.843152e+01	4.428282e+02
3.730000e-06	7.156237e-06	1.714122e-09	3.841862e+01	4.428531e+02
3.740000e-06	7.153346e-06	1.708411e-09	3.840310e+01	4.428602e+02
3.750000e-06	7.149958e-06	1.706593e-09	3.838490e+01	4.428496e+02
3.760000e-06	7.146071e-06	1.738675e-09	3.836404e+01	4.428218e+02
3.770000e-06	7.141353e-06	1.773224e-09	3.833871e+01	4.427769e+02
3.780000e-06	7.135699e-06	1.726613e-09	3.830835e+01	4.427152e+02
3.790000e-06	7.129518e-06	1.671620e-09	3.827517e+01	4.426369e+02
3.800000e-06	7.123195e-06	1.707032e-09	3.824123e+01	4.425423e+02
3.810000e-06	7.116429e-06	1.765370e-09	3.820490e+01	4.424315e+02
3.820000e-06	7.109011e-06	1.731399e-09	3.816508e+01	4.423049e+02
3.830000e-06	7.101100e-06	1.669217e-09	3.812261e+01	4.421626e+02
3.840000e-06	7.092837e-06	1.726613e-09	3.807825e+01	4.420047e+02
3.850000e-06	7.084268e-06	1.805629e-09	3.803225e+01	4.418315e+02
3.860000e-06	7.075146e-06	1.738917e-09	3.798327e+01	4.416431e+02
3.870000e-06	7.065447e-06	1.646808e-09	3.793121e+01	4.414396e+02
3.880000e-06	7.055421e-06	1.706498e-09	3.787738e+01	4.412211e+02
3.890000e-06	7.045036e-06	1.787538e-09	3.782163e+01	4.409877e+02
3.900000e-06	7.034040e-06	1.727527e-09	3.776259e+01	4.407393e+02
3.910000e-06	7.022392e-06	1.673010e-09	3.770006e+01	4.404760e+02
3.920000e-06	7.010063e-06	1.746275e-09	3.763387e+01	4.401978e+02
3.930000e-06	6.997010e-06	1.774736e-09	3.756380e+01	4.399046e+02
3.940000e-06	6.983240e-06	1.694718e-09	3.748987e+01	4.395964e+02
3.950000e-06	6.968795e-06	1.687268e-09	3.741232e+01	4.392730e+02
3.960000e-06	6.953647e-06	1.759992e-09	3.733100e+01	4.389344e+02
3.970000e-06	6.937841e-06	1.743653e-09	3.724614e+01	4.385804e+02
3.980000e-06	6.921622e-06	1.695678e-09	3.715907e+01	4.382108e+02
3.990000e-06	6.905118e-06	1.739720e-09	3.707047e+01	4.378255e+02
4.000000e-06	6.888219e-06	1.755141e-09	3.697975e+01	4.374242e+02
4.010000e-06	6.870766e-06	1.687470e-09	3.688605e+01	4.370069e+02
4.020000e-06	6.852853e-06	1.692031e-09	3.678988e+01	4.365732e+02
4.030000e-06	6.834499e-06	1.756639e-09	3.669135e+01	4.361231e+02
4.040000e-06	6.815690e-06	1.734115e-09	3.659037e+01	4.356562e+02
4.050000e-06	6.796400e-06	1.693972e-09	3.648681e+01	4.351726e+02
4.060000e-06	6.776680e-06	1.732643e-09	3.638094e+01	4.346719e+02
4.070000e-06	6.756618e-06	1.741773e-09	3.627324e+01	4.341541e+02
4.080000e-06	6.736156e-06	1.696285e-09	3.616339e+01	4.336191e+02
4.090000e-06	6.715280e-06	1.704574e-09	3.605132e+01	4.330667e+02
4.100000e-06	6.693872e-06	1.731071e-09	3.593639e+01	4.324970e+02
4.110000e-06	6.671587e-06	1.709674e-09	3.581675e+01	4.319099e+02
4.120000e-06	6.648477e-06	1.708703e-09	3.569268e+01	4.313056e+02
4.130000e-06	6.624978e-06	1.730121e-09	3.556652e+01	4.306839e+02
4.140000e-06	6.601184e-06	1.709016e-09	3.543879e+01	4.300452e+02
4.150000e-06	6.576985e-06	1.691751e-09	3.530887e+01	4.293894e+02
4.160000e-06	6.552356e-06	1.710452e-09	3.517665e+01	4.287169e+02
4.170000e-06	6.527185e-06	1.708209e-09	3.504152e+01	4.280278e+02
4.180000e-06	6.501488e-06	1.698215e-09	3.490356e+01	4.273225e+02
4.190000e-06	6.475368e-06	1.711049e-09	3.476334e+01	4.266012e+02
4.200000e-06	6.448753e-06	1.705001e-09	3.462045e+01	4.258643e+02
4.210000e-06	6.421637e-06	1.687050e-09	3.447488e+01	4.251122e+02
4.220000e-06	6.394111e-06	1.695524e-09	3.432710e+01	4.243451e+02
4.230000e-06	6.366278e-06	1.698325e-09	3.417768e+01	4.235636e+02
4.240000e-06	6.338156e-06	1.685421e-09	3.402671e+01	4.227679e+02
4.250000e-06	6.309597e-06	1.690962e-09	3.387339e+01	4.219586e+02
4.260000e-06	6.280530e-06	1.696628e-09	3.371734e+01	4.211358e+02
4.270000e-06	6.250974e-06	1.684737e-09	3.355866e+01	4.203000e+02
4.280000e-06	6.220629e-06	1.682165e-09	3.339576e+01	4.194514e+02
4.290000e-06	6.189516e-06	1.683394e-09	3.322873e+01	4.185903e+02
4.300000e-06	6.157983e-06	1.674246e-09	3.305944e+01	4.177169e+02
4.310000e-06	6.126089e-06	1.674853e-09	3.288821e+01	4.168313e+02
4.320000e-06	6.093843e-06	1.681829e-09	3.271510e+01	4.159335e+02
4.330000e-06	6.061261e-06	1.675920e-09	3.254018e+01	4.150235e+02
4.340000e-06	6.028239e-06	1.669102e-09	3.236290e+01	4.141012e+02
4.350000e-06	5.994726e-06	1.668960e-09	3.218299e+01	4.131663e+02
4.360000e-06	5.960858e-06	1.664086e-09	3.200117e+01	4.122186e+02
4.370000e-06	5.926618e-06	1.659502e-09	3.181734e+01	4.112575e+02
4.380000e-06	5.891897e-06	1.660008e-09	3.163094e+01	4.102826e+02
4.390000e-06	5.856710e-06	1.656671e-09	3.144204e+01	4.092932e+02
4.400000e-06	5.821155e-06	1.651609e-09	3.125116e+01	4.082885e+02
4.410000e-06	5.785370e-06	1.650989e-09	3.105905e+01	4.072677e+02
4.420000e-06	5.749332e-06	1.649191e-09	3.086557e+01	4.062298e+02
4.430000e-06	5.712941e-06	1.644470e-09	3.067021e+01	4.051738e+02
4.440000e-06	5.676118e-06	1.642236e-09	3.047252e+01	4.040986e+02
4.450000e-06	5.638786e-06	1.641880e-09	3.027210e+01	4.030029e+02
4.460000e-06	5.600829e-06	1.639696e-09	3.006833e+01	4.018855e+02
4.470000e-06	5.562285e-06	1.635717e-09	2.986140e+01	4.007452e+02
4.480000e-06	5.523247e-06	1.630067e-09	2.965183e+01	3.995805e+02
4.490000e-06	5.483646e-06	1.623662e-09	2.943923e+01	3.983901e+02
4.500000e-06	5.443573e-06	1.619878e-09	2.922409e+01	3.971727e+02
4.510000e-06	5.403229e-06	1.618243e-09	2.900750e+01	3.959270e+02
4.520000e-06	5.362592e-06	1.615077e-09	2.878934e+01	3.946516e+02
4.530000e-06	5.321746e-06	1.609972e-09	2.857006e+01	3.933454e+02
4.540000e-06	5.280608e-06	1.604391e-09	2.834920e+01	3.920071e+02
4.550000e-06	5.238946e-06	1.599821e-09	2.812554e+01	3.906357e+02
4.560000e-06	5.196860e-06	1.595617e-09	2.789960e+01	3.892302e+02
4.570000e-06	5.154531e-06	1.589910e-09	2.767236e+01	3.877897e+02
4.580000e-06	5.111970e-06	1.583059e-09	2.744386e+01	3.863135e+02
4.590000e-06	5.068945e-06	1.578297e-09	2.721289e+01	3.848010e+02
4.600000e-06	5.025517e-06	1.574734e-09	2.697974e+01	3.832518e+02
4.610000e-06	4.981849e-06	1.568544e-09	2.674531e+01	3.816655e+02
4.620000e-06	4.937931e-06	1.561073e-09	2.650953e+01	3.800421e+02
4.630000e-06	4.893735e-06	1.553793e-09	2.627226e+01	3.783815e+02
4.640000e-06	4.849347e-06	1.547075e-09	2.603396e+01	3.766839e+02
4.650000e-06	4.804671e-06	1.540637e-09	2.579412e+01	3.749497e+02
4.660000e-06	4.759453e-06	1.533850e-09	2.555136e+01	3.731794e+02
4.670000e-06	4.713800e-06	1.526643e-09	2.530627e+01	3.713735e+02
4.680000e-06	4.667841e-06	1.518514e-09	2.505954e+01	3.695329e+02
4.690000e-06	4.621561e-06	1.509904e-09	2.481108e+01	3.676584e+02
4.700000e-06	4.574945e-06	1.502557e-09	2.456082e+01	3.657511e+02
4.710000e-06	4.528009e-06	1.495997e-09	2.430884e+01	3.638119e+02
4.720000e-06	4.480795e-06	1.488124e-09	2.405537e+01	3.618421e+02
4.730000e-06	4.433269e-06	1.479973e-09	2.380023e+01	3.598427e+02
4.740000e-06	4.385252e-06	1.473160e-09	2.354244e+01	3.578151e+02
4.750000e-06	4.336810e-06	1.466326e-09	2.328238e+01	3.557603e+02
4.760000e-06	4.288123e-06	1.457640e-09	2.302100e+01	3.536797e+02
4.770000e-06	4.239149e-06	1.447937e-09	2.275809e+01	3.515744e+02
4.780000e-06	4.189821e-06	1.439775e-09	2.249326e+01	3.494455e+02
4.790000e-06	4.140117e-06	1.433065e-09	2.222642e+01	3.472941e+02
4.800000e-06	4.090113e-06	1.426232e-09	2.195797e+01	3.451210e+02
4.810000e-06	4.039931e-06	1.417645e-09	2.168857e+01	3.429272e+02
4.820000e-06	3.989540e-06	1.406883e-09	2.141804e+01	3.407133e+02
4.830000e-06	3.938767e-06	1.396154e-09	2.114547e+01	3.384799e+02
4.840000e-06	3.887536e-06	1.386864e-09	2.087043e+01	3.362275e+02
4.850000e-06	3.835951e-06	1.378458e-09	2.059350e+01	3.339563e+02
4.860000e-06	3.784083e-06	1.369537e-09	2.031504e+01	3.316665e+02
4.870000e-06	3.731890e-06	1.359390e-09	2.003484e+01	3.293581e+02
4.880000e-06	3.679507e-06	1.349866e-09	1.975362e+01	3.270309e+02
4.890000e-06	3.626991e-06	1.341179e-09	1.947168e+01	3.246847e+02
4.900000e-06	3.574262e-06	1.331049e-09	1.918860e+01	3.223188e+02
4.910000e-06	3.521106e-06	1.320490e-09	1.890323e+01	3.199328e+02
4.920000e-06	3.467310e-06	1.310917e-09	1.861443e+01	3.175260e+02
4.930000e-06	3.412987e-06	1.301473e-09	1.832279e+01	3.150975e+02
4.940000e-06	3.358276e-06	1.292170e-09	1.802907e+01	3.126464e+02
4.950000e-06	3.303276e-06	1.282839e-09	1.773380e+01	3.101717e+02
4.960000e-06	3.248003e-06	1.272287e-09	1.743707e+01	3.076723e+02
4.970000e-06	3.192495e-06	1.260729e-09	1.713907e+01	3.051473e+02
4.980000e-06	3.136810e-06	1.249971e-09	1.684012e+01	3.025953e+02
4.990000e-06	3.080948e-06	1.240690e-09	1.654022e+01	3.000154e+02
5.000000e-06	3.024933e-06	1.231249e-09	1.623950e+01	2.974062e+02
5.010000e-06	2.968738e-06	1.221262e-09	1.593782e+01	2.947668e+02
5.020000e-06	2.912455e-06	1.210479e-09	1.563566e+01	2.920959e+02
5.030000e-06	2.856063e-06	1.198760e-09	1.533292e+01	2.893926e+02
5.040000e-06	2.799408e-06	1.186953e-09	1.502876e+01	2.866558e+02
5.050000e-06	2.742580e-06	1.174942e-09	1.472368e+01	2.838844e+02
5.060000e-06	2.685621e-06	1.161793e-09	1.441789e+01	2.810776e+02
5.070000e-06	2.628433e-06	1.148564e-09	1.411087e+01	2.782345e+02
5.080000e-06	2.570995e-06	1.138095e-09	1.380251e+01	2.753542e+02
5.090000e-06	2.513373e-06	1.129646e-09	1.349317e+01	2.724359e+02
5.100000e-06	2.455663e-06	1.120315e-09	1.318335e+01	2.694789e+02
5.110000e-06	2.397773e-06	1.108272e-09	1.287257e+01	2.664825e+02
5.120000e-06	2.339633e-06	1.094616e-09	1.256044e+01	2.634457e+02
5.130000e-06	2.281375e-06	1.081378e-09	1.224767e+01	2.603680e+02
5.140000e-06	2.222968e-06	1.069339e-09	1.193411e+01	2.572485e+02
5.150000e-06	2.164405e-06	1.057405e-09	1.161972e+01	2.540864e+02
5.160000e-06	2.105631e-06	1.044120e-09	1.130419e+01	2.508808e+02
5.170000e-06	2.046592e-06	1.030241e-09	1.098723e+01	2.476308e+02
5.180000e-06	1.987441e-06	1.017299e-09	1.066967e+01	2.443352e+02
5.190000e-06	1.928123e-06	1.004113e-09	1.035123e+01	2.409929e+02
5.200000e-06	1.868624e-06	9.894156e-10	1.003180e+01	2.376026e+02
5.210000e-06	1.809091e-06	9.747516e-10	9.712197e+00	2.341628e+02
5.220000e-06	1.749577e-06	9.603810e-10	9.392693e+00	2.306719e+02
5.230000e-06	1.689945e-06	9.453482e-10	9.072557e+00	2.271281e+02
5.240000e-06	1.630130e-06	9.296391e-10	8.751434e+00	2.235294e+02
5.250000e-06	1.570205e-06	9.143247e-10	8.429726e+00	2.198737e+02
5.260000e-06	1.510248e-06	8.993620e-10	8.107842e+00	2.161588e+02
5.270000e-06	1.450301e-06	8.845427e-10	7.786016e+00	2.123822e+02
5.280000e-06	1.390323e-06	8.694533e-10	7.464016e+00	2.085412e+02
5.290000e-06	1.330203e-06	8.529851e-10	7.141261e+00	2.046332e+02
5.300000e-06	1.269977e-06	8.348209e-10	6.817933e+00	2.006552e+02
5.310000e-06	1.209743e-06	8.154141e-10	6.494563e+00	1.966045e+02
5.320000e-06	1.149458e-06	7.965873e-10	6.170925e+00	1.924779e+02
5.330000e-06	1.089007e-06	7.780805e-10	5.846386e+00	1.882725e+02
5.340000e-06	1.028478e-06	7.595925e-10	5.521433e+00	1.839853e+02
5.350000e-06	9.680178e-07	7.423988e-10	5.196852e+00	1.796134e+02
5.360000e-06	9.075868e-07	7.251048e-10	4.872425e+00	1.751540e+02
5.370000e-06	8.471058e-07	7.062174e-10	4.547730e+00	1.706043e+02
5.380000e-06	7.864600e-07	6.860981e-10	4.222150e+00	1.659620e+02
5.390000e-06	7.257432e-07	6.653496e-10	3.896189e+00	1.612247e+02
5.400000e-06	6.650501e-07	6.439155e-10	3.570355e+00	1.563904e+02
5.410000e-06	6.042261e-07	6.221815e-10	3.243818e+00	1.514576e+02
5.420000e-06	5.432913e-07	6.012962e-10	2.916686e+00	1.464250e+02
5.430000e-06	4.823534e-07	5.807111e-10	2.589538e+00	1.412917e+02
5.440000e-06	4.214096e-07	5.592586e-10	2.262359e+00	1.360573e+02
5.450000e-06	3.605020e-07	5.381723e-10	1.935373e+00	1.307219e+02
5.460000e-06	2.996229e-07	5.177151e-10	1.608541e+00	1.252861e+02
5.470000e-06	2.387786e-07	4.957723e-10	1.281895e+00	1.197510e+02
5.480000e-06	1.779563e-07	4.716712e-10	9.553670e-01	1.141183e+02
5.490000e-06	1.169645e-07	4.467425e-10	6.279296e-01	1.083903e+02
5.500000e-06	5.584405e-08	4.218109e-10	2.998016e-01	1.025697e+02
5.510000e-06	-5.222155e-09	3.976773e-10	-2.803540e-02	9.665993e+01
5.520000e-06	-6.613922e-08	3.744108e-10	-3.550717e-01	9.066488e+01
5.530000e-06	-1.270009e-07	3.508841e-10	-6.818107e-01	8.458903e+01
5.540000e-06	-1.880105e-07	3.273797e-10	-1.009344e+00	7.843734e+01
5.550000e-06	-2.491228e-07	3.026576e-10	-1.337428e+00	7.221527e+01
5.560000e-06	-3.101885e-07	2.762504e-10	-1.665263e+00	6.592873e+01
5.570000e-06	-3.712255e-07	2.499044e-10	-1.992943e+00	5.958400e+01
5.580000e-06	-4.323402e-07	2.242521e-10	-2.321040e+00	5.318776e+01
5.590000e-06	-4.933897e-07	1.982092e-10	-2.648787e+00	4.674695e+01
5.600000e-06	-5.542291e-07	1.718804e-10	-2.975406e+00	4.026879e+01
5.610000e-06	-6.149688e-07	1.467346e-10	-3.301491e+00	3.376067e+01
5.620000e-06	-6.756924e-07	1.215817e-10	-3.627488e+00	2.723008e+01
5.630000e-06	-7.363275e-07	9.557944e-11	-3.953011e+00	2.068462e+01
5.640000e-06	-7.969462e-07	6.920773e-11	-4.278446e+00	1.413183e+01
5.650000e-06	-8.574432e-07	4.230683e-11	-4.603227e+00	7.579223e+00
5.660000e-06	-9.178086e-07	1.583109e-11	-4.927301e+00	1.034145e+00
5.670000e-06	-9.781668e-07	-8.973148e-12	-5.251337e+00	-5.496235e+00
5.680000e-06	-1.038483e-06	-3.457578e-11	-5.575148e+00	-1.200501e+01
5.690000e-06	-1.098831e-06	-6.171586e-11	-5.899129e+00	-1.848557e+01
5.700000e-06	-1.159170e-06	-8.843932e-11	-6.223060e+00	-2.493167e+01
5.710000e-06	-1.219494e-06	-1.138295e-10	-6.546916e+00	-3.133747e+01
5.720000e-06	-1.279684e-06	-1.381308e-10	-6.870047e+00	-3.769756e+01
5.730000e-06	-1.339704e-06	-1.629131e-10	-7.192268e+00	-4.400703e+01
5.740000e-06	-1.399701e-06	-1.880919e-10	-7.514366e+00	-5.026143e+01
5.750000e-06	-1.459714e-06	-2.134409e-10	-7.836546e+00	-5.645687e+01
5.760000e-06	-1.519650e-06	-2.386525e-10	-8.158315e+00	-6.258996e+01
5.770000e-06	-1.579492e-06	-2.633190e-10	-8.479582e+00	-6.865787e+01
5.780000e-06	-1.639254e-06	-2.886840e-10	-8.800416e+00	-7.465828e+01
5.790000e-06	-1.698975e-06	-3.142078e-10	-9.121030e+00	-8.058942e+01
5.800000e-06	-1.758659e-06	-3.386205e-10	-9.441449e+00	-8.645003e+01
5.810000e-06	-1.818183e-06	-3.625581e-10	-9.761008e+00	-9.223930e+01
5.820000e-06	-1.877606e-06	-3.857585e-10	-1.008002e+01	-9.795694e+01
5.830000e-06	-1.936967e-06	-4.087697e-10	-1.039870e+01	-1.036030e+02
5.840000e-06	-1.996132e-06	-4.327894e-10	-1.071634e+01	-1.091781e+02
5.850000e-06	-2.055003e-06	-4.566467e-10	-1.103239e+01	-1.146830e+02
5.860000e-06	-2.113739e-06	-4.790771e-10	-1.134771e+01	-1.201188e+02
5.870000e-06	-2.172316e-06	-5.005455e-10	-1.166219e+01	-1.254870e+02
5.880000e-06	-2.230653e-06	-5.220446e-10	-1.197537e+01	-1.307893e+02
5.890000e-06	-2.288886e-06	-5.444747e-10	-1.228800e+01	-1.360273e+02
5.900000e-06	-2.347000e-06	-5.671085e-10	-1.259999e+01	-1.412030e+02
5.910000e-06	-2.404995e-06	-5.891527e-10	-1.291133e+01	-1.463184e+02
5.920000e-06	-2.462784e-06	-6.108667e-10	-1.322158e+01	-1.513755e+02
5.930000e-06	-2.520298e-06	-6.328563e-10	-1.353035e+01	-1.563761e+02
5.940000e-06	-2.577623e-06	-6.552004e-10	-1.383810e+01	-1.613223e+02
5.950000e-06	-2.634781e-06	-6.768010e-10	-1.414495e+01	-1.662158e+02
5.960000e-06	-2.691701e-06	-6.970977e-10	-1.445053e+01	-1.710583e+02
5.970000e-06	-2.748349e-06	-7.171796e-10	-1.475465e+01	-1.758513e+02
5.980000e-06	-2.804826e-06	-7.385222e-10	-1.505785e+01	-1.805960e+02
5.990000e-06	-2.861081e-06	-7.597648e-10	-1.535986e+01	-1.852936e+02
6.000000e-06	-2.917258e-06	-7.791718e-10	-1.566145e+01	-1.899448e+02
6.010000e-06	-2.973355e-06	-7.976750e-10	-1.596260e+01	-1.945505e+02
6.020000e-06	-3.029282e-06	-8.162640e-10	-1.626285e+01	-1.991108e+02
6.030000e-06	-3.085160e-06	-8.344880e-10	-1.656283e+01	-2.036260e+02
6.040000e-06	-3.140881e-06	-8.523442e-10	-1.686197e+01	-2.080959e+02
6.050000e-06	-3.196285e-06	-8.699924e-10	-1.715942e+01	-2.125203e+02
6.060000e-06	-3.251397e-06	-8.885044e-10	-1.745529e+01	-2.168985e+02
6.070000e-06	-3.306273e-06	-9.079882e-10	-1.774989e+01	-2.212300e+02
6.080000e-06	-3.360831e-06	-9.266227e-10	-1.804279e+01	-2.255136e+02
6.090000e-06	-3.415052e-06	-9.440688e-10	-1.833388e+01	-2.297485e+02
6.100000e-06	-3.468872e-06	-9.608379e-10	-1.862281e+01	-2.339334e+02
6.110000e-06	-3.522164e-06	-9.774660e-10	-1.890892e+01	-2.380669e+02
6.120000e-06	-3.574987e-06	-9.943635e-10	-1.919250e+01	-2.421478e+02
6.130000e-06	-3.627444e-06	-1.011287e-09	-1.947411e+01	-2.461747e+02
6.140000e-06	-3.679663e-06	-1.027562e-09	-1.975446e+01	-2.501460e+02
6.150000e-06	-3.731760e-06	-1.043240e-09	-2.003414e+01	-2.540605e+02
6.160000e-06	-3.783681e-06	-1.059243e-09	-2.031288e+01	-2.579168e+02
6.170000e-06	-3.835181e-06	-1.076059e-09	-2.058936e+01	-2.617135e+02
6.180000e-06	-3.886207e-06	-1.092329e-09	-2.086330e+01	-2.654494e+02
6.190000e-06	-3.937023e-06	-1.107226e-09	-2.113610e+01	-2.691236e+02
6.200000e-06	-3.987589e-06	-1.121799e-09	-2.140757e+01	-2.727350e+02
6.210000e-06	-4.037863e-06	-1.136433e-09	-2.167747e+01	-2.762829e+02
6.220000e-06	-4.087900e-06	-1.150952e-09	-2.194610e+01	-2.797667e+02
6.230000e-06	-4.137400e-06	-1.165500e-09	-2.221184e+01	-2.831858e+02
6.240000e-06	-4.186511e-06	-1.179013e-09	-2.247549e+01	-2.865402e+02
6.250000e-06	-4.235418e-06	-1.190567e-09	-2.273805e+01	-2.898296e+02
6.260000e-06	-4.283891e-06	-1.202341e-09	-2.299828e+01	-2.930543e+02
6.270000e-06	-4.331819e-06	-1.215712e-09	-2.325559e+01	-2.962146e+02
6.280000e-06	-4.379289e-06	-1.228581e-09	-2.351043e+01	-2.993110e+02
6.290000e-06	-4.426496e-06	-1.240810e-09	-2.376386e+01	-3.023443e+02
6.300000e-06	-4.473482e-06	-1.254120e-09	-2.401611e+01	-3.053154e+02
6.310000e-06	-4.520297e-06	-1.267131e-09	-2.426744e+01	-3.082252e+02
6.320000e-06	-4.566831e-06	-1.279582e-09	-2.451726e+01	-3.110751e+02
6.330000e-06	-4.613080e-06	-1.291380e-09	-2.476555e+01	-3.138663e+02
6.340000e-06	-4.659004e-06	-1.300732e-09	-2.501209e+01	-3.166004e+02
6.350000e-06	-4.704427e-06	-1.309704e-09	-2.525595e+01	-3.192790e+02
6.360000e-06	-4.749505e-06	-1.320755e-09	-2.549795e+01	-3.219036e+02
6.370000e-06	-4.794259e-06	-1.332162e-09	-2.573822e+01	-3.244761e+02
6.380000e-06	-4.838609e-06	-1.342423e-09	-2.597631e+01	-3.269982e+02
6.390000e-06	-4.882704e-06	-1.351744e-09	-2.621304e+01	-3.294717e+02
6.400000e-06	-4.926698e-06	-1.361172e-09	-2.644923e+01	-3.318985e+02
6.410000e-06	-4.970511e-06	-1.371591e-09	-2.668444e+01	-3.342805e+02
6.420000e-06	-5.014176e-06	-1.381375e-09	-2.691885e+01	-3.366194e+02
6.430000e-06	-5.057593e-06	-1.390699e-09	-2.715194e+01	-3.389170e+02
6.440000e-06	-5.100484e-06	-1.400729e-09	-2.738220e+01	-3.411751e+02
6.450000e-06	-5.143026e-06	-1.410502e-09	-2.761059e+01	-3.433954e+02
6.460000e-06	-5.185264e-06	-1.419973e-09	-2.783735e+01	-3.455794e+02
6.470000e-06	-5.227065e-06	-1.428822e-09	-2.806176e+01	-3.477288e+02
6.480000e-06	-5.268388e-06	-1.435959e-09	-2.828360e+01	-3.498449e+02
6.490000e-06	-5.309290e-06	-1.442928e-09	-2.850319e+01	-3.519291e+02
6.500000e-06	-5.349960e-06	-1.451705e-09	-2.872153e+01	-3.539827e+02
6.510000e-06	-5.390377e-06	-1.461317e-09	-2.893851e+01	-3.560068e+02
6.520000e-06	-5.430473e-06	-1.469756e-09	-2.915376e+01	-3.580026e+02
6.530000e-06	-5.470368e-06	-1.477398e-09	-2.936794e+01	-3.599709e+02
6.540000e-06	-5.509979e-06	-1.484572e-09	-2.958060e+01	-3.619126e+02
6.550000e-06	-5.549081e-06	-1.491684e-09	-2.979052e+01	-3.638285e+02
6.560000e-06	-5.587549e-06	-1.499294e-09	-2.999704e+01	-3.657192e+02
6.570000e-06	-5.625352e-06	-1.506430e-09	-3.019998e+01	-3.675854e+02
6.580000e-06	-5.662485e-06	-1.512848e-09	-3.039933e+01	-3.694274e+02
6.590000e-06	-5.699119e-06	-1.519619e-09	-3.059600e+01	-3.712457e+02
6.600000e-06	-5.735484e-06	-1.526964e-09	-3.079123e+01	-3.730407e+02
6.610000e-06	-5.771632e-06	-1.533761e-09	-3.098530e+01	-3.748125e+02
6.620000e-06	-5.807458e-06	-1.539829e-09	-3.117763e+01	-3.765614e+02
6.630000e-06	-5.842885e-06	-1.546029e-09	-3.136782e+01	-3.782875e+02
6.640000e-06	-5.877883e-06	-1.552859e-09	-3.155571e+01	-3.799909e+02
6.650000e-06	-5.912365e-06	-1.560163e-09	-3.174083e+01	-3.816716e+02
6.660000e-06	-5.946480e-06	-1.567004e-09	-3.192397e+01	-3.833296e+02
6.670000e-06	-5.980270e-06	-1.571957e-09	-3.210538e+01	-3.849650e+02
6.680000e-06	-6.013461e-06	-1.576913e-09	-3.228357e+01	-3.865775e+02
6.690000e-06	-6.046131e-06	-1.583714e-09	-3.245895e+01	-3.881672e+02
6.700000e-06	-6.078627e-06	-1.589854e-09	-3.263341e+01	-3.897340e+02
6.710000e-06	-6.110936e-06	-1.595222e-09	-3.280686e+01	-3.912777e+02
6.720000e-06	-6.142869e-06	-1.600936e-09	-3.297830e+01	-3.927983e+02
6.730000e-06	-6.174312e-06	-1.606925e-09	-3.314710e+01	-3.942956e+02
6.740000e-06	-6.205186e-06	-1.613225e-09	-3.331285e+01	-3.957695e+02
6.750000e-06	-6.235348e-06	-1.618458e-09	-3.347478e+01	-3.972199e+02
6.760000e-06	-6.264776e-06	-1.623236e-09	-3.363276e+01	-3.986467e+02
6.770000e-06	-6.293626e-06	-1.628795e-09	-3.378764e+01	-4.000498e+02
6.780000e-06	-6.322043e-06	-1.634539e-09	-3.394021e+01	-4.014291e+02
6.790000e-06	-6.350113e-06	-1.640313e-09	-3.409090e+01	-4.027845e+02
6.800000e-06	-6.377927e-06	-1.646524e-09	-3.424022e+01	-4.041159e+02
6.810000e-06	-6.405375e-06	-1.652140e-09	-3.438757e+01	-4.054234e+02
6.820000e-06	-6.432371e-06	-1.657733e-09	-3.453251e+01	-4.067068e+02
6.830000e-06	-6.458889e-06	-1.663133e-09	-3.467487e+01	-4.079662e+02
6.840000e-06	-6.484863e-06	-1.667327e-09	-3.481431e+01	-4.092015e+02
6.850000e-06	-6.510320e-06	-1.670990e-09	-3.495098e+01	-4.104127e+02
6.860000e-06	-6.535241e-06	-1.674422e-09	-3.508476e+01	-4.115999e+02
6.870000e-06	-6.559797e-06	-1.678423e-09	-3.521659e+01	-4.127631e+02
6.880000e-06	-6.584098e-06	-1.682878e-09	-3.534706e+01	-4.139023e+02
6.890000e-06	-6.608077e-06	-1.686669e-09	-3.547579e+01	-4.150176e+02
6.900000e-06	-6.631708e-06	-1.689951e-09	-3.560266e+01	-4.161090e+02
6.910000e-06	-6.654770e-06	-1.693170e-09	-3.572647e+01	-4.171767e+02
6.920000e-06	-6.677129e-06	-1.696243e-09	-3.584650e+01	-4.182207e+02
6.930000e-06	-6.698739e-06	-1.699572e-09	-3.596252e+01	-4.192411e+02
6.940000e-06	-6.719672e-06	-1.703618e-09	-3.607489e+01	-4.202380e+02
6.950000e-06	-6.740151e-06	-1.707970e-09	-3.618484e+01	-4.212117e+02
6.960000e-06	-6.760301e-06	-1.711855e-09	-3.629301e+01	-4.221620e+02
6.970000e-06	-6.780125e-06	-1.716048e-09	-3.639944e+01	-4.230893e+02
6.980000e-06	-6.799494e-06	-1.719707e-09	-3.650342e+01	-4.239936e+02
6.990000e-06	-6.818348e-06	-1.721949e-09	-3.660464e+01	-4.248750e+02
7.000000e-06	-6.836698e-06	-1.723604e-09	-3.670315e+01	-4.257338e+02
7.010000e-06	-6.854612e-06	-1.726232e-09	-3.679933e+01	-4.265700e+02
7.020000e-06	-6.872084e-06	-1.729789e-09	-3.689313e+01	-4.273837e+02
7.030000e-06	-6.888917e-06	-1.732418e-09	-3.698350e+01	-4.281751e+02
7.040000e-06	-6.905344e-06	-1.734745e-09	-3.707169e+01	-4.289443e+02
7.050000e-06	-6.921621e-06	-1.737568e-09	-3.715907e+01	-4.296915e+02
7.060000e-06	-6.937565e-06	-1.740447e-09	-3.724466e+01	-4.304167e+02
7.070000e-06	-6.952986e-06	-1.743091e-09	-3.732745e+01	-4.311201e+02
7.080000e-06	-6.967664e-06	-1.745635e-09	-3.740625e+01	-4.318018e+02
7.090000e-06	-6.981432e-06	-1.746883e-09	-3.748016e+01	-4.324619e+02
7.100000e-06	-6.994486e-06	-1.748159e-09	-3.755025e+01	-4.331005e+02
7.110000e-06	-7.007040e-06	-1.751152e-09	-3.761764e+01	-4.337177e+02
7.120000e-06	-7.019068e-06	-1.753700e-09	-3.768221e+01	-4.343135e+02
7.130000e-06	-7.030571e-06	-1.755487e-09	-3.774397e+01	-4.348881e+02
7.140000e-06	-7.041496e-06	-1.756673e-09	-3.780262e+01	-4.354415e+02
7.150000e-06	-7.051912e-06	-1.757469e-09	-3.785854e+01	-4.359738e+02
7.160000e-06	-7.061809e-06	-1.759259e-09	-3.791167e+01	-4.364850e+02
7.170000e-06	-7.071223e-06	-1.761409e-09	-3.796221e+01	-4.369753e+02
7.180000e-06	-7.080159e-06	-1.762172e-09	-3.801018e+01	-4.374447e+02
7.190000e-06	-7.088669e-06	-1.761493e-09	-3.805587e+01	-4.378931e+02
7.200000e-06	-7.096890e-06	-1.761953e-09	-3.810001e+01	-4.383208e+02
7.210000e-06	-7.104776e-06	-1.763865e-09	-3.814235e+01	-4.387277e+02
7.220000e-06	-7.112191e-06	-1.764781e-09	-3.818215e+01	-4.391139e+02
7.230000e-06	-7.118965e-06	-1.765181e-09	-3.821852e+01	-4.394794e+02
7.240000e-06	-7.124928e-06	-1.766079e-09	-3.825053e+01	-4.398244e+02
7.250000e-06	-7.130063e-06	-1.767982e-09	-3.827810e+01	-4.401489e+02
7.260000e-06	-7.134650e-06	-1.769729e-09	-3.830273e+01	-4.404529e+02
7.270000e-06	-7.138908e-06	-1.769219e-09	-3.832558e+01	-4.407366e+02
7.280000e-06	-7.142864e-06	-1.768202e-09	-3.834682e+01	-4.410001e+02
7.290000e-06	-7.146354e-06	-1.768573e-09	-3.836556e+01	-4.412434e+02
7.300000e-06	-7.149292e-06	-1.768760e-09	-3.838133e+01	-4.414667e+02
7.310000e-06	-7.151768e-06	-1.768916e-09	-3.839462e+01	-4.416701e+02
7.320000e-06	-7.153819e-06	-1.770340e-09	-3.840563e+01	-4.418538e+02
7.330000e-06	-7.155332e-06	-1.771205e-09	-3.841376e+01	-4.420179e+02
7.340000e-06	-7.156236e-06	-1.771082e-09	-3.841861e+01	-4.421625e+02
