# Temperatura_=_-7.0
# Concentracion g/m^3_=_7400.0
# C_Vs_to_Am_M_A/Vsm_=_254322799225.57578
# pendiente_HvsI_1/m_=_3716.3
# ordenada_HvsI_A/m_=_1297.0
# frecuencia_Hz_=_136118.16898049554

Tiempo_(s)	Campo_(V.s)	Magnetizacion_(V.s)	Campo_(kA/m)	Magnetizacion_(A/m)
0.000000e+00	-7.166809e-06	-1.447403e-09	-3.842796e+01	-3.607693e+02
1.000000e-08	-7.167057e-06	-1.444774e-09	-3.842929e+01	-3.608762e+02
2.000000e-08	-7.167049e-06	-1.443130e-09	-3.842924e+01	-3.609599e+02
3.000000e-08	-7.166648e-06	-1.441468e-09	-3.842710e+01	-3.610202e+02
4.000000e-08	-7.165539e-06	-1.439335e-09	-3.842115e+01	-3.610575e+02
5.000000e-08	-7.163639e-06	-1.438012e-09	-3.841096e+01	-3.610721e+02
6.000000e-08	-7.160919e-06	-1.437623e-09	-3.839638e+01	-3.610644e+02
7.000000e-08	-7.157541e-06	-1.437135e-09	-3.837827e+01	-3.610351e+02
8.000000e-08	-7.153804e-06	-1.440423e-09	-3.835823e+01	-3.609847e+02
9.000000e-08	-7.149658e-06	-1.442271e-09	-3.833600e+01	-3.609142e+02
1.000000e-07	-7.144824e-06	-1.419936e-09	-3.831008e+01	-3.608244e+02
1.100000e-07	-7.139278e-06	-1.392983e-09	-3.828034e+01	-3.607161e+02
1.200000e-07	-7.133293e-06	-1.431182e-09	-3.824825e+01	-3.605904e+02
1.300000e-07	-7.127183e-06	-1.487540e-09	-3.821549e+01	-3.604481e+02
1.400000e-07	-7.120770e-06	-1.438300e-09	-3.818110e+01	-3.602902e+02
1.500000e-07	-7.113602e-06	-1.357584e-09	-3.814267e+01	-3.601176e+02
1.600000e-07	-7.105847e-06	-1.412200e-09	-3.810109e+01	-3.599311e+02
1.700000e-07	-7.097846e-06	-1.500529e-09	-3.805819e+01	-3.597315e+02
1.800000e-07	-7.089391e-06	-1.415705e-09	-3.801285e+01	-3.595195e+02
1.900000e-07	-7.080254e-06	-1.308165e-09	-3.796386e+01	-3.592956e+02
2.000000e-07	-7.070341e-06	-1.411855e-09	-3.791071e+01	-3.590604e+02
2.100000e-07	-7.059857e-06	-1.525702e-09	-3.785449e+01	-3.588142e+02
2.200000e-07	-7.048874e-06	-1.407545e-09	-3.779560e+01	-3.585571e+02
2.300000e-07	-7.037171e-06	-1.299886e-09	-3.773285e+01	-3.582894e+02
2.400000e-07	-7.024898e-06	-1.412228e-09	-3.766704e+01	-3.580108e+02
2.500000e-07	-7.012104e-06	-1.479653e-09	-3.759844e+01	-3.577213e+02
2.600000e-07	-6.998626e-06	-1.363853e-09	-3.752617e+01	-3.574205e+02
2.700000e-07	-6.984511e-06	-1.339013e-09	-3.745049e+01	-3.571081e+02
2.800000e-07	-6.969919e-06	-1.446164e-09	-3.737225e+01	-3.567836e+02
2.900000e-07	-6.954676e-06	-1.425367e-09	-3.729052e+01	-3.564464e+02
3.000000e-07	-6.938767e-06	-1.340094e-09	-3.720521e+01	-3.560959e+02
3.100000e-07	-6.922246e-06	-1.392639e-09	-3.711663e+01	-3.557313e+02
3.200000e-07	-6.905336e-06	-1.426794e-09	-3.702596e+01	-3.553521e+02
3.300000e-07	-6.888079e-06	-1.337209e-09	-3.693343e+01	-3.549576e+02
3.400000e-07	-6.870366e-06	-1.354716e-09	-3.683845e+01	-3.545469e+02
3.500000e-07	-6.852146e-06	-1.456300e-09	-3.674076e+01	-3.541196e+02
3.600000e-07	-6.833336e-06	-1.389019e-09	-3.663990e+01	-3.536750e+02
3.700000e-07	-6.814082e-06	-1.294554e-09	-3.653666e+01	-3.532126e+02
3.800000e-07	-6.794432e-06	-1.384299e-09	-3.643130e+01	-3.527320e+02
3.900000e-07	-6.774341e-06	-1.431884e-09	-3.632357e+01	-3.522328e+02
4.000000e-07	-6.753813e-06	-1.326772e-09	-3.621350e+01	-3.517148e+02
4.100000e-07	-6.732855e-06	-1.323902e-09	-3.610113e+01	-3.511780e+02
4.200000e-07	-6.711513e-06	-1.408670e-09	-3.598669e+01	-3.506224e+02
4.300000e-07	-6.689736e-06	-1.366317e-09	-3.586993e+01	-3.500480e+02
4.400000e-07	-6.667436e-06	-1.313896e-09	-3.575035e+01	-3.494553e+02
4.500000e-07	-6.644633e-06	-1.366463e-09	-3.562809e+01	-3.488444e+02
4.600000e-07	-6.621414e-06	-1.361207e-09	-3.550359e+01	-3.482161e+02
4.700000e-07	-6.597858e-06	-1.306439e-09	-3.537728e+01	-3.475707e+02
4.800000e-07	-6.573918e-06	-1.345532e-09	-3.524892e+01	-3.469090e+02
4.900000e-07	-6.549588e-06	-1.371627e-09	-3.511846e+01	-3.462317e+02
5.000000e-07	-6.524653e-06	-1.309342e-09	-3.498476e+01	-3.455397e+02
5.100000e-07	-6.498957e-06	-1.303536e-09	-3.484698e+01	-3.448337e+02
5.200000e-07	-6.472580e-06	-1.346423e-09	-3.470555e+01	-3.441145e+02
5.300000e-07	-6.445579e-06	-1.322244e-09	-3.456077e+01	-3.433830e+02
5.400000e-07	-6.418093e-06	-1.296826e-09	-3.441340e+01	-3.426399e+02
5.500000e-07	-6.390251e-06	-1.320566e-09	-3.426411e+01	-3.418861e+02
5.600000e-07	-6.362066e-06	-1.314127e-09	-3.411298e+01	-3.411221e+02
5.700000e-07	-6.333451e-06	-1.289688e-09	-3.395955e+01	-3.403487e+02
5.800000e-07	-6.304352e-06	-1.298105e-09	-3.380352e+01	-3.395661e+02
5.900000e-07	-6.274872e-06	-1.297132e-09	-3.364545e+01	-3.387750e+02
6.000000e-07	-6.245060e-06	-1.278257e-09	-3.348560e+01	-3.379754e+02
6.100000e-07	-6.214715e-06	-1.281051e-09	-3.332289e+01	-3.371676e+02
6.200000e-07	-6.183894e-06	-1.286104e-09	-3.315763e+01	-3.363515e+02
6.300000e-07	-6.152838e-06	-1.273596e-09	-3.299112e+01	-3.355269e+02
6.400000e-07	-6.121438e-06	-1.264559e-09	-3.282275e+01	-3.346936e+02
6.500000e-07	-6.089731e-06	-1.259234e-09	-3.265274e+01	-3.338511e+02
6.600000e-07	-6.057610e-06	-1.252500e-09	-3.248051e+01	-3.329988e+02
6.700000e-07	-6.024889e-06	-1.251254e-09	-3.230506e+01	-3.321360e+02
6.800000e-07	-5.991575e-06	-1.248631e-09	-3.212643e+01	-3.312620e+02
6.900000e-07	-5.957633e-06	-1.242664e-09	-3.194444e+01	-3.303757e+02
7.000000e-07	-5.923080e-06	-1.237426e-09	-3.175917e+01	-3.294761e+02
7.100000e-07	-5.888095e-06	-1.230038e-09	-3.157158e+01	-3.285622e+02
7.200000e-07	-5.852751e-06	-1.224973e-09	-3.138207e+01	-3.276327e+02
7.300000e-07	-5.817081e-06	-1.224308e-09	-3.119080e+01	-3.266866e+02
7.400000e-07	-5.781070e-06	-1.219210e-09	-3.099772e+01	-3.257225e+02
7.500000e-07	-5.744601e-06	-1.211382e-09	-3.080218e+01	-3.247392e+02
7.600000e-07	-5.707770e-06	-1.209046e-09	-3.060469e+01	-3.237355e+02
7.700000e-07	-5.670547e-06	-1.205352e-09	-3.040510e+01	-3.227102e+02
7.800000e-07	-5.632916e-06	-1.195757e-09	-3.020332e+01	-3.216621e+02
7.900000e-07	-5.594834e-06	-1.188712e-09	-2.999913e+01	-3.205900e+02
8.000000e-07	-5.556248e-06	-1.184689e-09	-2.979223e+01	-3.194930e+02
8.100000e-07	-5.517246e-06	-1.180588e-09	-2.958311e+01	-3.183699e+02
8.200000e-07	-5.477938e-06	-1.178503e-09	-2.937235e+01	-3.172200e+02
8.300000e-07	-5.438339e-06	-1.174964e-09	-2.916002e+01	-3.160423e+02
8.400000e-07	-5.398555e-06	-1.166953e-09	-2.894670e+01	-3.148362e+02
8.500000e-07	-5.358549e-06	-1.159394e-09	-2.873219e+01	-3.136010e+02
8.600000e-07	-5.318109e-06	-1.155240e-09	-2.851535e+01	-3.123361e+02
8.700000e-07	-5.277176e-06	-1.151710e-09	-2.829587e+01	-3.110410e+02
8.800000e-07	-5.235692e-06	-1.146387e-09	-2.807344e+01	-3.097153e+02
8.900000e-07	-5.193751e-06	-1.139831e-09	-2.784855e+01	-3.083588e+02
9.000000e-07	-5.151272e-06	-1.134023e-09	-2.762078e+01	-3.069713e+02
9.100000e-07	-5.108174e-06	-1.129407e-09	-2.738969e+01	-3.055524e+02
9.200000e-07	-5.064686e-06	-1.123732e-09	-2.715651e+01	-3.041022e+02
9.300000e-07	-5.020935e-06	-1.115759e-09	-2.692192e+01	-3.026206e+02
9.400000e-07	-4.976918e-06	-1.108063e-09	-2.668591e+01	-3.011076e+02
9.500000e-07	-4.932536e-06	-1.102200e-09	-2.644794e+01	-2.995631e+02
9.600000e-07	-4.887683e-06	-1.096953e-09	-2.620744e+01	-2.979874e+02
9.700000e-07	-4.842544e-06	-1.090588e-09	-2.596540e+01	-2.963804e+02
9.800000e-07	-4.797241e-06	-1.083731e-09	-2.572249e+01	-2.947424e+02
9.900000e-07	-4.751645e-06	-1.076985e-09	-2.547801e+01	-2.930734e+02
1.000000e-06	-4.705762e-06	-1.070372e-09	-2.523199e+01	-2.913735e+02
1.010000e-06	-4.659476e-06	-1.065269e-09	-2.498380e+01	-2.896431e+02
1.020000e-06	-4.612655e-06	-1.060161e-09	-2.473275e+01	-2.878821e+02
1.030000e-06	-4.565497e-06	-1.054290e-09	-2.447990e+01	-2.860909e+02
1.040000e-06	-4.518203e-06	-1.047613e-09	-2.422631e+01	-2.842696e+02
1.050000e-06	-4.470607e-06	-1.040256e-09	-2.397110e+01	-2.824185e+02
1.060000e-06	-4.422608e-06	-1.033022e-09	-2.371373e+01	-2.805377e+02
1.070000e-06	-4.374427e-06	-1.025522e-09	-2.345539e+01	-2.786276e+02
1.080000e-06	-4.326033e-06	-1.017901e-09	-2.319591e+01	-2.766884e+02
1.090000e-06	-4.277210e-06	-1.010803e-09	-2.293412e+01	-2.747205e+02
1.100000e-06	-4.227930e-06	-1.004349e-09	-2.266988e+01	-2.727242e+02
1.110000e-06	-4.178157e-06	-9.972798e-10	-2.240301e+01	-2.706998e+02
1.120000e-06	-4.127970e-06	-9.884400e-10	-2.213391e+01	-2.686479e+02
1.130000e-06	-4.077402e-06	-9.786550e-10	-2.186276e+01	-2.665689e+02
1.140000e-06	-4.026306e-06	-9.687743e-10	-2.158879e+01	-2.644632e+02
1.150000e-06	-3.974836e-06	-9.603635e-10	-2.131281e+01	-2.623315e+02
1.160000e-06	-3.923268e-06	-9.531291e-10	-2.103630e+01	-2.601743e+02
1.170000e-06	-3.871433e-06	-9.452356e-10	-2.075837e+01	-2.579923e+02
1.180000e-06	-3.819237e-06	-9.367054e-10	-2.047850e+01	-2.557860e+02
1.190000e-06	-3.766796e-06	-9.272481e-10	-2.019731e+01	-2.535562e+02
1.200000e-06	-3.714047e-06	-9.177809e-10	-1.991448e+01	-2.513036e+02
1.210000e-06	-3.660937e-06	-9.096810e-10	-1.962970e+01	-2.490289e+02
1.220000e-06	-3.607474e-06	-9.023411e-10	-1.934304e+01	-2.467327e+02
1.230000e-06	-3.553764e-06	-8.940473e-10	-1.905505e+01	-2.444158e+02
1.240000e-06	-3.499966e-06	-8.841046e-10	-1.876659e+01	-2.420788e+02
1.250000e-06	-3.445903e-06	-8.740227e-10	-1.847670e+01	-2.397224e+02
1.260000e-06	-3.391578e-06	-8.644829e-10	-1.818542e+01	-2.373471e+02
1.270000e-06	-3.337026e-06	-8.543281e-10	-1.789291e+01	-2.349534e+02
1.280000e-06	-3.282196e-06	-8.435420e-10	-1.759892e+01	-2.325418e+02
1.290000e-06	-3.227188e-06	-8.338748e-10	-1.730397e+01	-2.301127e+02
1.300000e-06	-3.171983e-06	-8.254610e-10	-1.700796e+01	-2.276662e+02
1.310000e-06	-3.116579e-06	-8.163640e-10	-1.671089e+01	-2.252026e+02
1.320000e-06	-3.060994e-06	-8.061869e-10	-1.641285e+01	-2.227218e+02
1.330000e-06	-3.005285e-06	-7.952282e-10	-1.611414e+01	-2.202238e+02
1.340000e-06	-2.949459e-06	-7.840323e-10	-1.581480e+01	-2.177083e+02
1.350000e-06	-2.893492e-06	-7.730805e-10	-1.551471e+01	-2.151749e+02
1.360000e-06	-2.837259e-06	-7.631405e-10	-1.521320e+01	-2.126231e+02
1.370000e-06	-2.780847e-06	-7.539269e-10	-1.491072e+01	-2.100523e+02
1.380000e-06	-2.724296e-06	-7.441091e-10	-1.460750e+01	-2.074617e+02
1.390000e-06	-2.667491e-06	-7.344456e-10	-1.430291e+01	-2.048504e+02
1.400000e-06	-2.610450e-06	-7.248079e-10	-1.399706e+01	-2.022173e+02
1.410000e-06	-2.553090e-06	-7.143224e-10	-1.368950e+01	-1.995613e+02
1.420000e-06	-2.495312e-06	-7.029345e-10	-1.337970e+01	-1.968811e+02
1.430000e-06	-2.437291e-06	-6.904619e-10	-1.306859e+01	-1.941755e+02
1.440000e-06	-2.379069e-06	-6.790818e-10	-1.275641e+01	-1.914429e+02
1.450000e-06	-2.320504e-06	-6.702687e-10	-1.244239e+01	-1.886818e+02
1.460000e-06	-2.261702e-06	-6.623057e-10	-1.212710e+01	-1.858909e+02
1.470000e-06	-2.202714e-06	-6.522790e-10	-1.181081e+01	-1.830684e+02
1.480000e-06	-2.143559e-06	-6.406266e-10	-1.149362e+01	-1.802127e+02
1.490000e-06	-2.084278e-06	-6.306523e-10	-1.117576e+01	-1.773225e+02
1.500000e-06	-2.024805e-06	-6.211714e-10	-1.085687e+01	-1.743959e+02
1.510000e-06	-1.965216e-06	-6.097832e-10	-1.053736e+01	-1.714316e+02
1.520000e-06	-1.905585e-06	-5.970058e-10	-1.021762e+01	-1.684281e+02
1.530000e-06	-1.845881e-06	-5.842325e-10	-9.897493e+00	-1.653839e+02
1.540000e-06	-1.786141e-06	-5.720650e-10	-9.577168e+00	-1.622977e+02
1.550000e-06	-1.726301e-06	-5.612334e-10	-9.256313e+00	-1.591682e+02
1.560000e-06	-1.666244e-06	-5.510969e-10	-8.934290e+00	-1.559943e+02
1.570000e-06	-1.606152e-06	-5.403259e-10	-8.612081e+00	-1.527749e+02
1.580000e-06	-1.546044e-06	-5.306599e-10	-8.289787e+00	-1.495090e+02
1.590000e-06	-1.485846e-06	-5.210095e-10	-7.967008e+00	-1.461959e+02
1.600000e-06	-1.425530e-06	-5.092838e-10	-7.643598e+00	-1.428348e+02
1.610000e-06	-1.365050e-06	-4.958747e-10	-7.319309e+00	-1.394251e+02
1.620000e-06	-1.304469e-06	-4.811778e-10	-6.994480e+00	-1.359663e+02
1.630000e-06	-1.243763e-06	-4.673892e-10	-6.668975e+00	-1.324580e+02
1.640000e-06	-1.183077e-06	-4.550607e-10	-6.343582e+00	-1.289001e+02
1.650000e-06	-1.122453e-06	-4.426463e-10	-6.018517e+00	-1.252924e+02
1.660000e-06	-1.061700e-06	-4.301423e-10	-5.692767e+00	-1.216349e+02
1.670000e-06	-1.000888e-06	-4.175247e-10	-5.366695e+00	-1.179277e+02
1.680000e-06	-9.399872e-07	-4.042046e-10	-5.040150e+00	-1.141711e+02
1.690000e-06	-8.788986e-07	-3.912176e-10	-4.712597e+00	-1.103652e+02
1.700000e-06	-8.177998e-07	-3.786675e-10	-4.384989e+00	-1.065106e+02
1.710000e-06	-7.567303e-07	-3.647098e-10	-4.057538e+00	-1.026078e+02
1.720000e-06	-6.955493e-07	-3.495109e-10	-3.729490e+00	-9.865744e+01
1.730000e-06	-6.343069e-07	-3.348326e-10	-3.401112e+00	-9.466023e+01
1.740000e-06	-5.730447e-07	-3.214006e-10	-3.072628e+00	-9.061704e+01
1.750000e-06	-5.117423e-07	-3.074915e-10	-2.743929e+00	-8.652880e+01
1.760000e-06	-4.503767e-07	-2.919948e-10	-2.414890e+00	-8.239656e+01
1.770000e-06	-3.890235e-07	-2.759110e-10	-2.085919e+00	-7.822149e+01
1.780000e-06	-3.276593e-07	-2.597362e-10	-1.756888e+00	-7.400486e+01
1.790000e-06	-2.662824e-07	-2.440638e-10	-1.427789e+00	-6.974807e+01
1.800000e-06	-2.049705e-07	-2.291377e-10	-1.099038e+00	-6.545261e+01
1.810000e-06	-1.435521e-07	-2.134432e-10	-7.697170e-01	-6.112013e+01
1.820000e-06	-8.211398e-08	-1.969138e-10	-4.402898e-01	-5.675238e+01
1.830000e-06	-2.072802e-08	-1.807286e-10	-1.111423e-01	-5.235124e+01
1.840000e-06	4.077664e-08	-1.647255e-10	2.186417e-01	-4.791873e+01
1.850000e-06	1.023437e-07	-1.491083e-10	5.487603e-01	-4.345700e+01
1.860000e-06	1.638043e-07	-1.343296e-10	8.783079e-01	-3.896831e+01
1.870000e-06	2.251206e-07	-1.194448e-10	1.207082e+00	-3.445507e+01
1.880000e-06	2.863919e-07	-1.026432e-10	1.535614e+00	-2.991981e+01
1.890000e-06	3.476372e-07	-8.501688e-11	1.864008e+00	-2.536516e+01
1.900000e-06	4.088909e-07	-6.835675e-11	2.192446e+00	-2.079387e+01
1.910000e-06	4.702558e-07	-5.282993e-11	2.521481e+00	-1.620879e+01
1.920000e-06	5.316204e-07	-3.740914e-11	2.850514e+00	-1.161286e+01
1.930000e-06	5.928979e-07	-2.119329e-11	3.179080e+00	-7.009065e+00
1.940000e-06	6.540763e-07	-4.385750e-12	3.507114e+00	-2.400482e+00
1.950000e-06	7.152562e-07	1.332407e-11	3.835157e+00	2.209798e+00
1.960000e-06	7.764196e-07	3.146916e-11	4.163111e+00	6.818659e+00
1.970000e-06	8.374280e-07	4.895680e-11	4.490234e+00	1.142299e+01
1.980000e-06	8.983737e-07	6.591010e-11	4.817021e+00	1.601971e+01
1.990000e-06	9.592766e-07	8.311320e-11	5.143578e+00	2.060577e+01
2.000000e-06	1.020051e-06	1.012054e-10	5.469447e+00	2.517822e+01
2.010000e-06	1.080767e-06	1.194243e-10	5.795002e+00	2.973418e+01
2.020000e-06	1.141534e-06	1.373253e-10	6.120829e+00	3.427090e+01
2.030000e-06	1.202293e-06	1.550457e-10	6.446615e+00	3.878576e+01
2.040000e-06	1.262936e-06	1.712307e-10	6.771781e+00	4.327630e+01
2.050000e-06	1.323460e-06	1.858313e-10	7.096308e+00	4.774024e+01
2.060000e-06	1.383788e-06	1.999792e-10	7.419780e+00	5.217549e+01
2.070000e-06	1.443947e-06	2.148381e-10	7.742347e+00	5.658015e+01
2.080000e-06	1.504092e-06	2.317084e-10	8.064840e+00	6.095256e+01
2.090000e-06	1.564233e-06	2.489957e-10	8.387314e+00	6.529127e+01
2.100000e-06	1.624290e-06	2.649026e-10	8.709335e+00	6.959503e+01
2.110000e-06	1.684186e-06	2.797935e-10	9.030495e+00	7.386287e+01
2.120000e-06	1.744030e-06	2.935530e-10	9.351376e+00	7.809398e+01
2.130000e-06	1.803829e-06	3.072155e-10	9.672011e+00	8.228781e+01
2.140000e-06	1.863484e-06	3.218704e-10	9.991878e+00	8.644400e+01
2.150000e-06	1.923061e-06	3.369794e-10	1.031132e+01	9.056237e+01
2.160000e-06	1.982578e-06	3.520236e-10	1.063045e+01	9.464293e+01
2.170000e-06	2.041977e-06	3.664492e-10	1.094894e+01	9.868583e+01
2.180000e-06	2.101266e-06	3.795504e-10	1.126685e+01	1.026914e+02
2.190000e-06	2.160364e-06	3.931909e-10	1.158373e+01	1.066599e+02
2.200000e-06	2.219256e-06	4.084894e-10	1.189951e+01	1.105920e+02
2.210000e-06	2.278017e-06	4.221875e-10	1.221458e+01	1.144881e+02
2.220000e-06	2.336485e-06	4.351663e-10	1.252808e+01	1.183488e+02
2.230000e-06	2.394759e-06	4.499299e-10	1.284054e+01	1.221747e+02
2.240000e-06	2.452869e-06	4.641956e-10	1.315212e+01	1.259664e+02
2.250000e-06	2.510493e-06	4.778072e-10	1.346110e+01	1.297244e+02
2.260000e-06	2.567590e-06	4.914367e-10	1.376725e+01	1.334491e+02
2.270000e-06	2.624424e-06	5.034248e-10	1.407199e+01	1.371409e+02
2.280000e-06	2.681090e-06	5.146675e-10	1.437583e+01	1.408000e+02
2.290000e-06	2.737515e-06	5.273172e-10	1.467838e+01	1.444267e+02
2.300000e-06	2.793712e-06	5.415118e-10	1.497970e+01	1.480209e+02
2.310000e-06	2.849757e-06	5.554483e-10	1.528021e+01	1.515825e+02
2.320000e-06	2.905654e-06	5.674382e-10	1.557993e+01	1.551113e+02
2.330000e-06	2.961360e-06	5.780710e-10	1.587862e+01	1.586070e+02
2.340000e-06	3.016892e-06	5.899023e-10	1.617638e+01	1.620690e+02
2.350000e-06	3.072319e-06	6.029966e-10	1.647357e+01	1.654968e+02
2.360000e-06	3.127703e-06	6.156799e-10	1.677054e+01	1.688895e+02
2.370000e-06	3.182943e-06	6.273335e-10	1.706673e+01	1.722464e+02
2.380000e-06	3.237849e-06	6.385629e-10	1.736114e+01	1.755665e+02
2.390000e-06	3.292403e-06	6.514602e-10	1.765365e+01	1.788490e+02
2.400000e-06	3.346790e-06	6.646724e-10	1.794527e+01	1.820928e+02
2.410000e-06	3.401034e-06	6.758528e-10	1.823612e+01	1.852969e+02
2.420000e-06	3.455121e-06	6.867850e-10	1.852613e+01	1.884604e+02
2.430000e-06	3.508991e-06	6.984379e-10	1.881498e+01	1.915822e+02
2.440000e-06	3.562558e-06	7.110518e-10	1.910220e+01	1.946616e+02
2.450000e-06	3.615834e-06	7.243636e-10	1.938786e+01	1.976977e+02
2.460000e-06	3.668905e-06	7.351640e-10	1.967243e+01	2.006898e+02
2.470000e-06	3.721742e-06	7.442611e-10	1.995574e+01	2.036373e+02
2.480000e-06	3.774189e-06	7.547872e-10	2.023695e+01	2.065397e+02
2.490000e-06	3.826391e-06	7.672216e-10	2.051686e+01	2.093969e+02
2.500000e-06	3.878322e-06	7.800815e-10	2.079531e+01	2.122087e+02
2.510000e-06	3.929896e-06	7.909598e-10	2.107185e+01	2.149751e+02
2.520000e-06	3.981109e-06	7.998277e-10	2.134644e+01	2.176964e+02
2.530000e-06	4.031959e-06	8.083797e-10	2.161910e+01	2.203730e+02
2.540000e-06	4.082438e-06	8.179747e-10	2.188977e+01	2.230054e+02
2.550000e-06	4.132509e-06	8.284144e-10	2.215824e+01	2.255944e+02
2.560000e-06	4.182277e-06	8.383070e-10	2.242509e+01	2.281410e+02
2.570000e-06	4.231514e-06	8.482796e-10	2.268910e+01	2.306460e+02
2.580000e-06	4.280188e-06	8.592851e-10	2.295009e+01	2.331108e+02
2.590000e-06	4.328480e-06	8.696774e-10	2.320902e+01	2.355365e+02
2.600000e-06	4.376480e-06	8.783796e-10	2.346640e+01	2.379246e+02
2.610000e-06	4.424257e-06	8.861416e-10	2.372258e+01	2.402763e+02
2.620000e-06	4.471822e-06	8.938626e-10	2.397762e+01	2.425932e+02
2.630000e-06	4.519123e-06	9.028962e-10	2.423124e+01	2.448767e+02
2.640000e-06	4.566118e-06	9.133790e-10	2.448322e+01	2.471283e+02
2.650000e-06	4.612898e-06	9.229433e-10	2.473406e+01	2.493493e+02
2.660000e-06	4.659288e-06	9.309337e-10	2.498280e+01	2.515411e+02
2.670000e-06	4.705208e-06	9.387494e-10	2.522902e+01	2.537050e+02
2.680000e-06	4.750840e-06	9.467504e-10	2.547369e+01	2.558421e+02
2.690000e-06	4.796198e-06	9.554008e-10	2.571690e+01	2.579535e+02
2.700000e-06	4.841193e-06	9.638179e-10	2.595816e+01	2.600402e+02
2.710000e-06	4.885878e-06	9.712029e-10	2.619776e+01	2.621030e+02
2.720000e-06	4.930311e-06	9.789905e-10	2.643600e+01	2.641425e+02
2.730000e-06	4.974429e-06	9.877214e-10	2.667256e+01	2.661593e+02
2.740000e-06	5.018258e-06	9.959413e-10	2.690757e+01	2.681538e+02
2.750000e-06	5.061798e-06	1.002638e-09	2.714103e+01	2.701262e+02
2.760000e-06	5.105066e-06	1.008905e-09	2.737303e+01	2.720767e+02
2.770000e-06	5.148018e-06	1.016119e-09	2.760334e+01	2.740053e+02
2.780000e-06	5.190554e-06	1.023438e-09	2.783141e+01	2.759118e+02
2.790000e-06	5.232517e-06	1.030369e-09	2.805642e+01	2.777962e+02
2.800000e-06	5.273805e-06	1.036475e-09	2.827780e+01	2.796581e+02
2.810000e-06	5.314511e-06	1.041540e-09	2.849606e+01	2.814974e+02
2.820000e-06	5.354724e-06	1.047399e-09	2.871168e+01	2.833135e+02
2.830000e-06	5.394677e-06	1.055065e-09	2.892590e+01	2.851062e+02
2.840000e-06	5.434479e-06	1.062508e-09	2.913932e+01	2.868751e+02
2.850000e-06	5.473987e-06	1.068574e-09	2.935116e+01	2.886198e+02
2.860000e-06	5.513161e-06	1.075266e-09	2.956121e+01	2.903402e+02
2.870000e-06	5.551928e-06	1.082515e-09	2.976907e+01	2.920358e+02
2.880000e-06	5.590248e-06	1.089336e-09	2.997455e+01	2.937067e+02
2.890000e-06	5.628215e-06	1.096017e-09	3.017812e+01	2.953526e+02
2.900000e-06	5.665737e-06	1.102606e-09	3.037931e+01	2.969735e+02
2.910000e-06	5.702803e-06	1.109209e-09	3.057806e+01	2.985695e+02
2.920000e-06	5.739380e-06	1.116809e-09	3.077418e+01	3.001409e+02
2.930000e-06	5.775608e-06	1.124432e-09	3.096843e+01	3.016877e+02
2.940000e-06	5.811642e-06	1.129693e-09	3.116164e+01	3.032104e+02
2.950000e-06	5.847434e-06	1.133896e-09	3.135356e+01	3.047095e+02
2.960000e-06	5.882992e-06	1.139975e-09	3.154422e+01	3.061853e+02
2.970000e-06	5.918148e-06	1.146404e-09	3.173272e+01	3.076385e+02
2.980000e-06	5.952646e-06	1.152083e-09	3.191770e+01	3.090697e+02
2.990000e-06	5.986450e-06	1.158164e-09	3.209895e+01	3.104795e+02
3.000000e-06	6.019557e-06	1.164308e-09	3.227647e+01	3.118685e+02
3.010000e-06	6.052038e-06	1.170333e-09	3.245063e+01	3.132374e+02
3.020000e-06	6.084133e-06	1.176161e-09	3.262272e+01	3.145869e+02
3.030000e-06	6.115923e-06	1.181156e-09	3.279318e+01	3.159175e+02
3.040000e-06	6.147436e-06	1.184759e-09	3.296215e+01	3.172298e+02
3.050000e-06	6.178647e-06	1.189622e-09	3.312950e+01	3.185243e+02
3.060000e-06	6.209306e-06	1.196779e-09	3.329389e+01	3.198013e+02
3.070000e-06	6.239440e-06	1.203364e-09	3.345547e+01	3.210611e+02
3.080000e-06	6.269278e-06	1.208376e-09	3.361546e+01	3.223040e+02
3.090000e-06	6.298708e-06	1.213310e-09	3.377326e+01	3.235300e+02
3.100000e-06	6.327710e-06	1.218563e-09	3.392877e+01	3.247391e+02
3.110000e-06	6.356327e-06	1.223351e-09	3.408221e+01	3.259312e+02
3.120000e-06	6.384533e-06	1.228071e-09	3.423345e+01	3.271061e+02
3.130000e-06	6.412432e-06	1.232644e-09	3.438304e+01	3.282633e+02
3.140000e-06	6.440113e-06	1.236422e-09	3.453146e+01	3.294025e+02
3.150000e-06	6.467361e-06	1.240496e-09	3.467756e+01	3.305232e+02
3.160000e-06	6.494015e-06	1.245432e-09	3.482048e+01	3.316247e+02
3.170000e-06	6.520021e-06	1.251087e-09	3.495992e+01	3.327065e+02
3.180000e-06	6.545193e-06	1.256604e-09	3.509490e+01	3.337678e+02
3.190000e-06	6.569597e-06	1.262310e-09	3.522575e+01	3.348079e+02
3.200000e-06	6.593548e-06	1.268569e-09	3.535417e+01	3.358261e+02
3.210000e-06	6.617088e-06	1.273080e-09	3.548039e+01	3.368218e+02
3.220000e-06	6.640228e-06	1.276035e-09	3.560447e+01	3.377943e+02
3.230000e-06	6.663068e-06	1.279114e-09	3.572694e+01	3.387431e+02
3.240000e-06	6.685402e-06	1.282539e-09	3.584669e+01	3.396676e+02
3.250000e-06	6.707220e-06	1.286949e-09	3.596368e+01	3.405674e+02
3.260000e-06	6.728625e-06	1.292566e-09	3.607845e+01	3.414423e+02
3.270000e-06	6.749604e-06	1.298415e-09	3.619093e+01	3.422920e+02
3.280000e-06	6.770096e-06	1.303745e-09	3.630081e+01	3.431166e+02
3.290000e-06	6.790093e-06	1.308081e-09	3.640803e+01	3.439160e+02
3.300000e-06	6.809791e-06	1.311638e-09	3.651365e+01	3.446905e+02
3.310000e-06	6.829182e-06	1.314996e-09	3.661763e+01	3.454405e+02
3.320000e-06	6.848003e-06	1.318613e-09	3.671854e+01	3.461664e+02
3.330000e-06	6.866262e-06	1.322657e-09	3.681645e+01	3.468687e+02
3.340000e-06	6.883998e-06	1.327671e-09	3.691154e+01	3.475483e+02
3.350000e-06	6.901188e-06	1.332167e-09	3.700372e+01	3.482058e+02
3.360000e-06	6.917894e-06	1.334573e-09	3.709329e+01	3.488422e+02
3.370000e-06	6.934240e-06	1.336153e-09	3.718094e+01	3.494585e+02
3.380000e-06	6.950179e-06	1.338113e-09	3.726640e+01	3.500555e+02
3.390000e-06	6.965434e-06	1.341406e-09	3.734820e+01	3.506343e+02
3.400000e-06	6.980213e-06	1.345777e-09	3.742745e+01	3.511959e+02
3.410000e-06	6.994578e-06	1.350619e-09	3.750447e+01	3.517413e+02
3.420000e-06	7.008289e-06	1.354786e-09	3.757799e+01	3.522713e+02
3.430000e-06	7.021350e-06	1.356774e-09	3.764802e+01	3.527869e+02
3.440000e-06	7.033921e-06	1.357485e-09	3.771542e+01	3.532888e+02
3.450000e-06	7.046046e-06	1.358545e-09	3.778044e+01	3.537777e+02
3.460000e-06	7.057753e-06	1.360468e-09	3.784321e+01	3.542542e+02
3.470000e-06	7.068906e-06	1.362373e-09	3.790301e+01	3.547187e+02
3.480000e-06	7.079206e-06	1.364412e-09	3.795824e+01	3.551715e+02
3.490000e-06	7.088703e-06	1.367852e-09	3.800916e+01	3.556126e+02
3.500000e-06	7.097412e-06	1.371000e-09	3.805586e+01	3.560422e+02
3.510000e-06	7.105483e-06	1.372605e-09	3.809913e+01	3.564601e+02
3.520000e-06	7.113232e-06	1.373818e-09	3.814068e+01	3.568659e+02
3.530000e-06	7.120606e-06	1.375344e-09	3.818022e+01	3.572593e+02
3.540000e-06	7.127559e-06	1.376541e-09	3.821751e+01	3.576397e+02
3.550000e-06	7.134047e-06	1.377951e-09	3.825229e+01	3.580064e+02
3.560000e-06	7.139982e-06	1.380524e-09	3.828411e+01	3.583586e+02
3.570000e-06	7.145401e-06	1.383298e-09	3.831317e+01	3.586956e+02
3.580000e-06	7.150270e-06	1.386116e-09	3.833928e+01	3.590165e+02
3.590000e-06	7.154618e-06	1.388962e-09	3.836259e+01	3.593204e+02
3.600000e-06	7.158616e-06	1.390124e-09	3.838403e+01	3.596062e+02
3.610000e-06	7.162366e-06	1.390310e-09	3.840414e+01	3.598732e+02
3.620000e-06	7.165792e-06	1.390882e-09	3.842250e+01	3.601204e+02
3.630000e-06	7.168668e-06	1.391130e-09	3.843793e+01	3.603471e+02
3.640000e-06	7.170798e-06	1.391665e-09	3.844935e+01	3.605524e+02
3.650000e-06	7.172133e-06	1.393800e-09	3.845651e+01	3.607358e+02
3.660000e-06	7.172748e-06	1.396035e-09	3.845980e+01	3.608967e+02
3.670000e-06	7.172784e-06	1.398130e-09	3.846000e+01	3.610347e+02
3.680000e-06	7.172468e-06	1.400612e-09	3.845830e+01	3.611496e+02
3.690000e-06	7.171792e-06	1.401595e-09	3.845468e+01	3.612411e+02
3.700000e-06	7.170614e-06	1.401474e-09	3.844836e+01	3.613093e+02
3.710000e-06	7.169000e-06	1.401642e-09	3.843971e+01	3.613544e+02
3.720000e-06	7.166924e-06	1.402867e-09	3.842858e+01	3.613766e+02
3.730000e-06	7.164314e-06	1.404084e-09	3.841458e+01	3.613764e+02
3.740000e-06	7.161200e-06	1.403144e-09	3.839789e+01	3.613543e+02
3.750000e-06	7.157643e-06	1.396794e-09	3.837881e+01	3.613110e+02
3.760000e-06	7.153707e-06	1.403617e-09	3.835771e+01	3.612472e+02
3.770000e-06	7.149236e-06	1.446990e-09	3.833373e+01	3.611638e+02
3.780000e-06	7.143848e-06	1.455290e-09	3.830485e+01	3.610617e+02
3.790000e-06	7.137508e-06	1.365779e-09	3.827085e+01	3.609418e+02
3.800000e-06	7.130807e-06	1.337907e-09	3.823492e+01	3.608050e+02
3.810000e-06	7.123970e-06	1.449433e-09	3.819826e+01	3.606524e+02
3.820000e-06	7.116561e-06	1.488183e-09	3.815853e+01	3.604847e+02
3.830000e-06	7.108575e-06	1.365440e-09	3.811571e+01	3.603028e+02
3.840000e-06	7.100245e-06	1.326145e-09	3.807105e+01	3.601076e+02
3.850000e-06	7.091649e-06	1.483402e-09	3.802496e+01	3.598998e+02
3.860000e-06	7.082485e-06	1.528030e-09	3.797582e+01	3.596800e+02
3.870000e-06	7.072592e-06	1.334163e-09	3.792278e+01	3.594486e+02
3.880000e-06	7.062315e-06	1.283411e-09	3.786767e+01	3.592062e+02
3.890000e-06	7.051783e-06	1.496827e-09	3.781120e+01	3.589528e+02
3.900000e-06	7.040721e-06	1.537810e-09	3.775188e+01	3.586887e+02
3.910000e-06	7.028906e-06	1.325196e-09	3.768853e+01	3.584139e+02
3.920000e-06	7.016495e-06	1.319297e-09	3.762198e+01	3.581281e+02
3.930000e-06	7.003472e-06	1.523703e-09	3.755216e+01	3.578313e+02
3.940000e-06	6.989692e-06	1.475549e-09	3.747827e+01	3.575229e+02
3.950000e-06	6.975142e-06	1.288635e-09	3.740025e+01	3.572026e+02
3.960000e-06	6.959933e-06	1.388917e-09	3.731870e+01	3.568698e+02
3.970000e-06	6.944228e-06	1.540437e-09	3.723450e+01	3.565239e+02
3.980000e-06	6.928091e-06	1.402881e-09	3.714797e+01	3.561643e+02
3.990000e-06	6.911499e-06	1.317759e-09	3.705900e+01	3.557901e+02
4.000000e-06	6.894521e-06	1.479004e-09	3.696797e+01	3.554009e+02
4.010000e-06	6.877058e-06	1.471897e-09	3.687433e+01	3.549958e+02
4.020000e-06	6.859067e-06	1.302292e-09	3.677787e+01	3.545742e+02
4.030000e-06	6.840672e-06	1.388830e-09	3.667924e+01	3.541355e+02
4.040000e-06	6.821826e-06	1.529475e-09	3.657818e+01	3.536792e+02
4.050000e-06	6.802444e-06	1.388154e-09	3.647426e+01	3.532048e+02
4.060000e-06	6.782648e-06	1.309801e-09	3.636811e+01	3.527120e+02
4.070000e-06	6.762510e-06	1.469208e-09	3.626014e+01	3.522004e+02
4.080000e-06	6.742044e-06	1.463205e-09	3.615040e+01	3.516700e+02
4.090000e-06	6.721149e-06	1.320537e-09	3.603836e+01	3.511208e+02
4.100000e-06	6.699539e-06	1.394738e-09	3.592249e+01	3.505527e+02
4.110000e-06	6.677117e-06	1.478586e-09	3.580226e+01	3.499662e+02
4.120000e-06	6.653895e-06	1.369699e-09	3.567775e+01	3.493614e+02
4.130000e-06	6.630076e-06	1.358456e-09	3.555003e+01	3.487390e+02
4.140000e-06	6.605940e-06	1.451752e-09	3.542062e+01	3.480993e+02
4.150000e-06	6.581549e-06	1.393161e-09	3.528983e+01	3.474431e+02
4.160000e-06	6.556801e-06	1.337507e-09	3.515714e+01	3.467711e+02
4.170000e-06	6.531636e-06	1.421069e-09	3.502220e+01	3.460840e+02
4.180000e-06	6.505917e-06	1.424093e-09	3.488430e+01	3.453826e+02
4.190000e-06	6.479653e-06	1.354654e-09	3.474347e+01	3.446678e+02
4.200000e-06	6.452908e-06	1.384539e-09	3.460007e+01	3.439405e+02
4.210000e-06	6.425618e-06	1.406633e-09	3.445374e+01	3.432013e+02
4.220000e-06	6.397922e-06	1.362507e-09	3.430524e+01	3.424511e+02
4.230000e-06	6.369966e-06	1.372133e-09	3.415534e+01	3.416906e+02
4.240000e-06	6.341725e-06	1.394294e-09	3.400391e+01	3.409203e+02
4.250000e-06	6.313081e-06	1.367161e-09	3.385033e+01	3.401409e+02
4.260000e-06	6.284040e-06	1.365518e-09	3.369461e+01	3.393527e+02
4.270000e-06	6.254568e-06	1.381824e-09	3.353659e+01	3.385560e+02
4.280000e-06	6.224321e-06	1.367883e-09	3.337440e+01	3.377511e+02
4.290000e-06	6.193245e-06	1.360525e-09	3.320777e+01	3.369378e+02
4.300000e-06	6.161646e-06	1.363510e-09	3.303834e+01	3.361162e+02
4.310000e-06	6.129637e-06	1.359846e-09	3.286671e+01	3.352860e+02
4.320000e-06	6.097123e-06	1.365654e-09	3.269237e+01	3.344467e+02
4.330000e-06	6.064350e-06	1.362120e-09	3.251665e+01	3.335979e+02
4.340000e-06	6.031260e-06	1.346920e-09	3.233922e+01	3.327388e+02
4.350000e-06	5.997599e-06	1.352056e-09	3.215873e+01	3.318687e+02
4.360000e-06	5.963537e-06	1.354723e-09	3.197609e+01	3.309867e+02
4.370000e-06	5.929098e-06	1.343610e-09	3.179143e+01	3.300918e+02
4.380000e-06	5.894226e-06	1.348527e-09	3.160446e+01	3.291829e+02
4.390000e-06	5.858902e-06	1.349485e-09	3.141505e+01	3.282589e+02
4.400000e-06	5.823242e-06	1.334833e-09	3.122384e+01	3.273185e+02
4.410000e-06	5.787331e-06	1.336783e-09	3.103129e+01	3.263607e+02
4.420000e-06	5.751214e-06	1.342143e-09	3.083763e+01	3.253840e+02
4.430000e-06	5.714916e-06	1.328941e-09	3.064301e+01	3.243874e+02
4.440000e-06	5.678156e-06	1.323084e-09	3.044590e+01	3.233695e+02
4.450000e-06	5.640698e-06	1.329089e-09	3.024505e+01	3.223292e+02
4.460000e-06	5.602592e-06	1.326429e-09	3.004073e+01	3.212654e+02
4.470000e-06	5.563689e-06	1.319767e-09	2.983214e+01	3.201769e+02
4.480000e-06	5.524134e-06	1.315045e-09	2.962004e+01	3.190628e+02
4.490000e-06	5.484274e-06	1.308398e-09	2.940632e+01	3.179220e+02
4.500000e-06	5.444127e-06	1.304278e-09	2.919105e+01	3.167538e+02
4.510000e-06	5.403736e-06	1.302828e-09	2.897448e+01	3.155574e+02
4.520000e-06	5.362917e-06	1.298847e-09	2.875561e+01	3.143320e+02
4.530000e-06	5.321674e-06	1.292805e-09	2.853447e+01	3.130771e+02
4.540000e-06	5.280242e-06	1.286490e-09	2.831231e+01	3.117923e+02
4.550000e-06	5.238499e-06	1.283107e-09	2.808849e+01	3.104770e+02
4.560000e-06	5.196363e-06	1.281921e-09	2.786256e+01	3.091309e+02
4.570000e-06	5.153902e-06	1.276478e-09	2.763488e+01	3.077538e+02
4.580000e-06	5.111156e-06	1.268753e-09	2.740568e+01	3.063455e+02
4.590000e-06	5.068074e-06	1.264648e-09	2.717468e+01	3.049059e+02
4.600000e-06	5.024544e-06	1.263107e-09	2.694128e+01	3.034349e+02
4.610000e-06	4.980685e-06	1.258537e-09	2.670610e+01	3.019324e+02
4.620000e-06	4.936618e-06	1.249562e-09	2.646982e+01	3.003986e+02
4.630000e-06	4.892390e-06	1.241289e-09	2.623267e+01	2.988334e+02
4.640000e-06	4.848099e-06	1.236617e-09	2.599519e+01	2.972369e+02
4.650000e-06	4.803552e-06	1.232637e-09	2.575633e+01	2.956094e+02
4.660000e-06	4.758468e-06	1.226909e-09	2.551460e+01	2.939508e+02
4.670000e-06	4.712885e-06	1.220251e-09	2.527018e+01	2.922613e+02
4.680000e-06	4.666748e-06	1.212279e-09	2.502280e+01	2.905411e+02
4.690000e-06	4.620191e-06	1.204164e-09	2.477316e+01	2.887904e+02
4.700000e-06	4.573481e-06	1.198030e-09	2.452271e+01	2.870094e+02
4.710000e-06	4.526510e-06	1.192102e-09	2.427085e+01	2.851982e+02
4.720000e-06	4.479247e-06	1.184936e-09	2.401743e+01	2.833571e+02
4.730000e-06	4.431672e-06	1.176856e-09	2.376233e+01	2.814863e+02
4.740000e-06	4.383818e-06	1.169263e-09	2.350575e+01	2.795861e+02
4.750000e-06	4.335657e-06	1.162208e-09	2.324751e+01	2.776567e+02
4.760000e-06	4.286993e-06	1.153347e-09	2.298658e+01	2.756984e+02
4.770000e-06	4.237747e-06	1.143532e-09	2.272252e+01	2.737116e+02
4.780000e-06	4.188165e-06	1.135330e-09	2.245666e+01	2.716967e+02
4.790000e-06	4.138398e-06	1.128093e-09	2.218982e+01	2.696540e+02
4.800000e-06	4.088305e-06	1.120430e-09	2.192122e+01	2.675841e+02
4.810000e-06	4.037932e-06	1.111320e-09	2.165113e+01	2.654874e+02
4.820000e-06	3.987243e-06	1.100312e-09	2.137934e+01	2.633644e+02
4.830000e-06	3.936151e-06	1.090924e-09	2.110538e+01	2.612158e+02
4.840000e-06	3.884779e-06	1.083245e-09	2.082993e+01	2.590420e+02
4.850000e-06	3.833236e-06	1.074617e-09	2.055356e+01	2.568439e+02
4.860000e-06	3.781365e-06	1.065166e-09	2.027543e+01	2.546220e+02
4.870000e-06	3.729172e-06	1.055403e-09	1.999558e+01	2.523770e+02
4.880000e-06	3.676763e-06	1.046072e-09	1.971456e+01	2.501097e+02
4.890000e-06	3.624155e-06	1.036957e-09	1.943248e+01	2.478207e+02
4.900000e-06	3.571260e-06	1.026954e-09	1.914886e+01	2.455107e+02
4.910000e-06	3.517776e-06	1.016375e-09	1.886209e+01	2.431805e+02
4.920000e-06	3.463812e-06	1.006799e-09	1.857273e+01	2.408306e+02
4.930000e-06	3.409553e-06	9.981472e-10	1.828180e+01	2.384616e+02
4.940000e-06	3.354893e-06	9.893451e-10	1.798871e+01	2.360741e+02
4.950000e-06	3.299906e-06	9.794186e-10	1.769388e+01	2.336686e+02
4.960000e-06	3.244713e-06	9.674961e-10	1.739794e+01	2.312454e+02
4.970000e-06	3.189283e-06	9.563235e-10	1.710073e+01	2.288048e+02
4.980000e-06	3.133548e-06	9.481109e-10	1.680188e+01	2.263470e+02
4.990000e-06	3.077596e-06	9.399032e-10	1.650187e+01	2.238721e+02
5.000000e-06	3.021550e-06	9.300550e-10	1.620135e+01	2.213799e+02
5.010000e-06	2.965303e-06	9.194454e-10	1.589976e+01	2.188704e+02
5.020000e-06	2.908891e-06	9.089961e-10	1.559728e+01	2.163431e+02
5.030000e-06	2.852400e-06	8.987283e-10	1.529438e+01	2.137976e+02
5.040000e-06	2.795706e-06	8.883419e-10	1.499039e+01	2.112334e+02
5.050000e-06	2.738734e-06	8.768040e-10	1.468491e+01	2.086496e+02
5.060000e-06	2.681562e-06	8.643188e-10	1.437836e+01	2.060454e+02
5.070000e-06	2.624309e-06	8.530292e-10	1.407137e+01	2.034198e+02
5.080000e-06	2.566930e-06	8.430663e-10	1.376371e+01	2.007717e+02
5.090000e-06	2.509299e-06	8.338152e-10	1.345470e+01	1.980998e+02
5.100000e-06	2.451411e-06	8.240692e-10	1.314431e+01	1.954029e+02
5.110000e-06	2.393392e-06	8.123224e-10	1.283321e+01	1.926796e+02
5.120000e-06	2.335231e-06	7.996788e-10	1.252135e+01	1.899283e+02
5.130000e-06	2.276956e-06	7.881529e-10	1.220889e+01	1.871476e+02
5.140000e-06	2.218517e-06	7.771041e-10	1.189554e+01	1.843359e+02
5.150000e-06	2.159778e-06	7.651005e-10	1.158059e+01	1.814916e+02
5.160000e-06	2.100883e-06	7.528247e-10	1.126480e+01	1.786132e+02
5.170000e-06	2.041944e-06	7.423525e-10	1.094877e+01	1.756990e+02
5.180000e-06	1.982766e-06	7.328338e-10	1.063146e+01	1.727476e+02
5.190000e-06	1.923408e-06	7.211534e-10	1.031319e+01	1.697574e+02
5.200000e-06	1.864017e-06	7.075316e-10	9.994738e+00	1.667270e+02
5.210000e-06	1.804492e-06	6.937368e-10	9.675568e+00	1.636551e+02
5.220000e-06	1.744861e-06	6.804278e-10	9.355829e+00	1.605402e+02
5.230000e-06	1.685103e-06	6.671371e-10	9.035413e+00	1.573814e+02
5.240000e-06	1.625218e-06	6.527349e-10	8.714310e+00	1.541774e+02
5.250000e-06	1.565252e-06	6.382194e-10	8.392779e+00	1.509272e+02
5.260000e-06	1.505247e-06	6.269862e-10	8.071034e+00	1.476301e+02
5.270000e-06	1.445170e-06	6.178680e-10	7.748906e+00	1.442851e+02
5.280000e-06	1.385008e-06	6.061617e-10	7.426322e+00	1.408918e+02
5.290000e-06	1.324789e-06	5.904453e-10	7.103434e+00	1.374495e+02
5.300000e-06	1.264547e-06	5.724340e-10	6.780420e+00	1.339579e+02
5.310000e-06	1.204351e-06	5.547593e-10	6.457651e+00	1.304167e+02
5.320000e-06	1.144059e-06	5.382430e-10	6.134371e+00	1.268257e+02
5.330000e-06	1.083633e-06	5.222013e-10	5.810371e+00	1.231849e+02
5.340000e-06	1.023169e-06	5.067467e-10	5.486165e+00	1.194944e+02
5.350000e-06	9.626959e-07	4.931248e-10	5.161912e+00	1.157543e+02
5.360000e-06	9.021913e-07	4.798781e-10	4.837491e+00	1.119649e+02
5.370000e-06	8.415485e-07	4.651578e-10	4.512328e+00	1.081266e+02
5.380000e-06	7.808294e-07	4.479299e-10	4.186756e+00	1.042399e+02
5.390000e-06	7.200965e-07	4.289118e-10	3.861110e+00	1.003055e+02
5.400000e-06	6.592374e-07	4.102679e-10	3.534787e+00	9.632389e+01
5.410000e-06	5.982591e-07	3.924049e-10	3.207826e+00	9.229604e+01
5.420000e-06	5.372176e-07	3.759660e-10	2.880526e+00	8.822281e+01
5.430000e-06	4.761765e-07	3.590975e-10	2.553227e+00	8.410523e+01
5.440000e-06	4.151481e-07	3.411999e-10	2.225997e+00	7.994442e+01
5.450000e-06	3.541317e-07	3.250974e-10	1.898831e+00	7.574161e+01
5.460000e-06	2.930918e-07	3.103883e-10	1.571539e+00	7.149816e+01
5.470000e-06	2.319481e-07	2.928770e-10	1.243691e+00	6.721553e+01
5.480000e-06	1.708299e-07	2.723055e-10	9.159789e-01	6.289531e+01
5.490000e-06	1.097880e-07	2.521286e-10	5.886761e-01	5.853923e+01
5.500000e-06	4.881666e-08	2.328500e-10	2.617517e-01	5.414912e+01
5.510000e-06	-1.210661e-08	2.141750e-10	-6.491487e-02	4.972695e+01
5.520000e-06	-7.307969e-08	1.960037e-10	-3.918485e-01	4.527483e+01
5.530000e-06	-1.341255e-07	1.775306e-10	-7.191719e-01	4.079498e+01
5.540000e-06	-1.953332e-07	1.595581e-10	-1.047364e+00	3.628977e+01
5.550000e-06	-2.564457e-07	1.422097e-10	-1.375045e+00	3.176167e+01
5.560000e-06	-3.174083e-07	1.233978e-10	-1.701922e+00	2.721330e+01
5.570000e-06	-3.784257e-07	1.021603e-10	-2.029094e+00	2.264736e+01
5.580000e-06	-4.393419e-07	8.112536e-11	-2.355722e+00	1.806667e+01
5.590000e-06	-5.002411e-07	6.124914e-11	-2.682260e+00	1.347413e+01
5.600000e-06	-5.611199e-07	4.117690e-11	-3.008688e+00	8.872738e+00
5.610000e-06	-6.218419e-07	2.104174e-11	-3.334276e+00	4.265525e+00
5.620000e-06	-6.825281e-07	8.128448e-13	-3.659671e+00	-3.444208e-01
5.630000e-06	-7.432392e-07	-1.906290e-11	-3.985200e+00	-4.953987e+00
5.640000e-06	-8.038315e-07	-3.802316e-11	-4.310092e+00	-9.560058e+00
5.650000e-06	-8.642749e-07	-5.647698e-11	-4.634185e+00	-1.415954e+01
5.660000e-06	-9.246938e-07	-7.541643e-11	-4.958147e+00	-1.874937e+01
5.670000e-06	-9.851629e-07	-9.441702e-11	-5.282379e+00	-2.332657e+01
5.680000e-06	-1.045635e-06	-1.137910e-10	-5.606627e+00	-2.788823e+01
5.690000e-06	-1.106074e-06	-1.337111e-10	-5.930695e+00	-3.243154e+01
5.700000e-06	-1.166438e-06	-1.535065e-10	-6.254364e+00	-3.695385e+01
5.710000e-06	-1.226749e-06	-1.734288e-10	-6.577747e+00	-4.145265e+01
5.720000e-06	-1.287047e-06	-1.924890e-10	-6.901063e+00	-4.592558e+01
5.730000e-06	-1.347270e-06	-2.101194e-10	-7.223971e+00	-5.037050e+01
5.740000e-06	-1.407414e-06	-2.271286e-10	-7.546462e+00	-5.478544e+01
5.750000e-06	-1.467479e-06	-2.456325e-10	-7.868527e+00	-5.916866e+01
5.760000e-06	-1.527464e-06	-2.660159e-10	-8.190163e+00	-6.351863e+01
5.770000e-06	-1.587305e-06	-2.859478e-10	-8.511027e+00	-6.783405e+01
5.780000e-06	-1.647036e-06	-3.044223e-10	-8.831299e+00	-7.211385e+01
5.790000e-06	-1.706739e-06	-3.223129e-10	-9.151422e+00	-7.635716e+01
5.800000e-06	-1.766380e-06	-3.401095e-10	-9.471216e+00	-8.056335e+01
5.810000e-06	-1.825882e-06	-3.580638e-10	-9.790259e+00	-8.473200e+01
5.820000e-06	-1.885222e-06	-3.755506e-10	-1.010843e+01	-8.886287e+01
5.830000e-06	-1.944456e-06	-3.920094e-10	-1.042604e+01	-9.295591e+01
5.840000e-06	-2.003608e-06	-4.085061e-10	-1.074322e+01	-9.701122e+01
5.850000e-06	-2.062618e-06	-4.256934e-10	-1.105962e+01	-1.010291e+02
5.860000e-06	-2.121419e-06	-4.425324e-10	-1.137491e+01	-1.050098e+02
5.870000e-06	-2.180033e-06	-4.577686e-10	-1.168919e+01	-1.089538e+02
5.880000e-06	-2.238536e-06	-4.723334e-10	-1.200288e+01	-1.128617e+02
5.890000e-06	-2.296881e-06	-4.887861e-10	-1.231573e+01	-1.167341e+02
5.900000e-06	-2.354942e-06	-5.068870e-10	-1.262705e+01	-1.205714e+02
5.910000e-06	-2.412846e-06	-5.245597e-10	-1.293752e+01	-1.243744e+02
5.920000e-06	-2.470617e-06	-5.407603e-10	-1.324729e+01	-1.281434e+02
5.930000e-06	-2.528185e-06	-5.557987e-10	-1.355596e+01	-1.318790e+02
5.940000e-06	-2.585549e-06	-5.710781e-10	-1.386354e+01	-1.355816e+02
5.950000e-06	-2.642714e-06	-5.861576e-10	-1.417006e+01	-1.392515e+02
5.960000e-06	-2.699730e-06	-6.009632e-10	-1.447577e+01	-1.428889e+02
5.970000e-06	-2.756593e-06	-6.160750e-10	-1.478067e+01	-1.464938e+02
5.980000e-06	-2.813255e-06	-6.317746e-10	-1.508449e+01	-1.500662e+02
5.990000e-06	-2.869733e-06	-6.476485e-10	-1.538732e+01	-1.536059e+02
6.000000e-06	-2.926069e-06	-6.625332e-10	-1.568939e+01	-1.571125e+02
6.010000e-06	-2.982252e-06	-6.767028e-10	-1.599064e+01	-1.605857e+02
6.020000e-06	-3.038290e-06	-6.905389e-10	-1.629111e+01	-1.640248e+02
6.030000e-06	-3.094196e-06	-7.034909e-10	-1.659088e+01	-1.674292e+02
6.040000e-06	-3.149860e-06	-7.165003e-10	-1.688934e+01	-1.707980e+02
6.050000e-06	-3.205274e-06	-7.305565e-10	-1.718647e+01	-1.741304e+02
6.060000e-06	-3.260383e-06	-7.453029e-10	-1.748196e+01	-1.774254e+02
6.070000e-06	-3.315112e-06	-7.598650e-10	-1.777541e+01	-1.806821e+02
6.080000e-06	-3.369557e-06	-7.733460e-10	-1.806734e+01	-1.838994e+02
6.090000e-06	-3.423840e-06	-7.857854e-10	-1.835841e+01	-1.870765e+02
6.100000e-06	-3.477732e-06	-7.980418e-10	-1.864737e+01	-1.902122e+02
6.110000e-06	-3.531118e-06	-8.104866e-10	-1.893363e+01	-1.933057e+02
6.120000e-06	-3.584119e-06	-8.230427e-10	-1.921781e+01	-1.963562e+02
6.130000e-06	-3.636710e-06	-8.353075e-10	-1.949980e+01	-1.993629e+02
6.140000e-06	-3.689051e-06	-8.471437e-10	-1.978045e+01	-2.023252e+02
6.150000e-06	-3.741210e-06	-8.589000e-10	-2.006012e+01	-2.052426e+02
6.160000e-06	-3.793048e-06	-8.708071e-10	-2.033807e+01	-2.081148e+02
6.170000e-06	-3.844570e-06	-8.834055e-10	-2.061433e+01	-2.109416e+02
6.180000e-06	-3.895866e-06	-8.953952e-10	-2.088938e+01	-2.137230e+02
6.190000e-06	-3.946882e-06	-9.062134e-10	-2.116292e+01	-2.164592e+02
6.200000e-06	-3.997633e-06	-9.180184e-10	-2.143504e+01	-2.191505e+02
6.210000e-06	-4.048079e-06	-9.304132e-10	-2.170553e+01	-2.217974e+02
6.220000e-06	-4.098088e-06	-9.412283e-10	-2.197368e+01	-2.244007e+02
6.230000e-06	-4.147761e-06	-9.509055e-10	-2.224002e+01	-2.269612e+02
6.240000e-06	-4.197065e-06	-9.609558e-10	-2.250439e+01	-2.294798e+02
6.250000e-06	-4.246098e-06	-9.709655e-10	-2.276730e+01	-2.319578e+02
6.260000e-06	-4.294858e-06	-9.807856e-10	-2.302874e+01	-2.343963e+02
6.270000e-06	-4.342838e-06	-9.915063e-10	-2.328601e+01	-2.367966e+02
6.280000e-06	-4.390426e-06	-1.001855e-09	-2.354118e+01	-2.391602e+02
6.290000e-06	-4.437821e-06	-1.011148e-09	-2.379530e+01	-2.414884e+02
6.300000e-06	-4.484801e-06	-1.020670e-09	-2.404721e+01	-2.437828e+02
6.310000e-06	-4.531530e-06	-1.029933e-09	-2.429777e+01	-2.460447e+02
6.320000e-06	-4.578077e-06	-1.038726e-09	-2.454735e+01	-2.482756e+02
6.330000e-06	-4.624462e-06	-1.046719e-09	-2.479606e+01	-2.504769e+02
6.340000e-06	-4.670602e-06	-1.054162e-09	-2.504346e+01	-2.526498e+02
6.350000e-06	-4.716291e-06	-1.062577e-09	-2.528844e+01	-2.547956e+02
6.360000e-06	-4.761533e-06	-1.071418e-09	-2.553103e+01	-2.569154e+02
6.370000e-06	-4.806415e-06	-1.079711e-09	-2.577168e+01	-2.590101e+02
6.380000e-06	-4.850936e-06	-1.087372e-09	-2.601040e+01	-2.610807e+02
6.390000e-06	-4.895203e-06	-1.095685e-09	-2.624776e+01	-2.631278e+02
6.400000e-06	-4.939278e-06	-1.104998e-09	-2.648409e+01	-2.651520e+02
6.410000e-06	-4.983145e-06	-1.113731e-09	-2.671929e+01	-2.671538e+02
6.420000e-06	-5.026760e-06	-1.121672e-09	-2.695316e+01	-2.691334e+02
6.430000e-06	-5.070126e-06	-1.130005e-09	-2.718568e+01	-2.710911e+02
6.440000e-06	-5.113030e-06	-1.139328e-09	-2.741573e+01	-2.730268e+02
6.450000e-06	-5.155419e-06	-1.148164e-09	-2.764302e+01	-2.749406e+02
6.460000e-06	-5.197545e-06	-1.155775e-09	-2.786890e+01	-2.768323e+02
6.470000e-06	-5.239446e-06	-1.162454e-09	-2.809357e+01	-2.787016e+02
6.480000e-06	-5.280962e-06	-1.169179e-09	-2.831617e+01	-2.805483e+02
6.490000e-06	-5.321958e-06	-1.177131e-09	-2.853599e+01	-2.823721e+02
6.500000e-06	-5.362527e-06	-1.185285e-09	-2.875352e+01	-2.841725e+02
6.510000e-06	-5.402771e-06	-1.191987e-09	-2.896931e+01	-2.859493e+02
6.520000e-06	-5.442781e-06	-1.197442e-09	-2.918383e+01	-2.877020e+02
6.530000e-06	-5.482588e-06	-1.203599e-09	-2.939728e+01	-2.894304e+02
6.540000e-06	-5.522141e-06	-1.210833e-09	-2.960936e+01	-2.911342e+02
6.550000e-06	-5.561263e-06	-1.218431e-09	-2.981913e+01	-2.928132e+02
6.560000e-06	-5.599669e-06	-1.224707e-09	-3.002506e+01	-2.944673e+02
6.570000e-06	-5.637417e-06	-1.229240e-09	-3.022746e+01	-2.960964e+02
6.580000e-06	-5.674625e-06	-1.233955e-09	-3.042697e+01	-2.977007e+02
6.590000e-06	-5.711339e-06	-1.239516e-09	-3.062383e+01	-2.992801e+02
6.600000e-06	-5.747670e-06	-1.245176e-09	-3.081863e+01	-3.008349e+02
6.610000e-06	-5.783708e-06	-1.250083e-09	-3.101186e+01	-3.023655e+02
6.620000e-06	-5.819367e-06	-1.254967e-09	-3.120306e+01	-3.038723e+02
6.630000e-06	-5.854638e-06	-1.260059e-09	-3.139218e+01	-3.053557e+02
6.640000e-06	-5.889604e-06	-1.265865e-09	-3.157967e+01	-3.068163e+02
6.650000e-06	-5.924116e-06	-1.272099e-09	-3.176472e+01	-3.082546e+02
6.660000e-06	-5.958186e-06	-1.277326e-09	-3.194740e+01	-3.096713e+02
6.670000e-06	-5.991867e-06	-1.282170e-09	-3.212800e+01	-3.110671e+02
6.680000e-06	-6.025161e-06	-1.288102e-09	-3.230652e+01	-3.124425e+02
6.690000e-06	-6.057983e-06	-1.293614e-09	-3.248251e+01	-3.137983e+02
6.700000e-06	-6.090298e-06	-1.297150e-09	-3.265578e+01	-3.151351e+02
6.710000e-06	-6.122297e-06	-1.301691e-09	-3.282736e+01	-3.164533e+02
6.720000e-06	-6.154074e-06	-1.308280e-09	-3.299774e+01	-3.177535e+02
6.730000e-06	-6.185534e-06	-1.314950e-09	-3.316643e+01	-3.190362e+02
6.740000e-06	-6.216498e-06	-1.320671e-09	-3.333245e+01	-3.203016e+02
6.750000e-06	-6.246708e-06	-1.325080e-09	-3.349444e+01	-3.215500e+02
6.760000e-06	-6.276076e-06	-1.328793e-09	-3.365191e+01	-3.227815e+02
6.770000e-06	-6.304875e-06	-1.333327e-09	-3.380633e+01	-3.239961e+02
6.780000e-06	-6.333339e-06	-1.338565e-09	-3.395895e+01	-3.251938e+02
6.790000e-06	-6.361484e-06	-1.343251e-09	-3.410986e+01	-3.263743e+02
6.800000e-06	-6.389331e-06	-1.347816e-09	-3.425918e+01	-3.275374e+02
6.810000e-06	-6.416888e-06	-1.353157e-09	-3.440693e+01	-3.286826e+02
6.820000e-06	-6.443961e-06	-1.359267e-09	-3.455209e+01	-3.298094e+02
6.830000e-06	-6.470357e-06	-1.364648e-09	-3.469363e+01	-3.309172e+02
6.840000e-06	-6.496180e-06	-1.368196e-09	-3.483209e+01	-3.320055e+02
6.850000e-06	-6.521645e-06	-1.371366e-09	-3.496863e+01	-3.330736e+02
6.860000e-06	-6.546734e-06	-1.374977e-09	-3.510316e+01	-3.341207e+02
6.870000e-06	-6.571337e-06	-1.378910e-09	-3.523508e+01	-3.351462e+02
6.880000e-06	-6.595534e-06	-1.382935e-09	-3.536482e+01	-3.361494e+02
6.890000e-06	-6.619402e-06	-1.386442e-09	-3.549280e+01	-3.371296e+02
6.900000e-06	-6.642978e-06	-1.389843e-09	-3.561921e+01	-3.380862e+02
6.910000e-06	-6.666160e-06	-1.394441e-09	-3.574351e+01	-3.390187e+02
6.920000e-06	-6.688529e-06	-1.399898e-09	-3.586346e+01	-3.399267e+02
6.930000e-06	-6.710038e-06	-1.404031e-09	-3.597878e+01	-3.408098e+02
6.940000e-06	-6.730949e-06	-1.406470e-09	-3.609090e+01	-3.416678e+02
6.950000e-06	-6.751369e-06	-1.408540e-09	-3.620040e+01	-3.425007e+02
6.960000e-06	-6.771410e-06	-1.411313e-09	-3.630786e+01	-3.433083e+02
6.970000e-06	-6.791140e-06	-1.414650e-09	-3.641365e+01	-3.440910e+02
6.980000e-06	-6.810400e-06	-1.416467e-09	-3.651692e+01	-3.448490e+02
6.990000e-06	-6.829183e-06	-1.417013e-09	-3.661763e+01	-3.455827e+02
7.000000e-06	-6.847569e-06	-1.418649e-09	-3.671622e+01	-3.462927e+02
7.010000e-06	-6.865392e-06	-1.422347e-09	-3.681178e+01	-3.469797e+02
7.020000e-06	-6.882774e-06	-1.426007e-09	-3.690498e+01	-3.476444e+02
7.030000e-06	-6.899759e-06	-1.426654e-09	-3.699605e+01	-3.482876e+02
7.040000e-06	-6.916369e-06	-1.426555e-09	-3.708512e+01	-3.489103e+02
7.050000e-06	-6.932600e-06	-1.428888e-09	-3.717215e+01	-3.495135e+02
7.060000e-06	-6.948344e-06	-1.432942e-09	-3.725656e+01	-3.500982e+02
7.070000e-06	-6.963656e-06	-1.436268e-09	-3.733867e+01	-3.506653e+02
7.080000e-06	-6.978350e-06	-1.437805e-09	-3.741745e+01	-3.512159e+02
7.090000e-06	-6.992233e-06	-1.439089e-09	-3.749190e+01	-3.517508e+02
7.100000e-06	-7.005355e-06	-1.441142e-09	-3.756226e+01	-3.522710e+02
7.110000e-06	-7.017861e-06	-1.442600e-09	-3.762931e+01	-3.527773e+02
7.120000e-06	-7.029805e-06	-1.442340e-09	-3.769336e+01	-3.532703e+02
7.130000e-06	-7.041172e-06	-1.442235e-09	-3.775430e+01	-3.537508e+02
7.140000e-06	-7.052012e-06	-1.443619e-09	-3.781243e+01	-3.542191e+02
7.150000e-06	-7.062461e-06	-1.446253e-09	-3.786845e+01	-3.546757e+02
7.160000e-06	-7.072538e-06	-1.448433e-09	-3.792249e+01	-3.551206e+02
7.170000e-06	-7.082056e-06	-1.447935e-09	-3.797352e+01	-3.555539e+02
7.180000e-06	-7.091009e-06	-1.446440e-09	-3.802153e+01	-3.559756e+02
7.190000e-06	-7.099589e-06	-1.445479e-09	-3.806753e+01	-3.563854e+02
7.200000e-06	-7.107766e-06	-1.444822e-09	-3.811138e+01	-3.567828e+02
7.210000e-06	-7.115622e-06	-1.444305e-09	-3.815350e+01	-3.571675e+02
7.220000e-06	-7.123005e-06	-1.443643e-09	-3.819308e+01	-3.575387e+02
7.230000e-06	-7.129550e-06	-1.444089e-09	-3.822818e+01	-3.578958e+02
7.240000e-06	-7.135290e-06	-1.445458e-09	-3.825896e+01	-3.582379e+02
7.250000e-06	-7.140380e-06	-1.446728e-09	-3.828625e+01	-3.585641e+02
7.260000e-06	-7.144896e-06	-1.446544e-09	-3.831047e+01	-3.588736e+02
7.270000e-06	-7.149018e-06	-1.445140e-09	-3.833257e+01	-3.591655e+02
7.280000e-06	-7.152839e-06	-1.445139e-09	-3.835305e+01	-3.594387e+02
7.290000e-06	-7.156253e-06	-1.446126e-09	-3.837136e+01	-3.596925e+02
7.300000e-06	-7.159210e-06	-1.446187e-09	-3.838721e+01	-3.599260e+02
7.310000e-06	-7.161656e-06	-1.445705e-09	-3.840033e+01	-3.601384e+02
7.320000e-06	-7.163688e-06	-1.445227e-09	-3.841122e+01	-3.603291e+02
7.330000e-06	-7.165306e-06	-1.445926e-09	-3.841990e+01	-3.604974e+02
7.340000e-06	-7.166292e-06	-1.448014e-09	-3.842519e+01	-3.606430e+02
