# Temperatura_=_-20.5
# Concentracion g/m^3_=_7400.0
# C_Vs_to_Am_M_A/Vsm_=_254322799225.57578
# pendiente_HvsI_1/m_=_3716.3
# ordenada_HvsI_A/m_=_1297.0
# frecuencia_Hz_=_136119.5714771351

Tiempo_(s)	Campo_(V.s)	Magnetizacion_(V.s)	Campo_(kA/m)	Magnetizacion_(A/m)
0.000000e+00	-7.164236e-06	-1.472142e-09	-3.842618e+01	-3.665855e+02
1.000000e-08	-7.164616e-06	-1.470847e-09	-3.842822e+01	-3.666209e+02
2.000000e-08	-7.164637e-06	-1.469524e-09	-3.842833e+01	-3.666391e+02
3.000000e-08	-7.164133e-06	-1.466794e-09	-3.842563e+01	-3.666403e+02
4.000000e-08	-7.162911e-06	-1.464232e-09	-3.841908e+01	-3.666248e+02
5.000000e-08	-7.160798e-06	-1.464589e-09	-3.840774e+01	-3.665927e+02
6.000000e-08	-7.157971e-06	-1.467024e-09	-3.839258e+01	-3.665445e+02
7.000000e-08	-7.154653e-06	-1.470061e-09	-3.837478e+01	-3.664805e+02
8.000000e-08	-7.150982e-06	-1.475468e-09	-3.835509e+01	-3.664012e+02
9.000000e-08	-7.146873e-06	-1.470404e-09	-3.833305e+01	-3.663069e+02
1.000000e-07	-7.141904e-06	-1.431680e-09	-3.830640e+01	-3.661983e+02
1.100000e-07	-7.136203e-06	-1.409775e-09	-3.827582e+01	-3.660758e+02
1.200000e-07	-7.130252e-06	-1.479263e-09	-3.824390e+01	-3.659399e+02
1.300000e-07	-7.124242e-06	-1.544076e-09	-3.821167e+01	-3.657912e+02
1.400000e-07	-7.117826e-06	-1.454239e-09	-3.817726e+01	-3.656301e+02
1.500000e-07	-7.110537e-06	-1.363156e-09	-3.813816e+01	-3.654572e+02
1.600000e-07	-7.102738e-06	-1.467784e-09	-3.809633e+01	-3.652728e+02
1.700000e-07	-7.094859e-06	-1.562802e-09	-3.805407e+01	-3.650774e+02
1.800000e-07	-7.086654e-06	-1.417132e-09	-3.801006e+01	-3.648713e+02
1.900000e-07	-7.077509e-06	-1.298338e-09	-3.796101e+01	-3.646547e+02
2.000000e-07	-7.067486e-06	-1.473134e-09	-3.790725e+01	-3.644280e+02
2.100000e-07	-7.057166e-06	-1.597714e-09	-3.785190e+01	-3.641911e+02
2.200000e-07	-7.046396e-06	-1.409777e-09	-3.779413e+01	-3.639443e+02
2.300000e-07	-7.034803e-06	-1.293762e-09	-3.773195e+01	-3.636873e+02
2.400000e-07	-7.022623e-06	-1.467677e-09	-3.766662e+01	-3.634201e+02
2.500000e-07	-7.009947e-06	-1.533514e-09	-3.759863e+01	-3.631424e+02
2.600000e-07	-6.996702e-06	-1.370631e-09	-3.752759e+01	-3.628540e+02
2.700000e-07	-6.982899e-06	-1.361741e-09	-3.745356e+01	-3.625546e+02
2.800000e-07	-6.968425e-06	-1.502454e-09	-3.737593e+01	-3.622435e+02
2.900000e-07	-6.953054e-06	-1.456705e-09	-3.729348e+01	-3.619205e+02
3.000000e-07	-6.936769e-06	-1.354719e-09	-3.720613e+01	-3.615848e+02
3.100000e-07	-6.920125e-06	-1.434447e-09	-3.711687e+01	-3.612360e+02
3.200000e-07	-6.903309e-06	-1.459198e-09	-3.702667e+01	-3.608734e+02
3.300000e-07	-6.886058e-06	-1.344056e-09	-3.693414e+01	-3.604965e+02
3.400000e-07	-6.868232e-06	-1.394520e-09	-3.683853e+01	-3.601046e+02
3.500000e-07	-6.849907e-06	-1.518373e-09	-3.674024e+01	-3.596971e+02
3.600000e-07	-6.831138e-06	-1.403683e-09	-3.663958e+01	-3.592735e+02
3.700000e-07	-6.811917e-06	-1.296054e-09	-3.653648e+01	-3.588333e+02
3.800000e-07	-6.792336e-06	-1.433387e-09	-3.643145e+01	-3.583760e+02
3.900000e-07	-6.772389e-06	-1.477862e-09	-3.632447e+01	-3.579012e+02
4.000000e-07	-6.751972e-06	-1.334695e-09	-3.621495e+01	-3.574087e+02
4.100000e-07	-6.731053e-06	-1.351830e-09	-3.610276e+01	-3.568981e+02
4.200000e-07	-6.709647e-06	-1.459903e-09	-3.598794e+01	-3.563694e+02
4.300000e-07	-6.687773e-06	-1.390591e-09	-3.587062e+01	-3.558225e+02
4.400000e-07	-6.665384e-06	-1.333715e-09	-3.575053e+01	-3.552575e+02
4.500000e-07	-6.642527e-06	-1.408088e-09	-3.562793e+01	-3.546744e+02
4.600000e-07	-6.619302e-06	-1.387774e-09	-3.550337e+01	-3.540736e+02
4.700000e-07	-6.595758e-06	-1.325630e-09	-3.537708e+01	-3.534552e+02
4.800000e-07	-6.571919e-06	-1.393473e-09	-3.524922e+01	-3.528197e+02
4.900000e-07	-6.547679e-06	-1.414733e-09	-3.511921e+01	-3.521675e+02
5.000000e-07	-6.522817e-06	-1.325587e-09	-3.498586e+01	-3.514990e+02
5.100000e-07	-6.497207e-06	-1.333720e-09	-3.484850e+01	-3.508148e+02
5.200000e-07	-6.470789e-06	-1.388032e-09	-3.470680e+01	-3.501155e+02
5.300000e-07	-6.443644e-06	-1.345565e-09	-3.456120e+01	-3.494015e+02
5.400000e-07	-6.416092e-06	-1.325344e-09	-3.441343e+01	-3.486734e+02
5.500000e-07	-6.388290e-06	-1.363953e-09	-3.426431e+01	-3.479316e+02
5.600000e-07	-6.360089e-06	-1.345008e-09	-3.411305e+01	-3.471767e+02
5.700000e-07	-6.331494e-06	-1.318872e-09	-3.395968e+01	-3.464091e+02
5.800000e-07	-6.302479e-06	-1.342208e-09	-3.380405e+01	-3.456290e+02
5.900000e-07	-6.273057e-06	-1.333407e-09	-3.364624e+01	-3.448368e+02
6.000000e-07	-6.243378e-06	-1.306929e-09	-3.348706e+01	-3.440326e+02
6.100000e-07	-6.213350e-06	-1.322949e-09	-3.332600e+01	-3.432164e+02
6.200000e-07	-6.182760e-06	-1.328284e-09	-3.316192e+01	-3.423881e+02
6.300000e-07	-6.151433e-06	-1.307301e-09	-3.299390e+01	-3.415477e+02
6.400000e-07	-6.119761e-06	-1.305233e-09	-3.282402e+01	-3.406949e+02
6.500000e-07	-6.088048e-06	-1.301607e-09	-3.265393e+01	-3.398291e+02
6.600000e-07	-6.056041e-06	-1.287420e-09	-3.248225e+01	-3.389500e+02
6.700000e-07	-6.023446e-06	-1.290992e-09	-3.230742e+01	-3.380568e+02
6.800000e-07	-5.990263e-06	-1.292742e-09	-3.212945e+01	-3.371489e+02
6.900000e-07	-5.956449e-06	-1.279992e-09	-3.194808e+01	-3.362254e+02
7.000000e-07	-5.921824e-06	-1.274017e-09	-3.176237e+01	-3.352855e+02
7.100000e-07	-5.886611e-06	-1.267829e-09	-3.157350e+01	-3.343282e+02
7.200000e-07	-5.851152e-06	-1.258192e-09	-3.138331e+01	-3.333524e+02
7.300000e-07	-5.815493e-06	-1.258146e-09	-3.119205e+01	-3.323572e+02
7.400000e-07	-5.779488e-06	-1.256065e-09	-3.099893e+01	-3.313414e+02
7.500000e-07	-5.743137e-06	-1.246421e-09	-3.080396e+01	-3.303039e+02
7.600000e-07	-5.706438e-06	-1.245533e-09	-3.060712e+01	-3.292438e+02
7.700000e-07	-5.669254e-06	-1.245704e-09	-3.040768e+01	-3.281599e+02
7.800000e-07	-5.631663e-06	-1.233739e-09	-3.020606e+01	-3.270513e+02
7.900000e-07	-5.593644e-06	-1.222231e-09	-3.000214e+01	-3.259170e+02
8.000000e-07	-5.555122e-06	-1.217222e-09	-2.979552e+01	-3.247562e+02
8.100000e-07	-5.516196e-06	-1.212460e-09	-2.958673e+01	-3.235681e+02
8.200000e-07	-5.476871e-06	-1.209552e-09	-2.937581e+01	-3.223520e+02
8.300000e-07	-5.437273e-06	-1.206296e-09	-2.916342e+01	-3.211072e+02
8.400000e-07	-5.397510e-06	-1.198089e-09	-2.895015e+01	-3.198335e+02
8.500000e-07	-5.357514e-06	-1.189828e-09	-2.873562e+01	-3.185302e+02
8.600000e-07	-5.317066e-06	-1.185833e-09	-2.851868e+01	-3.171972e+02
8.700000e-07	-5.276026e-06	-1.181484e-09	-2.829855e+01	-3.158344e+02
8.800000e-07	-5.234421e-06	-1.173828e-09	-2.807540e+01	-3.144415e+02
8.900000e-07	-5.192383e-06	-1.165691e-09	-2.784993e+01	-3.130188e+02
9.000000e-07	-5.149876e-06	-1.158807e-09	-2.762194e+01	-3.115663e+02
9.100000e-07	-5.106796e-06	-1.153117e-09	-2.739087e+01	-3.100841e+02
9.200000e-07	-5.063267e-06	-1.146352e-09	-2.715740e+01	-3.085727e+02
9.300000e-07	-5.019425e-06	-1.138289e-09	-2.692225e+01	-3.070323e+02
9.400000e-07	-4.975377e-06	-1.130789e-09	-2.668599e+01	-3.054632e+02
9.500000e-07	-4.931048e-06	-1.124795e-09	-2.644823e+01	-3.038660e+02
9.600000e-07	-4.886340e-06	-1.119629e-09	-2.620843e+01	-3.022410e+02
9.700000e-07	-4.841335e-06	-1.113212e-09	-2.596704e+01	-3.005887e+02
9.800000e-07	-4.796029e-06	-1.104719e-09	-2.572404e+01	-2.989094e+02
9.900000e-07	-4.750315e-06	-1.096047e-09	-2.547884e+01	-2.972037e+02
1.000000e-06	-4.704187e-06	-1.088096e-09	-2.523143e+01	-2.954718e+02
1.010000e-06	-4.657780e-06	-1.081112e-09	-2.498252e+01	-2.937142e+02
1.020000e-06	-4.611044e-06	-1.074437e-09	-2.473185e+01	-2.919310e+02
1.030000e-06	-4.564003e-06	-1.067317e-09	-2.447954e+01	-2.901226e+02
1.040000e-06	-4.516672e-06	-1.060235e-09	-2.422568e+01	-2.882891e+02
1.050000e-06	-4.468973e-06	-1.054067e-09	-2.396984e+01	-2.864307e+02
1.060000e-06	-4.421160e-06	-1.047963e-09	-2.371339e+01	-2.845473e+02
1.070000e-06	-4.373192e-06	-1.040592e-09	-2.345611e+01	-2.826390e+02
1.080000e-06	-4.324810e-06	-1.032088e-09	-2.319660e+01	-2.807058e+02
1.090000e-06	-4.275943e-06	-1.023462e-09	-2.293450e+01	-2.787474e+02
1.100000e-06	-4.226692e-06	-1.014798e-09	-2.267033e+01	-2.767637e+02
1.110000e-06	-4.177176e-06	-1.006851e-09	-2.240475e+01	-2.747546e+02
1.120000e-06	-4.127212e-06	-9.988480e-10	-2.213676e+01	-2.727196e+02
1.130000e-06	-4.076611e-06	-9.893655e-10	-2.186536e+01	-2.706586e+02
1.140000e-06	-4.025492e-06	-9.800586e-10	-2.159117e+01	-2.685713e+02
1.150000e-06	-3.974018e-06	-9.720212e-10	-2.131509e+01	-2.664574e+02
1.160000e-06	-3.922292e-06	-9.644376e-10	-2.103765e+01	-2.643165e+02
1.170000e-06	-3.870338e-06	-9.560401e-10	-2.075899e+01	-2.621484e+02
1.180000e-06	-3.818146e-06	-9.467992e-10	-2.047905e+01	-2.599528e+02
1.190000e-06	-3.765732e-06	-9.367315e-10	-2.019793e+01	-2.577294e+02
1.200000e-06	-3.713070e-06	-9.273596e-10	-1.991547e+01	-2.554780e+02
1.210000e-06	-3.660152e-06	-9.194526e-10	-1.963164e+01	-2.531986e+02
1.220000e-06	-3.607034e-06	-9.122277e-10	-1.934673e+01	-2.508909e+02
1.230000e-06	-3.553565e-06	-9.043234e-10	-1.905994e+01	-2.485548e+02
1.240000e-06	-3.499684e-06	-8.953750e-10	-1.877095e+01	-2.461905e+02
1.250000e-06	-3.445662e-06	-8.862674e-10	-1.848120e+01	-2.437978e+02
1.260000e-06	-3.391466e-06	-8.769079e-10	-1.819051e+01	-2.413769e+02
1.270000e-06	-3.336874e-06	-8.663917e-10	-1.789770e+01	-2.389278e+02
1.280000e-06	-3.282030e-06	-8.557142e-10	-1.760354e+01	-2.364508e+02
1.290000e-06	-3.226985e-06	-8.465747e-10	-1.730830e+01	-2.339461e+02
1.300000e-06	-3.171728e-06	-8.374632e-10	-1.701192e+01	-2.314138e+02
1.310000e-06	-3.116378e-06	-8.269668e-10	-1.671504e+01	-2.288542e+02
1.320000e-06	-3.060822e-06	-8.164236e-10	-1.641706e+01	-2.262676e+02
1.330000e-06	-3.005100e-06	-8.067383e-10	-1.611819e+01	-2.236541e+02
1.340000e-06	-2.949269e-06	-7.963525e-10	-1.581873e+01	-2.210141e+02
1.350000e-06	-2.893282e-06	-7.844759e-10	-1.551844e+01	-2.183478e+02
1.360000e-06	-2.837102e-06	-7.733928e-10	-1.521711e+01	-2.156553e+02
1.370000e-06	-2.780814e-06	-7.638740e-10	-1.491521e+01	-2.129367e+02
1.380000e-06	-2.724343e-06	-7.549014e-10	-1.461232e+01	-2.101922e+02
1.390000e-06	-2.667476e-06	-7.462062e-10	-1.430730e+01	-2.074218e+02
1.400000e-06	-2.610312e-06	-7.362830e-10	-1.400070e+01	-2.046254e+02
1.410000e-06	-2.552791e-06	-7.248092e-10	-1.369218e+01	-2.018029e+02
1.420000e-06	-2.495022e-06	-7.133223e-10	-1.338233e+01	-1.989542e+02
1.430000e-06	-2.437231e-06	-7.021444e-10	-1.307236e+01	-1.960788e+02
1.440000e-06	-2.379185e-06	-6.914586e-10	-1.276102e+01	-1.931765e+02
1.450000e-06	-2.320788e-06	-6.816260e-10	-1.244781e+01	-1.902467e+02
1.460000e-06	-2.262106e-06	-6.717737e-10	-1.213306e+01	-1.872889e+02
1.470000e-06	-2.203131e-06	-6.608287e-10	-1.181674e+01	-1.843026e+02
1.480000e-06	-2.143923e-06	-6.493324e-10	-1.149917e+01	-1.812869e+02
1.490000e-06	-2.084589e-06	-6.380887e-10	-1.118092e+01	-1.782410e+02
1.500000e-06	-2.025212e-06	-6.258103e-10	-1.086245e+01	-1.751641e+02
1.510000e-06	-1.965725e-06	-6.124830e-10	-1.054339e+01	-1.720554e+02
1.520000e-06	-1.906114e-06	-6.001330e-10	-1.022366e+01	-1.689137e+02
1.530000e-06	-1.846429e-06	-5.889958e-10	-9.903527e+00	-1.657381e+02
1.540000e-06	-1.786590e-06	-5.774138e-10	-9.582577e+00	-1.625275e+02
1.550000e-06	-1.726670e-06	-5.653763e-10	-9.261185e+00	-1.592809e+02
1.560000e-06	-1.666720e-06	-5.535187e-10	-8.939640e+00	-1.559971e+02
1.570000e-06	-1.606676e-06	-5.416449e-10	-8.617586e+00	-1.526752e+02
1.580000e-06	-1.546631e-06	-5.301825e-10	-8.295526e+00	-1.493140e+02
1.590000e-06	-1.486464e-06	-5.184749e-10	-7.972817e+00	-1.459126e+02
1.600000e-06	-1.426111e-06	-5.062403e-10	-7.649104e+00	-1.424699e+02
1.610000e-06	-1.365802e-06	-4.936322e-10	-7.325630e+00	-1.389850e+02
1.620000e-06	-1.305453e-06	-4.807181e-10	-7.001942e+00	-1.354571e+02
1.630000e-06	-1.244862e-06	-4.684162e-10	-6.676959e+00	-1.318853e+02
1.640000e-06	-1.184090e-06	-4.555672e-10	-6.351000e+00	-1.282689e+02
1.650000e-06	-1.123355e-06	-4.414627e-10	-6.025239e+00	-1.246073e+02
1.660000e-06	-1.062591e-06	-4.279115e-10	-5.699325e+00	-1.208999e+02
1.670000e-06	-1.001619e-06	-4.148538e-10	-5.372293e+00	-1.171464e+02
1.680000e-06	-9.406457e-07	-4.009855e-10	-5.045259e+00	-1.133464e+02
1.690000e-06	-8.796648e-07	-3.869352e-10	-4.718180e+00	-1.094998e+02
1.700000e-06	-8.185353e-07	-3.728762e-10	-4.390306e+00	-1.056064e+02
1.710000e-06	-7.574269e-07	-3.590990e-10	-4.062544e+00	-1.016663e+02
1.720000e-06	-6.964263e-07	-3.464717e-10	-3.735360e+00	-9.767963e+01
1.730000e-06	-6.353453e-07	-3.334310e-10	-3.407745e+00	-9.364678e+01
1.740000e-06	-5.741362e-07	-3.185892e-10	-3.079444e+00	-8.956816e+01
1.750000e-06	-5.129336e-07	-3.024611e-10	-2.751177e+00	-8.544435e+01
1.760000e-06	-4.516586e-07	-2.861501e-10	-2.422521e+00	-8.127606e+01
1.770000e-06	-3.902910e-07	-2.696215e-10	-2.093369e+00	-7.706414e+01
1.780000e-06	-3.288647e-07	-2.524770e-10	-1.763903e+00	-7.280959e+01
1.790000e-06	-2.674413e-07	-2.358350e-10	-1.434451e+00	-6.851353e+01
1.800000e-06	-2.060528e-07	-2.199608e-10	-1.105187e+00	-6.417722e+01
1.810000e-06	-1.446423e-07	-2.041917e-10	-7.758053e-01	-5.980207e+01
1.820000e-06	-8.319442e-08	-1.882362e-10	-4.462226e-01	-5.538960e+01
1.830000e-06	-2.170257e-08	-1.717812e-10	-1.164042e-01	-5.094148e+01
1.840000e-06	3.974525e-08	-1.545711e-10	2.131781e-01	-4.645951e+01
1.850000e-06	1.011548e-07	-1.377980e-10	5.425550e-01	-4.194562e+01
1.860000e-06	1.626187e-07	-1.232000e-10	8.722236e-01	-3.740184e+01
1.870000e-06	2.240732e-07	-1.084900e-10	1.201842e+00	-3.283036e+01
1.880000e-06	2.855569e-07	-9.072730e-11	1.531617e+00	-2.823346e+01
1.890000e-06	3.470617e-07	-7.145208e-11	1.861504e+00	-2.361353e+01
1.900000e-06	4.084649e-07	-5.380701e-11	2.190847e+00	-1.897307e+01
1.910000e-06	4.698449e-07	-3.944188e-11	2.520066e+00	-1.431468e+01
1.920000e-06	5.311859e-07	-2.648316e-11	2.849075e+00	-9.641029e+00
1.930000e-06	5.924149e-07	-1.138454e-11	3.177484e+00	-4.954886e+00
1.940000e-06	6.535478e-07	6.542219e-12	3.505377e+00	-2.590768e-01
1.950000e-06	7.146317e-07	2.566667e-11	3.833007e+00	4.443515e+00
1.960000e-06	7.757366e-07	4.392098e-11	4.160750e+00	9.149960e+00
1.970000e-06	8.367790e-07	6.126192e-11	4.488158e+00	1.385730e+01
1.980000e-06	8.977729e-07	7.895951e-11	4.815305e+00	1.856255e+01
1.990000e-06	9.587589e-07	9.677482e-11	5.142411e+00	2.326274e+01
2.000000e-06	1.019631e-06	1.143165e-10	5.468903e+00	2.795489e+01
2.010000e-06	1.080380e-06	1.313269e-10	5.794740e+00	3.263607e+01
2.020000e-06	1.141123e-06	1.477406e-10	6.120539e+00	3.730337e+01
2.030000e-06	1.201814e-06	1.649420e-10	6.446063e+00	4.195396e+01
2.040000e-06	1.262358e-06	1.825042e-10	6.770800e+00	4.658507e+01
2.050000e-06	1.322788e-06	1.981955e-10	7.094924e+00	5.119401e+01
2.060000e-06	1.383112e-06	2.129538e-10	7.418478e+00	5.577822e+01
2.070000e-06	1.443340e-06	2.287559e-10	7.741516e+00	6.033523e+01
2.080000e-06	1.503523e-06	2.462846e-10	8.064314e+00	6.486271e+01
2.090000e-06	1.563632e-06	2.637192e-10	8.386715e+00	6.935848e+01
2.100000e-06	1.623542e-06	2.801496e-10	8.708049e+00	7.382049e+01
2.110000e-06	1.683324e-06	2.954718e-10	9.028696e+00	7.824687e+01
2.120000e-06	1.743095e-06	3.088908e-10	9.349284e+00	8.263589e+01
2.130000e-06	1.802899e-06	3.229932e-10	9.670049e+00	8.698601e+01
2.140000e-06	1.862643e-06	3.385571e-10	9.990495e+00	9.129585e+01
2.150000e-06	1.922220e-06	3.542449e-10	1.031004e+01	9.556421e+01
2.160000e-06	1.981734e-06	3.700909e-10	1.062925e+01	9.979005e+01
2.170000e-06	2.041266e-06	3.855662e-10	1.094856e+01	1.039725e+02
2.180000e-06	2.100648e-06	4.000750e-10	1.126706e+01	1.081109e+02
2.190000e-06	2.159874e-06	4.149235e-10	1.158473e+01	1.122047e+02
2.200000e-06	2.219073e-06	4.305509e-10	1.190225e+01	1.162535e+02
2.210000e-06	2.277988e-06	4.443700e-10	1.221824e+01	1.202571e+02
2.220000e-06	2.336498e-06	4.576082e-10	1.253207e+01	1.242152e+02
2.230000e-06	2.394870e-06	4.724660e-10	1.284516e+01	1.281280e+02
2.240000e-06	2.453035e-06	4.862399e-10	1.315713e+01	1.319955e+02
2.250000e-06	2.510800e-06	4.991893e-10	1.346696e+01	1.358178e+02
2.260000e-06	2.568271e-06	5.127638e-10	1.377521e+01	1.395954e+02
2.270000e-06	2.625383e-06	5.258573e-10	1.408154e+01	1.433283e+02
2.280000e-06	2.682189e-06	5.387596e-10	1.438622e+01	1.470172e+02
2.290000e-06	2.738713e-06	5.513695e-10	1.468939e+01	1.506623e+02
2.300000e-06	2.794958e-06	5.640201e-10	1.499107e+01	1.542641e+02
2.310000e-06	2.851029e-06	5.771818e-10	1.529181e+01	1.578229e+02
2.320000e-06	2.906914e-06	5.901226e-10	1.559156e+01	1.613394e+02
2.330000e-06	2.962705e-06	6.023064e-10	1.589080e+01	1.648138e+02
2.340000e-06	3.018346e-06	6.145187e-10	1.618924e+01	1.682467e+02
2.350000e-06	3.073810e-06	6.276939e-10	1.648673e+01	1.716384e+02
2.360000e-06	3.129083e-06	6.411025e-10	1.678318e+01	1.749892e+02
2.370000e-06	3.184212e-06	6.534287e-10	1.707888e+01	1.782996e+02
2.380000e-06	3.239252e-06	6.646112e-10	1.737409e+01	1.815698e+02
2.390000e-06	3.294021e-06	6.769265e-10	1.766785e+01	1.848001e+02
2.400000e-06	3.348461e-06	6.893935e-10	1.795984e+01	1.879908e+02
2.410000e-06	3.402663e-06	7.005678e-10	1.825056e+01	1.911420e+02
2.420000e-06	3.456716e-06	7.120256e-10	1.854048e+01	1.942541e+02
2.430000e-06	3.510552e-06	7.234298e-10	1.882924e+01	1.973271e+02
2.440000e-06	3.564121e-06	7.352571e-10	1.911656e+01	2.003613e+02
2.450000e-06	3.617460e-06	7.484431e-10	1.940265e+01	2.033568e+02
2.460000e-06	3.670409e-06	7.609316e-10	1.968665e+01	2.063137e+02
2.470000e-06	3.723016e-06	7.709996e-10	1.996881e+01	2.092324e+02
2.480000e-06	3.775481e-06	7.804992e-10	2.025021e+01	2.121128e+02
2.490000e-06	3.827721e-06	7.916236e-10	2.053041e+01	2.149553e+02
2.500000e-06	3.879633e-06	8.036597e-10	2.080884e+01	2.177601e+02
2.510000e-06	3.931222e-06	8.147067e-10	2.108555e+01	2.205275e+02
2.520000e-06	3.982527e-06	8.241937e-10	2.136073e+01	2.232577e+02
2.530000e-06	4.033523e-06	8.331556e-10	2.163425e+01	2.259510e+02
2.540000e-06	4.084156e-06	8.423276e-10	2.190583e+01	2.286079e+02
2.550000e-06	4.134272e-06	8.520372e-10	2.217463e+01	2.312286e+02
2.560000e-06	4.183900e-06	8.628561e-10	2.244082e+01	2.338137e+02
2.570000e-06	4.233185e-06	8.739411e-10	2.270516e+01	2.363636e+02
2.580000e-06	4.281879e-06	8.841491e-10	2.296634e+01	2.388788e+02
2.590000e-06	4.330113e-06	8.935149e-10	2.322504e+01	2.413598e+02
2.600000e-06	4.378072e-06	9.025442e-10	2.348228e+01	2.438071e+02
2.610000e-06	4.425748e-06	9.112236e-10	2.373799e+01	2.462213e+02
2.620000e-06	4.473265e-06	9.194838e-10	2.399286e+01	2.486030e+02
2.630000e-06	4.520473e-06	9.282935e-10	2.424607e+01	2.509526e+02
2.640000e-06	4.567449e-06	9.386511e-10	2.449802e+01	2.532707e+02
2.650000e-06	4.614148e-06	9.494632e-10	2.474850e+01	2.555578e+02
2.660000e-06	4.660438e-06	9.591586e-10	2.499678e+01	2.578144e+02
2.670000e-06	4.706393e-06	9.664527e-10	2.524327e+01	2.600411e+02
2.680000e-06	4.752032e-06	9.726953e-10	2.548805e+01	2.622381e+02
2.690000e-06	4.797398e-06	9.806901e-10	2.573138e+01	2.644059e+02
2.700000e-06	4.842446e-06	9.884413e-10	2.597300e+01	2.665449e+02
2.710000e-06	4.887225e-06	9.949829e-10	2.621318e+01	2.686553e+02
2.720000e-06	4.931655e-06	1.002557e-09	2.645148e+01	2.707374e+02
2.730000e-06	4.975669e-06	1.011375e-09	2.668756e+01	2.727913e+02
2.740000e-06	5.019449e-06	1.020068e-09	2.692238e+01	2.748173e+02
2.750000e-06	5.063060e-06	1.028648e-09	2.715629e+01	2.768155e+02
2.760000e-06	5.106375e-06	1.036722e-09	2.738862e+01	2.787858e+02
2.770000e-06	5.149352e-06	1.043576e-09	2.761913e+01	2.807284e+02
2.780000e-06	5.191868e-06	1.049613e-09	2.784716e+01	2.826433e+02
2.790000e-06	5.233758e-06	1.055555e-09	2.807184e+01	2.845305e+02
2.800000e-06	5.274957e-06	1.061802e-09	2.829282e+01	2.863899e+02
2.810000e-06	5.315579e-06	1.068731e-09	2.851070e+01	2.882216e+02
2.820000e-06	5.355785e-06	1.076660e-09	2.872635e+01	2.900256e+02
2.830000e-06	5.395657e-06	1.084924e-09	2.894021e+01	2.918018e+02
2.840000e-06	5.435289e-06	1.092593e-09	2.915278e+01	2.935504e+02
2.850000e-06	5.474695e-06	1.099010e-09	2.936414e+01	2.952715e+02
2.860000e-06	5.513822e-06	1.104095e-09	2.957400e+01	2.969651e+02
2.870000e-06	5.552520e-06	1.108982e-09	2.978156e+01	2.986316e+02
2.880000e-06	5.590774e-06	1.115241e-09	2.998674e+01	3.002711e+02
2.890000e-06	5.628638e-06	1.122421e-09	3.018983e+01	3.018840e+02
2.900000e-06	5.666107e-06	1.129176e-09	3.039080e+01	3.034708e+02
2.910000e-06	5.703118e-06	1.135619e-09	3.058931e+01	3.050318e+02
2.920000e-06	5.739688e-06	1.143589e-09	3.078546e+01	3.065678e+02
2.930000e-06	5.775964e-06	1.151658e-09	3.098003e+01	3.080792e+02
2.940000e-06	5.811988e-06	1.157457e-09	3.117325e+01	3.095669e+02
2.950000e-06	5.847750e-06	1.162120e-09	3.136506e+01	3.110315e+02
2.960000e-06	5.883253e-06	1.166846e-09	3.155548e+01	3.124738e+02
2.970000e-06	5.918412e-06	1.171947e-09	3.174406e+01	3.138948e+02
2.980000e-06	5.953118e-06	1.177211e-09	3.193022e+01	3.152952e+02
2.990000e-06	5.987111e-06	1.182768e-09	3.211254e+01	3.166761e+02
3.000000e-06	6.020301e-06	1.188849e-09	3.229056e+01	3.180383e+02
3.010000e-06	6.052810e-06	1.195276e-09	3.246492e+01	3.193826e+02
3.020000e-06	6.084777e-06	1.202075e-09	3.263638e+01	3.207100e+02
3.030000e-06	6.116485e-06	1.206892e-09	3.280645e+01	3.220214e+02
3.040000e-06	6.148026e-06	1.209528e-09	3.297562e+01	3.233174e+02
3.050000e-06	6.179210e-06	1.214009e-09	3.314289e+01	3.245988e+02
3.060000e-06	6.209818e-06	1.220290e-09	3.330705e+01	3.258663e+02
3.070000e-06	6.239933e-06	1.226396e-09	3.346858e+01	3.271203e+02
3.080000e-06	6.269736e-06	1.232338e-09	3.362843e+01	3.283613e+02
3.090000e-06	6.299098e-06	1.238676e-09	3.378592e+01	3.295896e+02
3.100000e-06	6.327885e-06	1.244778e-09	3.394032e+01	3.308055e+02
3.110000e-06	6.356270e-06	1.249803e-09	3.409256e+01	3.320089e+02
3.120000e-06	6.384394e-06	1.254255e-09	3.424341e+01	3.331999e+02
3.130000e-06	6.412254e-06	1.258529e-09	3.439284e+01	3.343782e+02
3.140000e-06	6.439841e-06	1.261842e-09	3.454081e+01	3.355436e+02
3.150000e-06	6.467108e-06	1.265022e-09	3.468706e+01	3.366957e+02
3.160000e-06	6.493913e-06	1.269063e-09	3.483083e+01	3.378338e+02
3.170000e-06	6.520013e-06	1.273800e-09	3.497082e+01	3.389574e+02
3.180000e-06	6.545067e-06	1.278837e-09	3.510520e+01	3.400657e+02
3.190000e-06	6.569285e-06	1.284340e-09	3.523510e+01	3.411579e+02
3.200000e-06	6.593095e-06	1.289605e-09	3.536280e+01	3.422331e+02
3.210000e-06	6.616691e-06	1.293347e-09	3.548936e+01	3.432905e+02
3.220000e-06	6.639990e-06	1.297052e-09	3.561433e+01	3.443289e+02
3.230000e-06	6.662713e-06	1.301478e-09	3.573621e+01	3.453476e+02
3.240000e-06	6.684854e-06	1.305386e-09	3.585496e+01	3.463455e+02
3.250000e-06	6.706551e-06	1.309053e-09	3.597133e+01	3.473216e+02
3.260000e-06	6.727804e-06	1.313588e-09	3.608533e+01	3.482751e+02
3.270000e-06	6.748498e-06	1.318793e-09	3.619632e+01	3.492051e+02
3.280000e-06	6.768744e-06	1.324041e-09	3.630492e+01	3.501108e+02
3.290000e-06	6.788695e-06	1.328989e-09	3.641193e+01	3.509914e+02
3.300000e-06	6.808379e-06	1.334012e-09	3.651750e+01	3.518465e+02
3.310000e-06	6.827807e-06	1.337806e-09	3.662171e+01	3.526754e+02
3.320000e-06	6.846896e-06	1.340443e-09	3.672409e+01	3.534777e+02
3.330000e-06	6.865326e-06	1.343676e-09	3.682294e+01	3.542531e+02
3.340000e-06	6.882960e-06	1.347597e-09	3.691753e+01	3.550015e+02
3.350000e-06	6.899989e-06	1.350918e-09	3.700886e+01	3.557228e+02
3.360000e-06	6.916664e-06	1.353041e-09	3.709830e+01	3.564170e+02
3.370000e-06	6.932988e-06	1.354755e-09	3.718586e+01	3.570843e+02
3.380000e-06	6.948909e-06	1.357502e-09	3.727125e+01	3.577248e+02
3.390000e-06	6.964451e-06	1.361483e-09	3.735461e+01	3.583391e+02
3.400000e-06	6.979308e-06	1.365123e-09	3.743430e+01	3.589274e+02
3.410000e-06	6.993384e-06	1.368555e-09	3.750980e+01	3.594904e+02
3.420000e-06	7.006947e-06	1.372180e-09	3.758254e+01	3.600284e+02
3.430000e-06	7.020124e-06	1.375460e-09	3.765322e+01	3.605422e+02
3.440000e-06	7.032738e-06	1.378134e-09	3.772087e+01	3.610324e+02
3.450000e-06	7.044720e-06	1.379483e-09	3.778514e+01	3.614996e+02
3.460000e-06	7.056269e-06	1.381189e-09	3.784709e+01	3.619444e+02
3.470000e-06	7.067304e-06	1.384299e-09	3.790628e+01	3.623676e+02
3.480000e-06	7.077478e-06	1.387634e-09	3.796085e+01	3.627697e+02
3.490000e-06	7.086752e-06	1.391460e-09	3.801059e+01	3.631514e+02
3.500000e-06	7.095393e-06	1.394325e-09	3.805694e+01	3.635131e+02
3.510000e-06	7.103490e-06	1.396218e-09	3.810036e+01	3.638554e+02
3.520000e-06	7.111152e-06	1.398319e-09	3.814146e+01	3.641788e+02
3.530000e-06	7.118559e-06	1.399577e-09	3.818119e+01	3.644835e+02
3.540000e-06	7.125532e-06	1.399492e-09	3.821859e+01	3.647700e+02
3.550000e-06	7.131987e-06	1.399431e-09	3.825321e+01	3.650386e+02
3.560000e-06	7.137981e-06	1.401246e-09	3.828536e+01	3.652894e+02
3.570000e-06	7.143443e-06	1.404678e-09	3.831466e+01	3.655225e+02
3.580000e-06	7.148383e-06	1.408550e-09	3.834115e+01	3.657382e+02
3.590000e-06	7.152752e-06	1.411983e-09	3.836458e+01	3.659364e+02
3.600000e-06	7.156724e-06	1.413071e-09	3.838589e+01	3.661172e+02
3.610000e-06	7.160448e-06	1.412689e-09	3.840586e+01	3.662806e+02
3.620000e-06	7.163858e-06	1.413064e-09	3.842415e+01	3.664266e+02
3.630000e-06	7.166736e-06	1.414174e-09	3.843959e+01	3.665550e+02
3.640000e-06	7.168829e-06	1.415114e-09	3.845082e+01	3.666661e+02
3.650000e-06	7.170078e-06	1.416166e-09	3.845751e+01	3.667596e+02
3.660000e-06	7.170541e-06	1.417604e-09	3.846000e+01	3.668356e+02
3.670000e-06	7.170515e-06	1.418922e-09	3.845986e+01	3.668942e+02
3.680000e-06	7.170266e-06	1.420404e-09	3.845852e+01	3.669354e+02
3.690000e-06	7.169675e-06	1.421455e-09	3.845536e+01	3.669594e+02
3.700000e-06	7.168596e-06	1.422528e-09	3.844957e+01	3.669663e+02
3.710000e-06	7.167006e-06	1.424557e-09	3.844104e+01	3.669563e+02
3.720000e-06	7.164852e-06	1.426500e-09	3.842949e+01	3.669298e+02
3.730000e-06	7.162232e-06	1.425937e-09	3.841543e+01	3.668869e+02
3.740000e-06	7.159212e-06	1.417500e-09	3.839923e+01	3.668282e+02
3.750000e-06	7.155755e-06	1.407042e-09	3.838069e+01	3.667540e+02
3.760000e-06	7.151773e-06	1.429941e-09	3.835933e+01	3.666647e+02
3.770000e-06	7.147193e-06	1.490083e-09	3.833477e+01	3.665609e+02
3.780000e-06	7.141765e-06	1.476282e-09	3.830566e+01	3.664430e+02
3.790000e-06	7.135435e-06	1.347452e-09	3.827170e+01	3.663116e+02
3.800000e-06	7.128916e-06	1.339067e-09	3.823674e+01	3.661671e+02
3.810000e-06	7.122463e-06	1.502482e-09	3.820213e+01	3.660101e+02
3.820000e-06	7.115281e-06	1.515771e-09	3.816361e+01	3.658411e+02
3.830000e-06	7.107216e-06	1.337434e-09	3.812035e+01	3.656605e+02
3.840000e-06	7.098841e-06	1.331660e-09	3.807543e+01	3.654688e+02
3.850000e-06	7.090226e-06	1.555144e-09	3.802922e+01	3.652663e+02
3.860000e-06	7.081048e-06	1.561548e-09	3.797999e+01	3.650532e+02
3.870000e-06	7.071153e-06	1.283242e-09	3.792692e+01	3.648299e+02
3.880000e-06	7.060919e-06	1.268925e-09	3.787203e+01	3.645965e+02
3.890000e-06	7.050419e-06	1.567833e-09	3.781571e+01	3.643530e+02
3.900000e-06	7.039236e-06	1.572261e-09	3.775573e+01	3.640994e+02
3.910000e-06	7.027328e-06	1.286110e-09	3.769186e+01	3.638357e+02
3.920000e-06	7.014934e-06	1.331153e-09	3.762539e+01	3.635616e+02
3.930000e-06	7.001909e-06	1.596667e-09	3.755552e+01	3.632769e+02
3.940000e-06	6.987972e-06	1.482051e-09	3.748077e+01	3.629812e+02
3.950000e-06	6.973286e-06	1.245325e-09	3.740200e+01	3.626741e+02
3.960000e-06	6.958141e-06	1.416118e-09	3.732077e+01	3.623552e+02
3.970000e-06	6.942515e-06	1.593752e-09	3.723696e+01	3.620238e+02
3.980000e-06	6.926351e-06	1.389110e-09	3.715026e+01	3.616795e+02
3.990000e-06	6.909842e-06	1.311074e-09	3.706171e+01	3.613216e+02
4.000000e-06	6.892963e-06	1.529544e-09	3.697118e+01	3.609496e+02
4.010000e-06	6.875503e-06	1.480322e-09	3.687753e+01	3.605628e+02
4.020000e-06	6.857579e-06	1.264427e-09	3.678139e+01	3.601606e+02
4.030000e-06	6.839215e-06	1.415429e-09	3.668289e+01	3.597425e+02
4.040000e-06	6.820290e-06	1.582734e-09	3.658139e+01	3.593079e+02
4.050000e-06	6.800786e-06	1.373803e-09	3.647678e+01	3.588564e+02
4.060000e-06	6.780868e-06	1.301586e-09	3.636994e+01	3.583876e+02
4.070000e-06	6.760726e-06	1.519181e-09	3.626191e+01	3.579010e+02
4.080000e-06	6.740224e-06	1.476038e-09	3.615194e+01	3.573965e+02
4.090000e-06	6.719195e-06	1.295434e-09	3.603915e+01	3.568739e+02
4.100000e-06	6.697644e-06	1.420865e-09	3.592356e+01	3.563331e+02
4.110000e-06	6.675322e-06	1.514476e-09	3.580384e+01	3.557742e+02
4.120000e-06	6.652031e-06	1.360042e-09	3.567891e+01	3.551971e+02
4.130000e-06	6.628213e-06	1.372701e-09	3.555116e+01	3.546022e+02
4.140000e-06	6.604101e-06	1.492342e-09	3.542184e+01	3.539897e+02
4.150000e-06	6.579653e-06	1.388182e-09	3.529070e+01	3.533599e+02
4.160000e-06	6.554907e-06	1.330213e-09	3.515798e+01	3.527132e+02
4.170000e-06	6.529697e-06	1.456819e-09	3.502276e+01	3.520502e+02
4.180000e-06	6.503880e-06	1.439739e-09	3.488429e+01	3.513712e+02
4.190000e-06	6.477646e-06	1.352124e-09	3.474358e+01	3.506769e+02
4.200000e-06	6.451040e-06	1.415261e-09	3.460087e+01	3.499678e+02
4.210000e-06	6.424065e-06	1.427583e-09	3.445619e+01	3.492444e+02
4.220000e-06	6.396615e-06	1.355959e-09	3.430896e+01	3.485072e+02
4.230000e-06	6.368591e-06	1.393585e-09	3.415865e+01	3.477567e+02
4.240000e-06	6.340256e-06	1.421729e-09	3.400667e+01	3.469933e+02
4.250000e-06	6.311734e-06	1.365411e-09	3.385369e+01	3.462174e+02
4.260000e-06	6.282828e-06	1.380940e-09	3.369865e+01	3.454292e+02
4.270000e-06	6.253289e-06	1.413676e-09	3.354022e+01	3.446290e+02
4.280000e-06	6.222963e-06	1.374410e-09	3.337756e+01	3.438168e+02
4.290000e-06	6.191906e-06	1.370052e-09	3.321098e+01	3.429927e+02
4.300000e-06	6.160291e-06	1.390287e-09	3.304141e+01	3.421564e+02
4.310000e-06	6.128215e-06	1.369349e-09	3.286937e+01	3.413078e+02
4.320000e-06	6.095797e-06	1.374852e-09	3.269549e+01	3.404464e+02
4.330000e-06	6.063057e-06	1.390264e-09	3.251988e+01	3.395718e+02
4.340000e-06	6.029932e-06	1.363604e-09	3.234221e+01	3.386835e+02
4.350000e-06	5.996378e-06	1.359145e-09	3.216224e+01	3.377806e+02
4.360000e-06	5.962359e-06	1.374104e-09	3.197978e+01	3.368625e+02
4.370000e-06	5.927973e-06	1.360236e-09	3.179535e+01	3.359282e+02
4.380000e-06	5.893278e-06	1.359288e-09	3.160926e+01	3.349768e+02
4.390000e-06	5.858010e-06	1.368099e-09	3.142009e+01	3.340074e+02
4.400000e-06	5.822300e-06	1.350621e-09	3.122855e+01	3.330188e+02
4.410000e-06	5.786395e-06	1.347160e-09	3.103598e+01	3.320100e+02
4.420000e-06	5.750270e-06	1.359042e-09	3.084222e+01	3.309799e+02
4.430000e-06	5.713824e-06	1.345079e-09	3.064673e+01	3.299275e+02
4.440000e-06	5.676973e-06	1.333731e-09	3.044908e+01	3.288517e+02
4.450000e-06	5.639635e-06	1.343095e-09	3.024881e+01	3.277515e+02
4.460000e-06	5.601731e-06	1.342018e-09	3.004551e+01	3.266259e+02
4.470000e-06	5.563169e-06	1.332461e-09	2.983868e+01	3.254741e+02
4.480000e-06	5.523844e-06	1.328850e-09	2.962775e+01	3.242952e+02
4.490000e-06	5.483983e-06	1.322682e-09	2.941395e+01	3.230885e+02
4.500000e-06	5.443844e-06	1.316890e-09	2.919867e+01	3.218534e+02
4.510000e-06	5.403460e-06	1.317229e-09	2.898206e+01	3.205894e+02
4.520000e-06	5.362798e-06	1.315919e-09	2.876397e+01	3.192961e+02
4.530000e-06	5.321747e-06	1.309255e-09	2.854379e+01	3.179731e+02
4.540000e-06	5.280276e-06	1.301335e-09	2.832135e+01	3.166202e+02
4.550000e-06	5.238488e-06	1.297220e-09	2.809722e+01	3.152374e+02
4.560000e-06	5.196399e-06	1.296661e-09	2.787147e+01	3.138247e+02
4.570000e-06	5.153972e-06	1.292479e-09	2.764391e+01	3.123821e+02
4.580000e-06	5.111219e-06	1.283914e-09	2.741460e+01	3.109099e+02
4.590000e-06	5.067973e-06	1.278933e-09	2.718264e+01	3.094082e+02
4.600000e-06	5.024266e-06	1.278196e-09	2.694822e+01	3.078775e+02
4.610000e-06	4.980343e-06	1.273916e-09	2.671263e+01	3.063180e+02
4.620000e-06	4.936200e-06	1.264787e-09	2.647586e+01	3.047301e+02
4.630000e-06	4.891890e-06	1.256927e-09	2.623820e+01	3.031144e+02
4.640000e-06	4.847420e-06	1.251481e-09	2.599968e+01	3.014712e+02
4.650000e-06	4.802664e-06	1.246158e-09	2.575962e+01	2.998009e+02
4.660000e-06	4.757464e-06	1.240857e-09	2.551719e+01	2.981040e+02
4.670000e-06	4.711872e-06	1.234986e-09	2.527265e+01	2.963809e+02
4.680000e-06	4.665986e-06	1.226510e-09	2.502654e+01	2.946318e+02
4.690000e-06	4.619674e-06	1.217464e-09	2.477814e+01	2.928572e+02
4.700000e-06	4.572981e-06	1.211348e-09	2.452770e+01	2.910572e+02
4.710000e-06	4.525907e-06	1.206969e-09	2.427521e+01	2.892321e+02
4.720000e-06	4.478579e-06	1.199991e-09	2.402136e+01	2.873820e+02
4.730000e-06	4.431004e-06	1.190856e-09	2.376619e+01	2.855070e+02
4.740000e-06	4.383005e-06	1.182933e-09	2.350874e+01	2.836071e+02
4.750000e-06	4.334730e-06	1.176464e-09	2.324981e+01	2.816822e+02
4.760000e-06	4.286077e-06	1.168603e-09	2.298886e+01	2.797322e+02
4.770000e-06	4.237029e-06	1.159165e-09	2.272578e+01	2.777571e+02
4.780000e-06	4.187588e-06	1.151769e-09	2.246060e+01	2.757565e+02
4.790000e-06	4.137662e-06	1.145916e-09	2.219282e+01	2.737302e+02
4.800000e-06	4.087442e-06	1.138877e-09	2.192345e+01	2.716780e+02
4.810000e-06	4.037028e-06	1.130254e-09	2.165305e+01	2.695995e+02
4.820000e-06	3.986393e-06	1.119979e-09	2.138146e+01	2.674946e+02
4.830000e-06	3.935514e-06	1.110315e-09	2.110857e+01	2.653627e+02
4.840000e-06	3.884213e-06	1.103014e-09	2.083341e+01	2.632038e+02
4.850000e-06	3.832580e-06	1.096784e-09	2.055647e+01	2.610174e+02
4.860000e-06	3.780808e-06	1.088702e-09	2.027879e+01	2.588033e+02
4.870000e-06	3.728698e-06	1.077851e-09	1.999929e+01	2.565614e+02
4.880000e-06	3.676168e-06	1.066887e-09	1.971754e+01	2.542913e+02
4.890000e-06	3.623335e-06	1.056636e-09	1.943416e+01	2.519931e+02
4.900000e-06	3.570181e-06	1.047509e-09	1.914906e+01	2.496666e+02
4.910000e-06	3.516742e-06	1.039381e-09	1.886244e+01	2.473117e+02
4.920000e-06	3.463190e-06	1.031240e-09	1.857521e+01	2.449285e+02
4.930000e-06	3.409279e-06	1.022866e-09	1.828605e+01	2.425170e+02
4.940000e-06	3.354717e-06	1.014799e-09	1.799340e+01	2.400773e+02
4.950000e-06	3.299614e-06	1.005777e-09	1.769785e+01	2.376097e+02
4.960000e-06	3.244272e-06	9.935453e-10	1.740102e+01	2.351142e+02
4.970000e-06	3.188772e-06	9.808507e-10	1.710334e+01	2.325911e+02
4.980000e-06	3.132940e-06	9.707580e-10	1.680388e+01	2.300407e+02
4.990000e-06	3.076909e-06	9.617817e-10	1.650335e+01	2.274631e+02
5.000000e-06	3.020807e-06	9.528408e-10	1.620244e+01	2.248586e+02
5.010000e-06	2.964482e-06	9.433492e-10	1.590033e+01	2.222275e+02
5.020000e-06	2.907931e-06	9.321812e-10	1.559702e+01	2.195699e+02
5.030000e-06	2.851317e-06	9.208397e-10	1.529336e+01	2.168862e+02
5.040000e-06	2.794683e-06	9.102790e-10	1.498960e+01	2.141763e+02
5.050000e-06	2.737872e-06	8.987169e-10	1.468488e+01	2.114405e+02
5.060000e-06	2.680742e-06	8.856344e-10	1.437846e+01	2.086788e+02
5.070000e-06	2.623405e-06	8.725496e-10	1.407093e+01	2.058911e+02
5.080000e-06	2.565923e-06	8.610460e-10	1.376262e+01	2.030774e+02
5.090000e-06	2.508363e-06	8.507539e-10	1.345389e+01	2.002374e+02
5.100000e-06	2.450609e-06	8.402064e-10	1.314412e+01	1.973710e+02
5.110000e-06	2.392582e-06	8.280955e-10	1.283288e+01	1.944778e+02
5.120000e-06	2.334414e-06	8.149908e-10	1.252089e+01	1.915572e+02
5.130000e-06	2.276081e-06	8.030957e-10	1.220801e+01	1.886089e+02
5.140000e-06	2.217584e-06	7.921136e-10	1.189426e+01	1.856322e+02
5.150000e-06	2.158874e-06	7.805606e-10	1.157936e+01	1.826264e+02
5.160000e-06	2.099953e-06	7.678073e-10	1.126333e+01	1.795908e+02
5.170000e-06	2.040927e-06	7.551461e-10	1.094674e+01	1.765244e+02
5.180000e-06	1.981798e-06	7.431594e-10	1.062959e+01	1.734264e+02
5.190000e-06	1.922482e-06	7.303156e-10	1.031145e+01	1.702958e+02
5.200000e-06	1.863027e-06	7.170211e-10	9.992554e+00	1.671317e+02
5.210000e-06	1.803498e-06	7.039560e-10	9.673265e+00	1.639329e+02
5.220000e-06	1.743911e-06	6.902762e-10	9.353662e+00	1.606985e+02
5.230000e-06	1.684169e-06	6.754290e-10	9.033231e+00	1.574273e+02
5.240000e-06	1.624261e-06	6.604558e-10	8.711907e+00	1.541182e+02
5.250000e-06	1.564278e-06	6.461054e-10	8.390178e+00	1.507703e+02
5.260000e-06	1.504210e-06	6.340424e-10	8.067999e+00	1.473825e+02
5.270000e-06	1.444054e-06	6.232872e-10	7.745346e+00	1.439537e+02
5.280000e-06	1.383845e-06	6.100143e-10	7.422410e+00	1.404830e+02
5.290000e-06	1.323591e-06	5.937471e-10	7.099231e+00	1.369695e+02
5.300000e-06	1.263217e-06	5.759676e-10	6.775405e+00	1.334125e+02
5.310000e-06	1.202848e-06	5.586143e-10	6.451611e+00	1.298111e+02
5.320000e-06	1.142542e-06	5.424348e-10	6.128150e+00	1.261647e+02
5.330000e-06	1.082102e-06	5.265160e-10	5.803973e+00	1.224727e+02
5.340000e-06	1.021502e-06	5.114063e-10	5.478938e+00	1.187346e+02
5.350000e-06	9.608972e-07	4.973088e-10	5.153879e+00	1.149502e+02
5.360000e-06	9.002510e-07	4.818900e-10	4.828597e+00	1.111192e+02
5.370000e-06	8.394599e-07	4.655799e-10	4.502537e+00	1.072414e+02
5.380000e-06	7.786393e-07	4.493312e-10	4.176319e+00	1.033169e+02
5.390000e-06	7.179206e-07	4.319840e-10	3.850647e+00	9.934577e+01
5.400000e-06	6.571423e-07	4.140420e-10	3.524656e+00	9.532832e+01
5.410000e-06	5.961316e-07	3.968663e-10	3.197418e+00	9.126495e+01
5.420000e-06	5.350478e-07	3.807115e-10	2.869789e+00	8.715617e+01
5.430000e-06	4.740236e-07	3.638932e-10	2.542479e+00	8.300267e+01
5.440000e-06	4.130029e-07	3.460157e-10	2.215187e+00	7.880523e+01
5.450000e-06	3.520073e-07	3.294001e-10	1.888031e+00	7.456482e+01
5.460000e-06	2.910293e-07	3.133530e-10	1.560968e+00	7.028251e+01
5.470000e-06	2.300271e-07	2.950901e-10	1.233776e+00	6.595952e+01
5.480000e-06	1.690153e-07	2.752853e-10	9.065327e-01	6.159719e+01
5.490000e-06	1.079717e-07	2.559354e-10	5.791181e-01	5.719703e+01
5.500000e-06	4.685808e-08	2.362743e-10	2.513285e-01	5.276064e+01
5.510000e-06	-1.426741e-08	2.170447e-10	-7.652487e-02	4.828979e+01
5.520000e-06	-7.539869e-08	1.995242e-10	-4.044093e-01	4.378637e+01
5.530000e-06	-1.364721e-07	1.816138e-10	-7.319834e-01	3.925236e+01
5.540000e-06	-1.974841e-07	1.633492e-10	-1.059228e+00	3.468992e+01
5.550000e-06	-2.585704e-07	1.449301e-10	-1.386871e+00	3.010127e+01
5.560000e-06	-3.196945e-07	1.246895e-10	-1.714717e+00	2.548879e+01
5.570000e-06	-3.808142e-07	1.038211e-10	-2.042539e+00	2.085494e+01
5.580000e-06	-4.418163e-07	8.423738e-11	-2.369731e+00	1.620227e+01
5.590000e-06	-5.026630e-07	6.498800e-11	-2.696089e+00	1.153345e+01
5.600000e-06	-5.634805e-07	4.507070e-11	-3.022291e+00	6.851204e+00
5.610000e-06	-6.242613e-07	2.547154e-11	-3.348295e+00	2.158344e+00
5.620000e-06	-6.849357e-07	5.775566e-12	-3.673729e+00	-2.542265e+00
5.630000e-06	-7.454851e-07	-1.466973e-11	-3.998493e+00	-7.247707e+00
5.640000e-06	-8.059829e-07	-3.462550e-11	-4.322980e+00	-1.195503e+01
5.650000e-06	-8.665461e-07	-5.397111e-11	-4.647817e+00	-1.666127e+01
5.660000e-06	-9.271749e-07	-7.353670e-11	-4.973006e+00	-2.136343e+01
5.670000e-06	-9.878418e-07	-9.298126e-11	-5.298400e+00	-2.605855e+01
5.680000e-06	-1.048415e-06	-1.129414e-10	-5.623292e+00	-3.074366e+01
5.690000e-06	-1.108806e-06	-1.338342e-10	-5.947208e+00	-3.541586e+01
5.700000e-06	-1.169132e-06	-1.547089e-10	-6.270769e+00	-4.007229e+01
5.710000e-06	-1.229402e-06	-1.747371e-10	-6.594038e+00	-4.471014e+01
5.720000e-06	-1.289637e-06	-1.939804e-10	-6.917111e+00	-4.932672e+01
5.730000e-06	-1.349821e-06	-2.134285e-10	-7.239914e+00	-5.391941e+01
5.740000e-06	-1.409918e-06	-2.327563e-10	-7.562250e+00	-5.848570e+01
5.750000e-06	-1.469940e-06	-2.522165e-10	-7.884187e+00	-6.302323e+01
5.760000e-06	-1.529912e-06	-2.720565e-10	-8.205856e+00	-6.752976e+01
5.770000e-06	-1.589863e-06	-2.919245e-10	-8.527406e+00	-7.200320e+01
5.780000e-06	-1.649766e-06	-3.113455e-10	-8.848707e+00	-7.644161e+01
5.790000e-06	-1.709546e-06	-3.300721e-10	-9.169343e+00	-8.084322e+01
5.800000e-06	-1.769199e-06	-3.481712e-10	-9.489298e+00	-8.520642e+01
5.810000e-06	-1.828729e-06	-3.666729e-10	-9.808592e+00	-8.952978e+01
5.820000e-06	-1.888080e-06	-3.855471e-10	-1.012693e+01	-9.381204e+01
5.830000e-06	-1.947241e-06	-4.042596e-10	-1.044424e+01	-9.805212e+01
5.840000e-06	-2.006162e-06	-4.228493e-10	-1.076027e+01	-1.022491e+02
5.850000e-06	-2.064934e-06	-4.403241e-10	-1.107551e+01	-1.064022e+02
5.860000e-06	-2.123681e-06	-4.563196e-10	-1.139060e+01	-1.105109e+02
5.870000e-06	-2.182310e-06	-4.717405e-10	-1.170507e+01	-1.145747e+02
5.880000e-06	-2.240800e-06	-4.882148e-10	-1.201878e+01	-1.185933e+02
5.890000e-06	-2.299180e-06	-5.059248e-10	-1.233191e+01	-1.225665e+02
5.900000e-06	-2.357443e-06	-5.239922e-10	-1.264441e+01	-1.264944e+02
5.910000e-06	-2.415491e-06	-5.412687e-10	-1.295575e+01	-1.303769e+02
5.920000e-06	-2.473264e-06	-5.573850e-10	-1.326563e+01	-1.342142e+02
5.930000e-06	-2.530836e-06	-5.731726e-10	-1.357442e+01	-1.380066e+02
5.940000e-06	-2.588150e-06	-5.889470e-10	-1.388183e+01	-1.417543e+02
5.950000e-06	-2.645234e-06	-6.043461e-10	-1.418801e+01	-1.454578e+02
5.960000e-06	-2.702109e-06	-6.195714e-10	-1.449306e+01	-1.491174e+02
5.970000e-06	-2.758789e-06	-6.353921e-10	-1.479707e+01	-1.527335e+02
5.980000e-06	-2.815342e-06	-6.521648e-10	-1.510040e+01	-1.563066e+02
5.990000e-06	-2.871693e-06	-6.681055e-10	-1.540265e+01	-1.598371e+02
6.000000e-06	-2.927914e-06	-6.821824e-10	-1.570419e+01	-1.633255e+02
6.010000e-06	-2.984115e-06	-6.960208e-10	-1.600563e+01	-1.667721e+02
6.020000e-06	-3.040177e-06	-7.102466e-10	-1.630633e+01	-1.701774e+02
6.030000e-06	-3.096039e-06	-7.236390e-10	-1.660595e+01	-1.735418e+02
6.040000e-06	-3.151626e-06	-7.364774e-10	-1.690410e+01	-1.768656e+02
6.050000e-06	-3.206986e-06	-7.501299e-10	-1.720103e+01	-1.801491e+02
6.060000e-06	-3.262046e-06	-7.641732e-10	-1.749635e+01	-1.833926e+02
6.070000e-06	-3.316851e-06	-7.780239e-10	-1.779030e+01	-1.865964e+02
6.080000e-06	-3.371423e-06	-7.909883e-10	-1.808300e+01	-1.897608e+02
6.090000e-06	-3.425429e-06	-8.026877e-10	-1.837267e+01	-1.928858e+02
6.100000e-06	-3.478866e-06	-8.148413e-10	-1.865929e+01	-1.959718e+02
6.110000e-06	-3.532054e-06	-8.273984e-10	-1.894456e+01	-1.990188e+02
6.120000e-06	-3.585017e-06	-8.394979e-10	-1.922864e+01	-2.020271e+02
6.130000e-06	-3.637672e-06	-8.511261e-10	-1.951106e+01	-2.049969e+02
6.140000e-06	-3.689981e-06	-8.627364e-10	-1.979163e+01	-2.079282e+02
6.150000e-06	-3.741929e-06	-8.750270e-10	-2.007025e+01	-2.108214e+02
6.160000e-06	-3.793717e-06	-8.877742e-10	-2.034802e+01	-2.136765e+02
6.170000e-06	-3.845352e-06	-9.008983e-10	-2.062497e+01	-2.164938e+02
6.180000e-06	-3.896721e-06	-9.125270e-10	-2.090050e+01	-2.192735e+02
6.190000e-06	-3.947681e-06	-9.225828e-10	-2.117383e+01	-2.220160e+02
6.200000e-06	-3.998252e-06	-9.341009e-10	-2.144507e+01	-2.247215e+02
6.210000e-06	-4.048564e-06	-9.464928e-10	-2.171492e+01	-2.273905e+02
6.220000e-06	-4.098632e-06	-9.576544e-10	-2.198347e+01	-2.300232e+02
6.230000e-06	-4.148427e-06	-9.678020e-10	-2.225055e+01	-2.326200e+02
6.240000e-06	-4.197735e-06	-9.767650e-10	-2.251502e+01	-2.351816e+02
6.250000e-06	-4.246353e-06	-9.852546e-10	-2.277579e+01	-2.377082e+02
6.260000e-06	-4.294585e-06	-9.952322e-10	-2.303449e+01	-2.402005e+02
6.270000e-06	-4.342520e-06	-1.006312e-09	-2.329159e+01	-2.426590e+02
6.280000e-06	-4.390047e-06	-1.016768e-09	-2.354651e+01	-2.450841e+02
6.290000e-06	-4.437267e-06	-1.026380e-09	-2.379978e+01	-2.474765e+02
6.300000e-06	-4.484198e-06	-1.035663e-09	-2.405150e+01	-2.498367e+02
6.310000e-06	-4.530843e-06	-1.044602e-09	-2.430168e+01	-2.521652e+02
6.320000e-06	-4.577284e-06	-1.054034e-09	-2.455078e+01	-2.544625e+02
6.330000e-06	-4.623497e-06	-1.063522e-09	-2.479864e+01	-2.567292e+02
6.340000e-06	-4.669393e-06	-1.071732e-09	-2.504481e+01	-2.589657e+02
6.350000e-06	-4.714842e-06	-1.079961e-09	-2.528858e+01	-2.611726e+02
6.360000e-06	-4.759941e-06	-1.089399e-09	-2.553048e+01	-2.633500e+02
6.370000e-06	-4.804820e-06	-1.098865e-09	-2.577119e+01	-2.654985e+02
6.380000e-06	-4.849331e-06	-1.107475e-09	-2.600993e+01	-2.676184e+02
6.390000e-06	-4.893598e-06	-1.115981e-09	-2.624736e+01	-2.697098e+02
6.400000e-06	-4.937713e-06	-1.124143e-09	-2.648398e+01	-2.717731e+02
6.410000e-06	-4.981628e-06	-1.132270e-09	-2.671952e+01	-2.738084e+02
6.420000e-06	-5.025251e-06	-1.141007e-09	-2.695350e+01	-2.758157e+02
6.430000e-06	-5.068490e-06	-1.150008e-09	-2.718541e+01	-2.777953e+02
6.440000e-06	-5.111315e-06	-1.158786e-09	-2.741511e+01	-2.797471e+02
6.450000e-06	-5.153767e-06	-1.166498e-09	-2.764281e+01	-2.816712e+02
6.460000e-06	-5.195886e-06	-1.173446e-09	-2.786871e+01	-2.835676e+02
6.470000e-06	-5.237714e-06	-1.180495e-09	-2.809307e+01	-2.854362e+02
6.480000e-06	-5.279166e-06	-1.187185e-09	-2.831540e+01	-2.872771e+02
6.490000e-06	-5.320188e-06	-1.194043e-09	-2.853542e+01	-2.890903e+02
6.500000e-06	-5.360896e-06	-1.201588e-09	-2.875376e+01	-2.908757e+02
6.510000e-06	-5.401313e-06	-1.208701e-09	-2.897055e+01	-2.926334e+02
6.520000e-06	-5.441478e-06	-1.215992e-09	-2.918598e+01	-2.943636e+02
6.530000e-06	-5.481446e-06	-1.223329e-09	-2.940035e+01	-2.960663e+02
6.540000e-06	-5.521091e-06	-1.229599e-09	-2.961299e+01	-2.977418e+02
6.550000e-06	-5.560185e-06	-1.235137e-09	-2.982267e+01	-2.993902e+02
6.560000e-06	-5.598541e-06	-1.241211e-09	-3.002840e+01	-3.010119e+02
6.570000e-06	-5.636107e-06	-1.247865e-09	-3.022989e+01	-3.026073e+02
6.580000e-06	-5.673036e-06	-1.254134e-09	-3.042796e+01	-3.041768e+02
6.590000e-06	-5.709583e-06	-1.260345e-09	-3.062399e+01	-3.057210e+02
6.600000e-06	-5.745908e-06	-1.266280e-09	-3.081882e+01	-3.072405e+02
6.610000e-06	-5.781999e-06	-1.271213e-09	-3.101240e+01	-3.087360e+02
6.620000e-06	-5.817727e-06	-1.275988e-09	-3.120403e+01	-3.102081e+02
6.630000e-06	-5.853070e-06	-1.281410e-09	-3.139360e+01	-3.116577e+02
6.640000e-06	-5.888006e-06	-1.288113e-09	-3.158098e+01	-3.130857e+02
6.650000e-06	-5.922521e-06	-1.294509e-09	-3.176610e+01	-3.144928e+02
6.660000e-06	-5.956666e-06	-1.298670e-09	-3.194924e+01	-3.158801e+02
6.670000e-06	-5.990314e-06	-1.302586e-09	-3.212972e+01	-3.172483e+02
6.680000e-06	-6.023426e-06	-1.308090e-09	-3.230732e+01	-3.185985e+02
6.690000e-06	-6.056120e-06	-1.313940e-09	-3.248268e+01	-3.199314e+02
6.700000e-06	-6.088560e-06	-1.318682e-09	-3.265667e+01	-3.212480e+02
6.710000e-06	-6.120813e-06	-1.324309e-09	-3.282967e+01	-3.225490e+02
6.720000e-06	-6.152771e-06	-1.331131e-09	-3.300108e+01	-3.238351e+02
6.730000e-06	-6.184278e-06	-1.336983e-09	-3.317007e+01	-3.251071e+02
6.740000e-06	-6.215126e-06	-1.341346e-09	-3.333553e+01	-3.263655e+02
6.750000e-06	-6.245136e-06	-1.345368e-09	-3.349649e+01	-3.276108e+02
6.760000e-06	-6.274422e-06	-1.349882e-09	-3.365356e+01	-3.288433e+02
6.770000e-06	-6.303195e-06	-1.355275e-09	-3.380789e+01	-3.300632e+02
6.780000e-06	-6.331618e-06	-1.361095e-09	-3.396034e+01	-3.312708e+02
6.790000e-06	-6.359792e-06	-1.366053e-09	-3.411146e+01	-3.324659e+02
6.800000e-06	-6.387631e-06	-1.370528e-09	-3.426077e+01	-3.336484e+02
6.810000e-06	-6.415008e-06	-1.375513e-09	-3.440761e+01	-3.348181e+02
6.820000e-06	-6.441977e-06	-1.381087e-09	-3.455227e+01	-3.359746e+02
6.830000e-06	-6.468461e-06	-1.385704e-09	-3.469432e+01	-3.371174e+02
6.840000e-06	-6.494444e-06	-1.389169e-09	-3.483368e+01	-3.382458e+02
6.850000e-06	-6.519987e-06	-1.392249e-09	-3.497068e+01	-3.393593e+02
6.860000e-06	-6.544872e-06	-1.395358e-09	-3.510415e+01	-3.404569e+02
6.870000e-06	-6.569302e-06	-1.399260e-09	-3.523519e+01	-3.415378e+02
6.880000e-06	-6.593601e-06	-1.403466e-09	-3.536551e+01	-3.426012e+02
6.890000e-06	-6.617743e-06	-1.405942e-09	-3.549501e+01	-3.436460e+02
6.900000e-06	-6.641473e-06	-1.408391e-09	-3.562228e+01	-3.446714e+02
6.910000e-06	-6.664446e-06	-1.412645e-09	-3.574550e+01	-3.456763e+02
6.920000e-06	-6.686737e-06	-1.417793e-09	-3.586506e+01	-3.466597e+02
6.930000e-06	-6.708252e-06	-1.423172e-09	-3.598046e+01	-3.476208e+02
6.940000e-06	-6.728974e-06	-1.427348e-09	-3.609161e+01	-3.485587e+02
6.950000e-06	-6.749328e-06	-1.430103e-09	-3.620077e+01	-3.494725e+02
6.960000e-06	-6.769486e-06	-1.432543e-09	-3.630890e+01	-3.503615e+02
6.970000e-06	-6.789287e-06	-1.436515e-09	-3.641510e+01	-3.512251e+02
6.980000e-06	-6.808523e-06	-1.440382e-09	-3.651828e+01	-3.520627e+02
6.990000e-06	-6.827255e-06	-1.442666e-09	-3.661875e+01	-3.528739e+02
7.000000e-06	-6.845624e-06	-1.444346e-09	-3.671727e+01	-3.536582e+02
7.010000e-06	-6.863553e-06	-1.445757e-09	-3.681344e+01	-3.544156e+02
7.020000e-06	-6.881099e-06	-1.448085e-09	-3.690754e+01	-3.551459e+02
7.030000e-06	-6.898221e-06	-1.449375e-09	-3.699938e+01	-3.558491e+02
7.040000e-06	-6.914721e-06	-1.448773e-09	-3.708788e+01	-3.565252e+02
7.050000e-06	-6.930894e-06	-1.449790e-09	-3.717462e+01	-3.571746e+02
7.060000e-06	-6.946850e-06	-1.452884e-09	-3.726021e+01	-3.577976e+02
7.070000e-06	-6.962323e-06	-1.456204e-09	-3.734320e+01	-3.583945e+02
7.080000e-06	-6.976959e-06	-1.457993e-09	-3.742170e+01	-3.589658e+02
7.090000e-06	-6.990620e-06	-1.458248e-09	-3.749497e+01	-3.595120e+02
7.100000e-06	-7.003537e-06	-1.459942e-09	-3.756425e+01	-3.600338e+02
7.110000e-06	-7.015895e-06	-1.463325e-09	-3.763054e+01	-3.605317e+02
7.120000e-06	-7.027817e-06	-1.465637e-09	-3.769449e+01	-3.610064e+02
7.130000e-06	-7.039251e-06	-1.467335e-09	-3.775581e+01	-3.614586e+02
7.140000e-06	-7.050130e-06	-1.468103e-09	-3.781416e+01	-3.618889e+02
7.150000e-06	-7.060506e-06	-1.468182e-09	-3.786981e+01	-3.622979e+02
7.160000e-06	-7.070421e-06	-1.469646e-09	-3.792299e+01	-3.626863e+02
7.170000e-06	-7.079913e-06	-1.471008e-09	-3.797391e+01	-3.630546e+02
7.180000e-06	-7.088882e-06	-1.470963e-09	-3.802201e+01	-3.634032e+02
7.190000e-06	-7.097217e-06	-1.469777e-09	-3.806672e+01	-3.637328e+02
7.200000e-06	-7.105329e-06	-1.468818e-09	-3.811023e+01	-3.640437e+02
7.210000e-06	-7.113278e-06	-1.468778e-09	-3.815286e+01	-3.643362e+02
7.220000e-06	-7.120621e-06	-1.468492e-09	-3.819225e+01	-3.646107e+02
7.230000e-06	-7.127260e-06	-1.468832e-09	-3.822786e+01	-3.648673e+02
7.240000e-06	-7.133039e-06	-1.471299e-09	-3.825885e+01	-3.651063e+02
7.250000e-06	-7.138040e-06	-1.474257e-09	-3.828568e+01	-3.653277e+02
7.260000e-06	-7.142582e-06	-1.474850e-09	-3.831004e+01	-3.655317e+02
7.270000e-06	-7.146810e-06	-1.473073e-09	-3.833272e+01	-3.657183e+02
7.280000e-06	-7.150727e-06	-1.471080e-09	-3.835373e+01	-3.658874e+02
7.290000e-06	-7.154214e-06	-1.469753e-09	-3.837243e+01	-3.660391e+02
7.300000e-06	-7.157141e-06	-1.468569e-09	-3.838813e+01	-3.661734e+02
7.310000e-06	-7.159606e-06	-1.468090e-09	-3.840135e+01	-3.662902e+02
7.320000e-06	-7.161577e-06	-1.469364e-09	-3.841192e+01	-3.663895e+02
7.330000e-06	-7.162860e-06	-1.471422e-09	-3.841880e+01	-3.664713e+02
7.340000e-06	-7.163658e-06	-1.472710e-09	-3.842308e+01	-3.665357e+02
