# Temperatura_=_11.5
# Concentracion g/m^3_=_7400.0
# C_Vs_to_Am_M_A/Vsm_=_254322799225.57578
# pendiente_HvsI_1/m_=_3716.3
# ordenada_HvsI_A/m_=_1297.0
# frecuencia_Hz_=_136110.02672279245

Tiempo_(s)	Campo_(V.s)	Magnetizacion_(V.s)	Campo_(kA/m)	Magnetizacion_(A/m)
0.000000e+00	-7.127522e-06	-1.675425e-09	-3.842170e+01	-4.189142e+02
1.000000e-08	-7.127499e-06	-1.675524e-09	-3.842158e+01	-4.189942e+02
2.000000e-08	-7.127226e-06	-1.674202e-09	-3.842010e+01	-4.190564e+02
3.000000e-08	-7.126327e-06	-1.670626e-09	-3.841526e+01	-4.191010e+02
4.000000e-08	-7.124733e-06	-1.668898e-09	-3.840667e+01	-4.191286e+02
5.000000e-08	-7.122356e-06	-1.670432e-09	-3.839385e+01	-4.191394e+02
6.000000e-08	-7.119292e-06	-1.673563e-09	-3.837734e+01	-4.191340e+02
7.000000e-08	-7.115820e-06	-1.679642e-09	-3.835862e+01	-4.191128e+02
8.000000e-08	-7.111993e-06	-1.678558e-09	-3.833799e+01	-4.190764e+02
9.000000e-08	-7.107507e-06	-1.638723e-09	-3.831381e+01	-4.190253e+02
1.000000e-07	-7.102109e-06	-1.597233e-09	-3.828471e+01	-4.189599e+02
1.100000e-07	-7.096046e-06	-1.658265e-09	-3.825202e+01	-4.188808e+02
1.200000e-07	-7.089968e-06	-1.756563e-09	-3.821926e+01	-4.187886e+02
1.300000e-07	-7.083878e-06	-1.691256e-09	-3.818643e+01	-4.186837e+02
1.400000e-07	-7.077087e-06	-1.558252e-09	-3.814982e+01	-4.185665e+02
1.500000e-07	-7.069602e-06	-1.631092e-09	-3.810948e+01	-4.184375e+02
1.600000e-07	-7.061898e-06	-1.776419e-09	-3.806795e+01	-4.182970e+02
1.700000e-07	-7.053924e-06	-1.666331e-09	-3.802496e+01	-4.181452e+02
1.800000e-07	-7.045205e-06	-1.485484e-09	-3.797796e+01	-4.179824e+02
1.900000e-07	-7.035688e-06	-1.621080e-09	-3.792666e+01	-4.178088e+02
2.000000e-07	-7.025543e-06	-1.820669e-09	-3.787197e+01	-4.176244e+02
2.100000e-07	-7.014946e-06	-1.674764e-09	-3.781485e+01	-4.174291e+02
2.200000e-07	-7.003681e-06	-1.487021e-09	-3.775412e+01	-4.172228e+02
2.300000e-07	-6.991678e-06	-1.625457e-09	-3.768942e+01	-4.170053e+02
2.400000e-07	-6.979349e-06	-1.753570e-09	-3.762296e+01	-4.167764e+02
2.500000e-07	-6.966567e-06	-1.604701e-09	-3.755405e+01	-4.165357e+02
2.600000e-07	-6.953084e-06	-1.543319e-09	-3.748137e+01	-4.162827e+02
2.700000e-07	-6.938926e-06	-1.693536e-09	-3.740505e+01	-4.160169e+02
2.800000e-07	-6.924223e-06	-1.691464e-09	-3.732579e+01	-4.157377e+02
2.900000e-07	-6.908589e-06	-1.563023e-09	-3.724152e+01	-4.154446e+02
3.000000e-07	-6.892097e-06	-1.618978e-09	-3.715261e+01	-4.151368e+02
3.100000e-07	-6.875420e-06	-1.682117e-09	-3.706271e+01	-4.148137e+02
3.200000e-07	-6.858375e-06	-1.562098e-09	-3.697083e+01	-4.144747e+02
3.300000e-07	-6.840714e-06	-1.567839e-09	-3.687563e+01	-4.141189e+02
3.400000e-07	-6.822685e-06	-1.722231e-09	-3.677844e+01	-4.137458e+02
3.500000e-07	-6.804204e-06	-1.653552e-09	-3.667882e+01	-4.133547e+02
3.600000e-07	-6.785060e-06	-1.500995e-09	-3.657562e+01	-4.129451e+02
3.700000e-07	-6.765459e-06	-1.607193e-09	-3.646996e+01	-4.125165e+02
3.800000e-07	-6.745669e-06	-1.701311e-09	-3.636328e+01	-4.120683e+02
3.900000e-07	-6.725568e-06	-1.566691e-09	-3.625492e+01	-4.116003e+02
4.000000e-07	-6.705007e-06	-1.539005e-09	-3.614409e+01	-4.111122e+02
4.100000e-07	-6.683992e-06	-1.662436e-09	-3.603080e+01	-4.106039e+02
4.200000e-07	-6.662446e-06	-1.626036e-09	-3.591466e+01	-4.100752e+02
4.300000e-07	-6.640416e-06	-1.541326e-09	-3.579590e+01	-4.095263e+02
4.400000e-07	-6.618088e-06	-1.603518e-09	-3.567554e+01	-4.089573e+02
4.500000e-07	-6.595333e-06	-1.611985e-09	-3.555288e+01	-4.083686e+02
4.600000e-07	-6.572014e-06	-1.538625e-09	-3.542717e+01	-4.077604e+02
4.700000e-07	-6.548344e-06	-1.584537e-09	-3.529957e+01	-4.071334e+02
4.800000e-07	-6.524358e-06	-1.633005e-09	-3.517028e+01	-4.064880e+02
4.900000e-07	-6.499834e-06	-1.555075e-09	-3.503808e+01	-4.058251e+02
5.000000e-07	-6.474675e-06	-1.534500e-09	-3.490246e+01	-4.051452e+02
5.100000e-07	-6.448912e-06	-1.591581e-09	-3.476358e+01	-4.044492e+02
5.200000e-07	-6.422232e-06	-1.568794e-09	-3.461975e+01	-4.037380e+02
5.300000e-07	-6.394823e-06	-1.534818e-09	-3.447201e+01	-4.030124e+02
5.400000e-07	-6.367156e-06	-1.566775e-09	-3.432286e+01	-4.022733e+02
5.500000e-07	-6.339246e-06	-1.564296e-09	-3.417241e+01	-4.015215e+02
5.600000e-07	-6.311043e-06	-1.534038e-09	-3.402038e+01	-4.007578e+02
5.700000e-07	-6.282316e-06	-1.544279e-09	-3.386552e+01	-3.999830e+02
5.800000e-07	-6.253146e-06	-1.542429e-09	-3.370828e+01	-3.991977e+02
5.900000e-07	-6.223645e-06	-1.519210e-09	-3.354925e+01	-3.984027e+02
6.000000e-07	-6.193736e-06	-1.526653e-09	-3.338802e+01	-3.975983e+02
6.100000e-07	-6.163387e-06	-1.534051e-09	-3.322442e+01	-3.967850e+02
6.200000e-07	-6.132548e-06	-1.519868e-09	-3.305818e+01	-3.959631e+02
6.300000e-07	-6.101356e-06	-1.514355e-09	-3.289004e+01	-3.951325e+02
6.400000e-07	-6.069913e-06	-1.507937e-09	-3.272054e+01	-3.942934e+02
6.500000e-07	-6.038172e-06	-1.496322e-09	-3.254944e+01	-3.934454e+02
6.600000e-07	-6.006051e-06	-1.498696e-09	-3.237629e+01	-3.925883e+02
6.700000e-07	-5.973540e-06	-1.499112e-09	-3.220103e+01	-3.917215e+02
6.800000e-07	-5.940184e-06	-1.489389e-09	-3.202122e+01	-3.908444e+02
6.900000e-07	-5.905967e-06	-1.486255e-09	-3.183677e+01	-3.899562e+02
7.000000e-07	-5.871284e-06	-1.479315e-09	-3.164981e+01	-3.890558e+02
7.100000e-07	-5.836110e-06	-1.466990e-09	-3.146020e+01	-3.881422e+02
7.200000e-07	-5.800633e-06	-1.467807e-09	-3.126896e+01	-3.872143e+02
7.300000e-07	-5.764959e-06	-1.467576e-09	-3.107665e+01	-3.862706e+02
7.400000e-07	-5.728913e-06	-1.456162e-09	-3.088234e+01	-3.853098e+02
7.500000e-07	-5.692472e-06	-1.454037e-09	-3.068590e+01	-3.843304e+02
7.600000e-07	-5.655654e-06	-1.456500e-09	-3.048743e+01	-3.833309e+02
7.700000e-07	-5.618287e-06	-1.446301e-09	-3.028600e+01	-3.823097e+02
7.800000e-07	-5.580450e-06	-1.433701e-09	-3.008204e+01	-3.812654e+02
7.900000e-07	-5.542272e-06	-1.428349e-09	-2.987623e+01	-3.801964e+02
8.000000e-07	-5.503653e-06	-1.424235e-09	-2.966805e+01	-3.791011e+02
8.100000e-07	-5.464577e-06	-1.421950e-09	-2.945741e+01	-3.779782e+02
8.200000e-07	-5.425256e-06	-1.420314e-09	-2.924545e+01	-3.768263e+02
8.300000e-07	-5.385732e-06	-1.413030e-09	-2.903239e+01	-3.756441e+02
8.400000e-07	-5.345995e-06	-1.403988e-09	-2.881818e+01	-3.744305e+02
8.500000e-07	-5.306059e-06	-1.398767e-09	-2.860290e+01	-3.731844e+02
8.600000e-07	-5.265683e-06	-1.394810e-09	-2.838525e+01	-3.719051e+02
8.700000e-07	-5.224704e-06	-1.388809e-09	-2.816435e+01	-3.705916e+02
8.800000e-07	-5.183259e-06	-1.380970e-09	-2.794093e+01	-3.692436e+02
8.900000e-07	-5.141371e-06	-1.374144e-09	-2.771514e+01	-3.678605e+02
9.000000e-07	-5.098809e-06	-1.369004e-09	-2.748570e+01	-3.664422e+02
9.100000e-07	-5.055632e-06	-1.362208e-09	-2.725295e+01	-3.649885e+02
9.200000e-07	-5.012112e-06	-1.353378e-09	-2.701835e+01	-3.634996e+02
9.300000e-07	-4.968392e-06	-1.345483e-09	-2.678267e+01	-3.619757e+02
9.400000e-07	-4.924441e-06	-1.341086e-09	-2.654574e+01	-3.604171e+02
9.500000e-07	-4.880083e-06	-1.337453e-09	-2.630663e+01	-3.588244e+02
9.600000e-07	-4.835393e-06	-1.330969e-09	-2.606572e+01	-3.571984e+02
9.700000e-07	-4.790430e-06	-1.322447e-09	-2.582335e+01	-3.555396e+02
9.800000e-07	-4.745200e-06	-1.313996e-09	-2.557953e+01	-3.538490e+02
9.900000e-07	-4.699584e-06	-1.306350e-09	-2.533363e+01	-3.521276e+02
1.000000e-06	-4.653570e-06	-1.299416e-09	-2.508559e+01	-3.503763e+02
1.010000e-06	-4.607296e-06	-1.292784e-09	-2.483614e+01	-3.485962e+02
1.020000e-06	-4.560757e-06	-1.286234e-09	-2.458527e+01	-3.467883e+02
1.030000e-06	-4.513859e-06	-1.279848e-09	-2.433246e+01	-3.449536e+02
1.040000e-06	-4.466589e-06	-1.273743e-09	-2.407765e+01	-3.430933e+02
1.050000e-06	-4.418885e-06	-1.267395e-09	-2.382049e+01	-3.412083e+02
1.060000e-06	-4.370926e-06	-1.260572e-09	-2.356196e+01	-3.392996e+02
1.070000e-06	-4.322915e-06	-1.253042e-09	-2.330316e+01	-3.373681e+02
1.080000e-06	-4.274762e-06	-1.245181e-09	-2.304358e+01	-3.354145e+02
1.090000e-06	-4.226284e-06	-1.237825e-09	-2.278225e+01	-3.334397e+02
1.100000e-06	-4.177279e-06	-1.230694e-09	-2.251809e+01	-3.314441e+02
1.110000e-06	-4.127618e-06	-1.222488e-09	-2.225039e+01	-3.294283e+02
1.120000e-06	-4.077393e-06	-1.212908e-09	-2.197964e+01	-3.273928e+02
1.130000e-06	-4.026915e-06	-1.203511e-09	-2.170753e+01	-3.253376e+02
1.140000e-06	-3.976095e-06	-1.195657e-09	-2.143358e+01	-3.232631e+02
1.150000e-06	-3.924871e-06	-1.188084e-09	-2.115745e+01	-3.211692e+02
1.160000e-06	-3.873308e-06	-1.179732e-09	-2.087950e+01	-3.190557e+02
1.170000e-06	-3.821469e-06	-1.171247e-09	-2.060005e+01	-3.169226e+02
1.180000e-06	-3.769411e-06	-1.162267e-09	-2.031943e+01	-3.147695e+02
1.190000e-06	-3.717050e-06	-1.153018e-09	-2.003717e+01	-3.125959e+02
1.200000e-06	-3.664320e-06	-1.144196e-09	-1.975293e+01	-3.104014e+02
1.210000e-06	-3.611358e-06	-1.135926e-09	-1.946743e+01	-3.081854e+02
1.220000e-06	-3.558084e-06	-1.129184e-09	-1.918025e+01	-3.059473e+02
1.230000e-06	-3.504459e-06	-1.122493e-09	-1.889118e+01	-3.036864e+02
1.240000e-06	-3.450735e-06	-1.113399e-09	-1.860157e+01	-3.014019e+02
1.250000e-06	-3.396756e-06	-1.103117e-09	-1.831059e+01	-2.990931e+02
1.260000e-06	-3.342447e-06	-1.092492e-09	-1.801783e+01	-2.967593e+02
1.270000e-06	-3.287956e-06	-1.081584e-09	-1.772409e+01	-2.943996e+02
1.280000e-06	-3.233245e-06	-1.072206e-09	-1.742917e+01	-2.920134e+02
1.290000e-06	-3.178314e-06	-1.064267e-09	-1.713306e+01	-2.895998e+02
1.300000e-06	-3.123123e-06	-1.055636e-09	-1.683554e+01	-2.871582e+02
1.310000e-06	-3.067726e-06	-1.046144e-09	-1.653692e+01	-2.846879e+02
1.320000e-06	-3.012223e-06	-1.036068e-09	-1.623772e+01	-2.821882e+02
1.330000e-06	-2.956628e-06	-1.024734e-09	-1.593803e+01	-2.796586e+02
1.340000e-06	-2.900886e-06	-1.012605e-09	-1.563755e+01	-2.770984e+02
1.350000e-06	-2.844994e-06	-1.001390e-09	-1.533626e+01	-2.745072e+02
1.360000e-06	-2.788951e-06	-9.915543e-10	-1.503415e+01	-2.718845e+02
1.370000e-06	-2.732754e-06	-9.828411e-10	-1.473121e+01	-2.692298e+02
1.380000e-06	-2.676502e-06	-9.744966e-10	-1.442798e+01	-2.665425e+02
1.390000e-06	-2.620137e-06	-9.656563e-10	-1.412414e+01	-2.638225e+02
1.400000e-06	-2.563608e-06	-9.545697e-10	-1.381941e+01	-2.610691e+02
1.410000e-06	-2.506801e-06	-9.421501e-10	-1.351319e+01	-2.582819e+02
1.420000e-06	-2.449627e-06	-9.304102e-10	-1.320499e+01	-2.554605e+02
1.430000e-06	-2.392010e-06	-9.192660e-10	-1.289440e+01	-2.526043e+02
1.440000e-06	-2.334070e-06	-9.086223e-10	-1.258207e+01	-2.497128e+02
1.450000e-06	-2.275911e-06	-8.982444e-10	-1.226855e+01	-2.467853e+02
1.460000e-06	-2.217462e-06	-8.876707e-10	-1.195347e+01	-2.438211e+02
1.470000e-06	-2.158730e-06	-8.763081e-10	-1.163688e+01	-2.408193e+02
1.480000e-06	-2.099762e-06	-8.646779e-10	-1.131900e+01	-2.377790e+02
1.490000e-06	-2.040665e-06	-8.525795e-10	-1.100043e+01	-2.346990e+02
1.500000e-06	-1.981347e-06	-8.398892e-10	-1.068067e+01	-2.315782e+02
1.510000e-06	-1.921755e-06	-8.276298e-10	-1.035944e+01	-2.284152e+02
1.520000e-06	-1.862093e-06	-8.161876e-10	-1.003782e+01	-2.252083e+02
1.530000e-06	-1.802476e-06	-8.048014e-10	-9.716446e+00	-2.219560e+02
1.540000e-06	-1.742785e-06	-7.925679e-10	-9.394677e+00	-2.186562e+02
1.550000e-06	-1.683069e-06	-7.800147e-10	-9.072773e+00	-2.153071e+02
1.560000e-06	-1.623339e-06	-7.679551e-10	-8.750791e+00	-2.119063e+02
1.570000e-06	-1.563489e-06	-7.558341e-10	-8.428160e+00	-2.084516e+02
1.580000e-06	-1.503577e-06	-7.435684e-10	-8.105199e+00	-2.049405e+02
1.590000e-06	-1.443574e-06	-7.314691e-10	-7.781745e+00	-2.013703e+02
1.600000e-06	-1.383475e-06	-7.188379e-10	-7.457778e+00	-1.977384e+02
1.610000e-06	-1.323351e-06	-7.058058e-10	-7.133669e+00	-1.940419e+02
1.620000e-06	-1.263228e-06	-6.929970e-10	-6.809572e+00	-1.902781e+02
1.630000e-06	-1.203105e-06	-6.791623e-10	-6.485469e+00	-1.864439e+02
1.640000e-06	-1.142771e-06	-6.637041e-10	-6.160232e+00	-1.825367e+02
1.650000e-06	-1.082240e-06	-6.488270e-10	-5.833935e+00	-1.785535e+02
1.660000e-06	-1.021708e-06	-6.350301e-10	-5.507632e+00	-1.744915e+02
1.670000e-06	-9.611229e-07	-6.205012e-10	-5.181040e+00	-1.703481e+02
1.680000e-06	-9.004251e-07	-6.052274e-10	-4.853842e+00	-1.661207e+02
1.690000e-06	-8.397029e-07	-5.904791e-10	-4.526512e+00	-1.618071e+02
1.700000e-06	-7.789107e-07	-5.757432e-10	-4.198805e+00	-1.574051e+02
1.710000e-06	-7.180568e-07	-5.606200e-10	-3.870765e+00	-1.529128e+02
1.720000e-06	-6.572055e-07	-5.453027e-10	-3.542739e+00	-1.483286e+02
1.730000e-06	-5.962547e-07	-5.287127e-10	-3.214177e+00	-1.436514e+02
1.740000e-06	-5.352071e-07	-5.112667e-10	-2.885094e+00	-1.388802e+02
1.750000e-06	-4.741426e-07	-4.939408e-10	-2.555918e+00	-1.340144e+02
1.760000e-06	-4.130579e-07	-4.759990e-10	-2.226634e+00	-1.290542e+02
1.770000e-06	-3.520194e-07	-4.559040e-10	-1.897600e+00	-1.239997e+02
1.780000e-06	-2.908620e-07	-4.349387e-10	-1.567924e+00	-1.188518e+02
1.790000e-06	-2.296008e-07	-4.161746e-10	-1.237689e+00	-1.136118e+02
1.800000e-06	-1.684517e-07	-3.983747e-10	-9.080577e-01	-1.082814e+02
1.810000e-06	-1.073409e-07	-3.790970e-10	-5.786328e-01	-1.028630e+02
1.820000e-06	-4.620822e-08	-3.581877e-10	-2.490906e-01	-9.735911e+01
1.830000e-06	1.489941e-08	-3.365490e-10	8.031695e-02	-9.177309e+01
1.840000e-06	7.604417e-08	-3.151662e-10	4.099246e-01	-8.610856e+01
1.850000e-06	1.372151e-07	-2.943992e-10	7.396733e-01	-8.036964e+01
1.860000e-06	1.983146e-07	-2.737082e-10	1.069037e+00	-7.456087e+01
1.870000e-06	2.594521e-07	-2.512593e-10	1.398606e+00	-6.868718e+01
1.880000e-06	3.206081e-07	-2.271776e-10	1.728274e+00	-6.275386e+01
1.890000e-06	3.818156e-07	-2.041693e-10	2.058220e+00	-5.676655e+01
1.900000e-06	4.430163e-07	-1.822976e-10	2.388128e+00	-5.073116e+01
1.910000e-06	5.040733e-07	-1.601928e-10	2.717263e+00	-4.465383e+01
1.920000e-06	5.650741e-07	-1.370339e-10	3.046095e+00	-3.854091e+01
1.930000e-06	6.260229e-07	-1.133658e-10	3.374646e+00	-3.239890e+01
1.940000e-06	6.867939e-07	-8.930749e-11	3.702239e+00	-2.623437e+01
1.950000e-06	7.474651e-07	-6.359493e-11	4.029294e+00	-2.005395e+01
1.960000e-06	8.081863e-07	-3.806634e-11	4.356618e+00	-1.386426e+01
1.970000e-06	8.688203e-07	-1.431206e-11	4.683473e+00	-7.671841e+00
1.980000e-06	9.293747e-07	9.100590e-12	5.009898e+00	-1.483130e+00
1.990000e-06	9.899511e-07	3.349373e-11	5.336442e+00	4.695603e+00
2.000000e-06	1.050371e-06	5.832665e-11	5.662141e+00	1.085830e+01
2.010000e-06	1.110625e-06	8.207283e-11	5.986949e+00	1.699916e+01
2.020000e-06	1.170989e-06	1.047531e-10	6.312344e+00	2.311267e+01
2.030000e-06	1.231370e-06	1.273581e-10	6.637839e+00	2.919367e+01
2.040000e-06	1.291595e-06	1.495880e-10	6.962485e+00	3.523734e+01
2.050000e-06	1.351652e-06	1.713334e-10	7.286231e+00	4.123925e+01
2.060000e-06	1.411594e-06	1.934427e-10	7.609353e+00	4.719540e+01
2.070000e-06	1.471592e-06	2.160885e-10	7.932783e+00	5.310222e+01
2.080000e-06	1.531597e-06	2.384488e-10	8.256243e+00	5.895654e+01
2.090000e-06	1.591504e-06	2.604434e-10	8.579177e+00	6.475567e+01
2.100000e-06	1.651316e-06	2.825231e-10	8.901605e+00	7.049734e+01
2.110000e-06	1.710967e-06	3.032600e-10	9.223156e+00	7.617972e+01
2.120000e-06	1.770611e-06	3.215693e-10	9.544674e+00	8.180140e+01
2.130000e-06	1.830203e-06	3.402987e-10	9.865912e+00	8.736136e+01
2.140000e-06	1.889643e-06	3.609713e-10	1.018633e+01	9.285899e+01
2.150000e-06	1.949032e-06	3.817510e-10	1.050648e+01	9.829399e+01
2.160000e-06	2.008307e-06	4.014144e-10	1.082600e+01	1.036664e+02
2.170000e-06	2.067375e-06	4.200648e-10	1.114442e+01	1.089766e+02
2.180000e-06	2.126302e-06	4.389269e-10	1.146207e+01	1.142251e+02
2.190000e-06	2.185106e-06	4.592070e-10	1.177906e+01	1.194128e+02
2.200000e-06	2.243598e-06	4.795300e-10	1.209436e+01	1.245407e+02
2.210000e-06	2.301915e-06	4.973354e-10	1.240873e+01	1.296097e+02
2.220000e-06	2.359803e-06	5.141059e-10	1.272078e+01	1.346213e+02
2.230000e-06	2.417020e-06	5.317661e-10	1.302922e+01	1.395765e+02
2.240000e-06	2.474033e-06	5.493581e-10	1.333655e+01	1.444767e+02
2.250000e-06	2.530918e-06	5.664112e-10	1.364319e+01	1.493232e+02
2.260000e-06	2.587522e-06	5.829494e-10	1.394833e+01	1.541172e+02
2.270000e-06	2.643937e-06	5.990517e-10	1.425244e+01	1.588597e+02
2.280000e-06	2.700206e-06	6.152853e-10	1.455576e+01	1.635519e+02
2.290000e-06	2.756336e-06	6.320793e-10	1.485833e+01	1.681946e+02
2.300000e-06	2.812263e-06	6.488025e-10	1.515982e+01	1.727885e+02
2.310000e-06	2.868001e-06	6.641678e-10	1.546028e+01	1.773341e+02
2.320000e-06	2.923634e-06	6.782006e-10	1.576017e+01	1.818320e+02
2.330000e-06	2.979175e-06	6.927554e-10	1.605957e+01	1.862822e+02
2.340000e-06	3.034492e-06	7.083439e-10	1.635777e+01	1.906847e+02
2.350000e-06	3.089540e-06	7.245020e-10	1.665451e+01	1.950395e+02
2.360000e-06	3.144506e-06	7.405212e-10	1.695081e+01	1.993460e+02
2.370000e-06	3.199324e-06	7.558726e-10	1.724631e+01	2.036039e+02
2.380000e-06	3.253859e-06	7.712268e-10	1.754029e+01	2.078124e+02
2.390000e-06	3.308267e-06	7.869405e-10	1.783358e+01	2.119707e+02
2.400000e-06	3.362409e-06	8.013049e-10	1.812544e+01	2.160779e+02
2.410000e-06	3.416229e-06	8.143123e-10	1.841556e+01	2.201330e+02
2.420000e-06	3.469899e-06	8.284523e-10	1.870488e+01	2.241348e+02
2.430000e-06	3.523298e-06	8.441756e-10	1.899273e+01	2.280821e+02
2.440000e-06	3.576409e-06	8.610539e-10	1.927903e+01	2.319739e+02
2.450000e-06	3.629295e-06	8.771227e-10	1.956412e+01	2.358090e+02
2.460000e-06	3.681875e-06	8.912767e-10	1.984756e+01	2.395862e+02
2.470000e-06	3.734188e-06	9.042781e-10	2.012956e+01	2.433045e+02
2.480000e-06	3.786301e-06	9.173420e-10	2.041047e+01	2.469627e+02
2.490000e-06	3.838146e-06	9.313119e-10	2.068995e+01	2.505602e+02
2.500000e-06	3.889705e-06	9.451357e-10	2.096789e+01	2.540960e+02
2.510000e-06	3.940960e-06	9.586779e-10	2.124419e+01	2.575694e+02
2.520000e-06	3.991926e-06	9.719567e-10	2.151892e+01	2.609801e+02
2.530000e-06	4.042400e-06	9.842849e-10	2.179101e+01	2.643277e+02
2.540000e-06	4.092285e-06	9.964517e-10	2.205992e+01	2.676120e+02
2.550000e-06	4.141755e-06	1.008748e-09	2.232659e+01	2.708330e+02
2.560000e-06	4.190765e-06	1.020933e-09	2.259078e+01	2.739908e+02
2.570000e-06	4.239221e-06	1.032695e-09	2.285199e+01	2.770859e+02
2.580000e-06	4.287311e-06	1.043876e-09	2.311122e+01	2.801188e+02
2.590000e-06	4.335192e-06	1.054508e-09	2.336933e+01	2.830901e+02
2.600000e-06	4.382853e-06	1.064389e-09	2.362626e+01	2.860008e+02
2.610000e-06	4.430322e-06	1.073745e-09	2.388215e+01	2.888517e+02
2.620000e-06	4.477574e-06	1.083289e-09	2.413686e+01	2.916441e+02
2.630000e-06	4.524615e-06	1.094518e-09	2.439044e+01	2.943791e+02
2.640000e-06	4.571306e-06	1.106779e-09	2.464213e+01	2.970581e+02
2.650000e-06	4.617497e-06	1.117758e-09	2.489113e+01	2.996826e+02
2.660000e-06	4.663385e-06	1.127459e-09	2.513850e+01	3.022539e+02
2.670000e-06	4.709034e-06	1.136820e-09	2.538457e+01	3.047737e+02
2.680000e-06	4.754255e-06	1.146310e-09	2.562834e+01	3.072434e+02
2.690000e-06	4.799171e-06	1.155988e-09	2.587047e+01	3.096647e+02
2.700000e-06	4.843838e-06	1.165233e-09	2.611125e+01	3.120391e+02
2.710000e-06	4.888137e-06	1.174246e-09	2.635005e+01	3.143683e+02
2.720000e-06	4.932080e-06	1.183934e-09	2.658693e+01	3.166536e+02
2.730000e-06	4.975824e-06	1.193731e-09	2.682273e+01	3.188966e+02
2.740000e-06	5.019533e-06	1.202592e-09	2.705835e+01	3.210987e+02
2.750000e-06	5.062926e-06	1.210534e-09	2.729227e+01	3.232613e+02
2.760000e-06	5.105819e-06	1.217584e-09	2.752348e+01	3.253857e+02
2.770000e-06	5.148188e-06	1.225376e-09	2.775188e+01	3.274730e+02
2.780000e-06	5.189997e-06	1.234776e-09	2.797726e+01	3.295245e+02
2.790000e-06	5.231170e-06	1.243328e-09	2.819920e+01	3.315413e+02
2.800000e-06	5.271680e-06	1.249352e-09	2.841758e+01	3.335243e+02
2.810000e-06	5.311815e-06	1.254795e-09	2.863393e+01	3.354745e+02
2.820000e-06	5.351690e-06	1.261474e-09	2.884888e+01	3.373928e+02
2.830000e-06	5.391284e-06	1.268647e-09	2.906231e+01	3.392799e+02
2.840000e-06	5.430666e-06	1.276100e-09	2.927461e+01	3.411367e+02
2.850000e-06	5.469694e-06	1.283202e-09	2.948499e+01	3.429638e+02
2.860000e-06	5.508273e-06	1.289430e-09	2.969296e+01	3.447620e+02
2.870000e-06	5.546562e-06	1.295428e-09	2.989936e+01	3.465319e+02
2.880000e-06	5.584516e-06	1.301955e-09	3.010395e+01	3.482740e+02
2.890000e-06	5.621945e-06	1.308732e-09	3.030572e+01	3.499890e+02
2.900000e-06	5.658856e-06	1.314754e-09	3.050469e+01	3.516775e+02
2.910000e-06	5.695343e-06	1.321493e-09	3.070138e+01	3.533400e+02
2.920000e-06	5.731511e-06	1.329322e-09	3.089635e+01	3.549771e+02
2.930000e-06	5.767469e-06	1.336183e-09	3.109018e+01	3.565893e+02
2.940000e-06	5.803175e-06	1.342081e-09	3.128266e+01	3.581773e+02
2.950000e-06	5.838639e-06	1.347449e-09	3.147383e+01	3.597416e+02
2.960000e-06	5.873788e-06	1.352841e-09	3.166331e+01	3.612828e+02
2.970000e-06	5.908337e-06	1.358624e-09	3.184955e+01	3.628014e+02
2.980000e-06	5.942134e-06	1.365516e-09	3.203173e+01	3.642980e+02
2.990000e-06	5.975305e-06	1.372389e-09	3.221055e+01	3.657731e+02
3.000000e-06	6.007945e-06	1.378282e-09	3.238650e+01	3.672274e+02
3.010000e-06	6.040070e-06	1.385325e-09	3.255967e+01	3.686613e+02
3.020000e-06	6.071868e-06	1.392307e-09	3.273108e+01	3.700754e+02
3.030000e-06	6.103308e-06	1.396587e-09	3.290056e+01	3.714701e+02
3.040000e-06	6.134262e-06	1.399957e-09	3.306742e+01	3.728459e+02
3.050000e-06	6.164867e-06	1.405233e-09	3.323240e+01	3.742032e+02
3.060000e-06	6.195095e-06	1.411685e-09	3.339535e+01	3.755424e+02
3.070000e-06	6.224912e-06	1.418617e-09	3.355608e+01	3.768638e+02
3.080000e-06	6.254324e-06	1.425149e-09	3.371463e+01	3.781676e+02
3.090000e-06	6.283214e-06	1.430084e-09	3.387036e+01	3.794541e+02
3.100000e-06	6.311804e-06	1.434347e-09	3.402448e+01	3.807234e+02
3.110000e-06	6.340069e-06	1.439471e-09	3.417685e+01	3.819755e+02
3.120000e-06	6.367938e-06	1.445227e-09	3.432708e+01	3.832104e+02
3.130000e-06	6.395577e-06	1.449506e-09	3.447607e+01	3.844281e+02
3.140000e-06	6.422840e-06	1.452256e-09	3.462303e+01	3.856285e+02
3.150000e-06	6.449450e-06	1.455622e-09	3.476648e+01	3.868114e+02
3.160000e-06	6.475250e-06	1.460837e-09	3.490555e+01	3.879764e+02
3.170000e-06	6.500266e-06	1.467555e-09	3.504041e+01	3.891234e+02
3.180000e-06	6.524609e-06	1.473721e-09	3.517163e+01	3.902520e+02
3.190000e-06	6.548501e-06	1.478080e-09	3.530043e+01	3.913617e+02
3.200000e-06	6.572079e-06	1.481468e-09	3.542752e+01	3.924522e+02
3.210000e-06	6.595261e-06	1.484852e-09	3.555249e+01	3.935231e+02
3.220000e-06	6.618006e-06	1.488497e-09	3.567510e+01	3.945738e+02
3.230000e-06	6.640341e-06	1.492560e-09	3.579550e+01	3.956040e+02
3.240000e-06	6.662252e-06	1.496617e-09	3.591361e+01	3.966131e+02
3.250000e-06	6.683743e-06	1.501904e-09	3.602946e+01	3.976008e+02
3.260000e-06	6.704808e-06	1.508352e-09	3.614301e+01	3.985667e+02
3.270000e-06	6.725411e-06	1.513603e-09	3.625408e+01	3.995102e+02
3.280000e-06	6.745504e-06	1.517991e-09	3.636239e+01	4.004312e+02
3.290000e-06	6.765265e-06	1.521643e-09	3.646892e+01	4.013293e+02
3.300000e-06	6.784730e-06	1.524658e-09	3.657384e+01	4.022043e+02
3.310000e-06	6.803768e-06	1.529285e-09	3.667647e+01	4.030559e+02
3.320000e-06	6.822232e-06	1.534948e-09	3.677600e+01	4.038840e+02
3.330000e-06	6.840072e-06	1.539852e-09	3.687217e+01	4.046885e+02
3.340000e-06	6.857520e-06	1.544119e-09	3.696622e+01	4.054695e+02
3.350000e-06	6.874456e-06	1.547126e-09	3.705752e+01	4.062268e+02
3.360000e-06	6.890897e-06	1.549031e-09	3.714615e+01	4.069607e+02
3.370000e-06	6.907014e-06	1.551102e-09	3.723303e+01	4.076712e+02
3.380000e-06	6.922564e-06	1.553924e-09	3.731685e+01	4.083585e+02
3.390000e-06	6.937387e-06	1.557929e-09	3.739676e+01	4.090228e+02
3.400000e-06	6.951583e-06	1.563383e-09	3.747328e+01	4.096643e+02
3.410000e-06	6.965293e-06	1.568744e-09	3.754718e+01	4.102834e+02
3.420000e-06	6.978551e-06	1.572370e-09	3.761866e+01	4.108803e+02
3.430000e-06	6.991194e-06	1.573504e-09	3.768681e+01	4.114554e+02
3.440000e-06	7.003351e-06	1.573666e-09	3.775234e+01	4.120088e+02
3.450000e-06	7.015213e-06	1.575406e-09	3.781629e+01	4.125411e+02
3.460000e-06	7.026540e-06	1.578683e-09	3.787734e+01	4.130523e+02
3.470000e-06	7.037036e-06	1.581620e-09	3.793392e+01	4.135429e+02
3.480000e-06	7.046626e-06	1.583741e-09	3.798562e+01	4.140131e+02
3.490000e-06	7.055383e-06	1.586016e-09	3.803283e+01	4.144631e+02
3.500000e-06	7.063568e-06	1.588258e-09	3.807695e+01	4.148932e+02
3.510000e-06	7.071450e-06	1.590299e-09	3.811944e+01	4.153035e+02
3.520000e-06	7.079070e-06	1.591889e-09	3.816052e+01	4.156941e+02
3.530000e-06	7.086315e-06	1.592529e-09	3.819957e+01	4.160653e+02
3.540000e-06	7.092911e-06	1.593432e-09	3.823513e+01	4.164171e+02
3.550000e-06	7.098988e-06	1.596016e-09	3.826788e+01	4.167496e+02
3.560000e-06	7.104720e-06	1.598962e-09	3.829878e+01	4.170629e+02
3.570000e-06	7.109935e-06	1.601070e-09	3.832690e+01	4.173569e+02
3.580000e-06	7.114491e-06	1.602760e-09	3.835146e+01	4.176317e+02
3.590000e-06	7.118539e-06	1.604280e-09	3.837328e+01	4.178874e+02
3.600000e-06	7.122356e-06	1.606054e-09	3.839385e+01	4.181239e+02
3.610000e-06	7.125886e-06	1.608675e-09	3.841288e+01	4.183412e+02
3.620000e-06	7.128841e-06	1.610871e-09	3.842881e+01	4.185395e+02
3.630000e-06	7.131301e-06	1.611914e-09	3.844207e+01	4.187188e+02
3.640000e-06	7.133253e-06	1.613621e-09	3.845260e+01	4.188791e+02
3.650000e-06	7.134331e-06	1.616075e-09	3.845841e+01	4.190206e+02
3.660000e-06	7.134627e-06	1.618212e-09	3.846000e+01	4.191434e+02
3.670000e-06	7.134495e-06	1.619600e-09	3.845929e+01	4.192477e+02
3.680000e-06	7.133966e-06	1.620137e-09	3.845644e+01	4.193339e+02
3.690000e-06	7.132885e-06	1.621328e-09	3.845061e+01	4.194020e+02
3.700000e-06	7.131274e-06	1.624237e-09	3.844192e+01	4.194526e+02
3.710000e-06	7.129301e-06	1.627328e-09	3.843129e+01	4.194858e+02
3.720000e-06	7.126997e-06	1.627256e-09	3.841887e+01	4.195023e+02
3.730000e-06	7.124265e-06	1.620222e-09	3.840414e+01	4.195023e+02
3.740000e-06	7.120977e-06	1.607004e-09	3.838642e+01	4.194865e+02
3.750000e-06	7.117202e-06	1.620605e-09	3.836607e+01	4.194551e+02
3.760000e-06	7.112950e-06	1.693737e-09	3.834315e+01	4.194089e+02
3.770000e-06	7.107733e-06	1.714899e-09	3.831503e+01	4.193483e+02
3.780000e-06	7.101447e-06	1.573846e-09	3.828114e+01	4.192739e+02
3.790000e-06	7.094932e-06	1.507040e-09	3.824602e+01	4.191861e+02
3.800000e-06	7.088627e-06	1.669385e-09	3.821203e+01	4.190854e+02
3.810000e-06	7.081755e-06	1.756670e-09	3.817499e+01	4.189724e+02
3.820000e-06	7.073899e-06	1.581575e-09	3.813264e+01	4.188473e+02
3.830000e-06	7.065585e-06	1.493551e-09	3.808782e+01	4.187107e+02
3.840000e-06	7.057166e-06	1.719970e-09	3.804244e+01	4.185627e+02
3.850000e-06	7.048327e-06	1.826426e-09	3.799479e+01	4.184037e+02
3.860000e-06	7.038741e-06	1.546350e-09	3.794312e+01	4.182338e+02
3.870000e-06	7.028638e-06	1.413129e-09	3.788866e+01	4.180530e+02
3.880000e-06	7.018333e-06	1.713281e-09	3.783310e+01	4.178614e+02
3.890000e-06	7.007625e-06	1.838262e-09	3.777538e+01	4.176589e+02
3.900000e-06	6.996183e-06	1.544353e-09	3.771370e+01	4.174453e+02
3.910000e-06	6.984118e-06	1.479690e-09	3.764866e+01	4.172204e+02
3.920000e-06	6.971569e-06	1.777313e-09	3.758102e+01	4.169837e+02
3.930000e-06	6.958319e-06	1.759328e-09	3.750959e+01	4.167349e+02
3.940000e-06	6.944067e-06	1.465745e-09	3.743276e+01	4.164735e+02
3.950000e-06	6.929161e-06	1.558680e-09	3.735241e+01	4.161990e+02
3.960000e-06	6.913816e-06	1.815665e-09	3.726969e+01	4.159107e+02
3.970000e-06	6.897921e-06	1.659656e-09	3.718401e+01	4.156079e+02
3.980000e-06	6.881686e-06	1.493087e-09	3.709650e+01	4.152901e+02
3.990000e-06	6.865193e-06	1.706824e-09	3.700759e+01	4.149565e+02
4.000000e-06	6.848168e-06	1.746840e-09	3.691581e+01	4.146065e+02
4.010000e-06	6.830548e-06	1.491225e-09	3.682083e+01	4.142393e+02
4.020000e-06	6.812510e-06	1.561469e-09	3.672359e+01	4.138544e+02
4.030000e-06	6.793954e-06	1.800279e-09	3.662356e+01	4.134511e+02
4.040000e-06	6.774819e-06	1.645262e-09	3.652042e+01	4.130289e+02
4.050000e-06	6.755133e-06	1.487984e-09	3.641429e+01	4.125874e+02
4.060000e-06	6.735129e-06	1.694826e-09	3.630646e+01	4.121262e+02
4.070000e-06	6.714937e-06	1.733395e-09	3.619762e+01	4.116449e+02
4.080000e-06	6.694448e-06	1.521847e-09	3.608717e+01	4.111434e+02
4.090000e-06	6.673361e-06	1.586392e-09	3.597350e+01	4.106216e+02
4.100000e-06	6.651413e-06	1.737988e-09	3.585518e+01	4.100795e+02
4.110000e-06	6.628569e-06	1.610141e-09	3.573204e+01	4.095172e+02
4.120000e-06	6.605047e-06	1.560052e-09	3.560524e+01	4.089351e+02
4.130000e-06	6.581156e-06	1.694553e-09	3.547645e+01	4.083335e+02
4.140000e-06	6.556998e-06	1.638642e-09	3.534623e+01	4.077128e+02
4.150000e-06	6.532507e-06	1.535830e-09	3.521421e+01	4.070735e+02
4.160000e-06	6.507681e-06	1.639488e-09	3.508038e+01	4.064164e+02
4.170000e-06	6.482410e-06	1.673708e-09	3.494415e+01	4.057422e+02
4.180000e-06	6.456551e-06	1.581792e-09	3.480476e+01	4.050516e+02
4.190000e-06	6.430291e-06	1.610103e-09	3.466320e+01	4.043455e+02
4.200000e-06	6.403627e-06	1.648274e-09	3.451947e+01	4.036247e+02
4.210000e-06	6.376392e-06	1.588201e-09	3.437265e+01	4.028900e+02
4.220000e-06	6.348642e-06	1.595388e-09	3.422306e+01	4.021424e+02
4.230000e-06	6.320605e-06	1.632801e-09	3.407192e+01	4.013827e+02
4.240000e-06	6.292374e-06	1.596916e-09	3.391974e+01	4.006116e+02
4.250000e-06	6.263815e-06	1.592998e-09	3.376579e+01	3.998298e+02
4.260000e-06	6.234711e-06	1.619737e-09	3.360891e+01	3.990381e+02
4.270000e-06	6.204849e-06	1.598376e-09	3.344793e+01	3.982369e+02
4.280000e-06	6.174175e-06	1.589455e-09	3.328258e+01	3.974266e+02
4.290000e-06	6.142852e-06	1.597894e-09	3.311373e+01	3.966076e+02
4.300000e-06	6.111072e-06	1.583279e-09	3.294242e+01	3.957800e+02
4.310000e-06	6.079027e-06	1.593585e-09	3.276967e+01	3.949438e+02
4.320000e-06	6.046709e-06	1.607046e-09	3.259546e+01	3.940989e+02
4.330000e-06	6.013873e-06	1.580698e-09	3.241845e+01	3.932450e+02
4.340000e-06	5.980582e-06	1.576262e-09	3.223899e+01	3.923816e+02
4.350000e-06	5.946885e-06	1.589706e-09	3.205734e+01	3.915081e+02
4.360000e-06	5.912803e-06	1.574253e-09	3.187362e+01	3.906238e+02
4.370000e-06	5.878406e-06	1.575265e-09	3.168820e+01	3.897276e+02
4.380000e-06	5.843594e-06	1.588267e-09	3.150055e+01	3.888187e+02
4.390000e-06	5.808344e-06	1.567745e-09	3.131053e+01	3.878957e+02
4.400000e-06	5.772605e-06	1.560633e-09	3.111787e+01	3.869575e+02
4.410000e-06	5.736517e-06	1.578552e-09	3.092333e+01	3.860027e+02
4.420000e-06	5.700282e-06	1.567932e-09	3.072801e+01	3.850297e+02
4.430000e-06	5.663865e-06	1.551547e-09	3.053169e+01	3.840372e+02
4.440000e-06	5.626998e-06	1.560033e-09	3.033296e+01	3.830235e+02
4.450000e-06	5.589552e-06	1.563447e-09	3.013110e+01	3.819872e+02
4.460000e-06	5.551436e-06	1.556181e-09	2.992564e+01	3.809266e+02
4.470000e-06	5.512493e-06	1.552938e-09	2.971571e+01	3.798403e+02
4.480000e-06	5.472982e-06	1.545128e-09	2.950272e+01	3.787269e+02
4.490000e-06	5.433185e-06	1.535736e-09	2.928819e+01	3.775849e+02
4.500000e-06	5.393150e-06	1.536275e-09	2.907238e+01	3.764130e+02
4.510000e-06	5.352866e-06	1.538739e-09	2.885522e+01	3.752101e+02
4.520000e-06	5.312319e-06	1.534281e-09	2.863665e+01	3.739750e+02
4.530000e-06	5.271358e-06	1.525078e-09	2.841584e+01	3.727069e+02
4.540000e-06	5.229983e-06	1.518511e-09	2.819280e+01	3.714050e+02
4.550000e-06	5.188238e-06	1.517759e-09	2.796777e+01	3.700687e+02
4.560000e-06	5.146095e-06	1.515317e-09	2.774060e+01	3.686974e+02
4.570000e-06	5.103760e-06	1.507587e-09	2.751239e+01	3.672909e+02
4.580000e-06	5.060997e-06	1.502661e-09	2.728187e+01	3.658491e+02
4.590000e-06	5.017650e-06	1.502150e-09	2.704820e+01	3.643720e+02
4.600000e-06	4.973960e-06	1.498325e-09	2.681269e+01	3.628598e+02
4.610000e-06	4.930019e-06	1.488861e-09	2.657581e+01	3.613128e+02
4.620000e-06	4.885910e-06	1.479025e-09	2.633804e+01	3.597315e+02
4.630000e-06	4.841591e-06	1.472254e-09	2.609914e+01	3.581166e+02
4.640000e-06	4.796983e-06	1.467385e-09	2.585867e+01	3.564687e+02
4.650000e-06	4.752097e-06	1.463155e-09	2.561671e+01	3.547888e+02
4.660000e-06	4.706847e-06	1.457391e-09	2.537278e+01	3.530776e+02
4.670000e-06	4.661311e-06	1.447925e-09	2.512732e+01	3.513362e+02
4.680000e-06	4.615384e-06	1.437763e-09	2.487974e+01	3.495657e+02
4.690000e-06	4.568947e-06	1.431631e-09	2.462942e+01	3.477670e+02
4.700000e-06	4.522306e-06	1.428138e-09	2.437799e+01	3.459412e+02
4.710000e-06	4.475432e-06	1.422729e-09	2.412531e+01	3.440894e+02
4.720000e-06	4.428147e-06	1.414733e-09	2.387042e+01	3.422126e+02
4.730000e-06	4.380509e-06	1.406426e-09	2.361362e+01	3.403118e+02
4.740000e-06	4.332628e-06	1.399162e-09	2.335551e+01	3.383879e+02
4.750000e-06	4.284428e-06	1.391355e-09	2.309569e+01	3.364417e+02
4.760000e-06	4.235859e-06	1.382148e-09	2.283387e+01	3.344739e+02
4.770000e-06	4.186949e-06	1.373152e-09	2.257021e+01	3.324853e+02
4.780000e-06	4.137614e-06	1.366715e-09	2.230427e+01	3.304763e+02
4.790000e-06	4.087917e-06	1.360992e-09	2.203637e+01	3.284474e+02
4.800000e-06	4.037945e-06	1.352969e-09	2.176699e+01	3.263989e+02
4.810000e-06	3.987706e-06	1.341832e-09	2.149617e+01	3.243309e+02
4.820000e-06	3.937235e-06	1.330418e-09	2.122410e+01	3.222435e+02
4.830000e-06	3.886448e-06	1.321518e-09	2.095033e+01	3.201367e+02
4.840000e-06	3.835224e-06	1.314219e-09	2.067420e+01	3.180102e+02
4.850000e-06	3.783625e-06	1.307297e-09	2.039605e+01	3.158639e+02
4.860000e-06	3.731760e-06	1.298455e-09	2.011647e+01	3.136972e+02
4.870000e-06	3.679671e-06	1.287383e-09	1.983568e+01	3.115099e+02
4.880000e-06	3.627424e-06	1.276934e-09	1.955403e+01	3.093012e+02
4.890000e-06	3.575036e-06	1.268135e-09	1.927163e+01	3.070706e+02
4.900000e-06	3.522276e-06	1.258968e-09	1.898722e+01	3.048175e+02
4.910000e-06	3.468991e-06	1.249334e-09	1.869998e+01	3.025410e+02
4.920000e-06	3.415400e-06	1.241168e-09	1.841109e+01	3.002405e+02
4.930000e-06	3.361537e-06	1.233317e-09	1.812074e+01	2.979152e+02
4.940000e-06	3.307208e-06	1.224269e-09	1.782787e+01	2.955643e+02
4.950000e-06	3.252410e-06	1.213712e-09	1.753248e+01	2.931871e+02
4.960000e-06	3.197366e-06	1.201601e-09	1.723576e+01	2.907828e+02
4.970000e-06	3.142077e-06	1.190991e-09	1.693771e+01	2.883507e+02
4.980000e-06	3.086367e-06	1.182603e-09	1.663740e+01	2.858901e+02
4.990000e-06	3.030404e-06	1.174597e-09	1.633573e+01	2.834004e+02
5.000000e-06	2.974374e-06	1.165836e-09	1.603370e+01	2.808809e+02
5.010000e-06	2.918195e-06	1.155020e-09	1.573086e+01	2.783311e+02
5.020000e-06	2.861856e-06	1.142991e-09	1.542715e+01	2.757504e+02
5.030000e-06	2.805524e-06	1.131823e-09	1.512349e+01	2.731383e+02
5.040000e-06	2.748962e-06	1.121194e-09	1.481858e+01	2.704943e+02
5.050000e-06	2.692136e-06	1.109462e-09	1.451226e+01	2.678181e+02
5.060000e-06	2.635225e-06	1.096650e-09	1.420547e+01	2.651091e+02
5.070000e-06	2.578095e-06	1.084607e-09	1.389751e+01	2.623669e+02
5.080000e-06	2.520723e-06	1.074209e-09	1.358824e+01	2.595911e+02
5.090000e-06	2.463200e-06	1.064345e-09	1.327816e+01	2.567813e+02
5.100000e-06	2.405533e-06	1.053372e-09	1.296729e+01	2.539369e+02
5.110000e-06	2.347569e-06	1.040431e-09	1.265483e+01	2.510573e+02
5.120000e-06	2.289419e-06	1.027327e-09	1.234137e+01	2.481419e+02
5.130000e-06	2.231263e-06	1.016001e-09	1.202787e+01	2.451901e+02
5.140000e-06	2.172972e-06	1.004991e-09	1.171365e+01	2.422011e+02
5.150000e-06	2.114430e-06	9.923356e-10	1.139807e+01	2.391738e+02
5.160000e-06	2.055705e-06	9.786788e-10	1.108151e+01	2.361073e+02
5.170000e-06	1.996815e-06	9.666030e-10	1.076405e+01	2.330003e+02
5.180000e-06	1.937832e-06	9.556679e-10	1.044610e+01	2.298516e+02
5.190000e-06	1.878727e-06	9.434289e-10	1.012749e+01	2.266596e+02
5.200000e-06	1.819490e-06	9.301116e-10	9.808162e+00	2.234227e+02
5.210000e-06	1.760131e-06	9.163049e-10	9.488184e+00	2.201391e+02
5.220000e-06	1.700475e-06	9.017211e-10	9.166598e+00	2.168067e+02
5.230000e-06	1.640660e-06	8.862494e-10	8.844158e+00	2.134235e+02
5.240000e-06	1.580862e-06	8.709129e-10	8.521813e+00	2.099871e+02
5.250000e-06	1.521048e-06	8.568637e-10	8.199379e+00	2.064952e+02
5.260000e-06	1.461203e-06	8.449182e-10	7.876779e+00	2.029450e+02
5.270000e-06	1.401291e-06	8.332995e-10	7.553817e+00	1.993341e+02
5.280000e-06	1.341278e-06	8.182256e-10	7.230306e+00	1.956595e+02
5.290000e-06	1.281169e-06	7.998385e-10	6.906283e+00	1.919186e+02
5.300000e-06	1.221083e-06	7.807205e-10	6.582383e+00	1.881083e+02
5.310000e-06	1.160918e-06	7.617698e-10	6.258055e+00	1.842258e+02
5.320000e-06	1.100695e-06	7.436157e-10	5.933419e+00	1.802683e+02
5.330000e-06	1.040490e-06	7.267394e-10	5.608878e+00	1.762330e+02
5.340000e-06	9.802003e-07	7.112097e-10	5.283879e+00	1.721171e+02
5.350000e-06	9.198981e-07	6.961803e-10	4.958813e+00	1.679181e+02
5.360000e-06	8.596393e-07	6.802103e-10	4.633981e+00	1.636336e+02
5.370000e-06	7.994223e-07	6.624935e-10	4.309375e+00	1.592613e+02
5.380000e-06	7.390732e-07	6.422888e-10	3.984057e+00	1.547994e+02
5.390000e-06	6.785721e-07	6.205562e-10	3.657919e+00	1.502461e+02
5.400000e-06	6.180708e-07	5.985493e-10	3.331780e+00	1.456001e+02
5.410000e-06	5.575230e-07	5.781055e-10	3.005390e+00	1.408603e+02
5.420000e-06	4.969199e-07	5.595484e-10	2.678702e+00	1.360262e+02
5.430000e-06	4.362481e-07	5.402876e-10	2.351644e+00	1.310975e+02
5.440000e-06	3.755754e-07	5.200648e-10	2.024581e+00	1.260745e+02
5.450000e-06	3.150126e-07	5.001784e-10	1.698110e+00	1.209577e+02
5.460000e-06	2.544854e-07	4.790073e-10	1.371832e+00	1.157483e+02
5.470000e-06	1.939173e-07	4.551826e-10	1.045333e+00	1.104479e+02
5.480000e-06	1.333071e-07	4.308829e-10	7.186065e-01	1.050586e+02
5.490000e-06	7.257579e-08	4.079386e-10	3.912279e-01	9.958298e+01
5.500000e-06	1.174754e-08	3.855771e-10	6.332644e-02	9.402405e+01
5.510000e-06	-4.900220e-08	3.636775e-10	-2.641518e-01	8.838535e+01
5.520000e-06	-1.097389e-07	3.416563e-10	-5.915596e-01	8.267083e+01
5.530000e-06	-1.704796e-07	3.186526e-10	-9.189891e-01	7.688489e+01
5.540000e-06	-2.311477e-07	2.955495e-10	-1.246027e+00	7.103235e+01
5.550000e-06	-2.917414e-07	2.723149e-10	-1.572664e+00	6.511839e+01
5.560000e-06	-3.522938e-07	2.482635e-10	-1.899079e+00	5.914852e+01
5.570000e-06	-4.128641e-07	2.234733e-10	-2.225590e+00	5.312857e+01
5.580000e-06	-4.734195e-07	1.988485e-10	-2.552021e+00	4.706461e+01
5.590000e-06	-5.338641e-07	1.742072e-10	-2.877854e+00	4.096292e+01
5.600000e-06	-5.943508e-07	1.492943e-10	-3.203914e+00	3.482997e+01
5.610000e-06	-6.549873e-07	1.244590e-10	-3.530782e+00	2.867229e+01
5.620000e-06	-7.156144e-07	9.902309e-11	-3.857599e+00	2.249652e+01
5.630000e-06	-7.761152e-07	7.338819e-11	-4.183735e+00	1.630928e+01
5.640000e-06	-8.365081e-07	4.885987e-11	-4.509290e+00	1.011713e+01
5.650000e-06	-8.968535e-07	2.525917e-11	-4.834588e+00	3.926566e+00
5.660000e-06	-9.571286e-07	1.362330e-12	-5.159508e+00	-2.256091e+00
5.670000e-06	-1.017346e-06	-2.388248e-11	-5.484115e+00	-8.424706e+00
5.680000e-06	-1.077604e-06	-4.951951e-11	-5.808945e+00	-1.457339e+01
5.690000e-06	-1.137872e-06	-7.466573e-11	-6.133825e+00	-2.069652e+01
5.700000e-06	-1.198003e-06	-9.962207e-11	-6.457966e+00	-2.678882e+01
5.710000e-06	-1.257996e-06	-1.240991e-10	-6.781367e+00	-3.284536e+01
5.720000e-06	-1.317963e-06	-1.478182e-10	-7.104625e+00	-3.886157e+01
5.730000e-06	-1.377881e-06	-1.716024e-10	-7.427622e+00	-4.483331e+01
5.740000e-06	-1.437705e-06	-1.956750e-10	-7.750109e+00	-5.075685e+01
5.750000e-06	-1.497456e-06	-2.201606e-10	-8.072205e+00	-5.662891e+01
5.760000e-06	-1.557164e-06	-2.454311e-10	-8.394067e+00	-6.244662e+01
5.770000e-06	-1.616859e-06	-2.708560e-10	-8.715861e+00	-6.820758e+01
5.780000e-06	-1.676462e-06	-2.951472e-10	-9.037155e+00	-7.390982e+01
5.790000e-06	-1.735914e-06	-3.181040e-10	-9.357636e+00	-7.955178e+01
5.800000e-06	-1.795293e-06	-3.408880e-10	-9.677729e+00	-8.513232e+01
5.810000e-06	-1.854549e-06	-3.637365e-10	-9.997151e+00	-9.065068e+01
5.820000e-06	-1.913549e-06	-3.864516e-10	-1.031520e+01	-9.610648e+01
5.830000e-06	-1.972415e-06	-4.094861e-10	-1.063252e+01	-1.014997e+02
5.840000e-06	-2.031181e-06	-4.321250e-10	-1.094931e+01	-1.068305e+02
5.850000e-06	-2.089778e-06	-4.533327e-10	-1.126518e+01	-1.120994e+02
5.860000e-06	-2.148179e-06	-4.742393e-10	-1.158000e+01	-1.173072e+02
5.870000e-06	-2.206492e-06	-4.954241e-10	-1.189434e+01	-1.224547e+02
5.880000e-06	-2.264609e-06	-5.169420e-10	-1.220763e+01	-1.275432e+02
5.890000e-06	-2.322432e-06	-5.395522e-10	-1.251933e+01	-1.325737e+02
5.900000e-06	-2.380057e-06	-5.618696e-10	-1.282996e+01	-1.375474e+02
5.910000e-06	-2.437545e-06	-5.829555e-10	-1.313986e+01	-1.424658e+02
5.920000e-06	-2.494904e-06	-6.036165e-10	-1.344906e+01	-1.473299e+02
5.930000e-06	-2.552054e-06	-6.243198e-10	-1.375713e+01	-1.521412e+02
5.940000e-06	-2.608998e-06	-6.448846e-10	-1.406409e+01	-1.569007e+02
5.950000e-06	-2.665829e-06	-6.645518e-10	-1.437045e+01	-1.616095e+02
5.960000e-06	-2.722638e-06	-6.838453e-10	-1.467668e+01	-1.662685e+02
5.970000e-06	-2.779277e-06	-7.039972e-10	-1.498200e+01	-1.708784e+02
5.980000e-06	-2.835649e-06	-7.242086e-10	-1.528588e+01	-1.754400e+02
5.990000e-06	-2.891873e-06	-7.429743e-10	-1.558896e+01	-1.799537e+02
6.000000e-06	-2.947977e-06	-7.612469e-10	-1.589140e+01	-1.844197e+02
6.010000e-06	-3.003851e-06	-7.795970e-10	-1.619259e+01	-1.888381e+02
6.020000e-06	-3.059422e-06	-7.973226e-10	-1.649215e+01	-1.932087e+02
6.030000e-06	-3.114819e-06	-8.137523e-10	-1.679078e+01	-1.975313e+02
6.040000e-06	-3.170093e-06	-8.302432e-10	-1.708874e+01	-2.018054e+02
6.050000e-06	-3.225019e-06	-8.487050e-10	-1.738482e+01	-2.060303e+02
6.060000e-06	-3.279577e-06	-8.675672e-10	-1.767893e+01	-2.102054e+02
6.070000e-06	-3.333756e-06	-8.848917e-10	-1.797098e+01	-2.143297e+02
6.080000e-06	-3.387551e-06	-9.008165e-10	-1.826097e+01	-2.184021e+02
6.090000e-06	-3.440917e-06	-9.163840e-10	-1.854865e+01	-2.224217e+02
6.100000e-06	-3.493794e-06	-9.327804e-10	-1.883369e+01	-2.263873e+02
6.110000e-06	-3.546406e-06	-9.498072e-10	-1.911730e+01	-2.302976e+02
6.120000e-06	-3.598830e-06	-9.660883e-10	-1.939989e+01	-2.341516e+02
6.130000e-06	-3.651002e-06	-9.814786e-10	-1.968113e+01	-2.379482e+02
6.140000e-06	-3.702846e-06	-9.967415e-10	-1.996060e+01	-2.416861e+02
6.150000e-06	-3.754448e-06	-1.011600e-09	-2.023877e+01	-2.453644e+02
6.160000e-06	-3.805904e-06	-1.026807e-09	-2.051615e+01	-2.489821e+02
6.170000e-06	-3.857096e-06	-1.042365e-09	-2.079211e+01	-2.525384e+02
6.180000e-06	-3.907841e-06	-1.056874e-09	-2.106565e+01	-2.560327e+02
6.190000e-06	-3.958199e-06	-1.071962e-09	-2.133711e+01	-2.594643e+02
6.200000e-06	-4.008342e-06	-1.087876e-09	-2.160742e+01	-2.628328e+02
6.210000e-06	-4.058287e-06	-1.102136e-09	-2.187665e+01	-2.661381e+02
6.220000e-06	-4.108001e-06	-1.114003e-09	-2.214464e+01	-2.693801e+02
6.230000e-06	-4.157241e-06	-1.125512e-09	-2.241007e+01	-2.725589e+02
6.240000e-06	-4.205981e-06	-1.138115e-09	-2.267281e+01	-2.756747e+02
6.250000e-06	-4.254154e-06	-1.151287e-09	-2.293249e+01	-2.787282e+02
6.260000e-06	-4.301908e-06	-1.164062e-09	-2.318991e+01	-2.817199e+02
6.270000e-06	-4.349396e-06	-1.175683e-09	-2.344590e+01	-2.846506e+02
6.280000e-06	-4.396320e-06	-1.186579e-09	-2.369885e+01	-2.875212e+02
6.290000e-06	-4.443082e-06	-1.197967e-09	-2.395093e+01	-2.903329e+02
6.300000e-06	-4.489719e-06	-1.209684e-09	-2.420233e+01	-2.930868e+02
6.310000e-06	-4.535937e-06	-1.220755e-09	-2.445147e+01	-2.957842e+02
6.320000e-06	-4.581906e-06	-1.231129e-09	-2.469927e+01	-2.984266e+02
6.330000e-06	-4.627532e-06	-1.240910e-09	-2.494523e+01	-3.010154e+02
6.340000e-06	-4.672799e-06	-1.250661e-09	-2.518924e+01	-3.035521e+02
6.350000e-06	-4.717844e-06	-1.260466e-09	-2.543206e+01	-3.060382e+02
6.360000e-06	-4.762615e-06	-1.269886e-09	-2.567340e+01	-3.084754e+02
6.370000e-06	-4.807059e-06	-1.279108e-09	-2.591298e+01	-3.108652e+02
6.380000e-06	-4.851245e-06	-1.288463e-09	-2.615118e+01	-3.132092e+02
6.390000e-06	-4.895214e-06	-1.298735e-09	-2.638819e+01	-3.155089e+02
6.400000e-06	-4.939046e-06	-1.309958e-09	-2.662448e+01	-3.177657e+02
6.410000e-06	-4.982593e-06	-1.319978e-09	-2.685922e+01	-3.199812e+02
6.420000e-06	-5.025539e-06	-1.328166e-09	-2.709073e+01	-3.221568e+02
6.430000e-06	-5.068073e-06	-1.336455e-09	-2.732001e+01	-3.242936e+02
6.440000e-06	-5.110417e-06	-1.346038e-09	-2.754827e+01	-3.263931e+02
6.450000e-06	-5.152550e-06	-1.355513e-09	-2.777540e+01	-3.284564e+02
6.460000e-06	-5.194351e-06	-1.363207e-09	-2.800073e+01	-3.304845e+02
6.470000e-06	-5.235633e-06	-1.369559e-09	-2.822326e+01	-3.324786e+02
6.480000e-06	-5.276502e-06	-1.375748e-09	-2.844357e+01	-3.344395e+02
6.490000e-06	-5.317141e-06	-1.383170e-09	-2.866264e+01	-3.363683e+02
6.500000e-06	-5.357529e-06	-1.392059e-09	-2.888035e+01	-3.382656e+02
6.510000e-06	-5.397611e-06	-1.400190e-09	-2.909642e+01	-3.401323e+02
6.520000e-06	-5.437420e-06	-1.407514e-09	-2.931102e+01	-3.419692e+02
6.530000e-06	-5.476880e-06	-1.415140e-09	-2.952373e+01	-3.437769e+02
6.540000e-06	-5.515931e-06	-1.422550e-09	-2.973424e+01	-3.455560e+02
6.550000e-06	-5.554475e-06	-1.428124e-09	-2.994201e+01	-3.473072e+02
6.560000e-06	-5.592217e-06	-1.432404e-09	-3.014547e+01	-3.490311e+02
6.570000e-06	-5.629249e-06	-1.436276e-09	-3.034510e+01	-3.507283e+02
6.580000e-06	-5.665893e-06	-1.441465e-09	-3.054263e+01	-3.523993e+02
6.590000e-06	-5.702185e-06	-1.450235e-09	-3.073826e+01	-3.540447e+02
6.600000e-06	-5.738131e-06	-1.458882e-09	-3.093203e+01	-3.556651e+02
6.610000e-06	-5.773833e-06	-1.465658e-09	-3.112449e+01	-3.572611e+02
6.620000e-06	-5.809190e-06	-1.472177e-09	-3.131508e+01	-3.588331e+02
6.630000e-06	-5.844110e-06	-1.478846e-09	-3.150332e+01	-3.603818e+02
6.640000e-06	-5.878656e-06	-1.484359e-09	-3.168955e+01	-3.619078e+02
6.650000e-06	-5.912823e-06	-1.488073e-09	-3.187373e+01	-3.634115e+02
6.660000e-06	-5.946451e-06	-1.491288e-09	-3.205500e+01	-3.648937e+02
6.670000e-06	-5.979554e-06	-1.496305e-09	-3.223345e+01	-3.663548e+02
6.680000e-06	-6.012350e-06	-1.503670e-09	-3.241024e+01	-3.677953e+02
6.690000e-06	-6.044790e-06	-1.511638e-09	-3.258512e+01	-3.692159e+02
6.700000e-06	-6.076870e-06	-1.518065e-09	-3.275805e+01	-3.706169e+02
6.710000e-06	-6.108655e-06	-1.522779e-09	-3.292939e+01	-3.719989e+02
6.720000e-06	-6.140029e-06	-1.528043e-09	-3.309851e+01	-3.733623e+02
6.730000e-06	-6.170811e-06	-1.533669e-09	-3.326444e+01	-3.747074e+02
6.740000e-06	-6.200910e-06	-1.537311e-09	-3.342670e+01	-3.760346e+02
6.750000e-06	-6.230292e-06	-1.539992e-09	-3.358508e+01	-3.773442e+02
6.760000e-06	-6.259037e-06	-1.543618e-09	-3.374003e+01	-3.786363e+02
6.770000e-06	-6.287472e-06	-1.548793e-09	-3.389332e+01	-3.799112e+02
6.780000e-06	-6.315682e-06	-1.555928e-09	-3.404539e+01	-3.811689e+02
6.790000e-06	-6.343634e-06	-1.562518e-09	-3.419606e+01	-3.824095e+02
6.800000e-06	-6.371211e-06	-1.567353e-09	-3.434472e+01	-3.836329e+02
6.810000e-06	-6.398165e-06	-1.572220e-09	-3.449002e+01	-3.848390e+02
6.820000e-06	-6.424587e-06	-1.578223e-09	-3.463245e+01	-3.860276e+02
6.830000e-06	-6.450655e-06	-1.583581e-09	-3.477298e+01	-3.871986e+02
6.840000e-06	-6.476265e-06	-1.586939e-09	-3.491103e+01	-3.883515e+02
6.850000e-06	-6.501197e-06	-1.589614e-09	-3.504543e+01	-3.894862e+02
6.860000e-06	-6.525691e-06	-1.593745e-09	-3.517747e+01	-3.906021e+02
6.870000e-06	-6.549966e-06	-1.599212e-09	-3.530832e+01	-3.916990e+02
6.880000e-06	-6.573961e-06	-1.604041e-09	-3.543767e+01	-3.927764e+02
6.890000e-06	-6.597701e-06	-1.607505e-09	-3.556564e+01	-3.938338e+02
6.900000e-06	-6.620877e-06	-1.610319e-09	-3.569057e+01	-3.948708e+02
6.910000e-06	-6.643385e-06	-1.613679e-09	-3.581190e+01	-3.958869e+02
6.920000e-06	-6.665280e-06	-1.618233e-09	-3.592993e+01	-3.968817e+02
6.930000e-06	-6.686339e-06	-1.622547e-09	-3.604345e+01	-3.978548e+02
6.940000e-06	-6.706731e-06	-1.625470e-09	-3.615338e+01	-3.988057e+02
6.950000e-06	-6.726883e-06	-1.628010e-09	-3.626201e+01	-3.997342e+02
6.960000e-06	-6.746849e-06	-1.631498e-09	-3.636964e+01	-4.006399e+02
6.970000e-06	-6.766322e-06	-1.636156e-09	-3.647461e+01	-4.015225e+02
6.980000e-06	-6.785282e-06	-1.639692e-09	-3.657682e+01	-4.023818e+02
6.990000e-06	-6.803825e-06	-1.641349e-09	-3.667678e+01	-4.032177e+02
7.000000e-06	-6.821890e-06	-1.643144e-09	-3.677416e+01	-4.040300e+02
7.010000e-06	-6.839573e-06	-1.646937e-09	-3.686948e+01	-4.048187e+02
7.020000e-06	-6.856651e-06	-1.650802e-09	-3.696154e+01	-4.055838e+02
7.030000e-06	-6.873188e-06	-1.651746e-09	-3.705069e+01	-4.063254e+02
7.040000e-06	-6.889517e-06	-1.652063e-09	-3.713871e+01	-4.070436e+02
7.050000e-06	-6.905564e-06	-1.654084e-09	-3.722521e+01	-4.077385e+02
7.060000e-06	-6.921175e-06	-1.657536e-09	-3.730937e+01	-4.084104e+02
7.070000e-06	-6.936002e-06	-1.661160e-09	-3.738929e+01	-4.090594e+02
7.080000e-06	-6.949913e-06	-1.663710e-09	-3.746428e+01	-4.096858e+02
7.090000e-06	-6.963093e-06	-1.665112e-09	-3.753533e+01	-4.102900e+02
7.100000e-06	-6.975605e-06	-1.666692e-09	-3.760278e+01	-4.108722e+02
7.110000e-06	-6.987586e-06	-1.669119e-09	-3.766736e+01	-4.114328e+02
7.120000e-06	-6.999128e-06	-1.670555e-09	-3.772958e+01	-4.119720e+02
7.130000e-06	-7.010019e-06	-1.670877e-09	-3.778829e+01	-4.124901e+02
7.140000e-06	-7.020383e-06	-1.671052e-09	-3.784416e+01	-4.129875e+02
7.150000e-06	-7.030487e-06	-1.672303e-09	-3.789862e+01	-4.134643e+02
7.160000e-06	-7.040091e-06	-1.674006e-09	-3.795039e+01	-4.139210e+02
7.170000e-06	-7.049017e-06	-1.674823e-09	-3.799851e+01	-4.143576e+02
7.180000e-06	-7.057479e-06	-1.675132e-09	-3.804412e+01	-4.147743e+02
7.190000e-06	-7.065703e-06	-1.674575e-09	-3.808846e+01	-4.151715e+02
7.200000e-06	-7.073716e-06	-1.673953e-09	-3.813165e+01	-4.155490e+02
7.210000e-06	-7.081234e-06	-1.675227e-09	-3.817218e+01	-4.159072e+02
7.220000e-06	-7.088124e-06	-1.677113e-09	-3.820932e+01	-4.162461e+02
7.230000e-06	-7.094313e-06	-1.677121e-09	-3.824269e+01	-4.165656e+02
7.240000e-06	-7.099628e-06	-1.676165e-09	-3.827133e+01	-4.168660e+02
7.250000e-06	-7.104229e-06	-1.676213e-09	-3.829613e+01	-4.171471e+02
7.260000e-06	-7.108451e-06	-1.677261e-09	-3.831890e+01	-4.174091e+02
7.270000e-06	-7.112480e-06	-1.677652e-09	-3.834062e+01	-4.176519e+02
7.280000e-06	-7.116137e-06	-1.677486e-09	-3.836033e+01	-4.178755e+02
7.290000e-06	-7.119223e-06	-1.676960e-09	-3.837696e+01	-4.180801e+02
7.300000e-06	-7.121826e-06	-1.676751e-09	-3.839099e+01	-4.182656e+02
7.310000e-06	-7.124057e-06	-1.677455e-09	-3.840302e+01	-4.184321e+02
7.320000e-06	-7.125732e-06	-1.677375e-09	-3.841205e+01	-4.185797e+02
7.330000e-06	-7.126742e-06	-1.676321e-09	-3.841750e+01	-4.187087e+02
7.340000e-06	-7.127325e-06	-1.675601e-09	-3.842064e+01	-4.188191e+02
