# Temperatura_=_13.6
# Concentracion g/m^3_=_7400.0
# C_Vs_to_Am_M_A/Vsm_=_254322799225.57578
# pendiente_HvsI_1/m_=_3716.3
# ordenada_HvsI_A/m_=_1297.0
# frecuencia_Hz_=_136112.682847178

Tiempo_(s)	Campo_(V.s)	Magnetizacion_(V.s)	Campo_(kA/m)	Magnetizacion_(A/m)
0.000000e+00	-7.091108e-06	-1.703497e-09	-3.842222e+01	-4.269592e+02
1.000000e-08	-7.091176e-06	-1.702641e-09	-3.842259e+01	-4.270404e+02
2.000000e-08	-7.090887e-06	-1.702481e-09	-3.842102e+01	-4.271096e+02
3.000000e-08	-7.090018e-06	-1.700896e-09	-3.841632e+01	-4.271671e+02
4.000000e-08	-7.088461e-06	-1.698852e-09	-3.840788e+01	-4.272134e+02
5.000000e-08	-7.086236e-06	-1.698854e-09	-3.839582e+01	-4.272485e+02
6.000000e-08	-7.083338e-06	-1.699888e-09	-3.838012e+01	-4.272726e+02
7.000000e-08	-7.079889e-06	-1.704159e-09	-3.836143e+01	-4.272858e+02
8.000000e-08	-7.076054e-06	-1.707031e-09	-3.834065e+01	-4.272878e+02
9.000000e-08	-7.071722e-06	-1.680951e-09	-3.831718e+01	-4.272786e+02
1.000000e-07	-7.066586e-06	-1.638343e-09	-3.828935e+01	-4.272579e+02
1.100000e-07	-7.060688e-06	-1.667396e-09	-3.825739e+01	-4.272253e+02
1.200000e-07	-7.054599e-06	-1.765190e-09	-3.822440e+01	-4.271804e+02
1.300000e-07	-7.048488e-06	-1.745518e-09	-3.819129e+01	-4.271228e+02
1.400000e-07	-7.041694e-06	-1.614739e-09	-3.815448e+01	-4.270518e+02
1.500000e-07	-7.034138e-06	-1.629924e-09	-3.811354e+01	-4.269669e+02
1.600000e-07	-7.026300e-06	-1.775563e-09	-3.807107e+01	-4.268675e+02
1.700000e-07	-7.018318e-06	-1.738149e-09	-3.802781e+01	-4.267529e+02
1.800000e-07	-7.009758e-06	-1.549850e-09	-3.798143e+01	-4.266226e+02
1.900000e-07	-7.000339e-06	-1.602559e-09	-3.793040e+01	-4.264759e+02
2.000000e-07	-6.990276e-06	-1.814858e-09	-3.787587e+01	-4.263121e+02
2.100000e-07	-6.979813e-06	-1.754757e-09	-3.781919e+01	-4.261308e+02
2.200000e-07	-6.968779e-06	-1.543757e-09	-3.775940e+01	-4.259313e+02
2.300000e-07	-6.956967e-06	-1.608026e-09	-3.769539e+01	-4.257131e+02
2.400000e-07	-6.944648e-06	-1.773180e-09	-3.762865e+01	-4.254758e+02
2.500000e-07	-6.931806e-06	-1.681397e-09	-3.755906e+01	-4.252190e+02
2.600000e-07	-6.918344e-06	-1.568510e-09	-3.748612e+01	-4.249424e+02
2.700000e-07	-6.904420e-06	-1.685785e-09	-3.741068e+01	-4.246457e+02
2.800000e-07	-6.889824e-06	-1.742803e-09	-3.733159e+01	-4.243287e+02
2.900000e-07	-6.874495e-06	-1.618329e-09	-3.724853e+01	-4.239914e+02
3.000000e-07	-6.858594e-06	-1.619059e-09	-3.716237e+01	-4.236338e+02
3.100000e-07	-6.842035e-06	-1.708449e-09	-3.707265e+01	-4.232558e+02
3.200000e-07	-6.825061e-06	-1.630903e-09	-3.698068e+01	-4.228577e+02
3.300000e-07	-6.807719e-06	-1.578729e-09	-3.688672e+01	-4.224396e+02
3.400000e-07	-6.789907e-06	-1.713599e-09	-3.679021e+01	-4.220019e+02
3.500000e-07	-6.771605e-06	-1.715833e-09	-3.669104e+01	-4.215448e+02
3.600000e-07	-6.752795e-06	-1.553713e-09	-3.658912e+01	-4.210689e+02
3.700000e-07	-6.733495e-06	-1.592978e-09	-3.648454e+01	-4.205745e+02
3.800000e-07	-6.713875e-06	-1.723517e-09	-3.637823e+01	-4.200622e+02
3.900000e-07	-6.693893e-06	-1.633307e-09	-3.626996e+01	-4.195326e+02
4.000000e-07	-6.673457e-06	-1.552366e-09	-3.615923e+01	-4.189861e+02
4.100000e-07	-6.652511e-06	-1.661701e-09	-3.604574e+01	-4.184235e+02
4.200000e-07	-6.631031e-06	-1.676804e-09	-3.592936e+01	-4.178453e+02
4.300000e-07	-6.609076e-06	-1.576955e-09	-3.581039e+01	-4.172521e+02
4.400000e-07	-6.586740e-06	-1.607019e-09	-3.568937e+01	-4.166446e+02
4.500000e-07	-6.563854e-06	-1.647883e-09	-3.556536e+01	-4.160233e+02
4.600000e-07	-6.540374e-06	-1.576946e-09	-3.543814e+01	-4.153888e+02
4.700000e-07	-6.516705e-06	-1.588429e-09	-3.530989e+01	-4.147417e+02
4.800000e-07	-6.492851e-06	-1.656555e-09	-3.518065e+01	-4.140825e+02
4.900000e-07	-6.468568e-06	-1.599236e-09	-3.504907e+01	-4.134115e+02
5.000000e-07	-6.443683e-06	-1.552076e-09	-3.491423e+01	-4.127292e+02
5.100000e-07	-6.418074e-06	-1.609397e-09	-3.477548e+01	-4.120360e+02
5.200000e-07	-6.391642e-06	-1.605788e-09	-3.463226e+01	-4.113320e+02
5.300000e-07	-6.364469e-06	-1.558314e-09	-3.448502e+01	-4.106176e+02
5.400000e-07	-6.336886e-06	-1.585058e-09	-3.433557e+01	-4.098928e+02
5.500000e-07	-6.309142e-06	-1.596665e-09	-3.418524e+01	-4.091577e+02
5.600000e-07	-6.281162e-06	-1.559426e-09	-3.403363e+01	-4.084123e+02
5.700000e-07	-6.252762e-06	-1.567000e-09	-3.387975e+01	-4.076564e+02
5.800000e-07	-6.223856e-06	-1.577984e-09	-3.372313e+01	-4.068898e+02
5.900000e-07	-6.194557e-06	-1.548485e-09	-3.356438e+01	-4.061124e+02
6.000000e-07	-6.164934e-06	-1.550106e-09	-3.340387e+01	-4.053236e+02
6.100000e-07	-6.134871e-06	-1.568260e-09	-3.324098e+01	-4.045232e+02
6.200000e-07	-6.104140e-06	-1.549961e-09	-3.307447e+01	-4.037105e+02
6.300000e-07	-6.072956e-06	-1.538952e-09	-3.290550e+01	-4.028851e+02
6.400000e-07	-6.041592e-06	-1.542858e-09	-3.273556e+01	-4.020463e+02
6.500000e-07	-6.009972e-06	-1.526443e-09	-3.256423e+01	-4.011933e+02
6.600000e-07	-5.978092e-06	-1.518708e-09	-3.239149e+01	-4.003254e+02
6.700000e-07	-5.945815e-06	-1.527936e-09	-3.221660e+01	-3.994418e+02
6.800000e-07	-5.912880e-06	-1.520188e-09	-3.203815e+01	-3.985416e+02
6.900000e-07	-5.879159e-06	-1.509332e-09	-3.185544e+01	-3.976240e+02
7.000000e-07	-5.844655e-06	-1.508745e-09	-3.166848e+01	-3.966879e+02
7.100000e-07	-5.809589e-06	-1.500328e-09	-3.147848e+01	-3.957324e+02
7.200000e-07	-5.774233e-06	-1.493107e-09	-3.128691e+01	-3.947567e+02
7.300000e-07	-5.738656e-06	-1.495104e-09	-3.109414e+01	-3.937596e+02
7.400000e-07	-5.702855e-06	-1.489117e-09	-3.090015e+01	-3.927403e+02
7.500000e-07	-5.666796e-06	-1.481692e-09	-3.070478e+01	-3.916977e+02
7.600000e-07	-5.630370e-06	-1.482301e-09	-3.050741e+01	-3.906310e+02
7.700000e-07	-5.593434e-06	-1.475768e-09	-3.030727e+01	-3.895393e+02
7.800000e-07	-5.556084e-06	-1.462840e-09	-3.010490e+01	-3.884216e+02
7.900000e-07	-5.518343e-06	-1.456776e-09	-2.990040e+01	-3.872771e+02
8.000000e-07	-5.480088e-06	-1.453288e-09	-2.969312e+01	-3.861051e+02
8.100000e-07	-5.441326e-06	-1.448309e-09	-2.948310e+01	-3.849049e+02
8.200000e-07	-5.402125e-06	-1.444648e-09	-2.927069e+01	-3.836758e+02
8.300000e-07	-5.362672e-06	-1.438055e-09	-2.905692e+01	-3.824174e+02
8.400000e-07	-5.323017e-06	-1.428257e-09	-2.884205e+01	-3.811289e+02
8.500000e-07	-5.283097e-06	-1.421664e-09	-2.862575e+01	-3.798102e+02
8.600000e-07	-5.242854e-06	-1.417990e-09	-2.840770e+01	-3.784609e+02
8.700000e-07	-5.202145e-06	-1.412764e-09	-2.818713e+01	-3.770806e+02
8.800000e-07	-5.160970e-06	-1.406088e-09	-2.796402e+01	-3.756694e+02
8.900000e-07	-5.119321e-06	-1.400042e-09	-2.773835e+01	-3.742272e+02
9.000000e-07	-5.077133e-06	-1.395324e-09	-2.750977e+01	-3.727540e+02
9.100000e-07	-5.034320e-06	-1.389250e-09	-2.727779e+01	-3.712499e+02
9.200000e-07	-4.990980e-06	-1.380988e-09	-2.704295e+01	-3.697151e+02
9.300000e-07	-4.947388e-06	-1.372738e-09	-2.680676e+01	-3.681500e+02
9.400000e-07	-4.903602e-06	-1.366518e-09	-2.656951e+01	-3.665549e+02
9.500000e-07	-4.859526e-06	-1.361232e-09	-2.633069e+01	-3.649303e+02
9.600000e-07	-4.815171e-06	-1.354399e-09	-2.609036e+01	-3.632766e+02
9.700000e-07	-4.770547e-06	-1.346232e-09	-2.584857e+01	-3.615943e+02
9.800000e-07	-4.725638e-06	-1.337715e-09	-2.560524e+01	-3.598841e+02
9.900000e-07	-4.680379e-06	-1.330179e-09	-2.536001e+01	-3.581465e+02
1.000000e-06	-4.634703e-06	-1.323970e-09	-2.511252e+01	-3.563822e+02
1.010000e-06	-4.588702e-06	-1.318311e-09	-2.486327e+01	-3.545917e+02
1.020000e-06	-4.542447e-06	-1.311742e-09	-2.461264e+01	-3.527758e+02
1.030000e-06	-4.495903e-06	-1.304060e-09	-2.436045e+01	-3.509350e+02
1.040000e-06	-4.448695e-06	-1.296425e-09	-2.410466e+01	-3.490699e+02
1.050000e-06	-4.401019e-06	-1.289686e-09	-2.384633e+01	-3.471810e+02
1.060000e-06	-4.353382e-06	-1.283543e-09	-2.358822e+01	-3.452689e+02
1.070000e-06	-4.305648e-06	-1.276808e-09	-2.332958e+01	-3.433340e+02
1.080000e-06	-4.257622e-06	-1.270155e-09	-2.306936e+01	-3.413766e+02
1.090000e-06	-4.209411e-06	-1.263796e-09	-2.280813e+01	-3.393970e+02
1.100000e-06	-4.160974e-06	-1.256238e-09	-2.254568e+01	-3.373956e+02
1.110000e-06	-4.112058e-06	-1.247406e-09	-2.228064e+01	-3.353723e+02
1.120000e-06	-4.062557e-06	-1.237502e-09	-2.201242e+01	-3.333273e+02
1.130000e-06	-4.012486e-06	-1.227562e-09	-2.174112e+01	-3.312605e+02
1.140000e-06	-3.962017e-06	-1.218393e-09	-2.146766e+01	-3.291719e+02
1.150000e-06	-3.911108e-06	-1.210578e-09	-2.119181e+01	-3.270611e+02
1.160000e-06	-3.859775e-06	-1.203301e-09	-2.091368e+01	-3.249280e+02
1.170000e-06	-3.808206e-06	-1.194896e-09	-2.063426e+01	-3.227721e+02
1.180000e-06	-3.756419e-06	-1.186119e-09	-2.035365e+01	-3.205929e+02
1.190000e-06	-3.704361e-06	-1.176978e-09	-2.007159e+01	-3.183901e+02
1.200000e-06	-3.652015e-06	-1.167984e-09	-1.978796e+01	-3.161631e+02
1.210000e-06	-3.599331e-06	-1.160972e-09	-1.950249e+01	-3.139112e+02
1.220000e-06	-3.546335e-06	-1.154463e-09	-1.921534e+01	-3.116337e+02
1.230000e-06	-3.493149e-06	-1.146615e-09	-1.892716e+01	-3.093301e+02
1.240000e-06	-3.439684e-06	-1.137638e-09	-1.863747e+01	-3.069997e+02
1.250000e-06	-3.385946e-06	-1.127170e-09	-1.834630e+01	-3.046417e+02
1.260000e-06	-3.332030e-06	-1.116358e-09	-1.805416e+01	-3.022554e+02
1.270000e-06	-3.277975e-06	-1.106244e-09	-1.776127e+01	-2.998403e+02
1.280000e-06	-3.223715e-06	-1.096778e-09	-1.746727e+01	-2.973957e+02
1.290000e-06	-3.169069e-06	-1.087366e-09	-1.717118e+01	-2.949209e+02
1.300000e-06	-3.114193e-06	-1.077340e-09	-1.687384e+01	-2.924154e+02
1.310000e-06	-3.059270e-06	-1.066286e-09	-1.657625e+01	-2.898786e+02
1.320000e-06	-3.004061e-06	-1.054893e-09	-1.627710e+01	-2.873102e+02
1.330000e-06	-2.948554e-06	-1.043536e-09	-1.597635e+01	-2.847096e+02
1.340000e-06	-2.892945e-06	-1.031686e-09	-1.567503e+01	-2.820764e+02
1.350000e-06	-2.837173e-06	-1.020621e-09	-1.537284e+01	-2.794104e+02
1.360000e-06	-2.781362e-06	-1.011545e-09	-1.507044e+01	-2.767113e+02
1.370000e-06	-2.725579e-06	-1.003189e-09	-1.476818e+01	-2.739787e+02
1.380000e-06	-2.669700e-06	-9.944380e-10	-1.446541e+01	-2.712124e+02
1.390000e-06	-2.613686e-06	-9.844859e-10	-1.416191e+01	-2.684122e+02
1.400000e-06	-2.557446e-06	-9.729460e-10	-1.385718e+01	-2.655779e+02
1.410000e-06	-2.501008e-06	-9.610604e-10	-1.355138e+01	-2.627092e+02
1.420000e-06	-2.444315e-06	-9.500448e-10	-1.324420e+01	-2.598059e+02
1.430000e-06	-2.387315e-06	-9.393949e-10	-1.293534e+01	-2.568676e+02
1.440000e-06	-2.330154e-06	-9.287414e-10	-1.262563e+01	-2.538938e+02
1.450000e-06	-2.272719e-06	-9.182110e-10	-1.231443e+01	-2.508842e+02
1.460000e-06	-2.214924e-06	-9.070673e-10	-1.200127e+01	-2.478382e+02
1.470000e-06	-2.156780e-06	-8.953746e-10	-1.168622e+01	-2.447550e+02
1.480000e-06	-2.098333e-06	-8.839394e-10	-1.136954e+01	-2.416339e+02
1.490000e-06	-2.039670e-06	-8.723683e-10	-1.105168e+01	-2.384738e+02
1.500000e-06	-1.980753e-06	-8.600394e-10	-1.073245e+01	-2.352736e+02
1.510000e-06	-1.921668e-06	-8.476440e-10	-1.041230e+01	-2.320319e+02
1.520000e-06	-1.862439e-06	-8.351466e-10	-1.009138e+01	-2.287474e+02
1.530000e-06	-1.803126e-06	-8.227167e-10	-9.769999e+00	-2.254182e+02
1.540000e-06	-1.743725e-06	-8.103028e-10	-9.448141e+00	-2.220425e+02
1.550000e-06	-1.684165e-06	-7.983637e-10	-9.125421e+00	-2.186182e+02
1.560000e-06	-1.624533e-06	-7.867303e-10	-8.802317e+00	-2.151432e+02
1.570000e-06	-1.564870e-06	-7.745255e-10	-8.479039e+00	-2.116148e+02
1.580000e-06	-1.505193e-06	-7.623086e-10	-8.155685e+00	-2.080306e+02
1.590000e-06	-1.445445e-06	-7.502342e-10	-7.831948e+00	-2.043878e+02
1.600000e-06	-1.385578e-06	-7.374777e-10	-7.507571e+00	-2.006836e+02
1.610000e-06	-1.325635e-06	-7.235145e-10	-7.182778e+00	-1.969149e+02
1.620000e-06	-1.265620e-06	-7.093915e-10	-6.857590e+00	-1.930787e+02
1.630000e-06	-1.205563e-06	-6.957086e-10	-6.532182e+00	-1.891720e+02
1.640000e-06	-1.145481e-06	-6.809842e-10	-6.206633e+00	-1.851916e+02
1.650000e-06	-1.085345e-06	-6.653697e-10	-5.880798e+00	-1.811346e+02
1.660000e-06	-1.025199e-06	-6.498640e-10	-5.554902e+00	-1.769978e+02
1.670000e-06	-9.649636e-07	-6.341108e-10	-5.228526e+00	-1.727784e+02
1.680000e-06	-9.045993e-07	-6.183460e-10	-4.901450e+00	-1.684737e+02
1.690000e-06	-8.442051e-07	-6.033741e-10	-4.574213e+00	-1.640811e+02
1.700000e-06	-7.837529e-07	-5.882190e-10	-4.246660e+00	-1.595983e+02
1.710000e-06	-7.232514e-07	-5.725811e-10	-3.918841e+00	-1.550232e+02
1.720000e-06	-6.627851e-07	-5.571333e-10	-3.591212e+00	-1.503542e+02
1.730000e-06	-6.023444e-07	-5.410400e-10	-3.263723e+00	-1.455898e+02
1.740000e-06	-5.417886e-07	-5.231173e-10	-2.935609e+00	-1.407291e+02
1.750000e-06	-4.811218e-07	-5.040398e-10	-2.606894e+00	-1.357715e+02
1.760000e-06	-4.205077e-07	-4.852012e-10	-2.278465e+00	-1.307168e+02
1.770000e-06	-3.599327e-07	-4.656846e-10	-1.950247e+00	-1.255654e+02
1.780000e-06	-2.993152e-07	-4.454553e-10	-1.621799e+00	-1.203182e+02
1.790000e-06	-2.385764e-07	-4.258233e-10	-1.292694e+00	-1.149764e+02
1.800000e-06	-1.777190e-07	-4.059504e-10	-9.629465e-01	-1.095419e+02
1.810000e-06	-1.169201e-07	-3.852177e-10	-6.335160e-01	-1.040170e+02
1.820000e-06	-5.617159e-08	-3.639642e-10	-3.043582e-01	-9.840472e+01
1.830000e-06	4.604153e-09	-3.421071e-10	2.494699e-02	-9.270828e+01
1.840000e-06	6.531106e-08	-3.202390e-10	3.538793e-01	-8.693155e+01
1.850000e-06	1.259656e-07	-2.992627e-10	6.825276e-01	-8.107886e+01
1.860000e-06	1.866223e-07	-2.787481e-10	1.011188e+00	-7.515495e+01
1.870000e-06	2.472798e-07	-2.561211e-10	1.339853e+00	-6.916497e+01
1.880000e-06	3.079385e-07	-2.313094e-10	1.668524e+00	-6.311446e+01
1.890000e-06	3.686661e-07	-2.066238e-10	1.997568e+00	-5.700926e+01
1.900000e-06	4.293997e-07	-1.837295e-10	2.326645e+00	-5.085552e+01
1.910000e-06	4.900693e-07	-1.627685e-10	2.655375e+00	-4.465961e+01
1.920000e-06	5.506639e-07	-1.412749e-10	2.983698e+00	-3.842809e+01
1.930000e-06	6.112940e-07	-1.170747e-10	3.312215e+00	-3.216767e+01
1.940000e-06	6.718583e-07	-9.085647e-11	3.640374e+00	-2.588512e+01
1.950000e-06	7.322966e-07	-6.430969e-11	3.967851e+00	-1.958725e+01
1.960000e-06	7.927984e-07	-3.862763e-11	4.295672e+00	-1.328082e+01
1.970000e-06	8.532186e-07	-1.403711e-11	4.623051e+00	-6.972540e+00
1.980000e-06	9.135643e-07	1.046370e-11	4.950026e+00	-6.689561e-01
1.990000e-06	9.739186e-07	3.541492e-11	5.277048e+00	5.623552e+00
2.000000e-06	1.034259e-06	6.036121e-11	5.603995e+00	1.189884e+01
2.010000e-06	1.094489e-06	8.393178e-11	5.930344e+00	1.815103e+01
2.020000e-06	1.154549e-06	1.071416e-10	6.255769e+00	2.437457e+01
2.030000e-06	1.214576e-06	1.314751e-10	6.581019e+00	3.056424e+01
2.040000e-06	1.274568e-06	1.548815e-10	6.906074e+00	3.671521e+01
2.050000e-06	1.334489e-06	1.758090e-10	7.230749e+00	4.282303e+01
2.060000e-06	1.394374e-06	1.967194e-10	7.555230e+00	4.888370e+01
2.070000e-06	1.454218e-06	2.190844e-10	7.879483e+00	5.489362e+01
2.080000e-06	1.514005e-06	2.429134e-10	8.203434e+00	6.084967e+01
2.090000e-06	1.573693e-06	2.670680e-10	8.526843e+00	6.674913e+01
2.100000e-06	1.633230e-06	2.895772e-10	8.849438e+00	7.258974e+01
2.110000e-06	1.692752e-06	3.099140e-10	9.171951e+00	7.836968e+01
2.120000e-06	1.752297e-06	3.293072e-10	9.494588e+00	8.408753e+01
2.130000e-06	1.811713e-06	3.513060e-10	9.816526e+00	8.974227e+01
2.140000e-06	1.870988e-06	3.739786e-10	1.013770e+01	9.533326e+01
2.150000e-06	1.930141e-06	3.948390e-10	1.045821e+01	1.008602e+02
2.160000e-06	1.989158e-06	4.149500e-10	1.077798e+01	1.063231e+02
2.170000e-06	2.047950e-06	4.342049e-10	1.109654e+01	1.117223e+02
2.180000e-06	2.106576e-06	4.531622e-10	1.141420e+01	1.170583e+02
2.190000e-06	2.164919e-06	4.729832e-10	1.173032e+01	1.223319e+02
2.200000e-06	2.222835e-06	4.929336e-10	1.204413e+01	1.275440e+02
2.210000e-06	2.280532e-06	5.101291e-10	1.235676e+01	1.326957e+02
2.220000e-06	2.337927e-06	5.263767e-10	1.266774e+01	1.377881e+02
2.230000e-06	2.394863e-06	5.439285e-10	1.297625e+01	1.428225e+02
2.240000e-06	2.451475e-06	5.609262e-10	1.328299e+01	1.478001e+02
2.250000e-06	2.507829e-06	5.782024e-10	1.358834e+01	1.527222e+02
2.260000e-06	2.563975e-06	5.958223e-10	1.389255e+01	1.575899e+02
2.270000e-06	2.620028e-06	6.127017e-10	1.419627e+01	1.624043e+02
2.280000e-06	2.676007e-06	6.304304e-10	1.449959e+01	1.671665e+02
2.290000e-06	2.731891e-06	6.484757e-10	1.480239e+01	1.718774e+02
2.300000e-06	2.787610e-06	6.649419e-10	1.510429e+01	1.765377e+02
2.310000e-06	2.843144e-06	6.795198e-10	1.540519e+01	1.811481e+02
2.320000e-06	2.898574e-06	6.934999e-10	1.570554e+01	1.857089e+02
2.330000e-06	2.953975e-06	7.093331e-10	1.600572e+01	1.902205e+02
2.340000e-06	3.009216e-06	7.267292e-10	1.630503e+01	1.946830e+02
2.350000e-06	3.064263e-06	7.439611e-10	1.660330e+01	1.990963e+02
2.360000e-06	3.119024e-06	7.604141e-10	1.690001e+01	2.034602e+02
2.370000e-06	3.173495e-06	7.753866e-10	1.719516e+01	2.077742e+02
2.380000e-06	3.227857e-06	7.897198e-10	1.748971e+01	2.120380e+02
2.390000e-06	3.281996e-06	8.049669e-10	1.778305e+01	2.162507e+02
2.400000e-06	3.335837e-06	8.196504e-10	1.807479e+01	2.204117e+02
2.410000e-06	3.389438e-06	8.338487e-10	1.836521e+01	2.245201e+02
2.420000e-06	3.442877e-06	8.488534e-10	1.865477e+01	2.285749e+02
2.430000e-06	3.496145e-06	8.644780e-10	1.894340e+01	2.325751e+02
2.440000e-06	3.549131e-06	8.808276e-10	1.923049e+01	2.365197e+02
2.450000e-06	3.601681e-06	8.966767e-10	1.951522e+01	2.404078e+02
2.460000e-06	3.653835e-06	9.105412e-10	1.979782e+01	2.442382e+02
2.470000e-06	3.705826e-06	9.235344e-10	2.007952e+01	2.480101e+02
2.480000e-06	3.757707e-06	9.379173e-10	2.036063e+01	2.517224e+02
2.490000e-06	3.809357e-06	9.531028e-10	2.064049e+01	2.553745e+02
2.500000e-06	3.860708e-06	9.672355e-10	2.091873e+01	2.589656e+02
2.510000e-06	3.911726e-06	9.796058e-10	2.119517e+01	2.624950e+02
2.520000e-06	3.962150e-06	9.909814e-10	2.146838e+01	2.659624e+02
2.530000e-06	4.011878e-06	1.002744e-09	2.173783e+01	2.693674e+02
2.540000e-06	4.061220e-06	1.015022e-09	2.200518e+01	2.727098e+02
2.550000e-06	4.110228e-06	1.027866e-09	2.227072e+01	2.759896e+02
2.560000e-06	4.158810e-06	1.041023e-09	2.253396e+01	2.792070e+02
2.570000e-06	4.207023e-06	1.053770e-09	2.279519e+01	2.823624e+02
2.580000e-06	4.254941e-06	1.065952e-09	2.305483e+01	2.854561e+02
2.590000e-06	4.302668e-06	1.077335e-09	2.331343e+01	2.884889e+02
2.600000e-06	4.350356e-06	1.087477e-09	2.357182e+01	2.914616e+02
2.610000e-06	4.397846e-06	1.096846e-09	2.382914e+01	2.943751e+02
2.620000e-06	4.444920e-06	1.107217e-09	2.408420e+01	2.972305e+02
2.630000e-06	4.491510e-06	1.119270e-09	2.433664e+01	3.000290e+02
2.640000e-06	4.537654e-06	1.130967e-09	2.458667e+01	3.027719e+02
2.650000e-06	4.583603e-06	1.141504e-09	2.483564e+01	3.054607e+02
2.660000e-06	4.629357e-06	1.151770e-09	2.508355e+01	3.080968e+02
2.670000e-06	4.674792e-06	1.161403e-09	2.532974e+01	3.106818e+02
2.680000e-06	4.719992e-06	1.170334e-09	2.557464e+01	3.132173e+02
2.690000e-06	4.764856e-06	1.179359e-09	2.581774e+01	3.157048e+02
2.700000e-06	4.809316e-06	1.187859e-09	2.605863e+01	3.181459e+02
2.710000e-06	4.853530e-06	1.195468e-09	2.629820e+01	3.205423e+02
2.720000e-06	4.897444e-06	1.204160e-09	2.653614e+01	3.228954e+02
2.730000e-06	4.941097e-06	1.213534e-09	2.677268e+01	3.252069e+02
2.740000e-06	4.984558e-06	1.222305e-09	2.700816e+01	3.274782e+02
2.750000e-06	5.027730e-06	1.231366e-09	2.724208e+01	3.297106e+02
2.760000e-06	5.070427e-06	1.240209e-09	2.747343e+01	3.319055e+02
2.770000e-06	5.112367e-06	1.248779e-09	2.770068e+01	3.340640e+02
2.780000e-06	5.153638e-06	1.257503e-09	2.792430e+01	3.361874e+02
2.790000e-06	5.194353e-06	1.265402e-09	2.814491e+01	3.382765e+02
2.800000e-06	5.234585e-06	1.271992e-09	2.836290e+01	3.403324e+02
2.810000e-06	5.274555e-06	1.278356e-09	2.857947e+01	3.423558e+02
2.820000e-06	5.314296e-06	1.285562e-09	2.879480e+01	3.443475e+02
2.830000e-06	5.353875e-06	1.292862e-09	2.900926e+01	3.463079e+02
2.840000e-06	5.393213e-06	1.299679e-09	2.922240e+01	3.482378e+02
2.850000e-06	5.432251e-06	1.306522e-09	2.943392e+01	3.501374e+02
2.860000e-06	5.470907e-06	1.313669e-09	2.964338e+01	3.520071e+02
2.870000e-06	5.509025e-06	1.320671e-09	2.984992e+01	3.538473e+02
2.880000e-06	5.546703e-06	1.327350e-09	3.005407e+01	3.556580e+02
2.890000e-06	5.584034e-06	1.334210e-09	3.025634e+01	3.574395e+02
2.900000e-06	5.620994e-06	1.341283e-09	3.045661e+01	3.591919e+02
2.910000e-06	5.657516e-06	1.349371e-09	3.065449e+01	3.609153e+02
2.920000e-06	5.693613e-06	1.358567e-09	3.085008e+01	3.626097e+02
2.930000e-06	5.729400e-06	1.366144e-09	3.104399e+01	3.642754e+02
2.940000e-06	5.765064e-06	1.371681e-09	3.123723e+01	3.659123e+02
2.950000e-06	5.800622e-06	1.377854e-09	3.142989e+01	3.675207e+02
2.960000e-06	5.835826e-06	1.384236e-09	3.162064e+01	3.691006e+02
2.970000e-06	5.870328e-06	1.389735e-09	3.180759e+01	3.706522e+02
2.980000e-06	5.904001e-06	1.396165e-09	3.199004e+01	3.721758e+02
2.990000e-06	5.937070e-06	1.402905e-09	3.216922e+01	3.736717e+02
3.000000e-06	5.969595e-06	1.408726e-09	3.234545e+01	3.751403e+02
3.010000e-06	6.001614e-06	1.414787e-09	3.251894e+01	3.765819e+02
3.020000e-06	6.033394e-06	1.421010e-09	3.269114e+01	3.779970e+02
3.030000e-06	6.064907e-06	1.424859e-09	3.286189e+01	3.793861e+02
3.040000e-06	6.096055e-06	1.427585e-09	3.303066e+01	3.807499e+02
3.050000e-06	6.126874e-06	1.432562e-09	3.319765e+01	3.820890e+02
3.060000e-06	6.157235e-06	1.438837e-09	3.336215e+01	3.834041e+02
3.070000e-06	6.186984e-06	1.445548e-09	3.352334e+01	3.846959e+02
3.080000e-06	6.216232e-06	1.452042e-09	3.368182e+01	3.859653e+02
3.090000e-06	6.245105e-06	1.458021e-09	3.383826e+01	3.872130e+02
3.100000e-06	6.273605e-06	1.463028e-09	3.399269e+01	3.884398e+02
3.110000e-06	6.301728e-06	1.467456e-09	3.414507e+01	3.896466e+02
3.120000e-06	6.329559e-06	1.472776e-09	3.429587e+01	3.908343e+02
3.130000e-06	6.357154e-06	1.478218e-09	3.444539e+01	3.920035e+02
3.140000e-06	6.384410e-06	1.482263e-09	3.459307e+01	3.931551e+02
3.150000e-06	6.411058e-06	1.486027e-09	3.473746e+01	3.942897e+02
3.160000e-06	6.436835e-06	1.490705e-09	3.487713e+01	3.954082e+02
3.170000e-06	6.461827e-06	1.496712e-09	3.501255e+01	3.965110e+02
3.180000e-06	6.486215e-06	1.503016e-09	3.514469e+01	3.975988e+02
3.190000e-06	6.510205e-06	1.507533e-09	3.527467e+01	3.986719e+02
3.200000e-06	6.533868e-06	1.511766e-09	3.540289e+01	3.997308e+02
3.210000e-06	6.557190e-06	1.515758e-09	3.552926e+01	4.007757e+02
3.220000e-06	6.580010e-06	1.519401e-09	3.565290e+01	4.018068e+02
3.230000e-06	6.602244e-06	1.523705e-09	3.577337e+01	4.028240e+02
3.240000e-06	6.624070e-06	1.527496e-09	3.589164e+01	4.038275e+02
3.250000e-06	6.645477e-06	1.530655e-09	3.600763e+01	4.048169e+02
3.260000e-06	6.666377e-06	1.535140e-09	3.612087e+01	4.057921e+02
3.270000e-06	6.686762e-06	1.541343e-09	3.623133e+01	4.067526e+02
3.280000e-06	6.706754e-06	1.547725e-09	3.633965e+01	4.076981e+02
3.290000e-06	6.726445e-06	1.554049e-09	3.644634e+01	4.086279e+02
3.300000e-06	6.745788e-06	1.558915e-09	3.655115e+01	4.095415e+02
3.310000e-06	6.764693e-06	1.561942e-09	3.665358e+01	4.104381e+02
3.320000e-06	6.783093e-06	1.565119e-09	3.675328e+01	4.113169e+02
3.330000e-06	6.800886e-06	1.568311e-09	3.684969e+01	4.121772e+02
3.340000e-06	6.818165e-06	1.571888e-09	3.694331e+01	4.130181e+02
3.350000e-06	6.835041e-06	1.575570e-09	3.703476e+01	4.138388e+02
3.360000e-06	6.851560e-06	1.579090e-09	3.712426e+01	4.146384e+02
3.370000e-06	6.867825e-06	1.581567e-09	3.721239e+01	4.154160e+02
3.380000e-06	6.883505e-06	1.583983e-09	3.729735e+01	4.161708e+02
3.390000e-06	6.898278e-06	1.588685e-09	3.737740e+01	4.169020e+02
3.400000e-06	6.912364e-06	1.593847e-09	3.745372e+01	4.176089e+02
3.410000e-06	6.926028e-06	1.599494e-09	3.752775e+01	4.182907e+02
3.420000e-06	6.939257e-06	1.604651e-09	3.759944e+01	4.189470e+02
3.430000e-06	6.952007e-06	1.607525e-09	3.766852e+01	4.195772e+02
3.440000e-06	6.964355e-06	1.609063e-09	3.773542e+01	4.201808e+02
3.450000e-06	6.976311e-06	1.610899e-09	3.780021e+01	4.207575e+02
3.460000e-06	6.987731e-06	1.613312e-09	3.786209e+01	4.213072e+02
3.470000e-06	6.998450e-06	1.614927e-09	3.792017e+01	4.218297e+02
3.480000e-06	7.008156e-06	1.616450e-09	3.797276e+01	4.223251e+02
3.490000e-06	7.016968e-06	1.619307e-09	3.802050e+01	4.227935e+02
3.500000e-06	7.025237e-06	1.622663e-09	3.806531e+01	4.232352e+02
3.510000e-06	7.033081e-06	1.625766e-09	3.810781e+01	4.236504e+02
3.520000e-06	7.040676e-06	1.628440e-09	3.814896e+01	4.240398e+02
3.530000e-06	7.048044e-06	1.629784e-09	3.818888e+01	4.244038e+02
3.540000e-06	7.055015e-06	1.630330e-09	3.822665e+01	4.247431e+02
3.550000e-06	7.061336e-06	1.631965e-09	3.826090e+01	4.250585e+02
3.560000e-06	7.067104e-06	1.634501e-09	3.829216e+01	4.253508e+02
3.570000e-06	7.072314e-06	1.636920e-09	3.832039e+01	4.256208e+02
3.580000e-06	7.076954e-06	1.639822e-09	3.834553e+01	4.258694e+02
3.590000e-06	7.081160e-06	1.642675e-09	3.836832e+01	4.260976e+02
3.600000e-06	7.085036e-06	1.643861e-09	3.838932e+01	4.263064e+02
3.610000e-06	7.088715e-06	1.644418e-09	3.840925e+01	4.264967e+02
3.620000e-06	7.091980e-06	1.645107e-09	3.842695e+01	4.266695e+02
3.630000e-06	7.094603e-06	1.644872e-09	3.844116e+01	4.268257e+02
3.640000e-06	7.096483e-06	1.645971e-09	3.845135e+01	4.269662e+02
3.650000e-06	7.097630e-06	1.648144e-09	3.845756e+01	4.270918e+02
3.660000e-06	7.098081e-06	1.649521e-09	3.846000e+01	4.272033e+02
3.670000e-06	7.098014e-06	1.651633e-09	3.845964e+01	4.273015e+02
3.680000e-06	7.097649e-06	1.652822e-09	3.845766e+01	4.273869e+02
3.690000e-06	7.096993e-06	1.652986e-09	3.845410e+01	4.274602e+02
3.700000e-06	7.095815e-06	1.654689e-09	3.844773e+01	4.275216e+02
3.710000e-06	7.093940e-06	1.657536e-09	3.843756e+01	4.275717e+02
3.720000e-06	7.091627e-06	1.659276e-09	3.842503e+01	4.276106e+02
3.730000e-06	7.088930e-06	1.655092e-09	3.841042e+01	4.276384e+02
3.740000e-06	7.085796e-06	1.643719e-09	3.839344e+01	4.276553e+02
3.750000e-06	7.082203e-06	1.647264e-09	3.837397e+01	4.276612e+02
3.760000e-06	7.077994e-06	1.701880e-09	3.835116e+01	4.276559e+02
3.770000e-06	7.073000e-06	1.743455e-09	3.832411e+01	4.276391e+02
3.780000e-06	7.067097e-06	1.646455e-09	3.829212e+01	4.276106e+02
3.790000e-06	7.060832e-06	1.545630e-09	3.825817e+01	4.275699e+02
3.800000e-06	7.054613e-06	1.659073e-09	3.822447e+01	4.275167e+02
3.810000e-06	7.048019e-06	1.786120e-09	3.818875e+01	4.274502e+02
3.820000e-06	7.040530e-06	1.668056e-09	3.814817e+01	4.273701e+02
3.830000e-06	7.032316e-06	1.535191e-09	3.810366e+01	4.272757e+02
3.840000e-06	7.023894e-06	1.689536e-09	3.805803e+01	4.271664e+02
3.850000e-06	7.015214e-06	1.855533e-09	3.801100e+01	4.270415e+02
3.860000e-06	7.005782e-06	1.660878e-09	3.795989e+01	4.269003e+02
3.870000e-06	6.995689e-06	1.457706e-09	3.790521e+01	4.267424e+02
3.880000e-06	6.985360e-06	1.668161e-09	3.784924e+01	4.265671e+02
3.890000e-06	6.974702e-06	1.876598e-09	3.779149e+01	4.263738e+02
3.900000e-06	6.963409e-06	1.658536e-09	3.773030e+01	4.261620e+02
3.910000e-06	6.951531e-06	1.495191e-09	3.766594e+01	4.259312e+02
3.920000e-06	6.939250e-06	1.738775e-09	3.759940e+01	4.256810e+02
3.930000e-06	6.926362e-06	1.835893e-09	3.752956e+01	4.254111e+02
3.940000e-06	6.912473e-06	1.562440e-09	3.745431e+01	4.251212e+02
3.950000e-06	6.897769e-06	1.531249e-09	3.737464e+01	4.248111e+02
3.960000e-06	6.882470e-06	1.801676e-09	3.729174e+01	4.244807e+02
3.970000e-06	6.866518e-06	1.759111e-09	3.720531e+01	4.241299e+02
3.980000e-06	6.850226e-06	1.539186e-09	3.711703e+01	4.237588e+02
3.990000e-06	6.833805e-06	1.668010e-09	3.702806e+01	4.233674e+02
4.000000e-06	6.816980e-06	1.802191e-09	3.693689e+01	4.229560e+02
4.010000e-06	6.799512e-06	1.587284e-09	3.684225e+01	4.225249e+02
4.020000e-06	6.781523e-06	1.540649e-09	3.674477e+01	4.220744e+02
4.030000e-06	6.763117e-06	1.788854e-09	3.664505e+01	4.216048e+02
4.040000e-06	6.744259e-06	1.744366e-09	3.654286e+01	4.211166e+02
4.050000e-06	6.724748e-06	1.530301e-09	3.643715e+01	4.206103e+02
4.060000e-06	6.704843e-06	1.660440e-09	3.632929e+01	4.200864e+02
4.070000e-06	6.684728e-06	1.789252e-09	3.622030e+01	4.195456e+02
4.080000e-06	6.664380e-06	1.603856e-09	3.611005e+01	4.189884e+02
4.090000e-06	6.643580e-06	1.573888e-09	3.599735e+01	4.184154e+02
4.100000e-06	6.621974e-06	1.750247e-09	3.588028e+01	4.178272e+02
4.110000e-06	6.599597e-06	1.687524e-09	3.575903e+01	4.172245e+02
4.120000e-06	6.576452e-06	1.579218e-09	3.563363e+01	4.166078e+02
4.130000e-06	6.552676e-06	1.696516e-09	3.550480e+01	4.159777e+02
4.140000e-06	6.528570e-06	1.704787e-09	3.537418e+01	4.153349e+02
4.150000e-06	6.504250e-06	1.577390e-09	3.524241e+01	4.146797e+02
4.160000e-06	6.479621e-06	1.640631e-09	3.510896e+01	4.140126e+02
4.170000e-06	6.454508e-06	1.716760e-09	3.497289e+01	4.133342e+02
4.180000e-06	6.428797e-06	1.625862e-09	3.483358e+01	4.126446e+02
4.190000e-06	6.402633e-06	1.620773e-09	3.469181e+01	4.119443e+02
4.200000e-06	6.376156e-06	1.683766e-09	3.454835e+01	4.112335e+02
4.210000e-06	6.349143e-06	1.628713e-09	3.440198e+01	4.105122e+02
4.220000e-06	6.321518e-06	1.609456e-09	3.425230e+01	4.097806e+02
4.230000e-06	6.293524e-06	1.666987e-09	3.410062e+01	4.090387e+02
4.240000e-06	6.265368e-06	1.637253e-09	3.394806e+01	4.082864e+02
4.250000e-06	6.237004e-06	1.608811e-09	3.379437e+01	4.075235e+02
4.260000e-06	6.208203e-06	1.652764e-09	3.363832e+01	4.067498e+02
4.270000e-06	6.178838e-06	1.639449e-09	3.347921e+01	4.059649e+02
4.280000e-06	6.148628e-06	1.606317e-09	3.331552e+01	4.051685e+02
4.290000e-06	6.117576e-06	1.630040e-09	3.314727e+01	4.043601e+02
4.300000e-06	6.086002e-06	1.625701e-09	3.297619e+01	4.035391e+02
4.310000e-06	6.054101e-06	1.608968e-09	3.280334e+01	4.027049e+02
4.320000e-06	6.021895e-06	1.633337e-09	3.262883e+01	4.018568e+02
4.330000e-06	5.989256e-06	1.625773e-09	3.245198e+01	4.009940e+02
4.340000e-06	5.956163e-06	1.597605e-09	3.227267e+01	4.001158e+02
4.350000e-06	5.922653e-06	1.610283e-09	3.209111e+01	3.992214e+02
4.360000e-06	5.888750e-06	1.612385e-09	3.190741e+01	3.983097e+02
4.370000e-06	5.854393e-06	1.597483e-09	3.172125e+01	3.973800e+02
4.380000e-06	5.819634e-06	1.607074e-09	3.153291e+01	3.964312e+02
4.390000e-06	5.784595e-06	1.604789e-09	3.134306e+01	3.954624e+02
4.400000e-06	5.749166e-06	1.587700e-09	3.115109e+01	3.944726e+02
4.410000e-06	5.713278e-06	1.595369e-09	3.095663e+01	3.934609e+02
4.420000e-06	5.677157e-06	1.597383e-09	3.076092e+01	3.924263e+02
4.430000e-06	5.640960e-06	1.579910e-09	3.056479e+01	3.913678e+02
4.440000e-06	5.604511e-06	1.580691e-09	3.036729e+01	3.902846e+02
4.450000e-06	5.567425e-06	1.589077e-09	3.016635e+01	3.891757e+02
4.460000e-06	5.529627e-06	1.582874e-09	2.996154e+01	3.880403e+02
4.470000e-06	5.491075e-06	1.576418e-09	2.975265e+01	3.868777e+02
4.480000e-06	5.451851e-06	1.571175e-09	2.954013e+01	3.856870e+02
4.490000e-06	5.412192e-06	1.562890e-09	2.932524e+01	3.844677e+02
4.500000e-06	5.372192e-06	1.561181e-09	2.910850e+01	3.832192e+02
4.510000e-06	5.332013e-06	1.562164e-09	2.889080e+01	3.819409e+02
4.520000e-06	5.291587e-06	1.557018e-09	2.867176e+01	3.806324e+02
4.530000e-06	5.250823e-06	1.548636e-09	2.845088e+01	3.792933e+02
4.540000e-06	5.209659e-06	1.542475e-09	2.822784e+01	3.779235e+02
4.550000e-06	5.168170e-06	1.541089e-09	2.800304e+01	3.765227e+02
4.560000e-06	5.126436e-06	1.540222e-09	2.777691e+01	3.750909e+02
4.570000e-06	5.084368e-06	1.533094e-09	2.754897e+01	3.736281e+02
4.580000e-06	5.041911e-06	1.524822e-09	2.731892e+01	3.721344e+02
4.590000e-06	4.999117e-06	1.522826e-09	2.708705e+01	3.706099e+02
4.600000e-06	4.956001e-06	1.521579e-09	2.685343e+01	3.690550e+02
4.610000e-06	4.912462e-06	1.514163e-09	2.661752e+01	3.674699e+02
4.620000e-06	4.868575e-06	1.505023e-09	2.637972e+01	3.658551e+02
4.630000e-06	4.824519e-06	1.497554e-09	2.614101e+01	3.642111e+02
4.640000e-06	4.780215e-06	1.490754e-09	2.590096e+01	3.625384e+02
4.650000e-06	4.735702e-06	1.485054e-09	2.565977e+01	3.608375e+02
4.660000e-06	4.690938e-06	1.479104e-09	2.541722e+01	3.591090e+02
4.670000e-06	4.645810e-06	1.470630e-09	2.517270e+01	3.573536e+02
4.680000e-06	4.600284e-06	1.460941e-09	2.492602e+01	3.555719e+02
4.690000e-06	4.554292e-06	1.454573e-09	2.467682e+01	3.537645e+02
4.700000e-06	4.507852e-06	1.450807e-09	2.442519e+01	3.519320e+02
4.710000e-06	4.461120e-06	1.445032e-09	2.417198e+01	3.500750e+02
4.720000e-06	4.414216e-06	1.436049e-09	2.391784e+01	3.481941e+02
4.730000e-06	4.367038e-06	1.427352e-09	2.366221e+01	3.462898e+02
4.740000e-06	4.319470e-06	1.421919e-09	2.340447e+01	3.443625e+02
4.750000e-06	4.271386e-06	1.416818e-09	2.314394e+01	3.424126e+02
4.760000e-06	4.223004e-06	1.408038e-09	2.288178e+01	3.404405e+02
4.770000e-06	4.174368e-06	1.397635e-09	2.261826e+01	3.384464e+02
4.780000e-06	4.125283e-06	1.389670e-09	2.235229e+01	3.364305e+02
4.790000e-06	4.075811e-06	1.383104e-09	2.208424e+01	3.343928e+02
4.800000e-06	4.025962e-06	1.375817e-09	2.181413e+01	3.323334e+02
4.810000e-06	3.975913e-06	1.366496e-09	2.154295e+01	3.302521e+02
4.820000e-06	3.925716e-06	1.355665e-09	2.127097e+01	3.281489e+02
4.830000e-06	3.875204e-06	1.346214e-09	2.099727e+01	3.260233e+02
4.840000e-06	3.824323e-06	1.338612e-09	2.072158e+01	3.238751e+02
4.850000e-06	3.773154e-06	1.331114e-09	2.044433e+01	3.217039e+02
4.860000e-06	3.721760e-06	1.321256e-09	2.016586e+01	3.195091e+02
4.870000e-06	3.670100e-06	1.309900e-09	1.988595e+01	3.172903e+02
4.880000e-06	3.618247e-06	1.300226e-09	1.960499e+01	3.150468e+02
4.890000e-06	3.566030e-06	1.292159e-09	1.932205e+01	3.127780e+02
4.900000e-06	3.513533e-06	1.282834e-09	1.903761e+01	3.104833e+02
4.910000e-06	3.460899e-06	1.272450e-09	1.875242e+01	3.081620e+02
4.920000e-06	3.407975e-06	1.263624e-09	1.846565e+01	3.058133e+02
4.930000e-06	3.354719e-06	1.255133e-09	1.817709e+01	3.034366e+02
4.940000e-06	3.300963e-06	1.245934e-09	1.788582e+01	3.010313e+02
4.950000e-06	3.246666e-06	1.235992e-09	1.759163e+01	2.985967e+02
4.960000e-06	3.192113e-06	1.224144e-09	1.729604e+01	2.961321e+02
4.970000e-06	3.137285e-06	1.212384e-09	1.699896e+01	2.936369e+02
4.980000e-06	3.081936e-06	1.203061e-09	1.669906e+01	2.911107e+02
4.990000e-06	3.026199e-06	1.194658e-09	1.639706e+01	2.885530e+02
5.000000e-06	2.970297e-06	1.184958e-09	1.609416e+01	2.859632e+02
5.010000e-06	2.914262e-06	1.173165e-09	1.579054e+01	2.833410e+02
5.020000e-06	2.858164e-06	1.160441e-09	1.548658e+01	2.806861e+02
5.030000e-06	2.801988e-06	1.149137e-09	1.518220e+01	2.779981e+02
5.040000e-06	2.745730e-06	1.138922e-09	1.487737e+01	2.752768e+02
5.050000e-06	2.689404e-06	1.127078e-09	1.457217e+01	2.725219e+02
5.060000e-06	2.632928e-06	1.114053e-09	1.426617e+01	2.697331e+02
5.070000e-06	2.576128e-06	1.102402e-09	1.395841e+01	2.669103e+02
5.080000e-06	2.519083e-06	1.092587e-09	1.364931e+01	2.640532e+02
5.090000e-06	2.462094e-06	1.082953e-09	1.334053e+01	2.611615e+02
5.100000e-06	2.404971e-06	1.072206e-09	1.303101e+01	2.582349e+02
5.110000e-06	2.347600e-06	1.058955e-09	1.272016e+01	2.552731e+02
5.120000e-06	2.290028e-06	1.044491e-09	1.240821e+01	2.522756e+02
5.130000e-06	2.232194e-06	1.032004e-09	1.209484e+01	2.492419e+02
5.140000e-06	2.174152e-06	1.020457e-09	1.178035e+01	2.461713e+02
5.150000e-06	2.116001e-06	1.007733e-09	1.146527e+01	2.430630e+02
5.160000e-06	2.057814e-06	9.938112e-10	1.114999e+01	2.399161e+02
5.170000e-06	1.999423e-06	9.807108e-10	1.083361e+01	2.367294e+02
5.180000e-06	1.940856e-06	9.689067e-10	1.051627e+01	2.335019e+02
5.190000e-06	1.882087e-06	9.563349e-10	1.019783e+01	2.302319e+02
5.200000e-06	1.823119e-06	9.424901e-10	9.878327e+00	2.269178e+02
5.210000e-06	1.764063e-06	9.277909e-10	9.558340e+00	2.235580e+02
5.220000e-06	1.704821e-06	9.124233e-10	9.237346e+00	2.201502e+02
5.230000e-06	1.645457e-06	8.959171e-10	8.915688e+00	2.166924e+02
5.240000e-06	1.585960e-06	8.798986e-10	8.593313e+00	2.131822e+02
5.250000e-06	1.526341e-06	8.661801e-10	8.270275e+00	2.096170e+02
5.260000e-06	1.466636e-06	8.545083e-10	7.946769e+00	2.059941e+02
5.270000e-06	1.406810e-06	8.428417e-10	7.622614e+00	2.023108e+02
5.280000e-06	1.346981e-06	8.284783e-10	7.298438e+00	1.985640e+02
5.290000e-06	1.287146e-06	8.110383e-10	6.974231e+00	1.947507e+02
5.300000e-06	1.227204e-06	7.911263e-10	6.649443e+00	1.908680e+02
5.310000e-06	1.167206e-06	7.708051e-10	6.324349e+00	1.869126e+02
5.320000e-06	1.107167e-06	7.518828e-10	5.999039e+00	1.828815e+02
5.330000e-06	1.047028e-06	7.339708e-10	5.673180e+00	1.787717e+02
5.340000e-06	9.868204e-07	7.175345e-10	5.346955e+00	1.745802e+02
5.350000e-06	9.266340e-07	7.020305e-10	5.020842e+00	1.703043e+02
5.360000e-06	8.664899e-07	6.853621e-10	4.694960e+00	1.659414e+02
5.370000e-06	8.062878e-07	6.668589e-10	4.368763e+00	1.614890e+02
5.380000e-06	7.460623e-07	6.468271e-10	4.042439e+00	1.569449e+02
5.390000e-06	6.858389e-07	6.262790e-10	3.716126e+00	1.523075e+02
5.400000e-06	6.255326e-07	6.054476e-10	3.389365e+00	1.475751e+02
5.410000e-06	5.652287e-07	5.849404e-10	3.062616e+00	1.427467e+02
5.420000e-06	5.049175e-07	5.648973e-10	2.735828e+00	1.378215e+02
5.430000e-06	4.445548e-07	5.443040e-10	2.408761e+00	1.327992e+02
5.440000e-06	3.841982e-07	5.233259e-10	2.081726e+00	1.276801e+02
5.450000e-06	3.238265e-07	5.027417e-10	1.754611e+00	1.224648e+02
5.460000e-06	2.634178e-07	4.813640e-10	1.427294e+00	1.171544e+02
5.470000e-06	2.029515e-07	4.576305e-10	1.099666e+00	1.117506e+02
5.480000e-06	1.423913e-07	4.336601e-10	7.715285e-01	1.062557e+02
5.490000e-06	8.187148e-08	4.103099e-10	4.436097e-01	1.006723e+02
5.500000e-06	2.147727e-08	3.866160e-10	1.163717e-01	9.500356e+01
5.510000e-06	-3.904412e-08	3.634217e-10	-2.115553e-01	8.925322e+01
5.520000e-06	-9.962351e-08	3.406234e-10	-5.397966e-01	8.342542e+01
5.530000e-06	-1.600712e-07	3.177679e-10	-8.673245e-01	7.752478e+01
5.540000e-06	-2.205385e-07	2.947989e-10	-1.194959e+00	7.155631e+01
5.550000e-06	-2.809951e-07	2.708499e-10	-1.522534e+00	6.552543e+01
5.560000e-06	-3.413905e-07	2.452378e-10	-1.849778e+00	5.943787e+01
5.570000e-06	-4.018068e-07	2.196380e-10	-2.177136e+00	5.329969e+01
5.580000e-06	-4.622366e-07	1.944726e-10	-2.504567e+00	4.711720e+01
5.590000e-06	-5.226444e-07	1.689312e-10	-2.831879e+00	4.089690e+01
5.600000e-06	-5.830532e-07	1.438198e-10	-3.159196e+00	3.464545e+01
5.610000e-06	-6.434866e-07	1.187047e-10	-3.486646e+00	2.836960e+01
5.620000e-06	-7.038250e-07	9.312973e-11	-3.813581e+00	2.207617e+01
5.630000e-06	-7.640198e-07	6.738440e-11	-4.139739e+00	1.577193e+01
5.640000e-06	-8.241424e-07	4.190558e-11	-4.465505e+00	9.463607e+00
5.650000e-06	-8.841902e-07	1.646935e-11	-4.790867e+00	3.157821e+00
5.660000e-06	-9.442810e-07	-9.284241e-12	-5.116460e+00	-3.138991e+00
5.670000e-06	-1.004405e-06	-3.401289e-11	-5.442235e+00	-9.420602e+00
5.680000e-06	-1.064487e-06	-5.889798e-11	-5.767782e+00	-1.568104e+01
5.690000e-06	-1.124560e-06	-8.464950e-11	-6.093275e+00	-2.191465e+01
5.700000e-06	-1.184648e-06	-1.097487e-10	-6.418856e+00	-2.811608e+01
5.710000e-06	-1.244637e-06	-1.341082e-10	-6.743900e+00	-3.428038e+01
5.720000e-06	-1.304469e-06	-1.575314e-10	-7.068091e+00	-4.040297e+01
5.730000e-06	-1.364206e-06	-1.806832e-10	-7.391765e+00	-4.647969e+01
5.740000e-06	-1.423784e-06	-2.042039e-10	-7.714585e+00	-5.250682e+01
5.750000e-06	-1.483253e-06	-2.288612e-10	-8.036808e+00	-5.848106e+01
5.760000e-06	-1.542681e-06	-2.545391e-10	-8.358812e+00	-6.439957e+01
5.770000e-06	-1.602077e-06	-2.802734e-10	-8.680639e+00	-7.025994e+01
5.780000e-06	-1.661273e-06	-3.052663e-10	-9.001387e+00	-7.606020e+01
5.790000e-06	-1.720270e-06	-3.289294e-10	-9.321054e+00	-8.179880e+01
5.800000e-06	-1.779180e-06	-3.522577e-10	-9.640247e+00	-8.747458e+01
5.810000e-06	-1.837922e-06	-3.749777e-10	-9.958533e+00	-9.308679e+01
5.820000e-06	-1.896576e-06	-3.969773e-10	-1.027634e+01	-9.863501e+01
5.830000e-06	-1.955225e-06	-4.197140e-10	-1.059413e+01	-1.041192e+02
5.840000e-06	-2.013702e-06	-4.429533e-10	-1.091098e+01	-1.095395e+02
5.850000e-06	-2.071898e-06	-4.657657e-10	-1.122630e+01	-1.148964e+02
5.860000e-06	-2.129918e-06	-4.874544e-10	-1.154068e+01	-1.201906e+02
5.870000e-06	-2.187790e-06	-5.078076e-10	-1.185425e+01	-1.254230e+02
5.880000e-06	-2.245443e-06	-5.287090e-10	-1.216663e+01	-1.305946e+02
5.890000e-06	-2.302896e-06	-5.511091e-10	-1.247793e+01	-1.357066e+02
5.900000e-06	-2.360311e-06	-5.730822e-10	-1.278903e+01	-1.407601e+02
5.910000e-06	-2.417604e-06	-5.945705e-10	-1.309946e+01	-1.457564e+02
5.920000e-06	-2.474587e-06	-6.157174e-10	-1.340822e+01	-1.506968e+02
5.930000e-06	-2.531404e-06	-6.357255e-10	-1.371608e+01	-1.555824e+02
5.940000e-06	-2.588103e-06	-6.560660e-10	-1.402329e+01	-1.604144e+02
5.950000e-06	-2.644623e-06	-6.780064e-10	-1.432953e+01	-1.651938e+02
5.960000e-06	-2.701055e-06	-6.992728e-10	-1.463530e+01	-1.699216e+02
5.970000e-06	-2.757383e-06	-7.192159e-10	-1.494051e+01	-1.745986e+02
5.980000e-06	-2.813528e-06	-7.401277e-10	-1.524473e+01	-1.792255e+02
5.990000e-06	-2.869511e-06	-7.603499e-10	-1.554806e+01	-1.838027e+02
6.000000e-06	-2.925428e-06	-7.793265e-10	-1.585104e+01	-1.883306e+02
6.010000e-06	-2.981225e-06	-7.976163e-10	-1.615337e+01	-1.928094e+02
6.020000e-06	-3.036693e-06	-8.142933e-10	-1.645391e+01	-1.972390e+02
6.030000e-06	-3.091807e-06	-8.299508e-10	-1.675254e+01	-2.016193e+02
6.040000e-06	-3.146612e-06	-8.465196e-10	-1.704950e+01	-2.059500e+02
6.050000e-06	-3.201063e-06	-8.649512e-10	-1.734453e+01	-2.102305e+02
6.060000e-06	-3.255291e-06	-8.844438e-10	-1.763836e+01	-2.144602e+02
6.070000e-06	-3.309177e-06	-9.043583e-10	-1.793034e+01	-2.186385e+02
6.080000e-06	-3.362589e-06	-9.232076e-10	-1.821974e+01	-2.227644e+02
6.090000e-06	-3.415648e-06	-9.399311e-10	-1.850723e+01	-2.268371e+02
6.100000e-06	-3.468381e-06	-9.551521e-10	-1.879296e+01	-2.308555e+02
6.110000e-06	-3.520801e-06	-9.695344e-10	-1.907699e+01	-2.348187e+02
6.120000e-06	-3.572999e-06	-9.839277e-10	-1.935982e+01	-2.387256e+02
6.130000e-06	-3.624972e-06	-9.995162e-10	-1.964142e+01	-2.425753e+02
6.140000e-06	-3.676594e-06	-1.017284e-09	-1.992113e+01	-2.463667e+02
6.150000e-06	-3.727954e-06	-1.035589e-09	-2.019942e+01	-2.500989e+02
6.160000e-06	-3.779147e-06	-1.051714e-09	-2.047680e+01	-2.537711e+02
6.170000e-06	-3.830101e-06	-1.066387e-09	-2.075289e+01	-2.573825e+02
6.180000e-06	-3.880692e-06	-1.080257e-09	-2.102701e+01	-2.609324e+02
6.190000e-06	-3.931044e-06	-1.093881e-09	-2.129984e+01	-2.644204e+02
6.200000e-06	-3.981128e-06	-1.108587e-09	-2.157121e+01	-2.678462e+02
6.210000e-06	-4.030788e-06	-1.122934e-09	-2.184028e+01	-2.712093e+02
6.220000e-06	-4.080116e-06	-1.135648e-09	-2.210757e+01	-2.745099e+02
6.230000e-06	-4.128908e-06	-1.147735e-09	-2.237194e+01	-2.777481e+02
6.240000e-06	-4.177296e-06	-1.160080e-09	-2.263412e+01	-2.809240e+02
6.250000e-06	-4.225292e-06	-1.172212e-09	-2.289418e+01	-2.840381e+02
6.260000e-06	-4.272782e-06	-1.184223e-09	-2.315150e+01	-2.870910e+02
6.270000e-06	-4.320048e-06	-1.196395e-09	-2.340760e+01	-2.900836e+02
6.280000e-06	-4.367079e-06	-1.208955e-09	-2.366243e+01	-2.930166e+02
6.290000e-06	-4.413886e-06	-1.221842e-09	-2.391605e+01	-2.958911e+02
6.300000e-06	-4.460424e-06	-1.233616e-09	-2.416821e+01	-2.987084e+02
6.310000e-06	-4.506585e-06	-1.243475e-09	-2.441833e+01	-3.014696e+02
6.320000e-06	-4.552462e-06	-1.252942e-09	-2.466691e+01	-3.041762e+02
6.330000e-06	-4.598057e-06	-1.263117e-09	-2.491396e+01	-3.068297e+02
6.340000e-06	-4.643259e-06	-1.273140e-09	-2.515888e+01	-3.094314e+02
6.350000e-06	-4.688066e-06	-1.282470e-09	-2.540166e+01	-3.119831e+02
6.360000e-06	-4.732606e-06	-1.292288e-09	-2.564299e+01	-3.144863e+02
6.370000e-06	-4.776906e-06	-1.302486e-09	-2.588302e+01	-3.169427e+02
6.380000e-06	-4.820962e-06	-1.312109e-09	-2.612174e+01	-3.193537e+02
6.390000e-06	-4.864896e-06	-1.321881e-09	-2.635979e+01	-3.217210e+02
6.400000e-06	-4.908586e-06	-1.331628e-09	-2.659652e+01	-3.240461e+02
6.410000e-06	-4.951975e-06	-1.341531e-09	-2.683162e+01	-3.263306e+02
6.420000e-06	-4.995052e-06	-1.351386e-09	-2.706502e+01	-3.285757e+02
6.430000e-06	-5.037659e-06	-1.361170e-09	-2.729588e+01	-3.307829e+02
6.440000e-06	-5.079742e-06	-1.371603e-09	-2.752390e+01	-3.329533e+02
6.450000e-06	-5.121561e-06	-1.380897e-09	-2.775049e+01	-3.350882e+02
6.460000e-06	-5.163242e-06	-1.387751e-09	-2.797634e+01	-3.371886e+02
6.470000e-06	-5.204498e-06	-1.393144e-09	-2.819988e+01	-3.392554e+02
6.480000e-06	-5.245258e-06	-1.400337e-09	-2.842073e+01	-3.412894e+02
6.490000e-06	-5.285734e-06	-1.409554e-09	-2.864004e+01	-3.432915e+02
6.500000e-06	-5.325949e-06	-1.418405e-09	-2.885794e+01	-3.452622e+02
6.510000e-06	-5.365907e-06	-1.427181e-09	-2.907445e+01	-3.472021e+02
6.520000e-06	-5.405586e-06	-1.434894e-09	-2.928944e+01	-3.491117e+02
6.530000e-06	-5.444917e-06	-1.440763e-09	-2.950256e+01	-3.509913e+02
6.540000e-06	-5.483822e-06	-1.446658e-09	-2.971335e+01	-3.528412e+02
6.550000e-06	-5.522075e-06	-1.453444e-09	-2.992062e+01	-3.546616e+02
6.560000e-06	-5.559558e-06	-1.459353e-09	-3.012372e+01	-3.564527e+02
6.570000e-06	-5.596409e-06	-1.464529e-09	-3.032339e+01	-3.582147e+02
6.580000e-06	-5.632896e-06	-1.471747e-09	-3.052110e+01	-3.599477e+02
6.590000e-06	-5.669074e-06	-1.480539e-09	-3.071712e+01	-3.616517e+02
6.600000e-06	-5.705013e-06	-1.488426e-09	-3.091185e+01	-3.633269e+02
6.610000e-06	-5.740702e-06	-1.494576e-09	-3.110523e+01	-3.649733e+02
6.620000e-06	-5.776008e-06	-1.499639e-09	-3.129653e+01	-3.665911e+02
6.630000e-06	-5.810942e-06	-1.505002e-09	-3.148581e+01	-3.681804e+02
6.640000e-06	-5.845415e-06	-1.511178e-09	-3.167260e+01	-3.697413e+02
6.650000e-06	-5.879443e-06	-1.517088e-09	-3.185698e+01	-3.712742e+02
6.660000e-06	-5.912993e-06	-1.522885e-09	-3.203876e+01	-3.727792e+02
6.670000e-06	-5.946009e-06	-1.529308e-09	-3.221766e+01	-3.742567e+02
6.680000e-06	-5.978683e-06	-1.535377e-09	-3.239469e+01	-3.757072e+02
6.690000e-06	-6.011049e-06	-1.540581e-09	-3.257006e+01	-3.771310e+02
6.700000e-06	-6.043116e-06	-1.544852e-09	-3.274382e+01	-3.785286e+02
6.710000e-06	-6.074835e-06	-1.548462e-09	-3.291568e+01	-3.799007e+02
6.720000e-06	-6.106103e-06	-1.552509e-09	-3.308510e+01	-3.812479e+02
6.730000e-06	-6.136710e-06	-1.558405e-09	-3.325094e+01	-3.825708e+02
6.740000e-06	-6.166474e-06	-1.564408e-09	-3.341221e+01	-3.838702e+02
6.750000e-06	-6.195593e-06	-1.569950e-09	-3.356999e+01	-3.851469e+02
6.760000e-06	-6.224170e-06	-1.575229e-09	-3.372483e+01	-3.864016e+02
6.770000e-06	-6.252343e-06	-1.579350e-09	-3.387749e+01	-3.876353e+02
6.780000e-06	-6.280373e-06	-1.583825e-09	-3.402936e+01	-3.888486e+02
6.790000e-06	-6.308163e-06	-1.588787e-09	-3.417994e+01	-3.900424e+02
6.800000e-06	-6.335511e-06	-1.593422e-09	-3.432812e+01	-3.912176e+02
6.810000e-06	-6.362325e-06	-1.598172e-09	-3.447341e+01	-3.923749e+02
6.820000e-06	-6.388689e-06	-1.604291e-09	-3.461626e+01	-3.935150e+02
6.830000e-06	-6.414657e-06	-1.610089e-09	-3.475696e+01	-3.946387e+02
6.840000e-06	-6.440120e-06	-1.613940e-09	-3.489493e+01	-3.957466e+02
6.850000e-06	-6.465045e-06	-1.617490e-09	-3.502998e+01	-3.968393e+02
6.860000e-06	-6.489579e-06	-1.620882e-09	-3.516292e+01	-3.979172e+02
6.870000e-06	-6.513832e-06	-1.624352e-09	-3.529433e+01	-3.989807e+02
6.880000e-06	-6.537794e-06	-1.628477e-09	-3.542416e+01	-4.000302e+02
6.890000e-06	-6.561428e-06	-1.632128e-09	-3.555222e+01	-4.010657e+02
6.900000e-06	-6.584542e-06	-1.635307e-09	-3.567746e+01	-4.020875e+02
6.910000e-06	-6.606889e-06	-1.639311e-09	-3.579854e+01	-4.030955e+02
6.920000e-06	-6.628455e-06	-1.644194e-09	-3.591540e+01	-4.040895e+02
6.930000e-06	-6.649384e-06	-1.648677e-09	-3.602880e+01	-4.050694e+02
6.940000e-06	-6.669842e-06	-1.651911e-09	-3.613965e+01	-4.060348e+02
6.950000e-06	-6.690013e-06	-1.654244e-09	-3.624894e+01	-4.069853e+02
6.960000e-06	-6.709742e-06	-1.657095e-09	-3.635584e+01	-4.079203e+02
6.970000e-06	-6.728968e-06	-1.661285e-09	-3.646002e+01	-4.088393e+02
6.980000e-06	-6.747767e-06	-1.665191e-09	-3.656187e+01	-4.097415e+02
6.990000e-06	-6.766078e-06	-1.667169e-09	-3.666109e+01	-4.106263e+02
7.000000e-06	-6.784014e-06	-1.668607e-09	-3.675827e+01	-4.114927e+02
7.010000e-06	-6.801558e-06	-1.671149e-09	-3.685333e+01	-4.123401e+02
7.020000e-06	-6.818608e-06	-1.674095e-09	-3.694572e+01	-4.131676e+02
7.030000e-06	-6.835169e-06	-1.675560e-09	-3.703545e+01	-4.139742e+02
7.040000e-06	-6.851414e-06	-1.675854e-09	-3.712347e+01	-4.147591e+02
7.050000e-06	-6.867412e-06	-1.677978e-09	-3.721015e+01	-4.155215e+02
7.060000e-06	-6.882927e-06	-1.681678e-09	-3.729422e+01	-4.162606e+02
7.070000e-06	-6.897720e-06	-1.684799e-09	-3.737437e+01	-4.169756e+02
7.080000e-06	-6.911615e-06	-1.687264e-09	-3.744966e+01	-4.176658e+02
7.090000e-06	-6.924741e-06	-1.688982e-09	-3.752078e+01	-4.183306e+02
7.100000e-06	-6.937352e-06	-1.690939e-09	-3.758912e+01	-4.189694e+02
7.110000e-06	-6.949509e-06	-1.694298e-09	-3.765499e+01	-4.195818e+02
7.120000e-06	-6.961181e-06	-1.697505e-09	-3.771823e+01	-4.201675e+02
7.130000e-06	-6.972266e-06	-1.699658e-09	-3.777829e+01	-4.207261e+02
7.140000e-06	-6.982773e-06	-1.701089e-09	-3.783522e+01	-4.212576e+02
7.150000e-06	-6.992881e-06	-1.702077e-09	-3.788999e+01	-4.217619e+02
7.160000e-06	-7.002582e-06	-1.703204e-09	-3.794256e+01	-4.222392e+02
7.170000e-06	-7.011797e-06	-1.704361e-09	-3.799248e+01	-4.226897e+02
7.180000e-06	-7.020496e-06	-1.704842e-09	-3.803962e+01	-4.231136e+02
7.190000e-06	-7.028802e-06	-1.704505e-09	-3.808462e+01	-4.235115e+02
7.200000e-06	-7.036821e-06	-1.703274e-09	-3.812807e+01	-4.238838e+02
7.210000e-06	-7.044396e-06	-1.702275e-09	-3.816912e+01	-4.242312e+02
7.220000e-06	-7.051286e-06	-1.702797e-09	-3.820645e+01	-4.245544e+02
7.230000e-06	-7.057522e-06	-1.703186e-09	-3.824024e+01	-4.248542e+02
7.240000e-06	-7.062964e-06	-1.703679e-09	-3.826972e+01	-4.251314e+02
7.250000e-06	-7.067593e-06	-1.704917e-09	-3.829481e+01	-4.253870e+02
7.260000e-06	-7.071825e-06	-1.705457e-09	-3.831774e+01	-4.256218e+02
7.270000e-06	-7.075831e-06	-1.706042e-09	-3.833945e+01	-4.258369e+02
7.280000e-06	-7.079448e-06	-1.706738e-09	-3.835904e+01	-4.260332e+02
7.290000e-06	-7.082510e-06	-1.706324e-09	-3.837563e+01	-4.262116e+02
7.300000e-06	-7.085031e-06	-1.705119e-09	-3.838929e+01	-4.263731e+02
7.310000e-06	-7.087120e-06	-1.704368e-09	-3.840061e+01	-4.265187e+02
7.320000e-06	-7.088836e-06	-1.704475e-09	-3.840991e+01	-4.266491e+02
7.330000e-06	-7.090089e-06	-1.704552e-09	-3.841670e+01	-4.267651e+02
7.340000e-06	-7.090807e-06	-1.704363e-09	-3.842059e+01	-4.268676e+02
