# Temperatura_=_20.0
# Concentracion g/m^3_=_7400.0
# C_Vs_to_Am_M_A/Vsm_=_254322799225.57578
# pendiente_HvsI_1/m_=_3716.3
# ordenada_HvsI_A/m_=_1297.0
# frecuencia_Hz_=_136127.7217734303

Tiempo_(s)	Campo_(V.s)	Magnetizacion_(V.s)	Campo_(kA/m)	Magnetizacion_(A/m)
0.000000e+00	-7.121136e-06	-1.728091e-09	-3.842092e+01	-4.329599e+02
1.000000e-08	-7.121455e-06	-1.728276e-09	-3.842263e+01	-4.330533e+02
2.000000e-08	-7.121366e-06	-1.726819e-09	-3.842216e+01	-4.331294e+02
3.000000e-08	-7.120726e-06	-1.723373e-09	-3.841870e+01	-4.331888e+02
4.000000e-08	-7.119315e-06	-1.720568e-09	-3.841109e+01	-4.332320e+02
5.000000e-08	-7.117131e-06	-1.720621e-09	-3.839931e+01	-4.332593e+02
6.000000e-08	-7.114213e-06	-1.722529e-09	-3.838356e+01	-4.332715e+02
7.000000e-08	-7.110754e-06	-1.729091e-09	-3.836490e+01	-4.332689e+02
8.000000e-08	-7.106948e-06	-1.733561e-09	-3.834436e+01	-4.332522e+02
9.000000e-08	-7.102497e-06	-1.705320e-09	-3.832035e+01	-4.332218e+02
1.000000e-07	-7.097215e-06	-1.666273e-09	-3.829185e+01	-4.331782e+02
1.100000e-07	-7.091349e-06	-1.704534e-09	-3.826020e+01	-4.331218e+02
1.200000e-07	-7.085252e-06	-1.781885e-09	-3.822731e+01	-4.330532e+02
1.300000e-07	-7.078928e-06	-1.749730e-09	-3.819319e+01	-4.329726e+02
1.400000e-07	-7.072042e-06	-1.651851e-09	-3.815604e+01	-4.328803e+02
1.500000e-07	-7.064534e-06	-1.683521e-09	-3.811553e+01	-4.327766e+02
1.600000e-07	-7.056792e-06	-1.789572e-09	-3.807376e+01	-4.326616e+02
1.700000e-07	-7.048848e-06	-1.732470e-09	-3.803090e+01	-4.325354e+02
1.800000e-07	-7.040236e-06	-1.599666e-09	-3.798443e+01	-4.323979e+02
1.900000e-07	-7.030745e-06	-1.665919e-09	-3.793322e+01	-4.322490e+02
2.000000e-07	-7.020836e-06	-1.809101e-09	-3.787976e+01	-4.320887e+02
2.100000e-07	-7.010669e-06	-1.739791e-09	-3.782491e+01	-4.319165e+02
2.200000e-07	-6.999723e-06	-1.606827e-09	-3.776585e+01	-4.317322e+02
2.300000e-07	-6.987911e-06	-1.667429e-09	-3.770212e+01	-4.315354e+02
2.400000e-07	-6.975523e-06	-1.757055e-09	-3.763528e+01	-4.313255e+02
2.500000e-07	-6.962693e-06	-1.683154e-09	-3.756606e+01	-4.311019e+02
2.600000e-07	-6.949193e-06	-1.636639e-09	-3.749323e+01	-4.308642e+02
2.700000e-07	-6.935241e-06	-1.716051e-09	-3.741795e+01	-4.306116e+02
2.800000e-07	-6.920799e-06	-1.724581e-09	-3.734003e+01	-4.303436e+02
2.900000e-07	-6.905504e-06	-1.656050e-09	-3.725751e+01	-4.300593e+02
3.000000e-07	-6.889347e-06	-1.679457e-09	-3.717033e+01	-4.297582e+02
3.100000e-07	-6.872748e-06	-1.708851e-09	-3.708078e+01	-4.294395e+02
3.200000e-07	-6.855903e-06	-1.639022e-09	-3.698989e+01	-4.291027e+02
3.300000e-07	-6.838595e-06	-1.643807e-09	-3.689651e+01	-4.287471e+02
3.400000e-07	-6.820919e-06	-1.735579e-09	-3.680114e+01	-4.283721e+02
3.500000e-07	-6.802672e-06	-1.701519e-09	-3.670269e+01	-4.279774e+02
3.600000e-07	-6.783691e-06	-1.608380e-09	-3.660029e+01	-4.275624e+02
3.700000e-07	-6.764288e-06	-1.658508e-09	-3.649560e+01	-4.271268e+02
3.800000e-07	-6.744603e-06	-1.714599e-09	-3.638939e+01	-4.266704e+02
3.900000e-07	-6.724572e-06	-1.646699e-09	-3.628132e+01	-4.261930e+02
4.000000e-07	-6.704233e-06	-1.624141e-09	-3.617158e+01	-4.256946e+02
4.100000e-07	-6.683452e-06	-1.683943e-09	-3.605946e+01	-4.251753e+02
4.200000e-07	-6.662064e-06	-1.671722e-09	-3.594406e+01	-4.246352e+02
4.300000e-07	-6.640233e-06	-1.631803e-09	-3.582628e+01	-4.240747e+02
4.400000e-07	-6.618005e-06	-1.654355e-09	-3.570635e+01	-4.234939e+02
4.500000e-07	-6.595128e-06	-1.650516e-09	-3.558293e+01	-4.228935e+02
4.600000e-07	-6.571816e-06	-1.616575e-09	-3.545715e+01	-4.222740e+02
4.700000e-07	-6.548248e-06	-1.641823e-09	-3.532999e+01	-4.216360e+02
4.800000e-07	-6.524371e-06	-1.663336e-09	-3.520116e+01	-4.209802e+02
4.900000e-07	-6.500076e-06	-1.623269e-09	-3.507009e+01	-4.203073e+02
5.000000e-07	-6.475159e-06	-1.609966e-09	-3.493565e+01	-4.196182e+02
5.100000e-07	-6.449411e-06	-1.631397e-09	-3.479673e+01	-4.189138e+02
5.200000e-07	-6.422891e-06	-1.621287e-09	-3.465365e+01	-4.181947e+02
5.300000e-07	-6.395860e-06	-1.608573e-09	-3.450781e+01	-4.174619e+02
5.400000e-07	-6.368480e-06	-1.619355e-09	-3.436008e+01	-4.167162e+02
5.500000e-07	-6.340750e-06	-1.615058e-09	-3.421047e+01	-4.159584e+02
5.600000e-07	-6.312678e-06	-1.605364e-09	-3.405901e+01	-4.151891e+02
5.700000e-07	-6.284171e-06	-1.607940e-09	-3.390521e+01	-4.144092e+02
5.800000e-07	-6.255170e-06	-1.599396e-09	-3.374874e+01	-4.136192e+02
5.900000e-07	-6.225726e-06	-1.587329e-09	-3.358987e+01	-4.128195e+02
6.000000e-07	-6.195863e-06	-1.590133e-09	-3.342876e+01	-4.120107e+02
6.100000e-07	-6.165475e-06	-1.589150e-09	-3.326480e+01	-4.111929e+02
6.200000e-07	-6.134551e-06	-1.581498e-09	-3.309796e+01	-4.103664e+02
6.300000e-07	-6.103338e-06	-1.577899e-09	-3.292955e+01	-4.095312e+02
6.400000e-07	-6.071835e-06	-1.567748e-09	-3.275958e+01	-4.086873e+02
6.500000e-07	-6.040022e-06	-1.556921e-09	-3.258794e+01	-4.078343e+02
6.600000e-07	-6.008012e-06	-1.557524e-09	-3.241523e+01	-4.069719e+02
6.700000e-07	-5.975582e-06	-1.555306e-09	-3.224026e+01	-4.060997e+02
6.800000e-07	-5.942476e-06	-1.547674e-09	-3.206165e+01	-4.052170e+02
6.900000e-07	-5.908675e-06	-1.544309e-09	-3.187928e+01	-4.043230e+02
7.000000e-07	-5.874221e-06	-1.537025e-09	-3.169339e+01	-4.034168e+02
7.100000e-07	-5.839265e-06	-1.526411e-09	-3.150479e+01	-4.024976e+02
7.200000e-07	-5.803850e-06	-1.524036e-09	-3.131371e+01	-4.015641e+02
7.300000e-07	-5.768128e-06	-1.522769e-09	-3.112098e+01	-4.006152e+02
7.400000e-07	-5.732179e-06	-1.515927e-09	-3.092703e+01	-3.996497e+02
7.500000e-07	-5.695870e-06	-1.513716e-09	-3.073112e+01	-3.986662e+02
7.600000e-07	-5.659208e-06	-1.514272e-09	-3.053333e+01	-3.976633e+02
7.700000e-07	-5.622152e-06	-1.506983e-09	-3.033339e+01	-3.966397e+02
7.800000e-07	-5.584655e-06	-1.496604e-09	-3.013108e+01	-3.955940e+02
7.900000e-07	-5.546712e-06	-1.490943e-09	-2.992637e+01	-3.945247e+02
8.000000e-07	-5.508263e-06	-1.486890e-09	-2.971892e+01	-3.934305e+02
8.100000e-07	-5.469399e-06	-1.483361e-09	-2.950924e+01	-3.923100e+02
8.200000e-07	-5.430168e-06	-1.479550e-09	-2.929758e+01	-3.911620e+02
8.300000e-07	-5.390701e-06	-1.473138e-09	-2.908464e+01	-3.899851e+02
8.400000e-07	-5.351054e-06	-1.465670e-09	-2.887073e+01	-3.887783e+02
8.500000e-07	-5.311100e-06	-1.459990e-09	-2.865516e+01	-3.875405e+02
8.600000e-07	-5.270569e-06	-1.455470e-09	-2.843648e+01	-3.862707e+02
8.700000e-07	-5.229458e-06	-1.450593e-09	-2.821468e+01	-3.849681e+02
8.800000e-07	-5.188038e-06	-1.444600e-09	-2.799120e+01	-3.836320e+02
8.900000e-07	-5.146209e-06	-1.438375e-09	-2.776552e+01	-3.822618e+02
9.000000e-07	-5.103740e-06	-1.433276e-09	-2.753639e+01	-3.808571e+02
9.100000e-07	-5.060761e-06	-1.427265e-09	-2.730450e+01	-3.794175e+02
9.200000e-07	-5.017444e-06	-1.418964e-09	-2.707079e+01	-3.779428e+02
9.300000e-07	-4.973840e-06	-1.410742e-09	-2.683553e+01	-3.764332e+02
9.400000e-07	-4.929988e-06	-1.405053e-09	-2.659894e+01	-3.748885e+02
9.500000e-07	-4.885823e-06	-1.400563e-09	-2.636065e+01	-3.733091e+02
9.600000e-07	-4.841374e-06	-1.394895e-09	-2.612083e+01	-3.716953e+02
9.700000e-07	-4.796614e-06	-1.387577e-09	-2.587934e+01	-3.700475e+02
9.800000e-07	-4.751528e-06	-1.379971e-09	-2.563608e+01	-3.683664e+02
9.900000e-07	-4.706068e-06	-1.372772e-09	-2.539081e+01	-3.666525e+02
1.000000e-06	-4.660296e-06	-1.366009e-09	-2.514386e+01	-3.649067e+02
1.010000e-06	-4.614187e-06	-1.359198e-09	-2.489508e+01	-3.631296e+02
1.020000e-06	-4.567600e-06	-1.352375e-09	-2.464373e+01	-3.613222e+02
1.030000e-06	-4.520693e-06	-1.346201e-09	-2.439065e+01	-3.594853e+02
1.040000e-06	-4.473554e-06	-1.341197e-09	-2.413632e+01	-3.576198e+02
1.050000e-06	-4.426177e-06	-1.335940e-09	-2.388071e+01	-3.557266e+02
1.060000e-06	-4.378504e-06	-1.328670e-09	-2.362350e+01	-3.538066e+02
1.070000e-06	-4.330483e-06	-1.320592e-09	-2.336440e+01	-3.518607e+02
1.080000e-06	-4.282200e-06	-1.313692e-09	-2.310390e+01	-3.498896e+02
1.090000e-06	-4.233600e-06	-1.307248e-09	-2.284169e+01	-3.478942e+02
1.100000e-06	-4.184534e-06	-1.300154e-09	-2.257696e+01	-3.458751e+02
1.110000e-06	-4.135094e-06	-1.292302e-09	-2.231022e+01	-3.438329e+02
1.120000e-06	-4.085267e-06	-1.283233e-09	-2.204138e+01	-3.417682e+02
1.130000e-06	-4.034999e-06	-1.274005e-09	-2.177017e+01	-3.396814e+02
1.140000e-06	-3.984388e-06	-1.266245e-09	-2.149711e+01	-3.375727e+02
1.150000e-06	-3.933382e-06	-1.259422e-09	-2.122192e+01	-3.354425e+02
1.160000e-06	-3.881954e-06	-1.252212e-09	-2.094444e+01	-3.332909e+02
1.170000e-06	-3.830201e-06	-1.243910e-09	-2.066522e+01	-3.311178e+02
1.180000e-06	-3.778156e-06	-1.234360e-09	-2.038442e+01	-3.289232e+02
1.190000e-06	-3.725741e-06	-1.223818e-09	-2.010162e+01	-3.267067e+02
1.200000e-06	-3.672924e-06	-1.213992e-09	-1.981665e+01	-3.244683e+02
1.210000e-06	-3.619928e-06	-1.205936e-09	-1.953072e+01	-3.222073e+02
1.220000e-06	-3.566870e-06	-1.199295e-09	-1.924446e+01	-3.199235e+02
1.230000e-06	-3.513640e-06	-1.191913e-09	-1.895727e+01	-3.176161e+02
1.240000e-06	-3.460200e-06	-1.182938e-09	-1.866894e+01	-3.152847e+02
1.250000e-06	-3.406416e-06	-1.173642e-09	-1.837876e+01	-3.129285e+02
1.260000e-06	-3.352245e-06	-1.163154e-09	-1.808648e+01	-3.105469e+02
1.270000e-06	-3.297784e-06	-1.152102e-09	-1.779265e+01	-3.081392e+02
1.280000e-06	-3.243141e-06	-1.142190e-09	-1.749783e+01	-3.057046e+02
1.290000e-06	-3.188311e-06	-1.133186e-09	-1.720201e+01	-3.032424e+02
1.300000e-06	-3.133358e-06	-1.123453e-09	-1.690552e+01	-3.007518e+02
1.310000e-06	-3.078279e-06	-1.112516e-09	-1.660835e+01	-2.982323e+02
1.320000e-06	-3.022997e-06	-1.100842e-09	-1.631008e+01	-2.956830e+02
1.330000e-06	-2.967560e-06	-1.088424e-09	-1.601098e+01	-2.931034e+02
1.340000e-06	-2.911946e-06	-1.076019e-09	-1.571092e+01	-2.904929e+02
1.350000e-06	-2.856177e-06	-1.065475e-09	-1.541003e+01	-2.878509e+02
1.360000e-06	-2.800256e-06	-1.056561e-09	-1.510832e+01	-2.851769e+02
1.370000e-06	-2.744222e-06	-1.047444e-09	-1.480600e+01	-2.824703e+02
1.380000e-06	-2.688110e-06	-1.037951e-09	-1.450325e+01	-2.797308e+02
1.390000e-06	-2.631837e-06	-1.027548e-09	-1.419964e+01	-2.769579e+02
1.400000e-06	-2.575176e-06	-1.015940e-09	-1.389393e+01	-2.741511e+02
1.410000e-06	-2.518200e-06	-1.004832e-09	-1.358653e+01	-2.713100e+02
1.420000e-06	-2.461053e-06	-9.945161e-10	-1.327821e+01	-2.684343e+02
1.430000e-06	-2.403630e-06	-9.839271e-10	-1.296839e+01	-2.655233e+02
1.440000e-06	-2.345966e-06	-9.727962e-10	-1.265727e+01	-2.625765e+02
1.450000e-06	-2.288084e-06	-9.615409e-10	-1.234498e+01	-2.595934e+02
1.460000e-06	-2.229846e-06	-9.505156e-10	-1.203077e+01	-2.565732e+02
1.470000e-06	-2.171321e-06	-9.391772e-10	-1.171500e+01	-2.535150e+02
1.480000e-06	-2.112669e-06	-9.278809e-10	-1.139856e+01	-2.504180e+02
1.490000e-06	-2.053808e-06	-9.168239e-10	-1.108098e+01	-2.472809e+02
1.500000e-06	-1.994673e-06	-9.051103e-10	-1.076193e+01	-2.441024e+02
1.510000e-06	-1.935351e-06	-8.928150e-10	-1.044186e+01	-2.408811e+02
1.520000e-06	-1.875888e-06	-8.800443e-10	-1.012104e+01	-2.376152e+02
1.530000e-06	-1.816336e-06	-8.672244e-10	-9.799743e+00	-2.343026e+02
1.540000e-06	-1.756706e-06	-8.544660e-10	-9.478020e+00	-2.309413e+02
1.550000e-06	-1.696996e-06	-8.419372e-10	-9.155861e+00	-2.275288e+02
1.560000e-06	-1.637257e-06	-8.308339e-10	-8.833550e+00	-2.240623e+02
1.570000e-06	-1.577505e-06	-8.196637e-10	-8.511167e+00	-2.205390e+02
1.580000e-06	-1.517750e-06	-8.071201e-10	-8.188769e+00	-2.169557e+02
1.590000e-06	-1.457799e-06	-7.937171e-10	-7.865316e+00	-2.133090e+02
1.600000e-06	-1.397741e-06	-7.796114e-10	-7.541279e+00	-2.095954e+02
1.610000e-06	-1.337649e-06	-7.657157e-10	-7.217066e+00	-2.058110e+02
1.620000e-06	-1.277368e-06	-7.530798e-10	-6.891829e+00	-2.019520e+02
1.630000e-06	-1.217016e-06	-7.407627e-10	-6.566211e+00	-1.980145e+02
1.640000e-06	-1.156644e-06	-7.269771e-10	-6.240483e+00	-1.939942e+02
1.650000e-06	-1.096199e-06	-7.122520e-10	-5.914359e+00	-1.898872e+02
1.660000e-06	-1.035722e-06	-6.971714e-10	-5.588069e+00	-1.856894e+02
1.670000e-06	-9.752112e-07	-6.801799e-10	-5.261591e+00	-1.813968e+02
1.680000e-06	-9.146195e-07	-6.625218e-10	-4.934679e+00	-1.770054e+02
1.690000e-06	-8.540277e-07	-6.466219e-10	-4.607766e+00	-1.725118e+02
1.700000e-06	-7.934229e-07	-6.314399e-10	-4.280782e+00	-1.679124e+02
1.710000e-06	-7.327543e-07	-6.158026e-10	-3.953455e+00	-1.632041e+02
1.720000e-06	-6.720155e-07	-5.998149e-10	-3.625749e+00	-1.583843e+02
1.730000e-06	-6.111821e-07	-5.833291e-10	-3.297532e+00	-1.534505e+02
1.740000e-06	-5.502444e-07	-5.655745e-10	-2.968753e+00	-1.484010e+02
1.750000e-06	-4.891678e-07	-5.463687e-10	-2.639224e+00	-1.432345e+02
1.760000e-06	-4.281107e-07	-5.262538e-10	-2.309800e+00	-1.379502e+02
1.770000e-06	-3.671325e-07	-5.047630e-10	-1.980803e+00	-1.325480e+02
1.780000e-06	-3.061336e-07	-4.825366e-10	-1.651693e+00	-1.270285e+02
1.790000e-06	-2.451418e-07	-4.612367e-10	-1.322622e+00	-1.213929e+02
1.800000e-06	-1.841735e-07	-4.407452e-10	-9.936775e-01	-1.156431e+02
1.810000e-06	-1.231235e-07	-4.195925e-10	-6.642925e-01	-1.097818e+02
1.820000e-06	-6.200843e-08	-3.967394e-10	-3.345562e-01	-1.038122e+02
1.830000e-06	-8.547087e-10	-3.729118e-10	-4.611440e-03	-9.773863e+01
1.840000e-06	6.025723e-08	-3.488146e-10	3.251079e-01	-9.156573e+01
1.850000e-06	1.213404e-07	-3.250157e-10	6.546723e-01	-8.529900e+01
1.860000e-06	1.824560e-07	-3.015638e-10	9.844113e-01	-7.894457e+01
1.870000e-06	2.435789e-07	-2.761053e-10	1.314190e+00	-7.250917e+01
1.880000e-06	3.047607e-07	-2.486998e-10	1.644286e+00	-6.600010e+01
1.890000e-06	3.658867e-07	-2.221953e-10	1.974082e+00	-5.942517e+01
1.900000e-06	4.269450e-07	-1.969234e-10	2.303511e+00	-5.279263e+01
1.910000e-06	4.878898e-07	-1.725592e-10	2.632329e+00	-4.611111e+01
1.920000e-06	5.487940e-07	-1.483137e-10	2.960928e+00	-3.938954e+01
1.930000e-06	6.097716e-07	-1.219596e-10	3.289922e+00	-3.263709e+01
1.940000e-06	6.706653e-07	-9.325909e-11	3.618464e+00	-2.586305e+01
1.950000e-06	7.314285e-07	-6.387460e-11	3.946302e+00	-1.907679e+01
1.960000e-06	7.921508e-07	-3.519541e-11	4.273919e+00	-1.228763e+01
1.970000e-06	8.528629e-07	-7.502211e-12	4.601481e+00	-5.504812e+00
1.980000e-06	9.135163e-07	2.000867e-11	4.928726e+00	1.262643e+00
1.990000e-06	9.741324e-07	4.768352e-11	5.255771e+00	8.005971e+00
2.000000e-06	1.034679e-06	7.451326e-11	5.582442e+00	1.471676e+01
2.010000e-06	1.095096e-06	1.000292e-10	5.908410e+00	2.138703e+01
2.020000e-06	1.155418e-06	1.254745e-10	6.233868e+00	2.800926e+01
2.030000e-06	1.215706e-06	1.513689e-10	6.559138e+00	3.457650e+01
2.040000e-06	1.275982e-06	1.760826e-10	6.884352e+00	4.108237e+01
2.050000e-06	1.336156e-06	1.994709e-10	7.209007e+00	4.752116e+01
2.060000e-06	1.396216e-06	2.226534e-10	7.533053e+00	5.388779e+01
2.070000e-06	1.456204e-06	2.464572e-10	7.856710e+00	6.017790e+01
2.080000e-06	1.516044e-06	2.710587e-10	8.179565e+00	6.638784e+01
2.090000e-06	1.575772e-06	2.949366e-10	8.501818e+00	7.251465e+01
2.100000e-06	1.635444e-06	3.180830e-10	8.823768e+00	7.855610e+01
2.110000e-06	1.694982e-06	3.395273e-10	9.144996e+00	8.451064e+01
2.120000e-06	1.754446e-06	3.598308e-10	9.465822e+00	9.037740e+01
2.130000e-06	1.813894e-06	3.820707e-10	9.786567e+00	9.615615e+01
2.140000e-06	1.873232e-06	4.047357e-10	1.010671e+01	1.018472e+02
2.150000e-06	1.932501e-06	4.255031e-10	1.042649e+01	1.074516e+02
2.160000e-06	1.991656e-06	4.447385e-10	1.074565e+01	1.129707e+02
2.170000e-06	2.050665e-06	4.635290e-10	1.106402e+01	1.184063e+02
2.180000e-06	2.109549e-06	4.827025e-10	1.138172e+01	1.237607e+02
2.190000e-06	2.168270e-06	5.024402e-10	1.169854e+01	1.290365e+02
2.200000e-06	2.226810e-06	5.215645e-10	1.201439e+01	1.342364e+02
2.210000e-06	2.285031e-06	5.387103e-10	1.232851e+01	1.393636e+02
2.220000e-06	2.342920e-06	5.557847e-10	1.264084e+01	1.444210e+02
2.230000e-06	2.400471e-06	5.744568e-10	1.295134e+01	1.494119e+02
2.240000e-06	2.457766e-06	5.933624e-10	1.326047e+01	1.543395e+02
2.250000e-06	2.514749e-06	6.115904e-10	1.356792e+01	1.592067e+02
2.260000e-06	2.571338e-06	6.289004e-10	1.387323e+01	1.640167e+02
2.270000e-06	2.627733e-06	6.452648e-10	1.417750e+01	1.687721e+02
2.280000e-06	2.684092e-06	6.616990e-10	1.448158e+01	1.734756e+02
2.290000e-06	2.740271e-06	6.784509e-10	1.478468e+01	1.781295e+02
2.300000e-06	2.796162e-06	6.950344e-10	1.508623e+01	1.827358e+02
2.310000e-06	2.851843e-06	7.108284e-10	1.538665e+01	1.872962e+02
2.320000e-06	2.907367e-06	7.257583e-10	1.568622e+01	1.918121e+02
2.330000e-06	2.962815e-06	7.411517e-10	1.598538e+01	1.962846e+02
2.340000e-06	3.018135e-06	7.575104e-10	1.628385e+01	2.007144e+02
2.350000e-06	3.073306e-06	7.738580e-10	1.658152e+01	2.051018e+02
2.360000e-06	3.128299e-06	7.892174e-10	1.687822e+01	2.094469e+02
2.370000e-06	3.183046e-06	8.039740e-10	1.717360e+01	2.137494e+02
2.380000e-06	3.237507e-06	8.192073e-10	1.746743e+01	2.180087e+02
2.390000e-06	3.291751e-06	8.351412e-10	1.776010e+01	2.222242e+02
2.400000e-06	3.345882e-06	8.504472e-10	1.805215e+01	2.263946e+02
2.410000e-06	3.399758e-06	8.646948e-10	1.834283e+01	2.305187e+02
2.420000e-06	3.453308e-06	8.793251e-10	1.863175e+01	2.345951e+02
2.430000e-06	3.506751e-06	8.944118e-10	1.892009e+01	2.386223e+02
2.440000e-06	3.560007e-06	9.103500e-10	1.920743e+01	2.425987e+02
2.450000e-06	3.612890e-06	9.265010e-10	1.949275e+01	2.465225e+02
2.460000e-06	3.665502e-06	9.407554e-10	1.977661e+01	2.503921e+02
2.470000e-06	3.717777e-06	9.543398e-10	2.005865e+01	2.542057e+02
2.480000e-06	3.769770e-06	9.687984e-10	2.033917e+01	2.579619e+02
2.490000e-06	3.821636e-06	9.834201e-10	2.061901e+01	2.616590e+02
2.500000e-06	3.873163e-06	9.971437e-10	2.089701e+01	2.652958e+02
2.510000e-06	3.924323e-06	1.010370e-09	2.117304e+01	2.688709e+02
2.520000e-06	3.975129e-06	1.023520e-09	2.144715e+01	2.723832e+02
2.530000e-06	4.025517e-06	1.035858e-09	2.171901e+01	2.758319e+02
2.540000e-06	4.075390e-06	1.048336e-09	2.198809e+01	2.792163e+02
2.550000e-06	4.124781e-06	1.061751e-09	2.225458e+01	2.825359e+02
2.560000e-06	4.173940e-06	1.075179e-09	2.251980e+01	2.857905e+02
2.570000e-06	4.222707e-06	1.088196e-09	2.278292e+01	2.889799e+02
2.580000e-06	4.270929e-06	1.100197e-09	2.304309e+01	2.921043e+02
2.590000e-06	4.318772e-06	1.111300e-09	2.330122e+01	2.951641e+02
2.600000e-06	4.366395e-06	1.122233e-09	2.355816e+01	2.981599e+02
2.610000e-06	4.413804e-06	1.132109e-09	2.381395e+01	3.010923e+02
2.620000e-06	4.460886e-06	1.141428e-09	2.406797e+01	3.039623e+02
2.630000e-06	4.507711e-06	1.152453e-09	2.432061e+01	3.067710e+02
2.640000e-06	4.554325e-06	1.165174e-09	2.457211e+01	3.095195e+02
2.650000e-06	4.600625e-06	1.177911e-09	2.482192e+01	3.122091e+02
2.660000e-06	4.646547e-06	1.189176e-09	2.506968e+01	3.148413e+02
2.670000e-06	4.692111e-06	1.198217e-09	2.531551e+01	3.174175e+02
2.680000e-06	4.737317e-06	1.205835e-09	2.555941e+01	3.199393e+02
2.690000e-06	4.782191e-06	1.214091e-09	2.580152e+01	3.224082e+02
2.700000e-06	4.826749e-06	1.222869e-09	2.604193e+01	3.248259e+02
2.710000e-06	4.870943e-06	1.231246e-09	2.628037e+01	3.271938e+02
2.720000e-06	4.914873e-06	1.240653e-09	2.651739e+01	3.295138e+02
2.730000e-06	4.958644e-06	1.250927e-09	2.675354e+01	3.317872e+02
2.740000e-06	5.002239e-06	1.259968e-09	2.698875e+01	3.340157e+02
2.750000e-06	5.045560e-06	1.267674e-09	2.722248e+01	3.362007e+02
2.760000e-06	5.088508e-06	1.275008e-09	2.745421e+01	3.383438e+02
2.770000e-06	5.131063e-06	1.282699e-09	2.768380e+01	3.404463e+02
2.780000e-06	5.173233e-06	1.290779e-09	2.791132e+01	3.425096e+02
2.790000e-06	5.214760e-06	1.298788e-09	2.813537e+01	3.445351e+02
2.800000e-06	5.255489e-06	1.306403e-09	2.835512e+01	3.465239e+02
2.810000e-06	5.295678e-06	1.313163e-09	2.857196e+01	3.484772e+02
2.820000e-06	5.335527e-06	1.319305e-09	2.878696e+01	3.503964e+02
2.830000e-06	5.375133e-06	1.325728e-09	2.900064e+01	3.522823e+02
2.840000e-06	5.414483e-06	1.332992e-09	2.921295e+01	3.541362e+02
2.850000e-06	5.453564e-06	1.340308e-09	2.942381e+01	3.559591e+02
2.860000e-06	5.492315e-06	1.347149e-09	2.963288e+01	3.577519e+02
2.870000e-06	5.530688e-06	1.354174e-09	2.983991e+01	3.595157e+02
2.880000e-06	5.568623e-06	1.360988e-09	3.004459e+01	3.612513e+02
2.890000e-06	5.606037e-06	1.367339e-09	3.024645e+01	3.629598e+02
2.900000e-06	5.643038e-06	1.374463e-09	3.044608e+01	3.646420e+02
2.910000e-06	5.679706e-06	1.382086e-09	3.064392e+01	3.662988e+02
2.920000e-06	5.716048e-06	1.389648e-09	3.083999e+01	3.679311e+02
2.930000e-06	5.752070e-06	1.396719e-09	3.103434e+01	3.695397e+02
2.940000e-06	5.787783e-06	1.403375e-09	3.122703e+01	3.711255e+02
2.950000e-06	5.823268e-06	1.409503e-09	3.141848e+01	3.726892e+02
2.960000e-06	5.858467e-06	1.414595e-09	3.160839e+01	3.742317e+02
2.970000e-06	5.893128e-06	1.419947e-09	3.179540e+01	3.757536e+02
2.980000e-06	5.927206e-06	1.426470e-09	3.197926e+01	3.772557e+02
2.990000e-06	5.960596e-06	1.433266e-09	3.215941e+01	3.787386e+02
3.000000e-06	5.993248e-06	1.439873e-09	3.233558e+01	3.802029e+02
3.010000e-06	6.025387e-06	1.445882e-09	3.250898e+01	3.816492e+02
3.020000e-06	6.057148e-06	1.450580e-09	3.268034e+01	3.830779e+02
3.030000e-06	6.088596e-06	1.454116e-09	3.285001e+01	3.844895e+02
3.040000e-06	6.119775e-06	1.457741e-09	3.301824e+01	3.858843e+02
3.050000e-06	6.150621e-06	1.462710e-09	3.318466e+01	3.872625e+02
3.060000e-06	6.180956e-06	1.468543e-09	3.334833e+01	3.886245e+02
3.070000e-06	6.210861e-06	1.474795e-09	3.350968e+01	3.899702e+02
3.080000e-06	6.240463e-06	1.481957e-09	3.366939e+01	3.912997e+02
3.090000e-06	6.269618e-06	1.489263e-09	3.382669e+01	3.926130e+02
3.100000e-06	6.298303e-06	1.494863e-09	3.398146e+01	3.939099e+02
3.110000e-06	6.326580e-06	1.499164e-09	3.413402e+01	3.951903e+02
3.120000e-06	6.354413e-06	1.504220e-09	3.428419e+01	3.964539e+02
3.130000e-06	6.381955e-06	1.509825e-09	3.443279e+01	3.977002e+02
3.140000e-06	6.409185e-06	1.514270e-09	3.457970e+01	3.989291e+02
3.150000e-06	6.436009e-06	1.518066e-09	3.472442e+01	4.001399e+02
3.160000e-06	6.462307e-06	1.522832e-09	3.486631e+01	4.013322e+02
3.170000e-06	6.487800e-06	1.528632e-09	3.500385e+01	4.025056e+02
3.180000e-06	6.512424e-06	1.534190e-09	3.513671e+01	4.036594e+02
3.190000e-06	6.536449e-06	1.539383e-09	3.526633e+01	4.047932e+02
3.200000e-06	6.560213e-06	1.544530e-09	3.539455e+01	4.059064e+02
3.210000e-06	6.583668e-06	1.548314e-09	3.552109e+01	4.069985e+02
3.220000e-06	6.606637e-06	1.551497e-09	3.564502e+01	4.080690e+02
3.230000e-06	6.629139e-06	1.555516e-09	3.576642e+01	4.091173e+02
3.240000e-06	6.651260e-06	1.559470e-09	3.588578e+01	4.101432e+02
3.250000e-06	6.672919e-06	1.564115e-09	3.600263e+01	4.111461e+02
3.260000e-06	6.694007e-06	1.570298e-09	3.611641e+01	4.121257e+02
3.270000e-06	6.714567e-06	1.576919e-09	3.622734e+01	4.130819e+02
3.280000e-06	6.734660e-06	1.583470e-09	3.633575e+01	4.140142e+02
3.290000e-06	6.754426e-06	1.588552e-09	3.644239e+01	4.149227e+02
3.300000e-06	6.773886e-06	1.591129e-09	3.654738e+01	4.158072e+02
3.310000e-06	6.792872e-06	1.593617e-09	3.664982e+01	4.166676e+02
3.320000e-06	6.811346e-06	1.598064e-09	3.674949e+01	4.175040e+02
3.330000e-06	6.829387e-06	1.603075e-09	3.684683e+01	4.183166e+02
3.340000e-06	6.846988e-06	1.608282e-09	3.694179e+01	4.191054e+02
3.350000e-06	6.864040e-06	1.613330e-09	3.703379e+01	4.198706e+02
3.360000e-06	6.880613e-06	1.616688e-09	3.712321e+01	4.206126e+02
3.370000e-06	6.896846e-06	1.618835e-09	3.721079e+01	4.213314e+02
3.380000e-06	6.912516e-06	1.620908e-09	3.729534e+01	4.220275e+02
3.390000e-06	6.927433e-06	1.624015e-09	3.737582e+01	4.227012e+02
3.400000e-06	6.941718e-06	1.628207e-09	3.745289e+01	4.233527e+02
3.410000e-06	6.955592e-06	1.632997e-09	3.752775e+01	4.239824e+02
3.420000e-06	6.968944e-06	1.637207e-09	3.759978e+01	4.245907e+02
3.430000e-06	6.981735e-06	1.639950e-09	3.766880e+01	4.251777e+02
3.440000e-06	6.994149e-06	1.641900e-09	3.773578e+01	4.257439e+02
3.450000e-06	7.006100e-06	1.643717e-09	3.780026e+01	4.262894e+02
3.460000e-06	7.017527e-06	1.646492e-09	3.786191e+01	4.268145e+02
3.470000e-06	7.028350e-06	1.649808e-09	3.792030e+01	4.273195e+02
3.480000e-06	7.038248e-06	1.652934e-09	3.797370e+01	4.278044e+02
3.490000e-06	7.047216e-06	1.655600e-09	3.802209e+01	4.282695e+02
3.500000e-06	7.055625e-06	1.657417e-09	3.806746e+01	4.287148e+02
3.510000e-06	7.063642e-06	1.659047e-09	3.811072e+01	4.291404e+02
3.520000e-06	7.071308e-06	1.660278e-09	3.815208e+01	4.295464e+02
3.530000e-06	7.078584e-06	1.661559e-09	3.819133e+01	4.299328e+02
3.540000e-06	7.085447e-06	1.663390e-09	3.822836e+01	4.302996e+02
3.550000e-06	7.091790e-06	1.665431e-09	3.826258e+01	4.306468e+02
3.560000e-06	7.097600e-06	1.667986e-09	3.829393e+01	4.309744e+02
3.570000e-06	7.102920e-06	1.671368e-09	3.832263e+01	4.312824e+02
3.580000e-06	7.107630e-06	1.675432e-09	3.834805e+01	4.315709e+02
3.590000e-06	7.111789e-06	1.677833e-09	3.837048e+01	4.318398e+02
3.600000e-06	7.115615e-06	1.678191e-09	3.839113e+01	4.320892e+02
3.610000e-06	7.119161e-06	1.678823e-09	3.841026e+01	4.323191e+02
3.620000e-06	7.122256e-06	1.680760e-09	3.842695e+01	4.325298e+02
3.630000e-06	7.124825e-06	1.683028e-09	3.844081e+01	4.327212e+02
3.640000e-06	7.126819e-06	1.684372e-09	3.845158e+01	4.328937e+02
3.650000e-06	7.128016e-06	1.685586e-09	3.845803e+01	4.330474e+02
3.660000e-06	7.128380e-06	1.687352e-09	3.846000e+01	4.331826e+02
3.670000e-06	7.128229e-06	1.688729e-09	3.845918e+01	4.332997e+02
3.680000e-06	7.127848e-06	1.689225e-09	3.845712e+01	4.333990e+02
3.690000e-06	7.127198e-06	1.689433e-09	3.845362e+01	4.334810e+02
3.700000e-06	7.125949e-06	1.690302e-09	3.844688e+01	4.335460e+02
3.710000e-06	7.123984e-06	1.693180e-09	3.843628e+01	4.335946e+02
3.720000e-06	7.121632e-06	1.695407e-09	3.842359e+01	4.336273e+02
3.730000e-06	7.118959e-06	1.691200e-09	3.840917e+01	4.336445e+02
3.740000e-06	7.115836e-06	1.677599e-09	3.839232e+01	4.336469e+02
3.750000e-06	7.112321e-06	1.684363e-09	3.837335e+01	4.336349e+02
3.760000e-06	7.108324e-06	1.746394e-09	3.835179e+01	4.336091e+02
3.770000e-06	7.103395e-06	1.769851e-09	3.832519e+01	4.335700e+02
3.780000e-06	7.097548e-06	1.662174e-09	3.829365e+01	4.335179e+02
3.790000e-06	7.091391e-06	1.606065e-09	3.826043e+01	4.334535e+02
3.800000e-06	7.085153e-06	1.710568e-09	3.822678e+01	4.333769e+02
3.810000e-06	7.078505e-06	1.785261e-09	3.819090e+01	4.332886e+02
3.820000e-06	7.071088e-06	1.673978e-09	3.815089e+01	4.331888e+02
3.830000e-06	7.062984e-06	1.597445e-09	3.810716e+01	4.330776e+02
3.840000e-06	7.054577e-06	1.750243e-09	3.806181e+01	4.329552e+02
3.850000e-06	7.045826e-06	1.841187e-09	3.801459e+01	4.328216e+02
3.860000e-06	7.036453e-06	1.658465e-09	3.796402e+01	4.326766e+02
3.870000e-06	7.026579e-06	1.545149e-09	3.791074e+01	4.325202e+02
3.880000e-06	7.016419e-06	1.731876e-09	3.785593e+01	4.323521e+02
3.890000e-06	7.005792e-06	1.834399e-09	3.779859e+01	4.321720e+02
3.900000e-06	6.994444e-06	1.657592e-09	3.773737e+01	4.319795e+02
3.910000e-06	6.982559e-06	1.600526e-09	3.767325e+01	4.317741e+02
3.920000e-06	6.970168e-06	1.782723e-09	3.760639e+01	4.315553e+02
3.930000e-06	6.957177e-06	1.783098e-09	3.753630e+01	4.313225e+02
3.940000e-06	6.943368e-06	1.600862e-09	3.746180e+01	4.310750e+02
3.950000e-06	6.928808e-06	1.642040e-09	3.738324e+01	4.308123e+02
3.960000e-06	6.913699e-06	1.797311e-09	3.730172e+01	4.305336e+02
3.970000e-06	6.898053e-06	1.715221e-09	3.721730e+01	4.302383e+02
3.980000e-06	6.881971e-06	1.619627e-09	3.713054e+01	4.299256e+02
3.990000e-06	6.865492e-06	1.739571e-09	3.704163e+01	4.295950e+02
4.000000e-06	6.848435e-06	1.754927e-09	3.694960e+01	4.292458e+02
4.010000e-06	6.830838e-06	1.604980e-09	3.685466e+01	4.288775e+02
4.020000e-06	6.812861e-06	1.646173e-09	3.675766e+01	4.284895e+02
4.030000e-06	6.794510e-06	1.783439e-09	3.665866e+01	4.280813e+02
4.040000e-06	6.775697e-06	1.699460e-09	3.655716e+01	4.276527e+02
4.050000e-06	6.756322e-06	1.612655e-09	3.645262e+01	4.272034e+02
4.060000e-06	6.736478e-06	1.721282e-09	3.634555e+01	4.267331e+02
4.070000e-06	6.716299e-06	1.737428e-09	3.623668e+01	4.262419e+02
4.080000e-06	6.695867e-06	1.626858e-09	3.612645e+01	4.257296e+02
4.090000e-06	6.675026e-06	1.661849e-09	3.601400e+01	4.251965e+02
4.100000e-06	6.653601e-06	1.734083e-09	3.589840e+01	4.246428e+02
4.110000e-06	6.631260e-06	1.671204e-09	3.577787e+01	4.240689e+02
4.120000e-06	6.608021e-06	1.654220e-09	3.565248e+01	4.234751e+02
4.130000e-06	6.584250e-06	1.713622e-09	3.552423e+01	4.228619e+02
4.140000e-06	6.560155e-06	1.675959e-09	3.539423e+01	4.222301e+02
4.150000e-06	6.535814e-06	1.630908e-09	3.526290e+01	4.215802e+02
4.160000e-06	6.511055e-06	1.680112e-09	3.512932e+01	4.209131e+02
4.170000e-06	6.485719e-06	1.688956e-09	3.499263e+01	4.202294e+02
4.180000e-06	6.459998e-06	1.653106e-09	3.485385e+01	4.195301e+02
4.190000e-06	6.433956e-06	1.668908e-09	3.471335e+01	4.188159e+02
4.200000e-06	6.407417e-06	1.671812e-09	3.457016e+01	4.180877e+02
4.210000e-06	6.380353e-06	1.643328e-09	3.442414e+01	4.173463e+02
4.220000e-06	6.352770e-06	1.655072e-09	3.427532e+01	4.165925e+02
4.230000e-06	6.324796e-06	1.665217e-09	3.412439e+01	4.158271e+02
4.240000e-06	6.296554e-06	1.646607e-09	3.397202e+01	4.150508e+02
4.250000e-06	6.267935e-06	1.652286e-09	3.381761e+01	4.142641e+02
4.260000e-06	6.238900e-06	1.659866e-09	3.366096e+01	4.134677e+02
4.270000e-06	6.209315e-06	1.644837e-09	3.350133e+01	4.126620e+02
4.280000e-06	6.178925e-06	1.644770e-09	3.333737e+01	4.118473e+02
4.290000e-06	6.147781e-06	1.644705e-09	3.316934e+01	4.110238e+02
4.300000e-06	6.116142e-06	1.632392e-09	3.299864e+01	4.101916e+02
4.310000e-06	6.084237e-06	1.641984e-09	3.282650e+01	4.093507e+02
4.320000e-06	6.052131e-06	1.650138e-09	3.265328e+01	4.085008e+02
4.330000e-06	6.019568e-06	1.633064e-09	3.247759e+01	4.076417e+02
4.340000e-06	5.986411e-06	1.628321e-09	3.229869e+01	4.067730e+02
4.350000e-06	5.952752e-06	1.631897e-09	3.211709e+01	4.058939e+02
4.360000e-06	5.918739e-06	1.621387e-09	3.193358e+01	4.050039e+02
4.370000e-06	5.884476e-06	1.622186e-09	3.174872e+01	4.041020e+02
4.380000e-06	5.849907e-06	1.629359e-09	3.156221e+01	4.031873e+02
4.390000e-06	5.814894e-06	1.617703e-09	3.137330e+01	4.022588e+02
4.400000e-06	5.779360e-06	1.611493e-09	3.118158e+01	4.013153e+02
4.410000e-06	5.743529e-06	1.618462e-09	3.098826e+01	4.003555e+02
4.420000e-06	5.707424e-06	1.612450e-09	3.079346e+01	3.993783e+02
4.430000e-06	5.670974e-06	1.602678e-09	3.059680e+01	3.983821e+02
4.440000e-06	5.634180e-06	1.604387e-09	3.039829e+01	3.973657e+02
4.450000e-06	5.596940e-06	1.605682e-09	3.019736e+01	3.963276e+02
4.460000e-06	5.559154e-06	1.601990e-09	2.999350e+01	3.952664e+02
4.470000e-06	5.520656e-06	1.598939e-09	2.978579e+01	3.941808e+02
4.480000e-06	5.481491e-06	1.592986e-09	2.957448e+01	3.930693e+02
4.490000e-06	5.441753e-06	1.585649e-09	2.936008e+01	3.919307e+02
4.500000e-06	5.401694e-06	1.583304e-09	2.914395e+01	3.907637e+02
4.510000e-06	5.361407e-06	1.582651e-09	2.892659e+01	3.895671e+02
4.520000e-06	5.320677e-06	1.578368e-09	2.870683e+01	3.883398e+02
4.530000e-06	5.279652e-06	1.570284e-09	2.848549e+01	3.870808e+02
4.540000e-06	5.238370e-06	1.563335e-09	2.826276e+01	3.857894e+02
4.550000e-06	5.196725e-06	1.561713e-09	2.803807e+01	3.844646e+02
4.560000e-06	5.154715e-06	1.559917e-09	2.781141e+01	3.831059e+02
4.570000e-06	5.112360e-06	1.553789e-09	2.758289e+01	3.817128e+02
4.580000e-06	5.069661e-06	1.548323e-09	2.735252e+01	3.802850e+02
4.590000e-06	5.026611e-06	1.546757e-09	2.712025e+01	3.788221e+02
4.600000e-06	4.983171e-06	1.544708e-09	2.688587e+01	3.773242e+02
4.610000e-06	4.939345e-06	1.538715e-09	2.664942e+01	3.757913e+02
4.620000e-06	4.895280e-06	1.530159e-09	2.641168e+01	3.742235e+02
4.630000e-06	4.851044e-06	1.521255e-09	2.617300e+01	3.726212e+02
4.640000e-06	4.806598e-06	1.514653e-09	2.593320e+01	3.709848e+02
4.650000e-06	4.761794e-06	1.509836e-09	2.569147e+01	3.693149e+02
4.660000e-06	4.716630e-06	1.503906e-09	2.544780e+01	3.676119e+02
4.670000e-06	4.671126e-06	1.495377e-09	2.520229e+01	3.658768e+02
4.680000e-06	4.625279e-06	1.485809e-09	2.495493e+01	3.641101e+02
4.690000e-06	4.579126e-06	1.478772e-09	2.470592e+01	3.623128e+02
4.700000e-06	4.532524e-06	1.474540e-09	2.445448e+01	3.604857e+02
4.710000e-06	4.485612e-06	1.469393e-09	2.420138e+01	3.586298e+02
4.720000e-06	4.438472e-06	1.461789e-09	2.394704e+01	3.567458e+02
4.730000e-06	4.391085e-06	1.453484e-09	2.369137e+01	3.548348e+02
4.740000e-06	4.343502e-06	1.446432e-09	2.343465e+01	3.528975e+02
4.750000e-06	4.295375e-06	1.439929e-09	2.317498e+01	3.509348e+02
4.760000e-06	4.246603e-06	1.431971e-09	2.291185e+01	3.489475e+02
4.770000e-06	4.197582e-06	1.422869e-09	2.264736e+01	3.469363e+02
4.780000e-06	4.148359e-06	1.414514e-09	2.238179e+01	3.449019e+02
4.790000e-06	4.098731e-06	1.407361e-09	2.211403e+01	3.428447e+02
4.800000e-06	4.048775e-06	1.399952e-09	2.184450e+01	3.407653e+02
4.810000e-06	3.998519e-06	1.390720e-09	2.157335e+01	3.386640e+02
4.820000e-06	3.947860e-06	1.380099e-09	2.130003e+01	3.365411e+02
4.830000e-06	3.896914e-06	1.369821e-09	2.102515e+01	3.343967e+02
4.840000e-06	3.845771e-06	1.361141e-09	2.074922e+01	3.322309e+02
4.850000e-06	3.794361e-06	1.353563e-09	2.047185e+01	3.300435e+02
4.860000e-06	3.742707e-06	1.344702e-09	2.019316e+01	3.278345e+02
4.870000e-06	3.690846e-06	1.333860e-09	1.991335e+01	3.256035e+02
4.880000e-06	3.638710e-06	1.323232e-09	1.963206e+01	3.233502e+02
4.890000e-06	3.586277e-06	1.313734e-09	1.934916e+01	3.210741e+02
4.900000e-06	3.533573e-06	1.304037e-09	1.906481e+01	3.187748e+02
4.910000e-06	3.480671e-06	1.294638e-09	1.877939e+01	3.164515e+02
4.920000e-06	3.427375e-06	1.286634e-09	1.849184e+01	3.141038e+02
4.930000e-06	3.373499e-06	1.279039e-09	1.820116e+01	3.117308e+02
4.940000e-06	3.319191e-06	1.270493e-09	1.790815e+01	3.093320e+02
4.950000e-06	3.264689e-06	1.260646e-09	1.761409e+01	3.069065e+02
4.960000e-06	3.209978e-06	1.249453e-09	1.731891e+01	3.044537e+02
4.970000e-06	3.154775e-06	1.237850e-09	1.702107e+01	3.019728e+02
4.980000e-06	3.099159e-06	1.227540e-09	1.672100e+01	2.994631e+02
4.990000e-06	3.043319e-06	1.218794e-09	1.641972e+01	2.969239e+02
5.000000e-06	2.987315e-06	1.210089e-09	1.611756e+01	2.943546e+02
5.010000e-06	2.931189e-06	1.199424e-09	1.581474e+01	2.917545e+02
5.020000e-06	2.874911e-06	1.187321e-09	1.551111e+01	2.891232e+02
5.030000e-06	2.818422e-06	1.176103e-09	1.520633e+01	2.864600e+02
5.040000e-06	2.761834e-06	1.165579e-09	1.490102e+01	2.837644e+02
5.050000e-06	2.705128e-06	1.154125e-09	1.459507e+01	2.810360e+02
5.060000e-06	2.648293e-06	1.141788e-09	1.428843e+01	2.782744e+02
5.070000e-06	2.591361e-06	1.130126e-09	1.398126e+01	2.754790e+02
5.080000e-06	2.534264e-06	1.119478e-09	1.367320e+01	2.726495e+02
5.090000e-06	2.476935e-06	1.109143e-09	1.336389e+01	2.697855e+02
5.100000e-06	2.419367e-06	1.098246e-09	1.305330e+01	2.668864e+02
5.110000e-06	2.361676e-06	1.085781e-09	1.274203e+01	2.639517e+02
5.120000e-06	2.303751e-06	1.072536e-09	1.242951e+01	2.609809e+02
5.130000e-06	2.245671e-06	1.060019e-09	1.211615e+01	2.579732e+02
5.140000e-06	2.187465e-06	1.048100e-09	1.180210e+01	2.549279e+02
5.150000e-06	2.128982e-06	1.035705e-09	1.148657e+01	2.518441e+02
5.160000e-06	2.070294e-06	1.022908e-09	1.116993e+01	2.487206e+02
5.170000e-06	2.011516e-06	1.010647e-09	1.085280e+01	2.455562e+02
5.180000e-06	1.952685e-06	9.992636e-10	1.053539e+01	2.423494e+02
5.190000e-06	1.893733e-06	9.871664e-10	1.021733e+01	2.390986e+02
5.200000e-06	1.834558e-06	9.731107e-10	9.898054e+00	2.358019e+02
5.210000e-06	1.775267e-06	9.586664e-10	9.578159e+00	2.324572e+02
5.220000e-06	1.715898e-06	9.439885e-10	9.257846e+00	2.290622e+02
5.230000e-06	1.656412e-06	9.275834e-10	8.936898e+00	2.256141e+02
5.240000e-06	1.596793e-06	9.108384e-10	8.615234e+00	2.221102e+02
5.250000e-06	1.536980e-06	8.962622e-10	8.292522e+00	2.185473e+02
5.260000e-06	1.477048e-06	8.839881e-10	7.969167e+00	2.149222e+02
5.270000e-06	1.417105e-06	8.718070e-10	7.645757e+00	2.112314e+02
5.280000e-06	1.357125e-06	8.575838e-10	7.322144e+00	2.074712e+02
5.290000e-06	1.297032e-06	8.404118e-10	6.997922e+00	2.036376e+02
5.300000e-06	1.236801e-06	8.212213e-10	6.672956e+00	1.997268e+02
5.310000e-06	1.176488e-06	8.018072e-10	6.347548e+00	1.957347e+02
5.320000e-06	1.116231e-06	7.827946e-10	6.022438e+00	1.916571e+02
5.330000e-06	1.055970e-06	7.638384e-10	5.697310e+00	1.874901e+02
5.340000e-06	9.956362e-07	7.459263e-10	5.371791e+00	1.832296e+02
5.350000e-06	9.352270e-07	7.299221e-10	5.045863e+00	1.788717e+02
5.360000e-06	8.748219e-07	7.137057e-10	4.719957e+00	1.744127e+02
5.370000e-06	8.144199e-07	6.956161e-10	4.394068e+00	1.698490e+02
5.380000e-06	7.538570e-07	6.756877e-10	4.067311e+00	1.651774e+02
5.390000e-06	6.931833e-07	6.545191e-10	3.739956e+00	1.603951e+02
5.400000e-06	6.325119e-07	6.327085e-10	3.412613e+00	1.554997e+02
5.410000e-06	5.719429e-07	6.107548e-10	3.085824e+00	1.504891e+02
5.420000e-06	5.113724e-07	5.897404e-10	2.759025e+00	1.453617e+02
5.430000e-06	4.506539e-07	5.691924e-10	2.431429e+00	1.401169e+02
5.440000e-06	3.898515e-07	5.483628e-10	2.103380e+00	1.347540e+02
5.450000e-06	3.290449e-07	5.279796e-10	1.775308e+00	1.292736e+02
5.460000e-06	2.682774e-07	5.064274e-10	1.447447e+00	1.236766e+02
5.470000e-06	2.075151e-07	4.817587e-10	1.119613e+00	1.179647e+02
5.480000e-06	1.467324e-07	4.561080e-10	7.916705e-01	1.121403e+02
5.490000e-06	8.593144e-08	4.315813e-10	4.636289e-01	1.062065e+02
5.500000e-06	2.521242e-08	4.073088e-10	1.360295e-01	1.001672e+02
5.510000e-06	-3.546815e-08	3.829429e-10	-1.913625e-01	9.402694e+01
5.520000e-06	-9.619642e-08	3.586056e-10	-5.190119e-01	8.779094e+01
5.530000e-06	-1.568992e-07	3.340522e-10	-8.465239e-01	8.146512e+01
5.540000e-06	-2.175226e-07	3.096121e-10	-1.173607e+00	7.505603e+01
5.550000e-06	-2.782124e-07	2.843669e-10	-1.501049e+00	6.857077e+01
5.560000e-06	-3.389490e-07	2.570340e-10	-1.828743e+00	6.201699e+01
5.570000e-06	-3.996561e-07	2.289888e-10	-2.156278e+00	5.540281e+01
5.580000e-06	-4.603380e-07	2.024840e-10	-2.483678e+00	4.873674e+01
5.590000e-06	-5.209407e-07	1.768782e-10	-2.810650e+00	4.202761e+01
5.600000e-06	-5.814727e-07	1.506321e-10	-3.137240e+00	3.528452e+01
5.610000e-06	-6.419482e-07	1.231534e-10	-3.463526e+00	2.851674e+01
5.620000e-06	-7.024182e-07	9.519340e-11	-3.789781e+00	2.173361e+01
5.630000e-06	-7.628633e-07	6.823730e-11	-4.115903e+00	1.494448e+01
5.640000e-06	-8.232339e-07	4.199916e-11	-4.441623e+00	8.158631e+00
5.650000e-06	-8.835587e-07	1.607897e-11	-4.767095e+00	1.385164e+00
5.660000e-06	-9.439076e-07	-9.510796e-12	-5.092697e+00	-5.367062e+00
5.670000e-06	-1.004198e-06	-3.548622e-11	-5.417985e+00	-1.208951e+01
5.680000e-06	-1.064385e-06	-6.211825e-11	-5.742713e+00	-1.877405e+01
5.690000e-06	-1.124545e-06	-8.886787e-11	-6.067295e+00	-2.541299e+01
5.700000e-06	-1.184672e-06	-1.157088e-10	-6.391704e+00	-3.199920e+01
5.710000e-06	-1.244644e-06	-1.419100e-10	-6.715270e+00	-3.852610e+01
5.720000e-06	-1.304551e-06	-1.664413e-10	-7.038487e+00	-4.498775e+01
5.730000e-06	-1.364586e-06	-1.898141e-10	-7.362399e+00	-5.137885e+01
5.740000e-06	-1.424578e-06	-2.137723e-10	-7.686075e+00	-5.769482e+01
5.750000e-06	-1.484369e-06	-2.396183e-10	-8.008667e+00	-6.393174e+01
5.760000e-06	-1.544051e-06	-2.663122e-10	-8.330671e+00	-7.008645e+01
5.770000e-06	-1.603637e-06	-2.921757e-10	-8.652156e+00	-7.615646e+01
5.780000e-06	-1.663111e-06	-3.165371e-10	-8.973041e+00	-8.214000e+01
5.790000e-06	-1.722510e-06	-3.402819e-10	-9.293521e+00	-8.803598e+01
5.800000e-06	-1.781741e-06	-3.642017e-10	-9.613088e+00	-9.384396e+01
5.810000e-06	-1.840845e-06	-3.879808e-10	-9.931977e+00	-9.956410e+01
5.820000e-06	-1.899841e-06	-4.119152e-10	-1.025028e+01	-1.051971e+02
5.830000e-06	-1.958711e-06	-4.356893e-10	-1.056790e+01	-1.107444e+02
5.840000e-06	-2.017524e-06	-4.587605e-10	-1.088522e+01	-1.162074e+02
5.850000e-06	-2.076128e-06	-4.810107e-10	-1.120141e+01	-1.215886e+02
5.860000e-06	-2.134600e-06	-5.020167e-10	-1.151688e+01	-1.268901e+02
5.870000e-06	-2.192999e-06	-5.224590e-10	-1.183196e+01	-1.321150e+02
5.880000e-06	-2.251248e-06	-5.437258e-10	-1.214624e+01	-1.372659e+02
5.890000e-06	-2.309268e-06	-5.666476e-10	-1.245927e+01	-1.423462e+02
5.900000e-06	-2.366934e-06	-5.896847e-10	-1.277040e+01	-1.473588e+02
5.910000e-06	-2.424383e-06	-6.114025e-10	-1.308036e+01	-1.523070e+02
5.920000e-06	-2.481655e-06	-6.325045e-10	-1.338936e+01	-1.571939e+02
5.930000e-06	-2.538657e-06	-6.536336e-10	-1.369691e+01	-1.620226e+02
5.940000e-06	-2.595573e-06	-6.743720e-10	-1.400398e+01	-1.667958e+02
5.950000e-06	-2.652403e-06	-6.945942e-10	-1.431060e+01	-1.715163e+02
5.960000e-06	-2.709096e-06	-7.141888e-10	-1.461648e+01	-1.761863e+02
5.970000e-06	-2.765706e-06	-7.336906e-10	-1.492191e+01	-1.808082e+02
5.980000e-06	-2.822151e-06	-7.538809e-10	-1.522645e+01	-1.853836e+02
5.990000e-06	-2.878407e-06	-7.731197e-10	-1.552997e+01	-1.899141e+02
6.000000e-06	-2.934563e-06	-7.913374e-10	-1.583295e+01	-1.944009e+02
6.010000e-06	-2.990584e-06	-8.102030e-10	-1.613520e+01	-1.988447e+02
6.020000e-06	-3.046327e-06	-8.285948e-10	-1.643595e+01	-2.032461e+02
6.030000e-06	-3.101828e-06	-8.448525e-10	-1.673540e+01	-2.076052e+02
6.040000e-06	-3.156960e-06	-8.607927e-10	-1.703285e+01	-2.119219e+02
6.050000e-06	-3.211651e-06	-8.778480e-10	-1.732793e+01	-2.161956e+02
6.060000e-06	-3.266019e-06	-8.956997e-10	-1.762127e+01	-2.204257e+02
6.070000e-06	-3.320021e-06	-9.138848e-10	-1.791263e+01	-2.246111e+02
6.080000e-06	-3.373643e-06	-9.314398e-10	-1.820194e+01	-2.287507e+02
6.090000e-06	-3.427004e-06	-9.483958e-10	-1.848983e+01	-2.328431e+02
6.100000e-06	-3.480079e-06	-9.654803e-10	-1.877619e+01	-2.368868e+02
6.110000e-06	-3.532793e-06	-9.823409e-10	-1.906060e+01	-2.408802e+02
6.120000e-06	-3.585290e-06	-9.981376e-10	-1.934384e+01	-2.448216e+02
6.130000e-06	-3.637578e-06	-1.013684e-09	-1.962595e+01	-2.487094e+02
6.140000e-06	-3.689494e-06	-1.030002e-09	-1.990606e+01	-2.525418e+02
6.150000e-06	-3.741070e-06	-1.046579e-09	-2.018433e+01	-2.563172e+02
6.160000e-06	-3.792353e-06	-1.063270e-09	-2.046102e+01	-2.600341e+02
6.170000e-06	-3.843328e-06	-1.079565e-09	-2.073604e+01	-2.636910e+02
6.180000e-06	-3.894078e-06	-1.094117e-09	-2.100985e+01	-2.672866e+02
6.190000e-06	-3.944581e-06	-1.108188e-09	-2.128234e+01	-2.708199e+02
6.200000e-06	-3.994695e-06	-1.123842e-09	-2.155272e+01	-2.742898e+02
6.210000e-06	-4.044511e-06	-1.139972e-09	-2.182149e+01	-2.776956e+02
6.220000e-06	-4.094037e-06	-1.154607e-09	-2.208870e+01	-2.810368e+02
6.230000e-06	-4.143143e-06	-1.167587e-09	-2.235364e+01	-2.843129e+02
6.240000e-06	-4.191885e-06	-1.180215e-09	-2.261662e+01	-2.875239e+02
6.250000e-06	-4.240080e-06	-1.193171e-09	-2.287665e+01	-2.906699e+02
6.260000e-06	-4.287765e-06	-1.206225e-09	-2.313393e+01	-2.937511e+02
6.270000e-06	-4.335209e-06	-1.218683e-09	-2.338990e+01	-2.967681e+02
6.280000e-06	-4.382457e-06	-1.229943e-09	-2.364483e+01	-2.997214e+02
6.290000e-06	-4.429433e-06	-1.241882e-09	-2.389827e+01	-3.026120e+02
6.300000e-06	-4.476108e-06	-1.255095e-09	-2.415010e+01	-3.054409e+02
6.310000e-06	-4.522513e-06	-1.266772e-09	-2.440047e+01	-3.082092e+02
6.320000e-06	-4.568678e-06	-1.276444e-09	-2.464955e+01	-3.109182e+02
6.330000e-06	-4.614528e-06	-1.285461e-09	-2.489692e+01	-3.135693e+02
6.340000e-06	-4.659950e-06	-1.295005e-09	-2.514199e+01	-3.161639e+02
6.350000e-06	-4.704999e-06	-1.306028e-09	-2.538505e+01	-3.187036e+02
6.360000e-06	-4.749643e-06	-1.317037e-09	-2.562592e+01	-3.211898e+02
6.370000e-06	-4.793992e-06	-1.326331e-09	-2.586519e+01	-3.236243e+02
6.380000e-06	-4.838183e-06	-1.335275e-09	-2.610362e+01	-3.260085e+02
6.390000e-06	-4.882282e-06	-1.345619e-09	-2.634155e+01	-3.283442e+02
6.400000e-06	-4.926171e-06	-1.356317e-09	-2.657834e+01	-3.306329e+02
6.410000e-06	-4.969652e-06	-1.365576e-09	-2.681294e+01	-3.328760e+02
6.420000e-06	-5.012710e-06	-1.373969e-09	-2.704525e+01	-3.350753e+02
6.430000e-06	-5.055373e-06	-1.383334e-09	-2.727543e+01	-3.372321e+02
6.440000e-06	-5.097777e-06	-1.393619e-09	-2.750421e+01	-3.393479e+02
6.450000e-06	-5.139942e-06	-1.403696e-09	-2.773171e+01	-3.414240e+02
6.460000e-06	-5.181751e-06	-1.412347e-09	-2.795728e+01	-3.434619e+02
6.470000e-06	-5.223151e-06	-1.418422e-09	-2.818065e+01	-3.454626e+02
6.480000e-06	-5.264246e-06	-1.424202e-09	-2.840237e+01	-3.474276e+02
6.490000e-06	-5.304981e-06	-1.432526e-09	-2.862215e+01	-3.493579e+02
6.500000e-06	-5.345343e-06	-1.441294e-09	-2.883992e+01	-3.512547e+02
6.510000e-06	-5.385502e-06	-1.448070e-09	-2.905659e+01	-3.531191e+02
6.520000e-06	-5.425387e-06	-1.454479e-09	-2.927178e+01	-3.549521e+02
6.530000e-06	-5.464868e-06	-1.461488e-09	-2.948479e+01	-3.567547e+02
6.540000e-06	-5.503790e-06	-1.468451e-09	-2.969479e+01	-3.585279e+02
6.550000e-06	-5.542074e-06	-1.475098e-09	-2.990134e+01	-3.602728e+02
6.560000e-06	-5.579742e-06	-1.480667e-09	-3.010458e+01	-3.619901e+02
6.570000e-06	-5.616834e-06	-1.485306e-09	-3.030470e+01	-3.636809e+02
6.580000e-06	-5.653531e-06	-1.491798e-09	-3.050269e+01	-3.653459e+02
6.590000e-06	-5.689917e-06	-1.500818e-09	-3.069901e+01	-3.669862e+02
6.600000e-06	-5.726005e-06	-1.508432e-09	-3.089371e+01	-3.686025e+02
6.610000e-06	-5.761873e-06	-1.512770e-09	-3.108724e+01	-3.701957e+02
6.620000e-06	-5.797337e-06	-1.516646e-09	-3.127857e+01	-3.717666e+02
6.630000e-06	-5.832325e-06	-1.523013e-09	-3.146735e+01	-3.733160e+02
6.640000e-06	-5.866924e-06	-1.530857e-09	-3.165402e+01	-3.748446e+02
6.650000e-06	-5.901040e-06	-1.537125e-09	-3.183809e+01	-3.763531e+02
6.660000e-06	-5.934691e-06	-1.542080e-09	-3.201965e+01	-3.778423e+02
6.670000e-06	-5.967945e-06	-1.547333e-09	-3.219906e+01	-3.793126e+02
6.680000e-06	-6.000752e-06	-1.553981e-09	-3.237607e+01	-3.807647e+02
6.690000e-06	-6.033114e-06	-1.560956e-09	-3.255067e+01	-3.821991e+02
6.700000e-06	-6.065243e-06	-1.565601e-09	-3.272402e+01	-3.836163e+02
6.710000e-06	-6.097134e-06	-1.569719e-09	-3.289608e+01	-3.850165e+02
6.720000e-06	-6.128531e-06	-1.575988e-09	-3.306548e+01	-3.864002e+02
6.730000e-06	-6.159274e-06	-1.583470e-09	-3.323135e+01	-3.877675e+02
6.740000e-06	-6.189315e-06	-1.589430e-09	-3.339343e+01	-3.891185e+02
6.750000e-06	-6.218701e-06	-1.592709e-09	-3.355197e+01	-3.904533e+02
6.760000e-06	-6.247561e-06	-1.594607e-09	-3.370768e+01	-3.917719e+02
6.770000e-06	-6.276113e-06	-1.598452e-09	-3.386173e+01	-3.930742e+02
6.780000e-06	-6.304413e-06	-1.605375e-09	-3.401442e+01	-3.943601e+02
6.790000e-06	-6.332390e-06	-1.611686e-09	-3.416536e+01	-3.956291e+02
6.800000e-06	-6.359958e-06	-1.615981e-09	-3.431410e+01	-3.968812e+02
6.810000e-06	-6.386980e-06	-1.620559e-09	-3.445990e+01	-3.981158e+02
6.820000e-06	-6.413428e-06	-1.625955e-09	-3.460259e+01	-3.993326e+02
6.830000e-06	-6.439375e-06	-1.632212e-09	-3.474258e+01	-4.005311e+02
6.840000e-06	-6.464932e-06	-1.638086e-09	-3.488048e+01	-4.017107e+02
6.850000e-06	-6.490069e-06	-1.641612e-09	-3.501609e+01	-4.028710e+02
6.860000e-06	-6.514756e-06	-1.644114e-09	-3.514929e+01	-4.040115e+02
6.870000e-06	-6.539131e-06	-1.647810e-09	-3.528080e+01	-4.051315e+02
6.880000e-06	-6.563282e-06	-1.652749e-09	-3.541110e+01	-4.062306e+02
6.890000e-06	-6.587047e-06	-1.656767e-09	-3.553932e+01	-4.073082e+02
6.900000e-06	-6.610244e-06	-1.658744e-09	-3.566448e+01	-4.083639e+02
6.910000e-06	-6.632793e-06	-1.662084e-09	-3.578614e+01	-4.093972e+02
6.920000e-06	-6.654519e-06	-1.668091e-09	-3.590336e+01	-4.104077e+02
6.930000e-06	-6.675534e-06	-1.673075e-09	-3.601674e+01	-4.113950e+02
6.940000e-06	-6.696180e-06	-1.676387e-09	-3.612813e+01	-4.123589e+02
6.950000e-06	-6.716517e-06	-1.679420e-09	-3.623786e+01	-4.132991e+02
6.960000e-06	-6.736444e-06	-1.682791e-09	-3.634537e+01	-4.142155e+02
6.970000e-06	-6.755968e-06	-1.687174e-09	-3.645071e+01	-4.151078e+02
6.980000e-06	-6.774985e-06	-1.691592e-09	-3.655331e+01	-4.159762e+02
6.990000e-06	-6.793390e-06	-1.694800e-09	-3.665261e+01	-4.168205e+02
7.000000e-06	-6.811318e-06	-1.697384e-09	-3.674934e+01	-4.176409e+02
7.010000e-06	-6.828875e-06	-1.700282e-09	-3.684407e+01	-4.184375e+02
7.020000e-06	-6.846104e-06	-1.702359e-09	-3.693702e+01	-4.192105e+02
7.030000e-06	-6.862957e-06	-1.702901e-09	-3.702795e+01	-4.199601e+02
7.040000e-06	-6.879401e-06	-1.702809e-09	-3.711667e+01	-4.206865e+02
7.050000e-06	-6.895519e-06	-1.703416e-09	-3.720363e+01	-4.213901e+02
7.060000e-06	-6.911171e-06	-1.706423e-09	-3.728808e+01	-4.220711e+02
7.070000e-06	-6.926104e-06	-1.711140e-09	-3.736865e+01	-4.227298e+02
7.080000e-06	-6.940157e-06	-1.715014e-09	-3.744447e+01	-4.233667e+02
7.090000e-06	-6.953353e-06	-1.716845e-09	-3.751567e+01	-4.239819e+02
7.100000e-06	-6.965890e-06	-1.717297e-09	-3.758331e+01	-4.245759e+02
7.110000e-06	-6.977997e-06	-1.717780e-09	-3.764863e+01	-4.251489e+02
7.120000e-06	-6.989727e-06	-1.719364e-09	-3.771192e+01	-4.257012e+02
7.130000e-06	-7.000882e-06	-1.721799e-09	-3.777211e+01	-4.262330e+02
7.140000e-06	-7.011418e-06	-1.723674e-09	-3.782895e+01	-4.267446e+02
7.150000e-06	-7.021596e-06	-1.724592e-09	-3.788386e+01	-4.272361e+02
7.160000e-06	-7.031428e-06	-1.725324e-09	-3.793691e+01	-4.277076e+02
7.170000e-06	-7.040572e-06	-1.726213e-09	-3.798624e+01	-4.281594e+02
7.180000e-06	-7.049173e-06	-1.726809e-09	-3.803265e+01	-4.285915e+02
7.190000e-06	-7.057512e-06	-1.726465e-09	-3.807764e+01	-4.290039e+02
7.200000e-06	-7.065534e-06	-1.725948e-09	-3.812092e+01	-4.293967e+02
7.210000e-06	-7.073227e-06	-1.726235e-09	-3.816243e+01	-4.297699e+02
7.220000e-06	-7.080291e-06	-1.727177e-09	-3.820054e+01	-4.301236e+02
7.230000e-06	-7.086432e-06	-1.727541e-09	-3.823367e+01	-4.304576e+02
7.240000e-06	-7.091774e-06	-1.727366e-09	-3.826250e+01	-4.307721e+02
7.250000e-06	-7.096533e-06	-1.727405e-09	-3.828817e+01	-4.310670e+02
7.260000e-06	-7.100897e-06	-1.727052e-09	-3.831172e+01	-4.313423e+02
7.270000e-06	-7.105015e-06	-1.727001e-09	-3.833394e+01	-4.315981e+02
7.280000e-06	-7.108781e-06	-1.728209e-09	-3.835425e+01	-4.318344e+02
7.290000e-06	-7.112002e-06	-1.728992e-09	-3.837163e+01	-4.320514e+02
7.300000e-06	-7.114647e-06	-1.728126e-09	-3.838590e+01	-4.322491e+02
7.310000e-06	-7.116829e-06	-1.727727e-09	-3.839767e+01	-4.324278e+02
7.320000e-06	-7.118636e-06	-1.728656e-09	-3.840742e+01	-4.325876e+02
7.330000e-06	-7.119834e-06	-1.728190e-09	-3.841389e+01	-4.327289e+02
7.340000e-06	-7.120553e-06	-1.727449e-09	-3.841777e+01	-4.328519e+02
