# Temperatura_=_12.1
# Concentracion g/m^3_=_7400.0
# C_Vs_to_Am_M_A/Vsm_=_254322799225.57578
# pendiente_HvsI_1/m_=_3716.3
# ordenada_HvsI_A/m_=_1297.0
# frecuencia_Hz_=_136112.2364060648

Tiempo_(s)	Campo_(V.s)	Magnetizacion_(V.s)	Campo_(kA/m)	Magnetizacion_(A/m)
0.000000e+00	-7.147058e-06	-1.710335e-09	-3.842604e+01	-4.286185e+02
1.000000e-08	-7.147175e-06	-1.711375e-09	-3.842667e+01	-4.287579e+02
2.000000e-08	-7.146899e-06	-1.709641e-09	-3.842518e+01	-4.288765e+02
3.000000e-08	-7.146024e-06	-1.706016e-09	-3.842048e+01	-4.289744e+02
4.000000e-08	-7.144391e-06	-1.703601e-09	-3.841170e+01	-4.290515e+02
5.000000e-08	-7.141965e-06	-1.704172e-09	-3.839866e+01	-4.291078e+02
6.000000e-08	-7.138928e-06	-1.705765e-09	-3.838233e+01	-4.291433e+02
7.000000e-08	-7.135503e-06	-1.711799e-09	-3.836392e+01	-4.291582e+02
8.000000e-08	-7.131690e-06	-1.714989e-09	-3.834342e+01	-4.291524e+02
9.000000e-08	-7.127226e-06	-1.685879e-09	-3.831941e+01	-4.291261e+02
1.000000e-07	-7.121926e-06	-1.644801e-09	-3.829092e+01	-4.290794e+02
1.100000e-07	-7.115953e-06	-1.684089e-09	-3.825881e+01	-4.290126e+02
1.200000e-07	-7.109673e-06	-1.774738e-09	-3.822504e+01	-4.289258e+02
1.300000e-07	-7.103315e-06	-1.746554e-09	-3.819086e+01	-4.288193e+02
1.400000e-07	-7.096564e-06	-1.627882e-09	-3.815456e+01	-4.286935e+02
1.500000e-07	-7.089138e-06	-1.653053e-09	-3.811463e+01	-4.285486e+02
1.600000e-07	-7.081423e-06	-1.786587e-09	-3.807316e+01	-4.283851e+02
1.700000e-07	-7.073415e-06	-1.733794e-09	-3.803010e+01	-4.282035e+02
1.800000e-07	-7.064649e-06	-1.562764e-09	-3.798297e+01	-4.280041e+02
1.900000e-07	-7.054966e-06	-1.627582e-09	-3.793091e+01	-4.277876e+02
2.000000e-07	-7.044661e-06	-1.820666e-09	-3.787550e+01	-4.275543e+02
2.100000e-07	-7.033927e-06	-1.751114e-09	-3.781780e+01	-4.273049e+02
2.200000e-07	-7.022712e-06	-1.561796e-09	-3.775749e+01	-4.270399e+02
2.300000e-07	-7.010871e-06	-1.627576e-09	-3.769383e+01	-4.267598e+02
2.400000e-07	-6.998458e-06	-1.767611e-09	-3.762710e+01	-4.264652e+02
2.500000e-07	-6.985637e-06	-1.678818e-09	-3.755817e+01	-4.261567e+02
2.600000e-07	-6.972222e-06	-1.586366e-09	-3.748604e+01	-4.258347e+02
2.700000e-07	-6.958227e-06	-1.691494e-09	-3.741079e+01	-4.254998e+02
2.800000e-07	-6.943334e-06	-1.732210e-09	-3.733072e+01	-4.251524e+02
2.900000e-07	-6.927554e-06	-1.627908e-09	-3.724588e+01	-4.247929e+02
3.000000e-07	-6.911251e-06	-1.635095e-09	-3.715823e+01	-4.244217e+02
3.100000e-07	-6.894618e-06	-1.700606e-09	-3.706880e+01	-4.240391e+02
3.200000e-07	-6.877653e-06	-1.626179e-09	-3.697759e+01	-4.236454e+02
3.300000e-07	-6.860230e-06	-1.598117e-09	-3.688391e+01	-4.232408e+02
3.400000e-07	-6.842340e-06	-1.720307e-09	-3.678773e+01	-4.228255e+02
3.500000e-07	-6.823867e-06	-1.706541e-09	-3.668841e+01	-4.223995e+02
3.600000e-07	-6.804849e-06	-1.567025e-09	-3.658616e+01	-4.219628e+02
3.700000e-07	-6.785356e-06	-1.609969e-09	-3.648136e+01	-4.215155e+02
3.800000e-07	-6.765644e-06	-1.715071e-09	-3.637538e+01	-4.210574e+02
3.900000e-07	-6.745713e-06	-1.632339e-09	-3.626821e+01	-4.205885e+02
4.000000e-07	-6.725252e-06	-1.567442e-09	-3.615821e+01	-4.201084e+02
4.100000e-07	-6.704230e-06	-1.658232e-09	-3.604518e+01	-4.196171e+02
4.200000e-07	-6.682679e-06	-1.669081e-09	-3.592931e+01	-4.191141e+02
4.300000e-07	-6.660642e-06	-1.589755e-09	-3.581084e+01	-4.185992e+02
4.400000e-07	-6.638086e-06	-1.611693e-09	-3.568956e+01	-4.180721e+02
4.500000e-07	-6.615041e-06	-1.641131e-09	-3.556566e+01	-4.175324e+02
4.600000e-07	-6.591622e-06	-1.587689e-09	-3.543975e+01	-4.169797e+02
4.700000e-07	-6.567906e-06	-1.597856e-09	-3.531224e+01	-4.164136e+02
4.800000e-07	-6.543914e-06	-1.650414e-09	-3.518324e+01	-4.158339e+02
4.900000e-07	-6.519393e-06	-1.607492e-09	-3.505141e+01	-4.152400e+02
5.000000e-07	-6.494180e-06	-1.564632e-09	-3.491585e+01	-4.146316e+02
5.100000e-07	-6.468177e-06	-1.603191e-09	-3.477605e+01	-4.140084e+02
5.200000e-07	-6.441367e-06	-1.609219e-09	-3.463191e+01	-4.133701e+02
5.300000e-07	-6.413979e-06	-1.574296e-09	-3.448465e+01	-4.127163e+02
5.400000e-07	-6.386320e-06	-1.584486e-09	-3.433594e+01	-4.120467e+02
5.500000e-07	-6.358486e-06	-1.599110e-09	-3.418630e+01	-4.113611e+02
5.600000e-07	-6.330298e-06	-1.579151e-09	-3.403475e+01	-4.106591e+02
5.700000e-07	-6.301553e-06	-1.572918e-09	-3.388020e+01	-4.099407e+02
5.800000e-07	-6.272228e-06	-1.577243e-09	-3.372253e+01	-4.092056e+02
5.900000e-07	-6.242549e-06	-1.564055e-09	-3.356296e+01	-4.084535e+02
6.000000e-07	-6.212606e-06	-1.557385e-09	-3.340197e+01	-4.076843e+02
6.100000e-07	-6.182194e-06	-1.564004e-09	-3.323846e+01	-4.068979e+02
6.200000e-07	-6.151287e-06	-1.562351e-09	-3.307229e+01	-4.060940e+02
6.300000e-07	-6.119962e-06	-1.552731e-09	-3.290387e+01	-4.052724e+02
6.400000e-07	-6.088401e-06	-1.542094e-09	-3.273419e+01	-4.044330e+02
6.500000e-07	-6.056716e-06	-1.534860e-09	-3.256383e+01	-4.035755e+02
6.600000e-07	-6.024673e-06	-1.534909e-09	-3.239156e+01	-4.026998e+02
6.700000e-07	-5.992087e-06	-1.532712e-09	-3.221636e+01	-4.018055e+02
6.800000e-07	-5.958750e-06	-1.527069e-09	-3.203712e+01	-4.008923e+02
6.900000e-07	-5.924551e-06	-1.525226e-09	-3.185325e+01	-3.999600e+02
7.000000e-07	-5.889726e-06	-1.518029e-09	-3.166602e+01	-3.990081e+02
7.100000e-07	-5.854439e-06	-1.507551e-09	-3.147630e+01	-3.980362e+02
7.200000e-07	-5.818833e-06	-1.507725e-09	-3.128486e+01	-3.970438e+02
7.300000e-07	-5.783108e-06	-1.506530e-09	-3.109279e+01	-3.960305e+02
7.400000e-07	-5.747186e-06	-1.496732e-09	-3.089965e+01	-3.949957e+02
7.500000e-07	-5.710856e-06	-1.493935e-09	-3.070433e+01	-3.939387e+02
7.600000e-07	-5.674095e-06	-1.495678e-09	-3.050668e+01	-3.928590e+02
7.700000e-07	-5.636709e-06	-1.487943e-09	-3.030568e+01	-3.917559e+02
7.800000e-07	-5.598824e-06	-1.477144e-09	-3.010199e+01	-3.906287e+02
7.900000e-07	-5.560605e-06	-1.471056e-09	-2.989650e+01	-3.894768e+02
8.000000e-07	-5.521853e-06	-1.466348e-09	-2.968815e+01	-3.882992e+02
8.100000e-07	-5.482673e-06	-1.463859e-09	-2.947750e+01	-3.870955e+02
8.200000e-07	-5.443255e-06	-1.461857e-09	-2.926557e+01	-3.858649e+02
8.300000e-07	-5.403647e-06	-1.454627e-09	-2.905262e+01	-3.846066e+02
8.400000e-07	-5.363788e-06	-1.444640e-09	-2.883832e+01	-3.833201e+02
8.500000e-07	-5.323738e-06	-1.437673e-09	-2.862299e+01	-3.820047e+02
8.600000e-07	-5.283216e-06	-1.433272e-09	-2.840512e+01	-3.806600e+02
8.700000e-07	-5.241968e-06	-1.427467e-09	-2.818335e+01	-3.792853e+02
8.800000e-07	-5.200255e-06	-1.420393e-09	-2.795908e+01	-3.778803e+02
8.900000e-07	-5.158123e-06	-1.413675e-09	-2.773256e+01	-3.764447e+02
9.000000e-07	-5.115412e-06	-1.407911e-09	-2.750293e+01	-3.749783e+02
9.100000e-07	-5.072159e-06	-1.401841e-09	-2.727038e+01	-3.734808e+02
9.200000e-07	-5.028546e-06	-1.393396e-09	-2.703590e+01	-3.719523e+02
9.300000e-07	-4.984705e-06	-1.384552e-09	-2.680018e+01	-3.703928e+02
9.400000e-07	-4.940656e-06	-1.378694e-09	-2.656336e+01	-3.688025e+02
9.500000e-07	-4.896307e-06	-1.374503e-09	-2.632491e+01	-3.671816e+02
9.600000e-07	-4.851587e-06	-1.368568e-09	-2.608448e+01	-3.655305e+02
9.700000e-07	-4.806561e-06	-1.360301e-09	-2.584240e+01	-3.638496e+02
9.800000e-07	-4.761194e-06	-1.351707e-09	-2.559848e+01	-3.621396e+02
9.900000e-07	-4.715532e-06	-1.344468e-09	-2.535298e+01	-3.604009e+02
1.000000e-06	-4.669495e-06	-1.338126e-09	-2.510546e+01	-3.586343e+02
1.010000e-06	-4.623118e-06	-1.331781e-09	-2.485612e+01	-3.568406e+02
1.020000e-06	-4.576539e-06	-1.325281e-09	-2.460569e+01	-3.550205e+02
1.030000e-06	-4.529537e-06	-1.318658e-09	-2.435298e+01	-3.531747e+02
1.040000e-06	-4.482257e-06	-1.311829e-09	-2.409878e+01	-3.513043e+02
1.050000e-06	-4.434759e-06	-1.305470e-09	-2.384341e+01	-3.494098e+02
1.060000e-06	-4.386901e-06	-1.298201e-09	-2.358610e+01	-3.474922e+02
1.070000e-06	-4.338811e-06	-1.289743e-09	-2.332755e+01	-3.455522e+02
1.080000e-06	-4.290496e-06	-1.281418e-09	-2.306778e+01	-3.435906e+02
1.090000e-06	-4.241619e-06	-1.273684e-09	-2.280499e+01	-3.416078e+02
1.100000e-06	-4.192128e-06	-1.266922e-09	-2.253891e+01	-3.396046e+02
1.110000e-06	-4.142220e-06	-1.259413e-09	-2.227058e+01	-3.375813e+02
1.120000e-06	-4.092025e-06	-1.249519e-09	-2.200071e+01	-3.355383e+02
1.130000e-06	-4.041378e-06	-1.239916e-09	-2.172840e+01	-3.334760e+02
1.140000e-06	-3.990239e-06	-1.232033e-09	-2.145346e+01	-3.313943e+02
1.150000e-06	-3.938924e-06	-1.224579e-09	-2.117756e+01	-3.292934e+02
1.160000e-06	-3.887337e-06	-1.216689e-09	-2.090021e+01	-3.271731e+02
1.170000e-06	-3.835425e-06	-1.208168e-09	-2.062110e+01	-3.250331e+02
1.180000e-06	-3.783308e-06	-1.199391e-09	-2.034089e+01	-3.228732e+02
1.190000e-06	-3.730930e-06	-1.190076e-09	-2.005928e+01	-3.206927e+02
1.200000e-06	-3.678097e-06	-1.181526e-09	-1.977523e+01	-3.184911e+02
1.210000e-06	-3.624841e-06	-1.174129e-09	-1.948890e+01	-3.162677e+02
1.220000e-06	-3.571415e-06	-1.166335e-09	-1.920165e+01	-3.140216e+02
1.230000e-06	-3.517808e-06	-1.157652e-09	-1.891344e+01	-3.117521e+02
1.240000e-06	-3.463886e-06	-1.148258e-09	-1.862353e+01	-3.094581e+02
1.250000e-06	-3.409860e-06	-1.138639e-09	-1.833305e+01	-3.071386e+02
1.260000e-06	-3.355714e-06	-1.128850e-09	-1.804194e+01	-3.047927e+02
1.270000e-06	-3.301325e-06	-1.118991e-09	-1.774952e+01	-3.024191e+02
1.280000e-06	-3.246568e-06	-1.110012e-09	-1.745512e+01	-3.000168e+02
1.290000e-06	-3.191546e-06	-1.101603e-09	-1.715930e+01	-2.975848e+02
1.300000e-06	-3.136398e-06	-1.092013e-09	-1.686279e+01	-2.951220e+02
1.310000e-06	-3.080980e-06	-1.081429e-09	-1.656484e+01	-2.926274e+02
1.320000e-06	-3.025375e-06	-1.071542e-09	-1.626588e+01	-2.901000e+02
1.330000e-06	-2.969642e-06	-1.061329e-09	-1.596623e+01	-2.875388e+02
1.340000e-06	-2.913880e-06	-1.049490e-09	-1.566643e+01	-2.849431e+02
1.350000e-06	-2.858026e-06	-1.038546e-09	-1.536613e+01	-2.823120e+02
1.360000e-06	-2.801974e-06	-1.029916e-09	-1.506477e+01	-2.796448e+02
1.370000e-06	-2.745781e-06	-1.021379e-09	-1.476264e+01	-2.769409e+02
1.380000e-06	-2.689385e-06	-1.011805e-09	-1.445944e+01	-2.741997e+02
1.390000e-06	-2.632814e-06	-1.001857e-09	-1.415528e+01	-2.714206e+02
1.400000e-06	-2.575899e-06	-9.913568e-10	-1.384928e+01	-2.686033e+02
1.410000e-06	-2.518694e-06	-9.801176e-10	-1.354172e+01	-2.657472e+02
1.420000e-06	-2.461338e-06	-9.688401e-10	-1.323334e+01	-2.628520e+02
1.430000e-06	-2.403737e-06	-9.581121e-10	-1.292365e+01	-2.599174e+02
1.440000e-06	-2.345788e-06	-9.476965e-10	-1.261209e+01	-2.569429e+02
1.450000e-06	-2.287427e-06	-9.370127e-10	-1.229832e+01	-2.539282e+02
1.460000e-06	-2.228789e-06	-9.262609e-10	-1.198305e+01	-2.508728e+02
1.470000e-06	-2.169862e-06	-9.154446e-10	-1.166623e+01	-2.477762e+02
1.480000e-06	-2.110673e-06	-9.041217e-10	-1.134800e+01	-2.446380e+02
1.490000e-06	-2.051389e-06	-8.918407e-10	-1.102926e+01	-2.414574e+02
1.500000e-06	-1.992008e-06	-8.787995e-10	-1.071000e+01	-2.382337e+02
1.510000e-06	-1.932450e-06	-8.660846e-10	-1.038979e+01	-2.349659e+02
1.520000e-06	-1.872790e-06	-8.541866e-10	-1.006902e+01	-2.316531e+02
1.530000e-06	-1.813020e-06	-8.421137e-10	-9.747670e+00	-2.282940e+02
1.540000e-06	-1.753187e-06	-8.292228e-10	-9.425979e+00	-2.248872e+02
1.550000e-06	-1.693422e-06	-8.165329e-10	-9.104656e+00	-2.214313e+02
1.560000e-06	-1.633638e-06	-8.040522e-10	-8.783227e+00	-2.179243e+02
1.570000e-06	-1.573779e-06	-7.913762e-10	-8.461396e+00	-2.143645e+02
1.580000e-06	-1.513800e-06	-7.786466e-10	-8.138922e+00	-2.107498e+02
1.590000e-06	-1.453694e-06	-7.656430e-10	-7.815762e+00	-2.070779e+02
1.600000e-06	-1.393441e-06	-7.522509e-10	-7.491811e+00	-2.033463e+02
1.610000e-06	-1.333075e-06	-7.384808e-10	-7.167256e+00	-1.995526e+02
1.620000e-06	-1.272772e-06	-7.245716e-10	-6.843038e+00	-1.956941e+02
1.630000e-06	-1.212480e-06	-7.102426e-10	-6.518877e+00	-1.917680e+02
1.640000e-06	-1.151912e-06	-6.949752e-10	-6.193234e+00	-1.877716e+02
1.650000e-06	-1.091206e-06	-6.794034e-10	-5.866850e+00	-1.837020e+02
1.660000e-06	-1.030589e-06	-6.642985e-10	-5.540946e+00	-1.795565e+02
1.670000e-06	-9.699223e-07	-6.490119e-10	-5.214772e+00	-1.753322e+02
1.680000e-06	-9.091343e-07	-6.329504e-10	-4.887946e+00	-1.710264e+02
1.690000e-06	-8.482585e-07	-6.174996e-10	-4.560648e+00	-1.666367e+02
1.700000e-06	-7.873926e-07	-6.024203e-10	-4.233403e+00	-1.621606e+02
1.710000e-06	-7.265067e-07	-5.868289e-10	-3.906051e+00	-1.575961e+02
1.720000e-06	-6.655576e-07	-5.709989e-10	-3.578360e+00	-1.529411e+02
1.730000e-06	-6.045232e-07	-5.540589e-10	-3.250209e+00	-1.481943e+02
1.740000e-06	-5.433680e-07	-5.364715e-10	-2.921409e+00	-1.433542e+02
1.750000e-06	-4.822046e-07	-5.186735e-10	-2.592565e+00	-1.384201e+02
1.760000e-06	-4.210598e-07	-5.004854e-10	-2.263821e+00	-1.333914e+02
1.770000e-06	-3.598731e-07	-4.814250e-10	-1.934852e+00	-1.282683e+02
1.780000e-06	-2.986622e-07	-4.603348e-10	-1.605753e+00	-1.230510e+02
1.790000e-06	-2.374394e-07	-4.394168e-10	-1.276589e+00	-1.177407e+02
1.800000e-06	-1.762079e-07	-4.206700e-10	-9.473791e-01	-1.123386e+02
1.810000e-06	-1.148872e-07	-4.011664e-10	-6.176894e-01	-1.068469e+02
1.820000e-06	-5.360083e-08	-3.791606e-10	-2.881840e-01	-1.012679e+02
1.830000e-06	7.571539e-09	-3.559898e-10	4.070825e-02	-9.560461e+01
1.840000e-06	6.886047e-08	-3.338398e-10	3.702272e-01	-8.986055e+01
1.850000e-06	1.303650e-07	-3.131049e-10	7.009052e-01	-8.403967e+01
1.860000e-06	1.918801e-07	-2.921064e-10	1.031640e+00	-7.814641e+01
1.870000e-06	2.532877e-07	-2.691831e-10	1.361797e+00	-7.218562e+01
1.880000e-06	3.145870e-07	-2.439048e-10	1.691372e+00	-6.616259e+01
1.890000e-06	3.758457e-07	-2.194347e-10	2.020728e+00	-6.008294e+01
1.900000e-06	4.370978e-07	-1.972365e-10	2.350049e+00	-5.395265e+01
1.910000e-06	4.982571e-07	-1.747875e-10	2.678871e+00	-4.777794e+01
1.920000e-06	5.593827e-07	-1.512770e-10	3.007512e+00	-4.156528e+01
1.930000e-06	6.205106e-07	-1.273923e-10	3.336165e+00	-3.532130e+01
1.940000e-06	6.815448e-07	-1.029005e-10	3.664314e+00	-2.905276e+01
1.950000e-06	7.424343e-07	-7.805973e-11	3.991686e+00	-2.276648e+01
1.960000e-06	8.032274e-07	-5.294177e-11	4.318539e+00	-1.646927e+01
1.970000e-06	8.639828e-07	-2.781763e-11	4.645189e+00	-1.016792e+01
1.980000e-06	9.247090e-07	-3.250437e-12	4.971683e+00	-3.869088e+00
1.990000e-06	9.854898e-07	2.172230e-11	5.298470e+00	2.420716e+00
2.000000e-06	1.046184e-06	4.703744e-11	5.624793e+00	8.695189e+00
2.010000e-06	1.106664e-06	7.136642e-11	5.949962e+00	1.494828e+01
2.020000e-06	1.167094e-06	9.538229e-11	6.274859e+00	2.117425e+01
2.030000e-06	1.227572e-06	1.195894e-10	6.600020e+00	2.736768e+01
2.040000e-06	1.288029e-06	1.426214e-10	6.925065e+00	3.352353e+01
2.050000e-06	1.348302e-06	1.641202e-10	7.249122e+00	3.963716e+01
2.060000e-06	1.408388e-06	1.853655e-10	7.572177e+00	4.570434e+01
2.070000e-06	1.468405e-06	2.082007e-10	7.894858e+00	5.172129e+01
2.080000e-06	1.528375e-06	2.318470e-10	8.217283e+00	5.768467e+01
2.090000e-06	1.588301e-06	2.539047e-10	8.539477e+00	6.359159e+01
2.100000e-06	1.648153e-06	2.749394e-10	8.861267e+00	6.943963e+01
2.110000e-06	1.707929e-06	2.954623e-10	9.182652e+00	7.522678e+01
2.120000e-06	1.767702e-06	3.148454e-10	9.504022e+00	8.095149e+01
2.130000e-06	1.827409e-06	3.347843e-10	9.825036e+00	8.661260e+01
2.140000e-06	1.887032e-06	3.558560e-10	1.014560e+01	9.220936e+01
2.150000e-06	1.946579e-06	3.764187e-10	1.046575e+01	9.774136e+01
2.160000e-06	2.005948e-06	3.960660e-10	1.078495e+01	1.032085e+02
2.170000e-06	2.065197e-06	4.154405e-10	1.110350e+01	1.086111e+02
2.180000e-06	2.124322e-06	4.345441e-10	1.142138e+01	1.139496e+02
2.190000e-06	2.183137e-06	4.537302e-10	1.173760e+01	1.192246e+02
2.200000e-06	2.241777e-06	4.739051e-10	1.205288e+01	1.244372e+02
2.210000e-06	2.300220e-06	4.930823e-10	1.236709e+01	1.295883e+02
2.220000e-06	2.358267e-06	5.102348e-10	1.267918e+01	1.346790e+02
2.230000e-06	2.415901e-06	5.280036e-10	1.298905e+01	1.397107e+02
2.240000e-06	2.473276e-06	5.461581e-10	1.329753e+01	1.446844e+02
2.250000e-06	2.530443e-06	5.634811e-10	1.360489e+01	1.496014e+02
2.260000e-06	2.587427e-06	5.800558e-10	1.391126e+01	1.544629e+02
2.270000e-06	2.644189e-06	5.963514e-10	1.421644e+01	1.592700e+02
2.280000e-06	2.700664e-06	6.133489e-10	1.452008e+01	1.640237e+02
2.290000e-06	2.756973e-06	6.308659e-10	1.482282e+01	1.687248e+02
2.300000e-06	2.813020e-06	6.482074e-10	1.512416e+01	1.733743e+02
2.310000e-06	2.868877e-06	6.645807e-10	1.542447e+01	1.779725e+02
2.320000e-06	2.924633e-06	6.798566e-10	1.572424e+01	1.825201e+02
2.330000e-06	2.980214e-06	6.957269e-10	1.602307e+01	1.870172e+02
2.340000e-06	3.035692e-06	7.125225e-10	1.632135e+01	1.914640e+02
2.350000e-06	3.091048e-06	7.287032e-10	1.661897e+01	1.958603e+02
2.360000e-06	3.146271e-06	7.438358e-10	1.691588e+01	2.002061e+02
2.370000e-06	3.201293e-06	7.584454e-10	1.721170e+01	2.045009e+02
2.380000e-06	3.256044e-06	7.739965e-10	1.750607e+01	2.087442e+02
2.390000e-06	3.310518e-06	7.907386e-10	1.779895e+01	2.129354e+02
2.400000e-06	3.364701e-06	8.063463e-10	1.809026e+01	2.170739e+02
2.410000e-06	3.418660e-06	8.209986e-10	1.838037e+01	2.211587e+02
2.420000e-06	3.472422e-06	8.365362e-10	1.866942e+01	2.251892e+02
2.430000e-06	3.525983e-06	8.525741e-10	1.895739e+01	2.291643e+02
2.440000e-06	3.579276e-06	8.681438e-10	1.924392e+01	2.330833e+02
2.450000e-06	3.632345e-06	8.826770e-10	1.952924e+01	2.369452e+02
2.460000e-06	3.685154e-06	8.959114e-10	1.981317e+01	2.407492e+02
2.470000e-06	3.737646e-06	9.088437e-10	2.009539e+01	2.444947e+02
2.480000e-06	3.789845e-06	9.232437e-10	2.037604e+01	2.481809e+02
2.490000e-06	3.841677e-06	9.384389e-10	2.065471e+01	2.518072e+02
2.500000e-06	3.893194e-06	9.528010e-10	2.093169e+01	2.553731e+02
2.510000e-06	3.944512e-06	9.665782e-10	2.120760e+01	2.588785e+02
2.520000e-06	3.995564e-06	9.801542e-10	2.148208e+01	2.623230e+02
2.530000e-06	4.046092e-06	9.929780e-10	2.175375e+01	2.657067e+02
2.540000e-06	4.096145e-06	1.004808e-09	2.202286e+01	2.690297e+02
2.550000e-06	4.145805e-06	1.016670e-09	2.228985e+01	2.722923e+02
2.560000e-06	4.194997e-06	1.028913e-09	2.255433e+01	2.754950e+02
2.570000e-06	4.243677e-06	1.041083e-09	2.281606e+01	2.786384e+02
2.580000e-06	4.291903e-06	1.053081e-09	2.307535e+01	2.817232e+02
2.590000e-06	4.339888e-06	1.064371e-09	2.333334e+01	2.847505e+02
2.600000e-06	4.387644e-06	1.075125e-09	2.359010e+01	2.877211e+02
2.610000e-06	4.435208e-06	1.085488e-09	2.384582e+01	2.906364e+02
2.620000e-06	4.482550e-06	1.095937e-09	2.410036e+01	2.934976e+02
2.630000e-06	4.529585e-06	1.106721e-09	2.435324e+01	2.963059e+02
2.640000e-06	4.576349e-06	1.116933e-09	2.460467e+01	2.990630e+02
2.650000e-06	4.622791e-06	1.126714e-09	2.485436e+01	3.017701e+02
2.660000e-06	4.668832e-06	1.137290e-09	2.510190e+01	3.044290e+02
2.670000e-06	4.714438e-06	1.147540e-09	2.534710e+01	3.070409e+02
2.680000e-06	4.759606e-06	1.156281e-09	2.558994e+01	3.096076e+02
2.690000e-06	4.804508e-06	1.164980e-09	2.583136e+01	3.121304e+02
2.700000e-06	4.849320e-06	1.174391e-09	2.607229e+01	3.146109e+02
2.710000e-06	4.893850e-06	1.183032e-09	2.631171e+01	3.170503e+02
2.720000e-06	4.937973e-06	1.191405e-09	2.654893e+01	3.194501e+02
2.730000e-06	4.981829e-06	1.200412e-09	2.678472e+01	3.218114e+02
2.740000e-06	5.025510e-06	1.209261e-09	2.701957e+01	3.241354e+02
2.750000e-06	5.068928e-06	1.217848e-09	2.725301e+01	3.264231e+02
2.760000e-06	5.112038e-06	1.226211e-09	2.748479e+01	3.286755e+02
2.770000e-06	5.154780e-06	1.234593e-09	2.771459e+01	3.308933e+02
2.780000e-06	5.196896e-06	1.242738e-09	2.794103e+01	3.330774e+02
2.790000e-06	5.238234e-06	1.251121e-09	2.816328e+01	3.352282e+02
2.800000e-06	5.278811e-06	1.259196e-09	2.838144e+01	3.373464e+02
2.810000e-06	5.318962e-06	1.266576e-09	2.859731e+01	3.394322e+02
2.820000e-06	5.358910e-06	1.274234e-09	2.881209e+01	3.414860e+02
2.830000e-06	5.398645e-06	1.281399e-09	2.902573e+01	3.435081e+02
2.840000e-06	5.438151e-06	1.288047e-09	2.923813e+01	3.454986e+02
2.850000e-06	5.477338e-06	1.295892e-09	2.944882e+01	3.474575e+02
2.860000e-06	5.516173e-06	1.304432e-09	2.965762e+01	3.493850e+02
2.870000e-06	5.554608e-06	1.312241e-09	2.986426e+01	3.512810e+02
2.880000e-06	5.592540e-06	1.319795e-09	3.006820e+01	3.531456e+02
2.890000e-06	5.630168e-06	1.326829e-09	3.027051e+01	3.549787e+02
2.900000e-06	5.667550e-06	1.333435e-09	3.047149e+01	3.567804e+02
2.910000e-06	5.704404e-06	1.341410e-09	3.066964e+01	3.585506e+02
2.920000e-06	5.740740e-06	1.350050e-09	3.086499e+01	3.602895e+02
2.930000e-06	5.776709e-06	1.357704e-09	3.105838e+01	3.619971e+02
2.940000e-06	5.812451e-06	1.364241e-09	3.125055e+01	3.636737e+02
2.950000e-06	5.848047e-06	1.370838e-09	3.144193e+01	3.653194e+02
2.960000e-06	5.883388e-06	1.377820e-09	3.163194e+01	3.669344e+02
2.970000e-06	5.918204e-06	1.384219e-09	3.181913e+01	3.685193e+02
2.980000e-06	5.952305e-06	1.390672e-09	3.200247e+01	3.700744e+02
2.990000e-06	5.985776e-06	1.398059e-09	3.218243e+01	3.716002e+02
3.000000e-06	6.018659e-06	1.405812e-09	3.235922e+01	3.730973e+02
3.010000e-06	6.050981e-06	1.413497e-09	3.253300e+01	3.745664e+02
3.020000e-06	6.082885e-06	1.419983e-09	3.270453e+01	3.760082e+02
3.030000e-06	6.114510e-06	1.423350e-09	3.287456e+01	3.774235e+02
3.040000e-06	6.145785e-06	1.425551e-09	3.304272e+01	3.788131e+02
3.050000e-06	6.176567e-06	1.430602e-09	3.320821e+01	3.801780e+02
3.060000e-06	6.206877e-06	1.438004e-09	3.337117e+01	3.815190e+02
3.070000e-06	6.236794e-06	1.444717e-09	3.353202e+01	3.828371e+02
3.080000e-06	6.266349e-06	1.450894e-09	3.369092e+01	3.841332e+02
3.090000e-06	6.295532e-06	1.457131e-09	3.384782e+01	3.854083e+02
3.100000e-06	6.324193e-06	1.461448e-09	3.400192e+01	3.866633e+02
3.110000e-06	6.352380e-06	1.465127e-09	3.415347e+01	3.878992e+02
3.120000e-06	6.380293e-06	1.470497e-09	3.430354e+01	3.891167e+02
3.130000e-06	6.407987e-06	1.475817e-09	3.445244e+01	3.903167e+02
3.140000e-06	6.435427e-06	1.480049e-09	3.459997e+01	3.915001e+02
3.150000e-06	6.462308e-06	1.483940e-09	3.474449e+01	3.926673e+02
3.160000e-06	6.488512e-06	1.488199e-09	3.488538e+01	3.938192e+02
3.170000e-06	6.514072e-06	1.492993e-09	3.502280e+01	3.949561e+02
3.180000e-06	6.538863e-06	1.497861e-09	3.515609e+01	3.960785e+02
3.190000e-06	6.562966e-06	1.502524e-09	3.528568e+01	3.971868e+02
3.200000e-06	6.586686e-06	1.507262e-09	3.541321e+01	3.982811e+02
3.210000e-06	6.610121e-06	1.511675e-09	3.553921e+01	3.993617e+02
3.220000e-06	6.633180e-06	1.515311e-09	3.566318e+01	4.004286e+02
3.230000e-06	6.655671e-06	1.519533e-09	3.578410e+01	4.014817e+02
3.240000e-06	6.677606e-06	1.524008e-09	3.590204e+01	4.025209e+02
3.250000e-06	6.699151e-06	1.528820e-09	3.601788e+01	4.035460e+02
3.260000e-06	6.720273e-06	1.535028e-09	3.613144e+01	4.045566e+02
3.270000e-06	6.740976e-06	1.540958e-09	3.624275e+01	4.055524e+02
3.280000e-06	6.761244e-06	1.545720e-09	3.635172e+01	4.065329e+02
3.290000e-06	6.781113e-06	1.549566e-09	3.645854e+01	4.074977e+02
3.300000e-06	6.800767e-06	1.553426e-09	3.656421e+01	4.084463e+02
3.310000e-06	6.820169e-06	1.557084e-09	3.666853e+01	4.093780e+02
3.320000e-06	6.838896e-06	1.560451e-09	3.676921e+01	4.102924e+02
3.330000e-06	6.856846e-06	1.564367e-09	3.686572e+01	4.111887e+02
3.340000e-06	6.874286e-06	1.569614e-09	3.695949e+01	4.120665e+02
3.350000e-06	6.891235e-06	1.574424e-09	3.705061e+01	4.129252e+02
3.360000e-06	6.907787e-06	1.577722e-09	3.713960e+01	4.137642e+02
3.370000e-06	6.924094e-06	1.581174e-09	3.722728e+01	4.145830e+02
3.380000e-06	6.939811e-06	1.584099e-09	3.731178e+01	4.153811e+02
3.390000e-06	6.954611e-06	1.585634e-09	3.739135e+01	4.161581e+02
3.400000e-06	6.968735e-06	1.587016e-09	3.746729e+01	4.169136e+02
3.410000e-06	6.982472e-06	1.589645e-09	3.754115e+01	4.176471e+02
3.420000e-06	6.995816e-06	1.592504e-09	3.761289e+01	4.183585e+02
3.430000e-06	7.008560e-06	1.595970e-09	3.768141e+01	4.190475e+02
3.440000e-06	7.020794e-06	1.600101e-09	3.774719e+01	4.197139e+02
3.450000e-06	7.032603e-06	1.604247e-09	3.781068e+01	4.203576e+02
3.460000e-06	7.043866e-06	1.608466e-09	3.787123e+01	4.209785e+02
3.470000e-06	7.054530e-06	1.610473e-09	3.792856e+01	4.215766e+02
3.480000e-06	7.064384e-06	1.610494e-09	3.798155e+01	4.221519e+02
3.490000e-06	7.073413e-06	1.611604e-09	3.803009e+01	4.227045e+02
3.500000e-06	7.081790e-06	1.614301e-09	3.807513e+01	4.232345e+02
3.510000e-06	7.089687e-06	1.617555e-09	3.811759e+01	4.237420e+02
3.520000e-06	7.097309e-06	1.620720e-09	3.815857e+01	4.242272e+02
3.530000e-06	7.104610e-06	1.623089e-09	3.819782e+01	4.246902e+02
3.540000e-06	7.111457e-06	1.625834e-09	3.823463e+01	4.251312e+02
3.550000e-06	7.117760e-06	1.629065e-09	3.826852e+01	4.255503e+02
3.560000e-06	7.123526e-06	1.631577e-09	3.829952e+01	4.259479e+02
3.570000e-06	7.128780e-06	1.633975e-09	3.832777e+01	4.263240e+02
3.580000e-06	7.133405e-06	1.637288e-09	3.835263e+01	4.266787e+02
3.590000e-06	7.137488e-06	1.641168e-09	3.837459e+01	4.270123e+02
3.600000e-06	7.141249e-06	1.644023e-09	3.839481e+01	4.273249e+02
3.610000e-06	7.144771e-06	1.645698e-09	3.841374e+01	4.276165e+02
3.620000e-06	7.147952e-06	1.647250e-09	3.843085e+01	4.278873e+02
3.630000e-06	7.150530e-06	1.648957e-09	3.844471e+01	4.281374e+02
3.640000e-06	7.152262e-06	1.651712e-09	3.845402e+01	4.283666e+02
3.650000e-06	7.153165e-06	1.654621e-09	3.845887e+01	4.285752e+02
3.660000e-06	7.153374e-06	1.656646e-09	3.846000e+01	4.287631e+02
3.670000e-06	7.153147e-06	1.658377e-09	3.845878e+01	4.289302e+02
3.680000e-06	7.152818e-06	1.659407e-09	3.845701e+01	4.290767e+02
3.690000e-06	7.152101e-06	1.660414e-09	3.845315e+01	4.292024e+02
3.700000e-06	7.150701e-06	1.662115e-09	3.844563e+01	4.293073e+02
3.710000e-06	7.148803e-06	1.664319e-09	3.843542e+01	4.293914e+02
3.720000e-06	7.146486e-06	1.666058e-09	3.842297e+01	4.294548e+02
3.730000e-06	7.143758e-06	1.661647e-09	3.840830e+01	4.294974e+02
3.740000e-06	7.140563e-06	1.648172e-09	3.839112e+01	4.295193e+02
3.750000e-06	7.136841e-06	1.656239e-09	3.837111e+01	4.295205e+02
3.760000e-06	7.132578e-06	1.718875e-09	3.834819e+01	4.295012e+02
3.770000e-06	7.127612e-06	1.748225e-09	3.832149e+01	4.294614e+02
3.780000e-06	7.121667e-06	1.645371e-09	3.828953e+01	4.294014e+02
3.790000e-06	7.115228e-06	1.559864e-09	3.825491e+01	4.293214e+02
3.800000e-06	7.108888e-06	1.671516e-09	3.822082e+01	4.292216e+02
3.810000e-06	7.102219e-06	1.780568e-09	3.818496e+01	4.291023e+02
3.820000e-06	7.094651e-06	1.659917e-09	3.814428e+01	4.289639e+02
3.830000e-06	7.086440e-06	1.547338e-09	3.810013e+01	4.288067e+02
3.840000e-06	7.078045e-06	1.708667e-09	3.805500e+01	4.286312e+02
3.850000e-06	7.069230e-06	1.851429e-09	3.800760e+01	4.284378e+02
3.860000e-06	7.059687e-06	1.652866e-09	3.795629e+01	4.282271e+02
3.870000e-06	7.049613e-06	1.474997e-09	3.790213e+01	4.279995e+02
3.880000e-06	7.039295e-06	1.681135e-09	3.784665e+01	4.277555e+02
3.890000e-06	7.028654e-06	1.854673e-09	3.778944e+01	4.274958e+02
3.900000e-06	7.017320e-06	1.648279e-09	3.772851e+01	4.272208e+02
3.910000e-06	7.005336e-06	1.523549e-09	3.766408e+01	4.269312e+02
3.920000e-06	6.992887e-06	1.746081e-09	3.759714e+01	4.266274e+02
3.930000e-06	6.979613e-06	1.808819e-09	3.752578e+01	4.263100e+02
3.940000e-06	6.965370e-06	1.565965e-09	3.744920e+01	4.259795e+02
3.950000e-06	6.950539e-06	1.561492e-09	3.736946e+01	4.256363e+02
3.960000e-06	6.935269e-06	1.790741e-09	3.728736e+01	4.252809e+02
3.970000e-06	6.919436e-06	1.733866e-09	3.720223e+01	4.249137e+02
3.980000e-06	6.903162e-06	1.559365e-09	3.711474e+01	4.245351e+02
3.990000e-06	6.886533e-06	1.682498e-09	3.702533e+01	4.241452e+02
4.000000e-06	6.869409e-06	1.773090e-09	3.693327e+01	4.237444e+02
4.010000e-06	6.851708e-06	1.582162e-09	3.683809e+01	4.233327e+02
4.020000e-06	6.833534e-06	1.566844e-09	3.674038e+01	4.229104e+02
4.030000e-06	6.814916e-06	1.774696e-09	3.664028e+01	4.224774e+02
4.040000e-06	6.795737e-06	1.719084e-09	3.653717e+01	4.220338e+02
4.050000e-06	6.775992e-06	1.552041e-09	3.643101e+01	4.215795e+02
4.060000e-06	6.755871e-06	1.669744e-09	3.632283e+01	4.211143e+02
4.070000e-06	6.735562e-06	1.760811e-09	3.621364e+01	4.206381e+02
4.080000e-06	6.714998e-06	1.604474e-09	3.610308e+01	4.201507e+02
4.090000e-06	6.694001e-06	1.590339e-09	3.599019e+01	4.196518e+02
4.100000e-06	6.672291e-06	1.731018e-09	3.587347e+01	4.191411e+02
4.110000e-06	6.649574e-06	1.679319e-09	3.575133e+01	4.186182e+02
4.120000e-06	6.626038e-06	1.598104e-09	3.562479e+01	4.180829e+02
4.130000e-06	6.602152e-06	1.686624e-09	3.549636e+01	4.175347e+02
4.140000e-06	6.577979e-06	1.691380e-09	3.536640e+01	4.169733e+02
4.150000e-06	6.553519e-06	1.595037e-09	3.523489e+01	4.163983e+02
4.160000e-06	6.528650e-06	1.636442e-09	3.510118e+01	4.158093e+02
4.170000e-06	6.503270e-06	1.699426e-09	3.496472e+01	4.152059e+02
4.180000e-06	6.477355e-06	1.644227e-09	3.482539e+01	4.145879e+02
4.190000e-06	6.450827e-06	1.629233e-09	3.468277e+01	4.139547e+02
4.200000e-06	6.423860e-06	1.667636e-09	3.453778e+01	4.133062e+02
4.210000e-06	6.396504e-06	1.642688e-09	3.439070e+01	4.126421e+02
4.220000e-06	6.368693e-06	1.623479e-09	3.424118e+01	4.119620e+02
4.230000e-06	6.340549e-06	1.648440e-09	3.408986e+01	4.112657e+02
4.240000e-06	6.312124e-06	1.644187e-09	3.393703e+01	4.105529e+02
4.250000e-06	6.283385e-06	1.632129e-09	3.378252e+01	4.098235e+02
4.260000e-06	6.254163e-06	1.641273e-09	3.362541e+01	4.090772e+02
4.270000e-06	6.224177e-06	1.638799e-09	3.346418e+01	4.083139e+02
4.280000e-06	6.193455e-06	1.632504e-09	3.329901e+01	4.075334e+02
4.290000e-06	6.162118e-06	1.627378e-09	3.313053e+01	4.067355e+02
4.300000e-06	6.130272e-06	1.617662e-09	3.295931e+01	4.059199e+02
4.310000e-06	6.098093e-06	1.628317e-09	3.278630e+01	4.050866e+02
4.320000e-06	6.065619e-06	1.635346e-09	3.261170e+01	4.042354e+02
4.330000e-06	6.032849e-06	1.614648e-09	3.243552e+01	4.033659e+02
4.340000e-06	5.999587e-06	1.612642e-09	3.225668e+01	4.024780e+02
4.350000e-06	5.965784e-06	1.621878e-09	3.207494e+01	4.015713e+02
4.360000e-06	5.931677e-06	1.606349e-09	3.189157e+01	4.006455e+02
4.370000e-06	5.897171e-06	1.605800e-09	3.170604e+01	3.997003e+02
4.380000e-06	5.862153e-06	1.620163e-09	3.151777e+01	3.987352e+02
4.390000e-06	5.826681e-06	1.604434e-09	3.132705e+01	3.977499e+02
4.400000e-06	5.790933e-06	1.593489e-09	3.113486e+01	3.967438e+02
4.410000e-06	5.754962e-06	1.608490e-09	3.094146e+01	3.957163e+02
4.420000e-06	5.718774e-06	1.603123e-09	3.074689e+01	3.946670e+02
4.430000e-06	5.682408e-06	1.585380e-09	3.055137e+01	3.935951e+02
4.440000e-06	5.645648e-06	1.588433e-09	3.035373e+01	3.925000e+02
4.450000e-06	5.608116e-06	1.591056e-09	3.015194e+01	3.913810e+02
4.460000e-06	5.569942e-06	1.582852e-09	2.994670e+01	3.902375e+02
4.470000e-06	5.531086e-06	1.579908e-09	2.973780e+01	3.890688e+02
4.480000e-06	5.491413e-06	1.576791e-09	2.952449e+01	3.878740e+02
4.490000e-06	5.451363e-06	1.568566e-09	2.930916e+01	3.866525e+02
4.500000e-06	5.411097e-06	1.563517e-09	2.909268e+01	3.854037e+02
4.510000e-06	5.370562e-06	1.561762e-09	2.887474e+01	3.841268e+02
4.520000e-06	5.329784e-06	1.558437e-09	2.865550e+01	3.828213e+02
4.530000e-06	5.288735e-06	1.551781e-09	2.843480e+01	3.814865e+02
4.540000e-06	5.247350e-06	1.545963e-09	2.821229e+01	3.801220e+02
4.550000e-06	5.205564e-06	1.544435e-09	2.798763e+01	3.787273e+02
4.560000e-06	5.163331e-06	1.541210e-09	2.776056e+01	3.773021e+02
4.570000e-06	5.120828e-06	1.533077e-09	2.753205e+01	3.758461e+02
4.580000e-06	5.078037e-06	1.527296e-09	2.730198e+01	3.743591e+02
4.590000e-06	5.034772e-06	1.525735e-09	2.706937e+01	3.728411e+02
4.600000e-06	4.991085e-06	1.522531e-09	2.683449e+01	3.712921e+02
4.610000e-06	4.947124e-06	1.515884e-09	2.659813e+01	3.697122e+02
4.620000e-06	4.902966e-06	1.508049e-09	2.636072e+01	3.681015e+02
4.630000e-06	4.858639e-06	1.500772e-09	2.612239e+01	3.664606e+02
4.640000e-06	4.814100e-06	1.494130e-09	2.588293e+01	3.647898e+02
4.650000e-06	4.769148e-06	1.487798e-09	2.564125e+01	3.630895e+02
4.660000e-06	4.723828e-06	1.482027e-09	2.539758e+01	3.613604e+02
4.670000e-06	4.678137e-06	1.476113e-09	2.515193e+01	3.596032e+02
4.680000e-06	4.631935e-06	1.467407e-09	2.490353e+01	3.578186e+02
4.690000e-06	4.585419e-06	1.458349e-09	2.465343e+01	3.560073e+02
4.700000e-06	4.538667e-06	1.451810e-09	2.440207e+01	3.541702e+02
4.710000e-06	4.491636e-06	1.444928e-09	2.414921e+01	3.523080e+02
4.720000e-06	4.444412e-06	1.435772e-09	2.389531e+01	3.504216e+02
4.730000e-06	4.396899e-06	1.426630e-09	2.363986e+01	3.485118e+02
4.740000e-06	4.349102e-06	1.419619e-09	2.338288e+01	3.465793e+02
4.750000e-06	4.300921e-06	1.412993e-09	2.312383e+01	3.446249e+02
4.760000e-06	4.252135e-06	1.404528e-09	2.286153e+01	3.426493e+02
4.770000e-06	4.202868e-06	1.395655e-09	2.259665e+01	3.406530e+02
4.780000e-06	4.153359e-06	1.387254e-09	2.233047e+01	3.386365e+02
4.790000e-06	4.103582e-06	1.379528e-09	2.206284e+01	3.366002e+02
4.800000e-06	4.053376e-06	1.371934e-09	2.179291e+01	3.345444e+02
4.810000e-06	4.002909e-06	1.362705e-09	2.152158e+01	3.324693e+02
4.820000e-06	3.952323e-06	1.353067e-09	2.124960e+01	3.303750e+02
4.830000e-06	3.901383e-06	1.344318e-09	2.097572e+01	3.282613e+02
4.840000e-06	3.850037e-06	1.336514e-09	2.069966e+01	3.261281e+02
4.850000e-06	3.798436e-06	1.329512e-09	2.042223e+01	3.239749e+02
4.860000e-06	3.746589e-06	1.322115e-09	2.014347e+01	3.218015e+02
4.870000e-06	3.694493e-06	1.313010e-09	1.986338e+01	3.196072e+02
4.880000e-06	3.642155e-06	1.303075e-09	1.958199e+01	3.173912e+02
4.890000e-06	3.589581e-06	1.293685e-09	1.929932e+01	3.151530e+02
4.900000e-06	3.536668e-06	1.284241e-09	1.901484e+01	3.128915e+02
4.910000e-06	3.483402e-06	1.274819e-09	1.872846e+01	3.106059e+02
4.920000e-06	3.429658e-06	1.266410e-09	1.843950e+01	3.082952e+02
4.930000e-06	3.375505e-06	1.259095e-09	1.814835e+01	3.059583e+02
4.940000e-06	3.321002e-06	1.252125e-09	1.785531e+01	3.035942e+02
4.950000e-06	3.265997e-06	1.243804e-09	1.755958e+01	3.012018e+02
4.960000e-06	3.210627e-06	1.233461e-09	1.726188e+01	2.987800e+02
4.970000e-06	3.155044e-06	1.222715e-09	1.696304e+01	2.963277e+02
4.980000e-06	3.099261e-06	1.212922e-09	1.666312e+01	2.938439e+02
4.990000e-06	3.043221e-06	1.204115e-09	1.636183e+01	2.913277e+02
5.000000e-06	2.986997e-06	1.195925e-09	1.605954e+01	2.887780e+02
5.010000e-06	2.930724e-06	1.186225e-09	1.575699e+01	2.861940e+02
5.020000e-06	2.874366e-06	1.174553e-09	1.545398e+01	2.835750e+02
5.030000e-06	2.817834e-06	1.162778e-09	1.515004e+01	2.809200e+02
5.040000e-06	2.761064e-06	1.151457e-09	1.484481e+01	2.782286e+02
5.050000e-06	2.704142e-06	1.139437e-09	1.453878e+01	2.755000e+02
5.060000e-06	2.647047e-06	1.127174e-09	1.423180e+01	2.727337e+02
5.070000e-06	2.589737e-06	1.116252e-09	1.392368e+01	2.699294e+02
5.080000e-06	2.532324e-06	1.106377e-09	1.361500e+01	2.670864e+02
5.090000e-06	2.474662e-06	1.096529e-09	1.330498e+01	2.642044e+02
5.100000e-06	2.416805e-06	1.085637e-09	1.299391e+01	2.612831e+02
5.110000e-06	2.358864e-06	1.072730e-09	1.268239e+01	2.583221e+02
5.120000e-06	2.300778e-06	1.058739e-09	1.237009e+01	2.553209e+02
5.130000e-06	2.242442e-06	1.045883e-09	1.205645e+01	2.522793e+02
5.140000e-06	2.183819e-06	1.033929e-09	1.174127e+01	2.491967e+02
5.150000e-06	2.125085e-06	1.021481e-09	1.142549e+01	2.460726e+02
5.160000e-06	2.066226e-06	1.008201e-09	1.110903e+01	2.429063e+02
5.170000e-06	2.007246e-06	9.954946e-10	1.079193e+01	2.396972e+02
5.180000e-06	1.948067e-06	9.825950e-10	1.047375e+01	2.364444e+02
5.190000e-06	1.888703e-06	9.688313e-10	1.015458e+01	2.331468e+02
5.200000e-06	1.829257e-06	9.550415e-10	9.834973e+00	2.298035e+02
5.210000e-06	1.769707e-06	9.404102e-10	9.514801e+00	2.264129e+02
5.220000e-06	1.710101e-06	9.247545e-10	9.194328e+00	2.229736e+02
5.230000e-06	1.650303e-06	9.085224e-10	8.872827e+00	2.194840e+02
5.240000e-06	1.590409e-06	8.931980e-10	8.550809e+00	2.159422e+02
5.250000e-06	1.530529e-06	8.795941e-10	8.228863e+00	2.123462e+02
5.260000e-06	1.470539e-06	8.677638e-10	7.906330e+00	2.086937e+02
5.270000e-06	1.410474e-06	8.556315e-10	7.583391e+00	2.049824e+02
5.280000e-06	1.350405e-06	8.403103e-10	7.260428e+00	2.012099e+02
5.290000e-06	1.290304e-06	8.224402e-10	6.937298e+00	1.973734e+02
5.300000e-06	1.230109e-06	8.033567e-10	6.613661e+00	1.934703e+02
5.310000e-06	1.169818e-06	7.840619e-10	6.289510e+00	1.894978e+02
5.320000e-06	1.109482e-06	7.646853e-10	5.965114e+00	1.854531e+02
5.330000e-06	1.049073e-06	7.462904e-10	5.640322e+00	1.813333e+02
5.340000e-06	9.886580e-07	7.305837e-10	5.315504e+00	1.771357e+02
5.350000e-06	9.282868e-07	7.152510e-10	4.990919e+00	1.728575e+02
5.360000e-06	8.679127e-07	6.976688e-10	4.666319e+00	1.684962e+02
5.370000e-06	8.074891e-07	6.785518e-10	4.341452e+00	1.640493e+02
5.380000e-06	7.470394e-07	6.583295e-10	4.016445e+00	1.595146e+02
5.390000e-06	6.866365e-07	6.373706e-10	3.691690e+00	1.548902e+02
5.400000e-06	6.261645e-07	6.164915e-10	3.366563e+00	1.501742e+02
5.410000e-06	5.655955e-07	5.957260e-10	3.040915e+00	1.453655e+02
5.420000e-06	5.049568e-07	5.753768e-10	2.714892e+00	1.404629e+02
5.430000e-06	4.441543e-07	5.552622e-10	2.387989e+00	1.354659e+02
5.440000e-06	3.832824e-07	5.353063e-10	2.060712e+00	1.303744e+02
5.450000e-06	3.225128e-07	5.154378e-10	1.733985e+00	1.251886e+02
5.460000e-06	2.617029e-07	4.943674e-10	1.407042e+00	1.199093e+02
5.470000e-06	2.007419e-07	4.708595e-10	1.079285e+00	1.145377e+02
5.480000e-06	1.398216e-07	4.468255e-10	7.517487e-01	1.090758e+02
5.490000e-06	7.893839e-08	4.241761e-10	4.244110e-01	1.035257e+02
5.500000e-06	1.809573e-08	4.014352e-10	9.729142e-02	9.789030e+01
5.510000e-06	-4.256297e-08	3.779920e-10	-2.288391e-01	9.217290e+01
5.520000e-06	-1.032034e-07	3.545584e-10	-5.548715e-01	8.637730e+01
5.530000e-06	-1.638809e-07	3.317463e-10	-8.811029e-01	8.050779e+01
5.540000e-06	-2.245676e-07	3.098308e-10	-1.207384e+00	7.456908e+01
5.550000e-06	-2.854019e-07	2.868748e-10	-1.534458e+00	6.856633e+01
5.560000e-06	-3.462433e-07	2.616563e-10	-1.861571e+00	6.250505e+01
5.570000e-06	-4.069252e-07	2.363259e-10	-2.187827e+00	5.639110e+01
5.580000e-06	-4.675513e-07	2.123981e-10	-2.513782e+00	5.023063e+01
5.590000e-06	-5.281992e-07	1.881633e-10	-2.839855e+00	4.403003e+01
5.600000e-06	-5.887998e-07	1.629107e-10	-3.165673e+00	3.779589e+01
5.610000e-06	-6.493958e-07	1.367005e-10	-3.491466e+00	3.153493e+01
5.620000e-06	-7.100703e-07	1.106735e-10	-3.817681e+00	2.525394e+01
5.630000e-06	-7.706630e-07	8.588230e-11	-4.143457e+00	1.895977e+01
5.640000e-06	-8.311481e-07	6.151761e-11	-4.468654e+00	1.265919e+01
5.650000e-06	-8.915993e-07	3.730158e-11	-4.793669e+00	6.358928e+00
5.660000e-06	-9.520308e-07	1.299699e-11	-5.118578e+00	6.554463e-02
5.670000e-06	-1.012425e-06	-1.163536e-11	-5.443288e+00	-6.214582e+00
5.680000e-06	-1.072739e-06	-3.677836e-11	-5.767561e+00	-1.247532e+01
5.690000e-06	-1.133028e-06	-6.189350e-11	-6.091706e+00	-1.871080e+01
5.700000e-06	-1.193311e-06	-8.728506e-11	-6.415819e+00	-2.491552e+01
5.710000e-06	-1.253507e-06	-1.122302e-10	-6.739459e+00	-3.108429e+01
5.720000e-06	-1.313646e-06	-1.356591e-10	-7.062797e+00	-3.721233e+01
5.730000e-06	-1.373761e-06	-1.589934e-10	-7.386004e+00	-4.329530e+01
5.740000e-06	-1.433824e-06	-1.829249e-10	-7.708931e+00	-4.932924e+01
5.750000e-06	-1.493831e-06	-2.074117e-10	-8.031558e+00	-5.531068e+01
5.760000e-06	-1.553698e-06	-2.325912e-10	-8.353433e+00	-6.123657e+01
5.770000e-06	-1.613520e-06	-2.574575e-10	-8.675063e+00	-6.710434e+01
5.780000e-06	-1.673228e-06	-2.813714e-10	-8.996084e+00	-7.291184e+01
5.790000e-06	-1.732656e-06	-3.049847e-10	-9.315596e+00	-7.865736e+01
5.800000e-06	-1.792005e-06	-3.288046e-10	-9.634685e+00	-8.433964e+01
5.810000e-06	-1.851400e-06	-3.524144e-10	-9.954023e+00	-8.995776e+01
5.820000e-06	-1.910661e-06	-3.752317e-10	-1.027264e+01	-9.551123e+01
5.830000e-06	-1.969727e-06	-3.983679e-10	-1.059020e+01	-1.009999e+02
5.840000e-06	-2.028668e-06	-4.219411e-10	-1.090710e+01	-1.064238e+02
5.850000e-06	-2.087441e-06	-4.445737e-10	-1.122309e+01	-1.117834e+02
5.860000e-06	-2.145978e-06	-4.658452e-10	-1.153782e+01	-1.170794e+02
5.870000e-06	-2.204330e-06	-4.861584e-10	-1.185154e+01	-1.223125e+02
5.880000e-06	-2.262573e-06	-5.070432e-10	-1.216469e+01	-1.274838e+02
5.890000e-06	-2.320735e-06	-5.298011e-10	-1.247739e+01	-1.325944e+02
5.900000e-06	-2.378684e-06	-5.532472e-10	-1.278896e+01	-1.376455e+02
5.910000e-06	-2.436410e-06	-5.757211e-10	-1.309932e+01	-1.426382e+02
5.920000e-06	-2.494068e-06	-5.970053e-10	-1.340932e+01	-1.475738e+02
5.930000e-06	-2.551547e-06	-6.175709e-10	-1.371835e+01	-1.524536e+02
5.940000e-06	-2.608799e-06	-6.380549e-10	-1.402617e+01	-1.572785e+02
5.950000e-06	-2.665860e-06	-6.584681e-10	-1.433295e+01	-1.620498e+02
5.960000e-06	-2.722607e-06	-6.784340e-10	-1.463805e+01	-1.667682e+02
5.970000e-06	-2.779085e-06	-6.981221e-10	-1.494170e+01	-1.714347e+02
5.980000e-06	-2.835475e-06	-7.186863e-10	-1.524489e+01	-1.760498e+02
5.990000e-06	-2.891825e-06	-7.390915e-10	-1.554785e+01	-1.806141e+02
6.000000e-06	-2.948097e-06	-7.588018e-10	-1.585039e+01	-1.851279e+02
6.010000e-06	-3.004133e-06	-7.780425e-10	-1.615167e+01	-1.895913e+02
6.020000e-06	-3.060028e-06	-7.956836e-10	-1.645219e+01	-1.940043e+02
6.030000e-06	-3.115775e-06	-8.125461e-10	-1.675191e+01	-1.983668e+02
6.040000e-06	-3.171204e-06	-8.301615e-10	-1.704993e+01	-2.026785e+02
6.050000e-06	-3.226334e-06	-8.481642e-10	-1.734633e+01	-2.069389e+02
6.060000e-06	-3.281089e-06	-8.657505e-10	-1.764072e+01	-2.111474e+02
6.070000e-06	-3.335433e-06	-8.825472e-10	-1.793290e+01	-2.153034e+02
6.080000e-06	-3.389331e-06	-8.986839e-10	-1.822268e+01	-2.194061e+02
6.090000e-06	-3.442717e-06	-9.151508e-10	-1.850971e+01	-2.234546e+02
6.100000e-06	-3.495695e-06	-9.319464e-10	-1.879455e+01	-2.274481e+02
6.110000e-06	-3.548497e-06	-9.480664e-10	-1.907844e+01	-2.313858e+02
6.120000e-06	-3.601082e-06	-9.638833e-10	-1.936116e+01	-2.352667e+02
6.130000e-06	-3.653355e-06	-9.798403e-10	-1.964221e+01	-2.390900e+02
6.140000e-06	-3.705407e-06	-9.952244e-10	-1.992206e+01	-2.428549e+02
6.150000e-06	-3.757300e-06	-1.010287e-09	-2.020106e+01	-2.465607e+02
6.160000e-06	-3.808875e-06	-1.025505e-09	-2.047836e+01	-2.502069e+02
6.170000e-06	-3.860104e-06	-1.040447e-09	-2.075379e+01	-2.537929e+02
6.180000e-06	-3.911099e-06	-1.054806e-09	-2.102796e+01	-2.573183e+02
6.190000e-06	-3.961772e-06	-1.069790e-09	-2.130040e+01	-2.607830e+02
6.200000e-06	-4.012100e-06	-1.085390e-09	-2.157099e+01	-2.641868e+02
6.210000e-06	-4.062200e-06	-1.099345e-09	-2.184035e+01	-2.675299e+02
6.220000e-06	-4.112051e-06	-1.111608e-09	-2.210838e+01	-2.708125e+02
6.230000e-06	-4.161536e-06	-1.123831e-09	-2.237443e+01	-2.740349e+02
6.240000e-06	-4.210507e-06	-1.136359e-09	-2.263772e+01	-2.771978e+02
6.250000e-06	-4.258878e-06	-1.148951e-09	-2.289779e+01	-2.803020e+02
6.260000e-06	-4.306767e-06	-1.161088e-09	-2.315526e+01	-2.833482e+02
6.270000e-06	-4.354264e-06	-1.172717e-09	-2.341063e+01	-2.863374e+02
6.280000e-06	-4.401536e-06	-1.184123e-09	-2.366479e+01	-2.892709e+02
6.290000e-06	-4.448631e-06	-1.196121e-09	-2.391799e+01	-2.921498e+02
6.300000e-06	-4.495365e-06	-1.208024e-09	-2.416926e+01	-2.949754e+02
6.310000e-06	-4.541796e-06	-1.218764e-09	-2.441889e+01	-2.977493e+02
6.320000e-06	-4.587959e-06	-1.228892e-09	-2.466709e+01	-3.004728e+02
6.330000e-06	-4.633850e-06	-1.238957e-09	-2.491382e+01	-3.031474e+02
6.340000e-06	-4.679447e-06	-1.249797e-09	-2.515897e+01	-3.057747e+02
6.350000e-06	-4.724676e-06	-1.260584e-09	-2.540215e+01	-3.083561e+02
6.360000e-06	-4.769553e-06	-1.270306e-09	-2.564342e+01	-3.108933e+02
6.370000e-06	-4.814117e-06	-1.279595e-09	-2.588302e+01	-3.133875e+02
6.380000e-06	-4.858500e-06	-1.289547e-09	-2.612165e+01	-3.158403e+02
6.390000e-06	-4.902676e-06	-1.300005e-09	-2.635916e+01	-3.182530e+02
6.400000e-06	-4.946692e-06	-1.309891e-09	-2.659581e+01	-3.206269e+02
6.410000e-06	-4.990408e-06	-1.319617e-09	-2.683085e+01	-3.229631e+02
6.420000e-06	-5.033688e-06	-1.329266e-09	-2.706354e+01	-3.252626e+02
6.430000e-06	-5.076506e-06	-1.338845e-09	-2.729375e+01	-3.275265e+02
6.440000e-06	-5.118910e-06	-1.349678e-09	-2.752174e+01	-3.297557e+02
6.450000e-06	-5.161077e-06	-1.360152e-09	-2.774844e+01	-3.319508e+02
6.460000e-06	-5.202939e-06	-1.367352e-09	-2.797352e+01	-3.341125e+02
6.470000e-06	-5.244531e-06	-1.373220e-09	-2.819713e+01	-3.362413e+02
6.480000e-06	-5.285718e-06	-1.380794e-09	-2.841858e+01	-3.383378e+02
6.490000e-06	-5.326442e-06	-1.389174e-09	-2.863753e+01	-3.404021e+02
6.500000e-06	-5.366887e-06	-1.397180e-09	-2.885498e+01	-3.424346e+02
6.510000e-06	-5.407096e-06	-1.405546e-09	-2.907116e+01	-3.444354e+02
6.520000e-06	-5.447095e-06	-1.414984e-09	-2.928622e+01	-3.464047e+02
6.530000e-06	-5.486778e-06	-1.424949e-09	-2.949957e+01	-3.483425e+02
6.540000e-06	-5.525964e-06	-1.433264e-09	-2.971026e+01	-3.502489e+02
6.550000e-06	-5.564476e-06	-1.439105e-09	-2.991732e+01	-3.521238e+02
6.560000e-06	-5.602250e-06	-1.444261e-09	-3.012040e+01	-3.539673e+02
6.570000e-06	-5.639448e-06	-1.450326e-09	-3.032040e+01	-3.557793e+02
6.580000e-06	-5.676109e-06	-1.457734e-09	-3.051751e+01	-3.575599e+02
6.590000e-06	-5.712395e-06	-1.465944e-09	-3.071260e+01	-3.593091e+02
6.600000e-06	-5.748426e-06	-1.473765e-09	-3.090632e+01	-3.610270e+02
6.610000e-06	-5.784233e-06	-1.480551e-09	-3.109883e+01	-3.627137e+02
6.620000e-06	-5.819874e-06	-1.487095e-09	-3.129046e+01	-3.643695e+02
6.630000e-06	-5.855079e-06	-1.494067e-09	-3.147974e+01	-3.659946e+02
6.640000e-06	-5.889734e-06	-1.500852e-09	-3.166606e+01	-3.675893e+02
6.650000e-06	-5.923990e-06	-1.505721e-09	-3.185024e+01	-3.691542e+02
6.660000e-06	-5.957934e-06	-1.510399e-09	-3.203273e+01	-3.706895e+02
6.670000e-06	-5.991330e-06	-1.516851e-09	-3.221229e+01	-3.721960e+02
6.680000e-06	-6.024182e-06	-1.523586e-09	-3.238892e+01	-3.736742e+02
6.690000e-06	-6.056790e-06	-1.530024e-09	-3.256423e+01	-3.751249e+02
6.700000e-06	-6.088990e-06	-1.535218e-09	-3.273736e+01	-3.765488e+02
6.710000e-06	-6.120872e-06	-1.540956e-09	-3.290877e+01	-3.779467e+02
6.720000e-06	-6.152557e-06	-1.549092e-09	-3.307912e+01	-3.793196e+02
6.730000e-06	-6.183763e-06	-1.555873e-09	-3.324690e+01	-3.806683e+02
6.740000e-06	-6.214308e-06	-1.559551e-09	-3.341113e+01	-3.819938e+02
6.750000e-06	-6.244038e-06	-1.562459e-09	-3.357097e+01	-3.832970e+02
6.760000e-06	-6.273112e-06	-1.565925e-09	-3.372728e+01	-3.845788e+02
6.770000e-06	-6.301694e-06	-1.570042e-09	-3.388095e+01	-3.858403e+02
6.780000e-06	-6.329932e-06	-1.574053e-09	-3.403277e+01	-3.870823e+02
6.790000e-06	-6.357924e-06	-1.578131e-09	-3.418327e+01	-3.883057e+02
6.800000e-06	-6.385623e-06	-1.584337e-09	-3.433220e+01	-3.895114e+02
6.810000e-06	-6.412790e-06	-1.592751e-09	-3.447826e+01	-3.907000e+02
6.820000e-06	-6.439358e-06	-1.600116e-09	-3.462110e+01	-3.918724e+02
6.830000e-06	-6.465553e-06	-1.603374e-09	-3.476194e+01	-3.930292e+02
6.840000e-06	-6.491310e-06	-1.603785e-09	-3.490042e+01	-3.941709e+02
6.850000e-06	-6.516457e-06	-1.604836e-09	-3.503562e+01	-3.952980e+02
6.860000e-06	-6.541139e-06	-1.608696e-09	-3.516833e+01	-3.964108e+02
6.870000e-06	-6.565568e-06	-1.614294e-09	-3.529967e+01	-3.975096e+02
6.880000e-06	-6.589567e-06	-1.619011e-09	-3.542870e+01	-3.985947e+02
6.890000e-06	-6.613245e-06	-1.622403e-09	-3.555600e+01	-3.996660e+02
6.900000e-06	-6.636598e-06	-1.625728e-09	-3.568156e+01	-4.007235e+02
6.910000e-06	-6.659213e-06	-1.629713e-09	-3.580315e+01	-4.017673e+02
6.920000e-06	-6.681012e-06	-1.633166e-09	-3.592035e+01	-4.027969e+02
6.930000e-06	-6.702090e-06	-1.636274e-09	-3.603368e+01	-4.038122e+02
6.940000e-06	-6.722632e-06	-1.639107e-09	-3.614412e+01	-4.048128e+02
6.950000e-06	-6.742849e-06	-1.641499e-09	-3.625282e+01	-4.057984e+02
6.960000e-06	-6.762706e-06	-1.645442e-09	-3.635958e+01	-4.067684e+02
6.970000e-06	-6.782226e-06	-1.650114e-09	-3.646453e+01	-4.077222e+02
6.980000e-06	-6.801237e-06	-1.652824e-09	-3.656674e+01	-4.086595e+02
6.990000e-06	-6.819753e-06	-1.654590e-09	-3.666629e+01	-4.095796e+02
7.000000e-06	-6.837843e-06	-1.657147e-09	-3.676355e+01	-4.104819e+02
7.010000e-06	-6.855466e-06	-1.660208e-09	-3.685830e+01	-4.113658e+02
7.020000e-06	-6.872700e-06	-1.662837e-09	-3.695096e+01	-4.122308e+02
7.030000e-06	-6.889477e-06	-1.663750e-09	-3.704116e+01	-4.130763e+02
7.040000e-06	-6.905895e-06	-1.663534e-09	-3.712943e+01	-4.139017e+02
7.050000e-06	-6.922041e-06	-1.664675e-09	-3.721624e+01	-4.147066e+02
7.060000e-06	-6.937827e-06	-1.668550e-09	-3.730112e+01	-4.154905e+02
7.070000e-06	-6.952996e-06	-1.673063e-09	-3.738267e+01	-4.162531e+02
7.080000e-06	-6.967047e-06	-1.676497e-09	-3.745822e+01	-4.169938e+02
7.090000e-06	-6.980240e-06	-1.679422e-09	-3.752915e+01	-4.177125e+02
7.100000e-06	-6.992930e-06	-1.682837e-09	-3.759738e+01	-4.184088e+02
7.110000e-06	-7.005054e-06	-1.686378e-09	-3.766256e+01	-4.190826e+02
7.120000e-06	-7.016733e-06	-1.688355e-09	-3.772535e+01	-4.197337e+02
7.130000e-06	-7.027813e-06	-1.689439e-09	-3.778492e+01	-4.203621e+02
7.140000e-06	-7.038311e-06	-1.690927e-09	-3.784137e+01	-4.209677e+02
7.150000e-06	-7.048398e-06	-1.693157e-09	-3.789560e+01	-4.215504e+02
7.160000e-06	-7.058099e-06	-1.695671e-09	-3.794775e+01	-4.221105e+02
7.170000e-06	-7.067294e-06	-1.696819e-09	-3.799719e+01	-4.226478e+02
7.180000e-06	-7.076011e-06	-1.697253e-09	-3.804406e+01	-4.231627e+02
7.190000e-06	-7.084416e-06	-1.698743e-09	-3.808925e+01	-4.236551e+02
7.200000e-06	-7.092473e-06	-1.700783e-09	-3.813256e+01	-4.241253e+02
7.210000e-06	-7.100115e-06	-1.701798e-09	-3.817365e+01	-4.245735e+02
7.220000e-06	-7.107130e-06	-1.701232e-09	-3.821137e+01	-4.249998e+02
7.230000e-06	-7.113369e-06	-1.701692e-09	-3.824491e+01	-4.254044e+02
7.240000e-06	-7.118809e-06	-1.703931e-09	-3.827416e+01	-4.257875e+02
7.250000e-06	-7.123521e-06	-1.706484e-09	-3.829949e+01	-4.261492e+02
7.260000e-06	-7.127878e-06	-1.707869e-09	-3.832292e+01	-4.264897e+02
7.270000e-06	-7.132028e-06	-1.707788e-09	-3.834523e+01	-4.268091e+02
7.280000e-06	-7.135769e-06	-1.707613e-09	-3.836535e+01	-4.271076e+02
7.290000e-06	-7.138900e-06	-1.707750e-09	-3.838218e+01	-4.273852e+02
7.300000e-06	-7.141478e-06	-1.707442e-09	-3.839604e+01	-4.276420e+02
7.310000e-06	-7.143618e-06	-1.706159e-09	-3.840754e+01	-4.278780e+02
7.320000e-06	-7.145330e-06	-1.705524e-09	-3.841675e+01	-4.280933e+02
7.330000e-06	-7.146287e-06	-1.706273e-09	-3.842190e+01	-4.282880e+02
7.340000e-06	-7.146709e-06	-1.708028e-09	-3.842416e+01	-4.284619e+02
