# Temperatura_=_-14.0
# Concentracion g/m^3_=_7400.0
# C_Vs_to_Am_M_A/Vsm_=_254322799225.57578
# pendiente_HvsI_1/m_=_3716.3
# ordenada_HvsI_A/m_=_1297.0
# frecuencia_Hz_=_136122.23529643405

Tiempo_(s)	Campo_(V.s)	Magnetizacion_(V.s)	Campo_(kA/m)	Magnetizacion_(A/m)
0.000000e+00	-7.152647e-06	-1.475986e-09	-3.841350e+01	-3.692613e+02
1.000000e-08	-7.152673e-06	-1.475850e-09	-3.841363e+01	-3.692960e+02
2.000000e-08	-7.152359e-06	-1.475692e-09	-3.841195e+01	-3.693133e+02
3.000000e-08	-7.151535e-06	-1.473778e-09	-3.840752e+01	-3.693136e+02
4.000000e-08	-7.150062e-06	-1.471136e-09	-3.839961e+01	-3.692974e+02
5.000000e-08	-7.147981e-06	-1.469701e-09	-3.838844e+01	-3.692654e+02
6.000000e-08	-7.145273e-06	-1.470181e-09	-3.837389e+01	-3.692179e+02
7.000000e-08	-7.141894e-06	-1.474304e-09	-3.835575e+01	-3.691556e+02
8.000000e-08	-7.138044e-06	-1.476234e-09	-3.833507e+01	-3.690791e+02
9.000000e-08	-7.133693e-06	-1.459317e-09	-3.831171e+01	-3.689887e+02
1.000000e-07	-7.128613e-06	-1.428227e-09	-3.828442e+01	-3.688849e+02
1.100000e-07	-7.122793e-06	-1.437820e-09	-3.825317e+01	-3.687683e+02
1.200000e-07	-7.116699e-06	-1.503248e-09	-3.822044e+01	-3.686392e+02
1.300000e-07	-7.110482e-06	-1.516789e-09	-3.818705e+01	-3.684978e+02
1.400000e-07	-7.103791e-06	-1.426590e-09	-3.815111e+01	-3.683446e+02
1.500000e-07	-7.096411e-06	-1.395820e-09	-3.811148e+01	-3.681797e+02
1.600000e-07	-7.088585e-06	-1.495550e-09	-3.806945e+01	-3.680031e+02
1.700000e-07	-7.080494e-06	-1.516702e-09	-3.802600e+01	-3.678150e+02
1.800000e-07	-7.071935e-06	-1.382119e-09	-3.798003e+01	-3.676153e+02
1.900000e-07	-7.062537e-06	-1.355320e-09	-3.792956e+01	-3.674039e+02
2.000000e-07	-7.052415e-06	-1.515430e-09	-3.787520e+01	-3.671806e+02
2.100000e-07	-7.041949e-06	-1.545271e-09	-3.781899e+01	-3.669450e+02
2.200000e-07	-7.030923e-06	-1.376603e-09	-3.775978e+01	-3.666970e+02
2.300000e-07	-7.019143e-06	-1.346881e-09	-3.769651e+01	-3.664359e+02
2.400000e-07	-7.006819e-06	-1.489470e-09	-3.763032e+01	-3.661613e+02
2.500000e-07	-6.994050e-06	-1.486964e-09	-3.756175e+01	-3.658728e+02
2.600000e-07	-6.980765e-06	-1.368181e-09	-3.749040e+01	-3.655696e+02
2.700000e-07	-6.966826e-06	-1.405063e-09	-3.741554e+01	-3.652513e+02
2.800000e-07	-6.952342e-06	-1.493326e-09	-3.733776e+01	-3.649172e+02
2.900000e-07	-6.937136e-06	-1.429278e-09	-3.725609e+01	-3.645666e+02
3.000000e-07	-6.921084e-06	-1.377794e-09	-3.716988e+01	-3.641990e+02
3.100000e-07	-6.904462e-06	-1.440719e-09	-3.708061e+01	-3.638137e+02
3.200000e-07	-6.887432e-06	-1.428868e-09	-3.698915e+01	-3.634102e+02
3.300000e-07	-6.870092e-06	-1.363163e-09	-3.689603e+01	-3.629879e+02
3.400000e-07	-6.852359e-06	-1.432244e-09	-3.680079e+01	-3.625464e+02
3.500000e-07	-6.834030e-06	-1.483580e-09	-3.670236e+01	-3.620852e+02
3.600000e-07	-6.815014e-06	-1.371747e-09	-3.660023e+01	-3.616041e+02
3.700000e-07	-6.795507e-06	-1.337766e-09	-3.649547e+01	-3.611028e+02
3.800000e-07	-6.775684e-06	-1.449492e-09	-3.638901e+01	-3.605811e+02
3.900000e-07	-6.755608e-06	-1.438236e-09	-3.628119e+01	-3.600389e+02
4.000000e-07	-6.735204e-06	-1.339690e-09	-3.617161e+01	-3.594763e+02
4.100000e-07	-6.714309e-06	-1.384184e-09	-3.605939e+01	-3.588934e+02
4.200000e-07	-6.692833e-06	-1.443163e-09	-3.594406e+01	-3.582904e+02
4.300000e-07	-6.670887e-06	-1.375339e-09	-3.582619e+01	-3.576675e+02
4.400000e-07	-6.648410e-06	-1.353063e-09	-3.570548e+01	-3.570252e+02
4.500000e-07	-6.625475e-06	-1.402609e-09	-3.558231e+01	-3.563640e+02
4.600000e-07	-6.602114e-06	-1.373076e-09	-3.545685e+01	-3.556842e+02
4.700000e-07	-6.578397e-06	-1.346864e-09	-3.532947e+01	-3.549865e+02
4.800000e-07	-6.554469e-06	-1.399221e-09	-3.520096e+01	-3.542715e+02
4.900000e-07	-6.530185e-06	-1.388228e-09	-3.507055e+01	-3.535399e+02
5.000000e-07	-6.505267e-06	-1.325432e-09	-3.493673e+01	-3.527923e+02
5.100000e-07	-6.479632e-06	-1.347578e-09	-3.479905e+01	-3.520293e+02
5.200000e-07	-6.453181e-06	-1.377354e-09	-3.465700e+01	-3.512516e+02
5.300000e-07	-6.425973e-06	-1.341193e-09	-3.451087e+01	-3.504599e+02
5.400000e-07	-6.398300e-06	-1.334621e-09	-3.436225e+01	-3.496547e+02
5.500000e-07	-6.370328e-06	-1.357719e-09	-3.421203e+01	-3.488366e+02
5.600000e-07	-6.342071e-06	-1.337818e-09	-3.406028e+01	-3.480060e+02
5.700000e-07	-6.313294e-06	-1.322394e-09	-3.390573e+01	-3.471635e+02
5.800000e-07	-6.284032e-06	-1.335139e-09	-3.374858e+01	-3.463092e+02
5.900000e-07	-6.254464e-06	-1.323418e-09	-3.358978e+01	-3.454435e+02
6.000000e-07	-6.224539e-06	-1.307930e-09	-3.342907e+01	-3.445665e+02
6.100000e-07	-6.194170e-06	-1.319027e-09	-3.326597e+01	-3.436783e+02
6.200000e-07	-6.163392e-06	-1.317244e-09	-3.310068e+01	-3.427788e+02
6.300000e-07	-6.132103e-06	-1.299399e-09	-3.293264e+01	-3.418679e+02
6.400000e-07	-6.100458e-06	-1.294254e-09	-3.276269e+01	-3.409453e+02
6.500000e-07	-6.068582e-06	-1.290122e-09	-3.259150e+01	-3.400107e+02
6.600000e-07	-6.036289e-06	-1.282739e-09	-3.241807e+01	-3.390636e+02
6.700000e-07	-6.003551e-06	-1.283518e-09	-3.224224e+01	-3.381036e+02
6.800000e-07	-5.970321e-06	-1.280325e-09	-3.206378e+01	-3.371299e+02
6.900000e-07	-5.936336e-06	-1.268732e-09	-3.188126e+01	-3.361420e+02
7.000000e-07	-5.901529e-06	-1.261087e-09	-3.169433e+01	-3.351391e+02
7.100000e-07	-5.866247e-06	-1.255913e-09	-3.150485e+01	-3.341205e+02
7.200000e-07	-5.830706e-06	-1.251340e-09	-3.131398e+01	-3.330852e+02
7.300000e-07	-5.794895e-06	-1.248657e-09	-3.112165e+01	-3.320324e+02
7.400000e-07	-5.758802e-06	-1.242634e-09	-3.092781e+01	-3.309612e+02
7.500000e-07	-5.722374e-06	-1.235812e-09	-3.073218e+01	-3.298708e+02
7.600000e-07	-5.685582e-06	-1.234668e-09	-3.053458e+01	-3.287601e+02
7.700000e-07	-5.648360e-06	-1.229803e-09	-3.033468e+01	-3.276285e+02
7.800000e-07	-5.610678e-06	-1.217827e-09	-3.013231e+01	-3.264749e+02
7.900000e-07	-5.572658e-06	-1.209911e-09	-2.992812e+01	-3.252986e+02
8.000000e-07	-5.534150e-06	-1.207386e-09	-2.972131e+01	-3.240987e+02
8.100000e-07	-5.495026e-06	-1.204013e-09	-2.951120e+01	-3.228745e+02
8.200000e-07	-5.455563e-06	-1.200005e-09	-2.929926e+01	-3.216253e+02
8.300000e-07	-5.415925e-06	-1.193207e-09	-2.908638e+01	-3.203503e+02
8.400000e-07	-5.376046e-06	-1.183370e-09	-2.887221e+01	-3.190491e+02
8.500000e-07	-5.335880e-06	-1.176323e-09	-2.865650e+01	-3.177210e+02
8.600000e-07	-5.295373e-06	-1.173079e-09	-2.843895e+01	-3.163656e+02
8.700000e-07	-5.254433e-06	-1.168367e-09	-2.821908e+01	-3.149823e+02
8.800000e-07	-5.212909e-06	-1.161149e-09	-2.799608e+01	-3.135709e+02
8.900000e-07	-5.170764e-06	-1.154361e-09	-2.776974e+01	-3.121311e+02
9.000000e-07	-5.128005e-06	-1.149392e-09	-2.754010e+01	-3.106624e+02
9.100000e-07	-5.084698e-06	-1.144212e-09	-2.730752e+01	-3.091648e+02
9.200000e-07	-5.041074e-06	-1.135783e-09	-2.707323e+01	-3.076380e+02
9.300000e-07	-4.997264e-06	-1.126945e-09	-2.683795e+01	-3.060819e+02
9.400000e-07	-4.953288e-06	-1.121872e-09	-2.660178e+01	-3.044965e+02
9.500000e-07	-4.909055e-06	-1.119254e-09	-2.636422e+01	-3.028817e+02
9.600000e-07	-4.864313e-06	-1.114543e-09	-2.612394e+01	-3.012375e+02
9.700000e-07	-4.819086e-06	-1.106531e-09	-2.588104e+01	-2.995638e+02
9.800000e-07	-4.773538e-06	-1.097132e-09	-2.563642e+01	-2.978608e+02
9.900000e-07	-4.727731e-06	-1.089004e-09	-2.539042e+01	-2.961286e+02
1.000000e-06	-4.681720e-06	-1.082809e-09	-2.514332e+01	-2.943672e+02
1.010000e-06	-4.635386e-06	-1.076855e-09	-2.489448e+01	-2.925767e+02
1.020000e-06	-4.588651e-06	-1.069341e-09	-2.464348e+01	-2.907573e+02
1.030000e-06	-4.541709e-06	-1.061373e-09	-2.439138e+01	-2.889092e+02
1.040000e-06	-4.494483e-06	-1.054353e-09	-2.413775e+01	-2.870325e+02
1.050000e-06	-4.446852e-06	-1.047982e-09	-2.388195e+01	-2.851275e+02
1.060000e-06	-4.399014e-06	-1.040918e-09	-2.362503e+01	-2.831943e+02
1.070000e-06	-4.350931e-06	-1.033124e-09	-2.336680e+01	-2.812332e+02
1.080000e-06	-4.302608e-06	-1.025756e-09	-2.310728e+01	-2.792444e+02
1.090000e-06	-4.254020e-06	-1.019514e-09	-2.284634e+01	-2.772283e+02
1.100000e-06	-4.204891e-06	-1.012770e-09	-2.258249e+01	-2.751850e+02
1.110000e-06	-4.155112e-06	-1.003768e-09	-2.231515e+01	-2.731149e+02
1.120000e-06	-4.104812e-06	-9.932755e-10	-2.204501e+01	-2.710183e+02
1.130000e-06	-4.054026e-06	-9.834677e-10	-2.177227e+01	-2.688954e+02
1.140000e-06	-4.002805e-06	-9.753156e-10	-2.149718e+01	-2.667467e+02
1.150000e-06	-3.951404e-06	-9.678081e-10	-2.122113e+01	-2.645725e+02
1.160000e-06	-3.899862e-06	-9.594034e-10	-2.094432e+01	-2.623730e+02
1.170000e-06	-3.847911e-06	-9.493767e-10	-2.066532e+01	-2.601486e+02
1.180000e-06	-3.795553e-06	-9.396167e-10	-2.038413e+01	-2.578997e+02
1.190000e-06	-3.743031e-06	-9.315054e-10	-2.010206e+01	-2.556266e+02
1.200000e-06	-3.690334e-06	-9.238880e-10	-1.981904e+01	-2.533296e+02
1.210000e-06	-3.637344e-06	-9.157144e-10	-1.953446e+01	-2.510089e+02
1.220000e-06	-3.584058e-06	-9.073225e-10	-1.924829e+01	-2.486648e+02
1.230000e-06	-3.530499e-06	-8.986781e-10	-1.896065e+01	-2.462976e+02
1.240000e-06	-3.476710e-06	-8.897366e-10	-1.867177e+01	-2.439075e+02
1.250000e-06	-3.422656e-06	-8.800332e-10	-1.838147e+01	-2.414946e+02
1.260000e-06	-3.368291e-06	-8.695199e-10	-1.808951e+01	-2.390591e+02
1.270000e-06	-3.313698e-06	-8.587258e-10	-1.779631e+01	-2.366010e+02
1.280000e-06	-3.258943e-06	-8.487869e-10	-1.750225e+01	-2.341204e+02
1.290000e-06	-3.203944e-06	-8.400403e-10	-1.720687e+01	-2.316171e+02
1.300000e-06	-3.148750e-06	-8.307051e-10	-1.691045e+01	-2.290912e+02
1.310000e-06	-3.093414e-06	-8.198030e-10	-1.661327e+01	-2.265425e+02
1.320000e-06	-3.037918e-06	-8.081819e-10	-1.631523e+01	-2.239706e+02
1.330000e-06	-2.982297e-06	-7.964104e-10	-1.601651e+01	-2.213755e+02
1.340000e-06	-2.926477e-06	-7.852554e-10	-1.571673e+01	-2.187566e+02
1.350000e-06	-2.870399e-06	-7.748714e-10	-1.541556e+01	-2.161137e+02
1.360000e-06	-2.814162e-06	-7.647435e-10	-1.511354e+01	-2.134462e+02
1.370000e-06	-2.757839e-06	-7.556694e-10	-1.481105e+01	-2.107536e+02
1.380000e-06	-2.701358e-06	-7.472297e-10	-1.450772e+01	-2.080353e+02
1.390000e-06	-2.644647e-06	-7.376506e-10	-1.420315e+01	-2.052909e+02
1.400000e-06	-2.587714e-06	-7.262855e-10	-1.389739e+01	-2.025194e+02
1.410000e-06	-2.530514e-06	-7.146657e-10	-1.359020e+01	-1.997204e+02
1.420000e-06	-2.472981e-06	-7.035634e-10	-1.328121e+01	-1.968930e+02
1.430000e-06	-2.415169e-06	-6.918643e-10	-1.297074e+01	-1.940365e+02
1.440000e-06	-2.357079e-06	-6.805062e-10	-1.265876e+01	-1.911501e+02
1.450000e-06	-2.298732e-06	-6.700992e-10	-1.234541e+01	-1.882330e+02
1.460000e-06	-2.240113e-06	-6.588295e-10	-1.203059e+01	-1.852845e+02
1.470000e-06	-2.181295e-06	-6.469964e-10	-1.171471e+01	-1.823037e+02
1.480000e-06	-2.122392e-06	-6.366274e-10	-1.139837e+01	-1.792899e+02
1.490000e-06	-2.063297e-06	-6.267668e-10	-1.108100e+01	-1.762422e+02
1.500000e-06	-2.003932e-06	-6.146136e-10	-1.076218e+01	-1.731600e+02
1.510000e-06	-1.944361e-06	-6.011084e-10	-1.044225e+01	-1.700424e+02
1.520000e-06	-1.884647e-06	-5.883968e-10	-1.012155e+01	-1.668887e+02
1.530000e-06	-1.824842e-06	-5.764481e-10	-9.800365e+00	-1.636982e+02
1.540000e-06	-1.765001e-06	-5.647681e-10	-9.478987e+00	-1.604703e+02
1.550000e-06	-1.705122e-06	-5.537797e-10	-9.157406e+00	-1.572042e+02
1.560000e-06	-1.645226e-06	-5.434378e-10	-8.835734e+00	-1.538994e+02
1.570000e-06	-1.585280e-06	-5.336426e-10	-8.513793e+00	-1.505552e+02
1.580000e-06	-1.525152e-06	-5.238230e-10	-8.190871e+00	-1.471710e+02
1.590000e-06	-1.464907e-06	-5.120830e-10	-7.867328e+00	-1.437463e+02
1.600000e-06	-1.404650e-06	-4.983524e-10	-7.543711e+00	-1.402805e+02
1.610000e-06	-1.344378e-06	-4.838445e-10	-7.220024e+00	-1.367732e+02
1.620000e-06	-1.284003e-06	-4.699510e-10	-6.895773e+00	-1.332239e+02
1.630000e-06	-1.223434e-06	-4.571617e-10	-6.570486e+00	-1.296320e+02
1.640000e-06	-1.162768e-06	-4.441365e-10	-6.244678e+00	-1.259972e+02
1.650000e-06	-1.102102e-06	-4.308808e-10	-5.918873e+00	-1.223192e+02
1.660000e-06	-1.041402e-06	-4.184697e-10	-5.592878e+00	-1.185974e+02
1.670000e-06	-9.806005e-07	-4.058399e-10	-5.266343e+00	-1.148316e+02
1.680000e-06	-9.197152e-07	-3.923167e-10	-4.939357e+00	-1.110216e+02
1.690000e-06	-8.588660e-07	-3.788180e-10	-4.612565e+00	-1.071670e+02
1.700000e-06	-7.980346e-07	-3.647290e-10	-4.285868e+00	-1.032677e+02
1.710000e-06	-7.371543e-07	-3.503746e-10	-3.958909e+00	-9.932353e+01
1.720000e-06	-6.761112e-07	-3.364860e-10	-3.631075e+00	-9.533452e+01
1.730000e-06	-6.148961e-07	-3.217443e-10	-3.302317e+00	-9.130067e+01
1.740000e-06	-5.536878e-07	-3.061828e-10	-2.973596e+00	-8.722211e+01
1.750000e-06	-4.924962e-07	-2.916619e-10	-2.644965e+00	-8.309906e+01
1.760000e-06	-4.312760e-07	-2.783795e-10	-2.316180e+00	-7.893188e+01
1.770000e-06	-3.700833e-07	-2.633739e-10	-1.987543e+00	-7.472104e+01
1.780000e-06	-3.088798e-07	-2.460606e-10	-1.658848e+00	-7.046717e+01
1.790000e-06	-2.475948e-07	-2.288358e-10	-1.329715e+00	-6.617101e+01
1.800000e-06	-1.863476e-07	-2.128738e-10	-1.000785e+00	-6.183350e+01
1.810000e-06	-1.250287e-07	-1.973449e-10	-6.714704e-01	-5.745574e+01
1.820000e-06	-6.362409e-08	-1.815402e-10	-3.416950e-01	-5.303901e+01
1.830000e-06	-2.256938e-09	-1.651220e-10	-1.212095e-02	-4.858477e+01
1.840000e-06	5.908325e-08	-1.484939e-10	3.173083e-01	-4.409466e+01
1.850000e-06	1.204460e-07	-1.332693e-10	6.468589e-01	-3.957055e+01
1.860000e-06	1.818557e-07	-1.188379e-10	9.766614e-01	-3.501447e+01
1.870000e-06	2.432378e-07	-1.027795e-10	1.306316e+00	-3.042867e+01
1.880000e-06	3.045930e-07	-8.457458e-11	1.635825e+00	-2.581555e+01
1.890000e-06	3.659706e-07	-6.648612e-11	1.965456e+00	-2.117774e+01
1.900000e-06	4.273459e-07	-5.040880e-11	2.295073e+00	-1.651800e+01
1.910000e-06	4.885920e-07	-3.567840e-11	2.623998e+00	-1.183927e+01
1.920000e-06	5.497671e-07	-2.029192e-11	2.952540e+00	-7.144632e+00
1.930000e-06	6.109816e-07	-3.450483e-12	3.281295e+00	-2.437292e+00
1.940000e-06	6.721687e-07	1.449833e-11	3.609902e+00	2.279442e+00
1.950000e-06	7.331941e-07	3.291643e-11	3.937640e+00	7.002174e+00
1.960000e-06	7.940201e-07	5.052225e-11	4.264308e+00	1.172745e+01
1.970000e-06	8.547540e-07	6.813688e-11	4.590481e+00	1.645178e+01
1.980000e-06	9.155154e-07	8.673988e-11	4.916802e+00	2.117168e+01
1.990000e-06	9.763002e-07	1.051290e-10	5.243248e+00	2.588366e+01
2.000000e-06	1.037044e-06	1.224354e-10	5.569473e+00	3.058429e+01
2.010000e-06	1.097680e-06	1.392022e-10	5.895122e+00	3.527023e+01
2.020000e-06	1.158193e-06	1.566327e-10	6.220109e+00	3.993821e+01
2.030000e-06	1.218730e-06	1.741368e-10	6.545223e+00	4.458512e+01
2.040000e-06	1.279261e-06	1.904763e-10	6.870306e+00	4.920797e+01
2.050000e-06	1.339678e-06	2.058267e-10	7.194778e+00	5.380397e+01
2.060000e-06	1.400028e-06	2.210400e-10	7.518889e+00	5.837051e+01
2.070000e-06	1.460250e-06	2.370832e-10	7.842315e+00	6.290518e+01
2.080000e-06	1.520298e-06	2.547470e-10	8.164807e+00	6.740582e+01
2.090000e-06	1.580268e-06	2.720237e-10	8.486873e+00	7.187047e+01
2.100000e-06	1.640199e-06	2.876550e-10	8.808738e+00	7.629745e+01
2.110000e-06	1.700068e-06	3.028456e-10	9.130264e+00	8.068529e+01
2.120000e-06	1.759904e-06	3.179207e-10	9.451613e+00	8.503280e+01
2.130000e-06	1.819693e-06	3.330548e-10	9.772715e+00	8.933901e+01
2.140000e-06	1.879325e-06	3.486501e-10	1.009297e+01	9.360319e+01
2.150000e-06	1.938808e-06	3.648823e-10	1.041243e+01	9.782483e+01
2.160000e-06	1.998232e-06	3.806891e-10	1.073156e+01	1.020036e+02
2.170000e-06	2.057500e-06	3.949484e-10	1.104986e+01	1.061395e+02
2.180000e-06	2.116589e-06	4.082962e-10	1.136720e+01	1.102326e+02
2.190000e-06	2.175485e-06	4.226616e-10	1.168351e+01	1.142830e+02
2.200000e-06	2.234167e-06	4.378041e-10	1.199866e+01	1.182913e+02
2.210000e-06	2.292610e-06	4.522753e-10	1.231253e+01	1.222577e+02
2.220000e-06	2.350765e-06	4.658930e-10	1.262485e+01	1.261829e+02
2.230000e-06	2.408693e-06	4.787368e-10	1.293595e+01	1.300676e+02
2.240000e-06	2.466402e-06	4.911840e-10	1.324588e+01	1.339123e+02
2.250000e-06	2.523888e-06	5.043021e-10	1.355462e+01	1.377177e+02
2.260000e-06	2.580983e-06	5.183558e-10	1.386124e+01	1.414845e+02
2.270000e-06	2.637742e-06	5.317559e-10	1.416607e+01	1.452133e+02
2.280000e-06	2.694336e-06	5.439004e-10	1.447001e+01	1.489046e+02
2.290000e-06	2.750711e-06	5.561533e-10	1.477277e+01	1.525590e+02
2.300000e-06	2.806929e-06	5.699126e-10	1.507469e+01	1.561767e+02
2.310000e-06	2.862916e-06	5.844175e-10	1.537538e+01	1.597582e+02
2.320000e-06	2.918703e-06	5.978779e-10	1.567498e+01	1.633035e+02
2.330000e-06	2.974444e-06	6.103384e-10	1.597434e+01	1.668129e+02
2.340000e-06	3.030065e-06	6.233077e-10	1.627305e+01	1.702862e+02
2.350000e-06	3.085464e-06	6.368528e-10	1.657057e+01	1.737234e+02
2.360000e-06	3.140691e-06	6.496625e-10	1.686717e+01	1.771242e+02
2.370000e-06	3.195744e-06	6.612208e-10	1.716283e+01	1.804883e+02
2.380000e-06	3.250548e-06	6.727425e-10	1.745716e+01	1.838151e+02
2.390000e-06	3.305142e-06	6.850687e-10	1.775036e+01	1.871044e+02
2.400000e-06	3.359478e-06	6.974980e-10	1.804217e+01	1.903554e+02
2.410000e-06	3.413557e-06	7.096574e-10	1.833261e+01	1.935676e+02
2.420000e-06	3.467447e-06	7.217092e-10	1.862202e+01	1.967403e+02
2.430000e-06	3.521127e-06	7.332900e-10	1.891031e+01	1.998730e+02
2.440000e-06	3.574631e-06	7.458758e-10	1.919766e+01	2.029651e+02
2.450000e-06	3.627939e-06	7.597005e-10	1.948395e+01	2.060158e+02
2.460000e-06	3.680869e-06	7.722651e-10	1.976821e+01	2.090248e+02
2.470000e-06	3.733503e-06	7.823193e-10	2.005089e+01	2.119915e+02
2.480000e-06	3.785908e-06	7.911969e-10	2.033233e+01	2.149155e+02
2.490000e-06	3.838004e-06	8.014284e-10	2.061211e+01	2.177966e+02
2.500000e-06	3.889869e-06	8.130835e-10	2.089066e+01	2.206347e+02
2.510000e-06	3.941521e-06	8.246563e-10	2.116805e+01	2.234295e+02
2.520000e-06	3.992765e-06	8.353633e-10	2.144326e+01	2.261814e+02
2.530000e-06	4.043442e-06	8.452665e-10	2.171542e+01	2.288903e+02
2.540000e-06	4.093680e-06	8.547156e-10	2.198523e+01	2.315568e+02
2.550000e-06	4.143751e-06	8.641842e-10	2.225414e+01	2.341812e+02
2.560000e-06	4.193407e-06	8.737933e-10	2.252081e+01	2.367641e+02
2.570000e-06	4.242348e-06	8.831445e-10	2.278365e+01	2.393064e+02
2.580000e-06	4.290779e-06	8.916830e-10	2.304375e+01	2.418088e+02
2.590000e-06	4.338917e-06	9.004455e-10	2.330228e+01	2.442723e+02
2.600000e-06	4.386840e-06	9.101438e-10	2.355965e+01	2.466978e+02
2.610000e-06	4.434562e-06	9.196835e-10	2.381594e+01	2.490866e+02
2.620000e-06	4.482025e-06	9.285111e-10	2.407084e+01	2.514397e+02
2.630000e-06	4.529101e-06	9.372680e-10	2.432367e+01	2.537584e+02
2.640000e-06	4.575868e-06	9.465873e-10	2.457483e+01	2.560439e+02
2.650000e-06	4.622390e-06	9.559102e-10	2.482468e+01	2.582974e+02
2.660000e-06	4.668596e-06	9.641307e-10	2.507283e+01	2.605200e+02
2.670000e-06	4.714405e-06	9.716640e-10	2.531885e+01	2.627130e+02
2.680000e-06	4.759839e-06	9.792733e-10	2.556285e+01	2.648775e+02
2.690000e-06	4.804951e-06	9.872541e-10	2.580513e+01	2.670146e+02
2.700000e-06	4.849796e-06	9.958365e-10	2.604597e+01	2.691251e+02
2.710000e-06	4.894306e-06	1.004030e-09	2.628501e+01	2.712101e+02
2.720000e-06	4.938457e-06	1.011426e-09	2.652212e+01	2.732703e+02
2.730000e-06	4.982454e-06	1.018910e-09	2.675841e+01	2.753064e+02
2.740000e-06	5.026290e-06	1.026692e-09	2.699383e+01	2.773189e+02
2.750000e-06	5.069906e-06	1.034411e-09	2.722807e+01	2.793083e+02
2.760000e-06	5.113098e-06	1.041590e-09	2.746004e+01	2.812751e+02
2.770000e-06	5.155756e-06	1.048615e-09	2.768914e+01	2.832194e+02
2.780000e-06	5.197827e-06	1.056525e-09	2.791508e+01	2.851413e+02
2.790000e-06	5.239260e-06	1.065010e-09	2.813760e+01	2.870409e+02
2.800000e-06	5.280241e-06	1.072435e-09	2.835769e+01	2.889182e+02
2.810000e-06	5.320813e-06	1.078301e-09	2.857558e+01	2.907730e+02
2.820000e-06	5.360983e-06	1.084232e-09	2.879132e+01	2.926052e+02
2.830000e-06	5.400807e-06	1.091112e-09	2.900519e+01	2.944145e+02
2.840000e-06	5.440345e-06	1.098523e-09	2.921753e+01	2.962006e+02
2.850000e-06	5.479631e-06	1.105490e-09	2.942852e+01	2.979632e+02
2.860000e-06	5.518592e-06	1.111560e-09	2.963776e+01	2.997020e+02
2.870000e-06	5.557086e-06	1.117876e-09	2.984449e+01	3.014167e+02
2.880000e-06	5.595090e-06	1.125027e-09	3.004859e+01	3.031070e+02
2.890000e-06	5.632705e-06	1.131945e-09	3.025060e+01	3.047726e+02
2.900000e-06	5.669958e-06	1.138333e-09	3.045068e+01	3.064133e+02
2.910000e-06	5.706808e-06	1.144973e-09	3.064858e+01	3.080288e+02
2.920000e-06	5.743273e-06	1.152385e-09	3.084441e+01	3.096192e+02
2.930000e-06	5.779472e-06	1.159621e-09	3.103882e+01	3.111842e+02
2.940000e-06	5.815462e-06	1.165276e-09	3.123211e+01	3.127240e+02
2.950000e-06	5.851246e-06	1.170152e-09	3.142429e+01	3.142385e+02
2.960000e-06	5.886757e-06	1.175363e-09	3.161500e+01	3.157280e+02
2.970000e-06	5.921697e-06	1.180995e-09	3.180265e+01	3.171926e+02
2.980000e-06	5.955925e-06	1.187461e-09	3.198647e+01	3.186325e+02
2.990000e-06	5.989360e-06	1.194676e-09	3.216603e+01	3.200482e+02
3.000000e-06	6.022046e-06	1.201572e-09	3.234157e+01	3.214399e+02
3.010000e-06	6.054251e-06	1.207231e-09	3.251453e+01	3.228082e+02
3.020000e-06	6.086137e-06	1.212443e-09	3.268578e+01	3.241535e+02
3.030000e-06	6.117793e-06	1.217284e-09	3.285579e+01	3.254763e+02
3.040000e-06	6.149137e-06	1.220485e-09	3.302412e+01	3.267772e+02
3.050000e-06	6.180039e-06	1.224097e-09	3.319008e+01	3.280565e+02
3.060000e-06	6.210539e-06	1.229147e-09	3.335388e+01	3.293149e+02
3.070000e-06	6.240651e-06	1.234834e-09	3.351560e+01	3.305529e+02
3.080000e-06	6.270330e-06	1.240986e-09	3.367499e+01	3.317709e+02
3.090000e-06	6.299511e-06	1.246477e-09	3.383171e+01	3.329695e+02
3.100000e-06	6.328259e-06	1.251088e-09	3.398610e+01	3.341490e+02
3.110000e-06	6.356691e-06	1.255615e-09	3.413879e+01	3.353099e+02
3.120000e-06	6.384820e-06	1.260268e-09	3.428986e+01	3.364523e+02
3.130000e-06	6.412680e-06	1.264513e-09	3.443948e+01	3.375768e+02
3.140000e-06	6.440197e-06	1.268237e-09	3.458726e+01	3.386833e+02
3.150000e-06	6.467203e-06	1.271524e-09	3.473230e+01	3.397722e+02
3.160000e-06	6.493533e-06	1.275523e-09	3.487371e+01	3.408435e+02
3.170000e-06	6.519001e-06	1.281008e-09	3.501048e+01	3.418973e+02
3.180000e-06	6.543615e-06	1.285998e-09	3.514267e+01	3.429335e+02
3.190000e-06	6.567732e-06	1.289980e-09	3.527220e+01	3.439521e+02
3.200000e-06	6.591562e-06	1.293836e-09	3.540017e+01	3.449531e+02
3.210000e-06	6.615106e-06	1.297320e-09	3.552662e+01	3.459362e+02
3.220000e-06	6.638258e-06	1.300311e-09	3.565095e+01	3.469013e+02
3.230000e-06	6.660918e-06	1.303184e-09	3.577265e+01	3.478481e+02
3.240000e-06	6.682973e-06	1.306743e-09	3.589110e+01	3.487765e+02
3.250000e-06	6.704514e-06	1.310251e-09	3.600679e+01	3.496863e+02
3.260000e-06	6.725715e-06	1.314066e-09	3.612065e+01	3.505771e+02
3.270000e-06	6.746367e-06	1.319225e-09	3.623156e+01	3.514488e+02
3.280000e-06	6.766582e-06	1.323960e-09	3.634012e+01	3.523010e+02
3.290000e-06	6.786494e-06	1.327682e-09	3.644706e+01	3.531337e+02
3.300000e-06	6.806099e-06	1.331921e-09	3.655235e+01	3.539464e+02
3.310000e-06	6.825345e-06	1.336816e-09	3.665571e+01	3.547391e+02
3.320000e-06	6.844054e-06	1.341517e-09	3.675619e+01	3.555117e+02
3.330000e-06	6.862197e-06	1.345592e-09	3.685363e+01	3.562638e+02
3.340000e-06	6.879732e-06	1.349108e-09	3.694780e+01	3.569954e+02
3.350000e-06	6.896699e-06	1.352016e-09	3.703892e+01	3.577065e+02
3.360000e-06	6.913302e-06	1.354682e-09	3.712809e+01	3.583969e+02
3.370000e-06	6.929562e-06	1.357689e-09	3.721542e+01	3.590665e+02
3.380000e-06	6.945369e-06	1.360768e-09	3.730031e+01	3.597154e+02
3.390000e-06	6.960506e-06	1.364281e-09	3.738160e+01	3.603436e+02
3.400000e-06	6.974821e-06	1.368302e-09	3.745848e+01	3.609509e+02
3.410000e-06	6.988598e-06	1.372602e-09	3.753247e+01	3.615376e+02
3.420000e-06	7.001921e-06	1.376445e-09	3.760402e+01	3.621034e+02
3.430000e-06	7.014753e-06	1.378794e-09	3.767294e+01	3.626486e+02
3.440000e-06	7.027160e-06	1.380280e-09	3.773956e+01	3.631730e+02
3.450000e-06	7.039150e-06	1.382737e-09	3.780396e+01	3.636769e+02
3.460000e-06	7.050566e-06	1.386845e-09	3.786527e+01	3.641600e+02
3.470000e-06	7.061222e-06	1.389962e-09	3.792249e+01	3.646226e+02
3.480000e-06	7.071140e-06	1.391338e-09	3.797576e+01	3.650645e+02
3.490000e-06	7.080260e-06	1.394064e-09	3.802474e+01	3.654858e+02
3.500000e-06	7.088687e-06	1.397771e-09	3.807000e+01	3.658865e+02
3.510000e-06	7.096746e-06	1.400703e-09	3.811328e+01	3.662666e+02
3.520000e-06	7.104426e-06	1.403478e-09	3.815453e+01	3.666260e+02
3.530000e-06	7.111614e-06	1.405426e-09	3.819313e+01	3.669649e+02
3.540000e-06	7.118307e-06	1.405779e-09	3.822907e+01	3.672831e+02
3.550000e-06	7.124479e-06	1.406376e-09	3.826222e+01	3.675806e+02
3.560000e-06	7.130212e-06	1.408375e-09	3.829301e+01	3.678576e+02
3.570000e-06	7.135542e-06	1.410738e-09	3.832164e+01	3.681139e+02
3.580000e-06	7.140345e-06	1.413095e-09	3.834743e+01	3.683498e+02
3.590000e-06	7.144639e-06	1.415571e-09	3.837049e+01	3.685651e+02
3.600000e-06	7.148631e-06	1.417191e-09	3.839193e+01	3.687602e+02
3.610000e-06	7.152287e-06	1.417699e-09	3.841156e+01	3.689350e+02
3.620000e-06	7.155441e-06	1.417545e-09	3.842851e+01	3.690898e+02
3.630000e-06	7.158054e-06	1.416871e-09	3.844254e+01	3.692248e+02
3.640000e-06	7.159940e-06	1.417393e-09	3.845267e+01	3.693402e+02
3.650000e-06	7.160951e-06	1.420555e-09	3.845810e+01	3.694364e+02
3.660000e-06	7.161306e-06	1.424328e-09	3.846000e+01	3.695137e+02
3.670000e-06	7.161238e-06	1.426305e-09	3.845964e+01	3.695725e+02
3.680000e-06	7.160870e-06	1.425702e-09	3.845766e+01	3.696132e+02
3.690000e-06	7.160047e-06	1.424244e-09	3.845324e+01	3.696363e+02
3.700000e-06	7.158737e-06	1.425189e-09	3.844620e+01	3.696423e+02
3.710000e-06	7.157011e-06	1.428267e-09	3.843693e+01	3.696316e+02
3.720000e-06	7.154801e-06	1.430650e-09	3.842506e+01	3.696048e+02
3.730000e-06	7.152129e-06	1.428134e-09	3.841072e+01	3.695625e+02
3.740000e-06	7.148956e-06	1.419472e-09	3.839368e+01	3.695051e+02
3.750000e-06	7.145263e-06	1.422637e-09	3.837384e+01	3.694333e+02
3.760000e-06	7.140992e-06	1.459264e-09	3.835091e+01	3.693475e+02
3.770000e-06	7.135998e-06	1.489474e-09	3.832409e+01	3.692482e+02
3.780000e-06	7.130180e-06	1.440308e-09	3.829284e+01	3.691359e+02
3.790000e-06	7.123738e-06	1.350205e-09	3.825824e+01	3.690109e+02
3.800000e-06	7.117165e-06	1.396222e-09	3.822294e+01	3.688737e+02
3.810000e-06	7.110381e-06	1.514062e-09	3.818651e+01	3.687244e+02
3.820000e-06	7.102902e-06	1.466745e-09	3.814634e+01	3.685634e+02
3.830000e-06	7.094893e-06	1.342836e-09	3.810333e+01	3.683908e+02
3.840000e-06	7.086565e-06	1.407045e-09	3.805860e+01	3.682066e+02
3.850000e-06	7.077815e-06	1.562944e-09	3.801161e+01	3.680108e+02
3.860000e-06	7.068414e-06	1.481406e-09	3.796112e+01	3.678034e+02
3.870000e-06	7.058392e-06	1.285506e-09	3.790730e+01	3.675841e+02
3.880000e-06	7.048111e-06	1.368633e-09	3.785208e+01	3.673527e+02
3.890000e-06	7.037474e-06	1.579376e-09	3.779496e+01	3.671089e+02
3.900000e-06	7.026182e-06	1.493594e-09	3.773431e+01	3.668522e+02
3.910000e-06	7.014264e-06	1.306116e-09	3.767031e+01	3.665822e+02
3.920000e-06	7.001862e-06	1.417111e-09	3.760370e+01	3.662985e+02
3.930000e-06	6.988721e-06	1.569220e-09	3.753313e+01	3.660003e+02
3.940000e-06	6.974514e-06	1.417401e-09	3.745683e+01	3.656872e+02
3.950000e-06	6.959485e-06	1.303364e-09	3.737612e+01	3.653584e+02
3.960000e-06	6.944087e-06	1.480006e-09	3.729342e+01	3.650135e+02
3.970000e-06	6.928316e-06	1.545696e-09	3.720872e+01	3.646516e+02
3.980000e-06	6.912049e-06	1.375057e-09	3.712136e+01	3.642723e+02
3.990000e-06	6.895356e-06	1.380843e-09	3.703171e+01	3.638750e+02
4.000000e-06	6.878239e-06	1.523998e-09	3.693978e+01	3.634591e+02
4.010000e-06	6.860560e-06	1.430310e-09	3.684483e+01	3.630241e+02
4.020000e-06	6.842423e-06	1.322124e-09	3.674743e+01	3.625695e+02
4.030000e-06	6.823920e-06	1.476158e-09	3.664806e+01	3.620952e+02
4.040000e-06	6.804795e-06	1.532287e-09	3.654535e+01	3.616006e+02
4.050000e-06	6.785124e-06	1.360399e-09	3.643971e+01	3.610858e+02
4.060000e-06	6.765145e-06	1.370367e-09	3.633241e+01	3.605505e+02
4.070000e-06	6.744901e-06	1.515130e-09	3.622369e+01	3.599947e+02
4.080000e-06	6.724412e-06	1.433911e-09	3.611365e+01	3.594186e+02
4.090000e-06	6.703495e-06	1.339860e-09	3.600131e+01	3.588223e+02
4.100000e-06	6.681818e-06	1.458401e-09	3.588490e+01	3.582061e+02
4.110000e-06	6.659206e-06	1.483509e-09	3.576346e+01	3.575703e+02
4.120000e-06	6.635815e-06	1.371405e-09	3.563783e+01	3.569153e+02
4.130000e-06	6.612021e-06	1.409547e-09	3.551005e+01	3.562417e+02
4.140000e-06	6.587977e-06	1.469117e-09	3.538092e+01	3.555500e+02
4.150000e-06	6.563630e-06	1.381071e-09	3.525017e+01	3.548407e+02
4.160000e-06	6.538837e-06	1.374149e-09	3.511702e+01	3.541146e+02
4.170000e-06	6.513579e-06	1.463000e-09	3.498136e+01	3.533723e+02
4.180000e-06	6.487774e-06	1.426372e-09	3.484278e+01	3.526144e+02
4.190000e-06	6.461478e-06	1.372753e-09	3.470155e+01	3.518416e+02
4.200000e-06	6.434783e-06	1.420395e-09	3.455819e+01	3.510545e+02
4.210000e-06	6.407573e-06	1.417548e-09	3.441206e+01	3.502538e+02
4.220000e-06	6.379878e-06	1.374310e-09	3.426332e+01	3.494400e+02
4.230000e-06	6.351851e-06	1.403122e-09	3.411280e+01	3.486136e+02
4.240000e-06	6.323542e-06	1.413781e-09	3.396077e+01	3.477750e+02
4.250000e-06	6.294855e-06	1.379679e-09	3.380670e+01	3.469247e+02
4.260000e-06	6.265543e-06	1.391493e-09	3.364928e+01	3.460628e+02
4.270000e-06	6.235511e-06	1.405520e-09	3.348799e+01	3.451896e+02
4.280000e-06	6.204931e-06	1.380978e-09	3.332376e+01	3.443052e+02
4.290000e-06	6.173792e-06	1.378563e-09	3.315653e+01	3.434095e+02
4.300000e-06	6.142013e-06	1.388210e-09	3.298586e+01	3.425025e+02
4.310000e-06	6.109841e-06	1.381539e-09	3.281308e+01	3.415838e+02
4.320000e-06	6.077415e-06	1.384181e-09	3.263893e+01	3.406533e+02
4.330000e-06	6.044595e-06	1.381537e-09	3.246267e+01	3.397105e+02
4.340000e-06	6.011452e-06	1.365980e-09	3.228468e+01	3.387549e+02
4.350000e-06	5.977820e-06	1.367997e-09	3.210406e+01	3.377859e+02
4.360000e-06	5.943671e-06	1.372854e-09	3.192066e+01	3.368029e+02
4.370000e-06	5.909227e-06	1.366227e-09	3.173567e+01	3.358051e+02
4.380000e-06	5.874388e-06	1.367778e-09	3.154857e+01	3.347918e+02
4.390000e-06	5.839062e-06	1.365045e-09	3.135885e+01	3.337622e+02
4.400000e-06	5.803374e-06	1.352693e-09	3.116719e+01	3.327154e+02
4.410000e-06	5.767521e-06	1.355695e-09	3.097464e+01	3.316505e+02
4.420000e-06	5.731472e-06	1.358939e-09	3.078104e+01	3.305666e+02
4.430000e-06	5.695076e-06	1.346281e-09	3.058557e+01	3.294629e+02
4.440000e-06	5.658150e-06	1.343362e-09	3.038726e+01	3.283384e+02
4.450000e-06	5.620545e-06	1.349340e-09	3.018530e+01	3.271922e+02
4.460000e-06	5.582342e-06	1.344832e-09	2.998013e+01	3.260236e+02
4.470000e-06	5.543518e-06	1.336021e-09	2.977162e+01	3.248317e+02
4.480000e-06	5.504115e-06	1.330113e-09	2.956001e+01	3.236158e+02
4.490000e-06	5.464336e-06	1.323727e-09	2.934637e+01	3.223750e+02
4.500000e-06	5.424275e-06	1.320647e-09	2.913123e+01	3.211087e+02
4.510000e-06	5.383856e-06	1.320777e-09	2.891416e+01	3.198164e+02
4.520000e-06	5.343031e-06	1.317139e-09	2.869490e+01	3.184974e+02
4.530000e-06	5.301887e-06	1.309518e-09	2.847394e+01	3.171511e+02
4.540000e-06	5.260503e-06	1.303132e-09	2.825168e+01	3.157772e+02
4.550000e-06	5.218932e-06	1.300272e-09	2.802842e+01	3.143753e+02
4.560000e-06	5.176921e-06	1.297367e-09	2.780281e+01	3.129450e+02
4.570000e-06	5.134486e-06	1.291154e-09	2.757491e+01	3.114860e+02
4.580000e-06	5.091775e-06	1.284723e-09	2.734552e+01	3.099981e+02
4.590000e-06	5.048654e-06	1.281708e-09	2.711394e+01	3.084811e+02
4.600000e-06	5.005199e-06	1.280123e-09	2.688056e+01	3.069349e+02
4.610000e-06	4.961464e-06	1.274992e-09	2.664568e+01	3.053593e+02
4.620000e-06	4.917407e-06	1.265894e-09	2.640908e+01	3.037543e+02
4.630000e-06	4.873032e-06	1.258288e-09	2.617076e+01	3.021199e+02
4.640000e-06	4.828339e-06	1.253585e-09	2.593074e+01	3.004561e+02
4.650000e-06	4.783312e-06	1.248535e-09	2.568892e+01	2.987630e+02
4.660000e-06	4.737982e-06	1.241841e-09	2.544547e+01	2.970405e+02
4.670000e-06	4.692308e-06	1.233931e-09	2.520017e+01	2.952888e+02
4.680000e-06	4.646236e-06	1.224738e-09	2.495275e+01	2.935081e+02
4.690000e-06	4.599800e-06	1.217218e-09	2.470336e+01	2.916984e+02
4.700000e-06	4.553096e-06	1.212138e-09	2.445254e+01	2.898598e+02
4.710000e-06	4.506181e-06	1.205554e-09	2.420058e+01	2.879927e+02
4.720000e-06	4.458805e-06	1.196738e-09	2.394614e+01	2.860971e+02
4.730000e-06	4.410983e-06	1.188472e-09	2.368931e+01	2.841734e+02
4.740000e-06	4.362918e-06	1.181726e-09	2.343118e+01	2.822216e+02
4.750000e-06	4.314525e-06	1.175115e-09	2.317128e+01	2.802421e+02
4.760000e-06	4.265785e-06	1.166693e-09	2.290952e+01	2.782350e+02
4.770000e-06	4.216832e-06	1.157451e-09	2.264662e+01	2.762008e+02
4.780000e-06	4.167431e-06	1.149910e-09	2.238131e+01	2.741397e+02
4.790000e-06	4.117553e-06	1.143343e-09	2.211344e+01	2.720519e+02
4.800000e-06	4.067477e-06	1.134827e-09	2.184450e+01	2.699378e+02
4.810000e-06	4.017138e-06	1.124027e-09	2.157415e+01	2.677977e+02
4.820000e-06	3.966496e-06	1.113176e-09	2.130218e+01	2.656320e+02
4.830000e-06	3.915533e-06	1.104823e-09	2.102848e+01	2.634409e+02
4.840000e-06	3.864208e-06	1.097913e-09	2.075284e+01	2.612249e+02
4.850000e-06	3.812556e-06	1.090100e-09	2.047544e+01	2.589842e+02
4.860000e-06	3.760529e-06	1.080609e-09	2.019603e+01	2.567191e+02
4.870000e-06	3.708204e-06	1.069840e-09	1.991502e+01	2.544301e+02
4.880000e-06	3.655688e-06	1.059677e-09	1.963298e+01	2.521173e+02
4.890000e-06	3.602888e-06	1.050328e-09	1.934941e+01	2.497810e+02
4.900000e-06	3.549629e-06	1.040879e-09	1.906338e+01	2.474216e+02
4.910000e-06	3.496038e-06	1.031351e-09	1.877557e+01	2.450391e+02
4.920000e-06	3.442136e-06	1.022527e-09	1.848609e+01	2.426339e+02
4.930000e-06	3.387813e-06	1.014218e-09	1.819435e+01	2.402059e+02
4.940000e-06	3.333227e-06	1.005448e-09	1.790119e+01	2.377554e+02
4.950000e-06	3.278238e-06	9.954687e-10	1.760587e+01	2.352823e+02
4.960000e-06	3.222941e-06	9.842838e-10	1.730890e+01	2.327867e+02
4.970000e-06	3.167532e-06	9.732020e-10	1.701132e+01	2.302684e+02
4.980000e-06	3.111917e-06	9.635722e-10	1.671264e+01	2.277273e+02
4.990000e-06	3.056063e-06	9.542958e-10	1.641267e+01	2.251632e+02
5.000000e-06	2.999978e-06	9.441851e-10	1.611147e+01	2.225759e+02
5.010000e-06	2.943696e-06	9.330523e-10	1.580920e+01	2.199650e+02
5.020000e-06	2.887238e-06	9.213359e-10	1.550599e+01	2.173302e+02
5.030000e-06	2.830632e-06	9.098273e-10	1.520199e+01	2.146710e+02
5.040000e-06	2.773928e-06	8.986940e-10	1.489746e+01	2.119869e+02
5.050000e-06	2.717063e-06	8.874009e-10	1.459207e+01	2.092773e+02
5.060000e-06	2.659963e-06	8.750738e-10	1.428541e+01	2.065417e+02
5.070000e-06	2.602737e-06	8.627421e-10	1.397807e+01	2.037794e+02
5.080000e-06	2.545293e-06	8.521988e-10	1.366957e+01	2.009897e+02
5.090000e-06	2.487573e-06	8.422421e-10	1.335958e+01	1.981718e+02
5.100000e-06	2.429799e-06	8.314510e-10	1.304931e+01	1.953251e+02
5.110000e-06	2.371832e-06	8.195604e-10	1.273799e+01	1.924488e+02
5.120000e-06	2.313650e-06	8.065815e-10	1.242552e+01	1.895421e+02
5.130000e-06	2.255351e-06	7.939348e-10	1.211243e+01	1.866042e+02
5.140000e-06	2.196810e-06	7.819639e-10	1.179803e+01	1.836343e+02
5.150000e-06	2.138091e-06	7.697302e-10	1.148268e+01	1.806316e+02
5.160000e-06	2.079193e-06	7.564552e-10	1.116637e+01	1.775954e+02
5.170000e-06	2.020123e-06	7.438178e-10	1.084913e+01	1.745248e+02
5.180000e-06	1.960986e-06	7.321732e-10	1.053153e+01	1.714191e+02
5.190000e-06	1.901816e-06	7.194840e-10	1.021376e+01	1.682776e+02
5.200000e-06	1.842568e-06	7.061155e-10	9.895566e+00	1.650995e+02
5.210000e-06	1.783072e-06	6.925083e-10	9.576039e+00	1.618842e+02
5.220000e-06	1.723406e-06	6.777902e-10	9.255599e+00	1.586310e+02
5.230000e-06	1.663712e-06	6.628424e-10	8.935013e+00	1.553392e+02
5.240000e-06	1.603930e-06	6.488017e-10	8.613955e+00	1.520082e+02
5.250000e-06	1.544077e-06	6.356977e-10	8.292510e+00	1.486374e+02
5.260000e-06	1.484169e-06	6.246630e-10	7.970774e+00	1.452263e+02
5.270000e-06	1.424159e-06	6.139601e-10	7.648487e+00	1.417744e+02
5.280000e-06	1.364032e-06	6.000513e-10	7.325574e+00	1.382810e+02
5.290000e-06	1.303834e-06	5.832147e-10	7.002278e+00	1.347458e+02
5.300000e-06	1.243579e-06	5.656787e-10	6.678675e+00	1.311682e+02
5.310000e-06	1.183225e-06	5.485831e-10	6.354546e+00	1.275478e+02
5.320000e-06	1.122809e-06	5.316178e-10	6.030080e+00	1.238842e+02
5.330000e-06	1.062444e-06	5.154823e-10	5.705884e+00	1.201771e+02
5.340000e-06	1.002042e-06	5.009608e-10	5.381497e+00	1.164261e+02
5.350000e-06	9.414696e-07	4.868675e-10	5.056190e+00	1.126309e+02
5.360000e-06	8.808434e-07	4.716601e-10	4.730595e+00	1.087912e+02
5.370000e-06	8.201668e-07	4.551430e-10	4.404729e+00	1.049069e+02
5.380000e-06	7.594462e-07	4.376577e-10	4.078628e+00	1.009777e+02
5.390000e-06	6.987178e-07	4.202094e-10	3.752484e+00	9.700371e+01
5.400000e-06	6.379546e-07	4.034859e-10	3.426154e+00	9.298485e+01
5.410000e-06	5.772047e-07	3.863958e-10	3.099895e+00	8.892121e+01
5.420000e-06	5.163617e-07	3.691076e-10	2.773136e+00	8.481300e+01
5.430000e-06	4.553616e-07	3.513259e-10	2.445533e+00	8.066053e+01
5.440000e-06	3.942899e-07	3.332101e-10	2.117545e+00	7.646423e+01
5.450000e-06	3.332141e-07	3.162406e-10	1.789536e+00	7.222467e+01
5.460000e-06	2.720227e-07	2.994314e-10	1.460906e+00	6.794256e+01
5.470000e-06	2.107313e-07	2.806834e-10	1.131738e+00	6.361877e+01
5.480000e-06	1.494912e-07	2.607329e-10	8.028466e-01	5.925434e+01
5.490000e-06	8.829761e-08	2.412578e-10	4.742049e-01	5.485049e+01
5.500000e-06	2.719219e-08	2.217070e-10	1.460365e-01	5.040862e+01
5.510000e-06	-3.377286e-08	2.025491e-10	-1.813781e-01	4.593032e+01
5.520000e-06	-9.482982e-08	1.848066e-10	-5.092863e-01	4.141737e+01
5.530000e-06	-1.560211e-07	1.673739e-10	-8.379160e-01	3.687175e+01
5.540000e-06	-2.171421e-07	1.494418e-10	-1.166168e+00	3.229564e+01
5.550000e-06	-2.781944e-07	1.302869e-10	-1.494051e+00	2.769139e+01
5.560000e-06	-3.392364e-07	1.089558e-10	-1.821879e+00	2.306155e+01
5.570000e-06	-4.002997e-07	8.716027e-11	-2.149821e+00	1.840885e+01
5.580000e-06	-4.613840e-07	6.699623e-11	-2.477876e+00	1.373616e+01
5.590000e-06	-5.225042e-07	4.832331e-11	-2.806124e+00	9.046520e+00
5.600000e-06	-5.835938e-07	2.929517e-11	-3.134207e+00	4.343096e+00
5.610000e-06	-6.444809e-07	9.429520e-12	-3.461203e+00	-3.708350e-01
5.620000e-06	-7.051527e-07	-1.064208e-11	-3.787043e+00	-5.091904e+00
5.630000e-06	-7.656423e-07	-3.102821e-11	-4.111904e+00	-9.816674e+00
5.640000e-06	-8.260797e-07	-5.157113e-11	-4.436485e+00	-1.454166e+01
5.650000e-06	-8.865357e-07	-7.217345e-11	-4.761165e+00	-1.926338e+01
5.660000e-06	-9.468808e-07	-9.196295e-11	-5.085251e+00	-2.397834e+01
5.670000e-06	-1.007239e-06	-1.106506e-10	-5.409408e+00	-2.868308e+01
5.680000e-06	-1.067680e-06	-1.299744e-10	-5.734007e+00	-3.337424e+01
5.690000e-06	-1.128001e-06	-1.509225e-10	-6.057960e+00	-3.804852e+01
5.700000e-06	-1.188112e-06	-1.721443e-10	-6.380791e+00	-4.270275e+01
5.710000e-06	-1.248237e-06	-1.921458e-10	-6.703692e+00	-4.733389e+01
5.720000e-06	-1.308455e-06	-2.108920e-10	-7.027098e+00	-5.193910e+01
5.730000e-06	-1.368583e-06	-2.290611e-10	-7.350015e+00	-5.651569e+01
5.740000e-06	-1.428627e-06	-2.478152e-10	-7.672482e+00	-6.106119e+01
5.750000e-06	-1.488582e-06	-2.680930e-10	-7.994472e+00	-6.557336e+01
5.760000e-06	-1.548382e-06	-2.882781e-10	-8.315631e+00	-7.005016e+01
5.770000e-06	-1.608129e-06	-3.076140e-10	-8.636503e+00	-7.448982e+01
5.780000e-06	-1.667816e-06	-3.267608e-10	-8.957055e+00	-7.889081e+01
5.790000e-06	-1.727373e-06	-3.459164e-10	-9.276907e+00	-8.325184e+01
5.800000e-06	-1.786861e-06	-3.651409e-10	-9.596389e+00	-8.757186e+01
5.810000e-06	-1.846238e-06	-3.834659e-10	-9.915273e+00	-9.185007e+01
5.820000e-06	-1.905473e-06	-4.008123e-10	-1.023340e+01	-9.608589e+01
5.830000e-06	-1.964629e-06	-4.185089e-10	-1.055110e+01	-1.002790e+02
5.840000e-06	-2.023746e-06	-4.365256e-10	-1.086859e+01	-1.044291e+02
5.850000e-06	-2.082640e-06	-4.538718e-10	-1.118488e+01	-1.085364e+02
5.860000e-06	-2.141236e-06	-4.705157e-10	-1.149957e+01	-1.126010e+02
5.870000e-06	-2.199743e-06	-4.862337e-10	-1.181378e+01	-1.166232e+02
5.880000e-06	-2.258113e-06	-5.017099e-10	-1.212726e+01	-1.206034e+02
5.890000e-06	-2.316277e-06	-5.193477e-10	-1.243963e+01	-1.245423e+02
5.900000e-06	-2.374253e-06	-5.373669e-10	-1.275099e+01	-1.284403e+02
5.910000e-06	-2.432100e-06	-5.529309e-10	-1.306167e+01	-1.322983e+02
5.920000e-06	-2.489787e-06	-5.683734e-10	-1.337147e+01	-1.361167e+02
5.930000e-06	-2.547235e-06	-5.854544e-10	-1.368000e+01	-1.398962e+02
5.940000e-06	-2.604508e-06	-6.030392e-10	-1.398759e+01	-1.436376e+02
5.950000e-06	-2.661533e-06	-6.191573e-10	-1.429384e+01	-1.473413e+02
5.960000e-06	-2.718410e-06	-6.340167e-10	-1.459930e+01	-1.510078e+02
5.970000e-06	-2.775154e-06	-6.488931e-10	-1.490404e+01	-1.546377e+02
5.980000e-06	-2.831673e-06	-6.635282e-10	-1.520758e+01	-1.582312e+02
5.990000e-06	-2.888081e-06	-6.783619e-10	-1.551052e+01	-1.617885e+02
6.000000e-06	-2.944307e-06	-6.928512e-10	-1.581248e+01	-1.653098e+02
6.010000e-06	-3.000264e-06	-7.065052e-10	-1.611300e+01	-1.687951e+02
6.020000e-06	-3.056044e-06	-7.200453e-10	-1.641257e+01	-1.722444e+02
6.030000e-06	-3.111692e-06	-7.330271e-10	-1.671143e+01	-1.756573e+02
6.040000e-06	-3.167086e-06	-7.459379e-10	-1.700893e+01	-1.790336e+02
6.050000e-06	-3.222207e-06	-7.592556e-10	-1.730495e+01	-1.823728e+02
6.060000e-06	-3.277123e-06	-7.728825e-10	-1.759988e+01	-1.856746e+02
6.070000e-06	-3.331828e-06	-7.871540e-10	-1.789368e+01	-1.889384e+02
6.080000e-06	-3.386408e-06	-8.014406e-10	-1.818680e+01	-1.921636e+02
6.090000e-06	-3.440645e-06	-8.151065e-10	-1.847808e+01	-1.953495e+02
6.100000e-06	-3.494342e-06	-8.277756e-10	-1.876647e+01	-1.984956e+02
6.110000e-06	-3.547519e-06	-8.392426e-10	-1.905205e+01	-2.016012e+02
6.120000e-06	-3.600323e-06	-8.507186e-10	-1.933564e+01	-2.046657e+02
6.130000e-06	-3.652764e-06	-8.632215e-10	-1.961728e+01	-2.076886e+02
6.140000e-06	-3.704751e-06	-8.759203e-10	-1.989647e+01	-2.106694e+02
6.150000e-06	-3.756515e-06	-8.877450e-10	-2.017447e+01	-2.136076e+02
6.160000e-06	-3.808035e-06	-8.988963e-10	-2.045116e+01	-2.165030e+02
6.170000e-06	-3.859326e-06	-9.114853e-10	-2.072662e+01	-2.193554e+02
6.180000e-06	-3.910381e-06	-9.249745e-10	-2.100081e+01	-2.221646e+02
6.190000e-06	-3.961094e-06	-9.365555e-10	-2.127317e+01	-2.249307e+02
6.200000e-06	-4.011464e-06	-9.467980e-10	-2.154369e+01	-2.276539e+02
6.210000e-06	-4.061642e-06	-9.573497e-10	-2.181317e+01	-2.303344e+02
6.220000e-06	-4.111609e-06	-9.679983e-10	-2.208151e+01	-2.329727e+02
6.230000e-06	-4.161216e-06	-9.782972e-10	-2.234793e+01	-2.355694e+02
6.240000e-06	-4.210394e-06	-9.877460e-10	-2.261205e+01	-2.381251e+02
6.250000e-06	-4.259135e-06	-9.966410e-10	-2.287381e+01	-2.406406e+02
6.260000e-06	-4.307568e-06	-1.006459e-09	-2.313392e+01	-2.431169e+02
6.270000e-06	-4.355538e-06	-1.016956e-09	-2.339154e+01	-2.455550e+02
6.280000e-06	-4.402996e-06	-1.027128e-09	-2.364642e+01	-2.479558e+02
6.290000e-06	-4.450029e-06	-1.036874e-09	-2.389901e+01	-2.503207e+02
6.300000e-06	-4.496669e-06	-1.046179e-09	-2.414949e+01	-2.526507e+02
6.310000e-06	-4.543107e-06	-1.055170e-09	-2.439889e+01	-2.549470e+02
6.320000e-06	-4.589338e-06	-1.065100e-09	-2.464717e+01	-2.572110e+02
6.330000e-06	-4.635300e-06	-1.074235e-09	-2.489401e+01	-2.594437e+02
6.340000e-06	-4.680957e-06	-1.080727e-09	-2.513922e+01	-2.616464e+02
6.350000e-06	-4.726298e-06	-1.088069e-09	-2.538272e+01	-2.638203e+02
6.360000e-06	-4.771383e-06	-1.097589e-09	-2.562485e+01	-2.659663e+02
6.370000e-06	-4.816072e-06	-1.106804e-09	-2.586485e+01	-2.680855e+02
6.380000e-06	-4.860376e-06	-1.115203e-09	-2.610279e+01	-2.701789e+02
6.390000e-06	-4.904469e-06	-1.123178e-09	-2.633959e+01	-2.722472e+02
6.400000e-06	-4.948395e-06	-1.131027e-09	-2.657550e+01	-2.742912e+02
6.410000e-06	-4.992107e-06	-1.139507e-09	-2.681025e+01	-2.763115e+02
6.420000e-06	-5.035457e-06	-1.148625e-09	-2.704307e+01	-2.783086e+02
6.430000e-06	-5.078376e-06	-1.158233e-09	-2.727357e+01	-2.802828e+02
6.440000e-06	-5.120998e-06	-1.167420e-09	-2.750247e+01	-2.822345e+02
6.450000e-06	-5.163258e-06	-1.175733e-09	-2.772943e+01	-2.841638e+02
6.460000e-06	-5.205119e-06	-1.183440e-09	-2.795424e+01	-2.860708e+02
6.470000e-06	-5.246683e-06	-1.189667e-09	-2.817747e+01	-2.879555e+02
6.480000e-06	-5.287866e-06	-1.195464e-09	-2.839864e+01	-2.898178e+02
6.490000e-06	-5.328634e-06	-1.202351e-09	-2.861758e+01	-2.916575e+02
6.500000e-06	-5.369129e-06	-1.209754e-09	-2.883506e+01	-2.934744e+02
6.510000e-06	-5.409327e-06	-1.217109e-09	-2.905094e+01	-2.952682e+02
6.520000e-06	-5.449204e-06	-1.224465e-09	-2.926511e+01	-2.970386e+02
6.530000e-06	-5.488843e-06	-1.231239e-09	-2.947799e+01	-2.987854e+02
6.540000e-06	-5.528132e-06	-1.237660e-09	-2.968899e+01	-3.005081e+02
6.550000e-06	-5.566980e-06	-1.244319e-09	-2.989763e+01	-3.022065e+02
6.560000e-06	-5.605211e-06	-1.250350e-09	-3.010295e+01	-3.038803e+02
6.570000e-06	-5.642683e-06	-1.255384e-09	-3.030419e+01	-3.055293e+02
6.580000e-06	-5.679451e-06	-1.260645e-09	-3.050165e+01	-3.071532e+02
6.590000e-06	-5.715714e-06	-1.266855e-09	-3.069641e+01	-3.087519e+02
6.600000e-06	-5.751720e-06	-1.273286e-09	-3.088978e+01	-3.103254e+02
6.610000e-06	-5.787574e-06	-1.279503e-09	-3.108233e+01	-3.118735e+02
6.620000e-06	-5.823170e-06	-1.285613e-09	-3.127350e+01	-3.133964e+02
6.630000e-06	-5.858372e-06	-1.291600e-09	-3.146256e+01	-3.148942e+02
6.640000e-06	-5.893162e-06	-1.297649e-09	-3.164939e+01	-3.163670e+02
6.650000e-06	-5.927421e-06	-1.303247e-09	-3.183339e+01	-3.178150e+02
6.660000e-06	-5.961121e-06	-1.308279e-09	-3.201437e+01	-3.192387e+02
6.670000e-06	-5.994494e-06	-1.313527e-09	-3.219360e+01	-3.206383e+02
6.680000e-06	-6.027587e-06	-1.319327e-09	-3.237133e+01	-3.220144e+02
6.690000e-06	-6.060226e-06	-1.324963e-09	-3.254662e+01	-3.233672e+02
6.700000e-06	-6.092412e-06	-1.329111e-09	-3.271947e+01	-3.246974e+02
6.710000e-06	-6.124267e-06	-1.333160e-09	-3.289055e+01	-3.260055e+02
6.720000e-06	-6.155893e-06	-1.338708e-09	-3.306040e+01	-3.272919e+02
6.730000e-06	-6.187211e-06	-1.344494e-09	-3.322860e+01	-3.285572e+02
6.740000e-06	-6.217857e-06	-1.349971e-09	-3.339318e+01	-3.298019e+02
6.750000e-06	-6.247663e-06	-1.355417e-09	-3.355326e+01	-3.310265e+02
6.760000e-06	-6.276717e-06	-1.360723e-09	-3.370929e+01	-3.322314e+02
6.770000e-06	-6.305251e-06	-1.365518e-09	-3.386253e+01	-3.334172e+02
6.780000e-06	-6.333492e-06	-1.369489e-09	-3.401420e+01	-3.345842e+02
6.790000e-06	-6.361451e-06	-1.373948e-09	-3.416436e+01	-3.357327e+02
6.800000e-06	-6.388964e-06	-1.379578e-09	-3.431212e+01	-3.368631e+02
6.810000e-06	-6.416066e-06	-1.385651e-09	-3.445767e+01	-3.379755e+02
6.820000e-06	-6.442771e-06	-1.391361e-09	-3.460109e+01	-3.390702e+02
6.830000e-06	-6.468999e-06	-1.396501e-09	-3.474195e+01	-3.401473e+02
6.840000e-06	-6.494700e-06	-1.401005e-09	-3.487997e+01	-3.412069e+02
6.850000e-06	-6.519842e-06	-1.404710e-09	-3.501500e+01	-3.422489e+02
6.860000e-06	-6.544603e-06	-1.407369e-09	-3.514798e+01	-3.432734e+02
6.870000e-06	-6.568987e-06	-1.410116e-09	-3.527893e+01	-3.442802e+02
6.880000e-06	-6.593090e-06	-1.413583e-09	-3.540838e+01	-3.452692e+02
6.890000e-06	-6.616966e-06	-1.416577e-09	-3.553661e+01	-3.462403e+02
6.900000e-06	-6.640429e-06	-1.420084e-09	-3.566262e+01	-3.471932e+02
6.910000e-06	-6.663230e-06	-1.424642e-09	-3.578507e+01	-3.481278e+02
6.920000e-06	-6.685179e-06	-1.429658e-09	-3.590295e+01	-3.490437e+02
6.930000e-06	-6.706332e-06	-1.434045e-09	-3.601655e+01	-3.499408e+02
6.940000e-06	-6.726839e-06	-1.436950e-09	-3.612668e+01	-3.508189e+02
6.950000e-06	-6.746956e-06	-1.439098e-09	-3.623472e+01	-3.516776e+02
6.960000e-06	-6.766796e-06	-1.442101e-09	-3.634127e+01	-3.525167e+02
6.970000e-06	-6.786362e-06	-1.446498e-09	-3.644635e+01	-3.533361e+02
6.980000e-06	-6.805524e-06	-1.450204e-09	-3.654926e+01	-3.541355e+02
6.990000e-06	-6.824103e-06	-1.451974e-09	-3.664904e+01	-3.549147e+02
7.000000e-06	-6.842234e-06	-1.452670e-09	-3.674642e+01	-3.556736e+02
7.010000e-06	-6.859996e-06	-1.454794e-09	-3.684181e+01	-3.564120e+02
7.020000e-06	-6.877338e-06	-1.457679e-09	-3.693494e+01	-3.571299e+02
7.030000e-06	-6.894166e-06	-1.458846e-09	-3.702532e+01	-3.578271e+02
7.040000e-06	-6.910511e-06	-1.459254e-09	-3.711310e+01	-3.585037e+02
7.050000e-06	-6.926606e-06	-1.461155e-09	-3.719954e+01	-3.591594e+02
7.060000e-06	-6.942432e-06	-1.464791e-09	-3.728453e+01	-3.597945e+02
7.070000e-06	-6.957565e-06	-1.468377e-09	-3.736580e+01	-3.604087e+02
7.080000e-06	-6.971713e-06	-1.470277e-09	-3.744179e+01	-3.610022e+02
7.090000e-06	-6.984943e-06	-1.470805e-09	-3.751284e+01	-3.615749e+02
7.100000e-06	-6.997466e-06	-1.472255e-09	-3.758009e+01	-3.621269e+02
7.110000e-06	-7.009547e-06	-1.474758e-09	-3.764498e+01	-3.626582e+02
7.120000e-06	-7.021208e-06	-1.476940e-09	-3.770760e+01	-3.631689e+02
7.130000e-06	-7.032339e-06	-1.478369e-09	-3.776738e+01	-3.636589e+02
7.140000e-06	-7.042985e-06	-1.478708e-09	-3.782456e+01	-3.641283e+02
7.150000e-06	-7.053189e-06	-1.478150e-09	-3.787936e+01	-3.645770e+02
7.160000e-06	-7.062954e-06	-1.477926e-09	-3.793180e+01	-3.650051e+02
7.170000e-06	-7.072298e-06	-1.478887e-09	-3.798198e+01	-3.654127e+02
7.180000e-06	-7.081045e-06	-1.480895e-09	-3.802895e+01	-3.657996e+02
7.190000e-06	-7.089245e-06	-1.482133e-09	-3.807300e+01	-3.661659e+02
7.200000e-06	-7.097201e-06	-1.481542e-09	-3.811572e+01	-3.665115e+02
7.210000e-06	-7.104876e-06	-1.481406e-09	-3.815694e+01	-3.668366e+02
7.220000e-06	-7.112029e-06	-1.481940e-09	-3.819536e+01	-3.671410e+02
7.230000e-06	-7.118401e-06	-1.481862e-09	-3.822958e+01	-3.674247e+02
7.240000e-06	-7.123899e-06	-1.480987e-09	-3.825910e+01	-3.676879e+02
7.250000e-06	-7.128709e-06	-1.480994e-09	-3.828494e+01	-3.679305e+02
7.260000e-06	-7.133099e-06	-1.481891e-09	-3.830851e+01	-3.681527e+02
7.270000e-06	-7.137199e-06	-1.481836e-09	-3.833054e+01	-3.683544e+02
7.280000e-06	-7.140905e-06	-1.481109e-09	-3.835044e+01	-3.685359e+02
7.290000e-06	-7.144041e-06	-1.480658e-09	-3.836728e+01	-3.686973e+02
7.300000e-06	-7.146677e-06	-1.480716e-09	-3.838144e+01	-3.688388e+02
7.310000e-06	-7.148899e-06	-1.480705e-09	-3.839337e+01	-3.689607e+02
7.320000e-06	-7.150678e-06	-1.480195e-09	-3.840292e+01	-3.690633e+02
7.330000e-06	-7.151850e-06	-1.479093e-09	-3.840922e+01	-3.691468e+02
7.340000e-06	-7.152413e-06	-1.477470e-09	-3.841224e+01	-3.692117e+02
