# Temperatura_=_-36.8
# Concentracion g/m^3_=_7400.0
# C_Vs_to_Am_M_A/Vsm_=_254322799225.57578
# pendiente_HvsI_1/m_=_3716.3
# ordenada_HvsI_A/m_=_1297.0
# frecuencia_Hz_=_136122.58838757515

Tiempo_(s)	Campo_(V.s)	Magnetizacion_(V.s)	Campo_(kA/m)	Magnetizacion_(A/m)
0.000000e+00	-7.132600e-06	-1.316169e-09	-3.842190e+01	-3.293910e+02
1.000000e-08	-7.132799e-06	-1.314847e-09	-3.842297e+01	-3.295098e+02
2.000000e-08	-7.132623e-06	-1.312866e-09	-3.842203e+01	-3.296173e+02
3.000000e-08	-7.131919e-06	-1.310752e-09	-3.841824e+01	-3.297128e+02
4.000000e-08	-7.130480e-06	-1.310380e-09	-3.841048e+01	-3.297957e+02
5.000000e-08	-7.128209e-06	-1.311348e-09	-3.839825e+01	-3.298655e+02
6.000000e-08	-7.125205e-06	-1.312687e-09	-3.838206e+01	-3.299217e+02
7.000000e-08	-7.121767e-06	-1.317068e-09	-3.836355e+01	-3.299638e+02
8.000000e-08	-7.117958e-06	-1.315253e-09	-3.834303e+01	-3.299913e+02
9.000000e-08	-7.113478e-06	-1.285551e-09	-3.831890e+01	-3.300040e+02
1.000000e-07	-7.108258e-06	-1.264731e-09	-3.829078e+01	-3.300016e+02
1.100000e-07	-7.102535e-06	-1.319424e-09	-3.825995e+01	-3.299837e+02
1.200000e-07	-7.096528e-06	-1.363193e-09	-3.822759e+01	-3.299502e+02
1.300000e-07	-7.090284e-06	-1.291814e-09	-3.819395e+01	-3.299011e+02
1.400000e-07	-7.083407e-06	-1.233131e-09	-3.815691e+01	-3.298361e+02
1.500000e-07	-7.075899e-06	-1.316280e-09	-3.811647e+01	-3.297553e+02
1.600000e-07	-7.068219e-06	-1.377120e-09	-3.807510e+01	-3.296586e+02
1.700000e-07	-7.060183e-06	-1.262433e-09	-3.803181e+01	-3.295461e+02
1.800000e-07	-7.051495e-06	-1.193066e-09	-3.798500e+01	-3.294178e+02
1.900000e-07	-7.041985e-06	-1.323268e-09	-3.793378e+01	-3.292737e+02
2.000000e-07	-7.032109e-06	-1.389770e-09	-3.788058e+01	-3.291139e+02
2.100000e-07	-7.021849e-06	-1.253983e-09	-3.782531e+01	-3.289385e+02
2.200000e-07	-7.010687e-06	-1.200983e-09	-3.776518e+01	-3.287474e+02
2.300000e-07	-6.998938e-06	-1.321413e-09	-3.770189e+01	-3.285409e+02
2.400000e-07	-6.986771e-06	-1.336741e-09	-3.763635e+01	-3.283187e+02
2.500000e-07	-6.974008e-06	-1.229156e-09	-3.756760e+01	-3.280811e+02
2.600000e-07	-6.960551e-06	-1.252509e-09	-3.749511e+01	-3.278278e+02
2.700000e-07	-6.946471e-06	-1.336711e-09	-3.741926e+01	-3.275590e+02
2.800000e-07	-6.931815e-06	-1.281851e-09	-3.734031e+01	-3.272745e+02
2.900000e-07	-6.916407e-06	-1.235724e-09	-3.725731e+01	-3.269742e+02
3.000000e-07	-6.900267e-06	-1.304687e-09	-3.717037e+01	-3.266581e+02
3.100000e-07	-6.883620e-06	-1.293228e-09	-3.708070e+01	-3.263261e+02
3.200000e-07	-6.866537e-06	-1.210126e-09	-3.698867e+01	-3.259781e+02
3.300000e-07	-6.849027e-06	-1.271477e-09	-3.689435e+01	-3.256140e+02
3.400000e-07	-6.831050e-06	-1.344001e-09	-3.679751e+01	-3.252337e+02
3.500000e-07	-6.812676e-06	-1.246936e-09	-3.669853e+01	-3.248372e+02
3.600000e-07	-6.793805e-06	-1.201558e-09	-3.659688e+01	-3.244244e+02
3.700000e-07	-6.774417e-06	-1.304732e-09	-3.649244e+01	-3.239955e+02
3.800000e-07	-6.754740e-06	-1.300061e-09	-3.638645e+01	-3.235505e+02
3.900000e-07	-6.734742e-06	-1.205428e-09	-3.627872e+01	-3.230895e+02
4.000000e-07	-6.714268e-06	-1.245887e-09	-3.616843e+01	-3.226128e+02
4.100000e-07	-6.693294e-06	-1.302289e-09	-3.605545e+01	-3.221207e+02
4.200000e-07	-6.671869e-06	-1.238519e-09	-3.594003e+01	-3.216134e+02
4.300000e-07	-6.650069e-06	-1.225149e-09	-3.582260e+01	-3.210914e+02
4.400000e-07	-6.627764e-06	-1.276212e-09	-3.570245e+01	-3.205552e+02
4.500000e-07	-6.604902e-06	-1.237823e-09	-3.557930e+01	-3.200054e+02
4.600000e-07	-6.581641e-06	-1.206878e-09	-3.545400e+01	-3.194426e+02
4.700000e-07	-6.558091e-06	-1.265268e-09	-3.532714e+01	-3.188676e+02
4.800000e-07	-6.534239e-06	-1.261037e-09	-3.519865e+01	-3.182810e+02
4.900000e-07	-6.509831e-06	-1.201607e-09	-3.506717e+01	-3.176837e+02
5.000000e-07	-6.484746e-06	-1.223618e-09	-3.493204e+01	-3.170766e+02
5.100000e-07	-6.458983e-06	-1.249622e-09	-3.479326e+01	-3.164603e+02
5.200000e-07	-6.432459e-06	-1.210203e-09	-3.465038e+01	-3.158359e+02
5.300000e-07	-6.405321e-06	-1.205854e-09	-3.450419e+01	-3.152041e+02
5.400000e-07	-6.377783e-06	-1.230765e-09	-3.435585e+01	-3.145658e+02
5.500000e-07	-6.349952e-06	-1.210043e-09	-3.420593e+01	-3.139217e+02
5.600000e-07	-6.321814e-06	-1.197856e-09	-3.405436e+01	-3.132725e+02
5.700000e-07	-6.293180e-06	-1.213992e-09	-3.390011e+01	-3.126188e+02
5.800000e-07	-6.264081e-06	-1.199055e-09	-3.374336e+01	-3.119611e+02
5.900000e-07	-6.234629e-06	-1.180353e-09	-3.358471e+01	-3.112998e+02
6.000000e-07	-6.204680e-06	-1.193027e-09	-3.342338e+01	-3.106352e+02
6.100000e-07	-6.174214e-06	-1.193477e-09	-3.325927e+01	-3.099675e+02
6.200000e-07	-6.143379e-06	-1.179277e-09	-3.309317e+01	-3.092965e+02
6.300000e-07	-6.112123e-06	-1.178781e-09	-3.292480e+01	-3.086222e+02
6.400000e-07	-6.080565e-06	-1.174883e-09	-3.275480e+01	-3.079441e+02
6.500000e-07	-6.048816e-06	-1.164367e-09	-3.258377e+01	-3.072618e+02
6.600000e-07	-6.016741e-06	-1.164877e-09	-3.241099e+01	-3.065746e+02
6.700000e-07	-5.984203e-06	-1.163780e-09	-3.223571e+01	-3.058817e+02
6.800000e-07	-5.951021e-06	-1.155751e-09	-3.205697e+01	-3.051821e+02
6.900000e-07	-5.916975e-06	-1.152043e-09	-3.187357e+01	-3.044746e+02
7.000000e-07	-5.882237e-06	-1.147315e-09	-3.168644e+01	-3.037580e+02
7.100000e-07	-5.847036e-06	-1.141255e-09	-3.149682e+01	-3.030309e+02
7.200000e-07	-5.811499e-06	-1.139377e-09	-3.130539e+01	-3.022918e+02
7.300000e-07	-5.775816e-06	-1.134511e-09	-3.111318e+01	-3.015391e+02
7.400000e-07	-5.739914e-06	-1.128053e-09	-3.091978e+01	-3.007711e+02
7.500000e-07	-5.703699e-06	-1.127886e-09	-3.072470e+01	-2.999863e+02
7.600000e-07	-5.667021e-06	-1.126206e-09	-3.052712e+01	-2.991827e+02
7.700000e-07	-5.629762e-06	-1.118250e-09	-3.032641e+01	-2.983588e+02
7.800000e-07	-5.592059e-06	-1.111337e-09	-3.012331e+01	-2.975129e+02
7.900000e-07	-5.553972e-06	-1.107128e-09	-2.991814e+01	-2.966432e+02
8.000000e-07	-5.515510e-06	-1.103527e-09	-2.971096e+01	-2.957482e+02
8.100000e-07	-5.476557e-06	-1.101682e-09	-2.950113e+01	-2.948263e+02
8.200000e-07	-5.437146e-06	-1.098057e-09	-2.928883e+01	-2.938762e+02
8.300000e-07	-5.397543e-06	-1.091190e-09	-2.907549e+01	-2.928966e+02
8.400000e-07	-5.357783e-06	-1.086338e-09	-2.886132e+01	-2.918863e+02
8.500000e-07	-5.317847e-06	-1.083483e-09	-2.864619e+01	-2.908442e+02
8.600000e-07	-5.277481e-06	-1.078635e-09	-2.842874e+01	-2.897696e+02
8.700000e-07	-5.236617e-06	-1.072553e-09	-2.820862e+01	-2.886616e+02
8.800000e-07	-5.195352e-06	-1.066664e-09	-2.798633e+01	-2.875199e+02
8.900000e-07	-5.153400e-06	-1.062367e-09	-2.776034e+01	-2.863439e+02
9.000000e-07	-5.110724e-06	-1.058769e-09	-2.753046e+01	-2.851334e+02
9.100000e-07	-5.067553e-06	-1.053361e-09	-2.729790e+01	-2.838884e+02
9.200000e-07	-5.024141e-06	-1.046327e-09	-2.706405e+01	-2.826091e+02
9.300000e-07	-4.980525e-06	-1.040774e-09	-2.682910e+01	-2.812955e+02
9.400000e-07	-4.936529e-06	-1.036852e-09	-2.659211e+01	-2.799481e+02
9.500000e-07	-4.892208e-06	-1.032078e-09	-2.635335e+01	-2.785673e+02
9.600000e-07	-4.847579e-06	-1.026366e-09	-2.611295e+01	-2.771537e+02
9.700000e-07	-4.802657e-06	-1.019662e-09	-2.587096e+01	-2.757079e+02
9.800000e-07	-4.757468e-06	-1.012975e-09	-2.562754e+01	-2.742308e+02
9.900000e-07	-4.711919e-06	-1.006981e-09	-2.538218e+01	-2.727231e+02
1.000000e-06	-4.665973e-06	-1.001236e-09	-2.513467e+01	-2.711856e+02
1.010000e-06	-4.619620e-06	-9.954276e-10	-2.488498e+01	-2.696193e+02
1.020000e-06	-4.572875e-06	-9.896789e-10	-2.463317e+01	-2.680248e+02
1.030000e-06	-4.525953e-06	-9.843242e-10	-2.438041e+01	-2.664032e+02
1.040000e-06	-4.478754e-06	-9.790207e-10	-2.412616e+01	-2.647553e+02
1.050000e-06	-4.431274e-06	-9.736492e-10	-2.387039e+01	-2.630818e+02
1.060000e-06	-4.383628e-06	-9.675056e-10	-2.361373e+01	-2.613837e+02
1.070000e-06	-4.335759e-06	-9.605814e-10	-2.335587e+01	-2.596615e+02
1.080000e-06	-4.287513e-06	-9.543360e-10	-2.309598e+01	-2.579161e+02
1.090000e-06	-4.238734e-06	-9.482286e-10	-2.283322e+01	-2.561480e+02
1.100000e-06	-4.189530e-06	-9.412795e-10	-2.256817e+01	-2.543578e+02
1.110000e-06	-4.140020e-06	-9.336581e-10	-2.230147e+01	-2.525461e+02
1.120000e-06	-4.090135e-06	-9.252524e-10	-2.203274e+01	-2.507133e+02
1.130000e-06	-4.039643e-06	-9.166806e-10	-2.176075e+01	-2.488598e+02
1.140000e-06	-3.988565e-06	-9.097477e-10	-2.148561e+01	-2.469860e+02
1.150000e-06	-3.937116e-06	-9.033475e-10	-2.120846e+01	-2.450921e+02
1.160000e-06	-3.885484e-06	-8.963087e-10	-2.093033e+01	-2.431785e+02
1.170000e-06	-3.833713e-06	-8.888044e-10	-2.065145e+01	-2.412455e+02
1.180000e-06	-3.781710e-06	-8.802907e-10	-2.037132e+01	-2.392931e+02
1.190000e-06	-3.729440e-06	-8.709815e-10	-2.008975e+01	-2.373217e+02
1.200000e-06	-3.676784e-06	-8.619960e-10	-1.980611e+01	-2.353313e+02
1.210000e-06	-3.623739e-06	-8.543231e-10	-1.952036e+01	-2.333222e+02
1.220000e-06	-3.570495e-06	-8.477439e-10	-1.923355e+01	-2.312944e+02
1.230000e-06	-3.517056e-06	-8.408579e-10	-1.894569e+01	-2.292482e+02
1.240000e-06	-3.463372e-06	-8.335557e-10	-1.865650e+01	-2.271836e+02
1.250000e-06	-3.409427e-06	-8.255702e-10	-1.836591e+01	-2.251008e+02
1.260000e-06	-3.355241e-06	-8.162019e-10	-1.807402e+01	-2.229999e+02
1.270000e-06	-3.300836e-06	-8.067529e-10	-1.778095e+01	-2.208810e+02
1.280000e-06	-3.246184e-06	-7.978668e-10	-1.748655e+01	-2.187443e+02
1.290000e-06	-3.191183e-06	-7.888553e-10	-1.719027e+01	-2.165899e+02
1.300000e-06	-3.135936e-06	-7.796540e-10	-1.689267e+01	-2.144178e+02
1.310000e-06	-3.080587e-06	-7.709803e-10	-1.659451e+01	-2.122280e+02
1.320000e-06	-3.025080e-06	-7.619296e-10	-1.629551e+01	-2.100207e+02
1.330000e-06	-2.969433e-06	-7.517048e-10	-1.599575e+01	-2.077957e+02
1.340000e-06	-2.913641e-06	-7.413429e-10	-1.569520e+01	-2.055529e+02
1.350000e-06	-2.857719e-06	-7.315506e-10	-1.539397e+01	-2.032923e+02
1.360000e-06	-2.801706e-06	-7.225931e-10	-1.509223e+01	-2.010136e+02
1.370000e-06	-2.745520e-06	-7.148178e-10	-1.478957e+01	-1.987165e+02
1.380000e-06	-2.689083e-06	-7.075942e-10	-1.448556e+01	-1.964006e+02
1.390000e-06	-2.632562e-06	-6.995259e-10	-1.418109e+01	-1.940654e+02
1.400000e-06	-2.575875e-06	-6.890853e-10	-1.387573e+01	-1.917103e+02
1.410000e-06	-2.518955e-06	-6.777653e-10	-1.356911e+01	-1.893347e+02
1.420000e-06	-2.461829e-06	-6.679448e-10	-1.326139e+01	-1.869377e+02
1.430000e-06	-2.404340e-06	-6.591168e-10	-1.295170e+01	-1.845184e+02
1.440000e-06	-2.346602e-06	-6.509797e-10	-1.264068e+01	-1.820759e+02
1.450000e-06	-2.288491e-06	-6.430038e-10	-1.232765e+01	-1.796089e+02
1.460000e-06	-2.229989e-06	-6.339616e-10	-1.201251e+01	-1.771163e+02
1.470000e-06	-2.171354e-06	-6.243901e-10	-1.169665e+01	-1.745968e+02
1.480000e-06	-2.112481e-06	-6.153990e-10	-1.137951e+01	-1.720490e+02
1.490000e-06	-2.053263e-06	-6.055663e-10	-1.106052e+01	-1.694714e+02
1.500000e-06	-1.993843e-06	-5.944261e-10	-1.074044e+01	-1.668625e+02
1.510000e-06	-1.934344e-06	-5.845426e-10	-1.041993e+01	-1.642208e+02
1.520000e-06	-1.874810e-06	-5.758347e-10	-1.009923e+01	-1.615446e+02
1.530000e-06	-1.815243e-06	-5.662466e-10	-9.778352e+00	-1.588324e+02
1.540000e-06	-1.755649e-06	-5.557771e-10	-9.457332e+00	-1.560826e+02
1.550000e-06	-1.695939e-06	-5.456565e-10	-9.135686e+00	-1.532936e+02
1.560000e-06	-1.636063e-06	-5.362431e-10	-8.813148e+00	-1.504640e+02
1.570000e-06	-1.576115e-06	-5.265981e-10	-8.490219e+00	-1.475923e+02
1.580000e-06	-1.516179e-06	-5.167628e-10	-8.167358e+00	-1.446772e+02
1.590000e-06	-1.456199e-06	-5.068418e-10	-7.844257e+00	-1.417173e+02
1.600000e-06	-1.396129e-06	-4.961928e-10	-7.520672e+00	-1.387116e+02
1.610000e-06	-1.335935e-06	-4.853542e-10	-7.196417e+00	-1.356591e+02
1.620000e-06	-1.275638e-06	-4.747725e-10	-6.871611e+00	-1.325589e+02
1.630000e-06	-1.215291e-06	-4.642353e-10	-6.546532e+00	-1.294103e+02
1.640000e-06	-1.154867e-06	-4.536718e-10	-6.221042e+00	-1.262128e+02
1.650000e-06	-1.094447e-06	-4.427084e-10	-5.895569e+00	-1.229660e+02
1.660000e-06	-1.033985e-06	-4.315686e-10	-5.569871e+00	-1.196698e+02
1.670000e-06	-9.733856e-07	-4.200492e-10	-5.243435e+00	-1.163242e+02
1.680000e-06	-9.125902e-07	-4.078810e-10	-4.915943e+00	-1.129293e+02
1.690000e-06	-8.517571e-07	-3.962914e-10	-4.588247e+00	-1.094856e+02
1.700000e-06	-7.910007e-07	-3.854467e-10	-4.260964e+00	-1.059936e+02
1.710000e-06	-7.301999e-07	-3.740507e-10	-3.933442e+00	-1.024541e+02
1.720000e-06	-6.693091e-07	-3.612796e-10	-3.605435e+00	-9.886786e+01
1.730000e-06	-6.083338e-07	-3.478640e-10	-3.276973e+00	-9.523606e+01
1.740000e-06	-5.473266e-07	-3.347057e-10	-2.948340e+00	-9.155987e+01
1.750000e-06	-4.863400e-07	-3.212139e-10	-2.619817e+00	-8.784063e+01
1.760000e-06	-4.253293e-07	-3.073398e-10	-2.291165e+00	-8.407981e+01
1.770000e-06	-3.641890e-07	-2.926925e-10	-1.961814e+00	-8.027898e+01
1.780000e-06	-3.029127e-07	-2.772583e-10	-1.631730e+00	-7.643981e+01
1.790000e-06	-2.416091e-07	-2.623198e-10	-1.301500e+00	-7.256407e+01
1.800000e-06	-1.803587e-07	-2.484938e-10	-9.715567e-01	-6.865356e+01
1.810000e-06	-1.190451e-07	-2.348356e-10	-6.412724e-01	-6.471017e+01
1.820000e-06	-5.766480e-08	-2.199764e-10	-3.106288e-01	-6.073582e+01
1.830000e-06	3.607093e-09	-2.043840e-10	1.943070e-02	-5.673247e+01
1.840000e-06	6.478509e-08	-1.891763e-10	3.489844e-01	-5.270207e+01
1.850000e-06	1.259470e-07	-1.752134e-10	6.784515e-01	-4.864662e+01
1.860000e-06	1.871911e-07	-1.615664e-10	1.008362e+00	-4.456809e+01
1.870000e-06	2.485133e-07	-1.460554e-10	1.338692e+00	-4.046845e+01
1.880000e-06	3.098363e-07	-1.293831e-10	1.669027e+00	-3.634967e+01
1.890000e-06	3.711309e-07	-1.140692e-10	1.999209e+00	-3.221367e+01
1.900000e-06	4.323551e-07	-1.000695e-10	2.329011e+00	-2.806236e+01
1.910000e-06	4.935032e-07	-8.653454e-11	2.658404e+00	-2.389763e+01
1.920000e-06	5.545326e-07	-7.262772e-11	2.987157e+00	-1.972132e+01
1.930000e-06	6.155626e-07	-5.729180e-11	3.315914e+00	-1.553526e+01
1.940000e-06	6.765626e-07	-4.063908e-11	3.644508e+00	-1.134123e+01
1.950000e-06	7.374531e-07	-2.399380e-11	3.972514e+00	-7.140974e+00
1.960000e-06	7.983525e-07	-8.188266e-12	4.300567e+00	-2.936212e+00
1.970000e-06	8.591520e-07	7.277955e-12	4.628081e+00	1.271372e+00
1.980000e-06	9.197758e-07	2.317093e-11	4.954650e+00	5.480128e+00
1.990000e-06	9.802657e-07	3.969049e-11	5.280497e+00	9.688436e+00
2.000000e-06	1.040790e-06	5.551404e-11	5.606532e+00	1.389470e+01
2.010000e-06	1.101374e-06	7.021705e-11	5.932883e+00	1.809737e+01
2.020000e-06	1.161788e-06	8.549402e-11	6.258323e+00	2.229491e+01
2.030000e-06	1.222108e-06	1.017583e-10	6.583256e+00	2.648582e+01
2.040000e-06	1.282333e-06	1.172824e-10	6.907671e+00	3.066862e+01
2.050000e-06	1.342430e-06	1.311206e-10	7.231402e+00	3.484188e+01
2.060000e-06	1.402463e-06	1.444124e-10	7.554792e+00	3.900417e+01
2.070000e-06	1.462368e-06	1.589594e-10	7.877488e+00	4.315411e+01
2.080000e-06	1.522183e-06	1.750113e-10	8.199697e+00	4.729037e+01
2.090000e-06	1.581996e-06	1.906849e-10	8.521899e+00	5.141161e+01
2.100000e-06	1.641786e-06	2.049089e-10	8.843976e+00	5.551658e+01
2.110000e-06	1.701385e-06	2.183970e-10	9.165025e+00	5.960403e+01
2.120000e-06	1.760891e-06	2.315804e-10	9.485573e+00	6.367277e+01
2.130000e-06	1.820435e-06	2.453182e-10	9.806325e+00	6.772164e+01
2.140000e-06	1.879962e-06	2.596717e-10	1.012698e+01	7.174953e+01
2.150000e-06	1.939453e-06	2.737487e-10	1.044745e+01	7.575538e+01
2.160000e-06	1.998842e-06	2.874683e-10	1.076737e+01	7.973817e+01
2.170000e-06	2.058084e-06	3.014188e-10	1.108649e+01	8.369694e+01
2.180000e-06	2.117267e-06	3.156333e-10	1.140530e+01	8.763076e+01
2.190000e-06	2.176307e-06	3.296732e-10	1.172334e+01	9.153875e+01
2.200000e-06	2.235002e-06	3.434743e-10	1.203951e+01	9.542007e+01
2.210000e-06	2.293402e-06	3.565257e-10	1.235410e+01	9.927394e+01
2.220000e-06	2.351404e-06	3.696258e-10	1.266655e+01	1.030996e+02
2.230000e-06	2.408988e-06	3.831770e-10	1.297674e+01	1.068963e+02
2.240000e-06	2.466371e-06	3.958336e-10	1.328585e+01	1.106634e+02
2.250000e-06	2.523473e-06	4.081685e-10	1.359345e+01	1.144002e+02
2.260000e-06	2.580297e-06	4.206555e-10	1.389955e+01	1.181061e+02
2.270000e-06	2.636867e-06	4.324255e-10	1.420428e+01	1.217804e+02
2.280000e-06	2.693267e-06	4.440873e-10	1.450809e+01	1.254226e+02
2.290000e-06	2.749495e-06	4.562210e-10	1.481099e+01	1.290320e+02
2.300000e-06	2.805455e-06	4.688091e-10	1.511243e+01	1.326080e+02
2.310000e-06	2.861345e-06	4.816128e-10	1.541350e+01	1.361500e+02
2.320000e-06	2.917169e-06	4.935505e-10	1.571421e+01	1.396574e+02
2.330000e-06	2.972762e-06	5.052080e-10	1.601368e+01	1.431295e+02
2.340000e-06	3.028079e-06	5.178890e-10	1.631166e+01	1.465656e+02
2.350000e-06	3.083313e-06	5.310437e-10	1.660920e+01	1.499653e+02
2.360000e-06	3.138399e-06	5.438246e-10	1.690593e+01	1.533276e+02
2.370000e-06	3.193214e-06	5.560521e-10	1.720121e+01	1.566520e+02
2.380000e-06	3.247834e-06	5.679364e-10	1.749544e+01	1.599378e+02
2.390000e-06	3.302144e-06	5.802082e-10	1.778800e+01	1.631841e+02
2.400000e-06	3.356218e-06	5.921087e-10	1.807928e+01	1.663903e+02
2.410000e-06	3.410199e-06	6.034112e-10	1.837006e+01	1.695556e+02
2.420000e-06	3.463998e-06	6.155342e-10	1.865987e+01	1.726794e+02
2.430000e-06	3.517513e-06	6.277806e-10	1.894814e+01	1.757608e+02
2.440000e-06	3.570763e-06	6.400851e-10	1.923499e+01	1.787993e+02
2.450000e-06	3.623760e-06	6.521647e-10	1.952048e+01	1.817940e+02
2.460000e-06	3.676350e-06	6.630413e-10	1.980377e+01	1.847445e+02
2.470000e-06	3.728559e-06	6.739143e-10	2.008501e+01	1.876500e+02
2.480000e-06	3.780606e-06	6.850470e-10	2.036538e+01	1.905102e+02
2.490000e-06	3.832492e-06	6.963965e-10	2.064487e+01	1.933245e+02
2.500000e-06	3.884088e-06	7.075806e-10	2.092281e+01	1.960925e+02
2.510000e-06	3.935302e-06	7.177080e-10	2.119869e+01	1.988140e+02
2.520000e-06	3.986183e-06	7.273190e-10	2.147278e+01	2.014887e+02
2.530000e-06	4.036789e-06	7.370884e-10	2.174538e+01	2.041167e+02
2.540000e-06	4.086874e-06	7.471411e-10	2.201518e+01	2.066978e+02
2.550000e-06	4.136302e-06	7.571555e-10	2.228144e+01	2.092322e+02
2.560000e-06	4.185278e-06	7.676300e-10	2.254526e+01	2.117202e+02
2.570000e-06	4.233937e-06	7.786721e-10	2.280738e+01	2.141621e+02
2.580000e-06	4.282246e-06	7.887123e-10	2.306761e+01	2.165584e+02
2.590000e-06	4.330237e-06	7.973027e-10	2.332613e+01	2.189097e+02
2.600000e-06	4.377974e-06	8.057326e-10	2.358328e+01	2.212167e+02
2.610000e-06	4.425394e-06	8.143828e-10	2.383872e+01	2.234802e+02
2.620000e-06	4.472540e-06	8.234834e-10	2.409269e+01	2.257011e+02
2.630000e-06	4.519510e-06	8.333934e-10	2.434570e+01	2.278805e+02
2.640000e-06	4.566191e-06	8.430848e-10	2.459717e+01	2.300193e+02
2.650000e-06	4.612445e-06	8.521063e-10	2.484633e+01	2.321187e+02
2.660000e-06	4.658300e-06	8.608058e-10	2.509334e+01	2.341801e+02
2.670000e-06	4.703807e-06	8.690041e-10	2.533847e+01	2.362045e+02
2.680000e-06	4.749061e-06	8.765448e-10	2.558225e+01	2.381933e+02
2.690000e-06	4.794004e-06	8.842214e-10	2.582435e+01	2.401478e+02
2.700000e-06	4.838675e-06	8.919879e-10	2.606498e+01	2.420694e+02
2.710000e-06	4.883154e-06	8.995146e-10	2.630458e+01	2.439592e+02
2.720000e-06	4.927295e-06	9.070335e-10	2.654236e+01	2.458187e+02
2.730000e-06	4.971175e-06	9.142935e-10	2.677873e+01	2.476490e+02
2.740000e-06	5.014862e-06	9.212208e-10	2.701407e+01	2.494513e+02
2.750000e-06	5.058304e-06	9.281568e-10	2.724808e+01	2.512269e+02
2.760000e-06	5.101339e-06	9.349059e-10	2.747990e+01	2.529767e+02
2.770000e-06	5.143747e-06	9.411391e-10	2.770834e+01	2.547018e+02
2.780000e-06	5.185542e-06	9.472891e-10	2.793348e+01	2.564032e+02
2.790000e-06	5.226822e-06	9.533615e-10	2.815586e+01	2.580817e+02
2.800000e-06	5.267601e-06	9.591001e-10	2.837552e+01	2.597381e+02
2.810000e-06	5.307908e-06	9.645193e-10	2.859265e+01	2.613731e+02
2.820000e-06	5.347821e-06	9.700074e-10	2.880765e+01	2.629873e+02
2.830000e-06	5.387483e-06	9.760421e-10	2.902130e+01	2.645812e+02
2.840000e-06	5.426910e-06	9.827621e-10	2.923369e+01	2.661553e+02
2.850000e-06	5.466066e-06	9.898086e-10	2.944461e+01	2.677101e+02
2.860000e-06	5.504916e-06	9.958459e-10	2.965389e+01	2.692457e+02
2.870000e-06	5.543289e-06	1.000777e-09	2.986060e+01	2.707625e+02
2.880000e-06	5.581259e-06	1.006502e-09	3.006514e+01	2.722606e+02
2.890000e-06	5.618818e-06	1.012984e-09	3.026746e+01	2.737403e+02
2.900000e-06	5.655868e-06	1.019464e-09	3.046704e+01	2.752016e+02
2.910000e-06	5.692549e-06	1.026087e-09	3.066463e+01	2.766446e+02
2.920000e-06	5.728968e-06	1.032552e-09	3.086081e+01	2.780694e+02
2.930000e-06	5.765096e-06	1.038233e-09	3.105543e+01	2.794761e+02
2.940000e-06	5.800957e-06	1.042443e-09	3.124860e+01	2.808645e+02
2.950000e-06	5.836562e-06	1.046285e-09	3.144040e+01	2.822348e+02
2.960000e-06	5.871753e-06	1.050867e-09	3.162997e+01	2.835870e+02
2.970000e-06	5.906380e-06	1.055552e-09	3.181650e+01	2.849210e+02
2.980000e-06	5.940439e-06	1.060921e-09	3.199997e+01	2.862369e+02
2.990000e-06	5.973778e-06	1.067115e-09	3.217956e+01	2.875346e+02
3.000000e-06	6.006382e-06	1.072707e-09	3.235519e+01	2.888142e+02
3.010000e-06	6.038572e-06	1.077184e-09	3.252859e+01	2.900757e+02
3.020000e-06	6.070507e-06	1.081319e-09	3.270062e+01	2.913190e+02
3.030000e-06	6.102137e-06	1.085457e-09	3.287100e+01	2.925442e+02
3.040000e-06	6.133345e-06	1.088495e-09	3.303911e+01	2.937512e+02
3.050000e-06	6.164038e-06	1.091810e-09	3.320445e+01	2.949400e+02
3.060000e-06	6.194305e-06	1.096932e-09	3.336749e+01	2.961105e+02
3.070000e-06	6.224235e-06	1.102347e-09	3.352872e+01	2.972627e+02
3.080000e-06	6.253685e-06	1.108216e-09	3.368736e+01	2.983963e+02
3.090000e-06	6.282773e-06	1.115139e-09	3.384406e+01	2.995114e+02
3.100000e-06	6.311564e-06	1.120367e-09	3.399914e+01	3.006076e+02
3.110000e-06	6.339953e-06	1.123494e-09	3.415207e+01	3.016849e+02
3.120000e-06	6.367978e-06	1.127339e-09	3.430304e+01	3.027429e+02
3.130000e-06	6.395632e-06	1.132047e-09	3.445200e+01	3.037812e+02
3.140000e-06	6.422927e-06	1.136163e-09	3.459903e+01	3.047997e+02
3.150000e-06	6.449675e-06	1.140032e-09	3.474312e+01	3.057979e+02
3.160000e-06	6.475636e-06	1.144768e-09	3.488297e+01	3.067754e+02
3.170000e-06	6.500829e-06	1.150381e-09	3.501868e+01	3.077318e+02
3.180000e-06	6.525420e-06	1.155994e-09	3.515114e+01	3.086665e+02
3.190000e-06	6.549561e-06	1.160765e-09	3.528119e+01	3.095791e+02
3.200000e-06	6.573297e-06	1.165070e-09	3.540905e+01	3.104692e+02
3.210000e-06	6.596581e-06	1.168880e-09	3.553448e+01	3.113362e+02
3.220000e-06	6.619296e-06	1.172402e-09	3.565683e+01	3.121797e+02
3.230000e-06	6.641526e-06	1.176050e-09	3.577658e+01	3.129991e+02
3.240000e-06	6.663424e-06	1.179619e-09	3.589454e+01	3.137941e+02
3.250000e-06	6.684919e-06	1.183512e-09	3.601034e+01	3.145643e+02
3.260000e-06	6.705974e-06	1.188035e-09	3.612375e+01	3.153093e+02
3.270000e-06	6.726540e-06	1.193130e-09	3.623454e+01	3.160289e+02
3.280000e-06	6.746674e-06	1.198294e-09	3.634299e+01	3.167229e+02
3.290000e-06	6.766582e-06	1.202563e-09	3.645024e+01	3.173912e+02
3.300000e-06	6.786129e-06	1.206186e-09	3.655553e+01	3.180337e+02
3.310000e-06	6.805113e-06	1.209311e-09	3.665780e+01	3.186506e+02
3.320000e-06	6.823624e-06	1.212806e-09	3.675751e+01	3.192420e+02
3.330000e-06	6.841703e-06	1.217598e-09	3.685490e+01	3.198083e+02
3.340000e-06	6.859216e-06	1.221808e-09	3.694924e+01	3.203498e+02
3.350000e-06	6.876234e-06	1.223712e-09	3.704091e+01	3.208670e+02
3.360000e-06	6.892949e-06	1.225112e-09	3.713095e+01	3.213606e+02
3.370000e-06	6.909206e-06	1.227915e-09	3.721852e+01	3.218313e+02
3.380000e-06	6.924856e-06	1.231057e-09	3.730283e+01	3.222797e+02
3.390000e-06	6.939823e-06	1.234074e-09	3.738345e+01	3.227069e+02
3.400000e-06	6.954153e-06	1.236877e-09	3.746065e+01	3.231138e+02
3.410000e-06	6.967911e-06	1.240373e-09	3.753475e+01	3.235014e+02
3.420000e-06	6.981066e-06	1.243573e-09	3.760562e+01	3.238707e+02
3.430000e-06	6.993718e-06	1.244604e-09	3.767377e+01	3.242229e+02
3.440000e-06	7.005877e-06	1.245200e-09	3.773927e+01	3.245591e+02
3.450000e-06	7.017622e-06	1.245777e-09	3.780254e+01	3.248803e+02
3.460000e-06	7.028879e-06	1.246247e-09	3.786318e+01	3.251877e+02
3.470000e-06	7.039482e-06	1.247835e-09	3.792029e+01	3.254823e+02
3.480000e-06	7.049351e-06	1.249546e-09	3.797345e+01	3.257652e+02
3.490000e-06	7.058464e-06	1.250807e-09	3.802255e+01	3.260374e+02
3.500000e-06	7.066943e-06	1.252003e-09	3.806822e+01	3.262997e+02
3.510000e-06	7.074901e-06	1.253233e-09	3.811109e+01	3.265529e+02
3.520000e-06	7.082553e-06	1.253893e-09	3.815231e+01	3.267978e+02
3.530000e-06	7.089866e-06	1.254359e-09	3.819170e+01	3.270350e+02
3.540000e-06	7.096617e-06	1.255536e-09	3.822807e+01	3.272650e+02
3.550000e-06	7.102847e-06	1.256396e-09	3.826163e+01	3.274881e+02
3.560000e-06	7.108583e-06	1.257664e-09	3.829253e+01	3.277047e+02
3.570000e-06	7.113841e-06	1.259375e-09	3.832085e+01	3.279149e+02
3.580000e-06	7.118653e-06	1.260740e-09	3.834677e+01	3.281188e+02
3.590000e-06	7.123033e-06	1.262595e-09	3.837036e+01	3.283162e+02
3.600000e-06	7.127055e-06	1.264125e-09	3.839203e+01	3.285070e+02
3.610000e-06	7.130785e-06	1.264905e-09	3.841212e+01	3.286910e+02
3.620000e-06	7.134118e-06	1.265881e-09	3.843008e+01	3.288678e+02
3.630000e-06	7.136736e-06	1.266894e-09	3.844418e+01	3.290370e+02
3.640000e-06	7.138440e-06	1.267620e-09	3.845336e+01	3.291980e+02
3.650000e-06	7.139359e-06	1.268389e-09	3.845831e+01	3.293503e+02
3.660000e-06	7.139672e-06	1.269928e-09	3.846000e+01	3.294933e+02
3.670000e-06	7.139542e-06	1.271452e-09	3.845930e+01	3.296265e+02
3.680000e-06	7.138999e-06	1.272660e-09	3.845637e+01	3.297491e+02
3.690000e-06	7.138007e-06	1.273655e-09	3.845103e+01	3.298605e+02
3.700000e-06	7.136667e-06	1.274357e-09	3.844381e+01	3.299602e+02
3.710000e-06	7.134934e-06	1.275378e-09	3.843447e+01	3.300475e+02
3.720000e-06	7.132664e-06	1.275730e-09	3.842225e+01	3.301219e+02
3.730000e-06	7.129965e-06	1.271593e-09	3.840771e+01	3.301827e+02
3.740000e-06	7.126798e-06	1.262118e-09	3.839065e+01	3.302297e+02
3.750000e-06	7.123095e-06	1.277479e-09	3.837070e+01	3.302622e+02
3.760000e-06	7.118951e-06	1.331784e-09	3.834838e+01	3.302800e+02
3.770000e-06	7.113946e-06	1.320571e-09	3.832141e+01	3.302828e+02
3.780000e-06	7.108002e-06	1.220287e-09	3.828940e+01	3.302702e+02
3.790000e-06	7.101834e-06	1.227077e-09	3.825617e+01	3.302421e+02
3.800000e-06	7.095639e-06	1.342497e-09	3.822280e+01	3.301982e+02
3.810000e-06	7.088763e-06	1.341448e-09	3.818576e+01	3.301387e+02
3.820000e-06	7.081123e-06	1.214643e-09	3.814460e+01	3.300632e+02
3.830000e-06	7.073182e-06	1.222935e-09	3.810183e+01	3.299720e+02
3.840000e-06	7.064960e-06	1.385296e-09	3.805754e+01	3.298648e+02
3.850000e-06	7.056135e-06	1.370732e-09	3.801000e+01	3.297419e+02
3.860000e-06	7.046611e-06	1.180441e-09	3.795870e+01	3.296032e+02
3.870000e-06	7.036748e-06	1.199693e-09	3.790556e+01	3.294487e+02
3.880000e-06	7.026606e-06	1.401444e-09	3.785094e+01	3.292786e+02
3.890000e-06	7.015913e-06	1.368185e-09	3.779333e+01	3.290929e+02
3.900000e-06	7.004520e-06	1.182752e-09	3.773196e+01	3.288916e+02
3.910000e-06	6.992575e-06	1.252639e-09	3.766761e+01	3.286748e+02
3.920000e-06	6.980065e-06	1.415168e-09	3.760022e+01	3.284424e+02
3.930000e-06	6.966681e-06	1.298680e-09	3.752813e+01	3.281945e+02
3.940000e-06	6.952363e-06	1.167685e-09	3.745100e+01	3.279310e+02
3.950000e-06	6.937440e-06	1.316226e-09	3.737061e+01	3.276518e+02
3.960000e-06	6.922061e-06	1.396758e-09	3.728777e+01	3.273570e+02
3.970000e-06	6.906214e-06	1.239809e-09	3.720241e+01	3.270463e+02
3.980000e-06	6.890015e-06	1.235566e-09	3.711515e+01	3.267197e+02
3.990000e-06	6.873454e-06	1.385068e-09	3.702594e+01	3.263771e+02
4.000000e-06	6.856370e-06	1.305087e-09	3.693390e+01	3.260185e+02
4.010000e-06	6.838775e-06	1.180652e-09	3.683913e+01	3.256437e+02
4.020000e-06	6.820703e-06	1.319420e-09	3.674178e+01	3.252527e+02
4.030000e-06	6.802135e-06	1.390706e-09	3.664175e+01	3.248455e+02
4.040000e-06	6.783075e-06	1.231314e-09	3.653908e+01	3.244221e+02
4.050000e-06	6.763551e-06	1.235470e-09	3.643391e+01	3.239826e+02
4.060000e-06	6.743675e-06	1.377961e-09	3.632684e+01	3.235270e+02
4.070000e-06	6.723487e-06	1.300029e-09	3.621809e+01	3.230556e+02
4.080000e-06	6.702983e-06	1.202048e-09	3.610764e+01	3.225687e+02
4.090000e-06	6.682011e-06	1.314299e-09	3.599467e+01	3.220665e+02
4.100000e-06	6.660203e-06	1.336532e-09	3.587719e+01	3.215495e+02
4.110000e-06	6.637450e-06	1.229313e-09	3.575463e+01	3.210181e+02
4.120000e-06	6.614082e-06	1.276985e-09	3.562875e+01	3.204729e+02
4.130000e-06	6.590321e-06	1.338219e-09	3.550075e+01	3.199145e+02
4.140000e-06	6.566255e-06	1.245495e-09	3.537112e+01	3.193436e+02
4.150000e-06	6.541850e-06	1.237532e-09	3.523965e+01	3.187609e+02
4.160000e-06	6.516942e-06	1.321600e-09	3.510548e+01	3.181672e+02
4.170000e-06	6.491488e-06	1.279827e-09	3.496836e+01	3.175633e+02
4.180000e-06	6.465584e-06	1.234457e-09	3.482882e+01	3.169501e+02
4.190000e-06	6.439233e-06	1.290894e-09	3.468687e+01	3.163285e+02
4.200000e-06	6.412395e-06	1.282277e-09	3.454230e+01	3.156992e+02
4.210000e-06	6.385101e-06	1.235534e-09	3.439528e+01	3.150630e+02
4.220000e-06	6.357376e-06	1.269337e-09	3.424593e+01	3.144209e+02
4.230000e-06	6.329332e-06	1.277645e-09	3.409486e+01	3.137734e+02
4.240000e-06	6.301063e-06	1.239765e-09	3.394258e+01	3.131213e+02
4.250000e-06	6.272323e-06	1.256226e-09	3.378776e+01	3.124650e+02
4.260000e-06	6.243014e-06	1.272198e-09	3.362988e+01	3.118050e+02
4.270000e-06	6.213161e-06	1.245893e-09	3.346906e+01	3.111416e+02
4.280000e-06	6.182605e-06	1.246601e-09	3.330447e+01	3.104750e+02
4.290000e-06	6.151422e-06	1.257239e-09	3.313649e+01	3.098052e+02
4.300000e-06	6.119773e-06	1.246425e-09	3.296600e+01	3.091322e+02
4.310000e-06	6.087802e-06	1.249910e-09	3.279378e+01	3.084555e+02
4.320000e-06	6.055566e-06	1.253104e-09	3.262013e+01	3.077748e+02
4.330000e-06	6.022897e-06	1.239173e-09	3.244415e+01	3.070895e+02
4.340000e-06	5.989676e-06	1.239283e-09	3.226520e+01	3.063987e+02
4.350000e-06	5.955937e-06	1.241666e-09	3.208345e+01	3.057015e+02
4.360000e-06	5.921935e-06	1.232874e-09	3.190029e+01	3.049969e+02
4.370000e-06	5.887652e-06	1.235374e-09	3.171562e+01	3.042836e+02
4.380000e-06	5.852830e-06	1.236196e-09	3.152804e+01	3.035603e+02
4.390000e-06	5.817577e-06	1.227013e-09	3.133814e+01	3.028255e+02
4.400000e-06	5.782024e-06	1.230455e-09	3.114662e+01	3.020776e+02
4.410000e-06	5.746235e-06	1.232533e-09	3.095383e+01	3.013150e+02
4.420000e-06	5.710239e-06	1.220220e-09	3.075993e+01	3.005361e+02
4.430000e-06	5.673829e-06	1.217651e-09	3.056379e+01	2.997391e+02
4.440000e-06	5.636911e-06	1.223597e-09	3.036492e+01	2.989223e+02
4.450000e-06	5.599445e-06	1.220661e-09	3.016310e+01	2.980840e+02
4.460000e-06	5.561283e-06	1.216607e-09	2.995753e+01	2.972225e+02
4.470000e-06	5.522449e-06	1.215313e-09	2.974834e+01	2.963362e+02
4.480000e-06	5.483216e-06	1.209887e-09	2.953700e+01	2.954236e+02
4.490000e-06	5.443623e-06	1.205745e-09	2.932372e+01	2.944832e+02
4.500000e-06	5.403653e-06	1.205620e-09	2.910841e+01	2.935137e+02
4.510000e-06	5.363409e-06	1.204036e-09	2.889162e+01	2.925138e+02
4.520000e-06	5.322850e-06	1.200246e-09	2.867314e+01	2.914825e+02
4.530000e-06	5.281924e-06	1.196800e-09	2.845268e+01	2.904190e+02
4.540000e-06	5.240557e-06	1.194508e-09	2.822984e+01	2.893223e+02
4.550000e-06	5.198745e-06	1.191818e-09	2.800461e+01	2.881920e+02
4.560000e-06	5.156630e-06	1.186622e-09	2.777774e+01	2.870275e+02
4.570000e-06	5.114233e-06	1.181019e-09	2.754936e+01	2.858287e+02
4.580000e-06	5.071335e-06	1.178304e-09	2.731828e+01	2.845954e+02
4.590000e-06	5.027994e-06	1.177116e-09	2.708481e+01	2.833275e+02
4.600000e-06	4.984429e-06	1.173776e-09	2.685013e+01	2.820254e+02
4.610000e-06	4.940633e-06	1.167780e-09	2.661421e+01	2.806894e+02
4.620000e-06	4.896630e-06	1.161677e-09	2.637718e+01	2.793197e+02
4.630000e-06	4.852450e-06	1.156880e-09	2.613919e+01	2.779171e+02
4.640000e-06	4.807991e-06	1.152570e-09	2.589970e+01	2.764822e+02
4.650000e-06	4.763153e-06	1.147924e-09	2.565816e+01	2.750155e+02
4.660000e-06	4.718084e-06	1.142568e-09	2.541538e+01	2.735181e+02
4.670000e-06	4.672716e-06	1.136353e-09	2.517100e+01	2.719905e+02
4.680000e-06	4.626772e-06	1.130134e-09	2.492350e+01	2.704338e+02
4.690000e-06	4.580463e-06	1.124828e-09	2.467404e+01	2.688487e+02
4.700000e-06	4.533742e-06	1.119833e-09	2.442237e+01	2.672362e+02
4.710000e-06	4.486774e-06	1.113490e-09	2.416936e+01	2.655971e+02
4.720000e-06	4.439607e-06	1.106305e-09	2.391528e+01	2.639322e+02
4.730000e-06	4.392124e-06	1.100343e-09	2.365950e+01	2.622423e+02
4.740000e-06	4.344332e-06	1.094859e-09	2.340206e+01	2.605282e+02
4.750000e-06	4.296073e-06	1.087387e-09	2.314209e+01	2.587905e+02
4.760000e-06	4.247468e-06	1.078931e-09	2.288027e+01	2.570300e+02
4.770000e-06	4.198445e-06	1.072007e-09	2.261619e+01	2.552473e+02
4.780000e-06	4.149175e-06	1.066446e-09	2.235078e+01	2.534428e+02
4.790000e-06	4.099579e-06	1.059605e-09	2.208362e+01	2.516171e+02
4.800000e-06	4.049548e-06	1.051176e-09	2.181411e+01	2.497705e+02
4.810000e-06	3.999240e-06	1.042206e-09	2.154311e+01	2.479036e+02
4.820000e-06	3.948655e-06	1.032924e-09	2.127062e+01	2.460165e+02
4.830000e-06	3.897744e-06	1.024603e-09	2.099638e+01	2.441096e+02
4.840000e-06	3.846463e-06	1.017256e-09	2.072014e+01	2.421831e+02
4.850000e-06	3.794911e-06	1.009567e-09	2.044243e+01	2.402373e+02
4.860000e-06	3.743121e-06	1.001184e-09	2.016345e+01	2.382723e+02
4.870000e-06	3.691137e-06	9.922620e-10	1.988342e+01	2.362883e+02
4.880000e-06	3.638932e-06	9.832718e-10	1.960221e+01	2.342855e+02
4.890000e-06	3.586438e-06	9.741322e-10	1.931943e+01	2.322641e+02
4.900000e-06	3.533580e-06	9.645870e-10	1.903470e+01	2.302241e+02
4.910000e-06	3.480315e-06	9.559635e-10	1.874776e+01	2.281657e+02
4.920000e-06	3.426749e-06	9.485760e-10	1.845922e+01	2.260891e+02
4.930000e-06	3.372912e-06	9.407224e-10	1.816921e+01	2.239943e+02
4.940000e-06	3.318601e-06	9.320809e-10	1.787665e+01	2.218816e+02
4.950000e-06	3.263839e-06	9.226262e-10	1.758165e+01	2.197509e+02
4.960000e-06	3.208821e-06	9.125475e-10	1.728529e+01	2.176025e+02
4.970000e-06	3.153509e-06	9.032816e-10	1.698733e+01	2.154364e+02
4.980000e-06	3.097832e-06	8.951311e-10	1.668740e+01	2.132526e+02
4.990000e-06	3.041960e-06	8.872283e-10	1.638643e+01	2.110513e+02
5.000000e-06	2.986011e-06	8.794024e-10	1.608505e+01	2.088323e+02
5.010000e-06	2.929923e-06	8.709819e-10	1.578291e+01	2.065956e+02
5.020000e-06	2.873667e-06	8.612965e-10	1.547988e+01	2.043411e+02
5.030000e-06	2.817266e-06	8.512188e-10	1.517605e+01	2.020685e+02
5.040000e-06	2.760670e-06	8.407476e-10	1.487118e+01	1.997777e+02
5.050000e-06	2.703844e-06	8.299977e-10	1.456507e+01	1.974682e+02
5.060000e-06	2.646935e-06	8.200065e-10	1.425851e+01	1.951396e+02
5.070000e-06	2.589867e-06	8.110120e-10	1.395110e+01	1.927914e+02
5.080000e-06	2.532576e-06	8.027047e-10	1.364249e+01	1.904228e+02
5.090000e-06	2.475145e-06	7.950067e-10	1.333312e+01	1.880331e+02
5.100000e-06	2.417535e-06	7.864477e-10	1.302278e+01	1.856215e+02
5.110000e-06	2.359799e-06	7.760173e-10	1.271177e+01	1.831869e+02
5.120000e-06	2.301783e-06	7.653077e-10	1.239925e+01	1.807284e+02
5.130000e-06	2.243452e-06	7.550780e-10	1.208503e+01	1.782446e+02
5.140000e-06	2.185011e-06	7.451629e-10	1.177022e+01	1.757343e+02
5.150000e-06	2.126424e-06	7.354056e-10	1.145462e+01	1.731962e+02
5.160000e-06	2.067740e-06	7.254299e-10	1.113850e+01	1.706288e+02
5.170000e-06	2.008857e-06	7.156064e-10	1.082132e+01	1.680306e+02
5.180000e-06	1.949768e-06	7.061175e-10	1.050302e+01	1.654001e+02
5.190000e-06	1.890597e-06	6.963003e-10	1.018427e+01	1.627357e+02
5.200000e-06	1.831305e-06	6.861438e-10	9.864878e+00	1.600358e+02
5.210000e-06	1.771976e-06	6.757443e-10	9.545286e+00	1.572989e+02
5.220000e-06	1.712625e-06	6.638668e-10	9.225572e+00	1.545233e+02
5.230000e-06	1.653086e-06	6.498168e-10	8.904845e+00	1.517075e+02
5.240000e-06	1.593342e-06	6.361439e-10	8.583019e+00	1.488501e+02
5.250000e-06	1.533539e-06	6.253952e-10	8.260869e+00	1.459497e+02
5.260000e-06	1.473673e-06	6.165942e-10	7.938383e+00	1.430050e+02
5.270000e-06	1.413753e-06	6.077441e-10	7.615609e+00	1.400148e+02
5.280000e-06	1.353797e-06	5.964896e-10	7.292634e+00	1.369781e+02
5.290000e-06	1.293790e-06	5.820372e-10	6.969389e+00	1.338940e+02
5.300000e-06	1.233721e-06	5.667614e-10	6.645812e+00	1.307617e+02
5.310000e-06	1.173568e-06	5.516202e-10	6.321777e+00	1.275807e+02
5.320000e-06	1.113330e-06	5.361060e-10	5.997289e+00	1.243504e+02
5.330000e-06	1.053006e-06	5.212726e-10	5.672334e+00	1.210708e+02
5.340000e-06	9.926565e-07	5.080735e-10	5.347244e+00	1.177418e+02
5.350000e-06	9.323469e-07	4.959482e-10	5.022368e+00	1.143634e+02
5.360000e-06	8.720261e-07	4.828488e-10	4.697432e+00	1.109361e+02
5.370000e-06	8.115469e-07	4.677281e-10	4.371642e+00	1.074602e+02
5.380000e-06	7.509451e-07	4.515245e-10	4.045193e+00	1.039365e+02
5.390000e-06	6.904386e-07	4.357043e-10	3.719256e+00	1.003659e+02
5.400000e-06	6.300125e-07	4.205310e-10	3.393752e+00	9.674926e+01
5.410000e-06	5.695447e-07	4.054801e-10	3.068024e+00	9.308784e+01
5.420000e-06	5.089758e-07	3.902681e-10	2.741752e+00	8.938291e+01
5.430000e-06	4.483583e-07	3.739539e-10	2.415217e+00	8.563590e+01
5.440000e-06	3.877183e-07	3.575859e-10	2.088561e+00	8.184834e+01
5.450000e-06	3.269587e-07	3.432090e-10	1.761262e+00	7.802188e+01
5.460000e-06	2.660967e-07	3.285466e-10	1.433410e+00	7.415824e+01
5.470000e-06	2.052863e-07	3.112603e-10	1.105836e+00	7.025923e+01
5.480000e-06	1.444908e-07	2.937789e-10	7.783434e-01	6.632671e+01
5.490000e-06	8.365652e-08	2.772188e-10	4.506411e-01	6.236258e+01
5.500000e-06	2.291155e-08	2.600282e-10	1.234200e-01	5.836879e+01
5.510000e-06	-3.780826e-08	2.424078e-10	-2.036656e-01	5.434730e+01
5.520000e-06	-9.859679e-08	2.249331e-10	-5.311213e-01	5.030010e+01
5.530000e-06	-1.593092e-07	2.078500e-10	-8.581668e-01	4.622916e+01
5.540000e-06	-2.200668e-07	1.914124e-10	-1.185456e+00	4.213646e+01
5.550000e-06	-2.810506e-07	1.743259e-10	-1.513964e+00	3.802395e+01
5.560000e-06	-3.419806e-07	1.555801e-10	-1.842182e+00	3.389359e+01
5.570000e-06	-4.027210e-07	1.364320e-10	-2.169378e+00	2.974729e+01
5.580000e-06	-4.633625e-07	1.185451e-10	-2.496042e+00	2.558694e+01
5.590000e-06	-5.239669e-07	1.012577e-10	-2.822506e+00	2.141441e+01
5.600000e-06	-5.846032e-07	8.320388e-11	-3.149141e+00	1.723152e+01
5.610000e-06	-6.450964e-07	6.521404e-11	-3.475006e+00	1.304006e+01
5.620000e-06	-7.054636e-07	4.779424e-11	-3.800193e+00	8.841805e+00
5.630000e-06	-7.658492e-07	3.003787e-11	-4.125478e+00	4.638473e+00
5.640000e-06	-8.262274e-07	1.209955e-11	-4.450723e+00	4.317606e-01
5.650000e-06	-8.865586e-07	-5.875718e-12	-4.775715e+00	-3.776670e+00
5.660000e-06	-9.468672e-07	-2.378912e-11	-5.100586e+00	-7.985189e+00
5.670000e-06	-1.007230e-06	-4.094504e-11	-5.425748e+00	-1.219220e+01
5.680000e-06	-1.067495e-06	-5.814062e-11	-5.750382e+00	-1.639612e+01
5.690000e-06	-1.127607e-06	-7.651324e-11	-6.074196e+00	-2.059542e+01
5.700000e-06	-1.187708e-06	-9.587216e-11	-6.397946e+00	-2.478859e+01
5.710000e-06	-1.247775e-06	-1.148803e-10	-6.721517e+00	-2.897414e+01
5.720000e-06	-1.307749e-06	-1.324190e-10	-7.044582e+00	-3.315062e+01
5.730000e-06	-1.367723e-06	-1.489152e-10	-7.367651e+00	-3.731660e+01
5.740000e-06	-1.427661e-06	-1.658992e-10	-7.690524e+00	-4.147070e+01
5.750000e-06	-1.487513e-06	-1.840830e-10	-8.012935e+00	-4.561155e+01
5.760000e-06	-1.547272e-06	-2.028240e-10	-8.334847e+00	-4.973782e+01
5.770000e-06	-1.606936e-06	-2.213701e-10	-8.656243e+00	-5.384824e+01
5.780000e-06	-1.666473e-06	-2.391012e-10	-8.976961e+00	-5.794155e+01
5.790000e-06	-1.725947e-06	-2.565451e-10	-9.297337e+00	-6.201654e+01
5.800000e-06	-1.785327e-06	-2.741459e-10	-9.617200e+00	-6.607204e+01
5.810000e-06	-1.844472e-06	-2.912072e-10	-9.935803e+00	-7.010693e+01
5.820000e-06	-1.903530e-06	-3.073309e-10	-1.025394e+01	-7.412012e+01
5.830000e-06	-1.962535e-06	-3.237145e-10	-1.057179e+01	-7.811060e+01
5.840000e-06	-2.021306e-06	-3.413236e-10	-1.088837e+01	-8.207736e+01
5.850000e-06	-2.079767e-06	-3.588240e-10	-1.120329e+01	-8.601948e+01
5.860000e-06	-2.138059e-06	-3.751391e-10	-1.151730e+01	-8.993606e+01
5.870000e-06	-2.196270e-06	-3.905565e-10	-1.183087e+01	-9.382624e+01
5.880000e-06	-2.254382e-06	-4.059027e-10	-1.214391e+01	-9.768923e+01
5.890000e-06	-2.312322e-06	-4.220724e-10	-1.245602e+01	-1.015243e+02
5.900000e-06	-2.370054e-06	-4.387767e-10	-1.276701e+01	-1.053306e+02
5.910000e-06	-2.427665e-06	-4.555502e-10	-1.307735e+01	-1.091075e+02
5.920000e-06	-2.485120e-06	-4.719358e-10	-1.338685e+01	-1.128544e+02
5.930000e-06	-2.542410e-06	-4.876010e-10	-1.369546e+01	-1.165705e+02
5.940000e-06	-2.599551e-06	-5.033080e-10	-1.400327e+01	-1.202553e+02
5.950000e-06	-2.656404e-06	-5.184841e-10	-1.430952e+01	-1.239082e+02
5.960000e-06	-2.713041e-06	-5.321999e-10	-1.461461e+01	-1.275284e+02
5.970000e-06	-2.769547e-06	-5.470816e-10	-1.491900e+01	-1.311155e+02
5.980000e-06	-2.825870e-06	-5.639660e-10	-1.522240e+01	-1.346688e+02
5.990000e-06	-2.882063e-06	-5.797893e-10	-1.552510e+01	-1.381877e+02
6.000000e-06	-2.938172e-06	-5.935507e-10	-1.582735e+01	-1.416715e+02
6.010000e-06	-2.994168e-06	-6.066070e-10	-1.612899e+01	-1.451196e+02
6.020000e-06	-3.049986e-06	-6.188485e-10	-1.642967e+01	-1.485314e+02
6.030000e-06	-3.105597e-06	-6.304029e-10	-1.672923e+01	-1.519061e+02
6.040000e-06	-3.161016e-06	-6.436399e-10	-1.702777e+01	-1.552431e+02
6.050000e-06	-3.216127e-06	-6.587933e-10	-1.732464e+01	-1.585417e+02
6.060000e-06	-3.270834e-06	-6.745190e-10	-1.761934e+01	-1.618011e+02
6.070000e-06	-3.325226e-06	-6.894087e-10	-1.791234e+01	-1.650207e+02
6.080000e-06	-3.379253e-06	-7.019668e-10	-1.820337e+01	-1.681996e+02
6.090000e-06	-3.432891e-06	-7.132529e-10	-1.849230e+01	-1.713372e+02
6.100000e-06	-3.486143e-06	-7.249375e-10	-1.877916e+01	-1.744327e+02
6.110000e-06	-3.538974e-06	-7.366408e-10	-1.906375e+01	-1.774854e+02
6.120000e-06	-3.591441e-06	-7.488719e-10	-1.934638e+01	-1.804947e+02
6.130000e-06	-3.643590e-06	-7.622395e-10	-1.962730e+01	-1.834599e+02
6.140000e-06	-3.695509e-06	-7.757432e-10	-1.990697e+01	-1.863803e+02
6.150000e-06	-3.747307e-06	-7.880645e-10	-2.018600e+01	-1.892556e+02
6.160000e-06	-3.798924e-06	-7.995604e-10	-2.046405e+01	-1.920851e+02
6.170000e-06	-3.850211e-06	-8.115137e-10	-2.074032e+01	-1.948684e+02
6.180000e-06	-3.901086e-06	-8.231896e-10	-2.101438e+01	-1.976053e+02
6.190000e-06	-3.951574e-06	-8.342588e-10	-2.128635e+01	-2.002956e+02
6.200000e-06	-4.001829e-06	-8.458331e-10	-2.155706e+01	-2.029390e+02
6.210000e-06	-4.051901e-06	-8.572490e-10	-2.182679e+01	-2.055356e+02
6.220000e-06	-4.101577e-06	-8.674876e-10	-2.209438e+01	-2.080855e+02
6.230000e-06	-4.150933e-06	-8.771640e-10	-2.236025e+01	-2.105888e+02
6.240000e-06	-4.199960e-06	-8.861706e-10	-2.262435e+01	-2.130459e+02
6.250000e-06	-4.248408e-06	-8.947853e-10	-2.288533e+01	-2.154572e+02
6.260000e-06	-4.296354e-06	-9.042061e-10	-2.314361e+01	-2.178233e+02
6.270000e-06	-4.343893e-06	-9.133369e-10	-2.339969e+01	-2.201449e+02
6.280000e-06	-4.391024e-06	-9.218949e-10	-2.365358e+01	-2.224227e+02
6.290000e-06	-4.437895e-06	-9.314753e-10	-2.390606e+01	-2.246576e+02
6.300000e-06	-4.484652e-06	-9.410369e-10	-2.415793e+01	-2.268505e+02
6.310000e-06	-4.531143e-06	-9.496324e-10	-2.440837e+01	-2.290026e+02
6.320000e-06	-4.577485e-06	-9.582936e-10	-2.465800e+01	-2.311149e+02
6.330000e-06	-4.623571e-06	-9.669038e-10	-2.490626e+01	-2.331887e+02
6.340000e-06	-4.669151e-06	-9.754227e-10	-2.515179e+01	-2.352252e+02
6.350000e-06	-4.714370e-06	-9.839495e-10	-2.539538e+01	-2.372256e+02
6.360000e-06	-4.759230e-06	-9.921483e-10	-2.563703e+01	-2.391913e+02
6.370000e-06	-4.803729e-06	-9.996223e-10	-2.587674e+01	-2.411236e+02
6.380000e-06	-4.848011e-06	-1.006685e-09	-2.611528e+01	-2.430237e+02
6.390000e-06	-4.892062e-06	-1.014186e-09	-2.635257e+01	-2.448931e+02
6.400000e-06	-4.935835e-06	-1.022111e-09	-2.658837e+01	-2.467328e+02
6.410000e-06	-4.979258e-06	-1.029724e-09	-2.682227e+01	-2.485442e+02
6.420000e-06	-5.022311e-06	-1.036635e-09	-2.705420e+01	-2.503285e+02
6.430000e-06	-5.065036e-06	-1.043790e-09	-2.728435e+01	-2.520866e+02
6.440000e-06	-5.107410e-06	-1.050965e-09	-2.751261e+01	-2.538198e+02
6.450000e-06	-5.149441e-06	-1.057768e-09	-2.773902e+01	-2.555289e+02
6.460000e-06	-5.191176e-06	-1.064468e-09	-2.796384e+01	-2.572148e+02
6.470000e-06	-5.232598e-06	-1.069538e-09	-2.818697e+01	-2.588784e+02
6.480000e-06	-5.273544e-06	-1.073392e-09	-2.840754e+01	-2.605203e+02
6.490000e-06	-5.314099e-06	-1.078792e-09	-2.862600e+01	-2.621412e+02
6.500000e-06	-5.354380e-06	-1.085461e-09	-2.884298e+01	-2.637417e+02
6.510000e-06	-5.394384e-06	-1.091084e-09	-2.905848e+01	-2.653223e+02
6.520000e-06	-5.434199e-06	-1.096472e-09	-2.927295e+01	-2.668833e+02
6.530000e-06	-5.473787e-06	-1.102919e-09	-2.948620e+01	-2.684252e+02
6.540000e-06	-5.512908e-06	-1.109035e-09	-2.969694e+01	-2.699481e+02
6.550000e-06	-5.551395e-06	-1.115110e-09	-2.990426e+01	-2.714523e+02
6.560000e-06	-5.589192e-06	-1.121133e-09	-3.010787e+01	-2.729380e+02
6.570000e-06	-5.626340e-06	-1.125254e-09	-3.030798e+01	-2.744054e+02
6.580000e-06	-5.662975e-06	-1.128916e-09	-3.050532e+01	-2.758544e+02
6.590000e-06	-5.699234e-06	-1.134336e-09	-3.070064e+01	-2.772851e+02
6.600000e-06	-5.735269e-06	-1.139939e-09	-3.089476e+01	-2.786977e+02
6.610000e-06	-5.771118e-06	-1.144267e-09	-3.108787e+01	-2.800921e+02
6.620000e-06	-5.806596e-06	-1.148764e-09	-3.127898e+01	-2.814683e+02
6.630000e-06	-5.841674e-06	-1.154371e-09	-3.146794e+01	-2.828264e+02
6.640000e-06	-5.876374e-06	-1.160197e-09	-3.165486e+01	-2.841663e+02
6.650000e-06	-5.910533e-06	-1.166159e-09	-3.183887e+01	-2.854881e+02
6.660000e-06	-5.944265e-06	-1.171734e-09	-3.202058e+01	-2.867918e+02
6.670000e-06	-5.977606e-06	-1.176555e-09	-3.220018e+01	-2.880774e+02
6.680000e-06	-6.010499e-06	-1.181366e-09	-3.237737e+01	-2.893448e+02
6.690000e-06	-6.042869e-06	-1.186380e-09	-3.255174e+01	-2.905940e+02
6.700000e-06	-6.074809e-06	-1.190974e-09	-3.272379e+01	-2.918251e+02
6.710000e-06	-6.106597e-06	-1.196043e-09	-3.289503e+01	-2.930381e+02
6.720000e-06	-6.138144e-06	-1.202246e-09	-3.306496e+01	-2.942328e+02
6.730000e-06	-6.169101e-06	-1.207803e-09	-3.323172e+01	-2.954093e+02
6.740000e-06	-6.199307e-06	-1.212593e-09	-3.339444e+01	-2.965675e+02
6.750000e-06	-6.228745e-06	-1.216661e-09	-3.355301e+01	-2.977072e+02
6.760000e-06	-6.257594e-06	-1.220346e-09	-3.370842e+01	-2.988284e+02
6.770000e-06	-6.286121e-06	-1.224368e-09	-3.386209e+01	-2.999308e+02
6.780000e-06	-6.314362e-06	-1.228555e-09	-3.401421e+01	-3.010143e+02
6.790000e-06	-6.342248e-06	-1.233460e-09	-3.416443e+01	-3.020786e+02
6.800000e-06	-6.369719e-06	-1.239250e-09	-3.431241e+01	-3.031234e+02
6.810000e-06	-6.396767e-06	-1.244899e-09	-3.445812e+01	-3.041485e+02
6.820000e-06	-6.423404e-06	-1.249218e-09	-3.460160e+01	-3.051534e+02
6.830000e-06	-6.449542e-06	-1.252450e-09	-3.474240e+01	-3.061377e+02
6.840000e-06	-6.475104e-06	-1.256171e-09	-3.488010e+01	-3.071010e+02
6.850000e-06	-6.500291e-06	-1.261011e-09	-3.501578e+01	-3.080429e+02
6.860000e-06	-6.525107e-06	-1.265393e-09	-3.514946e+01	-3.089629e+02
6.870000e-06	-6.549503e-06	-1.268897e-09	-3.528088e+01	-3.098604e+02
6.880000e-06	-6.573635e-06	-1.271963e-09	-3.541087e+01	-3.107350e+02
6.890000e-06	-6.597514e-06	-1.274946e-09	-3.553950e+01	-3.115863e+02
6.900000e-06	-6.620874e-06	-1.278767e-09	-3.566534e+01	-3.124136e+02
6.910000e-06	-6.643516e-06	-1.282101e-09	-3.578730e+01	-3.132167e+02
6.920000e-06	-6.665348e-06	-1.284684e-09	-3.590491e+01	-3.139951e+02
6.930000e-06	-6.686375e-06	-1.287018e-09	-3.601818e+01	-3.147484e+02
6.940000e-06	-6.706922e-06	-1.288811e-09	-3.612886e+01	-3.154764e+02
6.950000e-06	-6.727129e-06	-1.290763e-09	-3.623771e+01	-3.161788e+02
6.960000e-06	-6.746935e-06	-1.293477e-09	-3.634440e+01	-3.168555e+02
6.970000e-06	-6.766399e-06	-1.296673e-09	-3.644925e+01	-3.175065e+02
6.980000e-06	-6.785439e-06	-1.298956e-09	-3.655182e+01	-3.181319e+02
6.990000e-06	-6.804041e-06	-1.299767e-09	-3.665202e+01	-3.187316e+02
7.000000e-06	-6.822237e-06	-1.300756e-09	-3.675004e+01	-3.193061e+02
7.010000e-06	-6.839922e-06	-1.302648e-09	-3.684530e+01	-3.198557e+02
7.020000e-06	-6.857082e-06	-1.303692e-09	-3.693774e+01	-3.203809e+02
7.030000e-06	-6.873803e-06	-1.303117e-09	-3.702781e+01	-3.208822e+02
7.040000e-06	-6.890222e-06	-1.303979e-09	-3.711626e+01	-3.213602e+02
7.050000e-06	-6.906343e-06	-1.307298e-09	-3.720310e+01	-3.218159e+02
7.060000e-06	-6.921985e-06	-1.309859e-09	-3.728736e+01	-3.222500e+02
7.070000e-06	-6.936849e-06	-1.310294e-09	-3.736743e+01	-3.226634e+02
7.080000e-06	-6.950910e-06	-1.309602e-09	-3.744317e+01	-3.230572e+02
7.090000e-06	-6.964343e-06	-1.309585e-09	-3.751554e+01	-3.234324e+02
7.100000e-06	-6.977087e-06	-1.311132e-09	-3.758418e+01	-3.237900e+02
7.110000e-06	-6.989237e-06	-1.312956e-09	-3.764963e+01	-3.241313e+02
7.120000e-06	-7.000945e-06	-1.313616e-09	-3.771270e+01	-3.244572e+02
7.130000e-06	-7.012115e-06	-1.313911e-09	-3.777287e+01	-3.247690e+02
7.140000e-06	-7.022742e-06	-1.314646e-09	-3.783012e+01	-3.250677e+02
7.150000e-06	-7.032940e-06	-1.315032e-09	-3.788505e+01	-3.253543e+02
7.160000e-06	-7.042651e-06	-1.313959e-09	-3.793736e+01	-3.256298e+02
7.170000e-06	-7.051806e-06	-1.311900e-09	-3.798668e+01	-3.258952e+02
7.180000e-06	-7.060573e-06	-1.311144e-09	-3.803391e+01	-3.261512e+02
7.190000e-06	-7.069056e-06	-1.312485e-09	-3.807960e+01	-3.263987e+02
7.200000e-06	-7.077060e-06	-1.314251e-09	-3.812272e+01	-3.266383e+02
7.210000e-06	-7.084644e-06	-1.315128e-09	-3.816357e+01	-3.268705e+02
7.220000e-06	-7.091801e-06	-1.314995e-09	-3.820213e+01	-3.270957e+02
7.230000e-06	-7.098239e-06	-1.314318e-09	-3.823681e+01	-3.273144e+02
7.240000e-06	-7.103799e-06	-1.313802e-09	-3.826676e+01	-3.275266e+02
7.250000e-06	-7.108628e-06	-1.313263e-09	-3.829277e+01	-3.277324e+02
7.260000e-06	-7.113052e-06	-1.312656e-09	-3.831660e+01	-3.279319e+02
7.270000e-06	-7.117118e-06	-1.312758e-09	-3.833851e+01	-3.281249e+02
7.280000e-06	-7.120782e-06	-1.314217e-09	-3.835824e+01	-3.283111e+02
7.290000e-06	-7.123899e-06	-1.315380e-09	-3.837503e+01	-3.284902e+02
7.300000e-06	-7.126487e-06	-1.315021e-09	-3.838897e+01	-3.286618e+02
7.310000e-06	-7.128760e-06	-1.314571e-09	-3.840121e+01	-3.288255e+02
7.320000e-06	-7.130555e-06	-1.314861e-09	-3.841089e+01	-3.289806e+02
7.330000e-06	-7.131614e-06	-1.315665e-09	-3.841659e+01	-3.291267e+02
7.340000e-06	-7.132187e-06	-1.316484e-09	-3.841968e+01	-3.292631e+02
