# Temperatura_=_-11.0
# Concentracion g/m^3_=_7400.0
# C_Vs_to_Am_M_A/Vsm_=_254322799225.57578
# pendiente_HvsI_1/m_=_3716.3
# ordenada_HvsI_A/m_=_1297.0
# frecuencia_Hz_=_136118.17104230216

Tiempo_(s)	Campo_(V.s)	Magnetizacion_(V.s)	Campo_(kA/m)	Magnetizacion_(A/m)
0.000000e+00	-7.158389e-06	-1.438563e-09	-3.841729e+01	-3.618005e+02
1.000000e-08	-7.158628e-06	-1.436167e-09	-3.841857e+01	-3.618180e+02
2.000000e-08	-7.158497e-06	-1.432801e-09	-3.841786e+01	-3.618198e+02
3.000000e-08	-7.157720e-06	-1.429510e-09	-3.841369e+01	-3.618061e+02
4.000000e-08	-7.156169e-06	-1.429253e-09	-3.840537e+01	-3.617770e+02
5.000000e-08	-7.153927e-06	-1.430835e-09	-3.839334e+01	-3.617330e+02
6.000000e-08	-7.151068e-06	-1.432476e-09	-3.837800e+01	-3.616742e+02
7.000000e-08	-7.147734e-06	-1.436823e-09	-3.836010e+01	-3.616009e+02
8.000000e-08	-7.143980e-06	-1.432951e-09	-3.833996e+01	-3.615137e+02
9.000000e-08	-7.139537e-06	-1.404436e-09	-3.831611e+01	-3.614129e+02
1.000000e-07	-7.134275e-06	-1.395650e-09	-3.828787e+01	-3.612989e+02
1.100000e-07	-7.128530e-06	-1.452792e-09	-3.825704e+01	-3.611723e+02
1.200000e-07	-7.122588e-06	-1.471354e-09	-3.822515e+01	-3.610335e+02
1.300000e-07	-7.116199e-06	-1.386248e-09	-3.819086e+01	-3.608828e+02
1.400000e-07	-7.109128e-06	-1.354691e-09	-3.815291e+01	-3.607208e+02
1.500000e-07	-7.101714e-06	-1.454550e-09	-3.811312e+01	-3.605478e+02
1.600000e-07	-7.094141e-06	-1.480408e-09	-3.807249e+01	-3.603641e+02
1.700000e-07	-7.086191e-06	-1.348197e-09	-3.802982e+01	-3.601700e+02
1.800000e-07	-7.077547e-06	-1.325640e-09	-3.798343e+01	-3.599656e+02
1.900000e-07	-7.068003e-06	-1.473494e-09	-3.793221e+01	-3.597510e+02
2.000000e-07	-7.057879e-06	-1.482990e-09	-3.787787e+01	-3.595262e+02
2.100000e-07	-7.047260e-06	-1.326612e-09	-3.782089e+01	-3.592912e+02
2.200000e-07	-7.035933e-06	-1.327949e-09	-3.776010e+01	-3.590458e+02
2.300000e-07	-7.024061e-06	-1.459553e-09	-3.769638e+01	-3.587896e+02
2.400000e-07	-7.011765e-06	-1.426798e-09	-3.763039e+01	-3.585224e+02
2.500000e-07	-6.998896e-06	-1.323066e-09	-3.756133e+01	-3.582436e+02
2.600000e-07	-6.985404e-06	-1.384855e-09	-3.748892e+01	-3.579527e+02
2.700000e-07	-6.971371e-06	-1.447320e-09	-3.741361e+01	-3.576492e+02
2.800000e-07	-6.956636e-06	-1.362349e-09	-3.733453e+01	-3.573324e+02
2.900000e-07	-6.941169e-06	-1.343672e-09	-3.725152e+01	-3.570016e+02
3.000000e-07	-6.925126e-06	-1.422014e-09	-3.716542e+01	-3.566561e+02
3.100000e-07	-6.908615e-06	-1.378033e-09	-3.707681e+01	-3.562953e+02
3.200000e-07	-6.891548e-06	-1.308719e-09	-3.698522e+01	-3.559184e+02
3.300000e-07	-6.873978e-06	-1.401043e-09	-3.689092e+01	-3.555247e+02
3.400000e-07	-6.856054e-06	-1.436998e-09	-3.679473e+01	-3.551136e+02
3.500000e-07	-6.837669e-06	-1.314393e-09	-3.669606e+01	-3.546847e+02
3.600000e-07	-6.818791e-06	-1.312331e-09	-3.659475e+01	-3.542373e+02
3.700000e-07	-6.799427e-06	-1.423689e-09	-3.649083e+01	-3.537711e+02
3.800000e-07	-6.779595e-06	-1.377165e-09	-3.638440e+01	-3.532857e+02
3.900000e-07	-6.759437e-06	-1.295101e-09	-3.627621e+01	-3.527810e+02
4.000000e-07	-6.738769e-06	-1.366896e-09	-3.616529e+01	-3.522569e+02
4.100000e-07	-6.717579e-06	-1.394053e-09	-3.605157e+01	-3.517134e+02
4.200000e-07	-6.695986e-06	-1.314767e-09	-3.593569e+01	-3.511506e+02
4.300000e-07	-6.673896e-06	-1.332897e-09	-3.581713e+01	-3.505688e+02
4.400000e-07	-6.651313e-06	-1.378631e-09	-3.569594e+01	-3.499683e+02
4.500000e-07	-6.628261e-06	-1.317193e-09	-3.557222e+01	-3.493495e+02
4.600000e-07	-6.604919e-06	-1.308136e-09	-3.544695e+01	-3.487130e+02
4.700000e-07	-6.581383e-06	-1.375207e-09	-3.532064e+01	-3.480594e+02
4.800000e-07	-6.557376e-06	-1.342236e-09	-3.519180e+01	-3.473893e+02
4.900000e-07	-6.532751e-06	-1.288224e-09	-3.505965e+01	-3.467035e+02
5.000000e-07	-6.507558e-06	-1.333773e-09	-3.492444e+01	-3.460025e+02
5.100000e-07	-6.481676e-06	-1.345141e-09	-3.478554e+01	-3.452872e+02
5.200000e-07	-6.455120e-06	-1.297801e-09	-3.464301e+01	-3.445582e+02
5.300000e-07	-6.427976e-06	-1.312883e-09	-3.449734e+01	-3.438162e+02
5.400000e-07	-6.400441e-06	-1.332652e-09	-3.434957e+01	-3.430618e+02
5.500000e-07	-6.372491e-06	-1.295029e-09	-3.419957e+01	-3.422956e+02
5.600000e-07	-6.344089e-06	-1.292280e-09	-3.404714e+01	-3.415179e+02
5.700000e-07	-6.315359e-06	-1.315480e-09	-3.389295e+01	-3.407292e+02
5.800000e-07	-6.286247e-06	-1.291715e-09	-3.373672e+01	-3.399298e+02
5.900000e-07	-6.256783e-06	-1.275333e-09	-3.357859e+01	-3.391197e+02
6.000000e-07	-6.226890e-06	-1.294787e-09	-3.341816e+01	-3.382990e+02
6.100000e-07	-6.196512e-06	-1.288904e-09	-3.325513e+01	-3.374675e+02
6.200000e-07	-6.165648e-06	-1.269774e-09	-3.308949e+01	-3.366251e+02
6.300000e-07	-6.134424e-06	-1.272095e-09	-3.292192e+01	-3.357714e+02
6.400000e-07	-6.102879e-06	-1.266482e-09	-3.275263e+01	-3.349060e+02
6.500000e-07	-6.070967e-06	-1.252648e-09	-3.258136e+01	-3.340282e+02
6.600000e-07	-6.038784e-06	-1.256345e-09	-3.240864e+01	-3.331374e+02
6.700000e-07	-6.006138e-06	-1.258153e-09	-3.223344e+01	-3.322329e+02
6.800000e-07	-5.972655e-06	-1.246470e-09	-3.205375e+01	-3.313139e+02
6.900000e-07	-5.938505e-06	-1.240338e-09	-3.187047e+01	-3.303794e+02
7.000000e-07	-5.903790e-06	-1.238387e-09	-3.168417e+01	-3.294286e+02
7.100000e-07	-5.868522e-06	-1.232374e-09	-3.149489e+01	-3.284606e+02
7.200000e-07	-5.832919e-06	-1.228370e-09	-3.130382e+01	-3.274744e+02
7.300000e-07	-5.797096e-06	-1.224128e-09	-3.111157e+01	-3.264692e+02
7.400000e-07	-5.761038e-06	-1.217026e-09	-3.091805e+01	-3.254440e+02
7.500000e-07	-5.724619e-06	-1.214134e-09	-3.072260e+01	-3.243981e+02
7.600000e-07	-5.687839e-06	-1.212329e-09	-3.052521e+01	-3.233306e+02
7.700000e-07	-5.650583e-06	-1.204992e-09	-3.032527e+01	-3.222409e+02
7.800000e-07	-5.612891e-06	-1.196319e-09	-3.012299e+01	-3.211283e+02
7.900000e-07	-5.574727e-06	-1.191668e-09	-2.991817e+01	-3.199923e+02
8.000000e-07	-5.535981e-06	-1.188576e-09	-2.971023e+01	-3.188324e+02
8.100000e-07	-5.496805e-06	-1.183743e-09	-2.949998e+01	-3.176482e+02
8.200000e-07	-5.457411e-06	-1.176887e-09	-2.928856e+01	-3.164394e+02
8.300000e-07	-5.417844e-06	-1.169259e-09	-2.907622e+01	-3.152058e+02
8.400000e-07	-5.377981e-06	-1.163026e-09	-2.886228e+01	-3.139474e+02
8.500000e-07	-5.337739e-06	-1.159229e-09	-2.864631e+01	-3.126639e+02
8.600000e-07	-5.297057e-06	-1.154668e-09	-2.842798e+01	-3.113553e+02
8.700000e-07	-5.255986e-06	-1.147623e-09	-2.820756e+01	-3.100218e+02
8.800000e-07	-5.214392e-06	-1.140721e-09	-2.798434e+01	-3.086632e+02
8.900000e-07	-5.172075e-06	-1.135792e-09	-2.775723e+01	-3.072797e+02
9.000000e-07	-5.129103e-06	-1.131088e-09	-2.752662e+01	-3.058714e+02
9.100000e-07	-5.085672e-06	-1.124503e-09	-2.729353e+01	-3.044382e+02
9.200000e-07	-5.041992e-06	-1.116786e-09	-2.705911e+01	-3.029801e+02
9.300000e-07	-4.998117e-06	-1.109681e-09	-2.682365e+01	-3.014972e+02
9.400000e-07	-4.954010e-06	-1.103942e-09	-2.658693e+01	-2.999894e+02
9.500000e-07	-4.909547e-06	-1.099199e-09	-2.634831e+01	-2.984565e+02
9.600000e-07	-4.864713e-06	-1.093177e-09	-2.610770e+01	-2.968984e+02
9.700000e-07	-4.819543e-06	-1.085300e-09	-2.586528e+01	-2.953148e+02
9.800000e-07	-4.774009e-06	-1.078148e-09	-2.562091e+01	-2.937053e+02
9.900000e-07	-4.728079e-06	-1.072062e-09	-2.537442e+01	-2.920695e+02
1.000000e-06	-4.681948e-06	-1.065248e-09	-2.512685e+01	-2.904070e+02
1.010000e-06	-4.635541e-06	-1.058027e-09	-2.487779e+01	-2.887173e+02
1.020000e-06	-4.588785e-06	-1.051874e-09	-2.462686e+01	-2.869998e+02
1.030000e-06	-4.541839e-06	-1.046517e-09	-2.437491e+01	-2.852539e+02
1.040000e-06	-4.494549e-06	-1.040542e-09	-2.412112e+01	-2.834788e+02
1.050000e-06	-4.446955e-06	-1.034416e-09	-2.386570e+01	-2.816741e+02
1.060000e-06	-4.399157e-06	-1.027961e-09	-2.360918e+01	-2.798390e+02
1.070000e-06	-4.351031e-06	-1.020447e-09	-2.335090e+01	-2.779729e+02
1.080000e-06	-4.302436e-06	-1.013207e-09	-2.309010e+01	-2.760752e+02
1.090000e-06	-4.253354e-06	-1.006664e-09	-2.282669e+01	-2.741454e+02
1.100000e-06	-4.203865e-06	-9.994669e-10	-2.256109e+01	-2.721830e+02
1.110000e-06	-4.153999e-06	-9.904272e-10	-2.229348e+01	-2.701876e+02
1.120000e-06	-4.103723e-06	-9.806696e-10	-2.202366e+01	-2.681591e+02
1.130000e-06	-4.052958e-06	-9.719075e-10	-2.175121e+01	-2.660971e+02
1.140000e-06	-4.001784e-06	-9.635707e-10	-2.147657e+01	-2.640017e+02
1.150000e-06	-3.950378e-06	-9.551797e-10	-2.120069e+01	-2.618729e+02
1.160000e-06	-3.898576e-06	-9.475878e-10	-2.092268e+01	-2.597110e+02
1.170000e-06	-3.846464e-06	-9.400402e-10	-2.064301e+01	-2.575163e+02
1.180000e-06	-3.794087e-06	-9.319584e-10	-2.036192e+01	-2.552893e+02
1.190000e-06	-3.741283e-06	-9.235914e-10	-2.007853e+01	-2.530306e+02
1.200000e-06	-3.688285e-06	-9.149554e-10	-1.979411e+01	-2.507409e+02
1.210000e-06	-3.635109e-06	-9.062968e-10	-1.950872e+01	-2.484211e+02
1.220000e-06	-3.581624e-06	-8.983529e-10	-1.922168e+01	-2.460720e+02
1.230000e-06	-3.527928e-06	-8.902014e-10	-1.893351e+01	-2.436946e+02
1.240000e-06	-3.474081e-06	-8.808404e-10	-1.864453e+01	-2.412901e+02
1.250000e-06	-3.420023e-06	-8.706520e-10	-1.835441e+01	-2.388594e+02
1.260000e-06	-3.365687e-06	-8.595725e-10	-1.806280e+01	-2.364037e+02
1.270000e-06	-3.311091e-06	-8.488038e-10	-1.776980e+01	-2.339241e+02
1.280000e-06	-3.256199e-06	-8.392618e-10	-1.747521e+01	-2.314215e+02
1.290000e-06	-3.200957e-06	-8.297041e-10	-1.717874e+01	-2.288970e+02
1.300000e-06	-3.145552e-06	-8.197918e-10	-1.688139e+01	-2.263515e+02
1.310000e-06	-3.090066e-06	-8.102048e-10	-1.658362e+01	-2.237858e+02
1.320000e-06	-3.034408e-06	-8.000409e-10	-1.628491e+01	-2.212005e+02
1.330000e-06	-2.978639e-06	-7.888483e-10	-1.598561e+01	-2.185962e+02
1.340000e-06	-2.922854e-06	-7.775806e-10	-1.568623e+01	-2.159734e+02
1.350000e-06	-2.867011e-06	-7.670451e-10	-1.538653e+01	-2.133321e+02
1.360000e-06	-2.811009e-06	-7.570470e-10	-1.508598e+01	-2.106726e+02
1.370000e-06	-2.754799e-06	-7.481114e-10	-1.478432e+01	-2.079946e+02
1.380000e-06	-2.698384e-06	-7.398813e-10	-1.448155e+01	-2.052978e+02
1.390000e-06	-2.641633e-06	-7.302038e-10	-1.417698e+01	-2.025819e+02
1.400000e-06	-2.584508e-06	-7.189420e-10	-1.387041e+01	-1.998461e+02
1.410000e-06	-2.527181e-06	-7.079542e-10	-1.356275e+01	-1.970896e+02
1.420000e-06	-2.469561e-06	-6.973163e-10	-1.325352e+01	-1.943114e+02
1.430000e-06	-2.411618e-06	-6.862820e-10	-1.294255e+01	-1.915105e+02
1.440000e-06	-2.353367e-06	-6.758124e-10	-1.262993e+01	-1.886856e+02
1.450000e-06	-2.294728e-06	-6.658363e-10	-1.231523e+01	-1.858354e+02
1.460000e-06	-2.235828e-06	-6.555478e-10	-1.199913e+01	-1.829584e+02
1.470000e-06	-2.176680e-06	-6.452695e-10	-1.168170e+01	-1.800533e+02
1.480000e-06	-2.117325e-06	-6.348191e-10	-1.136316e+01	-1.771184e+02
1.490000e-06	-2.057874e-06	-6.236362e-10	-1.104410e+01	-1.741524e+02
1.500000e-06	-1.998391e-06	-6.119417e-10	-1.072487e+01	-1.711536e+02
1.510000e-06	-1.938923e-06	-6.003632e-10	-1.040572e+01	-1.681205e+02
1.520000e-06	-1.879361e-06	-5.888499e-10	-1.008606e+01	-1.650517e+02
1.530000e-06	-1.819708e-06	-5.770590e-10	-9.765919e+00	-1.619458e+02
1.540000e-06	-1.759987e-06	-5.657006e-10	-9.445408e+00	-1.588016e+02
1.550000e-06	-1.700172e-06	-5.550489e-10	-9.124398e+00	-1.556177e+02
1.560000e-06	-1.640275e-06	-5.438199e-10	-8.802949e+00	-1.523930e+02
1.570000e-06	-1.580317e-06	-5.319385e-10	-8.481165e+00	-1.491266e+02
1.580000e-06	-1.520337e-06	-5.203297e-10	-8.159269e+00	-1.458176e+02
1.590000e-06	-1.460222e-06	-5.088955e-10	-7.836648e+00	-1.424651e+02
1.600000e-06	-1.399955e-06	-4.969947e-10	-7.513209e+00	-1.390685e+02
1.610000e-06	-1.339618e-06	-4.838168e-10	-7.189398e+00	-1.356274e+02
1.620000e-06	-1.279195e-06	-4.710200e-10	-6.865119e+00	-1.321412e+02
1.630000e-06	-1.218737e-06	-4.594837e-10	-6.540655e+00	-1.286098e+02
1.640000e-06	-1.158182e-06	-4.466999e-10	-6.215672e+00	-1.250327e+02
1.650000e-06	-1.097431e-06	-4.325778e-10	-5.889638e+00	-1.214101e+02
1.660000e-06	-1.036695e-06	-4.184918e-10	-5.563684e+00	-1.177417e+02
1.670000e-06	-9.759239e-07	-4.045268e-10	-5.237540e+00	-1.140278e+02
1.680000e-06	-9.149354e-07	-3.910697e-10	-4.910230e+00	-1.102683e+02
1.690000e-06	-8.539126e-07	-3.787645e-10	-4.582736e+00	-1.064636e+02
1.700000e-06	-7.928767e-07	-3.665227e-10	-4.255171e+00	-1.026137e+02
1.710000e-06	-7.317626e-07	-3.530726e-10	-3.927187e+00	-9.871916e+01
1.720000e-06	-6.706026e-07	-3.389937e-10	-3.598957e+00	-9.478014e+01
1.730000e-06	-6.093566e-07	-3.252679e-10	-3.270265e+00	-9.079707e+01
1.740000e-06	-5.481136e-07	-3.114810e-10	-2.941589e+00	-8.677039e+01
1.750000e-06	-4.869172e-07	-2.965953e-10	-2.613163e+00	-8.270058e+01
1.760000e-06	-4.256690e-07	-2.810647e-10	-2.284459e+00	-7.858818e+01
1.770000e-06	-3.643355e-07	-2.654159e-10	-1.955298e+00	-7.443379e+01
1.780000e-06	-3.029268e-07	-2.496531e-10	-1.625733e+00	-7.023806e+01
1.790000e-06	-2.415592e-07	-2.341012e-10	-1.296388e+00	-6.600177e+01
1.800000e-06	-1.801687e-07	-2.186354e-10	-9.669202e-01	-6.172574e+01
1.810000e-06	-1.187024e-07	-2.028643e-10	-6.370462e-01	-5.741093e+01
1.820000e-06	-5.725149e-08	-1.869147e-10	-3.072545e-01	-5.305841e+01
1.830000e-06	4.229477e-09	-1.711017e-10	2.269855e-02	-4.866939e+01
1.840000e-06	6.572795e-08	-1.557528e-10	3.527455e-01	-4.424522e+01
1.850000e-06	1.271106e-07	-1.407347e-10	6.821709e-01	-3.978742e+01
1.860000e-06	1.884555e-07	-1.251524e-10	1.011394e+00	-3.529769e+01
1.870000e-06	2.498367e-07	-1.080425e-10	1.340811e+00	-3.077790e+01
1.880000e-06	3.112884e-07	-9.025947e-11	1.670607e+00	-2.623011e+01
1.890000e-06	3.727227e-07	-7.344500e-11	2.000310e+00	-2.165658e+01
1.900000e-06	4.340600e-07	-5.721344e-11	2.329492e+00	-1.705979e+01
1.910000e-06	4.953907e-07	-4.176330e-11	2.658638e+00	-1.244238e+01
1.920000e-06	5.567609e-07	-2.692022e-11	2.987997e+00	-7.807198e+00
1.930000e-06	6.180815e-07	-1.085344e-11	3.317089e+00	-3.157277e+00
1.940000e-06	6.792899e-07	7.257151e-12	3.645579e+00	1.504187e+00
1.950000e-06	7.403602e-07	2.613671e-11	3.973328e+00	6.173846e+00
1.960000e-06	8.013484e-07	4.422989e-11	4.300637e+00	1.084822e+01
1.970000e-06	8.623307e-07	6.160378e-11	4.627913e+00	1.552373e+01
1.980000e-06	9.232052e-07	7.814105e-11	4.954612e+00	2.019670e+01
1.990000e-06	9.840440e-07	9.484616e-11	5.281118e+00	2.486342e+01
2.000000e-06	1.044836e-06	1.127593e-10	5.607375e+00	2.952016e+01
2.010000e-06	1.105547e-06	1.302104e-10	5.933195e+00	3.416321e+01
2.020000e-06	1.166221e-06	1.463091e-10	6.258818e+00	3.878890e+01
2.030000e-06	1.226741e-06	1.623914e-10	6.583610e+00	4.339366e+01
2.040000e-06	1.287143e-06	1.785921e-10	6.907775e+00	4.797405e+01
2.050000e-06	1.347498e-06	1.942206e-10	7.231687e+00	5.252675e+01
2.060000e-06	1.407746e-06	2.098813e-10	7.555020e+00	5.704867e+01
2.070000e-06	1.467923e-06	2.261772e-10	7.877976e+00	6.153691e+01
2.080000e-06	1.527998e-06	2.432223e-10	8.200386e+00	6.598884e+01
2.090000e-06	1.587967e-06	2.604570e-10	8.522222e+00	7.040208e+01
2.100000e-06	1.647859e-06	2.768048e-10	8.843646e+00	7.477454e+01
2.110000e-06	1.707665e-06	2.909581e-10	9.164611e+00	7.910444e+01
2.120000e-06	1.767397e-06	3.034867e-10	9.485176e+00	8.339029e+01
2.130000e-06	1.827067e-06	3.171579e-10	9.805413e+00	8.763093e+01
2.140000e-06	1.886717e-06	3.325329e-10	1.012554e+01	9.182552e+01
2.150000e-06	1.946331e-06	3.485614e-10	1.044547e+01	9.597350e+01
2.160000e-06	2.005794e-06	3.643221e-10	1.076460e+01	1.000746e+02
2.170000e-06	2.065137e-06	3.785902e-10	1.108308e+01	1.041289e+02
2.180000e-06	2.124442e-06	3.920406e-10	1.140135e+01	1.081367e+02
2.190000e-06	2.183582e-06	4.070090e-10	1.171874e+01	1.120984e+02
2.200000e-06	2.242550e-06	4.226667e-10	1.203521e+01	1.160148e+02
2.210000e-06	2.301326e-06	4.360335e-10	1.235064e+01	1.198868e+02
2.220000e-06	2.359661e-06	4.482857e-10	1.266371e+01	1.237153e+02
2.230000e-06	2.417705e-06	4.617474e-10	1.297522e+01	1.275015e+02
2.240000e-06	2.475559e-06	4.755848e-10	1.328571e+01	1.312465e+02
2.250000e-06	2.533017e-06	4.892877e-10	1.359407e+01	1.349516e+02
2.260000e-06	2.590103e-06	5.019796e-10	1.390044e+01	1.386179e+02
2.270000e-06	2.646944e-06	5.132616e-10	1.420549e+01	1.422465e+02
2.280000e-06	2.703479e-06	5.252123e-10	1.450890e+01	1.458385e+02
2.290000e-06	2.759665e-06	5.384549e-10	1.481043e+01	1.493949e+02
2.300000e-06	2.815643e-06	5.518921e-10	1.511085e+01	1.529164e+02
2.310000e-06	2.871534e-06	5.640707e-10	1.541081e+01	1.564037e+02
2.320000e-06	2.927372e-06	5.744800e-10	1.571047e+01	1.598573e+02
2.330000e-06	2.983097e-06	5.851880e-10	1.600954e+01	1.632775e+02
2.340000e-06	3.038665e-06	5.983889e-10	1.630775e+01	1.666645e+02
2.350000e-06	3.094040e-06	6.128078e-10	1.660494e+01	1.700182e+02
2.360000e-06	3.149275e-06	6.251973e-10	1.690137e+01	1.733383e+02
2.370000e-06	3.204326e-06	6.360906e-10	1.719682e+01	1.766245e+02
2.380000e-06	3.259145e-06	6.482733e-10	1.749101e+01	1.798761e+02
2.390000e-06	3.313641e-06	6.609666e-10	1.778348e+01	1.830926e+02
2.400000e-06	3.367800e-06	6.719798e-10	1.807414e+01	1.862730e+02
2.410000e-06	3.421802e-06	6.826060e-10	1.836396e+01	1.894166e+02
2.420000e-06	3.475673e-06	6.939614e-10	1.865307e+01	1.925223e+02
2.430000e-06	3.529329e-06	7.055948e-10	1.894103e+01	1.955892e+02
2.440000e-06	3.582645e-06	7.185684e-10	1.922716e+01	1.986162e+02
2.450000e-06	3.635719e-06	7.315114e-10	1.951200e+01	2.016026e+02
2.460000e-06	3.688553e-06	7.415273e-10	1.979554e+01	2.045474e+02
2.470000e-06	3.741063e-06	7.504405e-10	2.007735e+01	2.074499e+02
2.480000e-06	3.793386e-06	7.616004e-10	2.035815e+01	2.103094e+02
2.490000e-06	3.845435e-06	7.745967e-10	2.063749e+01	2.131254e+02
2.500000e-06	3.897170e-06	7.863446e-10	2.091514e+01	2.158977e+02
2.510000e-06	3.948672e-06	7.960917e-10	2.119154e+01	2.186261e+02
2.520000e-06	3.999766e-06	8.051922e-10	2.146574e+01	2.213107e+02
2.530000e-06	4.050435e-06	8.140462e-10	2.173767e+01	2.239518e+02
2.540000e-06	4.100779e-06	8.233258e-10	2.200786e+01	2.265499e+02
2.550000e-06	4.150638e-06	8.330148e-10	2.227544e+01	2.291056e+02
2.560000e-06	4.200017e-06	8.428263e-10	2.254044e+01	2.316200e+02
2.570000e-06	4.248964e-06	8.535829e-10	2.280313e+01	2.340941e+02
2.580000e-06	4.297360e-06	8.651483e-10	2.306286e+01	2.365292e+02
2.590000e-06	4.345353e-06	8.753450e-10	2.332042e+01	2.389266e+02
2.600000e-06	4.393165e-06	8.833389e-10	2.357702e+01	2.412880e+02
2.610000e-06	4.440855e-06	8.906905e-10	2.383296e+01	2.436150e+02
2.620000e-06	4.488346e-06	8.988937e-10	2.408783e+01	2.459093e+02
2.630000e-06	4.535501e-06	9.086537e-10	2.434090e+01	2.481725e+02
2.640000e-06	4.582224e-06	9.190645e-10	2.459165e+01	2.504065e+02
2.650000e-06	4.628541e-06	9.284072e-10	2.484023e+01	2.526130e+02
2.660000e-06	4.674599e-06	9.366355e-10	2.508741e+01	2.547935e+02
2.670000e-06	4.720421e-06	9.449366e-10	2.533332e+01	2.569496e+02
2.680000e-06	4.765961e-06	9.534912e-10	2.557772e+01	2.590827e+02
2.690000e-06	4.811199e-06	9.617675e-10	2.582050e+01	2.611941e+02
2.700000e-06	4.856097e-06	9.692547e-10	2.606146e+01	2.632849e+02
2.710000e-06	4.900627e-06	9.762720e-10	2.630044e+01	2.653559e+02
2.720000e-06	4.944881e-06	9.847355e-10	2.653794e+01	2.674078e+02
2.730000e-06	4.988921e-06	9.943301e-10	2.677429e+01	2.694410e+02
2.740000e-06	5.032702e-06	1.002884e-09	2.700925e+01	2.714560e+02
2.750000e-06	5.076277e-06	1.010334e-09	2.724311e+01	2.734525e+02
2.760000e-06	5.119591e-06	1.017212e-09	2.747557e+01	2.754306e+02
2.770000e-06	5.162361e-06	1.024043e-09	2.770510e+01	2.773898e+02
2.780000e-06	5.204419e-06	1.031820e-09	2.793082e+01	2.793295e+02
2.790000e-06	5.245921e-06	1.039587e-09	2.815355e+01	2.812491e+02
2.800000e-06	5.286879e-06	1.046204e-09	2.837336e+01	2.831477e+02
2.810000e-06	5.327212e-06	1.052010e-09	2.858981e+01	2.850243e+02
2.820000e-06	5.367171e-06	1.058294e-09	2.880427e+01	2.868779e+02
2.830000e-06	5.406957e-06	1.065654e-09	2.901779e+01	2.887074e+02
2.840000e-06	5.446461e-06	1.073443e-09	2.922979e+01	2.905118e+02
2.850000e-06	5.485708e-06	1.080796e-09	2.944043e+01	2.922899e+02
2.860000e-06	5.524614e-06	1.087148e-09	2.964923e+01	2.940408e+02
2.870000e-06	5.563068e-06	1.094033e-09	2.985560e+01	2.957634e+02
2.880000e-06	5.601234e-06	1.101243e-09	3.006042e+01	2.974570e+02
2.890000e-06	5.638974e-06	1.107533e-09	3.026296e+01	2.991208e+02
2.900000e-06	5.676216e-06	1.113741e-09	3.046283e+01	3.007544e+02
2.910000e-06	5.713060e-06	1.120771e-09	3.066057e+01	3.023574e+02
2.920000e-06	5.749493e-06	1.128950e-09	3.085609e+01	3.039295e+02
2.930000e-06	5.785607e-06	1.136703e-09	3.104991e+01	3.054709e+02
2.940000e-06	5.821461e-06	1.143263e-09	3.124233e+01	3.069818e+02
2.950000e-06	5.857050e-06	1.148965e-09	3.143332e+01	3.084626e+02
2.960000e-06	5.892355e-06	1.153687e-09	3.162280e+01	3.099139e+02
2.970000e-06	5.927222e-06	1.157852e-09	3.180992e+01	3.113365e+02
2.980000e-06	5.961405e-06	1.162988e-09	3.199337e+01	3.127315e+02
2.990000e-06	5.994879e-06	1.169309e-09	3.217302e+01	3.141000e+02
3.000000e-06	6.027664e-06	1.175720e-09	3.234897e+01	3.154432e+02
3.010000e-06	6.059883e-06	1.183007e-09	3.252188e+01	3.167625e+02
3.020000e-06	6.091850e-06	1.190319e-09	3.269344e+01	3.180593e+02
3.030000e-06	6.123508e-06	1.195247e-09	3.286334e+01	3.193351e+02
3.040000e-06	6.154878e-06	1.198003e-09	3.303170e+01	3.205914e+02
3.050000e-06	6.185882e-06	1.201125e-09	3.319808e+01	3.218296e+02
3.060000e-06	6.216345e-06	1.205677e-09	3.336157e+01	3.230511e+02
3.070000e-06	6.246328e-06	1.211441e-09	3.352248e+01	3.242573e+02
3.080000e-06	6.275895e-06	1.217937e-09	3.368116e+01	3.254494e+02
3.090000e-06	6.305064e-06	1.223533e-09	3.383771e+01	3.266283e+02
3.100000e-06	6.333807e-06	1.227776e-09	3.399196e+01	3.277951e+02
3.110000e-06	6.362110e-06	1.231847e-09	3.414386e+01	3.289504e+02
3.120000e-06	6.390101e-06	1.235511e-09	3.429408e+01	3.300947e+02
3.130000e-06	6.417857e-06	1.238569e-09	3.444303e+01	3.312285e+02
3.140000e-06	6.445275e-06	1.241538e-09	3.459018e+01	3.323517e+02
3.150000e-06	6.472171e-06	1.244561e-09	3.473452e+01	3.334643e+02
3.160000e-06	6.498378e-06	1.248632e-09	3.487517e+01	3.345659e+02
3.170000e-06	6.523896e-06	1.254274e-09	3.501212e+01	3.356562e+02
3.180000e-06	6.548777e-06	1.260117e-09	3.514565e+01	3.367343e+02
3.190000e-06	6.573095e-06	1.265241e-09	3.527616e+01	3.377994e+02
3.200000e-06	6.596966e-06	1.270098e-09	3.540427e+01	3.388505e+02
3.210000e-06	6.620422e-06	1.274637e-09	3.553015e+01	3.398865e+02
3.220000e-06	6.643356e-06	1.279119e-09	3.565323e+01	3.409062e+02
3.230000e-06	6.665864e-06	1.284161e-09	3.577403e+01	3.419081e+02
3.240000e-06	6.687964e-06	1.288378e-09	3.589263e+01	3.428910e+02
3.250000e-06	6.709603e-06	1.292181e-09	3.600876e+01	3.438535e+02
3.260000e-06	6.730778e-06	1.297398e-09	3.612240e+01	3.447942e+02
3.270000e-06	6.751401e-06	1.303510e-09	3.623308e+01	3.457119e+02
3.280000e-06	6.771625e-06	1.309059e-09	3.634162e+01	3.466052e+02
3.290000e-06	6.791580e-06	1.313452e-09	3.644872e+01	3.474731e+02
3.300000e-06	6.811168e-06	1.317236e-09	3.655384e+01	3.483145e+02
3.310000e-06	6.830386e-06	1.320787e-09	3.665697e+01	3.491284e+02
3.320000e-06	6.849220e-06	1.325225e-09	3.675805e+01	3.499142e+02
3.330000e-06	6.867449e-06	1.330196e-09	3.685589e+01	3.506712e+02
3.340000e-06	6.885049e-06	1.334076e-09	3.695034e+01	3.513991e+02
3.350000e-06	6.902208e-06	1.337037e-09	3.704243e+01	3.520975e+02
3.360000e-06	6.918868e-06	1.339742e-09	3.713184e+01	3.527664e+02
3.370000e-06	6.934956e-06	1.341902e-09	3.721818e+01	3.534058e+02
3.380000e-06	6.950382e-06	1.344012e-09	3.730096e+01	3.540161e+02
3.390000e-06	6.965212e-06	1.347656e-09	3.738056e+01	3.545975e+02
3.400000e-06	6.979611e-06	1.352804e-09	3.745783e+01	3.551507e+02
3.410000e-06	6.993480e-06	1.357996e-09	3.753226e+01	3.556763e+02
3.420000e-06	7.006830e-06	1.362205e-09	3.760390e+01	3.561750e+02
3.430000e-06	7.019701e-06	1.364469e-09	3.767298e+01	3.566476e+02
3.440000e-06	7.032067e-06	1.364332e-09	3.773935e+01	3.570951e+02
3.450000e-06	7.044027e-06	1.364916e-09	3.780353e+01	3.575184e+02
3.460000e-06	7.055485e-06	1.368158e-09	3.786502e+01	3.579185e+02
3.470000e-06	7.066195e-06	1.370740e-09	3.792250e+01	3.582962e+02
3.480000e-06	7.076083e-06	1.371571e-09	3.797557e+01	3.586525e+02
3.490000e-06	7.085135e-06	1.372583e-09	3.802415e+01	3.589883e+02
3.500000e-06	7.093510e-06	1.375164e-09	3.806910e+01	3.593044e+02
3.510000e-06	7.101470e-06	1.378638e-09	3.811182e+01	3.596017e+02
3.520000e-06	7.109180e-06	1.380820e-09	3.815319e+01	3.598807e+02
3.530000e-06	7.116565e-06	1.381398e-09	3.819283e+01	3.601422e+02
3.540000e-06	7.123453e-06	1.382228e-09	3.822980e+01	3.603867e+02
3.550000e-06	7.129819e-06	1.383950e-09	3.826396e+01	3.606145e+02
3.560000e-06	7.135661e-06	1.386616e-09	3.829531e+01	3.608261e+02
3.570000e-06	7.140993e-06	1.390354e-09	3.832393e+01	3.610217e+02
3.580000e-06	7.145774e-06	1.393474e-09	3.834959e+01	3.612015e+02
3.590000e-06	7.150030e-06	1.395421e-09	3.837243e+01	3.613656e+02
3.600000e-06	7.153953e-06	1.396405e-09	3.839348e+01	3.615140e+02
3.610000e-06	7.157620e-06	1.396716e-09	3.841316e+01	3.616469e+02
3.620000e-06	7.160815e-06	1.396407e-09	3.843030e+01	3.617642e+02
3.630000e-06	7.163379e-06	1.396241e-09	3.844407e+01	3.618657e+02
3.640000e-06	7.165124e-06	1.397490e-09	3.845343e+01	3.619516e+02
3.650000e-06	7.166000e-06	1.400915e-09	3.845813e+01	3.620217e+02
3.660000e-06	7.166348e-06	1.404296e-09	3.846000e+01	3.620759e+02
3.670000e-06	7.166292e-06	1.404865e-09	3.845970e+01	3.621144e+02
3.680000e-06	7.165809e-06	1.404954e-09	3.845711e+01	3.621371e+02
3.690000e-06	7.164894e-06	1.406006e-09	3.845220e+01	3.621442e+02
3.700000e-06	7.163521e-06	1.407364e-09	3.844483e+01	3.621356e+02
3.710000e-06	7.161728e-06	1.408890e-09	3.843521e+01	3.621117e+02
3.720000e-06	7.159485e-06	1.409904e-09	3.842317e+01	3.620727e+02
3.730000e-06	7.156844e-06	1.406426e-09	3.840900e+01	3.620188e+02
3.740000e-06	7.153763e-06	1.398827e-09	3.839246e+01	3.619503e+02
3.750000e-06	7.150068e-06	1.416527e-09	3.837263e+01	3.618677e+02
3.760000e-06	7.145740e-06	1.459703e-09	3.834940e+01	3.617714e+02
3.770000e-06	7.140561e-06	1.428302e-09	3.832161e+01	3.616618e+02
3.780000e-06	7.134666e-06	1.339634e-09	3.828997e+01	3.615394e+02
3.790000e-06	7.128722e-06	1.379933e-09	3.825807e+01	3.614046e+02
3.800000e-06	7.122546e-06	1.487228e-09	3.822493e+01	3.612579e+02
3.810000e-06	7.115496e-06	1.445771e-09	3.818709e+01	3.610997e+02
3.820000e-06	7.107749e-06	1.325636e-09	3.814551e+01	3.609303e+02
3.830000e-06	7.099721e-06	1.381874e-09	3.810243e+01	3.607502e+02
3.840000e-06	7.091354e-06	1.530895e-09	3.805753e+01	3.605595e+02
3.850000e-06	7.082319e-06	1.452684e-09	3.800904e+01	3.603585e+02
3.860000e-06	7.072662e-06	1.275816e-09	3.795721e+01	3.601474e+02
3.870000e-06	7.062780e-06	1.362811e-09	3.790418e+01	3.599261e+02
3.880000e-06	7.052567e-06	1.544367e-09	3.784937e+01	3.596945e+02
3.890000e-06	7.041685e-06	1.441032e-09	3.779097e+01	3.594526e+02
3.900000e-06	7.030179e-06	1.281491e-09	3.772922e+01	3.592001e+02
3.910000e-06	7.018244e-06	1.413007e-09	3.766516e+01	3.589366e+02
3.920000e-06	7.005846e-06	1.536611e-09	3.759863e+01	3.586617e+02
3.930000e-06	6.992560e-06	1.373262e-09	3.752733e+01	3.583750e+02
3.940000e-06	6.978398e-06	1.299545e-09	3.745132e+01	3.580758e+02
3.950000e-06	6.963629e-06	1.480986e-09	3.737206e+01	3.577635e+02
3.960000e-06	6.948218e-06	1.496503e-09	3.728935e+01	3.574375e+02
3.970000e-06	6.932238e-06	1.326768e-09	3.720359e+01	3.570970e+02
3.980000e-06	6.915829e-06	1.384099e-09	3.711552e+01	3.567414e+02
3.990000e-06	6.899048e-06	1.515519e-09	3.702547e+01	3.563699e+02
4.000000e-06	6.881778e-06	1.382161e-09	3.693279e+01	3.559819e+02
4.010000e-06	6.864038e-06	1.304607e-09	3.683758e+01	3.555768e+02
4.020000e-06	6.845938e-06	1.478241e-09	3.674044e+01	3.551539e+02
4.030000e-06	6.827352e-06	1.485622e-09	3.664069e+01	3.547127e+02
4.040000e-06	6.808195e-06	1.316702e-09	3.653788e+01	3.542528e+02
4.050000e-06	6.788641e-06	1.383502e-09	3.643294e+01	3.537739e+02
4.060000e-06	6.768817e-06	1.505188e-09	3.632655e+01	3.532757e+02
4.070000e-06	6.748588e-06	1.380907e-09	3.621799e+01	3.527581e+02
4.080000e-06	6.727956e-06	1.331196e-09	3.610726e+01	3.522211e+02
4.090000e-06	6.706920e-06	1.467004e-09	3.599436e+01	3.516647e+02
4.100000e-06	6.685038e-06	1.434674e-09	3.587693e+01	3.510892e+02
4.110000e-06	6.662234e-06	1.333185e-09	3.575455e+01	3.504949e+02
4.120000e-06	6.638861e-06	1.420643e-09	3.562911e+01	3.498822e+02
4.130000e-06	6.614954e-06	1.448213e-09	3.550081e+01	3.492516e+02
4.140000e-06	6.590698e-06	1.336792e-09	3.537063e+01	3.486037e+02
4.150000e-06	6.566128e-06	1.371654e-09	3.523877e+01	3.479390e+02
4.160000e-06	6.541148e-06	1.450393e-09	3.510471e+01	3.472584e+02
4.170000e-06	6.515710e-06	1.374617e-09	3.496819e+01	3.465624e+02
4.180000e-06	6.489727e-06	1.351421e-09	3.482874e+01	3.458518e+02
4.190000e-06	6.463281e-06	1.421954e-09	3.468681e+01	3.451273e+02
4.200000e-06	6.436421e-06	1.387186e-09	3.454266e+01	3.443896e+02
4.210000e-06	6.409157e-06	1.345849e-09	3.439634e+01	3.436393e+02
4.220000e-06	6.381415e-06	1.399509e-09	3.424746e+01	3.428770e+02
4.230000e-06	6.353337e-06	1.393322e-09	3.409677e+01	3.421031e+02
4.240000e-06	6.324952e-06	1.346159e-09	3.394444e+01	3.413181e+02
4.250000e-06	6.296152e-06	1.375450e-09	3.378988e+01	3.405223e+02
4.260000e-06	6.266895e-06	1.389725e-09	3.363286e+01	3.397157e+02
4.270000e-06	6.236990e-06	1.354049e-09	3.347237e+01	3.388986e+02
4.280000e-06	6.206402e-06	1.360497e-09	3.330821e+01	3.380708e+02
4.290000e-06	6.175153e-06	1.377578e-09	3.314050e+01	3.372321e+02
4.300000e-06	6.143352e-06	1.361475e-09	3.296984e+01	3.363822e+02
4.310000e-06	6.111270e-06	1.359430e-09	3.279766e+01	3.355208e+02
4.320000e-06	6.078878e-06	1.366018e-09	3.262382e+01	3.346472e+02
4.330000e-06	6.046019e-06	1.353755e-09	3.244748e+01	3.337609e+02
4.340000e-06	6.012644e-06	1.348739e-09	3.226836e+01	3.328611e+02
4.350000e-06	5.978805e-06	1.353343e-09	3.208676e+01	3.319470e+02
4.360000e-06	5.944657e-06	1.350943e-09	3.190349e+01	3.310178e+02
4.370000e-06	5.910203e-06	1.347735e-09	3.171859e+01	3.300726e+02
4.380000e-06	5.875315e-06	1.343234e-09	3.153135e+01	3.291104e+02
4.390000e-06	5.839950e-06	1.337623e-09	3.134156e+01	3.281304e+02
4.400000e-06	5.804192e-06	1.339074e-09	3.114965e+01	3.271317e+02
4.410000e-06	5.768159e-06	1.337286e-09	3.095627e+01	3.261133e+02
4.420000e-06	5.731930e-06	1.328460e-09	3.076183e+01	3.250744e+02
4.430000e-06	5.695370e-06	1.326695e-09	3.056563e+01	3.240142e+02
4.440000e-06	5.658383e-06	1.327847e-09	3.036713e+01	3.229320e+02
4.450000e-06	5.620832e-06	1.322972e-09	3.016560e+01	3.218271e+02
4.460000e-06	5.582606e-06	1.317618e-09	2.996045e+01	3.206990e+02
4.470000e-06	5.543755e-06	1.312724e-09	2.975195e+01	3.195471e+02
4.480000e-06	5.504244e-06	1.305447e-09	2.953990e+01	3.183711e+02
4.490000e-06	5.464277e-06	1.300897e-09	2.932541e+01	3.171705e+02
4.500000e-06	5.424045e-06	1.299693e-09	2.910950e+01	3.159453e+02
4.510000e-06	5.383472e-06	1.295759e-09	2.889175e+01	3.146952e+02
4.520000e-06	5.342659e-06	1.289074e-09	2.867272e+01	3.134200e+02
4.530000e-06	5.301543e-06	1.284982e-09	2.845206e+01	3.121199e+02
4.540000e-06	5.259987e-06	1.283690e-09	2.822904e+01	3.107947e+02
4.550000e-06	5.218201e-06	1.281165e-09	2.800478e+01	3.094445e+02
4.560000e-06	5.176155e-06	1.275283e-09	2.777913e+01	3.080693e+02
4.570000e-06	5.133663e-06	1.267915e-09	2.755109e+01	3.066693e+02
4.580000e-06	5.090707e-06	1.262670e-09	2.732055e+01	3.052444e+02
4.590000e-06	5.047390e-06	1.258772e-09	2.708808e+01	3.037946e+02
4.600000e-06	5.003745e-06	1.253089e-09	2.685385e+01	3.023201e+02
4.610000e-06	4.959811e-06	1.246109e-09	2.661807e+01	3.008206e+02
4.620000e-06	4.915689e-06	1.240480e-09	2.638128e+01	2.992961e+02
4.630000e-06	4.871321e-06	1.236111e-09	2.614317e+01	2.977465e+02
4.640000e-06	4.826621e-06	1.230691e-09	2.590327e+01	2.961714e+02
4.650000e-06	4.781570e-06	1.223550e-09	2.566149e+01	2.945706e+02
4.660000e-06	4.736151e-06	1.215070e-09	2.541774e+01	2.929437e+02
4.670000e-06	4.690376e-06	1.206715e-09	2.517208e+01	2.912902e+02
4.680000e-06	4.644215e-06	1.199994e-09	2.492434e+01	2.896096e+02
4.690000e-06	4.597740e-06	1.194537e-09	2.467492e+01	2.879015e+02
4.700000e-06	4.550896e-06	1.188436e-09	2.442352e+01	2.861651e+02
4.710000e-06	4.503727e-06	1.181225e-09	2.417038e+01	2.843999e+02
4.720000e-06	4.456366e-06	1.173853e-09	2.391620e+01	2.826051e+02
4.730000e-06	4.408735e-06	1.167795e-09	2.366058e+01	2.807802e+02
4.740000e-06	4.360654e-06	1.161208e-09	2.340254e+01	2.789246e+02
4.750000e-06	4.312100e-06	1.152637e-09	2.314196e+01	2.770375e+02
4.760000e-06	4.263336e-06	1.145055e-09	2.288026e+01	2.751185e+02
4.770000e-06	4.214138e-06	1.138722e-09	2.261623e+01	2.731670e+02
4.780000e-06	4.164333e-06	1.132493e-09	2.234894e+01	2.711827e+02
4.790000e-06	4.114226e-06	1.124652e-09	2.208003e+01	2.691653e+02
4.800000e-06	4.064043e-06	1.115694e-09	2.181070e+01	2.671145e+02
4.810000e-06	4.013631e-06	1.107298e-09	2.154016e+01	2.650302e+02
4.820000e-06	3.962935e-06	1.099159e-09	2.126808e+01	2.629126e+02
4.830000e-06	3.911934e-06	1.091152e-09	2.099438e+01	2.607618e+02
4.840000e-06	3.860502e-06	1.082332e-09	2.071835e+01	2.585780e+02
4.850000e-06	3.808750e-06	1.072658e-09	2.044061e+01	2.563617e+02
4.860000e-06	3.756768e-06	1.062852e-09	2.016163e+01	2.541135e+02
4.870000e-06	3.704585e-06	1.052921e-09	1.988158e+01	2.518341e+02
4.880000e-06	3.652189e-06	1.043453e-09	1.960039e+01	2.495242e+02
4.890000e-06	3.599432e-06	1.033852e-09	1.931725e+01	2.471848e+02
4.900000e-06	3.546352e-06	1.023667e-09	1.903238e+01	2.448168e+02
4.910000e-06	3.493076e-06	1.014163e-09	1.874647e+01	2.424212e+02
4.920000e-06	3.439306e-06	1.005323e-09	1.845790e+01	2.399992e+02
4.930000e-06	3.384959e-06	9.952929e-10	1.816623e+01	2.375517e+02
4.940000e-06	3.330279e-06	9.839159e-10	1.787278e+01	2.350799e+02
4.950000e-06	3.275292e-06	9.731026e-10	1.757768e+01	2.325849e+02
4.960000e-06	3.219942e-06	9.634979e-10	1.728063e+01	2.300677e+02
4.970000e-06	3.164265e-06	9.541795e-10	1.698182e+01	2.275291e+02
4.980000e-06	3.108464e-06	9.435883e-10	1.668235e+01	2.249700e+02
4.990000e-06	3.052476e-06	9.326373e-10	1.638188e+01	2.223912e+02
5.000000e-06	2.996275e-06	9.222800e-10	1.608026e+01	2.197933e+02
5.010000e-06	2.939916e-06	9.116176e-10	1.577779e+01	2.171766e+02
5.020000e-06	2.883403e-06	9.007194e-10	1.547451e+01	2.145415e+02
5.030000e-06	2.826802e-06	8.896798e-10	1.517074e+01	2.118881e+02
5.040000e-06	2.770102e-06	8.782833e-10	1.486645e+01	2.092163e+02
5.050000e-06	2.713237e-06	8.667973e-10	1.456127e+01	2.065259e+02
5.060000e-06	2.656059e-06	8.549783e-10	1.425440e+01	2.038164e+02
5.070000e-06	2.598605e-06	8.427672e-10	1.394607e+01	2.010873e+02
5.080000e-06	2.540964e-06	8.312905e-10	1.363672e+01	1.983379e+02
5.090000e-06	2.483142e-06	8.210887e-10	1.332640e+01	1.955671e+02
5.100000e-06	2.425235e-06	8.113262e-10	1.301563e+01	1.927739e+02
5.110000e-06	2.367187e-06	7.998394e-10	1.270410e+01	1.899571e+02
5.120000e-06	2.308942e-06	7.865483e-10	1.239151e+01	1.871155e+02
5.130000e-06	2.250548e-06	7.735545e-10	1.207813e+01	1.842477e+02
5.140000e-06	2.191983e-06	7.615377e-10	1.176382e+01	1.813522e+02
5.150000e-06	2.133195e-06	7.500365e-10	1.144833e+01	1.784274e+02
5.160000e-06	2.074162e-06	7.379315e-10	1.113151e+01	1.754720e+02
5.170000e-06	2.014946e-06	7.258003e-10	1.081371e+01	1.724843e+02
5.180000e-06	1.955619e-06	7.143349e-10	1.049532e+01	1.694628e+02
5.190000e-06	1.896213e-06	7.026849e-10	1.017650e+01	1.664061e+02
5.200000e-06	1.836683e-06	6.901700e-10	9.857020e+00	1.633128e+02
5.210000e-06	1.776962e-06	6.764938e-10	9.536512e+00	1.601815e+02
5.220000e-06	1.717203e-06	6.617672e-10	9.215801e+00	1.570109e+02
5.230000e-06	1.657406e-06	6.462557e-10	8.894885e+00	1.538000e+02
5.240000e-06	1.597416e-06	6.321437e-10	8.572933e+00	1.505477e+02
5.250000e-06	1.537397e-06	6.200650e-10	8.250828e+00	1.472529e+02
5.260000e-06	1.477332e-06	6.085315e-10	7.928471e+00	1.439151e+02
5.270000e-06	1.417157e-06	5.959574e-10	7.605529e+00	1.405333e+02
5.280000e-06	1.356952e-06	5.815117e-10	7.282424e+00	1.371071e+02
5.290000e-06	1.296679e-06	5.657845e-10	6.958955e+00	1.336360e+02
5.300000e-06	1.236372e-06	5.487146e-10	6.635300e+00	1.301197e+02
5.310000e-06	1.176048e-06	5.309397e-10	6.311556e+00	1.265579e+02
5.320000e-06	1.115696e-06	5.139451e-10	5.987662e+00	1.229505e+02
5.330000e-06	1.055306e-06	4.987093e-10	5.663565e+00	1.192974e+02
5.340000e-06	9.948836e-07	4.855536e-10	5.339292e+00	1.155987e+02
5.350000e-06	9.344972e-07	4.722824e-10	5.015213e+00	1.118544e+02
5.360000e-06	8.740017e-07	4.568716e-10	4.690549e+00	1.080647e+02
5.370000e-06	8.133558e-07	4.408252e-10	4.365078e+00	1.042299e+02
5.380000e-06	7.527666e-07	4.247977e-10	4.039910e+00	1.003503e+02
5.390000e-06	6.921608e-07	4.080800e-10	3.714654e+00	9.642603e+01
5.400000e-06	6.314187e-07	3.899431e-10	3.388666e+00	9.245763e+01
5.410000e-06	5.705290e-07	3.713975e-10	3.061887e+00	8.844547e+01
5.420000e-06	5.095188e-07	3.546267e-10	2.734460e+00	8.439001e+01
5.430000e-06	4.485476e-07	3.389606e-10	2.407243e+00	8.029177e+01
5.440000e-06	3.877385e-07	3.234790e-10	2.080896e+00	7.615133e+01
5.450000e-06	3.269856e-07	3.082071e-10	1.754850e+00	7.196933e+01
5.460000e-06	2.660170e-07	2.916123e-10	1.427647e+00	6.774649e+01
5.470000e-06	2.048934e-07	2.729665e-10	1.099612e+00	6.348364e+01
5.480000e-06	1.439156e-07	2.538360e-10	7.723593e-01	5.918167e+01
5.490000e-06	8.297609e-08	2.349557e-10	4.453120e-01	5.484162e+01
5.500000e-06	2.193838e-08	2.158902e-10	1.177378e-01	5.046465e+01
5.510000e-06	-3.905794e-08	1.971574e-10	-2.096142e-01	4.605207e+01
5.520000e-06	-9.993947e-08	1.796584e-10	-5.363502e-01	4.160533e+01
5.530000e-06	-1.607602e-07	1.621731e-10	-8.627600e-01	3.712607e+01
5.540000e-06	-2.217211e-07	1.441110e-10	-1.189922e+00	3.261610e+01
5.550000e-06	-2.827926e-07	1.254591e-10	-1.517677e+00	2.807743e+01
5.560000e-06	-3.438548e-07	1.054173e-10	-1.845383e+00	2.351225e+01
5.570000e-06	-4.048766e-07	8.445990e-11	-2.172872e+00	1.892296e+01
5.580000e-06	-4.658760e-07	6.386153e-11	-2.500240e+00	1.431214e+01
5.590000e-06	-5.268298e-07	4.396111e-11	-2.827364e+00	9.682580e+00
5.600000e-06	-5.877306e-07	2.369268e-11	-3.154204e+00	5.037254e+00
5.610000e-06	-6.485809e-07	3.535347e-12	-3.480772e+00	3.793002e-01
5.620000e-06	-7.092684e-07	-1.540065e-11	-3.806467e+00	-4.287980e+00
5.630000e-06	-7.697831e-07	-3.377620e-11	-4.131234e+00	-8.961149e+00
5.640000e-06	-8.301659e-07	-5.309046e-11	-4.455293e+00	-1.363665e+01
5.650000e-06	-8.905862e-07	-7.374665e-11	-4.779554e+00	-1.831085e+01
5.660000e-06	-9.510729e-07	-9.458058e-11	-5.104171e+00	-2.298005e+01
5.670000e-06	-1.011423e-06	-1.142989e-10	-5.428055e+00	-2.764050e+01
5.680000e-06	-1.071724e-06	-1.336400e-10	-5.751674e+00	-3.228850e+01
5.690000e-06	-1.132073e-06	-1.533274e-10	-6.075551e+00	-3.692035e+01
5.700000e-06	-1.192344e-06	-1.725665e-10	-6.399011e+00	-4.153245e+01
5.710000e-06	-1.252543e-06	-1.911868e-10	-6.722085e+00	-4.612130e+01
5.720000e-06	-1.312668e-06	-2.093564e-10	-7.044760e+00	-5.068356e+01
5.730000e-06	-1.372703e-06	-2.276947e-10	-7.366956e+00	-5.521604e+01
5.740000e-06	-1.432683e-06	-2.468853e-10	-7.688850e+00	-5.971579e+01
5.750000e-06	-1.492578e-06	-2.671607e-10	-8.010296e+00	-6.418008e+01
5.760000e-06	-1.552412e-06	-2.875852e-10	-8.331407e+00	-6.860643e+01
5.770000e-06	-1.612216e-06	-3.067205e-10	-8.652359e+00	-7.299267e+01
5.780000e-06	-1.672010e-06	-3.252913e-10	-8.973262e+00	-7.733691e+01
5.790000e-06	-1.731682e-06	-3.442581e-10	-9.293505e+00	-8.163756e+01
5.800000e-06	-1.791210e-06	-3.629488e-10	-9.612979e+00	-8.589335e+01
5.810000e-06	-1.850713e-06	-3.803721e-10	-9.932315e+00	-9.010334e+01
5.820000e-06	-1.910106e-06	-3.973615e-10	-1.025106e+01	-9.426687e+01
5.830000e-06	-1.969419e-06	-4.152701e-10	-1.056938e+01	-9.838360e+01
5.840000e-06	-2.028652e-06	-4.329551e-10	-1.088727e+01	-1.024535e+02
5.850000e-06	-2.087510e-06	-4.497389e-10	-1.120314e+01	-1.064767e+02
5.860000e-06	-2.146113e-06	-4.658477e-10	-1.151765e+01	-1.104536e+02
5.870000e-06	-2.204630e-06	-4.810286e-10	-1.183170e+01	-1.143850e+02
5.880000e-06	-2.262954e-06	-4.963954e-10	-1.214471e+01	-1.182717e+02
5.890000e-06	-2.321082e-06	-5.132416e-10	-1.245667e+01	-1.221145e+02
5.900000e-06	-2.379072e-06	-5.301500e-10	-1.276789e+01	-1.259147e+02
5.910000e-06	-2.436907e-06	-5.460707e-10	-1.307827e+01	-1.296733e+02
5.920000e-06	-2.494502e-06	-5.619603e-10	-1.338737e+01	-1.333915e+02
5.930000e-06	-2.551929e-06	-5.775540e-10	-1.369557e+01	-1.370705e+02
5.940000e-06	-2.609136e-06	-5.930625e-10	-1.400258e+01	-1.407116e+02
5.950000e-06	-2.666138e-06	-6.089933e-10	-1.430850e+01	-1.443156e+02
5.960000e-06	-2.722967e-06	-6.233806e-10	-1.461348e+01	-1.478838e+02
5.970000e-06	-2.779580e-06	-6.373390e-10	-1.491731e+01	-1.514168e+02
5.980000e-06	-2.836091e-06	-6.528098e-10	-1.522059e+01	-1.549154e+02
5.990000e-06	-2.892507e-06	-6.676711e-10	-1.552336e+01	-1.583802e+02
6.000000e-06	-2.948763e-06	-6.815294e-10	-1.582527e+01	-1.618115e+02
6.010000e-06	-3.004852e-06	-6.953254e-10	-1.612629e+01	-1.652095e+02
6.020000e-06	-3.060809e-06	-7.083248e-10	-1.642660e+01	-1.685743e+02
6.030000e-06	-3.116601e-06	-7.207394e-10	-1.672602e+01	-1.719056e+02
6.040000e-06	-3.172275e-06	-7.346151e-10	-1.702481e+01	-1.752031e+02
6.050000e-06	-3.227696e-06	-7.488665e-10	-1.732224e+01	-1.784663e+02
6.060000e-06	-3.282690e-06	-7.625378e-10	-1.761738e+01	-1.816946e+02
6.070000e-06	-3.337351e-06	-7.762114e-10	-1.791073e+01	-1.848871e+02
6.080000e-06	-3.391717e-06	-7.894712e-10	-1.820250e+01	-1.880430e+02
6.090000e-06	-3.445727e-06	-8.023176e-10	-1.849235e+01	-1.911614e+02
6.100000e-06	-3.499231e-06	-8.148109e-10	-1.877950e+01	-1.942413e+02
6.110000e-06	-3.552211e-06	-8.268862e-10	-1.906383e+01	-1.972817e+02
6.120000e-06	-3.604818e-06	-8.388224e-10	-1.934616e+01	-2.002817e+02
6.130000e-06	-3.657224e-06	-8.512191e-10	-1.962741e+01	-2.032404e+02
6.140000e-06	-3.709439e-06	-8.628383e-10	-1.990763e+01	-2.061571e+02
6.150000e-06	-3.761469e-06	-8.732859e-10	-2.018686e+01	-2.090309e+02
6.160000e-06	-3.813203e-06	-8.835336e-10	-2.046451e+01	-2.118615e+02
6.170000e-06	-3.864524e-06	-8.940975e-10	-2.073994e+01	-2.146483e+02
6.180000e-06	-3.915627e-06	-9.054805e-10	-2.101419e+01	-2.173913e+02
6.190000e-06	-3.966428e-06	-9.182509e-10	-2.128683e+01	-2.200905e+02
6.200000e-06	-4.016827e-06	-9.312060e-10	-2.155731e+01	-2.227460e+02
6.210000e-06	-4.066914e-06	-9.424625e-10	-2.182611e+01	-2.253583e+02
6.220000e-06	-4.116773e-06	-9.517650e-10	-2.209369e+01	-2.279281e+02
6.230000e-06	-4.166263e-06	-9.601374e-10	-2.235929e+01	-2.304561e+02
6.240000e-06	-4.215314e-06	-9.680187e-10	-2.262254e+01	-2.329435e+02
6.250000e-06	-4.264128e-06	-9.761534e-10	-2.288451e+01	-2.353914e+02
6.260000e-06	-4.312546e-06	-9.858693e-10	-2.314436e+01	-2.378012e+02
6.270000e-06	-4.360458e-06	-9.969216e-10	-2.340149e+01	-2.401744e+02
6.280000e-06	-4.407900e-06	-1.008423e-09	-2.365610e+01	-2.425126e+02
6.290000e-06	-4.455054e-06	-1.019804e-09	-2.390916e+01	-2.448176e+02
6.300000e-06	-4.501864e-06	-1.030017e-09	-2.416038e+01	-2.470909e+02
6.310000e-06	-4.548341e-06	-1.037536e-09	-2.440981e+01	-2.493345e+02
6.320000e-06	-4.594672e-06	-1.043523e-09	-2.465846e+01	-2.515499e+02
6.330000e-06	-4.640678e-06	-1.050276e-09	-2.490536e+01	-2.537388e+02
6.340000e-06	-4.686291e-06	-1.058741e-09	-2.515015e+01	-2.559029e+02
6.350000e-06	-4.731532e-06	-1.068302e-09	-2.539295e+01	-2.580435e+02
6.360000e-06	-4.776395e-06	-1.077501e-09	-2.563372e+01	-2.601620e+02
6.370000e-06	-4.820993e-06	-1.086461e-09	-2.587307e+01	-2.622595e+02
6.380000e-06	-4.865383e-06	-1.096694e-09	-2.611129e+01	-2.643370e+02
6.390000e-06	-4.909503e-06	-1.106846e-09	-2.634808e+01	-2.663951e+02
6.400000e-06	-4.953453e-06	-1.115234e-09	-2.658395e+01	-2.684346e+02
6.410000e-06	-4.997193e-06	-1.122690e-09	-2.681869e+01	-2.704556e+02
6.420000e-06	-5.040561e-06	-1.129963e-09	-2.705143e+01	-2.724582e+02
6.430000e-06	-5.083580e-06	-1.137825e-09	-2.728231e+01	-2.744425e+02
6.440000e-06	-5.126229e-06	-1.146684e-09	-2.751119e+01	-2.764080e+02
6.450000e-06	-5.168595e-06	-1.154929e-09	-2.773856e+01	-2.783542e+02
6.460000e-06	-5.210657e-06	-1.161856e-09	-2.796430e+01	-2.802806e+02
6.470000e-06	-5.252196e-06	-1.168069e-09	-2.818722e+01	-2.821862e+02
6.480000e-06	-5.293280e-06	-1.174661e-09	-2.840771e+01	-2.840703e+02
6.490000e-06	-5.334036e-06	-1.182359e-09	-2.862644e+01	-2.859316e+02
6.500000e-06	-5.374521e-06	-1.189103e-09	-2.884371e+01	-2.877693e+02
6.510000e-06	-5.414752e-06	-1.194652e-09	-2.905962e+01	-2.895821e+02
6.520000e-06	-5.454761e-06	-1.201166e-09	-2.927434e+01	-2.913691e+02
6.530000e-06	-5.494432e-06	-1.208437e-09	-2.948724e+01	-2.931291e+02
6.540000e-06	-5.533642e-06	-1.215149e-09	-2.969768e+01	-2.948612e+02
6.550000e-06	-5.572290e-06	-1.222239e-09	-2.990509e+01	-2.965645e+02
6.560000e-06	-5.610308e-06	-1.229260e-09	-3.010912e+01	-2.982383e+02
6.570000e-06	-5.647670e-06	-1.234712e-09	-3.030963e+01	-2.998820e+02
6.580000e-06	-5.684607e-06	-1.240337e-09	-3.050786e+01	-3.014952e+02
6.590000e-06	-5.721219e-06	-1.246475e-09	-3.070435e+01	-3.030776e+02
6.600000e-06	-5.757341e-06	-1.251694e-09	-3.089821e+01	-3.046292e+02
6.610000e-06	-5.793181e-06	-1.256555e-09	-3.109056e+01	-3.061502e+02
6.620000e-06	-5.828820e-06	-1.261617e-09	-3.128182e+01	-3.076409e+02
6.630000e-06	-5.864027e-06	-1.268012e-09	-3.147077e+01	-3.091019e+02
6.640000e-06	-5.898725e-06	-1.274601e-09	-3.165699e+01	-3.105340e+02
6.650000e-06	-5.933095e-06	-1.279219e-09	-3.184144e+01	-3.119380e+02
6.660000e-06	-5.967157e-06	-1.283495e-09	-3.202424e+01	-3.133152e+02
6.670000e-06	-6.000703e-06	-1.288989e-09	-3.220428e+01	-3.146666e+02
6.680000e-06	-6.033704e-06	-1.294663e-09	-3.238138e+01	-3.159937e+02
6.690000e-06	-6.066326e-06	-1.298896e-09	-3.255645e+01	-3.172978e+02
6.700000e-06	-6.098752e-06	-1.302234e-09	-3.273048e+01	-3.185804e+02
6.710000e-06	-6.130887e-06	-1.306888e-09	-3.290294e+01	-3.198430e+02
6.720000e-06	-6.162541e-06	-1.312684e-09	-3.307282e+01	-3.210871e+02
6.730000e-06	-6.193590e-06	-1.318247e-09	-3.323945e+01	-3.223140e+02
6.740000e-06	-6.223958e-06	-1.323311e-09	-3.340243e+01	-3.235252e+02
6.750000e-06	-6.253641e-06	-1.328337e-09	-3.356173e+01	-3.247218e+02
6.760000e-06	-6.282689e-06	-1.332597e-09	-3.371762e+01	-3.259050e+02
6.770000e-06	-6.311337e-06	-1.335967e-09	-3.387137e+01	-3.270757e+02
6.780000e-06	-6.339674e-06	-1.339762e-09	-3.402344e+01	-3.282347e+02
6.790000e-06	-6.367640e-06	-1.342891e-09	-3.417354e+01	-3.293826e+02
6.800000e-06	-6.395133e-06	-1.346449e-09	-3.432108e+01	-3.305198e+02
6.810000e-06	-6.422169e-06	-1.352358e-09	-3.446618e+01	-3.316465e+02
6.820000e-06	-6.448824e-06	-1.359123e-09	-3.460923e+01	-3.327626e+02
6.830000e-06	-6.475024e-06	-1.364321e-09	-3.474984e+01	-3.338680e+02
6.840000e-06	-6.500672e-06	-1.367313e-09	-3.488749e+01	-3.349621e+02
6.850000e-06	-6.525762e-06	-1.369960e-09	-3.502214e+01	-3.360443e+02
6.860000e-06	-6.550509e-06	-1.373954e-09	-3.515495e+01	-3.371138e+02
6.870000e-06	-6.575012e-06	-1.378614e-09	-3.528645e+01	-3.381697e+02
6.880000e-06	-6.599215e-06	-1.381777e-09	-3.541634e+01	-3.392109e+02
6.890000e-06	-6.623051e-06	-1.383636e-09	-3.554426e+01	-3.402361e+02
6.900000e-06	-6.646345e-06	-1.386103e-09	-3.566927e+01	-3.412440e+02
6.910000e-06	-6.668991e-06	-1.389816e-09	-3.579081e+01	-3.422334e+02
6.920000e-06	-6.690823e-06	-1.394907e-09	-3.590798e+01	-3.432028e+02
6.930000e-06	-6.711975e-06	-1.399360e-09	-3.602150e+01	-3.441509e+02
6.940000e-06	-6.732680e-06	-1.401711e-09	-3.613261e+01	-3.450764e+02
6.950000e-06	-6.752973e-06	-1.403397e-09	-3.624152e+01	-3.459779e+02
6.960000e-06	-6.772995e-06	-1.406120e-09	-3.634897e+01	-3.468544e+02
6.970000e-06	-6.792664e-06	-1.410199e-09	-3.645453e+01	-3.477046e+02
6.980000e-06	-6.811754e-06	-1.412809e-09	-3.655698e+01	-3.485278e+02
6.990000e-06	-6.830348e-06	-1.413330e-09	-3.665677e+01	-3.493230e+02
7.000000e-06	-6.848595e-06	-1.414980e-09	-3.675470e+01	-3.500897e+02
7.010000e-06	-6.866482e-06	-1.418497e-09	-3.685069e+01	-3.508273e+02
7.020000e-06	-6.883840e-06	-1.421705e-09	-3.694385e+01	-3.515355e+02
7.030000e-06	-6.900625e-06	-1.422783e-09	-3.703393e+01	-3.522142e+02
7.040000e-06	-6.917048e-06	-1.422672e-09	-3.712207e+01	-3.528634e+02
7.050000e-06	-6.933197e-06	-1.424330e-09	-3.720874e+01	-3.534833e+02
7.060000e-06	-6.948806e-06	-1.427954e-09	-3.729251e+01	-3.540743e+02
7.070000e-06	-6.963601e-06	-1.431537e-09	-3.737191e+01	-3.546368e+02
7.080000e-06	-6.977558e-06	-1.434018e-09	-3.744681e+01	-3.551715e+02
7.090000e-06	-6.990899e-06	-1.435507e-09	-3.751841e+01	-3.556790e+02
7.100000e-06	-7.003704e-06	-1.437923e-09	-3.758713e+01	-3.561602e+02
7.110000e-06	-7.015863e-06	-1.440772e-09	-3.765238e+01	-3.566160e+02
7.120000e-06	-7.027539e-06	-1.441634e-09	-3.771505e+01	-3.570472e+02
7.130000e-06	-7.038810e-06	-1.441720e-09	-3.777554e+01	-3.574548e+02
7.140000e-06	-7.049534e-06	-1.441475e-09	-3.783309e+01	-3.578398e+02
7.150000e-06	-7.059724e-06	-1.440977e-09	-3.788778e+01	-3.582032e+02
7.160000e-06	-7.069333e-06	-1.441211e-09	-3.793935e+01	-3.585457e+02
7.170000e-06	-7.078380e-06	-1.441754e-09	-3.798790e+01	-3.588683e+02
7.180000e-06	-7.087097e-06	-1.442287e-09	-3.803468e+01	-3.591717e+02
7.190000e-06	-7.095513e-06	-1.441937e-09	-3.807985e+01	-3.594567e+02
7.200000e-06	-7.103670e-06	-1.441884e-09	-3.812362e+01	-3.597240e+02
7.210000e-06	-7.111360e-06	-1.442841e-09	-3.816489e+01	-3.599740e+02
7.220000e-06	-7.118268e-06	-1.443044e-09	-3.820196e+01	-3.602073e+02
7.230000e-06	-7.124433e-06	-1.443081e-09	-3.823505e+01	-3.604243e+02
7.240000e-06	-7.129903e-06	-1.443778e-09	-3.826441e+01	-3.606251e+02
7.250000e-06	-7.134724e-06	-1.444440e-09	-3.829028e+01	-3.608101e+02
7.260000e-06	-7.139075e-06	-1.443551e-09	-3.831363e+01	-3.609794e+02
7.270000e-06	-7.143092e-06	-1.441941e-09	-3.833519e+01	-3.611331e+02
7.280000e-06	-7.146697e-06	-1.441447e-09	-3.835454e+01	-3.612711e+02
7.290000e-06	-7.149795e-06	-1.440900e-09	-3.837116e+01	-3.613936e+02
7.300000e-06	-7.152435e-06	-1.440065e-09	-3.838533e+01	-3.615003e+02
7.310000e-06	-7.154590e-06	-1.439955e-09	-3.839690e+01	-3.615914e+02
7.320000e-06	-7.156240e-06	-1.439814e-09	-3.840575e+01	-3.616667e+02
7.330000e-06	-7.157291e-06	-1.438890e-09	-3.841139e+01	-3.617262e+02
7.340000e-06	-7.157914e-06	-1.438999e-09	-3.841474e+01	-3.617700e+02
