# Temperatura_=_18.5
# Concentracion g/m^3_=_7400.0
# C_Vs_to_Am_M_A/Vsm_=_254322799225.57578
# pendiente_HvsI_1/m_=_3716.3
# ordenada_HvsI_A/m_=_1297.0
# frecuencia_Hz_=_136123.41326386103

Tiempo_(s)	Campo_(V.s)	Magnetizacion_(V.s)	Campo_(kA/m)	Magnetizacion_(A/m)
0.000000e+00	-7.091394e-06	-1.850001e-09	-3.842970e+01	-4.628280e+02
1.000000e-08	-7.091396e-06	-1.849402e-09	-3.842971e+01	-4.628841e+02
2.000000e-08	-7.091161e-06	-1.847772e-09	-3.842844e+01	-4.629187e+02
3.000000e-08	-7.090459e-06	-1.844145e-09	-3.842464e+01	-4.629323e+02
4.000000e-08	-7.088809e-06	-1.842106e-09	-3.841569e+01	-4.629255e+02
5.000000e-08	-7.086268e-06	-1.843274e-09	-3.840192e+01	-4.628990e+02
6.000000e-08	-7.083141e-06	-1.846334e-09	-3.838498e+01	-4.628532e+02
7.000000e-08	-7.079590e-06	-1.854674e-09	-3.836573e+01	-4.627887e+02
8.000000e-08	-7.075680e-06	-1.853519e-09	-3.834455e+01	-4.627062e+02
9.000000e-08	-7.071087e-06	-1.809309e-09	-3.831966e+01	-4.626062e+02
1.000000e-07	-7.065587e-06	-1.771518e-09	-3.828985e+01	-4.624894e+02
1.100000e-07	-7.059583e-06	-1.845766e-09	-3.825731e+01	-4.623561e+02
1.200000e-07	-7.053489e-06	-1.933115e-09	-3.822429e+01	-4.622070e+02
1.300000e-07	-7.047075e-06	-1.845481e-09	-3.818953e+01	-4.620426e+02
1.400000e-07	-7.040004e-06	-1.726266e-09	-3.815121e+01	-4.618633e+02
1.500000e-07	-7.032429e-06	-1.827414e-09	-3.811016e+01	-4.616695e+02
1.600000e-07	-7.024696e-06	-1.956634e-09	-3.806825e+01	-4.614618e+02
1.700000e-07	-7.016702e-06	-1.810919e-09	-3.802493e+01	-4.612403e+02
1.800000e-07	-7.007938e-06	-1.655367e-09	-3.797744e+01	-4.610055e+02
1.900000e-07	-6.998343e-06	-1.828918e-09	-3.792544e+01	-4.607575e+02
2.000000e-07	-6.988305e-06	-1.994463e-09	-3.787104e+01	-4.604967e+02
2.100000e-07	-6.977662e-06	-1.809032e-09	-3.781336e+01	-4.602231e+02
2.200000e-07	-6.966181e-06	-1.657505e-09	-3.775115e+01	-4.599370e+02
2.300000e-07	-6.954127e-06	-1.828187e-09	-3.768583e+01	-4.596383e+02
2.400000e-07	-6.941715e-06	-1.918937e-09	-3.761856e+01	-4.593270e+02
2.500000e-07	-6.928814e-06	-1.750822e-09	-3.754865e+01	-4.590032e+02
2.600000e-07	-6.915264e-06	-1.726948e-09	-3.747522e+01	-4.586667e+02
2.700000e-07	-6.901183e-06	-1.881402e-09	-3.739891e+01	-4.583175e+02
2.800000e-07	-6.886433e-06	-1.844082e-09	-3.731898e+01	-4.579553e+02
2.900000e-07	-6.870818e-06	-1.727135e-09	-3.723436e+01	-4.575799e+02
3.000000e-07	-6.854601e-06	-1.806541e-09	-3.714647e+01	-4.571911e+02
3.100000e-07	-6.837909e-06	-1.843569e-09	-3.705602e+01	-4.567887e+02
3.200000e-07	-6.820680e-06	-1.715307e-09	-3.696265e+01	-4.563722e+02
3.300000e-07	-6.803119e-06	-1.754954e-09	-3.686748e+01	-4.559415e+02
3.400000e-07	-6.785234e-06	-1.900731e-09	-3.677056e+01	-4.554961e+02
3.500000e-07	-6.766883e-06	-1.796020e-09	-3.667111e+01	-4.550357e+02
3.600000e-07	-6.747881e-06	-1.665832e-09	-3.656814e+01	-4.545600e+02
3.700000e-07	-6.728316e-06	-1.799203e-09	-3.646211e+01	-4.540686e+02
3.800000e-07	-6.708547e-06	-1.861796e-09	-3.635498e+01	-4.535611e+02
3.900000e-07	-6.688605e-06	-1.713317e-09	-3.624691e+01	-4.530372e+02
4.000000e-07	-6.668158e-06	-1.717656e-09	-3.613610e+01	-4.524966e+02
4.100000e-07	-6.647083e-06	-1.839473e-09	-3.602189e+01	-4.519390e+02
4.200000e-07	-6.625510e-06	-1.777949e-09	-3.590499e+01	-4.513641e+02
4.300000e-07	-6.603583e-06	-1.706171e-09	-3.578616e+01	-4.507716e+02
4.400000e-07	-6.581327e-06	-1.780448e-09	-3.566555e+01	-4.501613e+02
4.500000e-07	-6.558518e-06	-1.771489e-09	-3.554194e+01	-4.495329e+02
4.600000e-07	-6.535144e-06	-1.698548e-09	-3.541527e+01	-4.488865e+02
4.700000e-07	-6.511484e-06	-1.758132e-09	-3.528705e+01	-4.482217e+02
4.800000e-07	-6.487603e-06	-1.795895e-09	-3.515764e+01	-4.475385e+02
4.900000e-07	-6.463253e-06	-1.709815e-09	-3.502568e+01	-4.468368e+02
5.000000e-07	-6.438304e-06	-1.702042e-09	-3.489048e+01	-4.461166e+02
5.100000e-07	-6.412563e-06	-1.761644e-09	-3.475098e+01	-4.453779e+02
5.200000e-07	-6.386000e-06	-1.728327e-09	-3.460703e+01	-4.446206e+02
5.300000e-07	-6.358810e-06	-1.694277e-09	-3.445968e+01	-4.438448e+02
5.400000e-07	-6.331178e-06	-1.731260e-09	-3.430994e+01	-4.430506e+02
5.500000e-07	-6.303315e-06	-1.727455e-09	-3.415894e+01	-4.422379e+02
5.600000e-07	-6.275153e-06	-1.694188e-09	-3.400633e+01	-4.414069e+02
5.700000e-07	-6.246536e-06	-1.705996e-09	-3.385125e+01	-4.405575e+02
5.800000e-07	-6.217441e-06	-1.707948e-09	-3.369357e+01	-4.396899e+02
5.900000e-07	-6.187930e-06	-1.683192e-09	-3.353365e+01	-4.388041e+02
6.000000e-07	-6.158176e-06	-1.687361e-09	-3.337241e+01	-4.379001e+02
6.100000e-07	-6.128060e-06	-1.698016e-09	-3.320920e+01	-4.369779e+02
6.200000e-07	-6.097360e-06	-1.684602e-09	-3.304283e+01	-4.360374e+02
6.300000e-07	-6.066078e-06	-1.673982e-09	-3.287331e+01	-4.350786e+02
6.400000e-07	-6.034416e-06	-1.669717e-09	-3.270172e+01	-4.341015e+02
6.500000e-07	-6.002598e-06	-1.662256e-09	-3.252930e+01	-4.331057e+02
6.600000e-07	-5.970577e-06	-1.659699e-09	-3.235577e+01	-4.320912e+02
6.700000e-07	-5.938164e-06	-1.658012e-09	-3.218012e+01	-4.310576e+02
6.800000e-07	-5.905028e-06	-1.653420e-09	-3.200054e+01	-4.300047e+02
6.900000e-07	-5.871066e-06	-1.648692e-09	-3.181650e+01	-4.289321e+02
7.000000e-07	-5.836503e-06	-1.639137e-09	-3.162920e+01	-4.278395e+02
7.100000e-07	-5.801477e-06	-1.632024e-09	-3.143938e+01	-4.267262e+02
7.200000e-07	-5.765999e-06	-1.633104e-09	-3.124712e+01	-4.255920e+02
7.300000e-07	-5.730183e-06	-1.627523e-09	-3.105302e+01	-4.244361e+02
7.400000e-07	-5.694157e-06	-1.617462e-09	-3.085779e+01	-4.232581e+02
7.500000e-07	-5.657800e-06	-1.617224e-09	-3.066077e+01	-4.220573e+02
7.600000e-07	-5.620981e-06	-1.616862e-09	-3.046124e+01	-4.208331e+02
7.700000e-07	-5.583767e-06	-1.607086e-09	-3.025957e+01	-4.195847e+02
7.800000e-07	-5.546236e-06	-1.597348e-09	-3.005618e+01	-4.183116e+02
7.900000e-07	-5.508285e-06	-1.590908e-09	-2.985051e+01	-4.170130e+02
8.000000e-07	-5.469732e-06	-1.584236e-09	-2.964159e+01	-4.156883e+02
8.100000e-07	-5.430676e-06	-1.580131e-09	-2.942994e+01	-4.143369e+02
8.200000e-07	-5.391374e-06	-1.575211e-09	-2.921695e+01	-4.129580e+02
8.300000e-07	-5.351882e-06	-1.565045e-09	-2.900293e+01	-4.115512e+02
8.400000e-07	-5.312082e-06	-1.555122e-09	-2.878725e+01	-4.101158e+02
8.500000e-07	-5.272018e-06	-1.549703e-09	-2.857014e+01	-4.086514e+02
8.600000e-07	-5.231779e-06	-1.546145e-09	-2.835207e+01	-4.071576e+02
8.700000e-07	-5.191181e-06	-1.540122e-09	-2.813207e+01	-4.056339e+02
8.800000e-07	-5.150108e-06	-1.531113e-09	-2.790948e+01	-4.040800e+02
8.900000e-07	-5.108479e-06	-1.522554e-09	-2.768388e+01	-4.024958e+02
9.000000e-07	-5.066139e-06	-1.516177e-09	-2.745444e+01	-4.008810e+02
9.100000e-07	-5.023082e-06	-1.509227e-09	-2.722110e+01	-3.992357e+02
9.200000e-07	-4.979494e-06	-1.500123e-09	-2.698489e+01	-3.975598e+02
9.300000e-07	-4.935682e-06	-1.491493e-09	-2.674746e+01	-3.958535e+02
9.400000e-07	-4.891761e-06	-1.485129e-09	-2.650945e+01	-3.941169e+02
9.500000e-07	-4.847663e-06	-1.479798e-09	-2.627047e+01	-3.923503e+02
9.600000e-07	-4.803242e-06	-1.472996e-09	-2.602974e+01	-3.905539e+02
9.700000e-07	-4.758430e-06	-1.464184e-09	-2.578690e+01	-3.887283e+02
9.800000e-07	-4.713266e-06	-1.455043e-09	-2.554215e+01	-3.868738e+02
9.900000e-07	-4.667801e-06	-1.446171e-09	-2.529576e+01	-3.849908e+02
1.000000e-06	-4.621970e-06	-1.438757e-09	-2.504739e+01	-3.830800e+02
1.010000e-06	-4.575817e-06	-1.432837e-09	-2.479728e+01	-3.811417e+02
1.020000e-06	-4.529464e-06	-1.426199e-09	-2.454609e+01	-3.791767e+02
1.030000e-06	-4.482801e-06	-1.418050e-09	-2.429321e+01	-3.771853e+02
1.040000e-06	-4.435766e-06	-1.410204e-09	-2.403832e+01	-3.751681e+02
1.050000e-06	-4.388379e-06	-1.403609e-09	-2.378151e+01	-3.731255e+02
1.060000e-06	-4.340678e-06	-1.396985e-09	-2.352301e+01	-3.710581e+02
1.070000e-06	-4.292745e-06	-1.388812e-09	-2.326326e+01	-3.689662e+02
1.080000e-06	-4.244653e-06	-1.380023e-09	-2.300263e+01	-3.668501e+02
1.090000e-06	-4.196314e-06	-1.371833e-09	-2.274068e+01	-3.647101e+02
1.100000e-06	-4.147650e-06	-1.363775e-09	-2.247696e+01	-3.625463e+02
1.110000e-06	-4.098687e-06	-1.354769e-09	-2.221161e+01	-3.603588e+02
1.120000e-06	-4.049260e-06	-1.344193e-09	-2.194376e+01	-3.581476e+02
1.130000e-06	-3.999270e-06	-1.333742e-09	-2.167286e+01	-3.559127e+02
1.140000e-06	-3.948772e-06	-1.325089e-09	-2.139920e+01	-3.536537e+02
1.150000e-06	-3.897893e-06	-1.317824e-09	-2.112347e+01	-3.513704e+02
1.160000e-06	-3.846672e-06	-1.310185e-09	-2.084589e+01	-3.490624e+02
1.170000e-06	-3.795141e-06	-1.301102e-09	-2.056664e+01	-3.467293e+02
1.180000e-06	-3.743295e-06	-1.291055e-09	-2.028567e+01	-3.443705e+02
1.190000e-06	-3.691172e-06	-1.281250e-09	-2.000321e+01	-3.419853e+02
1.200000e-06	-3.638870e-06	-1.272592e-09	-1.971978e+01	-3.395732e+02
1.210000e-06	-3.586201e-06	-1.264871e-09	-1.943435e+01	-3.371333e+02
1.220000e-06	-3.533242e-06	-1.256601e-09	-1.914735e+01	-3.346650e+02
1.230000e-06	-3.480006e-06	-1.247604e-09	-1.885886e+01	-3.321675e+02
1.240000e-06	-3.426441e-06	-1.238846e-09	-1.856858e+01	-3.296400e+02
1.250000e-06	-3.372655e-06	-1.229256e-09	-1.827710e+01	-3.270817e+02
1.260000e-06	-3.318681e-06	-1.218160e-09	-1.798461e+01	-3.244919e+02
1.270000e-06	-3.264420e-06	-1.207154e-09	-1.769056e+01	-3.218700e+02
1.280000e-06	-3.209972e-06	-1.197777e-09	-1.739549e+01	-3.192152e+02
1.290000e-06	-3.155344e-06	-1.188231e-09	-1.709945e+01	-3.165271e+02
1.300000e-06	-3.100326e-06	-1.177078e-09	-1.680130e+01	-3.138050e+02
1.310000e-06	-3.045053e-06	-1.165230e-09	-1.650176e+01	-3.110486e+02
1.320000e-06	-2.989635e-06	-1.152598e-09	-1.620144e+01	-3.082575e+02
1.330000e-06	-2.934151e-06	-1.139707e-09	-1.590076e+01	-3.054314e+02
1.340000e-06	-2.878525e-06	-1.127641e-09	-1.559931e+01	-3.025703e+02
1.350000e-06	-2.822754e-06	-1.116546e-09	-1.529708e+01	-2.996740e+02
1.360000e-06	-2.766942e-06	-1.105744e-09	-1.499462e+01	-2.967424e+02
1.370000e-06	-2.711117e-06	-1.095338e-09	-1.469210e+01	-2.937757e+02
1.380000e-06	-2.655127e-06	-1.085963e-09	-1.438867e+01	-2.907739e+02
1.390000e-06	-2.598914e-06	-1.075713e-09	-1.408404e+01	-2.877373e+02
1.400000e-06	-2.542505e-06	-1.063260e-09	-1.377835e+01	-2.846658e+02
1.410000e-06	-2.485938e-06	-1.050499e-09	-1.347180e+01	-2.815598e+02
1.420000e-06	-2.429299e-06	-1.038256e-09	-1.316487e+01	-2.784193e+02
1.430000e-06	-2.372397e-06	-1.026198e-09	-1.285650e+01	-2.752444e+02
1.440000e-06	-2.315181e-06	-1.014895e-09	-1.254644e+01	-2.720351e+02
1.450000e-06	-2.257689e-06	-1.003940e-09	-1.223487e+01	-2.687913e+02
1.460000e-06	-2.199769e-06	-9.917493e-10	-1.192100e+01	-2.655127e+02
1.470000e-06	-2.141432e-06	-9.789775e-10	-1.160485e+01	-2.621991e+02
1.480000e-06	-2.082895e-06	-9.668903e-10	-1.128763e+01	-2.588497e+02
1.490000e-06	-2.024103e-06	-9.541130e-10	-1.096902e+01	-2.554638e+02
1.500000e-06	-1.965069e-06	-9.401770e-10	-1.064911e+01	-2.520403e+02
1.510000e-06	-1.905930e-06	-9.265501e-10	-1.032862e+01	-2.485780e+02
1.520000e-06	-1.846606e-06	-9.141015e-10	-1.000713e+01	-2.450753e+02
1.530000e-06	-1.787142e-06	-9.017622e-10	-9.684885e+00	-2.415303e+02
1.540000e-06	-1.727615e-06	-8.881714e-10	-9.362295e+00	-2.379410e+02
1.550000e-06	-1.667993e-06	-8.745273e-10	-9.039190e+00	-2.343050e+02
1.560000e-06	-1.608312e-06	-8.612508e-10	-8.715768e+00	-2.306194e+02
1.570000e-06	-1.548589e-06	-8.481922e-10	-8.392119e+00	-2.268813e+02
1.580000e-06	-1.488857e-06	-8.353661e-10	-8.068421e+00	-2.230875e+02
1.590000e-06	-1.429083e-06	-8.216794e-10	-7.744490e+00	-2.192343e+02
1.600000e-06	-1.369252e-06	-8.068571e-10	-7.420257e+00	-2.153181e+02
1.610000e-06	-1.309377e-06	-7.917109e-10	-7.095779e+00	-2.113350e+02
1.620000e-06	-1.249404e-06	-7.769920e-10	-6.770774e+00	-2.072807e+02
1.630000e-06	-1.189360e-06	-7.621251e-10	-6.445381e+00	-2.031510e+02
1.640000e-06	-1.129206e-06	-7.463180e-10	-6.119398e+00	-1.989417e+02
1.650000e-06	-1.068982e-06	-7.300932e-10	-5.793031e+00	-1.946483e+02
1.660000e-06	-1.008725e-06	-7.137002e-10	-5.466484e+00	-1.902667e+02
1.670000e-06	-9.484469e-07	-6.973351e-10	-5.139826e+00	-1.857925e+02
1.680000e-06	-8.880722e-07	-6.812138e-10	-4.812644e+00	-1.812217e+02
1.690000e-06	-8.276364e-07	-6.649954e-10	-4.485130e+00	-1.765503e+02
1.700000e-06	-7.672342e-07	-6.484413e-10	-4.157798e+00	-1.717749e+02
1.710000e-06	-7.067189e-07	-6.312214e-10	-3.829853e+00	-1.668920e+02
1.720000e-06	-6.461648e-07	-6.139299e-10	-3.501698e+00	-1.618988e+02
1.730000e-06	-5.855958e-07	-5.960939e-10	-3.173463e+00	-1.567928e+02
1.740000e-06	-5.249470e-07	-5.759477e-10	-2.844794e+00	-1.515720e+02
1.750000e-06	-4.642850e-07	-5.550285e-10	-2.516055e+00	-1.462349e+02
1.760000e-06	-4.035586e-07	-5.348939e-10	-2.186966e+00	-1.407808e+02
1.770000e-06	-3.428300e-07	-5.135238e-10	-1.857865e+00	-1.352093e+02
1.780000e-06	-2.821341e-07	-4.910404e-10	-1.528942e+00	-1.295209e+02
1.790000e-06	-2.213632e-07	-4.696995e-10	-1.199612e+00	-1.237167e+02
1.800000e-06	-1.605228e-07	-4.492548e-10	-8.699057e-01	-1.177986e+02
1.810000e-06	-9.969318e-08	-4.267838e-10	-5.402576e-01	-1.117689e+02
1.820000e-06	-3.887151e-08	-4.021641e-10	-2.106526e-01	-1.056310e+02
1.830000e-06	2.195612e-08	-3.777202e-10	1.189847e-01	-9.938868e+01
1.840000e-06	8.274306e-08	-3.533883e-10	4.484014e-01	-9.304664e+01
1.850000e-06	1.435584e-07	-3.289281e-10	7.779720e-01	-8.661012e+01
1.860000e-06	2.043276e-07	-3.044803e-10	1.107293e+00	-8.008501e+01
1.870000e-06	2.649851e-07	-2.787448e-10	1.436008e+00	-7.347780e+01
1.880000e-06	3.256948e-07	-2.510691e-10	1.765006e+00	-6.679552e+01
1.890000e-06	3.864743e-07	-2.243582e-10	2.094383e+00	-6.004568e+01
1.900000e-06	4.473045e-07	-1.993610e-10	2.424034e+00	-5.323621e+01
1.910000e-06	5.080961e-07	-1.736394e-10	2.753476e+00	-4.637544e+01
1.920000e-06	5.687334e-07	-1.466981e-10	3.082082e+00	-3.947193e+01
1.930000e-06	6.293353e-07	-1.187558e-10	3.410496e+00	-3.253452e+01
1.940000e-06	6.898839e-07	-8.988264e-11	3.738621e+00	-2.557215e+01
1.950000e-06	7.502913e-07	-6.038980e-11	4.065981e+00	-1.859384e+01
1.960000e-06	8.105729e-07	-3.195814e-11	4.392659e+00	-1.160859e+01
1.970000e-06	8.708430e-07	-5.123245e-12	4.719275e+00	-4.625328e+00
1.980000e-06	9.311314e-07	2.247010e-11	5.045990e+00	2.347209e+00
1.990000e-06	9.913682e-07	5.138242e-11	5.372425e+00	9.300506e+00
2.000000e-06	1.051534e-06	7.980224e-11	5.698478e+00	1.622636e+01
2.010000e-06	1.111687e-06	1.073363e-10	6.024456e+00	2.311693e+01
2.020000e-06	1.171815e-06	1.344171e-10	6.350304e+00	2.996482e+01
2.030000e-06	1.231821e-06	1.604101e-10	6.675486e+00	3.676310e+01
2.040000e-06	1.291719e-06	1.857988e-10	7.000089e+00	4.350538e+01
2.050000e-06	1.351544e-06	2.105417e-10	7.324292e+00	5.018583e+01
2.060000e-06	1.411360e-06	2.343842e-10	7.648444e+00	5.679922e+01
2.070000e-06	1.471159e-06	2.589186e-10	7.972511e+00	6.334092e+01
2.080000e-06	1.530916e-06	2.841608e-10	8.296345e+00	6.980696e+01
2.090000e-06	1.590594e-06	3.095757e-10	8.619754e+00	7.619399e+01
2.100000e-06	1.650109e-06	3.339629e-10	8.942276e+00	8.249932e+01
2.110000e-06	1.709571e-06	3.560084e-10	9.264511e+00	8.872085e+01
2.120000e-06	1.769025e-06	3.776794e-10	9.586704e+00	9.485713e+01
2.130000e-06	1.828381e-06	4.004019e-10	9.908369e+00	1.009073e+02
2.140000e-06	1.887591e-06	4.232929e-10	1.022924e+01	1.068709e+02
2.150000e-06	1.946795e-06	4.460717e-10	1.055008e+01	1.127483e+02
2.160000e-06	2.005962e-06	4.676044e-10	1.087072e+01	1.185401e+02
2.170000e-06	2.064633e-06	4.873234e-10	1.118866e+01	1.242474e+02
2.180000e-06	2.122910e-06	5.085736e-10	1.150448e+01	1.298717e+02
2.190000e-06	2.181093e-06	5.322281e-10	1.181979e+01	1.354147e+02
2.200000e-06	2.239034e-06	5.542752e-10	1.213378e+01	1.408786e+02
2.210000e-06	2.296604e-06	5.736371e-10	1.244576e+01	1.462657e+02
2.220000e-06	2.353946e-06	5.928186e-10	1.275651e+01	1.515784e+02
2.230000e-06	2.411056e-06	6.123158e-10	1.306600e+01	1.568193e+02
2.240000e-06	2.467746e-06	6.316405e-10	1.337322e+01	1.619910e+02
2.250000e-06	2.524159e-06	6.500910e-10	1.367893e+01	1.670963e+02
2.260000e-06	2.580413e-06	6.664726e-10	1.398378e+01	1.721376e+02
2.270000e-06	2.636476e-06	6.827586e-10	1.428760e+01	1.771176e+02
2.280000e-06	2.692418e-06	7.009843e-10	1.459076e+01	1.820386e+02
2.290000e-06	2.748336e-06	7.202640e-10	1.489379e+01	1.869029e+02
2.300000e-06	2.804154e-06	7.384150e-10	1.519628e+01	1.917125e+02
2.310000e-06	2.859811e-06	7.546438e-10	1.549789e+01	1.964693e+02
2.320000e-06	2.915334e-06	7.706489e-10	1.579879e+01	2.011749e+02
2.330000e-06	2.970709e-06	7.875868e-10	1.609887e+01	2.058308e+02
2.340000e-06	3.025884e-06	8.050160e-10	1.639788e+01	2.104379e+02
2.350000e-06	3.080746e-06	8.218594e-10	1.669519e+01	2.149973e+02
2.360000e-06	3.135374e-06	8.378347e-10	1.699123e+01	2.195096e+02
2.370000e-06	3.189792e-06	8.538092e-10	1.728613e+01	2.239750e+02
2.380000e-06	3.243909e-06	8.707055e-10	1.757940e+01	2.283938e+02
2.390000e-06	3.297742e-06	8.877329e-10	1.787113e+01	2.327660e+02
2.400000e-06	3.351443e-06	9.031971e-10	1.816215e+01	2.370912e+02
2.410000e-06	3.405035e-06	9.181782e-10	1.845257e+01	2.413689e+02
2.420000e-06	3.458342e-06	9.339033e-10	1.874146e+01	2.455987e+02
2.430000e-06	3.511367e-06	9.502248e-10	1.902881e+01	2.497797e+02
2.440000e-06	3.564135e-06	9.667113e-10	1.931477e+01	2.539111e+02
2.450000e-06	3.616606e-06	9.819207e-10	1.959912e+01	2.579919e+02
2.460000e-06	3.668875e-06	9.956658e-10	1.988238e+01	2.620213e+02
2.470000e-06	3.720902e-06	1.009787e-09	2.016432e+01	2.659982e+02
2.480000e-06	3.772616e-06	1.025377e-09	2.044457e+01	2.699215e+02
2.490000e-06	3.824046e-06	1.041249e-09	2.072328e+01	2.737905e+02
2.500000e-06	3.875093e-06	1.055724e-09	2.099992e+01	2.776040e+02
2.510000e-06	3.925685e-06	1.069094e-09	2.127408e+01	2.813614e+02
2.520000e-06	3.975833e-06	1.082441e-09	2.154585e+01	2.850617e+02
2.530000e-06	4.025616e-06	1.095761e-09	2.181563e+01	2.887045e+02
2.540000e-06	4.074971e-06	1.108899e-09	2.208309e+01	2.922890e+02
2.550000e-06	4.123814e-06	1.121983e-09	2.234779e+01	2.958150e+02
2.560000e-06	4.172280e-06	1.135686e-09	2.261043e+01	2.992821e+02
2.570000e-06	4.220436e-06	1.149484e-09	2.287140e+01	3.026903e+02
2.580000e-06	4.268334e-06	1.162148e-09	2.313097e+01	3.060395e+02
2.590000e-06	4.316127e-06	1.174282e-09	2.338997e+01	3.093299e+02
2.600000e-06	4.363773e-06	1.186186e-09	2.364817e+01	3.125618e+02
2.610000e-06	4.411104e-06	1.197863e-09	2.390467e+01	3.157356e+02
2.620000e-06	4.458027e-06	1.209925e-09	2.415895e+01	3.188519e+02
2.630000e-06	4.504583e-06	1.222283e-09	2.441125e+01	3.219113e+02
2.640000e-06	4.550763e-06	1.234280e-09	2.466151e+01	3.249148e+02
2.650000e-06	4.596667e-06	1.245596e-09	2.491027e+01	3.278630e+02
2.660000e-06	4.642374e-06	1.256424e-09	2.515797e+01	3.307571e+02
2.670000e-06	4.687659e-06	1.266632e-09	2.540337e+01	3.335980e+02
2.680000e-06	4.732509e-06	1.276521e-09	2.564643e+01	3.363869e+02
2.690000e-06	4.777128e-06	1.286737e-09	2.588823e+01	3.391249e+02
2.700000e-06	4.821511e-06	1.296775e-09	2.612875e+01	3.418131e+02
2.710000e-06	4.865541e-06	1.306611e-09	2.636735e+01	3.444529e+02
2.720000e-06	4.909382e-06	1.317023e-09	2.660494e+01	3.470453e+02
2.730000e-06	4.953126e-06	1.327133e-09	2.684200e+01	3.495916e+02
2.740000e-06	4.996606e-06	1.336473e-09	2.707762e+01	3.520930e+02
2.750000e-06	5.039791e-06	1.345636e-09	2.731165e+01	3.545507e+02
2.760000e-06	5.082453e-06	1.355032e-09	2.754285e+01	3.569658e+02
2.770000e-06	5.124375e-06	1.364296e-09	2.777003e+01	3.593395e+02
2.780000e-06	5.165716e-06	1.372748e-09	2.799406e+01	3.616727e+02
2.790000e-06	5.206539e-06	1.380726e-09	2.821529e+01	3.639666e+02
2.800000e-06	5.246787e-06	1.388510e-09	2.843340e+01	3.662222e+02
2.810000e-06	5.286666e-06	1.396433e-09	2.864952e+01	3.684403e+02
2.820000e-06	5.326338e-06	1.404621e-09	2.886451e+01	3.706219e+02
2.830000e-06	5.365697e-06	1.412177e-09	2.907780e+01	3.727679e+02
2.840000e-06	5.404720e-06	1.419329e-09	2.928927e+01	3.748790e+02
2.850000e-06	5.443434e-06	1.427321e-09	2.949907e+01	3.769560e+02
2.860000e-06	5.481767e-06	1.435792e-09	2.970681e+01	3.789997e+02
2.870000e-06	5.519711e-06	1.443458e-09	2.991243e+01	3.810107e+02
2.880000e-06	5.557477e-06	1.450599e-09	3.011710e+01	3.829898e+02
2.890000e-06	5.594911e-06	1.458085e-09	3.031996e+01	3.849375e+02
2.900000e-06	5.631771e-06	1.466608e-09	3.051971e+01	3.868546e+02
2.910000e-06	5.668139e-06	1.476165e-09	3.071679e+01	3.887415e+02
2.920000e-06	5.704110e-06	1.484959e-09	3.091173e+01	3.905989e+02
2.930000e-06	5.739903e-06	1.491272e-09	3.110570e+01	3.924273e+02
2.940000e-06	5.775598e-06	1.496032e-09	3.129914e+01	3.942273e+02
2.950000e-06	5.810976e-06	1.502466e-09	3.149086e+01	3.959994e+02
2.960000e-06	5.845739e-06	1.510371e-09	3.167925e+01	3.977441e+02
2.970000e-06	5.879717e-06	1.517368e-09	3.186338e+01	3.994621e+02
2.980000e-06	5.912904e-06	1.523945e-09	3.204323e+01	4.011538e+02
2.990000e-06	5.945463e-06	1.530715e-09	3.221967e+01	4.028196e+02
3.000000e-06	5.977628e-06	1.537735e-09	3.239398e+01	4.044602e+02
3.010000e-06	6.009559e-06	1.544863e-09	3.256702e+01	4.060760e+02
3.020000e-06	6.041274e-06	1.550714e-09	3.273889e+01	4.076675e+02
3.030000e-06	6.072698e-06	1.554867e-09	3.290918e+01	4.092352e+02
3.040000e-06	6.103674e-06	1.559185e-09	3.307705e+01	4.107794e+02
3.050000e-06	6.134083e-06	1.564632e-09	3.324184e+01	4.123008e+02
3.060000e-06	6.163968e-06	1.570927e-09	3.340380e+01	4.137996e+02
3.070000e-06	6.193567e-06	1.577601e-09	3.356420e+01	4.152763e+02
3.080000e-06	6.222908e-06	1.584355e-09	3.372320e+01	4.167312e+02
3.090000e-06	6.251676e-06	1.590912e-09	3.387910e+01	4.181648e+02
3.100000e-06	6.279902e-06	1.596535e-09	3.403207e+01	4.195772e+02
3.110000e-06	6.307809e-06	1.601930e-09	3.418330e+01	4.209688e+02
3.120000e-06	6.335566e-06	1.607303e-09	3.433372e+01	4.223399e+02
3.130000e-06	6.363276e-06	1.611738e-09	3.448389e+01	4.236906e+02
3.140000e-06	6.390655e-06	1.616014e-09	3.463226e+01	4.250212e+02
3.150000e-06	6.417237e-06	1.620900e-09	3.477631e+01	4.263317e+02
3.160000e-06	6.442736e-06	1.626230e-09	3.491449e+01	4.276224e+02
3.170000e-06	6.467439e-06	1.632479e-09	3.504836e+01	4.288932e+02
3.180000e-06	6.491725e-06	1.639157e-09	3.517998e+01	4.301441e+02
3.190000e-06	6.515643e-06	1.644915e-09	3.530959e+01	4.313753e+02
3.200000e-06	6.539214e-06	1.649013e-09	3.543733e+01	4.325866e+02
3.210000e-06	6.562376e-06	1.651226e-09	3.556285e+01	4.337779e+02
3.220000e-06	6.584995e-06	1.653169e-09	3.568542e+01	4.349492e+02
3.230000e-06	6.607033e-06	1.656652e-09	3.580485e+01	4.361004e+02
3.240000e-06	6.628738e-06	1.661584e-09	3.592248e+01	4.372312e+02
3.250000e-06	6.650023e-06	1.667624e-09	3.603783e+01	4.383415e+02
3.260000e-06	6.670796e-06	1.674567e-09	3.615040e+01	4.394310e+02
3.270000e-06	6.691176e-06	1.681109e-09	3.626084e+01	4.404996e+02
3.280000e-06	6.711178e-06	1.686536e-09	3.636924e+01	4.415470e+02
3.290000e-06	6.730908e-06	1.690284e-09	3.647616e+01	4.425729e+02
3.300000e-06	6.750290e-06	1.691866e-09	3.658119e+01	4.435770e+02
3.310000e-06	6.769164e-06	1.694109e-09	3.668347e+01	4.445591e+02
3.320000e-06	6.787388e-06	1.698714e-09	3.678224e+01	4.455189e+02
3.330000e-06	6.805021e-06	1.705793e-09	3.687779e+01	4.464560e+02
3.340000e-06	6.822270e-06	1.712846e-09	3.697127e+01	4.473702e+02
3.350000e-06	6.839106e-06	1.716008e-09	3.706251e+01	4.482612e+02
3.360000e-06	6.855407e-06	1.716825e-09	3.715084e+01	4.491287e+02
3.370000e-06	6.871288e-06	1.719004e-09	3.723690e+01	4.499724e+02
3.380000e-06	6.886655e-06	1.722523e-09	3.732018e+01	4.507919e+02
3.390000e-06	6.901317e-06	1.726390e-09	3.739964e+01	4.515871e+02
3.400000e-06	6.915406e-06	1.731769e-09	3.747599e+01	4.523577e+02
3.410000e-06	6.929051e-06	1.737346e-09	3.754994e+01	4.531033e+02
3.420000e-06	6.942179e-06	1.740907e-09	3.762108e+01	4.538238e+02
3.430000e-06	6.954723e-06	1.743023e-09	3.768905e+01	4.545190e+02
3.440000e-06	6.966859e-06	1.744613e-09	3.775482e+01	4.551886e+02
3.450000e-06	6.978614e-06	1.746182e-09	3.781852e+01	4.558324e+02
3.460000e-06	6.989796e-06	1.748678e-09	3.787912e+01	4.564503e+02
3.470000e-06	7.000316e-06	1.752609e-09	3.793613e+01	4.570421e+02
3.480000e-06	7.009960e-06	1.757407e-09	3.798839e+01	4.576077e+02
3.490000e-06	7.018814e-06	1.761056e-09	3.803638e+01	4.581471e+02
3.500000e-06	7.027120e-06	1.762523e-09	3.808139e+01	4.586600e+02
3.510000e-06	7.035048e-06	1.763601e-09	3.812435e+01	4.591465e+02
3.520000e-06	7.042685e-06	1.766084e-09	3.816574e+01	4.596066e+02
3.530000e-06	7.049760e-06	1.768812e-09	3.820408e+01	4.600402e+02
3.540000e-06	7.056194e-06	1.770406e-09	3.823895e+01	4.604474e+02
3.550000e-06	7.062114e-06	1.772248e-09	3.827103e+01	4.608283e+02
3.560000e-06	7.067593e-06	1.776222e-09	3.830072e+01	4.611831e+02
3.570000e-06	7.072620e-06	1.781402e-09	3.832796e+01	4.615117e+02
3.580000e-06	7.077197e-06	1.784449e-09	3.835277e+01	4.618145e+02
3.590000e-06	7.081404e-06	1.785258e-09	3.837556e+01	4.620916e+02
3.600000e-06	7.085306e-06	1.785612e-09	3.839671e+01	4.623434e+02
3.610000e-06	7.088837e-06	1.786964e-09	3.841584e+01	4.625700e+02
3.620000e-06	7.091950e-06	1.789881e-09	3.843272e+01	4.627718e+02
3.630000e-06	7.094395e-06	1.792129e-09	3.844597e+01	4.629491e+02
3.640000e-06	7.096032e-06	1.792662e-09	3.845484e+01	4.631024e+02
3.650000e-06	7.096848e-06	1.793493e-09	3.845926e+01	4.632321e+02
3.660000e-06	7.096985e-06	1.795863e-09	3.846000e+01	4.633386e+02
3.670000e-06	7.096872e-06	1.797724e-09	3.845939e+01	4.634225e+02
3.680000e-06	7.096354e-06	1.798506e-09	3.845658e+01	4.634841e+02
3.690000e-06	7.095283e-06	1.798760e-09	3.845078e+01	4.635242e+02
3.700000e-06	7.093767e-06	1.799521e-09	3.844257e+01	4.635431e+02
3.710000e-06	7.091808e-06	1.802103e-09	3.843195e+01	4.635414e+02
3.720000e-06	7.089437e-06	1.802955e-09	3.841910e+01	4.635199e+02
3.730000e-06	7.086661e-06	1.795220e-09	3.840406e+01	4.634789e+02
3.740000e-06	7.083380e-06	1.779349e-09	3.838628e+01	4.634192e+02
3.750000e-06	7.079619e-06	1.799769e-09	3.836589e+01	4.633412e+02
3.760000e-06	7.075369e-06	1.881961e-09	3.834286e+01	4.632457e+02
3.770000e-06	7.070111e-06	1.881571e-09	3.831437e+01	4.631331e+02
3.780000e-06	7.063968e-06	1.726669e-09	3.828108e+01	4.630040e+02
3.790000e-06	7.057733e-06	1.691694e-09	3.824729e+01	4.628589e+02
3.800000e-06	7.051437e-06	1.871253e-09	3.821317e+01	4.626983e+02
3.810000e-06	7.044475e-06	1.920693e-09	3.817544e+01	4.625228e+02
3.820000e-06	7.036709e-06	1.722285e-09	3.813335e+01	4.623327e+02
3.830000e-06	7.028592e-06	1.678407e-09	3.808937e+01	4.621285e+02
3.840000e-06	7.020299e-06	1.932869e-09	3.804443e+01	4.619106e+02
3.850000e-06	7.011473e-06	1.982193e-09	3.799660e+01	4.616791e+02
3.860000e-06	7.001829e-06	1.671240e-09	3.794434e+01	4.614346e+02
3.870000e-06	6.991712e-06	1.606474e-09	3.788951e+01	4.611770e+02
3.880000e-06	6.981484e-06	1.935024e-09	3.783408e+01	4.609067e+02
3.890000e-06	6.970799e-06	1.983629e-09	3.777617e+01	4.606238e+02
3.900000e-06	6.959351e-06	1.668575e-09	3.771414e+01	4.603283e+02
3.910000e-06	6.947437e-06	1.681127e-09	3.764957e+01	4.600203e+02
3.920000e-06	6.934961e-06	1.978304e-09	3.758196e+01	4.596997e+02
3.930000e-06	6.921392e-06	1.881151e-09	3.750843e+01	4.593665e+02
3.940000e-06	6.906792e-06	1.606728e-09	3.742931e+01	4.590206e+02
3.950000e-06	6.891799e-06	1.772349e-09	3.734806e+01	4.586617e+02
3.960000e-06	6.876429e-06	1.989720e-09	3.726476e+01	4.582898e+02
3.970000e-06	6.860478e-06	1.779914e-09	3.717832e+01	4.579045e+02
3.980000e-06	6.844248e-06	1.671349e-09	3.709037e+01	4.575056e+02
3.990000e-06	6.827730e-06	1.911661e-09	3.700086e+01	4.570928e+02
4.000000e-06	6.810529e-06	1.883612e-09	3.690764e+01	4.566657e+02
4.010000e-06	6.792691e-06	1.632233e-09	3.681097e+01	4.562242e+02
4.020000e-06	6.774555e-06	1.769286e-09	3.671269e+01	4.557677e+02
4.030000e-06	6.756119e-06	1.975028e-09	3.661278e+01	4.552959e+02
4.040000e-06	6.737151e-06	1.770481e-09	3.650999e+01	4.548085e+02
4.050000e-06	6.717668e-06	1.667309e-09	3.640441e+01	4.543052e+02
4.060000e-06	6.697800e-06	1.895352e-09	3.629674e+01	4.537855e+02
4.070000e-06	6.677680e-06	1.872446e-09	3.618770e+01	4.532493e+02
4.080000e-06	6.657243e-06	1.667402e-09	3.607695e+01	4.526960e+02
4.090000e-06	6.636333e-06	1.782617e-09	3.596363e+01	4.521255e+02
4.100000e-06	6.614658e-06	1.904126e-09	3.584618e+01	4.515375e+02
4.110000e-06	6.592046e-06	1.748054e-09	3.572364e+01	4.509318e+02
4.120000e-06	6.568730e-06	1.736659e-09	3.559728e+01	4.503081e+02
4.130000e-06	6.544880e-06	1.871796e-09	3.546804e+01	4.496663e+02
4.140000e-06	6.520787e-06	1.783660e-09	3.533747e+01	4.490062e+02
4.150000e-06	6.496530e-06	1.700080e-09	3.520601e+01	4.483277e+02
4.160000e-06	6.471844e-06	1.819768e-09	3.507224e+01	4.476308e+02
4.170000e-06	6.446508e-06	1.830072e-09	3.493494e+01	4.469153e+02
4.180000e-06	6.420666e-06	1.737663e-09	3.479489e+01	4.461813e+02
4.190000e-06	6.394475e-06	1.782211e-09	3.465296e+01	4.454288e+02
4.200000e-06	6.367805e-06	1.811544e-09	3.450843e+01	4.446577e+02
4.210000e-06	6.340574e-06	1.743454e-09	3.436086e+01	4.438682e+02
4.220000e-06	6.312922e-06	1.755469e-09	3.421101e+01	4.430602e+02
4.230000e-06	6.284990e-06	1.793513e-09	3.405964e+01	4.422338e+02
4.240000e-06	6.256874e-06	1.758665e-09	3.390727e+01	4.413891e+02
4.250000e-06	6.228527e-06	1.754096e-09	3.375365e+01	4.405262e+02
4.260000e-06	6.199630e-06	1.778845e-09	3.359705e+01	4.396450e+02
4.270000e-06	6.169936e-06	1.761042e-09	3.343614e+01	4.387457e+02
4.280000e-06	6.139448e-06	1.747593e-09	3.327092e+01	4.378281e+02
4.290000e-06	6.108243e-06	1.750668e-09	3.310181e+01	4.368923e+02
4.300000e-06	6.076504e-06	1.745516e-09	3.292981e+01	4.359382e+02
4.310000e-06	6.044484e-06	1.755481e-09	3.275629e+01	4.349658e+02
4.320000e-06	6.012291e-06	1.757680e-09	3.258182e+01	4.339748e+02
4.330000e-06	5.979729e-06	1.739580e-09	3.240537e+01	4.329650e+02
4.340000e-06	5.946544e-06	1.741940e-09	3.222553e+01	4.319364e+02
4.350000e-06	5.912849e-06	1.741063e-09	3.204293e+01	4.308884e+02
4.360000e-06	5.878830e-06	1.723681e-09	3.185858e+01	4.298209e+02
4.370000e-06	5.844409e-06	1.732832e-09	3.167204e+01	4.287334e+02
4.380000e-06	5.809589e-06	1.737751e-09	3.148334e+01	4.276255e+02
4.390000e-06	5.774444e-06	1.714027e-09	3.129289e+01	4.264966e+02
4.400000e-06	5.738904e-06	1.714716e-09	3.110029e+01	4.253463e+02
4.410000e-06	5.703025e-06	1.726866e-09	3.090585e+01	4.241740e+02
4.420000e-06	5.666985e-06	1.708969e-09	3.071054e+01	4.229790e+02
4.430000e-06	5.630756e-06	1.697606e-09	3.051421e+01	4.217608e+02
4.440000e-06	5.594134e-06	1.706277e-09	3.031575e+01	4.205186e+02
4.450000e-06	5.556973e-06	1.703174e-09	3.011437e+01	4.192519e+02
4.460000e-06	5.519007e-06	1.695227e-09	2.990862e+01	4.179598e+02
4.470000e-06	5.480274e-06	1.693341e-09	2.969872e+01	4.166418e+02
4.480000e-06	5.441026e-06	1.685296e-09	2.948602e+01	4.152972e+02
4.490000e-06	5.401342e-06	1.675998e-09	2.927097e+01	4.139254e+02
4.500000e-06	5.361406e-06	1.675031e-09	2.905455e+01	4.125257e+02
4.510000e-06	5.321299e-06	1.675261e-09	2.883720e+01	4.110976e+02
4.520000e-06	5.280958e-06	1.669407e-09	2.861858e+01	4.096406e+02
4.530000e-06	5.240284e-06	1.659709e-09	2.839816e+01	4.081543e+02
4.540000e-06	5.199158e-06	1.653754e-09	2.817529e+01	4.066381e+02
4.550000e-06	5.157703e-06	1.652253e-09	2.795064e+01	4.050919e+02
4.560000e-06	5.115952e-06	1.646819e-09	2.772438e+01	4.035154e+02
4.570000e-06	5.073814e-06	1.637629e-09	2.749603e+01	4.019084e+02
4.580000e-06	5.031336e-06	1.632915e-09	2.726583e+01	4.002708e+02
4.590000e-06	4.988452e-06	1.632126e-09	2.703344e+01	3.986027e+02
4.600000e-06	4.945062e-06	1.627495e-09	2.679829e+01	3.969041e+02
4.610000e-06	4.901257e-06	1.617765e-09	2.656091e+01	3.951751e+02
4.620000e-06	4.857240e-06	1.608103e-09	2.632237e+01	3.934161e+02
4.630000e-06	4.813074e-06	1.600931e-09	2.608303e+01	3.916272e+02
4.640000e-06	4.768746e-06	1.594879e-09	2.584280e+01	3.898090e+02
4.650000e-06	4.724173e-06	1.588889e-09	2.560125e+01	3.879617e+02
4.660000e-06	4.679228e-06	1.582572e-09	2.535769e+01	3.860859e+02
4.670000e-06	4.633884e-06	1.573739e-09	2.511196e+01	3.841821e+02
4.680000e-06	4.588219e-06	1.564660e-09	2.486449e+01	3.822508e+02
4.690000e-06	4.542128e-06	1.558558e-09	2.461472e+01	3.802924e+02
4.700000e-06	4.495537e-06	1.552548e-09	2.436223e+01	3.783077e+02
4.710000e-06	4.448704e-06	1.543944e-09	2.410843e+01	3.762970e+02
4.720000e-06	4.401670e-06	1.534623e-09	2.385355e+01	3.742608e+02
4.730000e-06	4.354333e-06	1.527200e-09	2.359702e+01	3.721997e+02
4.740000e-06	4.306722e-06	1.520165e-09	2.333900e+01	3.701140e+02
4.750000e-06	4.258803e-06	1.510586e-09	2.307932e+01	3.680040e+02
4.760000e-06	4.210517e-06	1.499639e-09	2.281765e+01	3.658700e+02
4.770000e-06	4.161854e-06	1.490566e-09	2.255393e+01	3.637123e+02
4.780000e-06	4.112788e-06	1.483471e-09	2.228803e+01	3.615308e+02
4.790000e-06	4.063235e-06	1.476122e-09	2.201949e+01	3.593257e+02
4.800000e-06	4.013295e-06	1.467042e-09	2.174886e+01	3.570967e+02
4.810000e-06	3.963154e-06	1.455939e-09	2.147714e+01	3.548439e+02
4.820000e-06	3.912770e-06	1.444624e-09	2.120410e+01	3.525668e+02
4.830000e-06	3.862025e-06	1.435110e-09	2.092910e+01	3.502652e+02
4.840000e-06	3.810988e-06	1.427052e-09	2.065252e+01	3.479385e+02
4.850000e-06	3.759649e-06	1.418514e-09	2.037430e+01	3.455862e+02
4.860000e-06	3.708025e-06	1.408217e-09	2.009454e+01	3.432078e+02
4.870000e-06	3.656215e-06	1.397628e-09	1.981377e+01	3.408026e+02
4.880000e-06	3.604170e-06	1.388198e-09	1.953173e+01	3.383698e+02
4.890000e-06	3.551921e-06	1.378242e-09	1.924858e+01	3.359088e+02
4.900000e-06	3.499497e-06	1.366898e-09	1.896448e+01	3.334187e+02
4.910000e-06	3.446752e-06	1.355831e-09	1.867865e+01	3.308989e+02
4.920000e-06	3.393594e-06	1.346437e-09	1.839058e+01	3.283485e+02
4.930000e-06	3.339970e-06	1.337977e-09	1.809998e+01	3.257668e+02
4.940000e-06	3.285822e-06	1.327918e-09	1.780654e+01	3.231530e+02
4.950000e-06	3.231333e-06	1.315477e-09	1.751125e+01	3.205066e+02
4.960000e-06	3.176663e-06	1.302823e-09	1.721498e+01	3.178269e+02
4.970000e-06	3.121557e-06	1.291876e-09	1.691635e+01	3.151135e+02
4.980000e-06	3.066000e-06	1.281809e-09	1.661528e+01	3.123658e+02
4.990000e-06	3.010296e-06	1.271377e-09	1.631340e+01	3.095835e+02
5.000000e-06	2.954424e-06	1.260502e-09	1.601063e+01	3.067663e+02
5.010000e-06	2.898400e-06	1.248800e-09	1.570702e+01	3.039141e+02
5.020000e-06	2.842285e-06	1.236506e-09	1.540292e+01	3.010266e+02
5.030000e-06	2.786118e-06	1.224191e-09	1.509854e+01	2.981040e+02
5.040000e-06	2.729862e-06	1.211139e-09	1.479367e+01	2.951461e+02
5.050000e-06	2.673448e-06	1.197600e-09	1.448796e+01	2.921532e+02
5.060000e-06	2.616854e-06	1.184915e-09	1.418126e+01	2.891254e+02
5.070000e-06	2.559980e-06	1.173598e-09	1.387305e+01	2.860627e+02
5.080000e-06	2.502876e-06	1.162803e-09	1.356359e+01	2.829654e+02
5.090000e-06	2.445640e-06	1.150683e-09	1.325342e+01	2.798336e+02
5.100000e-06	2.388318e-06	1.137150e-09	1.294278e+01	2.766674e+02
5.110000e-06	2.331026e-06	1.124086e-09	1.263230e+01	2.734668e+02
5.120000e-06	2.273628e-06	1.111408e-09	1.232125e+01	2.702317e+02
5.130000e-06	2.215872e-06	1.097696e-09	1.200826e+01	2.669620e+02
5.140000e-06	2.157833e-06	1.083316e-09	1.169374e+01	2.636573e+02
5.150000e-06	2.099613e-06	1.068479e-09	1.137823e+01	2.603170e+02
5.160000e-06	2.041257e-06	1.053534e-09	1.106199e+01	2.569404e+02
5.170000e-06	1.982746e-06	1.039959e-09	1.074490e+01	2.535265e+02
5.180000e-06	1.923976e-06	1.026741e-09	1.042642e+01	2.500741e+02
5.190000e-06	1.865027e-06	1.012484e-09	1.010696e+01	2.465818e+02
5.200000e-06	1.806130e-06	9.982544e-10	9.787784e+00	2.430477e+02
5.210000e-06	1.747109e-06	9.836468e-10	9.467936e+00	2.394698e+02
5.220000e-06	1.687771e-06	9.667904e-10	9.146375e+00	2.358458e+02
5.230000e-06	1.628297e-06	9.474857e-10	8.824073e+00	2.321729e+02
5.240000e-06	1.568722e-06	9.289119e-10	8.501224e+00	2.284484e+02
5.250000e-06	1.509065e-06	9.150412e-10	8.177929e+00	2.246689e+02
5.260000e-06	1.449384e-06	9.044902e-10	7.854507e+00	2.208310e+02
5.270000e-06	1.389590e-06	8.921945e-10	7.530468e+00	2.169311e+02
5.280000e-06	1.329702e-06	8.754681e-10	7.205927e+00	2.129651e+02
5.290000e-06	1.269816e-06	8.554169e-10	6.881389e+00	2.089291e+02
5.300000e-06	1.209937e-06	8.344334e-10	6.556892e+00	2.048188e+02
5.310000e-06	1.150024e-06	8.141386e-10	6.232215e+00	2.006298e+02
5.320000e-06	1.089992e-06	7.946002e-10	5.906888e+00	1.963580e+02
5.330000e-06	1.029863e-06	7.757248e-10	5.581035e+00	1.919989e+02
5.340000e-06	9.697252e-07	7.586276e-10	5.255137e+00	1.875484e+02
5.350000e-06	9.096410e-07	7.421486e-10	4.929529e+00	1.830022e+02
5.360000e-06	8.495690e-07	7.243449e-10	4.603987e+00	1.783564e+02
5.370000e-06	7.894369e-07	7.043327e-10	4.278119e+00	1.736074e+02
5.380000e-06	7.292765e-07	6.822649e-10	3.952098e+00	1.687518e+02
5.390000e-06	6.691161e-07	6.601268e-10	3.626076e+00	1.637865e+02
5.400000e-06	6.089698e-07	6.389380e-10	3.300131e+00	1.587090e+02
5.410000e-06	5.488018e-07	6.182390e-10	2.974068e+00	1.535171e+02
5.420000e-06	4.885225e-07	5.968428e-10	2.647403e+00	1.482094e+02
5.430000e-06	4.282058e-07	5.744575e-10	2.320534e+00	1.427846e+02
5.440000e-06	3.678697e-07	5.526445e-10	1.993561e+00	1.372426e+02
5.450000e-06	3.074542e-07	5.316841e-10	1.666157e+00	1.315834e+02
5.460000e-06	2.470430e-07	5.093305e-10	1.338776e+00	1.258082e+02
5.470000e-06	1.866598e-07	4.846834e-10	1.011547e+00	1.199184e+02
5.480000e-06	1.263041e-07	4.594353e-10	6.844675e-01	1.139164e+02
5.490000e-06	6.599812e-08	4.341390e-10	3.576572e-01	1.078053e+02
5.500000e-06	5.620877e-09	4.089060e-10	3.046067e-02	1.015888e+02
5.510000e-06	-5.481934e-08	3.844370e-10	-2.970771e-01	9.527134e+01
5.520000e-06	-1.152512e-07	3.595064e-10	-6.245695e-01	8.885801e+01
5.530000e-06	-1.757362e-07	3.340596e-10	-9.523499e-01	8.235456e+01
5.540000e-06	-2.362065e-07	3.095795e-10	-1.280051e+00	7.576734e+01
5.550000e-06	-2.966092e-07	2.835904e-10	-1.607385e+00	6.910324e+01
5.560000e-06	-3.570862e-07	2.550498e-10	-1.935123e+00	6.236965e+01
5.570000e-06	-4.175684e-07	2.268915e-10	-2.262888e+00	5.557443e+01
5.580000e-06	-4.780358e-07	1.997095e-10	-2.590573e+00	4.872578e+01
5.590000e-06	-5.385241e-07	1.724630e-10	-2.918372e+00	4.183224e+01
5.600000e-06	-5.988859e-07	1.448883e-10	-3.245484e+00	3.490257e+01
5.610000e-06	-6.591665e-07	1.174435e-10	-3.572157e+00	2.794569e+01
5.620000e-06	-7.193416e-07	8.946191e-11	-3.898258e+00	2.097062e+01
5.630000e-06	-7.794213e-07	6.178541e-11	-4.223842e+00	1.398637e+01
5.640000e-06	-8.395121e-07	3.581635e-11	-4.549486e+00	7.001876e+00
5.650000e-06	-8.995690e-07	1.000899e-11	-4.874947e+00	2.594701e-02
5.660000e-06	-9.596037e-07	-1.646588e-11	-5.200287e+00	-6.932844e+00
5.670000e-06	-1.019651e-06	-4.319394e-11	-5.525693e+00	-1.386621e+01
5.680000e-06	-1.079682e-06	-7.019374e-11	-5.851015e+00	-2.076621e+01
5.690000e-06	-1.139698e-06	-9.787319e-11	-6.176256e+00	-2.762534e+01
5.700000e-06	-1.199681e-06	-1.255443e-10	-6.501313e+00	-3.443655e+01
5.710000e-06	-1.259601e-06	-1.521174e-10	-6.826035e+00	-4.119330e+01
5.720000e-06	-1.319377e-06	-1.774763e-10	-7.149973e+00	-4.788963e+01
5.730000e-06	-1.379110e-06	-2.024349e-10	-7.473679e+00	-5.452013e+01
5.740000e-06	-1.438923e-06	-2.281324e-10	-7.797815e+00	-6.108006e+01
5.750000e-06	-1.498663e-06	-2.544213e-10	-8.121558e+00	-6.756525e+01
5.760000e-06	-1.558208e-06	-2.809333e-10	-8.444243e+00	-7.397222e+01
5.770000e-06	-1.617536e-06	-3.071778e-10	-8.765756e+00	-8.029809e+01
5.780000e-06	-1.676769e-06	-3.325323e-10	-9.086750e+00	-8.654063e+01
5.790000e-06	-1.736000e-06	-3.571665e-10	-9.407739e+00	-9.269823e+01
5.800000e-06	-1.795042e-06	-3.819493e-10	-9.727700e+00	-9.876986e+01
5.810000e-06	-1.853758e-06	-4.067127e-10	-1.004589e+01	-1.047551e+02
5.820000e-06	-1.912314e-06	-4.305931e-10	-1.036322e+01	-1.106539e+02
5.830000e-06	-1.970770e-06	-4.546486e-10	-1.068000e+01	-1.164669e+02
5.840000e-06	-2.029080e-06	-4.790381e-10	-1.099599e+01	-1.221951e+02
5.850000e-06	-2.087273e-06	-5.018389e-10	-1.131135e+01	-1.278398e+02
5.860000e-06	-2.145373e-06	-5.232727e-10	-1.162621e+01	-1.334029e+02
5.870000e-06	-2.203327e-06	-5.450174e-10	-1.194028e+01	-1.388863e+02
5.880000e-06	-2.261109e-06	-5.677198e-10	-1.225341e+01	-1.442922e+02
5.890000e-06	-2.318648e-06	-5.911119e-10	-1.256522e+01	-1.496232e+02
5.900000e-06	-2.375859e-06	-6.144305e-10	-1.287526e+01	-1.548817e+02
5.910000e-06	-2.432880e-06	-6.371166e-10	-1.318427e+01	-1.600704e+02
5.920000e-06	-2.489783e-06	-6.590008e-10	-1.349264e+01	-1.651919e+02
5.930000e-06	-2.546517e-06	-6.808655e-10	-1.380009e+01	-1.702489e+02
5.940000e-06	-2.603042e-06	-7.028465e-10	-1.410642e+01	-1.752439e+02
5.950000e-06	-2.659425e-06	-7.237838e-10	-1.441196e+01	-1.801793e+02
5.960000e-06	-2.715719e-06	-7.439821e-10	-1.471704e+01	-1.850575e+02
5.970000e-06	-2.771934e-06	-7.647101e-10	-1.502168e+01	-1.898805e+02
5.980000e-06	-2.828015e-06	-7.857647e-10	-1.532559e+01	-1.946502e+02
5.990000e-06	-2.883958e-06	-8.058823e-10	-1.562876e+01	-1.993684e+02
6.000000e-06	-2.939798e-06	-8.249820e-10	-1.593136e+01	-2.040365e+02
6.010000e-06	-2.995383e-06	-8.437842e-10	-1.623259e+01	-2.086556e+02
6.020000e-06	-3.050763e-06	-8.621530e-10	-1.653270e+01	-2.132268e+02
6.030000e-06	-3.105940e-06	-8.801608e-10	-1.683172e+01	-2.177506e+02
6.040000e-06	-3.160650e-06	-8.983137e-10	-1.712820e+01	-2.222277e+02
6.050000e-06	-3.214964e-06	-9.169515e-10	-1.742254e+01	-2.266581e+02
6.060000e-06	-3.268996e-06	-9.360954e-10	-1.771536e+01	-2.310418e+02
6.070000e-06	-3.322575e-06	-9.549819e-10	-1.800571e+01	-2.353787e+02
6.080000e-06	-3.375823e-06	-9.731834e-10	-1.829427e+01	-2.396682e+02
6.090000e-06	-3.428802e-06	-9.905102e-10	-1.858137e+01	-2.439099e+02
6.100000e-06	-3.481406e-06	-1.007127e-09	-1.886645e+01	-2.481031e+02
6.110000e-06	-3.533755e-06	-1.023761e-09	-1.915013e+01	-2.522469e+02
6.120000e-06	-3.585844e-06	-1.040084e-09	-1.943242e+01	-2.563404e+02
6.130000e-06	-3.637706e-06	-1.056368e-09	-1.971347e+01	-2.603826e+02
6.140000e-06	-3.689360e-06	-1.072738e-09	-1.999339e+01	-2.643726e+02
6.150000e-06	-3.740675e-06	-1.089507e-09	-2.027148e+01	-2.683093e+02
6.160000e-06	-3.791599e-06	-1.107131e-09	-2.054744e+01	-2.721919e+02
6.170000e-06	-3.842135e-06	-1.123760e-09	-2.082131e+01	-2.760193e+02
6.180000e-06	-3.892512e-06	-1.138554e-09	-2.109431e+01	-2.797906e+02
6.190000e-06	-3.942814e-06	-1.153490e-09	-2.136691e+01	-2.835052e+02
6.200000e-06	-3.992680e-06	-1.169433e-09	-2.163714e+01	-2.871623e+02
6.210000e-06	-4.042177e-06	-1.184867e-09	-2.190538e+01	-2.907613e+02
6.220000e-06	-4.091446e-06	-1.199173e-09	-2.217238e+01	-2.943019e+02
6.230000e-06	-4.140281e-06	-1.212906e-09	-2.243702e+01	-2.977836e+02
6.240000e-06	-4.188552e-06	-1.226099e-09	-2.269862e+01	-3.012065e+02
6.250000e-06	-4.236252e-06	-1.239146e-09	-2.295711e+01	-3.045703e+02
6.260000e-06	-4.283542e-06	-1.252814e-09	-2.321338e+01	-3.078753e+02
6.270000e-06	-4.330629e-06	-1.266606e-09	-2.346856e+01	-3.111216e+02
6.280000e-06	-4.377501e-06	-1.280366e-09	-2.372257e+01	-3.143098e+02
6.290000e-06	-4.424129e-06	-1.294396e-09	-2.397525e+01	-3.174403e+02
6.300000e-06	-4.470596e-06	-1.307659e-09	-2.422707e+01	-3.205138e+02
6.310000e-06	-4.516855e-06	-1.320301e-09	-2.447775e+01	-3.235311e+02
6.320000e-06	-4.562850e-06	-1.332348e-09	-2.472701e+01	-3.264930e+02
6.330000e-06	-4.608402e-06	-1.343112e-09	-2.497387e+01	-3.294004e+02
6.340000e-06	-4.653486e-06	-1.353497e-09	-2.521818e+01	-3.322544e+02
6.350000e-06	-4.698284e-06	-1.364030e-09	-2.546095e+01	-3.350561e+02
6.360000e-06	-4.742796e-06	-1.375640e-09	-2.570217e+01	-3.378066e+02
6.370000e-06	-4.787078e-06	-1.387905e-09	-2.594215e+01	-3.405071e+02
6.380000e-06	-4.831175e-06	-1.398679e-09	-2.618112e+01	-3.431587e+02
6.390000e-06	-4.875019e-06	-1.408325e-09	-2.641872e+01	-3.457628e+02
6.400000e-06	-4.918614e-06	-1.419170e-09	-2.665497e+01	-3.483204e+02
6.410000e-06	-4.961962e-06	-1.430671e-09	-2.688988e+01	-3.508328e+02
6.420000e-06	-5.004883e-06	-1.440940e-09	-2.712248e+01	-3.533012e+02
6.430000e-06	-5.047339e-06	-1.451345e-09	-2.735256e+01	-3.557268e+02
6.440000e-06	-5.089484e-06	-1.462422e-09	-2.758095e+01	-3.581106e+02
6.450000e-06	-5.131244e-06	-1.472865e-09	-2.780725e+01	-3.604538e+02
6.460000e-06	-5.172644e-06	-1.482097e-09	-2.803161e+01	-3.627573e+02
6.470000e-06	-5.213710e-06	-1.490126e-09	-2.825415e+01	-3.650222e+02
6.480000e-06	-5.254351e-06	-1.498196e-09	-2.847439e+01	-3.672495e+02
6.490000e-06	-5.294773e-06	-1.506870e-09	-2.869345e+01	-3.694401e+02
6.500000e-06	-5.334989e-06	-1.515536e-09	-2.891139e+01	-3.715948e+02
6.510000e-06	-5.374928e-06	-1.523991e-09	-2.912782e+01	-3.737144e+02
6.520000e-06	-5.414622e-06	-1.532245e-09	-2.934294e+01	-3.757998e+02
6.530000e-06	-5.453870e-06	-1.540507e-09	-2.955563e+01	-3.778517e+02
6.540000e-06	-5.492483e-06	-1.548996e-09	-2.976488e+01	-3.798707e+02
6.550000e-06	-5.530505e-06	-1.557041e-09	-2.997093e+01	-3.818576e+02
6.560000e-06	-5.567912e-06	-1.564423e-09	-3.017365e+01	-3.838130e+02
6.570000e-06	-5.604704e-06	-1.572197e-09	-3.037303e+01	-3.857376e+02
6.580000e-06	-5.641109e-06	-1.580461e-09	-3.057031e+01	-3.876319e+02
6.590000e-06	-5.677292e-06	-1.588370e-09	-3.076640e+01	-3.894965e+02
6.600000e-06	-5.713248e-06	-1.595682e-09	-3.096125e+01	-3.913320e+02
6.610000e-06	-5.748917e-06	-1.602571e-09	-3.115455e+01	-3.931389e+02
6.620000e-06	-5.784175e-06	-1.609480e-09	-3.134562e+01	-3.949179e+02
6.630000e-06	-5.818918e-06	-1.616910e-09	-3.153390e+01	-3.966693e+02
6.640000e-06	-5.853220e-06	-1.624037e-09	-3.171979e+01	-3.983938e+02
6.650000e-06	-5.887126e-06	-1.630469e-09	-3.190353e+01	-4.000919e+02
6.660000e-06	-5.920590e-06	-1.637109e-09	-3.208488e+01	-4.017641e+02
6.670000e-06	-5.953561e-06	-1.644669e-09	-3.226356e+01	-4.034108e+02
6.680000e-06	-5.986103e-06	-1.652696e-09	-3.243991e+01	-4.050327e+02
6.690000e-06	-6.018348e-06	-1.659426e-09	-3.261465e+01	-4.066301e+02
6.700000e-06	-6.050353e-06	-1.664986e-09	-3.278809e+01	-4.082036e+02
6.710000e-06	-6.081938e-06	-1.671001e-09	-3.295926e+01	-4.097536e+02
6.720000e-06	-6.112947e-06	-1.677546e-09	-3.312730e+01	-4.112805e+02
6.730000e-06	-6.143398e-06	-1.684053e-09	-3.329232e+01	-4.127848e+02
6.740000e-06	-6.173167e-06	-1.689361e-09	-3.345365e+01	-4.142669e+02
6.750000e-06	-6.202238e-06	-1.693796e-09	-3.361119e+01	-4.157272e+02
6.760000e-06	-6.230829e-06	-1.698868e-09	-3.376613e+01	-4.171659e+02
6.770000e-06	-6.259104e-06	-1.704226e-09	-3.391935e+01	-4.185835e+02
6.780000e-06	-6.287142e-06	-1.709948e-09	-3.407130e+01	-4.199802e+02
6.790000e-06	-6.314898e-06	-1.715955e-09	-3.422172e+01	-4.213563e+02
6.800000e-06	-6.342180e-06	-1.721172e-09	-3.436956e+01	-4.227120e+02
6.810000e-06	-6.368924e-06	-1.726660e-09	-3.451449e+01	-4.240475e+02
6.820000e-06	-6.395219e-06	-1.732634e-09	-3.465699e+01	-4.253629e+02
6.830000e-06	-6.421094e-06	-1.736650e-09	-3.479721e+01	-4.266584e+02
6.840000e-06	-6.446463e-06	-1.738848e-09	-3.493469e+01	-4.279341e+02
6.850000e-06	-6.471292e-06	-1.741604e-09	-3.506925e+01	-4.291899e+02
6.860000e-06	-6.495734e-06	-1.746713e-09	-3.520170e+01	-4.304259e+02
6.870000e-06	-6.519922e-06	-1.753706e-09	-3.533278e+01	-4.316421e+02
6.880000e-06	-6.543906e-06	-1.758967e-09	-3.546276e+01	-4.328383e+02
6.890000e-06	-6.567466e-06	-1.762008e-09	-3.559043e+01	-4.340146e+02
6.900000e-06	-6.590291e-06	-1.766119e-09	-3.571413e+01	-4.351707e+02
6.910000e-06	-6.612374e-06	-1.772250e-09	-3.583380e+01	-4.363065e+02
6.920000e-06	-6.633702e-06	-1.778012e-09	-3.594938e+01	-4.374218e+02
6.930000e-06	-6.654331e-06	-1.781303e-09	-3.606117e+01	-4.385165e+02
6.940000e-06	-6.674575e-06	-1.783342e-09	-3.617088e+01	-4.395902e+02
6.950000e-06	-6.694588e-06	-1.786724e-09	-3.627933e+01	-4.406428e+02
6.960000e-06	-6.714316e-06	-1.792115e-09	-3.638624e+01	-4.416740e+02
6.970000e-06	-6.733557e-06	-1.796489e-09	-3.649051e+01	-4.426835e+02
6.980000e-06	-6.752250e-06	-1.798231e-09	-3.659181e+01	-4.436710e+02
6.990000e-06	-6.770517e-06	-1.799524e-09	-3.669081e+01	-4.446363e+02
7.000000e-06	-6.788423e-06	-1.802902e-09	-3.678784e+01	-4.455790e+02
7.010000e-06	-6.805868e-06	-1.807549e-09	-3.688238e+01	-4.464989e+02
7.020000e-06	-6.822790e-06	-1.810830e-09	-3.697408e+01	-4.473956e+02
7.030000e-06	-6.839303e-06	-1.812477e-09	-3.706357e+01	-4.482689e+02
7.040000e-06	-6.855540e-06	-1.813721e-09	-3.715156e+01	-4.491185e+02
7.050000e-06	-6.871451e-06	-1.816559e-09	-3.723779e+01	-4.499440e+02
7.060000e-06	-6.886743e-06	-1.820931e-09	-3.732066e+01	-4.507452e+02
7.070000e-06	-6.901416e-06	-1.823959e-09	-3.740018e+01	-4.515218e+02
7.080000e-06	-6.915412e-06	-1.825549e-09	-3.747602e+01	-4.522736e+02
7.090000e-06	-6.928562e-06	-1.828928e-09	-3.754728e+01	-4.530004e+02
7.100000e-06	-6.941060e-06	-1.833100e-09	-3.761501e+01	-4.537018e+02
7.110000e-06	-6.953134e-06	-1.836318e-09	-3.768044e+01	-4.543777e+02
7.120000e-06	-6.964767e-06	-1.838534e-09	-3.774349e+01	-4.550279e+02
7.130000e-06	-6.975722e-06	-1.839183e-09	-3.780285e+01	-4.556522e+02
7.140000e-06	-6.986099e-06	-1.840141e-09	-3.785909e+01	-4.562504e+02
7.150000e-06	-6.996114e-06	-1.842347e-09	-3.791336e+01	-4.568225e+02
7.160000e-06	-7.005691e-06	-1.844587e-09	-3.796526e+01	-4.573683e+02
7.170000e-06	-7.014706e-06	-1.846616e-09	-3.801411e+01	-4.578877e+02
7.180000e-06	-7.023245e-06	-1.848088e-09	-3.806039e+01	-4.583807e+02
7.190000e-06	-7.031462e-06	-1.849057e-09	-3.810492e+01	-4.588473e+02
7.200000e-06	-7.039338e-06	-1.850114e-09	-3.814760e+01	-4.592875e+02
7.210000e-06	-7.046785e-06	-1.849785e-09	-3.818796e+01	-4.597012e+02
7.220000e-06	-7.053544e-06	-1.848134e-09	-3.822459e+01	-4.600886e+02
7.230000e-06	-7.059403e-06	-1.848033e-09	-3.825634e+01	-4.604497e+02
7.240000e-06	-7.064378e-06	-1.850389e-09	-3.828330e+01	-4.607848e+02
7.250000e-06	-7.068824e-06	-1.852002e-09	-3.830739e+01	-4.610939e+02
7.260000e-06	-7.073010e-06	-1.851653e-09	-3.833008e+01	-4.613774e+02
7.270000e-06	-7.076964e-06	-1.851789e-09	-3.835150e+01	-4.616353e+02
7.280000e-06	-7.080495e-06	-1.851959e-09	-3.837064e+01	-4.618681e+02
7.290000e-06	-7.083516e-06	-1.851619e-09	-3.838701e+01	-4.620759e+02
7.300000e-06	-7.086062e-06	-1.850779e-09	-3.840081e+01	-4.622593e+02
7.310000e-06	-7.088022e-06	-1.849618e-09	-3.841143e+01	-4.624184e+02
7.320000e-06	-7.089545e-06	-1.849499e-09	-3.841968e+01	-4.625539e+02
7.330000e-06	-7.090599e-06	-1.850085e-09	-3.842540e+01	-4.626661e+02
7.340000e-06	-7.091139e-06	-1.850436e-09	-3.842832e+01	-4.627554e+02
