# Temperatura_=_7.9
# Concentracion g/m^3_=_7400.0
# C_Vs_to_Am_M_A/Vsm_=_254322799225.57578
# pendiente_HvsI_1/m_=_3716.3
# ordenada_HvsI_A/m_=_1297.0
# frecuencia_Hz_=_136109.8549859853

Tiempo_(s)	Campo_(V.s)	Magnetizacion_(V.s)	Campo_(kA/m)	Magnetizacion_(A/m)
0.000000e+00	-7.115632e-06	-1.627402e-09	-3.841987e+01	-4.056303e+02
1.000000e-08	-7.115868e-06	-1.625397e-09	-3.842114e+01	-4.056809e+02
2.000000e-08	-7.115720e-06	-1.624094e-09	-3.842034e+01	-4.057135e+02
3.000000e-08	-7.115080e-06	-1.622936e-09	-3.841689e+01	-4.057284e+02
4.000000e-08	-7.113834e-06	-1.621688e-09	-3.841016e+01	-4.057260e+02
5.000000e-08	-7.111736e-06	-1.621951e-09	-3.839883e+01	-4.057068e+02
6.000000e-08	-7.108825e-06	-1.622494e-09	-3.838311e+01	-4.056714e+02
7.000000e-08	-7.105403e-06	-1.625701e-09	-3.836463e+01	-4.056201e+02
8.000000e-08	-7.101582e-06	-1.626254e-09	-3.834400e+01	-4.055536e+02
9.000000e-08	-7.097185e-06	-1.600657e-09	-3.832026e+01	-4.054723e+02
1.000000e-07	-7.091898e-06	-1.566582e-09	-3.829172e+01	-4.053768e+02
1.100000e-07	-7.085984e-06	-1.600162e-09	-3.825978e+01	-4.052676e+02
1.200000e-07	-7.079986e-06	-1.672002e-09	-3.822740e+01	-4.051451e+02
1.300000e-07	-7.073745e-06	-1.648598e-09	-3.819370e+01	-4.050099e+02
1.400000e-07	-7.066945e-06	-1.549785e-09	-3.815698e+01	-4.048623e+02
1.500000e-07	-7.059533e-06	-1.568053e-09	-3.811697e+01	-4.047028e+02
1.600000e-07	-7.051738e-06	-1.674607e-09	-3.807488e+01	-4.045317e+02
1.700000e-07	-7.043746e-06	-1.631341e-09	-3.803173e+01	-4.043492e+02
1.800000e-07	-7.035051e-06	-1.497829e-09	-3.798478e+01	-4.041556e+02
1.900000e-07	-7.025513e-06	-1.546015e-09	-3.793328e+01	-4.039510e+02
2.000000e-07	-7.015585e-06	-1.698958e-09	-3.787968e+01	-4.037356e+02
2.100000e-07	-7.005243e-06	-1.649040e-09	-3.782384e+01	-4.035094e+02
2.200000e-07	-6.994202e-06	-1.500090e-09	-3.776422e+01	-4.032723e+02
2.300000e-07	-6.982367e-06	-1.542790e-09	-3.770032e+01	-4.030242e+02
2.400000e-07	-6.970076e-06	-1.653487e-09	-3.763395e+01	-4.027651e+02
2.500000e-07	-6.957271e-06	-1.592601e-09	-3.756482e+01	-4.024946e+02
2.600000e-07	-6.943749e-06	-1.519510e-09	-3.749180e+01	-4.022125e+02
2.700000e-07	-6.929733e-06	-1.593037e-09	-3.741613e+01	-4.019185e+02
2.800000e-07	-6.915179e-06	-1.627917e-09	-3.733755e+01	-4.016122e+02
2.900000e-07	-6.899723e-06	-1.554909e-09	-3.725410e+01	-4.012934e+02
3.000000e-07	-6.883490e-06	-1.552702e-09	-3.716645e+01	-4.009615e+02
3.100000e-07	-6.866945e-06	-1.597396e-09	-3.707712e+01	-4.006161e+02
3.200000e-07	-6.849967e-06	-1.544570e-09	-3.698544e+01	-4.002569e+02
3.300000e-07	-6.832581e-06	-1.524978e-09	-3.689157e+01	-3.998833e+02
3.400000e-07	-6.814808e-06	-1.614123e-09	-3.679561e+01	-3.994950e+02
3.500000e-07	-6.796469e-06	-1.606022e-09	-3.669659e+01	-3.990917e+02
3.600000e-07	-6.777595e-06	-1.499766e-09	-3.659468e+01	-3.986728e+02
3.700000e-07	-6.758258e-06	-1.526271e-09	-3.649027e+01	-3.982381e+02
3.800000e-07	-6.738579e-06	-1.608806e-09	-3.638402e+01	-3.977873e+02
3.900000e-07	-6.718643e-06	-1.554486e-09	-3.627638e+01	-3.973201e+02
4.000000e-07	-6.698315e-06	-1.502682e-09	-3.616662e+01	-3.968363e+02
4.100000e-07	-6.677340e-06	-1.566627e-09	-3.605337e+01	-3.963358e+02
4.200000e-07	-6.655842e-06	-1.578056e-09	-3.593729e+01	-3.958184e+02
4.300000e-07	-6.633983e-06	-1.517985e-09	-3.581927e+01	-3.952841e+02
4.400000e-07	-6.611640e-06	-1.528524e-09	-3.569863e+01	-3.947329e+02
4.500000e-07	-6.588908e-06	-1.549900e-09	-3.557589e+01	-3.941647e+02
4.600000e-07	-6.565721e-06	-1.510519e-09	-3.545070e+01	-3.935799e+02
4.700000e-07	-6.542119e-06	-1.517915e-09	-3.532326e+01	-3.929783e+02
4.800000e-07	-6.518236e-06	-1.561183e-09	-3.519431e+01	-3.923603e+02
4.900000e-07	-6.493887e-06	-1.527880e-09	-3.506284e+01	-3.917261e+02
5.000000e-07	-6.468985e-06	-1.489637e-09	-3.492839e+01	-3.910759e+02
5.100000e-07	-6.443325e-06	-1.518168e-09	-3.478984e+01	-3.904100e+02
5.200000e-07	-6.416933e-06	-1.522115e-09	-3.464734e+01	-3.897288e+02
5.300000e-07	-6.389913e-06	-1.491881e-09	-3.450145e+01	-3.890324e+02
5.400000e-07	-6.362389e-06	-1.501810e-09	-3.435284e+01	-3.883212e+02
5.500000e-07	-6.334535e-06	-1.514264e-09	-3.420244e+01	-3.875956e+02
5.600000e-07	-6.306317e-06	-1.493057e-09	-3.405008e+01	-3.868558e+02
5.700000e-07	-6.277775e-06	-1.487086e-09	-3.389597e+01	-3.861022e+02
5.800000e-07	-6.248869e-06	-1.493083e-09	-3.373990e+01	-3.853350e+02
5.900000e-07	-6.219439e-06	-1.478064e-09	-3.358099e+01	-3.845545e+02
6.000000e-07	-6.189501e-06	-1.471124e-09	-3.341935e+01	-3.837608e+02
6.100000e-07	-6.159221e-06	-1.481363e-09	-3.325586e+01	-3.829543e+02
6.200000e-07	-6.128515e-06	-1.477291e-09	-3.309006e+01	-3.821349e+02
6.300000e-07	-6.097446e-06	-1.464143e-09	-3.292231e+01	-3.813028e+02
6.400000e-07	-6.066084e-06	-1.459132e-09	-3.275297e+01	-3.804581e+02
6.500000e-07	-6.034377e-06	-1.452392e-09	-3.258178e+01	-3.796008e+02
6.600000e-07	-6.002372e-06	-1.445893e-09	-3.240897e+01	-3.787308e+02
6.700000e-07	-5.969983e-06	-1.446441e-09	-3.223409e+01	-3.778479e+02
6.800000e-07	-5.936947e-06	-1.444419e-09	-3.205572e+01	-3.769521e+02
6.900000e-07	-5.903065e-06	-1.437756e-09	-3.187278e+01	-3.760432e+02
7.000000e-07	-5.868367e-06	-1.431100e-09	-3.168543e+01	-3.751208e+02
7.100000e-07	-5.833098e-06	-1.424762e-09	-3.149500e+01	-3.741847e+02
7.200000e-07	-5.797580e-06	-1.421286e-09	-3.130323e+01	-3.732345e+02
7.300000e-07	-5.761858e-06	-1.418662e-09	-3.111035e+01	-3.722697e+02
7.400000e-07	-5.725898e-06	-1.413176e-09	-3.091619e+01	-3.712899e+02
7.500000e-07	-5.689656e-06	-1.409279e-09	-3.072051e+01	-3.702947e+02
7.600000e-07	-5.652951e-06	-1.408448e-09	-3.052232e+01	-3.692833e+02
7.700000e-07	-5.615702e-06	-1.402781e-09	-3.032120e+01	-3.682554e+02
7.800000e-07	-5.578084e-06	-1.392611e-09	-3.011809e+01	-3.672101e+02
7.900000e-07	-5.540146e-06	-1.385397e-09	-2.991325e+01	-3.661468e+02
8.000000e-07	-5.501742e-06	-1.380660e-09	-2.970589e+01	-3.650650e+02
8.100000e-07	-5.462843e-06	-1.376990e-09	-2.949586e+01	-3.639637e+02
8.200000e-07	-5.423509e-06	-1.373732e-09	-2.928348e+01	-3.628424e+02
8.300000e-07	-5.383982e-06	-1.367839e-09	-2.907006e+01	-3.617002e+02
8.400000e-07	-5.344361e-06	-1.360281e-09	-2.885613e+01	-3.605364e+02
8.500000e-07	-5.304400e-06	-1.354559e-09	-2.864037e+01	-3.593502e+02
8.600000e-07	-5.263998e-06	-1.350705e-09	-2.842223e+01	-3.581408e+02
8.700000e-07	-5.223191e-06	-1.346073e-09	-2.820189e+01	-3.569075e+02
8.800000e-07	-5.182002e-06	-1.339085e-09	-2.797950e+01	-3.556495e+02
8.900000e-07	-5.140245e-06	-1.332740e-09	-2.775404e+01	-3.543660e+02
9.000000e-07	-5.097787e-06	-1.327865e-09	-2.752479e+01	-3.530564e+02
9.100000e-07	-5.054778e-06	-1.322843e-09	-2.729257e+01	-3.517199e+02
9.200000e-07	-5.011376e-06	-1.315551e-09	-2.705823e+01	-3.503558e+02
9.300000e-07	-4.967712e-06	-1.306934e-09	-2.682247e+01	-3.489636e+02
9.400000e-07	-4.923826e-06	-1.300605e-09	-2.658551e+01	-3.475426e+02
9.500000e-07	-4.879687e-06	-1.296577e-09	-2.634719e+01	-3.460923e+02
9.600000e-07	-4.835216e-06	-1.291262e-09	-2.610708e+01	-3.446122e+02
9.700000e-07	-4.790447e-06	-1.283555e-09	-2.586535e+01	-3.431018e+02
9.800000e-07	-4.745403e-06	-1.275480e-09	-2.562214e+01	-3.415609e+02
9.900000e-07	-4.699931e-06	-1.268038e-09	-2.537662e+01	-3.399890e+02
1.000000e-06	-4.654122e-06	-1.261406e-09	-2.512929e+01	-3.383860e+02
1.010000e-06	-4.607971e-06	-1.255715e-09	-2.488010e+01	-3.367516e+02
1.020000e-06	-4.561429e-06	-1.250181e-09	-2.462880e+01	-3.350858e+02
1.030000e-06	-4.514686e-06	-1.244409e-09	-2.437642e+01	-3.333886e+02
1.040000e-06	-4.467586e-06	-1.238401e-09	-2.412211e+01	-3.316599e+02
1.050000e-06	-4.420112e-06	-1.231925e-09	-2.386578e+01	-3.298998e+02
1.060000e-06	-4.372478e-06	-1.225228e-09	-2.360858e+01	-3.281087e+02
1.070000e-06	-4.324605e-06	-1.218192e-09	-2.335010e+01	-3.262866e+02
1.080000e-06	-4.276380e-06	-1.210323e-09	-2.308972e+01	-3.244338e+02
1.090000e-06	-4.227807e-06	-1.202348e-09	-2.282746e+01	-3.225508e+02
1.100000e-06	-4.178883e-06	-1.195638e-09	-2.256330e+01	-3.206379e+02
1.110000e-06	-4.129435e-06	-1.187519e-09	-2.229631e+01	-3.186956e+02
1.120000e-06	-4.079560e-06	-1.177416e-09	-2.202702e+01	-3.167243e+02
1.130000e-06	-4.029166e-06	-1.168194e-09	-2.175492e+01	-3.147244e+02
1.140000e-06	-3.978345e-06	-1.160680e-09	-2.148052e+01	-3.126966e+02
1.150000e-06	-3.927286e-06	-1.154619e-09	-2.120484e+01	-3.106413e+02
1.160000e-06	-3.875885e-06	-1.147926e-09	-2.092730e+01	-3.085591e+02
1.170000e-06	-3.824170e-06	-1.138894e-09	-2.064807e+01	-3.064505e+02
1.180000e-06	-3.772099e-06	-1.128501e-09	-2.036692e+01	-3.043158e+02
1.190000e-06	-3.719794e-06	-1.118005e-09	-2.008451e+01	-3.021557e+02
1.200000e-06	-3.667259e-06	-1.109178e-09	-1.980085e+01	-2.999706e+02
1.210000e-06	-3.614407e-06	-1.102488e-09	-1.951549e+01	-2.977607e+02
1.220000e-06	-3.561242e-06	-1.096679e-09	-1.922843e+01	-2.955265e+02
1.230000e-06	-3.507785e-06	-1.089761e-09	-1.893980e+01	-2.932683e+02
1.240000e-06	-3.454147e-06	-1.081156e-09	-1.865019e+01	-2.909862e+02
1.250000e-06	-3.400414e-06	-1.071700e-09	-1.836006e+01	-2.886805e+02
1.260000e-06	-3.346491e-06	-1.061289e-09	-1.806891e+01	-2.863511e+02
1.270000e-06	-3.292317e-06	-1.050485e-09	-1.777641e+01	-2.839982e+02
1.280000e-06	-3.237986e-06	-1.040678e-09	-1.748305e+01	-2.816217e+02
1.290000e-06	-3.183419e-06	-1.031822e-09	-1.718843e+01	-2.792214e+02
1.300000e-06	-3.128522e-06	-1.022431e-09	-1.689202e+01	-2.767971e+02
1.310000e-06	-3.073398e-06	-1.012037e-09	-1.659439e+01	-2.743486e+02
1.320000e-06	-3.018049e-06	-1.001135e-09	-1.629554e+01	-2.718756e+02
1.330000e-06	-2.962466e-06	-9.897003e-10	-1.599543e+01	-2.693776e+02
1.340000e-06	-2.906729e-06	-9.788516e-10	-1.569448e+01	-2.668542e+02
1.350000e-06	-2.850871e-06	-9.695319e-10	-1.539288e+01	-2.643048e+02
1.360000e-06	-2.794964e-06	-9.607274e-10	-1.509102e+01	-2.617289e+02
1.370000e-06	-2.738970e-06	-9.520127e-10	-1.478869e+01	-2.591259e+02
1.380000e-06	-2.682855e-06	-9.427835e-10	-1.448570e+01	-2.564950e+02
1.390000e-06	-2.626597e-06	-9.326718e-10	-1.418194e+01	-2.538356e+02
1.400000e-06	-2.570153e-06	-9.213733e-10	-1.387718e+01	-2.511468e+02
1.410000e-06	-2.513492e-06	-9.093765e-10	-1.357125e+01	-2.484278e+02
1.420000e-06	-2.456504e-06	-8.983419e-10	-1.326355e+01	-2.456778e+02
1.430000e-06	-2.399144e-06	-8.879867e-10	-1.295384e+01	-2.428959e+02
1.440000e-06	-2.341445e-06	-8.780183e-10	-1.264231e+01	-2.400812e+02
1.450000e-06	-2.283595e-06	-8.684333e-10	-1.232995e+01	-2.372325e+02
1.460000e-06	-2.225609e-06	-8.575545e-10	-1.201687e+01	-2.343490e+02
1.470000e-06	-2.167283e-06	-8.457016e-10	-1.170194e+01	-2.314294e+02
1.480000e-06	-2.108655e-06	-8.346453e-10	-1.138539e+01	-2.284727e+02
1.490000e-06	-2.049725e-06	-8.236420e-10	-1.106721e+01	-2.254777e+02
1.500000e-06	-1.990482e-06	-8.120713e-10	-1.074733e+01	-2.224431e+02
1.510000e-06	-1.931130e-06	-8.002743e-10	-1.042687e+01	-2.193674e+02
1.520000e-06	-1.871785e-06	-7.885500e-10	-1.010644e+01	-2.162495e+02
1.530000e-06	-1.812297e-06	-7.768266e-10	-9.785245e+00	-2.130876e+02
1.540000e-06	-1.752674e-06	-7.648857e-10	-9.463321e+00	-2.098804e+02
1.550000e-06	-1.693134e-06	-7.533993e-10	-9.141842e+00	-2.066260e+02
1.560000e-06	-1.633594e-06	-7.419096e-10	-8.820364e+00	-2.033228e+02
1.570000e-06	-1.573871e-06	-7.304014e-10	-8.497897e+00	-1.999690e+02
1.580000e-06	-1.514022e-06	-7.192223e-10	-8.174753e+00	-1.965625e+02
1.590000e-06	-1.454102e-06	-7.080419e-10	-7.851221e+00	-1.931015e+02
1.600000e-06	-1.394063e-06	-6.958066e-10	-7.527047e+00	-1.895838e+02
1.610000e-06	-1.333900e-06	-6.818687e-10	-7.202205e+00	-1.860074e+02
1.620000e-06	-1.273705e-06	-6.679423e-10	-6.877192e+00	-1.823700e+02
1.630000e-06	-1.213475e-06	-6.550621e-10	-6.551991e+00	-1.786693e+02
1.640000e-06	-1.153126e-06	-6.420969e-10	-6.226145e+00	-1.749032e+02
1.650000e-06	-1.092776e-06	-6.279591e-10	-5.900292e+00	-1.710693e+02
1.660000e-06	-1.032414e-06	-6.131309e-10	-5.574373e+00	-1.671655e+02
1.670000e-06	-9.720656e-07	-5.982158e-10	-5.248533e+00	-1.631894e+02
1.680000e-06	-9.117706e-07	-5.833275e-10	-4.922978e+00	-1.591390e+02
1.690000e-06	-8.513141e-07	-5.691889e-10	-4.596552e+00	-1.550121e+02
1.700000e-06	-7.905778e-07	-5.550922e-10	-4.268615e+00	-1.508069e+02
1.710000e-06	-7.298122e-07	-5.399676e-10	-3.940519e+00	-1.465215e+02
1.720000e-06	-6.690488e-07	-5.245265e-10	-3.612436e+00	-1.421544e+02
1.730000e-06	-6.081661e-07	-5.089172e-10	-3.283708e+00	-1.377042e+02
1.740000e-06	-5.473265e-07	-4.928377e-10	-2.955213e+00	-1.331697e+02
1.750000e-06	-4.864593e-07	-4.757506e-10	-2.626569e+00	-1.285502e+02
1.760000e-06	-4.255333e-07	-4.578480e-10	-2.297608e+00	-1.238450e+02
1.770000e-06	-3.646849e-07	-4.393442e-10	-1.969066e+00	-1.190539e+02
1.780000e-06	-3.039171e-07	-4.201394e-10	-1.640958e+00	-1.141772e+02
1.790000e-06	-2.429946e-07	-4.015912e-10	-1.312016e+00	-1.092154e+02
1.800000e-06	-1.819739e-07	-3.835139e-10	-9.825428e-01	-1.041693e+02
1.810000e-06	-1.210520e-07	-3.649221e-10	-6.536032e-01	-9.904037e+01
1.820000e-06	-6.009680e-08	-3.454260e-10	-3.244843e-01	-9.383040e+01
1.830000e-06	9.660689e-10	-3.258612e-10	5.216154e-03	-8.854159e+01
1.840000e-06	6.201676e-08	-3.070566e-10	3.348508e-01	-8.317660e+01
1.850000e-06	1.229666e-07	-2.877820e-10	6.639412e-01	-7.773851e+01
1.860000e-06	1.839186e-07	-2.677049e-10	9.930428e-01	-7.223080e+01
1.870000e-06	2.448843e-07	-2.462780e-10	1.322219e+00	-6.665738e+01
1.880000e-06	3.057368e-07	-2.237428e-10	1.650783e+00	-6.102252e+01
1.890000e-06	3.665763e-07	-2.018305e-10	1.979278e+00	-5.533084e+01
1.900000e-06	4.275367e-07	-1.813178e-10	2.308425e+00	-4.958730e+01
1.910000e-06	4.885191e-07	-1.619645e-10	2.637691e+00	-4.379715e+01
1.920000e-06	5.494736e-07	-1.420482e-10	2.966806e+00	-3.796585e+01
1.930000e-06	6.103666e-07	-1.203318e-10	3.295589e+00	-3.209910e+01
1.940000e-06	6.711466e-07	-9.635972e-11	3.623763e+00	-2.620275e+01
1.950000e-06	7.318241e-07	-7.066875e-11	3.951383e+00	-2.028276e+01
1.960000e-06	7.924117e-07	-4.514816e-11	4.278517e+00	-1.434513e+01
1.970000e-06	8.529468e-07	-2.097539e-11	4.605368e+00	-8.395900e+00
1.980000e-06	9.134625e-07	2.244486e-12	4.932114e+00	-2.441050e+00
1.990000e-06	9.739313e-07	2.527172e-11	5.258606e+00	3.513526e+00
2.000000e-06	1.034337e-06	4.846783e-11	5.584756e+00	9.462073e+00
2.010000e-06	1.094733e-06	7.063936e-11	5.910856e+00	1.539902e+01
2.020000e-06	1.155072e-06	9.216759e-11	6.236649e+00	2.131903e+01
2.030000e-06	1.215259e-06	1.144094e-10	6.561620e+00	2.721703e+01
2.040000e-06	1.275382e-06	1.367705e-10	6.886250e+00	3.308823e+01
2.050000e-06	1.335514e-06	1.578641e-10	7.210921e+00	3.892821e+01
2.060000e-06	1.395589e-06	1.781527e-10	7.535290e+00	4.473287e+01
2.070000e-06	1.455525e-06	1.990571e-10	7.858902e+00	5.049851e+01
2.080000e-06	1.515325e-06	2.212190e-10	8.181788e+00	5.622181e+01
2.090000e-06	1.575074e-06	2.438369e-10	8.504393e+00	6.189983e+01
2.100000e-06	1.634823e-06	2.654334e-10	8.826998e+00	6.753007e+01
2.110000e-06	1.694514e-06	2.849467e-10	9.149293e+00	7.311038e+01
2.120000e-06	1.754109e-06	3.033935e-10	9.471070e+00	7.863901e+01
2.130000e-06	1.813600e-06	3.235608e-10	9.792279e+00	8.411458e+01
2.140000e-06	1.873034e-06	3.449328e-10	1.011319e+01	8.953605e+01
2.150000e-06	1.932323e-06	3.660477e-10	1.043331e+01	9.490271e+01
2.160000e-06	1.991310e-06	3.853255e-10	1.075180e+01	1.002141e+02
2.170000e-06	2.050239e-06	4.030114e-10	1.106998e+01	1.054701e+02
2.180000e-06	2.109091e-06	4.207449e-10	1.138775e+01	1.106708e+02
2.190000e-06	2.167599e-06	4.396181e-10	1.170365e+01	1.158164e+02
2.200000e-06	2.225885e-06	4.590275e-10	1.201836e+01	1.209072e+02
2.210000e-06	2.283924e-06	4.763782e-10	1.233173e+01	1.259439e+02
2.220000e-06	2.341587e-06	4.934109e-10	1.264307e+01	1.309269e+02
2.230000e-06	2.399049e-06	5.119791e-10	1.295333e+01	1.358569e+02
2.240000e-06	2.456320e-06	5.303220e-10	1.326256e+01	1.407344e+02
2.250000e-06	2.513289e-06	5.480665e-10	1.357015e+01	1.455602e+02
2.260000e-06	2.569980e-06	5.642226e-10	1.387625e+01	1.503345e+02
2.270000e-06	2.626434e-06	5.792228e-10	1.418106e+01	1.550579e+02
2.280000e-06	2.682701e-06	5.961755e-10	1.448487e+01	1.597307e+02
2.290000e-06	2.738773e-06	6.147835e-10	1.478762e+01	1.643531e+02
2.300000e-06	2.794737e-06	6.324770e-10	1.508979e+01	1.689250e+02
2.310000e-06	2.850567e-06	6.472469e-10	1.539124e+01	1.734464e+02
2.320000e-06	2.906241e-06	6.606113e-10	1.569184e+01	1.779169e+02
2.330000e-06	2.961671e-06	6.757166e-10	1.599113e+01	1.823362e+02
2.340000e-06	3.016829e-06	6.922968e-10	1.628895e+01	1.867036e+02
2.350000e-06	3.071928e-06	7.088648e-10	1.658645e+01	1.910185e+02
2.360000e-06	3.126879e-06	7.241472e-10	1.688315e+01	1.952800e+02
2.370000e-06	3.181517e-06	7.388434e-10	1.717816e+01	1.994871e+02
2.380000e-06	3.235959e-06	7.546405e-10	1.747211e+01	2.036388e+02
2.390000e-06	3.290211e-06	7.708027e-10	1.776504e+01	2.077340e+02
2.400000e-06	3.344281e-06	7.853144e-10	1.805698e+01	2.117716e+02
2.410000e-06	3.398205e-06	7.988046e-10	1.834813e+01	2.157504e+02
2.420000e-06	3.451813e-06	8.139324e-10	1.863758e+01	2.196693e+02
2.430000e-06	3.505152e-06	8.309018e-10	1.892558e+01	2.235272e+02
2.440000e-06	3.558251e-06	8.479308e-10	1.921228e+01	2.273230e+02
2.450000e-06	3.611127e-06	8.621990e-10	1.949778e+01	2.310559e+02
2.460000e-06	3.663738e-06	8.735054e-10	1.978185e+01	2.347250e+02
2.470000e-06	3.715987e-06	8.860956e-10	2.006395e+01	2.383297e+02
2.480000e-06	3.768044e-06	9.008937e-10	2.034503e+01	2.418694e+02
2.490000e-06	3.819885e-06	9.154538e-10	2.062494e+01	2.453439e+02
2.500000e-06	3.871312e-06	9.280671e-10	2.090261e+01	2.487528e+02
2.510000e-06	3.922409e-06	9.390307e-10	2.117850e+01	2.520964e+02
2.520000e-06	3.973222e-06	9.504434e-10	2.145286e+01	2.553748e+02
2.530000e-06	4.023682e-06	9.628107e-10	2.172531e+01	2.585884e+02
2.540000e-06	4.073691e-06	9.747925e-10	2.199533e+01	2.617378e+02
2.550000e-06	4.123252e-06	9.863757e-10	2.226292e+01	2.648240e+02
2.560000e-06	4.172383e-06	9.987697e-10	2.252820e+01	2.678478e+02
2.570000e-06	4.220961e-06	1.011658e-09	2.279049e+01	2.708103e+02
2.580000e-06	4.269197e-06	1.023463e-09	2.305093e+01	2.737130e+02
2.590000e-06	4.317179e-06	1.033438e-09	2.331001e+01	2.765572e+02
2.600000e-06	4.364852e-06	1.042612e-09	2.356741e+01	2.793444e+02
2.610000e-06	4.412231e-06	1.052134e-09	2.382323e+01	2.820762e+02
2.620000e-06	4.459298e-06	1.062530e-09	2.407736e+01	2.847544e+02
2.630000e-06	4.506171e-06	1.074192e-09	2.433044e+01	2.873806e+02
2.640000e-06	4.552735e-06	1.085771e-09	2.458186e+01	2.899565e+02
2.650000e-06	4.598917e-06	1.096049e-09	2.483121e+01	2.924839e+02
2.660000e-06	4.644749e-06	1.105875e-09	2.507868e+01	2.949645e+02
2.670000e-06	4.690137e-06	1.114903e-09	2.532374e+01	2.973999e+02
2.680000e-06	4.735244e-06	1.122730e-09	2.556729e+01	2.997915e+02
2.690000e-06	4.780180e-06	1.131155e-09	2.580991e+01	3.021411e+02
2.700000e-06	4.824872e-06	1.140212e-09	2.605123e+01	3.044498e+02
2.710000e-06	4.869246e-06	1.148806e-09	2.629082e+01	3.067191e+02
2.720000e-06	4.913247e-06	1.157630e-09	2.652840e+01	3.089500e+02
2.730000e-06	4.956945e-06	1.166522e-09	2.676434e+01	3.111435e+02
2.740000e-06	5.000404e-06	1.174404e-09	2.699899e+01	3.133007e+02
2.750000e-06	5.043669e-06	1.181943e-09	2.723259e+01	3.154223e+02
2.760000e-06	5.086640e-06	1.190150e-09	2.746460e+01	3.175090e+02
2.770000e-06	5.129079e-06	1.199130e-09	2.769375e+01	3.195613e+02
2.780000e-06	5.170909e-06	1.207653e-09	2.791960e+01	3.215797e+02
2.790000e-06	5.212173e-06	1.214466e-09	2.814240e+01	3.235647e+02
2.800000e-06	5.252870e-06	1.219605e-09	2.836214e+01	3.255164e+02
2.810000e-06	5.293069e-06	1.224983e-09	2.857919e+01	3.274351e+02
2.820000e-06	5.332940e-06	1.231966e-09	2.879446e+01	3.293211e+02
2.830000e-06	5.372544e-06	1.239760e-09	2.900830e+01	3.311744e+02
2.840000e-06	5.411910e-06	1.247190e-09	2.922085e+01	3.329953e+02
2.850000e-06	5.450979e-06	1.253455e-09	2.943180e+01	3.347838e+02
2.860000e-06	5.489641e-06	1.259676e-09	2.964055e+01	3.365401e+02
2.870000e-06	5.527878e-06	1.265875e-09	2.984701e+01	3.382645e+02
2.880000e-06	5.565626e-06	1.271478e-09	3.005082e+01	3.399570e+02
2.890000e-06	5.603048e-06	1.277742e-09	3.025288e+01	3.416181e+02
2.900000e-06	5.640064e-06	1.284716e-09	3.045274e+01	3.432479e+02
2.910000e-06	5.676641e-06	1.292668e-09	3.065024e+01	3.448470e+02
2.920000e-06	5.712947e-06	1.301481e-09	3.084626e+01	3.464158e+02
2.930000e-06	5.748993e-06	1.308054e-09	3.104088e+01	3.479548e+02
2.940000e-06	5.784823e-06	1.312837e-09	3.123435e+01	3.494646e+02
2.950000e-06	5.820369e-06	1.318445e-09	3.142627e+01	3.509459e+02
2.960000e-06	5.855439e-06	1.324727e-09	3.161563e+01	3.523995e+02
2.970000e-06	5.889929e-06	1.330512e-09	3.180185e+01	3.538261e+02
2.980000e-06	5.923931e-06	1.335974e-09	3.198544e+01	3.552265e+02
2.990000e-06	5.957227e-06	1.341874e-09	3.216522e+01	3.566018e+02
3.000000e-06	5.989844e-06	1.347822e-09	3.234133e+01	3.579527e+02
3.010000e-06	6.022049e-06	1.354139e-09	3.251522e+01	3.592802e+02
3.020000e-06	6.053897e-06	1.360074e-09	3.268717e+01	3.605852e+02
3.030000e-06	6.085458e-06	1.363972e-09	3.285759e+01	3.618687e+02
3.040000e-06	6.116669e-06	1.367093e-09	3.302610e+01	3.631315e+02
3.050000e-06	6.147535e-06	1.371902e-09	3.319276e+01	3.643745e+02
3.060000e-06	6.177956e-06	1.378229e-09	3.335701e+01	3.655984e+02
3.070000e-06	6.207811e-06	1.384367e-09	3.351821e+01	3.668041e+02
3.080000e-06	6.237316e-06	1.389662e-09	3.367752e+01	3.679923e+02
3.090000e-06	6.266413e-06	1.394890e-09	3.383462e+01	3.691634e+02
3.100000e-06	6.295120e-06	1.400322e-09	3.398962e+01	3.703181e+02
3.110000e-06	6.323460e-06	1.405317e-09	3.414264e+01	3.714567e+02
3.120000e-06	6.351359e-06	1.409862e-09	3.429328e+01	3.725796e+02
3.130000e-06	6.379015e-06	1.414195e-09	3.444260e+01	3.736871e+02
3.140000e-06	6.406256e-06	1.418211e-09	3.458969e+01	3.747792e+02
3.150000e-06	6.432818e-06	1.422220e-09	3.473311e+01	3.758561e+02
3.160000e-06	6.458803e-06	1.426898e-09	3.487341e+01	3.769177e+02
3.170000e-06	6.484043e-06	1.431929e-09	3.500969e+01	3.779640e+02
3.180000e-06	6.508582e-06	1.436511e-09	3.514218e+01	3.789946e+02
3.190000e-06	6.532698e-06	1.440692e-09	3.527240e+01	3.800094e+02
3.200000e-06	6.556358e-06	1.444686e-09	3.540014e+01	3.810082e+02
3.210000e-06	6.579613e-06	1.448365e-09	3.552571e+01	3.819904e+02
3.220000e-06	6.602531e-06	1.451263e-09	3.564945e+01	3.829558e+02
3.230000e-06	6.624980e-06	1.454761e-09	3.577066e+01	3.839040e+02
3.240000e-06	6.646940e-06	1.459781e-09	3.588923e+01	3.848345e+02
3.250000e-06	6.668513e-06	1.465388e-09	3.600571e+01	3.857469e+02
3.260000e-06	6.689636e-06	1.471349e-09	3.611976e+01	3.866408e+02
3.270000e-06	6.710197e-06	1.477106e-09	3.623077e+01	3.875158e+02
3.280000e-06	6.730258e-06	1.481896e-09	3.633909e+01	3.883716e+02
3.290000e-06	6.750057e-06	1.485106e-09	3.644599e+01	3.892077e+02
3.300000e-06	6.769526e-06	1.487782e-09	3.655111e+01	3.900239e+02
3.310000e-06	6.788594e-06	1.490718e-09	3.665407e+01	3.908199e+02
3.320000e-06	6.807234e-06	1.494277e-09	3.675471e+01	3.915955e+02
3.330000e-06	6.825264e-06	1.498029e-09	3.685206e+01	3.923506e+02
3.340000e-06	6.842778e-06	1.501970e-09	3.694663e+01	3.930849e+02
3.350000e-06	6.859812e-06	1.505131e-09	3.703860e+01	3.937984e+02
3.360000e-06	6.876400e-06	1.506293e-09	3.712816e+01	3.944910e+02
3.370000e-06	6.892570e-06	1.507677e-09	3.721547e+01	3.951628e+02
3.380000e-06	6.908141e-06	1.511169e-09	3.729954e+01	3.958137e+02
3.390000e-06	6.922957e-06	1.516561e-09	3.737954e+01	3.964439e+02
3.400000e-06	6.937237e-06	1.522237e-09	3.745665e+01	3.970534e+02
3.410000e-06	6.951049e-06	1.526966e-09	3.753122e+01	3.976422e+02
3.420000e-06	6.964271e-06	1.530786e-09	3.760261e+01	3.982107e+02
3.430000e-06	6.977019e-06	1.533367e-09	3.767144e+01	3.987587e+02
3.440000e-06	6.989304e-06	1.534819e-09	3.773777e+01	3.992866e+02
3.450000e-06	7.001138e-06	1.537179e-09	3.780167e+01	3.997943e+02
3.460000e-06	7.012569e-06	1.540706e-09	3.786339e+01	4.002820e+02
3.470000e-06	7.023427e-06	1.543703e-09	3.792202e+01	4.007498e+02
3.480000e-06	7.033470e-06	1.545985e-09	3.797624e+01	4.011978e+02
3.490000e-06	7.042600e-06	1.547991e-09	3.802554e+01	4.016261e+02
3.500000e-06	7.051090e-06	1.549093e-09	3.807138e+01	4.020346e+02
3.510000e-06	7.059177e-06	1.550819e-09	3.811505e+01	4.024234e+02
3.520000e-06	7.066806e-06	1.553035e-09	3.815623e+01	4.027926e+02
3.530000e-06	7.073991e-06	1.554606e-09	3.819503e+01	4.031421e+02
3.540000e-06	7.080686e-06	1.555167e-09	3.823118e+01	4.034719e+02
3.550000e-06	7.086902e-06	1.555501e-09	3.826474e+01	4.037819e+02
3.560000e-06	7.092614e-06	1.557806e-09	3.829558e+01	4.040723e+02
3.570000e-06	7.097763e-06	1.561412e-09	3.832338e+01	4.043428e+02
3.580000e-06	7.102380e-06	1.565078e-09	3.834831e+01	4.045936e+02
3.590000e-06	7.106612e-06	1.568371e-09	3.837116e+01	4.048246e+02
3.600000e-06	7.110543e-06	1.569435e-09	3.839239e+01	4.050357e+02
3.610000e-06	7.114127e-06	1.568997e-09	3.841174e+01	4.052271e+02
3.620000e-06	7.117209e-06	1.568859e-09	3.842838e+01	4.053988e+02
3.630000e-06	7.119644e-06	1.569010e-09	3.844153e+01	4.055509e+02
3.640000e-06	7.121439e-06	1.570230e-09	3.845122e+01	4.056835e+02
3.650000e-06	7.122577e-06	1.571866e-09	3.845736e+01	4.057968e+02
3.660000e-06	7.123065e-06	1.572848e-09	3.846000e+01	4.058910e+02
3.670000e-06	7.123015e-06	1.574508e-09	3.845973e+01	4.059664e+02
3.680000e-06	7.122549e-06	1.576266e-09	3.845721e+01	4.060232e+02
3.690000e-06	7.121739e-06	1.576721e-09	3.845284e+01	4.060618e+02
3.700000e-06	7.120485e-06	1.576962e-09	3.844607e+01	4.060826e+02
3.710000e-06	7.118698e-06	1.578822e-09	3.843642e+01	4.060860e+02
3.720000e-06	7.116391e-06	1.582003e-09	3.842396e+01	4.060724e+02
3.730000e-06	7.113703e-06	1.580181e-09	3.840945e+01	4.060424e+02
3.740000e-06	7.110587e-06	1.569455e-09	3.839262e+01	4.059964e+02
3.750000e-06	7.106914e-06	1.574454e-09	3.837279e+01	4.059350e+02
3.760000e-06	7.102735e-06	1.624581e-09	3.835023e+01	4.058586e+02
3.770000e-06	7.097816e-06	1.648707e-09	3.832367e+01	4.057679e+02
3.780000e-06	7.091999e-06	1.562893e-09	3.829226e+01	4.056632e+02
3.790000e-06	7.085629e-06	1.494040e-09	3.825787e+01	4.055452e+02
3.800000e-06	7.079079e-06	1.580288e-09	3.822250e+01	4.054142e+02
3.810000e-06	7.072200e-06	1.671947e-09	3.818536e+01	4.052708e+02
3.820000e-06	7.064611e-06	1.579069e-09	3.814438e+01	4.051153e+02
3.830000e-06	7.056441e-06	1.486337e-09	3.810027e+01	4.049480e+02
3.840000e-06	7.048015e-06	1.610996e-09	3.805478e+01	4.047694e+02
3.850000e-06	7.039180e-06	1.722476e-09	3.800707e+01	4.045795e+02
3.860000e-06	7.029687e-06	1.572137e-09	3.795582e+01	4.043786e+02
3.870000e-06	7.019692e-06	1.428849e-09	3.790185e+01	4.041669e+02
3.880000e-06	7.009443e-06	1.584294e-09	3.784651e+01	4.039443e+02
3.890000e-06	6.998788e-06	1.726385e-09	3.778898e+01	4.037109e+02
3.900000e-06	6.987431e-06	1.573780e-09	3.772766e+01	4.034666e+02
3.910000e-06	6.975506e-06	1.467744e-09	3.766328e+01	4.032112e+02
3.920000e-06	6.963188e-06	1.634945e-09	3.759676e+01	4.029446e+02
3.930000e-06	6.950138e-06	1.693995e-09	3.752630e+01	4.026664e+02
3.940000e-06	6.936209e-06	1.512505e-09	3.745110e+01	4.023765e+02
3.950000e-06	6.921568e-06	1.496900e-09	3.737205e+01	4.020745e+02
3.960000e-06	6.906282e-06	1.672569e-09	3.728951e+01	4.017599e+02
3.970000e-06	6.890442e-06	1.644045e-09	3.720398e+01	4.014324e+02
3.980000e-06	6.874297e-06	1.506968e-09	3.711681e+01	4.010917e+02
3.990000e-06	6.857817e-06	1.588090e-09	3.702783e+01	4.007372e+02
4.000000e-06	6.840747e-06	1.661368e-09	3.693566e+01	4.003685e+02
4.010000e-06	6.823068e-06	1.524361e-09	3.684021e+01	3.999852e+02
4.020000e-06	6.804867e-06	1.504404e-09	3.674193e+01	3.995870e+02
4.030000e-06	6.786337e-06	1.660122e-09	3.664188e+01	3.991734e+02
4.040000e-06	6.767383e-06	1.628063e-09	3.653954e+01	3.987441e+02
4.050000e-06	6.747878e-06	1.496866e-09	3.643423e+01	3.982987e+02
4.060000e-06	6.727998e-06	1.577690e-09	3.632689e+01	3.978371e+02
4.070000e-06	6.707929e-06	1.653842e-09	3.621853e+01	3.973589e+02
4.080000e-06	6.687511e-06	1.540112e-09	3.610829e+01	3.968640e+02
4.090000e-06	6.666545e-06	1.522424e-09	3.599508e+01	3.963523e+02
4.100000e-06	6.644997e-06	1.629339e-09	3.587873e+01	3.958237e+02
4.110000e-06	6.622654e-06	1.596400e-09	3.575810e+01	3.952782e+02
4.120000e-06	6.599501e-06	1.528530e-09	3.563309e+01	3.947157e+02
4.130000e-06	6.575835e-06	1.590868e-09	3.550530e+01	3.941365e+02
4.140000e-06	6.551791e-06	1.597146e-09	3.537548e+01	3.935406e+02
4.150000e-06	6.527487e-06	1.522103e-09	3.524426e+01	3.929281e+02
4.160000e-06	6.502755e-06	1.553964e-09	3.511072e+01	3.922993e+02
4.170000e-06	6.477549e-06	1.604578e-09	3.497463e+01	3.916545e+02
4.180000e-06	6.451905e-06	1.555327e-09	3.483616e+01	3.909939e+02
4.190000e-06	6.425668e-06	1.541591e-09	3.469450e+01	3.903177e+02
4.200000e-06	6.398909e-06	1.577893e-09	3.455002e+01	3.896264e+02
4.210000e-06	6.371724e-06	1.553550e-09	3.440324e+01	3.889202e+02
4.220000e-06	6.344114e-06	1.534295e-09	3.425416e+01	3.881994e+02
4.230000e-06	6.316119e-06	1.563632e-09	3.410300e+01	3.874644e+02
4.240000e-06	6.287919e-06	1.557464e-09	3.395075e+01	3.867154e+02
4.250000e-06	6.259495e-06	1.536348e-09	3.379727e+01	3.859528e+02
4.260000e-06	6.230501e-06	1.552180e-09	3.364072e+01	3.851767e+02
4.270000e-06	6.200771e-06	1.553262e-09	3.348020e+01	3.843875e+02
4.280000e-06	6.170457e-06	1.535423e-09	3.331652e+01	3.835853e+02
4.290000e-06	6.139562e-06	1.539122e-09	3.314971e+01	3.827702e+02
4.300000e-06	6.107966e-06	1.542238e-09	3.297911e+01	3.819424e+02
4.310000e-06	6.075814e-06	1.536913e-09	3.280551e+01	3.811020e+02
4.320000e-06	6.043363e-06	1.541146e-09	3.263030e+01	3.802489e+02
4.330000e-06	6.010710e-06	1.535240e-09	3.245399e+01	3.793832e+02
4.340000e-06	5.977715e-06	1.523421e-09	3.227584e+01	3.785047e+02
4.350000e-06	5.944214e-06	1.525496e-09	3.209495e+01	3.776133e+02
4.360000e-06	5.910264e-06	1.524385e-09	3.191165e+01	3.767089e+02
4.370000e-06	5.875828e-06	1.520273e-09	3.172572e+01	3.757910e+02
4.380000e-06	5.840950e-06	1.523276e-09	3.153740e+01	3.748596e+02
4.390000e-06	5.805859e-06	1.517316e-09	3.134793e+01	3.739142e+02
4.400000e-06	5.770469e-06	1.508387e-09	3.115684e+01	3.729544e+02
4.410000e-06	5.734621e-06	1.511881e-09	3.096329e+01	3.719797e+02
4.420000e-06	5.698452e-06	1.510320e-09	3.076800e+01	3.709897e+02
4.430000e-06	5.662057e-06	1.499856e-09	3.057149e+01	3.699839e+02
4.440000e-06	5.625385e-06	1.499560e-09	3.037348e+01	3.689616e+02
4.450000e-06	5.588178e-06	1.502265e-09	3.017259e+01	3.679222e+02
4.460000e-06	5.550318e-06	1.496552e-09	2.996817e+01	3.668651e+02
4.470000e-06	5.511771e-06	1.491119e-09	2.976004e+01	3.657896e+02
4.480000e-06	5.472527e-06	1.486596e-09	2.954815e+01	3.646949e+02
4.490000e-06	5.432845e-06	1.480008e-09	2.933389e+01	3.635804e+02
4.500000e-06	5.392838e-06	1.477236e-09	2.911788e+01	3.624453e+02
4.510000e-06	5.352564e-06	1.477203e-09	2.890042e+01	3.612889e+02
4.520000e-06	5.312074e-06	1.473596e-09	2.868181e+01	3.601103e+02
4.530000e-06	5.271330e-06	1.466530e-09	2.846181e+01	3.589088e+02
4.540000e-06	5.230266e-06	1.461068e-09	2.824009e+01	3.576836e+02
4.550000e-06	5.188778e-06	1.460121e-09	2.801608e+01	3.564339e+02
4.560000e-06	5.146826e-06	1.458657e-09	2.778957e+01	3.551591e+02
4.570000e-06	5.104436e-06	1.453740e-09	2.756069e+01	3.538583e+02
4.580000e-06	5.061755e-06	1.448301e-09	2.733024e+01	3.525309e+02
4.590000e-06	5.018778e-06	1.445201e-09	2.709819e+01	3.511762e+02
4.600000e-06	4.975412e-06	1.442873e-09	2.686404e+01	3.497935e+02
4.610000e-06	4.931705e-06	1.437419e-09	2.662806e+01	3.483822e+02
4.620000e-06	4.887672e-06	1.429713e-09	2.639031e+01	3.469418e+02
4.630000e-06	4.843432e-06	1.422743e-09	2.615143e+01	3.454717e+02
4.640000e-06	4.799047e-06	1.417119e-09	2.591179e+01	3.439715e+02
4.650000e-06	4.754362e-06	1.412086e-09	2.567051e+01	3.424409e+02
4.660000e-06	4.709293e-06	1.405937e-09	2.542717e+01	3.408794e+02
4.670000e-06	4.664067e-06	1.397809e-09	2.518298e+01	3.392868e+02
4.680000e-06	4.618419e-06	1.389079e-09	2.493651e+01	3.376630e+02
4.690000e-06	4.572097e-06	1.382443e-09	2.468640e+01	3.360078e+02
4.700000e-06	4.525433e-06	1.378097e-09	2.443445e+01	3.343210e+02
4.710000e-06	4.478587e-06	1.373788e-09	2.418151e+01	3.326029e+02
4.720000e-06	4.431377e-06	1.366761e-09	2.392660e+01	3.308533e+02
4.730000e-06	4.383910e-06	1.357811e-09	2.367031e+01	3.290726e+02
4.740000e-06	4.336212e-06	1.350498e-09	2.341277e+01	3.272608e+02
4.750000e-06	4.288002e-06	1.344186e-09	2.315247e+01	3.254183e+02
4.760000e-06	4.239481e-06	1.336992e-09	2.289049e+01	3.235454e+02
4.770000e-06	4.190734e-06	1.329237e-09	2.262728e+01	3.216425e+02
4.780000e-06	4.141661e-06	1.322016e-09	2.236232e+01	3.197100e+02
4.790000e-06	4.092140e-06	1.315342e-09	2.209494e+01	3.177483e+02
4.800000e-06	4.042208e-06	1.308282e-09	2.182534e+01	3.157580e+02
4.810000e-06	3.992009e-06	1.298947e-09	2.155430e+01	3.137395e+02
4.820000e-06	3.941626e-06	1.288311e-09	2.128226e+01	3.116934e+02
4.830000e-06	3.891017e-06	1.279032e-09	2.100901e+01	3.096202e+02
4.840000e-06	3.840032e-06	1.271141e-09	2.073372e+01	3.075203e+02
4.850000e-06	3.788725e-06	1.263918e-09	2.045670e+01	3.053944e+02
4.860000e-06	3.737162e-06	1.255566e-09	2.017829e+01	3.032428e+02
4.870000e-06	3.685334e-06	1.245536e-09	1.989845e+01	3.010660e+02
4.880000e-06	3.633198e-06	1.235860e-09	1.961694e+01	2.988644e+02
4.890000e-06	3.580756e-06	1.227185e-09	1.933379e+01	2.966383e+02
4.900000e-06	3.528057e-06	1.218407e-09	1.904925e+01	2.943881e+02
4.910000e-06	3.475134e-06	1.209563e-09	1.876350e+01	2.921141e+02
4.920000e-06	3.422031e-06	1.201561e-09	1.847678e+01	2.898162e+02
4.930000e-06	3.368564e-06	1.193601e-09	1.818809e+01	2.874948e+02
4.940000e-06	3.314573e-06	1.184793e-09	1.789658e+01	2.851498e+02
4.950000e-06	3.260178e-06	1.174223e-09	1.760288e+01	2.827812e+02
4.960000e-06	3.205345e-06	1.162646e-09	1.730682e+01	2.803889e+02
4.970000e-06	3.150081e-06	1.152008e-09	1.700842e+01	2.779727e+02
4.980000e-06	3.094593e-06	1.142173e-09	1.670882e+01	2.755324e+02
4.990000e-06	3.038826e-06	1.133302e-09	1.640772e+01	2.730677e+02
5.000000e-06	2.982763e-06	1.125388e-09	1.610501e+01	2.705781e+02
5.010000e-06	2.926560e-06	1.115490e-09	1.580155e+01	2.680633e+02
5.020000e-06	2.870346e-06	1.102925e-09	1.549803e+01	2.655227e+02
5.030000e-06	2.814046e-06	1.090828e-09	1.519405e+01	2.629558e+02
5.040000e-06	2.757567e-06	1.080329e-09	1.488910e+01	2.603619e+02
5.050000e-06	2.700852e-06	1.069437e-09	1.458288e+01	2.577404e+02
5.060000e-06	2.643991e-06	1.058534e-09	1.427586e+01	2.550907e+02
5.070000e-06	2.587141e-06	1.048981e-09	1.396891e+01	2.524118e+02
5.080000e-06	2.530050e-06	1.039657e-09	1.366066e+01	2.497030e+02
5.090000e-06	2.472612e-06	1.029650e-09	1.335052e+01	2.469636e+02
5.100000e-06	2.414911e-06	1.018390e-09	1.303897e+01	2.441925e+02
5.110000e-06	2.356990e-06	1.006211e-09	1.272624e+01	2.413888e+02
5.120000e-06	2.299023e-06	9.940270e-10	1.241325e+01	2.385516e+02
5.130000e-06	2.240997e-06	9.822335e-10	1.209995e+01	2.356799e+02
5.140000e-06	2.182754e-06	9.709368e-10	1.178548e+01	2.327725e+02
5.150000e-06	2.124394e-06	9.595343e-10	1.147037e+01	2.298284e+02
5.160000e-06	2.065961e-06	9.467941e-10	1.115487e+01	2.268464e+02
5.170000e-06	2.007377e-06	9.341268e-10	1.083855e+01	2.238251e+02
5.180000e-06	1.948706e-06	9.218358e-10	1.052177e+01	2.207634e+02
5.190000e-06	1.889836e-06	9.094524e-10	1.020390e+01	2.176598e+02
5.200000e-06	1.830668e-06	8.969305e-10	9.884440e+00	2.145128e+02
5.210000e-06	1.771350e-06	8.844864e-10	9.564156e+00	2.113209e+02
5.220000e-06	1.711960e-06	8.718586e-10	9.243489e+00	2.080825e+02
5.230000e-06	1.652538e-06	8.563742e-10	8.922648e+00	2.047958e+02
5.240000e-06	1.593125e-06	8.402665e-10	8.601856e+00	2.014591e+02
5.250000e-06	1.533571e-06	8.266910e-10	8.280306e+00	1.980705e+02
5.260000e-06	1.473766e-06	8.158029e-10	7.957393e+00	1.946279e+02
5.270000e-06	1.413797e-06	8.049794e-10	7.633600e+00	1.911295e+02
5.280000e-06	1.353738e-06	7.906437e-10	7.309319e+00	1.875729e+02
5.290000e-06	1.293680e-06	7.731310e-10	6.985045e+00	1.839561e+02
5.300000e-06	1.233603e-06	7.548149e-10	6.660668e+00	1.802769e+02
5.310000e-06	1.173492e-06	7.367192e-10	6.336105e+00	1.765329e+02
5.320000e-06	1.113409e-06	7.178500e-10	6.011697e+00	1.727219e+02
5.330000e-06	1.053212e-06	6.998377e-10	5.686670e+00	1.688417e+02
5.340000e-06	9.929149e-07	6.850775e-10	5.361106e+00	1.648900e+02
5.350000e-06	9.326478e-07	6.719488e-10	5.035702e+00	1.608646e+02
5.360000e-06	8.723207e-07	6.566896e-10	4.709974e+00	1.567635e+02
5.370000e-06	8.119287e-07	6.384934e-10	4.383896e+00	1.525847e+02
5.380000e-06	7.515453e-07	6.190792e-10	4.057864e+00	1.483263e+02
5.390000e-06	6.911653e-07	5.991117e-10	3.731851e+00	1.439866e+02
5.400000e-06	6.307058e-07	5.798769e-10	3.405408e+00	1.395643e+02
5.410000e-06	5.701503e-07	5.621323e-10	3.078447e+00	1.350581e+02
5.420000e-06	5.095506e-07	5.444546e-10	2.751248e+00	1.304671e+02
5.430000e-06	4.488937e-07	5.248324e-10	2.423739e+00	1.257905e+02
5.440000e-06	3.882395e-07	5.038447e-10	2.096245e+00	1.210282e+02
5.450000e-06	3.276275e-07	4.845568e-10	1.768979e+00	1.161800e+02
5.460000e-06	2.670240e-07	4.660882e-10	1.441759e+00	1.112465e+02
5.470000e-06	2.063449e-07	4.452858e-10	1.114131e+00	1.062284e+02
5.480000e-06	1.456570e-07	4.228319e-10	7.864547e-01	1.011270e+02
5.490000e-06	8.510334e-08	4.003793e-10	4.595036e-01	9.594389e+01
5.500000e-06	2.454052e-08	3.782123e-10	1.325031e-01	9.068115e+01
5.510000e-06	-3.603434e-08	3.564755e-10	-1.945624e-01	8.534129e+01
5.520000e-06	-9.658186e-08	3.347105e-10	-5.214803e-01	7.992726e+01
5.530000e-06	-1.571531e-07	3.128508e-10	-8.485260e-01	7.444240e+01
5.540000e-06	-2.178646e-07	2.914163e-10	-1.176330e+00	6.889049e+01
5.550000e-06	-2.785894e-07	2.695258e-10	-1.504204e+00	6.327567e+01
5.560000e-06	-3.391365e-07	2.460488e-10	-1.831120e+00	5.760245e+01
5.570000e-06	-3.996216e-07	2.213598e-10	-2.157701e+00	5.187570e+01
5.580000e-06	-4.601145e-07	1.967348e-10	-2.484324e+00	4.610054e+01
5.590000e-06	-5.205990e-07	1.724111e-10	-2.810902e+00	4.028239e+01
5.600000e-06	-5.810680e-07	1.488390e-10	-3.137396e+00	3.442688e+01
5.610000e-06	-6.415421e-07	1.260159e-10	-3.463917e+00	2.853980e+01
5.620000e-06	-7.020454e-07	1.017387e-10	-3.790596e+00	2.262708e+01
5.630000e-06	-7.625739e-07	7.572709e-11	-4.117412e+00	1.669472e+01
5.640000e-06	-8.230372e-07	5.063232e-11	-4.443875e+00	1.074875e+01
5.650000e-06	-8.834456e-07	2.720305e-11	-4.770042e+00	4.795173e+00
5.660000e-06	-9.437737e-07	4.340751e-12	-5.095775e+00	-1.160082e+00
5.670000e-06	-1.003956e-06	-1.895140e-11	-5.420723e+00	-7.111208e+00
5.680000e-06	-1.064068e-06	-4.331993e-11	-5.745289e+00	-1.305257e+01
5.690000e-06	-1.124140e-06	-6.845407e-11	-6.069637e+00	-1.897874e+01
5.700000e-06	-1.184174e-06	-9.351467e-11	-6.393783e+00	-2.488456e+01
5.710000e-06	-1.244171e-06	-1.176246e-10	-6.717727e+00	-3.076515e+01
5.720000e-06	-1.304184e-06	-1.409905e-10	-7.041759e+00	-3.661595e+01
5.730000e-06	-1.364209e-06	-1.638397e-10	-7.365859e+00	-4.243275e+01
5.740000e-06	-1.424163e-06	-1.862267e-10	-7.689570e+00	-4.821173e+01
5.750000e-06	-1.483960e-06	-2.090298e-10	-8.012438e+00	-5.394942e+01
5.760000e-06	-1.543619e-06	-2.334230e-10	-8.334557e+00	-5.964278e+01
5.770000e-06	-1.603178e-06	-2.586633e-10	-8.656138e+00	-6.528914e+01
5.780000e-06	-1.662608e-06	-2.837044e-10	-8.977022e+00	-7.088624e+01
5.790000e-06	-1.721863e-06	-3.085101e-10	-9.296961e+00	-7.643221e+01
5.800000e-06	-1.780957e-06	-3.320208e-10	-9.616030e+00	-8.192554e+01
5.810000e-06	-1.840044e-06	-3.539956e-10	-9.935063e+00	-8.736508e+01
5.820000e-06	-1.899152e-06	-3.757699e-10	-1.025420e+01	-9.275002e+01
5.830000e-06	-1.958024e-06	-3.976171e-10	-1.057208e+01	-9.807982e+01
5.840000e-06	-2.016693e-06	-4.197711e-10	-1.088885e+01	-1.033542e+02
5.850000e-06	-2.075329e-06	-4.414580e-10	-1.120545e+01	-1.085733e+02
5.860000e-06	-2.133683e-06	-4.621919e-10	-1.152053e+01	-1.137371e+02
5.870000e-06	-2.191811e-06	-4.835873e-10	-1.183438e+01	-1.188461e+02
5.880000e-06	-2.249834e-06	-5.050151e-10	-1.214767e+01	-1.239007e+02
5.890000e-06	-2.307665e-06	-5.263822e-10	-1.245992e+01	-1.289015e+02
5.900000e-06	-2.365361e-06	-5.475202e-10	-1.277144e+01	-1.338490e+02
5.910000e-06	-2.422850e-06	-5.684678e-10	-1.308184e+01	-1.387439e+02
5.920000e-06	-2.480082e-06	-5.892120e-10	-1.339086e+01	-1.435868e+02
5.930000e-06	-2.537111e-06	-6.092067e-10	-1.369878e+01	-1.483781e+02
5.940000e-06	-2.594005e-06	-6.289829e-10	-1.400597e+01	-1.531185e+02
5.950000e-06	-2.650745e-06	-6.484734e-10	-1.431233e+01	-1.578080e+02
5.960000e-06	-2.707287e-06	-6.684720e-10	-1.461762e+01	-1.624471e+02
5.970000e-06	-2.763705e-06	-6.895281e-10	-1.492224e+01	-1.670358e+02
5.980000e-06	-2.820051e-06	-7.104063e-10	-1.522647e+01	-1.715740e+02
5.990000e-06	-2.876285e-06	-7.292812e-10	-1.553010e+01	-1.760615e+02
6.000000e-06	-2.932284e-06	-7.469690e-10	-1.583246e+01	-1.804978e+02
6.010000e-06	-2.988143e-06	-7.646989e-10	-1.613406e+01	-1.848825e+02
6.020000e-06	-3.043969e-06	-7.816420e-10	-1.643549e+01	-1.892150e+02
6.030000e-06	-3.099495e-06	-7.978516e-10	-1.673529e+01	-1.934943e+02
6.040000e-06	-3.154569e-06	-8.146416e-10	-1.703265e+01	-1.977196e+02
6.050000e-06	-3.209278e-06	-8.317168e-10	-1.732805e+01	-2.018898e+02
6.060000e-06	-3.263606e-06	-8.495501e-10	-1.762139e+01	-2.060039e+02
6.070000e-06	-3.317641e-06	-8.681499e-10	-1.791314e+01	-2.100608e+02
6.080000e-06	-3.371292e-06	-8.853450e-10	-1.820282e+01	-2.140592e+02
6.090000e-06	-3.424541e-06	-9.013261e-10	-1.849033e+01	-2.179982e+02
6.100000e-06	-3.477450e-06	-9.178151e-10	-1.877601e+01	-2.218764e+02
6.110000e-06	-3.529974e-06	-9.340807e-10	-1.905960e+01	-2.256930e+02
6.120000e-06	-3.582311e-06	-9.489302e-10	-1.934219e+01	-2.294469e+02
6.130000e-06	-3.634507e-06	-9.632906e-10	-1.962402e+01	-2.331373e+02
6.140000e-06	-3.686367e-06	-9.777618e-10	-1.990403e+01	-2.367635e+02
6.150000e-06	-3.737887e-06	-9.924061e-10	-2.018220e+01	-2.403249e+02
6.160000e-06	-3.789197e-06	-1.007601e-09	-2.045924e+01	-2.438210e+02
6.170000e-06	-3.840183e-06	-1.022549e-09	-2.073453e+01	-2.472518e+02
6.180000e-06	-3.890901e-06	-1.036195e-09	-2.100838e+01	-2.506171e+02
6.190000e-06	-3.941305e-06	-1.048946e-09	-2.128053e+01	-2.539171e+02
6.200000e-06	-3.991233e-06	-1.062610e-09	-2.155011e+01	-2.571521e+02
6.210000e-06	-4.040881e-06	-1.077061e-09	-2.181817e+01	-2.603228e+02
6.220000e-06	-4.090133e-06	-1.090105e-09	-2.208410e+01	-2.634299e+02
6.230000e-06	-4.138958e-06	-1.101240e-09	-2.234773e+01	-2.664743e+02
6.240000e-06	-4.187534e-06	-1.112019e-09	-2.261000e+01	-2.694571e+02
6.250000e-06	-4.235900e-06	-1.123506e-09	-2.287115e+01	-2.723795e+02
6.260000e-06	-4.283905e-06	-1.135310e-09	-2.313035e+01	-2.752430e+02
6.270000e-06	-4.331356e-06	-1.146623e-09	-2.338655e+01	-2.780489e+02
6.280000e-06	-4.378469e-06	-1.158000e-09	-2.364093e+01	-2.807990e+02
6.290000e-06	-4.425300e-06	-1.169905e-09	-2.389379e+01	-2.834948e+02
6.300000e-06	-4.471838e-06	-1.181091e-09	-2.414507e+01	-2.861381e+02
6.310000e-06	-4.518272e-06	-1.191087e-09	-2.439578e+01	-2.887305e+02
6.320000e-06	-4.564529e-06	-1.200616e-09	-2.464554e+01	-2.912738e+02
6.330000e-06	-4.610316e-06	-1.209171e-09	-2.489276e+01	-2.937698e+02
6.340000e-06	-4.655654e-06	-1.217491e-09	-2.513756e+01	-2.962200e+02
6.350000e-06	-4.700754e-06	-1.227227e-09	-2.538107e+01	-2.986260e+02
6.360000e-06	-4.745539e-06	-1.237387e-09	-2.562288e+01	-3.009893e+02
6.370000e-06	-4.789953e-06	-1.247122e-09	-2.586269e+01	-3.033115e+02
6.380000e-06	-4.834109e-06	-1.256093e-09	-2.610110e+01	-3.055937e+02
6.390000e-06	-4.878106e-06	-1.265701e-09	-2.633865e+01	-3.078372e+02
6.400000e-06	-4.921900e-06	-1.276912e-09	-2.657512e+01	-3.100430e+02
6.410000e-06	-4.965414e-06	-1.287153e-09	-2.681006e+01	-3.122122e+02
6.420000e-06	-5.008561e-06	-1.294782e-09	-2.704303e+01	-3.143455e+02
6.430000e-06	-5.051299e-06	-1.302753e-09	-2.727379e+01	-3.164437e+02
6.440000e-06	-5.093642e-06	-1.312000e-09	-2.750241e+01	-3.185073e+02
6.450000e-06	-5.135720e-06	-1.321030e-09	-2.772961e+01	-3.205370e+02
6.460000e-06	-5.177509e-06	-1.329348e-09	-2.795524e+01	-3.225330e+02
6.470000e-06	-5.218779e-06	-1.336111e-09	-2.817807e+01	-3.244957e+02
6.480000e-06	-5.259655e-06	-1.342664e-09	-2.839877e+01	-3.264253e+02
6.490000e-06	-5.300257e-06	-1.350857e-09	-2.861800e+01	-3.283221e+02
6.500000e-06	-5.340584e-06	-1.359593e-09	-2.883574e+01	-3.301862e+02
6.510000e-06	-5.380752e-06	-1.366322e-09	-2.905262e+01	-3.320179e+02
6.520000e-06	-5.420672e-06	-1.372279e-09	-2.926816e+01	-3.338171e+02
6.530000e-06	-5.460144e-06	-1.379125e-09	-2.948129e+01	-3.355841e+02
6.540000e-06	-5.499024e-06	-1.386417e-09	-2.969121e+01	-3.373190e+02
6.550000e-06	-5.537258e-06	-1.393760e-09	-2.989765e+01	-3.390220e+02
6.560000e-06	-5.575021e-06	-1.399071e-09	-3.010155e+01	-3.406935e+02
6.570000e-06	-5.612246e-06	-1.403614e-09	-3.030254e+01	-3.423337e+02
6.580000e-06	-5.648942e-06	-1.410378e-09	-3.050068e+01	-3.439429e+02
6.590000e-06	-5.685260e-06	-1.417185e-09	-3.069677e+01	-3.455217e+02
6.600000e-06	-5.721286e-06	-1.422494e-09	-3.089129e+01	-3.470705e+02
6.610000e-06	-5.757072e-06	-1.427105e-09	-3.108451e+01	-3.485899e+02
6.620000e-06	-5.792470e-06	-1.431119e-09	-3.127564e+01	-3.500805e+02
6.630000e-06	-5.827497e-06	-1.436225e-09	-3.146476e+01	-3.515432e+02
6.640000e-06	-5.862070e-06	-1.443208e-09	-3.165143e+01	-3.529786e+02
6.650000e-06	-5.896167e-06	-1.449759e-09	-3.183553e+01	-3.543877e+02
6.660000e-06	-5.929971e-06	-1.454811e-09	-3.201805e+01	-3.557712e+02
6.670000e-06	-5.963488e-06	-1.460189e-09	-3.219902e+01	-3.571300e+02
6.680000e-06	-5.996309e-06	-1.466605e-09	-3.237623e+01	-3.584652e+02
6.690000e-06	-6.028658e-06	-1.472644e-09	-3.255090e+01	-3.597775e+02
6.700000e-06	-6.060909e-06	-1.477017e-09	-3.272504e+01	-3.610680e+02
6.710000e-06	-6.092806e-06	-1.480573e-09	-3.289726e+01	-3.623375e+02
6.720000e-06	-6.124232e-06	-1.485750e-09	-3.306694e+01	-3.635870e+02
6.730000e-06	-6.155073e-06	-1.492483e-09	-3.323346e+01	-3.648171e+02
6.740000e-06	-6.185253e-06	-1.498292e-09	-3.339641e+01	-3.660288e+02
6.750000e-06	-6.214628e-06	-1.502032e-09	-3.355502e+01	-3.672226e+02
6.760000e-06	-6.243414e-06	-1.504209e-09	-3.371045e+01	-3.683993e+02
6.770000e-06	-6.271926e-06	-1.507627e-09	-3.386439e+01	-3.695594e+02
6.780000e-06	-6.300128e-06	-1.513553e-09	-3.401667e+01	-3.707032e+02
6.790000e-06	-6.327909e-06	-1.518964e-09	-3.416667e+01	-3.718313e+02
6.800000e-06	-6.355296e-06	-1.522751e-09	-3.431454e+01	-3.729438e+02
6.810000e-06	-6.382329e-06	-1.526973e-09	-3.446050e+01	-3.740410e+02
6.820000e-06	-6.408828e-06	-1.532867e-09	-3.460358e+01	-3.751229e+02
6.830000e-06	-6.434798e-06	-1.538091e-09	-3.474380e+01	-3.761896e+02
6.840000e-06	-6.460407e-06	-1.540962e-09	-3.488207e+01	-3.772409e+02
6.850000e-06	-6.485658e-06	-1.542904e-09	-3.501841e+01	-3.782767e+02
6.860000e-06	-6.510425e-06	-1.545734e-09	-3.515213e+01	-3.792968e+02
6.870000e-06	-6.534757e-06	-1.549761e-09	-3.528351e+01	-3.803008e+02
6.880000e-06	-6.558819e-06	-1.554201e-09	-3.541343e+01	-3.812886e+02
6.890000e-06	-6.582651e-06	-1.556919e-09	-3.554211e+01	-3.822596e+02
6.900000e-06	-6.605907e-06	-1.558060e-09	-3.566767e+01	-3.832135e+02
6.910000e-06	-6.628353e-06	-1.561057e-09	-3.578887e+01	-3.841499e+02
6.920000e-06	-6.650069e-06	-1.566832e-09	-3.590612e+01	-3.850683e+02
6.930000e-06	-6.671042e-06	-1.573459e-09	-3.601936e+01	-3.859684e+02
6.940000e-06	-6.691502e-06	-1.578334e-09	-3.612983e+01	-3.868497e+02
6.950000e-06	-6.711741e-06	-1.580754e-09	-3.623911e+01	-3.877118e+02
6.960000e-06	-6.731773e-06	-1.582584e-09	-3.634727e+01	-3.885544e+02
6.970000e-06	-6.751366e-06	-1.585152e-09	-3.645306e+01	-3.893773e+02
6.980000e-06	-6.770400e-06	-1.587674e-09	-3.655583e+01	-3.901800e+02
6.990000e-06	-6.788923e-06	-1.589268e-09	-3.665585e+01	-3.909624e+02
7.000000e-06	-6.806936e-06	-1.590873e-09	-3.675311e+01	-3.917242e+02
7.010000e-06	-6.824439e-06	-1.593685e-09	-3.684761e+01	-3.924654e+02
7.020000e-06	-6.841563e-06	-1.596900e-09	-3.694007e+01	-3.931857e+02
7.030000e-06	-6.858329e-06	-1.598548e-09	-3.703059e+01	-3.938853e+02
7.040000e-06	-6.874709e-06	-1.598926e-09	-3.711904e+01	-3.945639e+02
7.050000e-06	-6.890838e-06	-1.599591e-09	-3.720612e+01	-3.952217e+02
7.060000e-06	-6.906578e-06	-1.602777e-09	-3.729110e+01	-3.958588e+02
7.070000e-06	-6.921533e-06	-1.607328e-09	-3.737186e+01	-3.964751e+02
7.080000e-06	-6.935552e-06	-1.609893e-09	-3.744755e+01	-3.970708e+02
7.090000e-06	-6.948817e-06	-1.610891e-09	-3.751917e+01	-3.976459e+02
7.100000e-06	-6.961570e-06	-1.612124e-09	-3.758803e+01	-3.982007e+02
7.110000e-06	-6.973822e-06	-1.613956e-09	-3.765418e+01	-3.987352e+02
7.120000e-06	-6.985491e-06	-1.615819e-09	-3.771719e+01	-3.992496e+02
7.130000e-06	-6.996602e-06	-1.618010e-09	-3.777718e+01	-3.997439e+02
7.140000e-06	-7.007203e-06	-1.619529e-09	-3.783442e+01	-4.002183e+02
7.150000e-06	-7.017382e-06	-1.620272e-09	-3.788938e+01	-4.006728e+02
7.160000e-06	-7.027109e-06	-1.621014e-09	-3.794190e+01	-4.011075e+02
7.170000e-06	-7.036145e-06	-1.620923e-09	-3.799069e+01	-4.015226e+02
7.180000e-06	-7.044634e-06	-1.619918e-09	-3.803652e+01	-4.019179e+02
7.190000e-06	-7.052859e-06	-1.620096e-09	-3.808093e+01	-4.022936e+02
7.200000e-06	-7.060811e-06	-1.621430e-09	-3.812386e+01	-4.026496e+02
7.210000e-06	-7.068436e-06	-1.622123e-09	-3.816504e+01	-4.029859e+02
7.220000e-06	-7.075438e-06	-1.622248e-09	-3.820284e+01	-4.033025e+02
7.230000e-06	-7.081582e-06	-1.622569e-09	-3.823602e+01	-4.035993e+02
7.240000e-06	-7.087018e-06	-1.623820e-09	-3.826537e+01	-4.038764e+02
7.250000e-06	-7.091886e-06	-1.625530e-09	-3.829165e+01	-4.041337e+02
7.260000e-06	-7.096286e-06	-1.625538e-09	-3.831541e+01	-4.043712e+02
7.270000e-06	-7.100273e-06	-1.624798e-09	-3.833694e+01	-4.045889e+02
7.280000e-06	-7.103840e-06	-1.625738e-09	-3.835620e+01	-4.047869e+02
7.290000e-06	-7.106927e-06	-1.626926e-09	-3.837286e+01	-4.049650e+02
7.300000e-06	-7.109537e-06	-1.626651e-09	-3.838696e+01	-4.051236e+02
7.310000e-06	-7.111779e-06	-1.626140e-09	-3.839906e+01	-4.052626e+02
7.320000e-06	-7.113562e-06	-1.626445e-09	-3.840869e+01	-4.053823e+02
7.330000e-06	-7.114650e-06	-1.627046e-09	-3.841456e+01	-4.054828e+02
7.340000e-06	-7.115222e-06	-1.627776e-09	-3.841765e+01	-4.055643e+02
