# Temperatura_=_19.2
# Concentracion g/m^3_=_7400.0
# C_Vs_to_Am_M_A/Vsm_=_254322799225.57578
# pendiente_HvsI_1/m_=_3716.3
# ordenada_HvsI_A/m_=_1297.0
# frecuencia_Hz_=_136126.7030452881

Tiempo_(s)	Campo_(V.s)	Magnetizacion_(V.s)	Campo_(kA/m)	Magnetizacion_(A/m)
0.000000e+00	-7.098126e-06	-1.729684e-09	-3.841719e+01	-4.347895e+02
1.000000e-08	-7.098229e-06	-1.728176e-09	-3.841775e+01	-4.348642e+02
2.000000e-08	-7.097971e-06	-1.726505e-09	-3.841635e+01	-4.349247e+02
3.000000e-08	-7.097385e-06	-1.724472e-09	-3.841318e+01	-4.349715e+02
4.000000e-08	-7.096164e-06	-1.723538e-09	-3.840657e+01	-4.350048e+02
5.000000e-08	-7.094090e-06	-1.724994e-09	-3.839534e+01	-4.350247e+02
6.000000e-08	-7.091262e-06	-1.726811e-09	-3.838004e+01	-4.350316e+02
7.000000e-08	-7.087842e-06	-1.728166e-09	-3.836153e+01	-4.350255e+02
8.000000e-08	-7.083962e-06	-1.725431e-09	-3.834053e+01	-4.350063e+02
9.000000e-08	-7.079583e-06	-1.708868e-09	-3.831683e+01	-4.349742e+02
1.000000e-07	-7.074565e-06	-1.697483e-09	-3.828967e+01	-4.349291e+02
1.100000e-07	-7.068970e-06	-1.719953e-09	-3.825939e+01	-4.348708e+02
1.200000e-07	-7.063055e-06	-1.739526e-09	-3.822737e+01	-4.347993e+02
1.300000e-07	-7.056891e-06	-1.713504e-09	-3.819402e+01	-4.347144e+02
1.400000e-07	-7.050212e-06	-1.690391e-09	-3.815786e+01	-4.346158e+02
1.500000e-07	-7.043033e-06	-1.717701e-09	-3.811901e+01	-4.345035e+02
1.600000e-07	-7.035489e-06	-1.735147e-09	-3.807818e+01	-4.343771e+02
1.700000e-07	-7.027607e-06	-1.692086e-09	-3.803552e+01	-4.342364e+02
1.800000e-07	-7.019193e-06	-1.665812e-09	-3.798998e+01	-4.340813e+02
1.900000e-07	-7.010028e-06	-1.707555e-09	-3.794038e+01	-4.339114e+02
2.000000e-07	-7.000336e-06	-1.730301e-09	-3.788792e+01	-4.337266e+02
2.100000e-07	-6.990087e-06	-1.689553e-09	-3.783245e+01	-4.335266e+02
2.200000e-07	-6.979117e-06	-1.669595e-09	-3.777308e+01	-4.333113e+02
2.300000e-07	-6.967558e-06	-1.697557e-09	-3.771052e+01	-4.330806e+02
2.400000e-07	-6.955505e-06	-1.699848e-09	-3.764528e+01	-4.328342e+02
2.500000e-07	-6.942878e-06	-1.673394e-09	-3.757694e+01	-4.325721e+02
2.600000e-07	-6.929587e-06	-1.681471e-09	-3.750501e+01	-4.322943e+02
2.700000e-07	-6.915723e-06	-1.699105e-09	-3.742997e+01	-4.320007e+02
2.800000e-07	-6.901321e-06	-1.683762e-09	-3.735202e+01	-4.316912e+02
2.900000e-07	-6.886211e-06	-1.677273e-09	-3.727024e+01	-4.313659e+02
3.000000e-07	-6.870201e-06	-1.690931e-09	-3.718359e+01	-4.310248e+02
3.100000e-07	-6.853567e-06	-1.674855e-09	-3.709356e+01	-4.306680e+02
3.200000e-07	-6.836585e-06	-1.652549e-09	-3.700165e+01	-4.302955e+02
3.300000e-07	-6.819282e-06	-1.676753e-09	-3.690800e+01	-4.299074e+02
3.400000e-07	-6.801583e-06	-1.693198e-09	-3.681221e+01	-4.295039e+02
3.500000e-07	-6.783355e-06	-1.662152e-09	-3.671356e+01	-4.290849e+02
3.600000e-07	-6.764537e-06	-1.650374e-09	-3.661170e+01	-4.286507e+02
3.700000e-07	-6.745210e-06	-1.673232e-09	-3.650710e+01	-4.282012e+02
3.800000e-07	-6.725578e-06	-1.665174e-09	-3.640085e+01	-4.277365e+02
3.900000e-07	-6.705579e-06	-1.643621e-09	-3.629261e+01	-4.272567e+02
4.000000e-07	-6.685155e-06	-1.655285e-09	-3.618206e+01	-4.267618e+02
4.100000e-07	-6.664364e-06	-1.661429e-09	-3.606954e+01	-4.262518e+02
4.200000e-07	-6.643092e-06	-1.644577e-09	-3.595441e+01	-4.257266e+02
4.300000e-07	-6.621397e-06	-1.647542e-09	-3.583699e+01	-4.251863e+02
4.400000e-07	-6.599372e-06	-1.653269e-09	-3.571778e+01	-4.246307e+02
4.500000e-07	-6.576822e-06	-1.632893e-09	-3.559574e+01	-4.240597e+02
4.600000e-07	-6.553651e-06	-1.629095e-09	-3.547033e+01	-4.234732e+02
4.700000e-07	-6.530081e-06	-1.646264e-09	-3.534276e+01	-4.228711e+02
4.800000e-07	-6.506237e-06	-1.637726e-09	-3.521371e+01	-4.222530e+02
4.900000e-07	-6.482021e-06	-1.620302e-09	-3.508264e+01	-4.216189e+02
5.000000e-07	-6.457331e-06	-1.625843e-09	-3.494901e+01	-4.209685e+02
5.100000e-07	-6.431914e-06	-1.624516e-09	-3.481145e+01	-4.203016e+02
5.200000e-07	-6.405710e-06	-1.611022e-09	-3.466962e+01	-4.196180e+02
5.300000e-07	-6.378822e-06	-1.614908e-09	-3.452410e+01	-4.189174e+02
5.400000e-07	-6.351366e-06	-1.619938e-09	-3.437550e+01	-4.181997e+02
5.500000e-07	-6.323587e-06	-1.608958e-09	-3.422515e+01	-4.174646e+02
5.600000e-07	-6.295586e-06	-1.606559e-09	-3.407360e+01	-4.167120e+02
5.700000e-07	-6.267213e-06	-1.609879e-09	-3.392004e+01	-4.159418e+02
5.800000e-07	-6.238329e-06	-1.597888e-09	-3.376371e+01	-4.151538e+02
5.900000e-07	-6.209002e-06	-1.588053e-09	-3.360498e+01	-4.143480e+02
6.000000e-07	-6.179302e-06	-1.591802e-09	-3.344424e+01	-4.135243e+02
6.100000e-07	-6.149209e-06	-1.589394e-09	-3.328136e+01	-4.126827e+02
6.200000e-07	-6.118650e-06	-1.581462e-09	-3.311597e+01	-4.118233e+02
6.300000e-07	-6.087544e-06	-1.579730e-09	-3.294762e+01	-4.109460e+02
6.400000e-07	-6.056053e-06	-1.574551e-09	-3.277718e+01	-4.100511e+02
6.500000e-07	-6.024288e-06	-1.563582e-09	-3.260526e+01	-4.091386e+02
6.600000e-07	-5.992248e-06	-1.559955e-09	-3.243185e+01	-4.082086e+02
6.700000e-07	-5.959791e-06	-1.559127e-09	-3.225618e+01	-4.072614e+02
6.800000e-07	-5.926804e-06	-1.551712e-09	-3.207764e+01	-4.062971e+02
6.900000e-07	-5.893249e-06	-1.545848e-09	-3.189603e+01	-4.053158e+02
7.000000e-07	-5.858990e-06	-1.542499e-09	-3.171061e+01	-4.043178e+02
7.100000e-07	-5.824103e-06	-1.535538e-09	-3.152179e+01	-4.033032e+02
7.200000e-07	-5.788726e-06	-1.529398e-09	-3.133032e+01	-4.022721e+02
7.300000e-07	-5.753018e-06	-1.526364e-09	-3.113706e+01	-4.012245e+02
7.400000e-07	-5.717086e-06	-1.522784e-09	-3.094259e+01	-4.001606e+02
7.500000e-07	-5.680857e-06	-1.519093e-09	-3.074650e+01	-3.990802e+02
7.600000e-07	-5.644292e-06	-1.515895e-09	-3.054860e+01	-3.979834e+02
7.700000e-07	-5.607346e-06	-1.509551e-09	-3.034864e+01	-3.968699e+02
7.800000e-07	-5.569993e-06	-1.500099e-09	-3.014648e+01	-3.957395e+02
7.900000e-07	-5.532230e-06	-1.493089e-09	-2.994209e+01	-3.945920e+02
8.000000e-07	-5.493930e-06	-1.487950e-09	-2.973480e+01	-3.934270e+02
8.100000e-07	-5.455113e-06	-1.482706e-09	-2.952471e+01	-3.922439e+02
8.200000e-07	-5.415984e-06	-1.478049e-09	-2.931293e+01	-3.910423e+02
8.300000e-07	-5.376560e-06	-1.472753e-09	-2.909956e+01	-3.898216e+02
8.400000e-07	-5.336908e-06	-1.465911e-09	-2.888495e+01	-3.885810e+02
8.500000e-07	-5.297071e-06	-1.459007e-09	-2.866934e+01	-3.873199e+02
8.600000e-07	-5.256856e-06	-1.452246e-09	-2.845168e+01	-3.860374e+02
8.700000e-07	-5.216167e-06	-1.446007e-09	-2.823146e+01	-3.847328e+02
8.800000e-07	-5.175063e-06	-1.440919e-09	-2.800899e+01	-3.834051e+02
8.900000e-07	-5.133506e-06	-1.435014e-09	-2.778408e+01	-3.820534e+02
9.000000e-07	-5.091271e-06	-1.428018e-09	-2.755549e+01	-3.806770e+02
9.100000e-07	-5.048324e-06	-1.420495e-09	-2.732305e+01	-3.792748e+02
9.200000e-07	-5.004981e-06	-1.412322e-09	-2.708846e+01	-3.778462e+02
9.300000e-07	-4.961439e-06	-1.404923e-09	-2.685280e+01	-3.763902e+02
9.400000e-07	-4.917662e-06	-1.399513e-09	-2.661586e+01	-3.749061e+02
9.500000e-07	-4.873670e-06	-1.394015e-09	-2.637777e+01	-3.733932e+02
9.600000e-07	-4.829389e-06	-1.387352e-09	-2.613810e+01	-3.718510e+02
9.700000e-07	-4.784785e-06	-1.380148e-09	-2.589669e+01	-3.702788e+02
9.800000e-07	-4.739827e-06	-1.372655e-09	-2.565337e+01	-3.686764e+02
9.900000e-07	-4.694460e-06	-1.365287e-09	-2.540782e+01	-3.670433e+02
1.000000e-06	-4.648838e-06	-1.357942e-09	-2.516091e+01	-3.653793e+02
1.010000e-06	-4.602888e-06	-1.350776e-09	-2.491221e+01	-3.636844e+02
1.020000e-06	-4.556520e-06	-1.345217e-09	-2.466125e+01	-3.619585e+02
1.030000e-06	-4.509770e-06	-1.340642e-09	-2.440823e+01	-3.602018e+02
1.040000e-06	-4.462588e-06	-1.334861e-09	-2.415287e+01	-3.584145e+02
1.050000e-06	-4.415101e-06	-1.328514e-09	-2.389585e+01	-3.565968e+02
1.060000e-06	-4.367437e-06	-1.321839e-09	-2.363788e+01	-3.547492e+02
1.070000e-06	-4.319637e-06	-1.314974e-09	-2.337917e+01	-3.528721e+02
1.080000e-06	-4.271657e-06	-1.308309e-09	-2.311949e+01	-3.509661e+02
1.090000e-06	-4.223333e-06	-1.300989e-09	-2.285794e+01	-3.490317e+02
1.100000e-06	-4.174607e-06	-1.293024e-09	-2.259422e+01	-3.470695e+02
1.110000e-06	-4.125629e-06	-1.284916e-09	-2.232914e+01	-3.450800e+02
1.120000e-06	-4.076237e-06	-1.276604e-09	-2.206182e+01	-3.430639e+02
1.130000e-06	-4.026268e-06	-1.267526e-09	-2.179137e+01	-3.410218e+02
1.140000e-06	-3.975894e-06	-1.257797e-09	-2.151873e+01	-3.389541e+02
1.150000e-06	-3.925036e-06	-1.249456e-09	-2.124348e+01	-3.368614e+02
1.160000e-06	-3.873722e-06	-1.243214e-09	-2.096574e+01	-3.347440e+02
1.170000e-06	-3.822133e-06	-1.236224e-09	-2.068653e+01	-3.326023e+02
1.180000e-06	-3.770307e-06	-1.227942e-09	-2.040603e+01	-3.304365e+02
1.190000e-06	-3.718261e-06	-1.218949e-09	-2.012435e+01	-3.282466e+02
1.200000e-06	-3.665952e-06	-1.209585e-09	-1.984123e+01	-3.260329e+02
1.210000e-06	-3.613218e-06	-1.201461e-09	-1.955582e+01	-3.237950e+02
1.220000e-06	-3.560208e-06	-1.194887e-09	-1.926891e+01	-3.215330e+02
1.230000e-06	-3.506989e-06	-1.187611e-09	-1.898088e+01	-3.192465e+02
1.240000e-06	-3.453564e-06	-1.178432e-09	-1.869173e+01	-3.169350e+02
1.250000e-06	-3.399991e-06	-1.169190e-09	-1.840177e+01	-3.145981e+02
1.260000e-06	-3.346024e-06	-1.159619e-09	-1.810969e+01	-3.122353e+02
1.270000e-06	-3.291799e-06	-1.149753e-09	-1.781620e+01	-3.098458e+02
1.280000e-06	-3.237461e-06	-1.140578e-09	-1.752211e+01	-3.074290e+02
1.290000e-06	-3.182784e-06	-1.131843e-09	-1.722618e+01	-3.049841e+02
1.300000e-06	-3.127868e-06	-1.122968e-09	-1.692896e+01	-3.025104e+02
1.310000e-06	-3.072819e-06	-1.113735e-09	-1.663102e+01	-3.000071e+02
1.320000e-06	-3.017555e-06	-1.103765e-09	-1.633191e+01	-2.974733e+02
1.330000e-06	-2.962114e-06	-1.092113e-09	-1.603185e+01	-2.949082e+02
1.340000e-06	-2.906496e-06	-1.079923e-09	-1.573083e+01	-2.923112e+02
1.350000e-06	-2.850770e-06	-1.068928e-09	-1.542923e+01	-2.896815e+02
1.360000e-06	-2.794966e-06	-1.059547e-09	-1.512720e+01	-2.870183e+02
1.370000e-06	-2.738970e-06	-1.051232e-09	-1.482413e+01	-2.843212e+02
1.380000e-06	-2.682857e-06	-1.042806e-09	-1.452043e+01	-2.815894e+02
1.390000e-06	-2.626648e-06	-1.033078e-09	-1.421621e+01	-2.788225e+02
1.400000e-06	-2.570171e-06	-1.021730e-09	-1.391054e+01	-2.760199e+02
1.410000e-06	-2.513573e-06	-1.009959e-09	-1.360421e+01	-2.731812e+02
1.420000e-06	-2.456967e-06	-9.986822e-10	-1.329784e+01	-2.703061e+02
1.430000e-06	-2.400045e-06	-9.875120e-10	-1.298976e+01	-2.673940e+02
1.440000e-06	-2.342708e-06	-9.768718e-10	-1.267944e+01	-2.644447e+02
1.450000e-06	-2.284992e-06	-9.670299e-10	-1.236706e+01	-2.614575e+02
1.460000e-06	-2.226864e-06	-9.564052e-10	-1.205246e+01	-2.584321e+02
1.470000e-06	-2.168554e-06	-9.446199e-10	-1.173687e+01	-2.553679e+02
1.480000e-06	-2.110062e-06	-9.326451e-10	-1.142029e+01	-2.522643e+02
1.490000e-06	-2.051279e-06	-9.207877e-10	-1.110214e+01	-2.491204e+02
1.500000e-06	-1.992287e-06	-9.086591e-10	-1.078286e+01	-2.459354e+02
1.510000e-06	-1.933072e-06	-8.968001e-10	-1.046237e+01	-2.427080e+02
1.520000e-06	-1.873760e-06	-8.851243e-10	-1.014135e+01	-2.394370e+02
1.530000e-06	-1.814384e-06	-8.727863e-10	-9.819989e+00	-2.361209e+02
1.540000e-06	-1.754958e-06	-8.604309e-10	-9.498362e+00	-2.327578e+02
1.550000e-06	-1.695518e-06	-8.486471e-10	-9.176653e+00	-2.293457e+02
1.560000e-06	-1.635983e-06	-8.369460e-10	-8.854430e+00	-2.258823e+02
1.570000e-06	-1.576348e-06	-8.247712e-10	-8.531669e+00	-2.223650e+02
1.580000e-06	-1.516621e-06	-8.124514e-10	-8.208407e+00	-2.187908e+02
1.590000e-06	-1.456866e-06	-7.994817e-10	-7.884995e+00	-2.151567e+02
1.600000e-06	-1.397006e-06	-7.857378e-10	-7.561018e+00	-2.114592e+02
1.610000e-06	-1.337042e-06	-7.717950e-10	-7.236470e+00	-2.076947e+02
1.620000e-06	-1.277127e-06	-7.578014e-10	-6.912193e+00	-2.038593e+02
1.630000e-06	-1.217131e-06	-7.440924e-10	-6.587480e+00	-1.999489e+02
1.640000e-06	-1.156900e-06	-7.299132e-10	-6.261493e+00	-1.959594e+02
1.650000e-06	-1.096625e-06	-7.148173e-10	-5.935264e+00	-1.918864e+02
1.660000e-06	-1.036489e-06	-6.994625e-10	-5.609791e+00	-1.877257e+02
1.670000e-06	-9.762731e-07	-6.838152e-10	-5.283883e+00	-1.834729e+02
1.680000e-06	-9.158663e-07	-6.684031e-10	-4.956943e+00	-1.791237e+02
1.690000e-06	-8.554675e-07	-6.538747e-10	-4.630047e+00	-1.746741e+02
1.700000e-06	-7.950434e-07	-6.396008e-10	-4.303014e+00	-1.701202e+02
1.710000e-06	-7.344864e-07	-6.244826e-10	-3.975261e+00	-1.654582e+02
1.720000e-06	-6.739295e-07	-6.080682e-10	-3.647509e+00	-1.606850e+02
1.730000e-06	-6.133207e-07	-5.907610e-10	-3.319476e+00	-1.557975e+02
1.740000e-06	-5.525371e-07	-5.729156e-10	-2.990497e+00	-1.507935e+02
1.750000e-06	-4.917274e-07	-5.545311e-10	-2.661376e+00	-1.456709e+02
1.760000e-06	-4.308467e-07	-5.361374e-10	-2.331872e+00	-1.404285e+02
1.770000e-06	-3.698335e-07	-5.166418e-10	-2.001650e+00	-1.350656e+02
1.780000e-06	-3.088693e-07	-4.953942e-10	-1.671693e+00	-1.295823e+02
1.790000e-06	-2.479958e-07	-4.750426e-10	-1.342228e+00	-1.239793e+02
1.800000e-06	-1.872146e-07	-4.555654e-10	-1.013262e+00	-1.182582e+02
1.810000e-06	-1.264563e-07	-4.344465e-10	-6.844195e-01	-1.124211e+02
1.820000e-06	-6.559718e-08	-4.117373e-10	-3.550316e-01	-1.064713e+02
1.830000e-06	-4.610785e-09	-3.879450e-10	-2.495495e-02	-1.004125e+02
1.840000e-06	5.639922e-08	-3.635341e-10	3.052495e-01	-9.424943e+01
1.850000e-06	1.173660e-07	-3.403488e-10	6.352202e-01	-8.798739e+01
1.860000e-06	1.782952e-07	-3.182276e-10	9.649873e-01	-8.163251e+01
1.870000e-06	2.392347e-07	-2.946191e-10	1.294810e+00	-7.519157e+01
1.880000e-06	3.003103e-07	-2.689137e-10	1.625370e+00	-6.867198e+01
1.890000e-06	3.613672e-07	-2.425581e-10	1.955828e+00	-6.208171e+01
1.900000e-06	4.223085e-07	-2.162673e-10	2.285661e+00	-5.542923e+01
1.910000e-06	4.831692e-07	-1.903062e-10	2.615057e+00	-4.872345e+01
1.920000e-06	5.439040e-07	-1.645996e-10	2.943772e+00	-4.197359e+01
1.930000e-06	6.045852e-07	-1.376520e-10	3.272197e+00	-3.518915e+01
1.940000e-06	6.652736e-07	-1.089246e-10	3.600660e+00	-2.837978e+01
1.950000e-06	7.259226e-07	-8.057546e-11	3.928911e+00	-2.155522e+01
1.960000e-06	7.864780e-07	-5.336956e-11	4.256655e+00	-1.472518e+01
1.970000e-06	8.470214e-07	-2.629115e-11	4.584334e+00	-7.899249e+00
1.980000e-06	9.075446e-07	9.173376e-13	4.911904e+00	-1.086827e+00
1.990000e-06	9.679760e-07	2.808078e-11	5.238977e+00	5.702980e+00
2.000000e-06	1.028293e-06	5.547354e-11	5.565428e+00	1.246144e+01
2.010000e-06	1.088516e-06	8.204846e-11	5.891373e+00	1.918026e+01
2.020000e-06	1.148724e-06	1.073833e-10	6.217238e+00	2.585168e+01
2.030000e-06	1.208874e-06	1.331744e-10	6.542789e+00	3.246849e+01
2.040000e-06	1.268923e-06	1.586538e-10	6.867791e+00	3.902413e+01
2.050000e-06	1.328929e-06	1.823760e-10	7.192564e+00	4.551271e+01
2.060000e-06	1.388873e-06	2.049234e-10	7.516996e+00	5.192904e+01
2.070000e-06	1.448687e-06	2.281828e-10	7.840732e+00	5.826865e+01
2.080000e-06	1.508429e-06	2.534141e-10	8.164071e+00	6.452782e+01
2.090000e-06	1.568135e-06	2.784261e-10	8.487220e+00	7.070355e+01
2.100000e-06	1.627806e-06	3.015099e-10	8.810175e+00	7.679358e+01
2.110000e-06	1.687442e-06	3.236112e-10	9.132941e+00	8.279636e+01
2.120000e-06	1.746995e-06	3.453501e-10	9.455259e+00	8.871102e+01
2.130000e-06	1.806451e-06	3.673661e-10	9.777057e+00	9.453733e+01
2.140000e-06	1.865863e-06	3.898512e-10	1.009861e+01	1.002757e+02
2.150000e-06	1.925262e-06	4.114106e-10	1.042010e+01	1.059269e+02
2.160000e-06	1.984517e-06	4.311534e-10	1.074080e+01	1.114926e+02
2.170000e-06	2.043469e-06	4.497468e-10	1.105987e+01	1.169744e+02
2.180000e-06	2.102042e-06	4.679940e-10	1.137688e+01	1.223746e+02
2.190000e-06	2.160262e-06	4.877045e-10	1.169199e+01	1.276957e+02
2.200000e-06	2.218290e-06	5.086526e-10	1.200605e+01	1.329403e+02
2.210000e-06	2.276132e-06	5.278144e-10	1.231911e+01	1.381115e+02
2.220000e-06	2.333697e-06	5.457261e-10	1.263067e+01	1.432122e+02
2.230000e-06	2.390848e-06	5.643501e-10	1.293999e+01	1.482453e+02
2.240000e-06	2.447661e-06	5.828687e-10	1.324747e+01	1.532139e+02
2.250000e-06	2.504311e-06	6.003693e-10	1.355408e+01	1.581208e+02
2.260000e-06	2.560729e-06	6.168896e-10	1.385943e+01	1.629688e+02
2.270000e-06	2.616924e-06	6.325114e-10	1.416358e+01	1.677605e+02
2.280000e-06	2.672955e-06	6.487709e-10	1.446684e+01	1.724981e+02
2.290000e-06	2.728841e-06	6.659365e-10	1.476931e+01	1.771839e+02
2.300000e-06	2.784616e-06	6.828100e-10	1.507118e+01	1.818195e+02
2.310000e-06	2.840305e-06	6.989703e-10	1.537258e+01	1.864066e+02
2.320000e-06	2.895885e-06	7.143690e-10	1.567340e+01	1.909463e+02
2.330000e-06	2.951322e-06	7.297251e-10	1.597344e+01	1.954396e+02
2.340000e-06	3.006623e-06	7.458792e-10	1.627275e+01	1.998870e+02
2.350000e-06	3.061737e-06	7.624129e-10	1.657104e+01	2.042889e+02
2.360000e-06	3.116743e-06	7.780080e-10	1.686875e+01	2.086453e+02
2.370000e-06	3.171465e-06	7.927136e-10	1.716492e+01	2.129559e+02
2.380000e-06	3.225817e-06	8.075955e-10	1.745909e+01	2.172203e+02
2.390000e-06	3.280022e-06	8.231214e-10	1.775246e+01	2.214378e+02
2.400000e-06	3.334102e-06	8.384246e-10	1.804516e+01	2.256076e+02
2.410000e-06	3.387908e-06	8.529747e-10	1.833638e+01	2.297286e+02
2.420000e-06	3.441416e-06	8.681532e-10	1.862598e+01	2.337998e+02
2.430000e-06	3.494708e-06	8.840689e-10	1.891441e+01	2.378199e+02
2.440000e-06	3.547751e-06	8.998751e-10	1.920150e+01	2.417879e+02
2.450000e-06	3.600585e-06	9.143512e-10	1.948745e+01	2.457023e+02
2.460000e-06	3.653181e-06	9.267913e-10	1.977211e+01	2.495621e+02
2.470000e-06	3.705473e-06	9.394677e-10	2.005513e+01	2.533660e+02
2.480000e-06	3.757381e-06	9.538356e-10	2.033607e+01	2.571131e+02
2.490000e-06	3.808955e-06	9.689288e-10	2.061521e+01	2.608023e+02
2.500000e-06	3.860328e-06	9.832862e-10	2.089325e+01	2.644327e+02
2.510000e-06	3.911336e-06	9.959009e-10	2.116933e+01	2.680038e+02
2.520000e-06	3.961828e-06	1.007793e-09	2.144260e+01	2.715148e+02
2.530000e-06	4.011895e-06	1.020014e-09	2.171358e+01	2.749654e+02
2.540000e-06	4.061645e-06	1.032380e-09	2.198284e+01	2.783554e+02
2.550000e-06	4.110998e-06	1.045168e-09	2.224996e+01	2.816847e+02
2.560000e-06	4.159774e-06	1.057921e-09	2.251395e+01	2.849533e+02
2.570000e-06	4.208066e-06	1.070555e-09	2.277532e+01	2.881614e+02
2.580000e-06	4.256190e-06	1.083482e-09	2.303578e+01	2.913095e+02
2.590000e-06	4.304122e-06	1.095324e-09	2.329520e+01	2.943979e+02
2.600000e-06	4.351736e-06	1.105452e-09	2.355290e+01	2.974274e+02
2.610000e-06	4.399042e-06	1.115412e-09	2.380894e+01	3.003987e+02
2.620000e-06	4.445986e-06	1.126315e-09	2.406301e+01	3.033125e+02
2.630000e-06	4.492643e-06	1.138062e-09	2.431553e+01	3.061697e+02
2.640000e-06	4.539036e-06	1.150358e-09	2.456662e+01	3.089714e+02
2.650000e-06	4.585119e-06	1.161525e-09	2.481604e+01	3.117183e+02
2.660000e-06	4.630854e-06	1.171303e-09	2.506357e+01	3.144117e+02
2.670000e-06	4.676313e-06	1.181179e-09	2.530961e+01	3.170524e+02
2.680000e-06	4.721510e-06	1.191258e-09	2.555423e+01	3.196416e+02
2.690000e-06	4.766418e-06	1.200661e-09	2.579728e+01	3.221801e+02
2.700000e-06	4.811055e-06	1.209122e-09	2.603887e+01	3.246691e+02
2.710000e-06	4.855307e-06	1.217988e-09	2.627838e+01	3.271095e+02
2.720000e-06	4.899296e-06	1.227567e-09	2.651646e+01	3.295022e+02
2.730000e-06	4.943139e-06	1.237682e-09	2.675375e+01	3.318482e+02
2.740000e-06	4.986738e-06	1.247393e-09	2.698972e+01	3.341484e+02
2.750000e-06	5.029927e-06	1.255317e-09	2.722347e+01	3.364035e+02
2.760000e-06	5.072565e-06	1.262137e-09	2.745425e+01	3.386145e+02
2.770000e-06	5.114729e-06	1.270251e-09	2.768245e+01	3.407821e+02
2.780000e-06	5.156453e-06	1.279535e-09	2.790827e+01	3.429072e+02
2.790000e-06	5.197602e-06	1.287358e-09	2.813098e+01	3.449905e+02
2.800000e-06	5.238140e-06	1.293738e-09	2.835039e+01	3.470328e+02
2.810000e-06	5.278214e-06	1.300569e-09	2.856728e+01	3.490349e+02
2.820000e-06	5.318041e-06	1.308330e-09	2.878283e+01	3.509977e+02
2.830000e-06	5.357607e-06	1.316170e-09	2.899698e+01	3.529219e+02
2.840000e-06	5.396905e-06	1.323304e-09	2.920967e+01	3.548084e+02
2.850000e-06	5.435901e-06	1.329407e-09	2.942073e+01	3.566582e+02
2.860000e-06	5.474467e-06	1.335351e-09	2.962946e+01	3.584721e+02
2.870000e-06	5.512750e-06	1.342115e-09	2.983666e+01	3.602511e+02
2.880000e-06	5.550696e-06	1.349383e-09	3.004203e+01	3.619962e+02
2.890000e-06	5.588082e-06	1.356158e-09	3.024438e+01	3.637086e+02
2.900000e-06	5.624971e-06	1.362824e-09	3.044403e+01	3.653893e+02
2.910000e-06	5.661619e-06	1.370928e-09	3.064238e+01	3.670396e+02
2.920000e-06	5.697995e-06	1.380087e-09	3.083926e+01	3.686605e+02
2.930000e-06	5.734008e-06	1.387676e-09	3.103417e+01	3.702534e+02
2.940000e-06	5.769713e-06	1.392908e-09	3.122742e+01	3.718194e+02
2.950000e-06	5.805118e-06	1.397904e-09	3.141904e+01	3.733600e+02
2.960000e-06	5.840190e-06	1.404318e-09	3.160886e+01	3.748763e+02
2.970000e-06	5.874758e-06	1.411318e-09	3.179596e+01	3.763697e+02
2.980000e-06	5.908602e-06	1.417728e-09	3.197913e+01	3.778414e+02
2.990000e-06	5.941721e-06	1.424058e-09	3.215838e+01	3.792927e+02
3.000000e-06	5.974270e-06	1.430444e-09	3.233455e+01	3.807247e+02
3.010000e-06	6.006387e-06	1.436515e-09	3.250837e+01	3.821387e+02
3.020000e-06	6.038192e-06	1.442268e-09	3.268051e+01	3.835358e+02
3.030000e-06	6.069721e-06	1.446873e-09	3.285115e+01	3.849169e+02
3.040000e-06	6.100859e-06	1.450061e-09	3.301968e+01	3.862830e+02
3.050000e-06	6.131502e-06	1.453598e-09	3.318553e+01	3.876350e+02
3.060000e-06	6.161758e-06	1.458969e-09	3.334928e+01	3.889736e+02
3.070000e-06	6.191617e-06	1.465995e-09	3.351089e+01	3.902994e+02
3.080000e-06	6.220973e-06	1.472177e-09	3.366978e+01	3.916131e+02
3.090000e-06	6.249888e-06	1.477115e-09	3.382627e+01	3.929150e+02
3.100000e-06	6.278399e-06	1.482861e-09	3.398058e+01	3.942054e+02
3.110000e-06	6.306564e-06	1.489087e-09	3.413302e+01	3.954845e+02
3.120000e-06	6.334431e-06	1.495224e-09	3.428384e+01	3.967523e+02
3.130000e-06	6.362021e-06	1.500506e-09	3.443317e+01	3.980088e+02
3.140000e-06	6.389218e-06	1.503987e-09	3.458037e+01	3.992538e+02
3.150000e-06	6.415832e-06	1.507350e-09	3.472441e+01	4.004870e+02
3.160000e-06	6.441772e-06	1.511308e-09	3.486481e+01	4.017080e+02
3.170000e-06	6.466981e-06	1.515590e-09	3.500124e+01	4.029164e+02
3.180000e-06	6.491574e-06	1.520516e-09	3.513435e+01	4.041116e+02
3.190000e-06	6.515640e-06	1.526086e-09	3.526460e+01	4.052929e+02
3.200000e-06	6.539267e-06	1.532197e-09	3.539248e+01	4.064597e+02
3.210000e-06	6.562456e-06	1.537289e-09	3.551798e+01	4.076111e+02
3.220000e-06	6.585171e-06	1.541069e-09	3.564092e+01	4.087463e+02
3.230000e-06	6.607579e-06	1.545272e-09	3.576220e+01	4.098646e+02
3.240000e-06	6.629585e-06	1.549193e-09	3.588130e+01	4.109649e+02
3.250000e-06	6.651028e-06	1.551961e-09	3.599736e+01	4.120465e+02
3.260000e-06	6.671939e-06	1.556174e-09	3.611054e+01	4.131084e+02
3.270000e-06	6.692440e-06	1.562618e-09	3.622149e+01	4.141498e+02
3.280000e-06	6.712589e-06	1.569671e-09	3.633055e+01	4.151698e+02
3.290000e-06	6.732408e-06	1.575728e-09	3.643781e+01	4.161676e+02
3.300000e-06	6.751952e-06	1.580012e-09	3.654359e+01	4.171423e+02
3.310000e-06	6.771076e-06	1.583608e-09	3.664710e+01	4.180931e+02
3.320000e-06	6.789527e-06	1.588043e-09	3.674696e+01	4.190195e+02
3.330000e-06	6.807370e-06	1.592909e-09	3.684353e+01	4.199207e+02
3.340000e-06	6.824750e-06	1.597653e-09	3.693760e+01	4.207960e+02
3.350000e-06	6.841719e-06	1.601849e-09	3.702944e+01	4.216450e+02
3.360000e-06	6.858331e-06	1.604849e-09	3.711935e+01	4.224673e+02
3.370000e-06	6.874436e-06	1.607686e-09	3.720651e+01	4.232622e+02
3.380000e-06	6.889886e-06	1.611653e-09	3.729013e+01	4.240297e+02
3.390000e-06	6.904815e-06	1.616952e-09	3.737093e+01	4.247693e+02
3.400000e-06	6.919123e-06	1.622761e-09	3.744837e+01	4.254810e+02
3.410000e-06	6.932848e-06	1.628980e-09	3.752266e+01	4.261645e+02
3.420000e-06	6.946146e-06	1.634437e-09	3.759463e+01	4.268199e+02
3.430000e-06	6.958983e-06	1.636833e-09	3.766410e+01	4.274472e+02
3.440000e-06	6.971329e-06	1.636970e-09	3.773093e+01	4.280466e+02
3.450000e-06	6.983186e-06	1.637595e-09	3.779510e+01	4.286181e+02
3.460000e-06	6.994611e-06	1.640057e-09	3.785694e+01	4.291620e+02
3.470000e-06	7.005406e-06	1.643430e-09	3.791536e+01	4.296787e+02
3.480000e-06	7.015449e-06	1.646583e-09	3.796972e+01	4.301684e+02
3.490000e-06	7.024740e-06	1.649721e-09	3.802000e+01	4.306317e+02
3.500000e-06	7.033315e-06	1.652743e-09	3.806641e+01	4.310690e+02
3.510000e-06	7.041313e-06	1.656148e-09	3.810970e+01	4.314809e+02
3.520000e-06	7.048891e-06	1.659188e-09	3.815071e+01	4.318679e+02
3.530000e-06	7.056049e-06	1.660909e-09	3.818946e+01	4.322305e+02
3.540000e-06	7.062844e-06	1.662140e-09	3.822623e+01	4.325696e+02
3.550000e-06	7.069259e-06	1.663512e-09	3.826095e+01	4.328857e+02
3.560000e-06	7.075084e-06	1.665083e-09	3.829248e+01	4.331795e+02
3.570000e-06	7.080290e-06	1.667360e-09	3.832066e+01	4.334518e+02
3.580000e-06	7.084931e-06	1.670616e-09	3.834577e+01	4.337032e+02
3.590000e-06	7.089146e-06	1.673972e-09	3.836859e+01	4.339345e+02
3.600000e-06	7.093138e-06	1.676716e-09	3.839019e+01	4.341463e+02
3.610000e-06	7.096890e-06	1.679198e-09	3.841050e+01	4.343395e+02
3.620000e-06	7.100105e-06	1.681078e-09	3.842790e+01	4.345146e+02
3.630000e-06	7.102641e-06	1.682107e-09	3.844163e+01	4.346723e+02
3.640000e-06	7.104447e-06	1.682372e-09	3.845140e+01	4.348133e+02
3.650000e-06	7.105478e-06	1.683860e-09	3.845698e+01	4.349381e+02
3.660000e-06	7.105949e-06	1.687013e-09	3.845953e+01	4.350474e+02
3.670000e-06	7.106036e-06	1.688981e-09	3.846000e+01	4.351415e+02
3.680000e-06	7.105793e-06	1.689714e-09	3.845869e+01	4.352210e+02
3.690000e-06	7.105129e-06	1.689512e-09	3.845509e+01	4.352863e+02
3.700000e-06	7.103861e-06	1.689771e-09	3.844823e+01	4.353377e+02
3.710000e-06	7.102119e-06	1.691586e-09	3.843880e+01	4.353755e+02
3.720000e-06	7.099997e-06	1.693354e-09	3.842732e+01	4.354000e+02
3.730000e-06	7.097312e-06	1.691719e-09	3.841278e+01	4.354113e+02
3.740000e-06	7.094090e-06	1.687731e-09	3.839534e+01	4.354096e+02
3.750000e-06	7.090413e-06	1.698366e-09	3.837545e+01	4.353948e+02
3.760000e-06	7.086197e-06	1.726557e-09	3.835263e+01	4.353671e+02
3.770000e-06	7.081193e-06	1.720931e-09	3.832554e+01	4.353264e+02
3.780000e-06	7.075550e-06	1.674442e-09	3.829500e+01	4.352726e+02
3.790000e-06	7.069446e-06	1.674605e-09	3.826197e+01	4.352056e+02
3.800000e-06	7.062906e-06	1.717938e-09	3.822657e+01	4.351253e+02
3.810000e-06	7.056015e-06	1.722333e-09	3.818927e+01	4.350314e+02
3.820000e-06	7.048725e-06	1.679879e-09	3.814982e+01	4.349237e+02
3.830000e-06	7.040976e-06	1.683987e-09	3.810788e+01	4.348021e+02
3.840000e-06	7.032700e-06	1.744030e-09	3.806309e+01	4.346663e+02
3.850000e-06	7.023901e-06	1.738142e-09	3.801546e+01	4.345161e+02
3.860000e-06	7.014544e-06	1.669310e-09	3.796482e+01	4.343512e+02
3.870000e-06	7.004735e-06	1.669499e-09	3.791173e+01	4.341715e+02
3.880000e-06	6.994572e-06	1.732355e-09	3.785672e+01	4.339767e+02
3.890000e-06	6.983930e-06	1.725874e-09	3.779913e+01	4.337666e+02
3.900000e-06	6.972708e-06	1.673402e-09	3.773839e+01	4.335411e+02
3.910000e-06	6.960933e-06	1.695780e-09	3.767466e+01	4.333000e+02
3.920000e-06	6.948535e-06	1.742464e-09	3.760756e+01	4.330433e+02
3.930000e-06	6.935398e-06	1.707004e-09	3.753646e+01	4.327708e+02
3.940000e-06	6.921449e-06	1.672387e-09	3.746096e+01	4.324825e+02
3.950000e-06	6.906847e-06	1.714139e-09	3.738193e+01	4.321784e+02
3.960000e-06	6.891675e-06	1.731457e-09	3.729981e+01	4.318584e+02
3.970000e-06	6.875985e-06	1.688467e-09	3.721489e+01	4.315227e+02
3.980000e-06	6.859944e-06	1.694403e-09	3.712808e+01	4.311711e+02
3.990000e-06	6.843493e-06	1.731326e-09	3.703904e+01	4.308040e+02
4.000000e-06	6.826469e-06	1.698230e-09	3.694690e+01	4.304212e+02
4.010000e-06	6.808933e-06	1.667505e-09	3.685199e+01	4.300228e+02
4.020000e-06	6.790964e-06	1.710978e-09	3.675473e+01	4.296091e+02
4.030000e-06	6.772535e-06	1.725359e-09	3.665499e+01	4.291800e+02
4.040000e-06	6.753693e-06	1.682637e-09	3.655301e+01	4.287357e+02
4.050000e-06	6.734470e-06	1.689503e-09	3.644897e+01	4.282761e+02
4.060000e-06	6.714792e-06	1.721323e-09	3.634247e+01	4.278014e+02
4.070000e-06	6.694775e-06	1.693945e-09	3.623413e+01	4.273116e+02
4.080000e-06	6.674464e-06	1.676376e-09	3.612420e+01	4.268067e+02
4.090000e-06	6.653637e-06	1.707175e-09	3.601148e+01	4.262867e+02
4.100000e-06	6.632048e-06	1.703526e-09	3.589464e+01	4.257516e+02
4.110000e-06	6.609690e-06	1.680503e-09	3.577362e+01	4.252011e+02
4.120000e-06	6.586695e-06	1.700560e-09	3.564917e+01	4.246354e+02
4.130000e-06	6.563074e-06	1.705934e-09	3.552133e+01	4.240542e+02
4.140000e-06	6.539080e-06	1.675391e-09	3.539147e+01	4.234573e+02
4.150000e-06	6.514766e-06	1.680035e-09	3.525987e+01	4.228447e+02
4.160000e-06	6.490047e-06	1.698011e-09	3.512608e+01	4.222160e+02
4.170000e-06	6.465065e-06	1.680405e-09	3.499087e+01	4.215711e+02
4.180000e-06	6.439660e-06	1.676819e-09	3.485337e+01	4.209098e+02
4.190000e-06	6.413727e-06	1.693875e-09	3.471302e+01	4.202319e+02
4.200000e-06	6.387312e-06	1.680293e-09	3.457005e+01	4.195370e+02
4.210000e-06	6.360272e-06	1.666895e-09	3.442370e+01	4.188251e+02
4.220000e-06	6.332751e-06	1.681372e-09	3.427475e+01	4.180960e+02
4.230000e-06	6.304896e-06	1.676813e-09	3.412399e+01	4.173493e+02
4.240000e-06	6.276762e-06	1.659739e-09	3.397172e+01	4.165851e+02
4.250000e-06	6.248317e-06	1.668404e-09	3.381777e+01	4.158031e+02
4.260000e-06	6.219367e-06	1.672917e-09	3.366108e+01	4.150033e+02
4.270000e-06	6.189853e-06	1.658536e-09	3.350134e+01	4.141857e+02
4.280000e-06	6.159772e-06	1.658314e-09	3.333853e+01	4.133501e+02
4.290000e-06	6.128988e-06	1.662728e-09	3.317192e+01	4.124967e+02
4.300000e-06	6.097487e-06	1.653276e-09	3.300143e+01	4.116255e+02
4.310000e-06	6.065527e-06	1.652000e-09	3.282845e+01	4.107365e+02
4.320000e-06	6.033297e-06	1.658991e-09	3.265401e+01	4.098299e+02
4.330000e-06	6.000801e-06	1.652343e-09	3.247814e+01	4.089058e+02
4.340000e-06	5.967842e-06	1.643215e-09	3.229975e+01	4.079644e+02
4.350000e-06	5.934375e-06	1.643952e-09	3.211862e+01	4.070058e+02
4.360000e-06	5.900535e-06	1.641506e-09	3.193546e+01	4.060303e+02
4.370000e-06	5.866348e-06	1.636340e-09	3.175044e+01	4.050379e+02
4.380000e-06	5.831811e-06	1.636366e-09	3.156351e+01	4.040289e+02
4.390000e-06	5.796852e-06	1.633699e-09	3.137431e+01	4.030033e+02
4.400000e-06	5.761448e-06	1.627682e-09	3.118269e+01	4.019613e+02
4.410000e-06	5.725702e-06	1.625574e-09	3.098922e+01	4.009029e+02
4.420000e-06	5.689709e-06	1.623232e-09	3.079441e+01	3.998281e+02
4.430000e-06	5.653518e-06	1.618544e-09	3.059854e+01	3.987369e+02
4.440000e-06	5.617007e-06	1.616211e-09	3.040093e+01	3.976290e+02
4.450000e-06	5.579885e-06	1.614543e-09	3.020001e+01	3.965044e+02
4.460000e-06	5.542181e-06	1.610843e-09	2.999595e+01	3.953627e+02
4.470000e-06	5.503818e-06	1.606972e-09	2.978832e+01	3.942037e+02
4.480000e-06	5.464794e-06	1.601930e-09	2.957711e+01	3.930267e+02
4.490000e-06	5.425280e-06	1.595603e-09	2.936325e+01	3.918315e+02
4.500000e-06	5.385386e-06	1.592155e-09	2.914732e+01	3.906173e+02
4.510000e-06	5.345264e-06	1.590373e-09	2.893018e+01	3.893835e+02
4.520000e-06	5.304859e-06	1.586091e-09	2.871149e+01	3.881294e+02
4.530000e-06	5.264067e-06	1.580476e-09	2.849071e+01	3.868542e+02
4.540000e-06	5.222913e-06	1.575584e-09	2.826797e+01	3.855571e+02
4.550000e-06	5.181416e-06	1.571669e-09	2.804338e+01	3.842372e+02
4.560000e-06	5.139621e-06	1.568687e-09	2.781717e+01	3.828937e+02
4.570000e-06	5.097481e-06	1.565881e-09	2.758910e+01	3.815257e+02
4.580000e-06	5.054904e-06	1.562196e-09	2.735866e+01	3.801323e+02
4.590000e-06	5.011938e-06	1.557811e-09	2.712611e+01	3.787127e+02
4.600000e-06	4.968593e-06	1.553328e-09	2.689152e+01	3.772660e+02
4.610000e-06	4.924972e-06	1.548311e-09	2.665543e+01	3.757914e+02
4.620000e-06	4.881157e-06	1.542462e-09	2.641829e+01	3.742883e+02
4.630000e-06	4.837125e-06	1.536012e-09	2.617997e+01	3.727560e+02
4.640000e-06	4.792872e-06	1.529208e-09	2.594046e+01	3.711939e+02
4.650000e-06	4.748362e-06	1.523214e-09	2.569956e+01	3.696017e+02
4.660000e-06	4.703499e-06	1.517734e-09	2.545675e+01	3.679789e+02
4.670000e-06	4.658287e-06	1.511693e-09	2.521205e+01	3.663253e+02
4.680000e-06	4.612719e-06	1.504526e-09	2.496542e+01	3.646408e+02
4.690000e-06	4.566738e-06	1.496688e-09	2.471656e+01	3.629253e+02
4.700000e-06	4.520321e-06	1.490344e-09	2.446533e+01	3.611789e+02
4.710000e-06	4.473563e-06	1.485096e-09	2.421227e+01	3.594019e+02
4.720000e-06	4.426511e-06	1.479251e-09	2.395760e+01	3.575944e+02
4.730000e-06	4.379162e-06	1.472512e-09	2.370134e+01	3.557568e+02
4.740000e-06	4.331546e-06	1.464974e-09	2.344363e+01	3.538896e+02
4.750000e-06	4.283609e-06	1.457305e-09	2.318418e+01	3.519932e+02
4.760000e-06	4.235282e-06	1.450424e-09	2.292262e+01	3.500683e+02
4.770000e-06	4.186490e-06	1.442956e-09	2.265854e+01	3.481153e+02
4.780000e-06	4.137400e-06	1.434751e-09	2.239285e+01	3.461349e+02
4.790000e-06	4.088025e-06	1.426840e-09	2.212562e+01	3.441278e+02
4.800000e-06	4.038216e-06	1.418901e-09	2.185604e+01	3.420943e+02
4.810000e-06	3.988111e-06	1.410711e-09	2.158485e+01	3.400352e+02
4.820000e-06	3.937809e-06	1.401348e-09	2.131261e+01	3.379509e+02
4.830000e-06	3.887176e-06	1.391393e-09	2.103856e+01	3.358417e+02
4.840000e-06	3.836191e-06	1.382253e-09	2.076262e+01	3.337082e+02
4.850000e-06	3.784926e-06	1.374476e-09	2.048516e+01	3.315504e+02
4.860000e-06	3.733353e-06	1.366412e-09	2.020603e+01	3.293687e+02
4.870000e-06	3.681584e-06	1.356916e-09	1.992584e+01	3.271630e+02
4.880000e-06	3.629691e-06	1.347190e-09	1.964498e+01	3.249332e+02
4.890000e-06	3.577552e-06	1.337489e-09	1.936279e+01	3.226794e+02
4.900000e-06	3.525135e-06	1.328438e-09	1.907909e+01	3.204011e+02
4.910000e-06	3.472352e-06	1.319564e-09	1.879341e+01	3.180981e+02
4.920000e-06	3.419229e-06	1.309768e-09	1.850589e+01	3.157698e+02
4.930000e-06	3.365762e-06	1.299763e-09	1.821652e+01	3.134158e+02
4.940000e-06	3.311815e-06	1.290872e-09	1.792453e+01	3.110353e+02
4.950000e-06	3.257483e-06	1.282681e-09	1.763048e+01	3.086278e+02
4.960000e-06	3.202763e-06	1.272986e-09	1.733432e+01	3.061925e+02
4.970000e-06	3.147686e-06	1.261490e-09	1.703622e+01	3.037285e+02
4.980000e-06	3.092403e-06	1.250404e-09	1.673701e+01	3.012352e+02
4.990000e-06	3.036849e-06	1.240339e-09	1.643634e+01	2.987117e+02
5.000000e-06	2.981003e-06	1.230190e-09	1.613408e+01	2.961573e+02
5.010000e-06	2.925008e-06	1.219605e-09	1.583102e+01	2.935711e+02
5.020000e-06	2.868913e-06	1.207957e-09	1.552742e+01	2.909524e+02
5.030000e-06	2.812656e-06	1.196071e-09	1.522294e+01	2.883006e+02
5.040000e-06	2.756207e-06	1.184378e-09	1.491742e+01	2.856149e+02
5.050000e-06	2.699676e-06	1.172025e-09	1.461146e+01	2.828948e+02
5.060000e-06	2.642979e-06	1.159548e-09	1.430460e+01	2.801397e+02
5.070000e-06	2.586075e-06	1.147283e-09	1.399661e+01	2.773491e+02
5.080000e-06	2.529065e-06	1.135800e-09	1.368806e+01	2.745227e+02
5.090000e-06	2.471962e-06	1.125494e-09	1.337900e+01	2.716598e+02
5.100000e-06	2.414690e-06	1.115067e-09	1.306903e+01	2.687602e+02
5.110000e-06	2.357072e-06	1.102702e-09	1.275718e+01	2.658233e+02
5.120000e-06	2.299205e-06	1.088344e-09	1.244399e+01	2.628489e+02
5.130000e-06	2.241197e-06	1.074679e-09	1.213003e+01	2.598364e+02
5.140000e-06	2.183093e-06	1.062981e-09	1.181556e+01	2.567853e+02
5.150000e-06	2.124946e-06	1.051266e-09	1.150085e+01	2.536950e+02
5.160000e-06	2.066614e-06	1.038089e-09	1.118514e+01	2.505647e+02
5.170000e-06	2.008089e-06	1.024977e-09	1.086838e+01	2.473935e+02
5.180000e-06	1.949400e-06	1.012969e-09	1.055074e+01	2.441805e+02
5.190000e-06	1.890544e-06	1.000155e-09	1.023219e+01	2.409243e+02
5.200000e-06	1.831703e-06	9.863999e-10	9.913726e+00	2.376235e+02
5.210000e-06	1.772840e-06	9.727066e-10	9.595145e+00	2.342764e+02
5.220000e-06	1.713699e-06	9.572578e-10	9.275052e+00	2.308809e+02
5.230000e-06	1.654321e-06	9.400308e-10	8.953680e+00	2.274350e+02
5.240000e-06	1.594842e-06	9.235441e-10	8.631762e+00	2.239360e+02
5.250000e-06	1.535244e-06	9.086810e-10	8.309199e+00	2.203812e+02
5.260000e-06	1.475529e-06	8.958384e-10	7.986008e+00	2.167675e+02
5.270000e-06	1.415694e-06	8.836746e-10	7.662160e+00	2.130916e+02
5.280000e-06	1.355773e-06	8.692881e-10	7.337848e+00	2.093499e+02
5.290000e-06	1.295869e-06	8.520240e-10	7.013631e+00	2.055387e+02
5.300000e-06	1.235995e-06	8.323633e-10	6.689577e+00	2.016538e+02
5.310000e-06	1.175983e-06	8.118269e-10	6.364771e+00	1.976912e+02
5.320000e-06	1.115898e-06	7.921337e-10	6.039575e+00	1.936466e+02
5.330000e-06	1.055846e-06	7.740896e-10	5.714554e+00	1.895157e+02
5.340000e-06	9.957662e-07	7.576178e-10	5.389386e+00	1.852942e+02
5.350000e-06	9.356259e-07	7.416565e-10	5.063888e+00	1.809777e+02
5.360000e-06	8.754321e-07	7.249206e-10	4.738101e+00	1.765621e+02
5.370000e-06	8.151725e-07	7.069303e-10	4.411958e+00	1.720434e+02
5.380000e-06	7.548645e-07	6.865874e-10	4.085553e+00	1.674180e+02
5.390000e-06	6.945032e-07	6.638637e-10	3.758860e+00	1.626822e+02
5.400000e-06	6.340605e-07	6.415706e-10	3.431726e+00	1.578332e+02
5.410000e-06	5.737031e-07	6.210824e-10	3.105053e+00	1.528683e+02
5.420000e-06	5.133459e-07	6.009862e-10	2.778382e+00	1.477855e+02
5.430000e-06	4.529124e-07	5.800276e-10	2.451298e+00	1.425832e+02
5.440000e-06	3.924919e-07	5.587821e-10	2.124284e+00	1.372606e+02
5.450000e-06	3.320547e-07	5.377332e-10	1.797180e+00	1.318175e+02
5.460000e-06	2.715487e-07	5.156099e-10	1.469703e+00	1.262543e+02
5.470000e-06	2.109809e-07	4.917391e-10	1.141892e+00	1.205724e+02
5.480000e-06	1.504962e-07	4.675008e-10	8.145305e-01	1.147738e+02
5.490000e-06	9.007087e-08	4.430713e-10	4.874906e-01	1.088613e+02
5.500000e-06	2.959968e-08	4.182319e-10	1.602023e-01	1.028384e+02
5.510000e-06	-3.095912e-08	3.932042e-10	-1.675601e-01	9.670961e+01
5.520000e-06	-9.150740e-08	3.680087e-10	-4.952656e-01	9.047998e+01
5.530000e-06	-1.519753e-07	3.433491e-10	-8.225362e-01	8.415541e+01
5.540000e-06	-2.124884e-07	3.196253e-10	-1.150051e+00	7.774244e+01
5.550000e-06	-2.729899e-07	2.953541e-10	-1.477504e+00	7.124828e+01
5.560000e-06	-3.333719e-07	2.687238e-10	-1.804309e+00	6.468073e+01
5.570000e-06	-3.936872e-07	2.408461e-10	-2.130753e+00	5.804810e+01
5.580000e-06	-4.540041e-07	2.132235e-10	-2.457207e+00	5.135915e+01
5.590000e-06	-5.143105e-07	1.862409e-10	-2.783603e+00	4.462302e+01
5.600000e-06	-5.746266e-07	1.599211e-10	-3.110051e+00	3.784912e+01
5.610000e-06	-6.349710e-07	1.337404e-10	-3.436654e+00	3.104706e+01
5.620000e-06	-6.952627e-07	1.076575e-10	-3.762971e+00	2.422656e+01
5.630000e-06	-7.554819e-07	8.162927e-11	-4.088895e+00	1.739735e+01
5.640000e-06	-8.156901e-07	5.546471e-11	-4.414760e+00	1.056907e+01
5.650000e-06	-8.758641e-07	2.833877e-11	-4.740439e+00	3.751199e+00
5.660000e-06	-9.360284e-07	4.122553e-13	-5.066067e+00	-3.047058e+00
5.670000e-06	-9.961645e-07	-2.658957e-11	-5.391541e+00	-9.816833e+00
5.680000e-06	-1.056261e-06	-5.298876e-11	-5.716801e+00	-1.654968e+01
5.690000e-06	-1.116334e-06	-7.960380e-11	-6.041933e+00	-2.323765e+01
5.700000e-06	-1.176378e-06	-1.063180e-10	-6.366910e+00	-2.987334e+01
5.710000e-06	-1.236331e-06	-1.334678e-10	-6.691394e+00	-3.644999e+01
5.720000e-06	-1.296252e-06	-1.606043e-10	-7.015704e+00	-4.296146e+01
5.730000e-06	-1.356203e-06	-1.859272e-10	-7.340177e+00	-4.940232e+01
5.740000e-06	-1.416095e-06	-2.101991e-10	-7.664331e+00	-5.576788e+01
5.750000e-06	-1.475805e-06	-2.359113e-10	-7.987502e+00	-6.205415e+01
5.760000e-06	-1.535244e-06	-2.621491e-10	-8.309200e+00	-6.825790e+01
5.770000e-06	-1.594538e-06	-2.875115e-10	-8.630120e+00	-7.437662e+01
5.780000e-06	-1.653843e-06	-3.124250e-10	-8.951095e+00	-8.040854e+01
5.790000e-06	-1.713082e-06	-3.371508e-10	-9.271713e+00	-8.635255e+01
5.800000e-06	-1.772140e-06	-3.614128e-10	-9.591352e+00	-9.220822e+01
5.810000e-06	-1.831106e-06	-3.849908e-10	-9.910495e+00	-9.797572e+01
5.820000e-06	-1.889950e-06	-4.079400e-10	-1.022898e+01	-1.036558e+02
5.830000e-06	-1.948592e-06	-4.306204e-10	-1.054637e+01	-1.092497e+02
5.840000e-06	-2.007148e-06	-4.532127e-10	-1.086329e+01	-1.147592e+02
5.850000e-06	-2.065538e-06	-4.758166e-10	-1.117931e+01	-1.201862e+02
5.860000e-06	-2.123640e-06	-4.982039e-10	-1.149378e+01	-1.255333e+02
5.870000e-06	-2.181653e-06	-5.201467e-10	-1.180776e+01	-1.308031e+02
5.880000e-06	-2.239562e-06	-5.421734e-10	-1.212118e+01	-1.359983e+02
5.890000e-06	-2.297294e-06	-5.648923e-10	-1.243364e+01	-1.411221e+02
5.900000e-06	-2.354799e-06	-5.874598e-10	-1.274488e+01	-1.461773e+02
5.910000e-06	-2.412050e-06	-6.088571e-10	-1.305474e+01	-1.511670e+02
5.920000e-06	-2.469162e-06	-6.298507e-10	-1.336384e+01	-1.560941e+02
5.930000e-06	-2.526088e-06	-6.510155e-10	-1.367195e+01	-1.609614e+02
5.940000e-06	-2.582830e-06	-6.721426e-10	-1.397905e+01	-1.657715e+02
5.950000e-06	-2.639402e-06	-6.933471e-10	-1.428524e+01	-1.705268e+02
5.960000e-06	-2.695863e-06	-7.141802e-10	-1.459082e+01	-1.752295e+02
5.970000e-06	-2.752285e-06	-7.338515e-10	-1.489619e+01	-1.798816e+02
5.980000e-06	-2.808546e-06	-7.526168e-10	-1.520069e+01	-1.844847e+02
5.990000e-06	-2.864647e-06	-7.714042e-10	-1.550433e+01	-1.890400e+02
6.000000e-06	-2.920647e-06	-7.901593e-10	-1.580742e+01	-1.935486e+02
6.010000e-06	-2.976521e-06	-8.085917e-10	-1.610982e+01	-1.980112e+02
6.020000e-06	-3.032237e-06	-8.268296e-10	-1.641138e+01	-2.024281e+02
6.030000e-06	-3.087606e-06	-8.446044e-10	-1.671105e+01	-2.067996e+02
6.040000e-06	-3.142541e-06	-8.620112e-10	-1.700837e+01	-2.111254e+02
6.050000e-06	-3.197226e-06	-8.791928e-10	-1.730435e+01	-2.154052e+02
6.060000e-06	-3.251665e-06	-8.969557e-10	-1.759899e+01	-2.196384e+02
6.070000e-06	-3.305714e-06	-9.151907e-10	-1.789152e+01	-2.238241e+02
6.080000e-06	-3.359380e-06	-9.322988e-10	-1.818197e+01	-2.279614e+02
6.090000e-06	-3.412602e-06	-9.491971e-10	-1.847003e+01	-2.320492e+02
6.100000e-06	-3.465415e-06	-9.662649e-10	-1.875586e+01	-2.360865e+02
6.110000e-06	-3.517893e-06	-9.822447e-10	-1.903989e+01	-2.400719e+02
6.120000e-06	-3.570069e-06	-9.976047e-10	-1.932228e+01	-2.440042e+02
6.130000e-06	-3.622104e-06	-1.013211e-09	-1.960391e+01	-2.478822e+02
6.140000e-06	-3.673970e-06	-1.029224e-09	-1.988463e+01	-2.517048e+02
6.150000e-06	-3.725525e-06	-1.045435e-09	-2.016366e+01	-2.554709e+02
6.160000e-06	-3.776771e-06	-1.061688e-09	-2.044102e+01	-2.591794e+02
6.170000e-06	-3.827705e-06	-1.078176e-09	-2.071669e+01	-2.628294e+02
6.180000e-06	-3.878263e-06	-1.093908e-09	-2.099032e+01	-2.664203e+02
6.190000e-06	-3.928518e-06	-1.108096e-09	-2.126232e+01	-2.699513e+02
6.200000e-06	-3.978558e-06	-1.122352e-09	-2.153315e+01	-2.734220e+02
6.210000e-06	-4.028319e-06	-1.137327e-09	-2.180247e+01	-2.768321e+02
6.220000e-06	-4.077800e-06	-1.151823e-09	-2.207028e+01	-2.801816e+02
6.230000e-06	-4.126974e-06	-1.164741e-09	-2.233642e+01	-2.834703e+02
6.240000e-06	-4.175729e-06	-1.176902e-09	-2.260030e+01	-2.866985e+02
6.250000e-06	-4.223925e-06	-1.188951e-09	-2.286115e+01	-2.898664e+02
6.260000e-06	-4.271624e-06	-1.200981e-09	-2.311931e+01	-2.929746e+02
6.270000e-06	-4.318893e-06	-1.213742e-09	-2.337515e+01	-2.960236e+02
6.280000e-06	-4.365817e-06	-1.226738e-09	-2.362911e+01	-2.990141e+02
6.290000e-06	-4.412494e-06	-1.240499e-09	-2.388174e+01	-3.019469e+02
6.300000e-06	-4.458967e-06	-1.255629e-09	-2.413327e+01	-3.048228e+02
6.310000e-06	-4.505357e-06	-1.269282e-09	-2.438434e+01	-3.076428e+02
6.320000e-06	-4.551451e-06	-1.280292e-09	-2.463382e+01	-3.104078e+02
6.330000e-06	-4.597060e-06	-1.289523e-09	-2.488067e+01	-3.131188e+02
6.340000e-06	-4.642257e-06	-1.297506e-09	-2.512529e+01	-3.157769e+02
6.350000e-06	-4.687142e-06	-1.306582e-09	-2.536822e+01	-3.183831e+02
6.360000e-06	-4.731803e-06	-1.316844e-09	-2.560994e+01	-3.209383e+02
6.370000e-06	-4.776285e-06	-1.327363e-09	-2.585069e+01	-3.234436e+02
6.380000e-06	-4.820515e-06	-1.339212e-09	-2.609007e+01	-3.259000e+02
6.390000e-06	-4.864495e-06	-1.351039e-09	-2.632811e+01	-3.283085e+02
6.400000e-06	-4.908239e-06	-1.361288e-09	-2.656487e+01	-3.306698e+02
6.410000e-06	-4.951651e-06	-1.370653e-09	-2.679982e+01	-3.329851e+02
6.420000e-06	-4.994661e-06	-1.379010e-09	-2.703260e+01	-3.352551e+02
6.430000e-06	-5.037258e-06	-1.387634e-09	-2.726315e+01	-3.374806e+02
6.440000e-06	-5.079554e-06	-1.398078e-09	-2.749207e+01	-3.396625e+02
6.450000e-06	-5.121488e-06	-1.407872e-09	-2.771903e+01	-3.418016e+02
6.460000e-06	-5.162933e-06	-1.415981e-09	-2.794335e+01	-3.438986e+02
6.470000e-06	-5.204104e-06	-1.423559e-09	-2.816617e+01	-3.459544e+02
6.480000e-06	-5.245033e-06	-1.430331e-09	-2.838769e+01	-3.479698e+02
6.490000e-06	-5.285633e-06	-1.437804e-09	-2.860743e+01	-3.499455e+02
6.500000e-06	-5.325990e-06	-1.446539e-09	-2.882586e+01	-3.518824e+02
6.510000e-06	-5.366069e-06	-1.454746e-09	-2.904278e+01	-3.537813e+02
6.520000e-06	-5.405780e-06	-1.462368e-09	-2.925771e+01	-3.556431e+02
6.530000e-06	-5.445172e-06	-1.469980e-09	-2.947091e+01	-3.574688e+02
6.540000e-06	-5.484220e-06	-1.477236e-09	-2.968224e+01	-3.592592e+02
6.550000e-06	-5.522676e-06	-1.484303e-09	-2.989038e+01	-3.610155e+02
6.560000e-06	-5.560376e-06	-1.490271e-09	-3.009443e+01	-3.627386e+02
6.570000e-06	-5.597340e-06	-1.494980e-09	-3.029448e+01	-3.644297e+02
6.580000e-06	-5.633744e-06	-1.501234e-09	-3.049152e+01	-3.660899e+02
6.590000e-06	-5.669912e-06	-1.508758e-09	-3.068727e+01	-3.677203e+02
6.600000e-06	-5.705964e-06	-1.515587e-09	-3.088239e+01	-3.693223e+02
6.610000e-06	-5.741742e-06	-1.521244e-09	-3.107603e+01	-3.708971e+02
6.620000e-06	-5.777033e-06	-1.526083e-09	-3.126704e+01	-3.724460e+02
6.630000e-06	-5.811863e-06	-1.531556e-09	-3.145555e+01	-3.739701e+02
6.640000e-06	-5.846335e-06	-1.537952e-09	-3.164212e+01	-3.754710e+02
6.650000e-06	-5.880415e-06	-1.543654e-09	-3.182657e+01	-3.769497e+02
6.660000e-06	-5.914030e-06	-1.548683e-09	-3.200851e+01	-3.784075e+02
6.670000e-06	-5.947237e-06	-1.554058e-09	-3.218823e+01	-3.798458e+02
6.680000e-06	-5.980064e-06	-1.559918e-09	-3.236590e+01	-3.812656e+02
6.690000e-06	-6.012536e-06	-1.565645e-09	-3.254165e+01	-3.826681e+02
6.700000e-06	-6.044586e-06	-1.570141e-09	-3.271511e+01	-3.840543e+02
6.710000e-06	-6.076273e-06	-1.574687e-09	-3.288661e+01	-3.854252e+02
6.720000e-06	-6.107742e-06	-1.580457e-09	-3.305693e+01	-3.867818e+02
6.730000e-06	-6.138548e-06	-1.586144e-09	-3.322367e+01	-3.881247e+02
6.740000e-06	-6.168528e-06	-1.590622e-09	-3.338593e+01	-3.894547e+02
6.750000e-06	-6.197936e-06	-1.594555e-09	-3.354509e+01	-3.907723e+02
6.760000e-06	-6.226881e-06	-1.598301e-09	-3.370175e+01	-3.920780e+02
6.770000e-06	-6.255357e-06	-1.602003e-09	-3.385587e+01	-3.933721e+02
6.780000e-06	-6.283522e-06	-1.606648e-09	-3.400831e+01	-3.946548e+02
6.790000e-06	-6.311427e-06	-1.612034e-09	-3.415934e+01	-3.959263e+02
6.800000e-06	-6.338849e-06	-1.617261e-09	-3.430776e+01	-3.971865e+02
6.810000e-06	-6.365795e-06	-1.621869e-09	-3.445359e+01	-3.984353e+02
6.820000e-06	-6.392360e-06	-1.626501e-09	-3.459737e+01	-3.996724e+02
6.830000e-06	-6.418448e-06	-1.632041e-09	-3.473857e+01	-4.008975e+02
6.840000e-06	-6.444052e-06	-1.637833e-09	-3.487714e+01	-4.021101e+02
6.850000e-06	-6.469252e-06	-1.642308e-09	-3.501353e+01	-4.033097e+02
6.860000e-06	-6.493997e-06	-1.645705e-09	-3.514746e+01	-4.044956e+02
6.870000e-06	-6.518308e-06	-1.649805e-09	-3.527904e+01	-4.056672e+02
6.880000e-06	-6.542311e-06	-1.654311e-09	-3.540895e+01	-4.068237e+02
6.890000e-06	-6.565983e-06	-1.658490e-09	-3.553707e+01	-4.079644e+02
6.900000e-06	-6.589140e-06	-1.662755e-09	-3.566240e+01	-4.090883e+02
6.910000e-06	-6.611489e-06	-1.667317e-09	-3.578337e+01	-4.101946e+02
6.920000e-06	-6.633073e-06	-1.671924e-09	-3.590018e+01	-4.112825e+02
6.930000e-06	-6.654057e-06	-1.676605e-09	-3.601375e+01	-4.123510e+02
6.940000e-06	-6.674592e-06	-1.679979e-09	-3.612489e+01	-4.133993e+02
6.950000e-06	-6.694847e-06	-1.681750e-09	-3.623452e+01	-4.144264e+02
6.960000e-06	-6.714723e-06	-1.685021e-09	-3.634210e+01	-4.154316e+02
6.970000e-06	-6.734087e-06	-1.690295e-09	-3.644690e+01	-4.164140e+02
6.980000e-06	-6.753012e-06	-1.695403e-09	-3.654933e+01	-4.173728e+02
6.990000e-06	-6.771571e-06	-1.698776e-09	-3.664978e+01	-4.183073e+02
7.000000e-06	-6.789497e-06	-1.700670e-09	-3.674680e+01	-4.192169e+02
7.010000e-06	-6.806872e-06	-1.702942e-09	-3.684083e+01	-4.201008e+02
7.020000e-06	-6.823919e-06	-1.705042e-09	-3.693310e+01	-4.209586e+02
7.030000e-06	-6.840580e-06	-1.706271e-09	-3.702328e+01	-4.217897e+02
7.040000e-06	-6.856956e-06	-1.707514e-09	-3.711190e+01	-4.225937e+02
7.050000e-06	-6.872932e-06	-1.709175e-09	-3.719837e+01	-4.233703e+02
7.060000e-06	-6.888244e-06	-1.712155e-09	-3.728124e+01	-4.241192e+02
7.070000e-06	-6.903032e-06	-1.716116e-09	-3.736128e+01	-4.248401e+02
7.080000e-06	-6.917315e-06	-1.719569e-09	-3.743858e+01	-4.255329e+02
7.090000e-06	-6.930815e-06	-1.722517e-09	-3.751165e+01	-4.261976e+02
7.100000e-06	-6.943478e-06	-1.724977e-09	-3.758019e+01	-4.268342e+02
7.110000e-06	-6.955553e-06	-1.727188e-09	-3.764554e+01	-4.274428e+02
7.120000e-06	-6.967189e-06	-1.729108e-09	-3.770852e+01	-4.280234e+02
7.130000e-06	-6.978276e-06	-1.730277e-09	-3.776853e+01	-4.285765e+02
7.140000e-06	-6.988847e-06	-1.730662e-09	-3.782574e+01	-4.291021e+02
7.150000e-06	-6.999022e-06	-1.730445e-09	-3.788081e+01	-4.296007e+02
7.160000e-06	-7.008696e-06	-1.730551e-09	-3.793317e+01	-4.300727e+02
7.170000e-06	-7.017860e-06	-1.731034e-09	-3.798276e+01	-4.305185e+02
7.180000e-06	-7.026629e-06	-1.731310e-09	-3.803022e+01	-4.309387e+02
7.190000e-06	-7.034976e-06	-1.731812e-09	-3.807540e+01	-4.313339e+02
7.200000e-06	-7.042968e-06	-1.731824e-09	-3.811866e+01	-4.317045e+02
7.210000e-06	-7.050609e-06	-1.731049e-09	-3.816002e+01	-4.320513e+02
7.220000e-06	-7.057644e-06	-1.731310e-09	-3.819809e+01	-4.323749e+02
7.230000e-06	-7.063844e-06	-1.732343e-09	-3.823164e+01	-4.326760e+02
7.240000e-06	-7.069291e-06	-1.733393e-09	-3.826113e+01	-4.329552e+02
7.250000e-06	-7.074157e-06	-1.734688e-09	-3.828746e+01	-4.332134e+02
7.260000e-06	-7.078517e-06	-1.734833e-09	-3.831106e+01	-4.334513e+02
7.270000e-06	-7.082453e-06	-1.733493e-09	-3.833236e+01	-4.336694e+02
7.280000e-06	-7.086044e-06	-1.732332e-09	-3.835180e+01	-4.338687e+02
7.290000e-06	-7.089229e-06	-1.731450e-09	-3.836904e+01	-4.340496e+02
7.300000e-06	-7.091922e-06	-1.730442e-09	-3.838361e+01	-4.342130e+02
7.310000e-06	-7.094162e-06	-1.730073e-09	-3.839574e+01	-4.343594e+02
7.320000e-06	-7.095894e-06	-1.730266e-09	-3.840511e+01	-4.344895e+02
7.330000e-06	-7.096985e-06	-1.730313e-09	-3.841102e+01	-4.346038e+02
7.340000e-06	-7.097653e-06	-1.730416e-09	-3.841463e+01	-4.347028e+02
