# Configuracion:
# Concentracion g/m^3_=_29600.0
# C_Vs_to_Am_M_A/Vsm_=_254322799225.57578
# pendiente_HvsI_1/m_=_3716.3
# ordenada_HvsI_A/m_=_1297.0
# frecuencia_ref_Hz_=_136133.2211449932
# 
Resultados:
# tau_s_=_(1.15+/-0.27)e-07
# dphi_rad_=_6.38+/-0.02
# SAR_W/g_=_97.62+/-25.01
# Hc_kA/m_=_4.36+/-0.83
# Mr_A/m_=_315.16+/-73.69
# Suceptibilidad_a_M=0_=_0.0772+/-0.0036

Nombre_archivo	Time_m	Temperatura_(ºC)	Mr_(A/m)	Hc_(kA/m)	Campo_max_(A/m)	Mag_max_(A/m)	f0	mag0	dphi0	SAR_(W/g)	Tau_(s)	N	xi_M_0
135kHz_100dA_100Mss_NE5X013.txt	06/03/2024 10:47:44	-21.9	282.83	4.23	38460.00	1270.85	1.360853e+05	1.069975e+01	6.373390e+00	90.78	1.057796e-07	4409	7.180e-02
135kHz_100dA_100Mss_NE5X014.txt	06/03/2024 10:47:45	-22.1	279.06	4.16	38460.00	1263.44	1.360853e+05	1.064810e+01	6.371766e+00	88.72	1.038660e-07	4409	7.196e-02
135kHz_100dA_100Mss_NE5X015.txt	06/03/2024 10:47:46	-22.2	275.89	4.09	38460.00	1268.89	1.360853e+05	1.069017e+01	6.370223e+00	87.52	1.020466e-07	4409	7.206e-02
135kHz_100dA_100Mss_NE5X016.txt	06/03/2024 10:47:47	-22.2	271.65	4.00	38460.00	1261.42	1.360853e+05	1.063869e+01	6.368253e+00	85.13	9.972691e-08	4409	7.250e-02
135kHz_100dA_100Mss_NE5X017.txt	06/03/2024 10:47:48	-22.2	267.89	3.93	38460.00	1261.98	1.360853e+05	1.064330e+01	6.366515e+00	83.43	9.767919e-08	4409	7.269e-02
135kHz_100dA_100Mss_NE5X018.txt	06/03/2024 10:47:49	-22.2	265.17	3.87	38460.00	1264.64	1.360853e+05	1.066106e+01	6.365044e+00	82.10	9.594793e-08	4409	7.302e-02
135kHz_100dA_100Mss_NE5X019.txt	06/03/2024 10:47:51	-22.0	259.88	3.82	38460.00	1251.43	1.360853e+05	1.055693e+01	6.364266e+00	80.53	9.503151e-08	4409	7.239e-02
135kHz_100dA_100Mss_NE5X020.txt	06/03/2024 10:47:52	-21.8	257.71	3.79	38460.00	1245.26	1.360853e+05	1.051408e+01	6.363876e+00	79.82	9.457270e-08	4409	7.222e-02
135kHz_100dA_100Mss_NE5X021.txt	06/03/2024 10:47:54	-21.4	255.49	3.70	38460.00	1258.79	1.360853e+05	1.061931e+01	6.361526e+00	78.27	9.180823e-08	4409	7.329e-02
135kHz_100dA_100Mss_NE5X022.txt	06/03/2024 10:47:55	-21.2	252.98	3.66	38460.00	1255.98	1.360853e+05	1.059764e+01	6.360400e+00	76.99	9.048229e-08	4409	7.334e-02
135kHz_100dA_100Mss_NE5X023.txt	06/03/2024 10:47:56	-20.9	250.09	3.64	38460.00	1236.99	1.360853e+05	1.045254e+01	6.360033e+00	75.58	9.005101e-08	4409	7.287e-02
135kHz_100dA_100Mss_NE5X024.txt	06/03/2024 10:47:57	-20.7	248.58	3.60	38460.00	1241.96	1.360853e+05	1.049250e+01	6.359439e+00	75.28	8.935292e-08	4409	7.303e-02
135kHz_100dA_100Mss_NE5X025.txt	06/03/2024 10:47:58	-20.4	247.11	3.57	38460.00	1246.19	1.360853e+05	1.052195e+01	6.358578e+00	74.64	8.833928e-08	4409	7.319e-02
135kHz_100dA_100Mss_NE5X026.txt	06/03/2024 10:47:59	-20.1	245.82	3.56	38460.00	1240.27	1.360853e+05	1.048119e+01	6.358665e+00	74.44	8.844035e-08	4409	7.306e-02
135kHz_100dA_100Mss_NE5X027.txt	06/03/2024 10:48:00	-19.8	243.37	3.51	38460.00	1245.13	1.360853e+05	1.051079e+01	6.357081e+00	73.09	8.657815e-08	4409	7.331e-02
135kHz_100dA_100Mss_NE5X028.txt	06/03/2024 10:48:01	-19.6	242.49	3.50	38460.00	1247.84	1.360853e+05	1.053188e+01	6.356899e+00	73.05	8.636512e-08	4409	7.341e-02
135kHz_100dA_100Mss_NE5X029.txt	06/03/2024 10:48:02	-19.3	241.24	3.45	38460.00	1245.33	1.360853e+05	1.052494e+01	6.356036e+00	72.15	8.535193e-08	4409	7.396e-02
135kHz_100dA_100Mss_NE5X030.txt	06/03/2024 10:48:03	-19.1	239.40	3.43	38460.00	1241.27	1.360853e+05	1.048735e+01	6.355526e+00	71.39	8.475070e-08	4409	7.363e-02
135kHz_100dA_100Mss_NE5X031.txt	06/03/2024 10:48:04	-18.8	239.08	3.41	38460.00	1250.35	1.360853e+05	1.056051e+01	6.355045e+00	71.41	8.418567e-08	4409	7.405e-02
135kHz_100dA_100Mss_NE5X032.txt	06/03/2024 10:48:05	-18.5	236.75	3.39	38460.00	1242.22	1.360853e+05	1.049411e+01	6.354338e+00	70.27	8.335485e-08	4409	7.375e-02
135kHz_100dA_100Mss_NE5X033.txt	06/03/2024 10:48:07	-17.9	235.94	3.36	38460.00	1243.77	1.360853e+05	1.050830e+01	6.354095e+00	70.12	8.307020e-08	4409	7.389e-02
135kHz_100dA_100Mss_NE5X034.txt	06/03/2024 10:48:08	-17.5	234.71	3.34	38460.00	1245.35	1.360853e+05	1.052109e+01	6.353420e+00	69.54	8.227643e-08	4409	7.406e-02
135kHz_100dA_100Mss_NE5X035.txt	06/03/2024 10:48:09	-17.2	233.38	3.32	38460.00	1242.82	1.360853e+05	1.049883e+01	6.352630e+00	68.61	8.134685e-08	4409	7.426e-02
135kHz_100dA_100Mss_NE5X036.txt	06/03/2024 10:48:10	-16.9	233.07	3.30	38460.00	1247.21	1.360853e+05	1.053417e+01	6.352541e+00	68.76	8.124229e-08	4409	7.438e-02
135kHz_100dA_100Mss_NE5X037.txt	06/03/2024 10:48:11	-16.6	231.96	3.30	38460.00	1240.73	1.360853e+05	1.048267e+01	6.352609e+00	68.49	8.132188e-08	4409	7.418e-02
135kHz_100dA_100Mss_NE5X038.txt	06/03/2024 10:48:13	-16.1	230.98	3.27	38460.00	1247.76	1.360853e+05	1.053653e+01	6.351958e+00	68.19	8.055753e-08	4409	7.441e-02
135kHz_100dA_100Mss_NE5X039.txt	06/03/2024 10:48:14	-15.8	230.83	3.26	38460.00	1251.03	1.360853e+05	1.056096e+01	6.352081e+00	68.47	8.070296e-08	4409	7.450e-02
135kHz_100dA_100Mss_NE5X040.txt	06/03/2024 10:48:15	-15.5	229.27	3.23	38460.00	1240.36	1.360853e+05	1.048884e+01	6.351341e+00	67.28	7.983379e-08	4409	7.470e-02
135kHz_100dA_100Mss_NE5X041.txt	06/03/2024 10:48:16	-15.1	230.01	3.22	38460.00	1252.79	1.360853e+05	1.058269e+01	6.351258e+00	67.80	7.973549e-08	4409	7.516e-02
135kHz_100dA_100Mss_NE5X042.txt	06/03/2024 10:48:18	-14.3	228.93	3.21	38460.00	1252.79	1.360853e+05	1.057536e+01	6.350835e+00	67.33	7.923934e-08	4409	7.491e-02
135kHz_100dA_100Mss_NE5X043.txt	06/03/2024 10:48:19	-14.1	228.05	3.21	38460.00	1251.39	1.360853e+05	1.055928e+01	6.350508e+00	66.90	7.885438e-08	4409	7.454e-02
135kHz_100dA_100Mss_NE5X044.txt	06/03/2024 10:48:20	-13.7	228.43	3.20	38460.00	1247.63	1.360853e+05	1.054236e+01	6.350780e+00	67.06	7.917262e-08	4409	7.510e-02
135kHz_100dA_100Mss_NE5X045.txt	06/03/2024 10:48:21	-13.4	228.78	3.19	38460.00	1249.47	1.360853e+05	1.056316e+01	6.350928e+00	67.34	7.934833e-08	4409	7.542e-02
135kHz_100dA_100Mss_NE5X046.txt	06/03/2024 10:48:22	-13.1	228.54	3.19	38460.00	1256.91	1.360853e+05	1.060812e+01	6.350582e+00	67.29	7.894096e-08	4409	7.535e-02
135kHz_100dA_100Mss_NE5X047.txt	06/03/2024 10:48:23	-12.7	226.34	3.18	38460.00	1239.57	1.360853e+05	1.047401e+01	6.349685e+00	65.55	7.788765e-08	4409	7.477e-02
135kHz_100dA_100Mss_NE5X048.txt	06/03/2024 10:48:24	-12.4	227.39	3.16	38460.00	1249.40	1.360853e+05	1.055466e+01	6.349550e+00	65.92	7.772909e-08	4409	7.545e-02
135kHz_100dA_100Mss_NE5X049.txt	06/03/2024 10:48:25	-12.0	227.91	3.17	38460.00	1251.58	1.360853e+05	1.057221e+01	6.349896e+00	66.38	7.813556e-08	4409	7.569e-02
135kHz_100dA_100Mss_NE5X050.txt	06/03/2024 10:48:26	-11.7	228.29	3.18	38460.00	1248.99	1.360853e+05	1.055262e+01	6.350304e+00	66.66	7.861450e-08	4409	7.549e-02
135kHz_100dA_100Mss_NE5X051.txt	06/03/2024 10:48:27	-11.4	228.39	3.17	38460.00	1258.17	1.360853e+05	1.061689e+01	6.350116e+00	66.88	7.839292e-08	4409	7.570e-02
135kHz_100dA_100Mss_NE5X052.txt	06/03/2024 10:48:28	-11.1	228.03	3.19	38460.00	1243.94	1.360853e+05	1.051044e+01	6.350591e+00	66.67	7.895172e-08	4409	7.527e-02
135kHz_100dA_100Mss_NE5X053.txt	06/03/2024 10:48:29	-10.8	228.47	3.19	38460.00	1252.12	1.360853e+05	1.056773e+01	6.350861e+00	67.31	7.926927e-08	4409	7.507e-02
135kHz_100dA_100Mss_NE5X054.txt	06/03/2024 10:48:30	-10.5	226.70	3.18	38460.00	1243.34	1.360853e+05	1.049603e+01	6.350259e+00	66.26	7.856169e-08	4409	7.488e-02
135kHz_100dA_100Mss_NE5X055.txt	06/03/2024 10:48:31	-10.2	226.21	3.18	38460.00	1243.29	1.360853e+05	1.049083e+01	6.350238e+00	66.20	7.853772e-08	4409	7.467e-02
135kHz_100dA_100Mss_NE5X056.txt	06/03/2024 10:48:32	-9.9	226.51	3.18	38460.00	1241.18	1.360853e+05	1.048090e+01	6.350851e+00	66.74	7.925900e-08	4409	7.484e-02
135kHz_100dA_100Mss_NE5X057.txt	06/03/2024 10:48:35	-9.0	225.73	3.20	38460.00	1250.49	1.360853e+05	1.053258e+01	6.351528e+00	67.74	8.005304e-08	4409	7.399e-02
135kHz_100dA_100Mss_NE5X058.txt	06/03/2024 10:48:36	-8.7	223.34	3.19	38460.00	1233.72	1.360853e+05	1.039992e+01	6.351151e+00	66.52	7.960939e-08	4409	7.347e-02
135kHz_100dA_100Mss_NE5X059.txt	06/03/2024 10:48:37	-8.4	222.70	3.21	38460.00	1228.90	1.360853e+05	1.035183e+01	6.351562e+00	66.61	8.009231e-08	4409	7.286e-02
135kHz_100dA_100Mss_NE5X060.txt	06/03/2024 10:48:38	-8.1	221.95	3.20	38460.00	1239.94	1.360853e+05	1.042492e+01	6.351349e+00	66.87	7.984226e-08	4409	7.279e-02
135kHz_100dA_100Mss_NE5X061.txt	06/03/2024 10:48:39	-7.8	221.36	3.22	38460.00	1234.64	1.360853e+05	1.037618e+01	6.351972e+00	67.17	8.057506e-08	4409	7.213e-02
135kHz_100dA_100Mss_NE5X062.txt	06/03/2024 10:48:40	-7.5	219.60	3.23	38460.00	1223.72	1.360853e+05	1.028227e+01	6.351950e+00	66.54	8.054959e-08	4409	7.151e-02
135kHz_100dA_100Mss_NE5X063.txt	06/03/2024 10:48:42	-7.1	219.24	3.24	38460.00	1225.06	1.360853e+05	1.028239e+01	6.352378e+00	66.96	8.105244e-08	4409	7.096e-02
135kHz_100dA_100Mss_NE5X064.txt	06/03/2024 10:48:43	-6.9	218.19	3.26	38460.00	1213.57	1.360853e+05	1.018547e+01	6.352418e+00	66.36	8.109983e-08	4409	7.038e-02
135kHz_100dA_100Mss_NE5X065.txt	06/03/2024 10:48:44	-6.6	218.78	3.29	38460.00	1196.85	1.360853e+05	1.006022e+01	6.353798e+00	66.85	8.271998e-08	4409	6.980e-02
135kHz_100dA_100Mss_NE5X066.txt	06/03/2024 10:48:45	-6.2	218.44	3.30	38460.00	1198.35	1.360853e+05	1.005848e+01	6.353233e+00	66.30	8.205514e-08	4409	6.971e-02
135kHz_100dA_100Mss_NE5X067.txt	06/03/2024 10:48:46	-6.0	220.24	3.32	38460.00	1201.17	1.360853e+05	1.008156e+01	6.353810e+00	67.00	8.273476e-08	4409	6.983e-02
135kHz_100dA_100Mss_NE5X068.txt	06/03/2024 10:48:47	-5.6	222.25	3.35	38460.00	1198.64	1.360853e+05	1.006340e+01	6.354570e+00	67.60	8.362783e-08	4409	6.995e-02
135kHz_100dA_100Mss_NE5X069.txt	06/03/2024 10:48:48	-5.3	225.55	3.37	38460.00	1207.79	1.360853e+05	1.014111e+01	6.354957e+00	68.49	8.408330e-08	4409	7.079e-02
135kHz_100dA_100Mss_NE5X070.txt	06/03/2024 10:48:49	-5.1	229.47	3.43	38460.00	1204.18	1.360853e+05	1.011498e+01	6.356358e+00	69.65	8.572930e-08	4409	7.075e-02
135kHz_100dA_100Mss_NE5X071.txt	06/03/2024 10:48:50	-4.9	232.65	3.48	38460.00	1197.30	1.360853e+05	1.006310e+01	6.356474e+00	69.40	8.586590e-08	4409	7.087e-02
135kHz_100dA_100Mss_NE5X072.txt	06/03/2024 10:48:51	-4.7	239.69	3.53	38460.00	1206.87	1.360853e+05	1.014889e+01	6.357838e+00	71.29	8.747136e-08	4409	7.220e-02
135kHz_100dA_100Mss_NE5X073.txt	06/03/2024 10:48:52	-4.4	246.78	3.62	38460.00	1208.61	1.360853e+05	1.017101e+01	6.359339e+00	72.88	8.923523e-08	4409	7.265e-02
135kHz_100dA_100Mss_NE5X074.txt	06/03/2024 10:48:53	-4.2	255.11	3.71	38460.00	1210.83	1.360853e+05	1.020143e+01	6.361437e+00	75.11	9.170447e-08	4409	7.362e-02
135kHz_100dA_100Mss_NE5X075.txt	06/03/2024 10:48:54	-3.9	264.78	3.80	38460.00	1211.38	1.360853e+05	1.022230e+01	6.362380e+00	76.17	9.281386e-08	4409	7.496e-02
135kHz_100dA_100Mss_NE5X076.txt	06/03/2024 10:48:57	-3.2	289.84	4.04	38460.00	1232.52	1.360853e+05	1.041979e+01	6.367208e+00	82.36	9.849921e-08	4409	7.792e-02
135kHz_100dA_100Mss_NE5X077.txt	06/03/2024 10:48:58	-3.0	303.39	4.20	38460.00	1223.67	1.360853e+05	1.037401e+01	6.370396e+00	85.10	1.022545e-07	4409	7.905e-02
135kHz_100dA_100Mss_NE5X078.txt	06/03/2024 10:48:59	-2.8	317.41	4.34	38460.00	1239.82	1.360853e+05	1.051289e+01	6.372812e+00	88.62	1.051015e-07	4409	8.049e-02
135kHz_100dA_100Mss_NE5X079.txt	06/03/2024 10:49:00	-2.5	329.88	4.51	38460.00	1239.80	1.360853e+05	1.052338e+01	6.376275e+00	92.13	1.091849e-07	4409	8.101e-02
135kHz_100dA_100Mss_NE5X080.txt	06/03/2024 10:49:01	-2.3	342.31	4.62	38460.00	1252.11	1.360853e+05	1.063689e+01	6.378595e+00	95.44	1.119238e-07	4409	8.262e-02
135kHz_100dA_100Mss_NE5X081.txt	06/03/2024 10:49:02	-2.0	353.12	4.75	38460.00	1255.18	1.360853e+05	1.067492e+01	6.381846e+00	99.03	1.157605e-07	4409	8.279e-02
135kHz_100dA_100Mss_NE5X082.txt	06/03/2024 10:49:03	-1.9	361.57	4.87	38460.00	1247.51	1.360853e+05	1.062385e+01	6.384639e+00	101.34	1.190611e-07	4409	8.310e-02
135kHz_100dA_100Mss_NE5X083.txt	06/03/2024 10:49:04	-1.7	368.50	4.97	38460.00	1244.65	1.360853e+05	1.060931e+01	6.386734e+00	103.28	1.215370e-07	4409	8.327e-02
135kHz_100dA_100Mss_NE5X084.txt	06/03/2024 10:49:05	-1.4	376.91	5.06	38460.00	1260.02	1.360853e+05	1.073325e+01	6.389127e+00	106.90	1.243665e-07	4409	8.360e-02
135kHz_100dA_100Mss_NE5X085.txt	06/03/2024 10:49:06	-1.3	382.68	5.14	38460.00	1260.78	1.360853e+05	1.074116e+01	6.390999e+00	108.86	1.265824e-07	4409	8.370e-02
135kHz_100dA_100Mss_NE5X086.txt	06/03/2024 10:49:07	-1.1	387.04	5.20	38460.00	1254.19	1.360853e+05	1.070016e+01	6.393294e+00	110.74	1.292980e-07	4409	8.344e-02
135kHz_100dA_100Mss_NE5X087.txt	06/03/2024 10:49:08	-1.0	390.08	5.25	38460.00	1252.14	1.360853e+05	1.068282e+01	6.394501e+00	111.77	1.307278e-07	4409	8.322e-02
135kHz_100dA_100Mss_NE5X088.txt	06/03/2024 10:49:10	-0.6	393.04	5.31	38460.00	1249.91	1.360853e+05	1.066833e+01	6.396407e+00	113.52	1.329849e-07	4409	8.300e-02
135kHz_100dA_100Mss_NE5X089.txt	06/03/2024 10:49:11	-0.3	396.78	5.37	38460.00	1259.30	1.360853e+05	1.074044e+01	6.398150e+00	116.04	1.350519e-07	4409	8.265e-02
135kHz_100dA_100Mss_NE5X090.txt	06/03/2024 10:49:12	-0.2	397.25	5.40	38460.00	1252.27	1.360853e+05	1.068629e+01	6.399208e+00	116.51	1.363056e-07	4409	8.210e-02
135kHz_100dA_100Mss_NE5X091.txt	06/03/2024 10:49:13	0.1	398.63	5.41	38460.00	1251.87	1.360853e+05	1.068723e+01	6.400115e+00	117.43	1.373783e-07	4409	8.211e-02
135kHz_100dA_100Mss_NE5X092.txt	06/03/2024 10:49:14	0.2	398.43	5.42	38460.00	1251.28	1.360853e+05	1.067977e+01	6.400745e+00	117.98	1.381257e-07	4409	8.168e-02
135kHz_100dA_100Mss_NE5X093.txt	06/03/2024 10:49:15	0.5	397.77	5.44	38460.00	1259.94	1.360853e+05	1.073259e+01	6.401127e+00	118.94	1.385776e-07	4409	8.111e-02
135kHz_100dA_100Mss_NE5X094.txt	06/03/2024 10:49:17	0.8	396.97	5.42	38460.00	1255.94	1.360853e+05	1.070537e+01	6.401289e+00	118.80	1.387700e-07	4409	8.091e-02
135kHz_100dA_100Mss_NE5X095.txt	06/03/2024 10:49:19	1.2	394.98	5.42	38460.00	1259.61	1.360853e+05	1.072725e+01	6.402742e+00	120.50	1.404958e-07	4409	7.999e-02
135kHz_100dA_100Mss_NE5X096.txt	06/03/2024 10:49:21	1.5	393.97	5.41	38460.00	1262.08	1.360853e+05	1.074158e+01	6.402947e+00	120.87	1.407401e-07	4409	7.968e-02
135kHz_100dA_100Mss_NE5X097.txt	06/03/2024 10:49:22	1.7	393.98	5.36	38460.00	1249.74	1.360853e+05	1.066467e+01	6.402704e+00	119.76	1.404338e-07	4409	8.046e-02
135kHz_100dA_100Mss_NE5X098.txt	06/03/2024 10:49:23	1.8	394.15	5.32	38460.00	1254.11	1.361162e+05	1.070464e+01	6.402050e+00	119.58	1.396520e-07	4408	8.087e-02
135kHz_100dA_100Mss_NE5X099.txt	06/03/2024 10:49:24	2.0	394.17	5.29	38460.00	1262.17	1.361162e+05	1.076515e+01	6.401695e+00	119.90	1.392301e-07	4408	8.119e-02
135kHz_100dA_100Mss_NE5X100.txt	06/03/2024 10:49:25	2.2	394.69	5.28	38460.00	1270.73	1.361162e+05	1.083453e+01	6.402187e+00	121.17	1.398139e-07	4408	8.123e-02
135kHz_100dA_100Mss_NE5X101.txt	06/03/2024 10:49:26	2.3	391.71	5.26	38460.00	1260.35	1.361162e+05	1.074912e+01	6.401616e+00	119.64	1.391365e-07	4408	8.084e-02
135kHz_100dA_100Mss_NE5X102.txt	06/03/2024 10:49:28	2.6	390.66	5.25	38460.00	1269.11	1.361162e+05	1.080396e+01	6.401146e+00	119.78	1.385798e-07	4408	8.069e-02
135kHz_100dA_100Mss_NE5X103.txt	06/03/2024 10:49:29	2.8	389.99	5.26	38460.00	1264.89	1.360853e+05	1.077979e+01	6.402320e+00	120.67	1.399716e-07	4409	8.029e-02
135kHz_100dA_100Mss_NE5X104.txt	06/03/2024 10:49:30	2.9	390.73	5.26	38460.00	1273.62	1.361162e+05	1.084181e+01	6.402828e+00	121.91	1.405750e-07	4408	8.035e-02
135kHz_100dA_100Mss_NE5X105.txt	06/03/2024 10:49:32	3.2	388.89	5.24	38460.00	1261.13	1.361162e+05	1.074893e+01	6.403021e+00	121.06	1.408034e-07	4408	8.003e-02
135kHz_100dA_100Mss_NE5X106.txt	06/03/2024 10:49:33	3.2	388.03	5.21	38460.00	1276.49	1.361162e+05	1.085507e+01	6.401794e+00	121.00	1.393482e-07	4408	8.015e-02
135kHz_100dA_100Mss_NE5X107.txt	06/03/2024 10:49:34	3.5	386.90	5.23	38460.00	1260.32	1.360853e+05	1.073568e+01	6.403098e+00	120.96	1.408942e-07	4409	7.960e-02
135kHz_100dA_100Mss_NE5X108.txt	06/03/2024 10:49:35	3.6	386.93	5.21	38460.00	1271.49	1.360853e+05	1.082545e+01	6.402821e+00	121.69	1.405650e-07	4409	7.983e-02
135kHz_100dA_100Mss_NE5X109.txt	06/03/2024 10:49:36	3.7	387.44	5.20	38460.00	1277.28	1.361162e+05	1.086745e+01	6.402828e+00	122.19	1.405729e-07	4408	7.999e-02
135kHz_100dA_100Mss_NE5X110.txt	06/03/2024 10:49:37	3.8	385.07	5.19	38460.00	1269.09	1.361162e+05	1.079220e+01	6.402364e+00	120.88	1.400214e-07	4408	7.955e-02
135kHz_100dA_100Mss_NE5X111.txt	06/03/2024 10:49:39	4.2	388.90	5.22	38460.00	1281.31	1.361162e+05	1.090171e+01	6.404874e+00	124.66	1.429984e-07	4408	7.977e-02
135kHz_100dA_100Mss_NE5X112.txt	06/03/2024 10:49:40	4.3	385.86	5.19	38460.00	1272.57	1.361162e+05	1.082914e+01	6.403481e+00	122.42	1.413468e-07	4408	7.954e-02
135kHz_100dA_100Mss_NE5X113.txt	06/03/2024 10:49:41	4.5	385.68	5.17	38460.00	1283.94	1.360853e+05	1.091652e+01	6.403257e+00	123.16	1.410807e-07	4409	7.977e-02
135kHz_100dA_100Mss_NE5X114.txt	06/03/2024 10:49:44	4.7	384.71	5.17	38460.00	1278.10	1.360853e+05	1.087145e+01	6.404038e+00	123.44	1.420056e-07	4409	7.936e-02
135kHz_100dA_100Mss_NE5X115.txt	06/03/2024 10:49:46	5.0	384.88	5.13	38460.00	1289.34	1.361162e+05	1.095549e+01	6.402899e+00	123.26	1.406551e-07	4408	7.987e-02
135kHz_100dA_100Mss_NE5X116.txt	06/03/2024 10:49:47	5.1	384.10	5.13	38460.00	1288.22	1.361162e+05	1.094665e+01	6.402769e+00	123.02	1.404984e-07	4408	7.978e-02
135kHz_100dA_100Mss_NE5X117.txt	06/03/2024 10:49:48	5.3	383.85	5.13	38460.00	1282.90	1.361162e+05	1.090594e+01	6.403187e+00	122.99	1.409949e-07	4408	7.964e-02
135kHz_100dA_100Mss_NE5X118.txt	06/03/2024 10:49:49	5.4	383.40	5.11	38460.00	1287.61	1.361162e+05	1.094094e+01	6.402647e+00	122.84	1.403551e-07	4408	7.979e-02
135kHz_100dA_100Mss_NE5X119.txt	06/03/2024 10:49:50	5.5	383.84	5.09	38460.00	1298.52	1.361162e+05	1.102672e+01	6.402542e+00	123.69	1.402289e-07	4408	8.009e-02
135kHz_100dA_100Mss_NE5X120.txt	06/03/2024 10:49:51	5.6	383.24	5.10	38460.00	1289.29	1.360853e+05	1.095958e+01	6.403087e+00	123.47	1.408758e-07	4409	7.980e-02
135kHz_100dA_100Mss_NE5X121.txt	06/03/2024 10:49:52	5.8	383.75	5.08	38460.00	1299.92	1.361162e+05	1.103837e+01	6.402642e+00	123.92	1.403481e-07	4408	8.020e-02
135kHz_100dA_100Mss_NE5X122.txt	06/03/2024 10:49:54	6.0	381.69	5.07	38460.00	1284.94	1.361162e+05	1.092667e+01	6.402504e+00	122.53	1.401810e-07	4408	7.990e-02
135kHz_100dA_100Mss_NE5X123.txt	06/03/2024 10:49:55	6.1	381.93	5.06	38460.00	1298.49	1.361162e+05	1.102563e+01	6.402565e+00	123.70	1.402535e-07	4408	7.989e-02
135kHz_100dA_100Mss_NE5X124.txt	06/03/2024 10:49:56	6.3	379.98	5.03	38460.00	1296.10	1.361162e+05	1.100347e+01	6.401115e+00	121.96	1.385355e-07	4408	7.998e-02
135kHz_100dA_100Mss_NE5X125.txt	06/03/2024 10:49:57	6.5	380.08	5.04	38460.00	1293.61	1.360853e+05	1.098952e+01	6.401965e+00	122.65	1.395440e-07	4409	7.982e-02
135kHz_100dA_100Mss_NE5X126.txt	06/03/2024 10:49:59	6.7	381.44	5.05	38460.00	1310.04	1.361162e+05	1.110640e+01	6.402126e+00	124.15	1.397328e-07	4408	7.997e-02
135kHz_100dA_100Mss_NE5X127.txt	06/03/2024 10:50:00	6.8	380.84	5.03	38460.00	1300.39	1.361162e+05	1.103942e+01	6.401872e+00	123.14	1.394326e-07	4408	8.006e-02
135kHz_100dA_100Mss_NE5X128.txt	06/03/2024 10:50:01	6.9	379.85	5.03	38460.00	1297.56	1.361162e+05	1.101554e+01	6.401988e+00	122.99	1.395691e-07	4408	7.985e-02
135kHz_100dA_100Mss_NE5X129.txt	06/03/2024 10:50:02	7.0	380.92	5.01	38460.00	1309.48	1.361162e+05	1.111042e+01	6.401650e+00	123.70	1.391690e-07	4408	8.031e-02
135kHz_100dA_100Mss_NE5X130.txt	06/03/2024 10:50:04	7.2	379.97	5.01	38460.00	1302.87	1.361162e+05	1.105686e+01	6.401754e+00	123.21	1.392916e-07	4408	8.008e-02
135kHz_100dA_100Mss_NE5X131.txt	06/03/2024 10:50:05	7.4	379.57	5.00	38460.00	1300.02	1.361162e+05	1.103984e+01	6.401867e+00	123.14	1.394265e-07	4408	8.007e-02
135kHz_100dA_100Mss_NE5X132.txt	06/03/2024 10:50:07	7.6	379.85	5.00	38460.00	1307.48	1.361162e+05	1.109348e+01	6.401680e+00	123.54	1.392040e-07	4408	8.022e-02
135kHz_100dA_100Mss_NE5X133.txt	06/03/2024 10:50:09	7.8	378.85	4.97	38460.00	1309.99	1.361162e+05	1.111390e+01	6.401134e+00	123.20	1.385555e-07	4408	8.041e-02
135kHz_100dA_100Mss_NE5X134.txt	06/03/2024 10:50:11	8.0	378.14	4.98	38460.00	1306.22	1.361162e+05	1.108605e+01	6.401881e+00	123.67	1.394410e-07	4408	8.009e-02
135kHz_100dA_100Mss_NE5X135.txt	06/03/2024 10:50:12	8.2	377.90	4.99	38460.00	1309.11	1.361470e+05	1.109888e+01	6.402100e+00	124.07	1.396997e-07	4407	7.986e-02
135kHz_100dA_100Mss_NE5X136.txt	06/03/2024 10:50:14	8.4	376.43	4.96	38460.00	1306.00	1.361162e+05	1.107614e+01	6.401647e+00	123.32	1.391620e-07	4408	7.990e-02
135kHz_100dA_100Mss_NE5X137.txt	06/03/2024 10:50:15	8.4	375.44	4.96	38460.00	1298.76	1.361162e+05	1.102264e+01	6.401988e+00	123.07	1.395650e-07	4408	7.962e-02
135kHz_100dA_100Mss_NE5X138.txt	06/03/2024 10:50:16	8.5	374.19	4.95	38460.00	1296.00	1.361162e+05	1.099730e+01	6.401423e+00	122.21	1.388949e-07	4408	7.951e-02
135kHz_100dA_100Mss_NE5X139.txt	06/03/2024 10:50:17	8.6	375.82	4.96	38460.00	1299.89	1.361470e+05	1.103203e+01	6.401907e+00	123.12	1.394695e-07	4407	7.977e-02
135kHz_100dA_100Mss_NE5X140.txt	06/03/2024 10:50:19	8.8	374.03	4.95	38460.00	1296.72	1.361470e+05	1.099936e+01	6.401308e+00	122.14	1.387572e-07	4407	7.949e-02
135kHz_100dA_100Mss_NE5X141.txt	06/03/2024 10:50:20	8.9	373.92	4.94	38460.00	1290.93	1.361162e+05	1.096813e+01	6.402142e+00	122.62	1.397458e-07	4408	7.955e-02
135kHz_100dA_100Mss_NE5X142.txt	06/03/2024 10:50:21	8.9	372.55	4.93	38460.00	1295.16	1.361162e+05	1.099347e+01	6.401621e+00	122.37	1.391289e-07	4408	7.941e-02
135kHz_100dA_100Mss_NE5X143.txt	06/03/2024 10:50:22	9.1	370.44	4.93	38460.00	1286.13	1.361162e+05	1.091666e+01	6.401701e+00	121.60	1.392207e-07	4408	7.891e-02
135kHz_100dA_100Mss_NE5X144.txt	06/03/2024 10:50:24	9.2	368.18	4.91	38460.00	1278.19	1.361162e+05	1.085512e+01	6.401039e+00	120.24	1.384370e-07	4408	7.876e-02
135kHz_100dA_100Mss_NE5X145.txt	06/03/2024 10:50:25	9.3	367.61	4.92	38460.00	1275.18	1.361470e+05	1.082436e+01	6.401062e+00	119.95	1.384630e-07	4407	7.852e-02
135kHz_100dA_100Mss_NE5X146.txt	06/03/2024 10:50:26	9.4	367.39	4.91	38460.00	1276.89	1.361470e+05	1.083902e+01	6.400858e+00	119.90	1.382194e-07	4407	7.863e-02
135kHz_100dA_100Mss_NE5X147.txt	06/03/2024 10:50:27	9.5	366.12	4.90	38460.00	1273.80	1.361162e+05	1.081886e+01	6.401384e+00	120.19	1.388436e-07	4408	7.844e-02
135kHz_100dA_100Mss_NE5X148.txt	06/03/2024 10:50:28	9.6	366.04	4.89	38460.00	1274.72	1.361470e+05	1.082629e+01	6.400786e+00	119.69	1.381344e-07	4407	7.866e-02
135kHz_100dA_100Mss_NE5X149.txt	06/03/2024 10:50:29	9.7	365.18	4.87	38460.00	1268.57	1.361470e+05	1.078154e+01	6.400323e+00	118.73	1.375858e-07	4407	7.870e-02
135kHz_100dA_100Mss_NE5X150.txt	06/03/2024 10:50:31	9.9	364.01	4.86	38460.00	1277.77	1.361470e+05	1.083964e+01	6.399808e+00	118.85	1.369749e-07	4407	7.859e-02
135kHz_100dA_100Mss_NE5X151.txt	06/03/2024 10:50:32	10.0	363.91	4.83	38460.00	1281.44	1.361162e+05	1.087940e+01	6.399756e+00	119.20	1.369123e-07	4408	7.894e-02
135kHz_100dA_100Mss_NE5X152.txt	06/03/2024 10:50:34	10.1	358.81	4.81	38460.00	1263.17	1.361162e+05	1.072912e+01	6.399147e+00	116.94	1.361906e-07	4408	7.810e-02
135kHz_100dA_100Mss_NE5X153.txt	06/03/2024 10:50:35	10.2	358.45	4.80	38460.00	1266.09	1.361162e+05	1.075135e+01	6.399183e+00	117.22	1.362339e-07	4408	7.821e-02
135kHz_100dA_100Mss_NE5X154.txt	06/03/2024 10:50:36	10.3	355.81	4.78	38460.00	1265.02	1.361470e+05	1.073495e+01	6.397562e+00	115.44	1.343130e-07	4407	7.811e-02
135kHz_100dA_100Mss_NE5X155.txt	06/03/2024 10:50:37	10.4	354.84	4.76	38460.00	1258.03	1.361162e+05	1.069069e+01	6.398025e+00	115.40	1.348618e-07	4408	7.810e-02
135kHz_100dA_100Mss_NE5X156.txt	06/03/2024 10:50:38	10.5	353.17	4.75	38460.00	1258.04	1.361162e+05	1.068442e+01	6.397777e+00	115.09	1.345671e-07	4408	7.791e-02
135kHz_100dA_100Mss_NE5X157.txt	06/03/2024 10:50:39	10.5	352.42	4.74	38460.00	1259.94	1.361470e+05	1.069425e+01	6.397335e+00	114.78	1.340433e-07	4407	7.786e-02
135kHz_100dA_100Mss_NE5X158.txt	06/03/2024 10:50:41	10.7	349.01	4.72	38460.00	1257.37	1.361470e+05	1.066217e+01	6.396632e+00	113.73	1.332104e-07	4407	7.746e-02
135kHz_100dA_100Mss_NE5X159.txt	06/03/2024 10:50:42	10.8	345.40	4.68	38460.00	1252.36	1.361162e+05	1.062213e+01	6.395804e+00	112.45	1.322284e-07	4408	7.723e-02
135kHz_100dA_100Mss_NE5X160.txt	06/03/2024 10:50:43	10.9	344.97	4.70	38460.00	1239.57	1.361470e+05	1.052764e+01	6.396941e+00	112.60	1.335752e-07	4407	7.682e-02
135kHz_100dA_100Mss_NE5X161.txt	06/03/2024 10:50:44	10.9	342.96	4.69	38460.00	1236.78	1.361470e+05	1.050348e+01	6.397038e+00	112.44	1.336900e-07	4407	7.647e-02
135kHz_100dA_100Mss_NE5X162.txt	06/03/2024 10:50:46	11.1	340.55	4.66	38460.00	1229.28	1.361470e+05	1.044577e+01	6.396198e+00	111.00	1.326964e-07	4407	7.644e-02
135kHz_100dA_100Mss_NE5X163.txt	06/03/2024 10:50:47	11.2	337.18	4.62	38460.00	1229.49	1.361162e+05	1.044292e+01	6.395272e+00	110.04	1.315995e-07	4408	7.633e-02
135kHz_100dA_100Mss_NE5X164.txt	06/03/2024 10:50:48	11.3	336.90	4.59	38460.00	1231.39	1.361470e+05	1.045681e+01	6.394389e+00	109.34	1.305524e-07	4407	7.666e-02
135kHz_100dA_100Mss_NE5X165.txt	06/03/2024 10:50:49	11.3	335.57	4.57	38460.00	1238.00	1.361470e+05	1.050391e+01	6.393518e+00	108.98	1.295230e-07	4407	7.674e-02
