# Temperatura_=_3.7
# Concentracion g/m^3_=_7400.0
# C_Vs_to_Am_M_A/Vsm_=_254322799225.57578
# pendiente_HvsI_1/m_=_3716.3
# ordenada_HvsI_A/m_=_1297.0
# frecuencia_Hz_=_136116.0009227599

Tiempo_(s)	Campo_(V.s)	Magnetizacion_(V.s)	Campo_(kA/m)	Magnetizacion_(A/m)
0.000000e+00	-7.131187e-06	-1.393240e-09	-3.842616e+01	-3.501652e+02
1.000000e-08	-7.131413e-06	-1.392317e-09	-3.842738e+01	-3.501221e+02
2.000000e-08	-7.131359e-06	-1.390813e-09	-3.842709e+01	-3.500622e+02
3.000000e-08	-7.130878e-06	-1.389597e-09	-3.842450e+01	-3.499864e+02
4.000000e-08	-7.129842e-06	-1.388494e-09	-3.841892e+01	-3.498956e+02
5.000000e-08	-7.128016e-06	-1.387099e-09	-3.840907e+01	-3.497909e+02
6.000000e-08	-7.125293e-06	-1.385812e-09	-3.839440e+01	-3.496734e+02
7.000000e-08	-7.122019e-06	-1.383654e-09	-3.837676e+01	-3.495443e+02
8.000000e-08	-7.118310e-06	-1.382674e-09	-3.835678e+01	-3.494048e+02
9.000000e-08	-7.114130e-06	-1.391073e-09	-3.833425e+01	-3.492564e+02
1.000000e-07	-7.109291e-06	-1.399449e-09	-3.830817e+01	-3.491002e+02
1.100000e-07	-7.103805e-06	-1.370840e-09	-3.827861e+01	-3.489378e+02
1.200000e-07	-7.097976e-06	-1.343240e-09	-3.824720e+01	-3.487703e+02
1.300000e-07	-7.091896e-06	-1.381898e-09	-3.821444e+01	-3.485990e+02
1.400000e-07	-7.085326e-06	-1.432994e-09	-3.817904e+01	-3.484253e+02
1.500000e-07	-7.078160e-06	-1.382864e-09	-3.814043e+01	-3.482501e+02
1.600000e-07	-7.070607e-06	-1.310532e-09	-3.809973e+01	-3.480747e+02
1.700000e-07	-7.062723e-06	-1.370984e-09	-3.805724e+01	-3.478997e+02
1.800000e-07	-7.054296e-06	-1.444039e-09	-3.801184e+01	-3.477261e+02
1.900000e-07	-7.045267e-06	-1.362314e-09	-3.796319e+01	-3.475544e+02
2.000000e-07	-7.035615e-06	-1.273809e-09	-3.791117e+01	-3.473850e+02
2.100000e-07	-7.025357e-06	-1.368490e-09	-3.785590e+01	-3.472182e+02
2.200000e-07	-7.014415e-06	-1.452323e-09	-3.779694e+01	-3.470541e+02
2.300000e-07	-7.002899e-06	-1.350582e-09	-3.773489e+01	-3.468925e+02
2.400000e-07	-6.990930e-06	-1.278966e-09	-3.767039e+01	-3.467330e+02
2.500000e-07	-6.978375e-06	-1.374492e-09	-3.760274e+01	-3.465753e+02
2.600000e-07	-6.965135e-06	-1.410103e-09	-3.753140e+01	-3.464185e+02
2.700000e-07	-6.951263e-06	-1.316115e-09	-3.745665e+01	-3.462619e+02
2.800000e-07	-6.936852e-06	-1.313179e-09	-3.737899e+01	-3.461044e+02
2.900000e-07	-6.921784e-06	-1.386667e-09	-3.729780e+01	-3.459449e+02
3.000000e-07	-6.905945e-06	-1.353892e-09	-3.721245e+01	-3.457822e+02
3.100000e-07	-6.889555e-06	-1.304029e-09	-3.712414e+01	-3.456148e+02
3.200000e-07	-6.872763e-06	-1.359740e-09	-3.703365e+01	-3.454414e+02
3.300000e-07	-6.855480e-06	-1.364093e-09	-3.694052e+01	-3.452605e+02
3.400000e-07	-6.837858e-06	-1.287588e-09	-3.684557e+01	-3.450705e+02
3.500000e-07	-6.819820e-06	-1.320342e-09	-3.674837e+01	-3.448701e+02
3.600000e-07	-6.801189e-06	-1.393548e-09	-3.664798e+01	-3.446578e+02
3.700000e-07	-6.782112e-06	-1.326181e-09	-3.654518e+01	-3.444321e+02
3.800000e-07	-6.762686e-06	-1.268735e-09	-3.644050e+01	-3.441918e+02
3.900000e-07	-6.742807e-06	-1.345733e-09	-3.633339e+01	-3.439356e+02
4.000000e-07	-6.722526e-06	-1.363546e-09	-3.622410e+01	-3.436625e+02
4.100000e-07	-6.701819e-06	-1.287915e-09	-3.611252e+01	-3.433714e+02
4.200000e-07	-6.680667e-06	-1.304567e-09	-3.599855e+01	-3.430616e+02
4.300000e-07	-6.659049e-06	-1.354596e-09	-3.588206e+01	-3.427324e+02
4.400000e-07	-6.636942e-06	-1.311445e-09	-3.576294e+01	-3.423833e+02
4.500000e-07	-6.614354e-06	-1.292869e-09	-3.564122e+01	-3.420140e+02
4.600000e-07	-6.591335e-06	-1.335087e-09	-3.551719e+01	-3.416243e+02
4.700000e-07	-6.567927e-06	-1.312174e-09	-3.539106e+01	-3.412142e+02
4.800000e-07	-6.544149e-06	-1.279389e-09	-3.526293e+01	-3.407838e+02
4.900000e-07	-6.519878e-06	-1.320549e-09	-3.513214e+01	-3.403335e+02
5.000000e-07	-6.495038e-06	-1.326844e-09	-3.499829e+01	-3.398637e+02
5.100000e-07	-6.469578e-06	-1.281028e-09	-3.486110e+01	-3.393748e+02
5.200000e-07	-6.443497e-06	-1.291760e-09	-3.472057e+01	-3.388675e+02
5.300000e-07	-6.416812e-06	-1.314281e-09	-3.457678e+01	-3.383425e+02
5.400000e-07	-6.389509e-06	-1.285225e-09	-3.442965e+01	-3.378006e+02
5.500000e-07	-6.361830e-06	-1.278961e-09	-3.428051e+01	-3.372425e+02
5.600000e-07	-6.333802e-06	-1.299875e-09	-3.412948e+01	-3.366689e+02
5.700000e-07	-6.305374e-06	-1.283890e-09	-3.397630e+01	-3.360807e+02
5.800000e-07	-6.276507e-06	-1.271394e-09	-3.382075e+01	-3.354786e+02
5.900000e-07	-6.247263e-06	-1.287721e-09	-3.366317e+01	-3.348632e+02
6.000000e-07	-6.217747e-06	-1.279678e-09	-3.350412e+01	-3.342352e+02
6.100000e-07	-6.187873e-06	-1.262565e-09	-3.334314e+01	-3.335951e+02
6.200000e-07	-6.157429e-06	-1.271930e-09	-3.317910e+01	-3.329433e+02
6.300000e-07	-6.126465e-06	-1.273889e-09	-3.301225e+01	-3.322802e+02
6.400000e-07	-6.095060e-06	-1.261352e-09	-3.284302e+01	-3.316058e+02
6.500000e-07	-6.063248e-06	-1.262734e-09	-3.267161e+01	-3.309204e+02
6.600000e-07	-6.031154e-06	-1.263069e-09	-3.249867e+01	-3.302238e+02
6.700000e-07	-5.998768e-06	-1.252641e-09	-3.232416e+01	-3.295160e+02
6.800000e-07	-5.965805e-06	-1.250340e-09	-3.214654e+01	-3.287966e+02
6.900000e-07	-5.932128e-06	-1.251134e-09	-3.196507e+01	-3.280654e+02
7.000000e-07	-5.897857e-06	-1.244115e-09	-3.178041e+01	-3.273217e+02
7.100000e-07	-5.862972e-06	-1.239378e-09	-3.159243e+01	-3.265652e+02
7.200000e-07	-5.827636e-06	-1.237000e-09	-3.140202e+01	-3.257952e+02
7.300000e-07	-5.792027e-06	-1.232452e-09	-3.121014e+01	-3.250112e+02
7.400000e-07	-5.756163e-06	-1.229888e-09	-3.101689e+01	-3.242123e+02
7.500000e-07	-5.720031e-06	-1.228140e-09	-3.082219e+01	-3.233980e+02
7.600000e-07	-5.683490e-06	-1.222108e-09	-3.062530e+01	-3.225675e+02
7.700000e-07	-5.646492e-06	-1.217630e-09	-3.042593e+01	-3.217203e+02
7.800000e-07	-5.609103e-06	-1.215425e-09	-3.022446e+01	-3.208558e+02
7.900000e-07	-5.571227e-06	-1.209556e-09	-3.002037e+01	-3.199734e+02
8.000000e-07	-5.532880e-06	-1.202259e-09	-2.981374e+01	-3.190726e+02
8.100000e-07	-5.494022e-06	-1.196853e-09	-2.960435e+01	-3.181531e+02
8.200000e-07	-5.454691e-06	-1.192919e-09	-2.939242e+01	-3.172146e+02
8.300000e-07	-5.415110e-06	-1.189336e-09	-2.917914e+01	-3.162570e+02
8.400000e-07	-5.375351e-06	-1.184913e-09	-2.896490e+01	-3.152801e+02
8.500000e-07	-5.335353e-06	-1.178403e-09	-2.874937e+01	-3.142840e+02
8.600000e-07	-5.295129e-06	-1.171444e-09	-2.853262e+01	-3.132688e+02
8.700000e-07	-5.254465e-06	-1.165851e-09	-2.831351e+01	-3.122348e+02
8.800000e-07	-5.213228e-06	-1.161702e-09	-2.809131e+01	-3.111824e+02
8.900000e-07	-5.171477e-06	-1.156600e-09	-2.786633e+01	-3.101119e+02
9.000000e-07	-5.129319e-06	-1.150089e-09	-2.763916e+01	-3.090239e+02
9.100000e-07	-5.086643e-06	-1.144509e-09	-2.740920e+01	-3.079188e+02
9.200000e-07	-5.043321e-06	-1.140350e-09	-2.717577e+01	-3.067974e+02
9.300000e-07	-4.999671e-06	-1.135266e-09	-2.694056e+01	-3.056602e+02
9.400000e-07	-4.955807e-06	-1.128510e-09	-2.670420e+01	-3.045079e+02
9.500000e-07	-4.911651e-06	-1.121885e-09	-2.646627e+01	-3.033410e+02
9.600000e-07	-4.867211e-06	-1.117500e-09	-2.622680e+01	-3.021601e+02
9.700000e-07	-4.822469e-06	-1.114295e-09	-2.598571e+01	-3.009657e+02
9.800000e-07	-4.777378e-06	-1.110031e-09	-2.574274e+01	-2.997583e+02
9.900000e-07	-4.732001e-06	-1.104143e-09	-2.549823e+01	-2.985383e+02
1.000000e-06	-4.686391e-06	-1.097927e-09	-2.525246e+01	-2.973058e+02
1.010000e-06	-4.640477e-06	-1.092379e-09	-2.500506e+01	-2.960611e+02
1.020000e-06	-4.594166e-06	-1.087657e-09	-2.475551e+01	-2.948040e+02
1.030000e-06	-4.547436e-06	-1.082671e-09	-2.450371e+01	-2.935344e+02
1.040000e-06	-4.500380e-06	-1.077146e-09	-2.425015e+01	-2.922521e+02
1.050000e-06	-4.453061e-06	-1.072332e-09	-2.399517e+01	-2.909566e+02
1.060000e-06	-4.405607e-06	-1.067216e-09	-2.373947e+01	-2.896473e+02
1.070000e-06	-4.357998e-06	-1.061804e-09	-2.348293e+01	-2.883235e+02
1.080000e-06	-4.309940e-06	-1.057056e-09	-2.322397e+01	-2.869842e+02
1.090000e-06	-4.261383e-06	-1.052141e-09	-2.296232e+01	-2.856284e+02
1.100000e-06	-4.212424e-06	-1.047629e-09	-2.269850e+01	-2.842551e+02
1.110000e-06	-4.163103e-06	-1.043478e-09	-2.243274e+01	-2.828629e+02
1.120000e-06	-4.113291e-06	-1.037887e-09	-2.216433e+01	-2.814505e+02
1.130000e-06	-4.063049e-06	-1.031175e-09	-2.189360e+01	-2.800165e+02
1.140000e-06	-4.012514e-06	-1.024540e-09	-2.162130e+01	-2.785594e+02
1.150000e-06	-3.961539e-06	-1.018993e-09	-2.134662e+01	-2.770777e+02
1.160000e-06	-3.910076e-06	-1.014476e-09	-2.106931e+01	-2.755699e+02
1.170000e-06	-3.858297e-06	-1.008766e-09	-2.079031e+01	-2.740346e+02
1.180000e-06	-3.806281e-06	-1.002043e-09	-2.051002e+01	-2.724701e+02
1.190000e-06	-3.754042e-06	-9.958426e-10	-2.022853e+01	-2.708752e+02
1.200000e-06	-3.701542e-06	-9.894912e-10	-1.994563e+01	-2.692484e+02
1.210000e-06	-3.648689e-06	-9.828993e-10	-1.966084e+01	-2.675885e+02
1.220000e-06	-3.595616e-06	-9.761043e-10	-1.937486e+01	-2.658944e+02
1.230000e-06	-3.542363e-06	-9.698237e-10	-1.908790e+01	-2.641651e+02
1.240000e-06	-3.488886e-06	-9.635103e-10	-1.879975e+01	-2.623996e+02
1.250000e-06	-3.435111e-06	-9.573073e-10	-1.850998e+01	-2.605973e+02
1.260000e-06	-3.381068e-06	-9.513044e-10	-1.821877e+01	-2.587575e+02
1.270000e-06	-3.326938e-06	-9.433078e-10	-1.792709e+01	-2.568799e+02
1.280000e-06	-3.272421e-06	-9.345457e-10	-1.763333e+01	-2.549642e+02
1.290000e-06	-3.217530e-06	-9.273876e-10	-1.733755e+01	-2.530103e+02
1.300000e-06	-3.162585e-06	-9.210254e-10	-1.704148e+01	-2.510183e+02
1.310000e-06	-3.107492e-06	-9.131889e-10	-1.674461e+01	-2.489885e+02
1.320000e-06	-3.052220e-06	-9.044051e-10	-1.644678e+01	-2.469211e+02
1.330000e-06	-2.996763e-06	-8.966673e-10	-1.614796e+01	-2.448168e+02
1.340000e-06	-2.941091e-06	-8.890060e-10	-1.584797e+01	-2.426760e+02
1.350000e-06	-2.885244e-06	-8.804034e-10	-1.554704e+01	-2.404996e+02
1.360000e-06	-2.829301e-06	-8.718464e-10	-1.524559e+01	-2.382882e+02
1.370000e-06	-2.773289e-06	-8.635577e-10	-1.494377e+01	-2.360428e+02
1.380000e-06	-2.717151e-06	-8.561341e-10	-1.464128e+01	-2.337642e+02
1.390000e-06	-2.660861e-06	-8.486407e-10	-1.433796e+01	-2.314533e+02
1.400000e-06	-2.604449e-06	-8.399239e-10	-1.403399e+01	-2.291111e+02
1.410000e-06	-2.547846e-06	-8.301384e-10	-1.372898e+01	-2.267382e+02
1.420000e-06	-2.490907e-06	-8.202747e-10	-1.342217e+01	-2.243357e+02
1.430000e-06	-2.433638e-06	-8.115471e-10	-1.311358e+01	-2.219041e+02
1.440000e-06	-2.376098e-06	-8.031941e-10	-1.280352e+01	-2.194440e+02
1.450000e-06	-2.318316e-06	-7.939477e-10	-1.249217e+01	-2.169560e+02
1.460000e-06	-2.260166e-06	-7.835100e-10	-1.217883e+01	-2.144403e+02
1.470000e-06	-2.201493e-06	-7.725753e-10	-1.186267e+01	-2.118972e+02
1.480000e-06	-2.142555e-06	-7.622021e-10	-1.154509e+01	-2.093265e+02
1.490000e-06	-2.083528e-06	-7.516427e-10	-1.122702e+01	-2.067282e+02
1.500000e-06	-2.024253e-06	-7.408447e-10	-1.090762e+01	-2.041016e+02
1.510000e-06	-1.964764e-06	-7.308001e-10	-1.058706e+01	-2.014463e+02
1.520000e-06	-1.905252e-06	-7.205328e-10	-1.026638e+01	-1.987612e+02
1.530000e-06	-1.845724e-06	-7.110090e-10	-9.945623e+00	-1.960453e+02
1.540000e-06	-1.786213e-06	-7.016243e-10	-9.624946e+00	-1.932972e+02
1.550000e-06	-1.726646e-06	-6.904407e-10	-9.303972e+00	-1.905152e+02
1.560000e-06	-1.666873e-06	-6.790611e-10	-8.981888e+00	-1.876976e+02
1.570000e-06	-1.607031e-06	-6.684305e-10	-8.659430e+00	-1.848423e+02
1.580000e-06	-1.547207e-06	-6.585362e-10	-8.337072e+00	-1.819470e+02
1.590000e-06	-1.487324e-06	-6.479796e-10	-8.014395e+00	-1.790091e+02
1.600000e-06	-1.427373e-06	-6.359020e-10	-7.691352e+00	-1.760260e+02
1.610000e-06	-1.367383e-06	-6.242130e-10	-7.368098e+00	-1.729949e+02
1.620000e-06	-1.307238e-06	-6.129225e-10	-7.044008e+00	-1.699127e+02
1.630000e-06	-1.247002e-06	-6.009603e-10	-6.719429e+00	-1.667763e+02
1.640000e-06	-1.186676e-06	-5.884427e-10	-6.394364e+00	-1.635824e+02
1.650000e-06	-1.126212e-06	-5.756804e-10	-6.068554e+00	-1.603278e+02
1.660000e-06	-1.065760e-06	-5.633392e-10	-5.742814e+00	-1.570091e+02
1.670000e-06	-1.005334e-06	-5.520421e-10	-5.417207e+00	-1.536229e+02
1.680000e-06	-9.448272e-07	-5.403184e-10	-5.091169e+00	-1.501659e+02
1.690000e-06	-8.842003e-07	-5.260495e-10	-4.764483e+00	-1.466348e+02
1.700000e-06	-8.235742e-07	-5.113702e-10	-4.437802e+00	-1.430265e+02
1.710000e-06	-7.629215e-07	-4.992010e-10	-4.110977e+00	-1.393378e+02
1.720000e-06	-7.021521e-07	-4.872440e-10	-3.783523e+00	-1.355660e+02
1.730000e-06	-6.412032e-07	-4.737530e-10	-3.455102e+00	-1.317083e+02
1.740000e-06	-5.801564e-07	-4.596288e-10	-3.126153e+00	-1.277625e+02
1.750000e-06	-5.190841e-07	-4.452437e-10	-2.797067e+00	-1.237262e+02
1.760000e-06	-4.579048e-07	-4.303621e-10	-2.467405e+00	-1.195978e+02
1.770000e-06	-3.966572e-07	-4.147483e-10	-2.137374e+00	-1.153757e+02
1.780000e-06	-3.354152e-07	-3.985468e-10	-1.807374e+00	-1.110589e+02
1.790000e-06	-2.742857e-07	-3.819382e-10	-1.477979e+00	-1.066468e+02
1.800000e-06	-2.132942e-07	-3.651105e-10	-1.149329e+00	-1.021390e+02
1.810000e-06	-1.522291e-07	-3.485094e-10	-8.202814e-01	-9.753581e+01
1.820000e-06	-9.107046e-08	-3.318412e-10	-4.907301e-01	-9.283794e+01
1.830000e-06	-2.989483e-08	-3.137018e-10	-1.610873e-01	-8.804655e+01
1.840000e-06	3.134483e-08	-2.947631e-10	1.689006e-01	-8.316334e+01
1.850000e-06	9.257796e-08	-2.761710e-10	4.988532e-01	-7.819049e+01
1.860000e-06	1.537886e-07	-2.581380e-10	8.286847e-01	-7.313069e+01
1.870000e-06	2.149866e-07	-2.408513e-10	1.158448e+00	-6.798714e+01
1.880000e-06	2.761926e-07	-2.230585e-10	1.488254e+00	-6.276349e+01
1.890000e-06	3.373589e-07	-2.035556e-10	1.817847e+00	-5.746392e+01
1.900000e-06	3.985180e-07	-1.834859e-10	2.147401e+00	-5.209301e+01
1.910000e-06	4.596369e-07	-1.634693e-10	2.476738e+00	-4.665578e+01
1.920000e-06	5.206854e-07	-1.438742e-10	2.805696e+00	-4.115768e+01
1.930000e-06	5.817870e-07	-1.247064e-10	3.134940e+00	-3.560447e+01
1.940000e-06	6.427852e-07	-1.046757e-10	3.463626e+00	-3.000226e+01
1.950000e-06	7.036384e-07	-8.502226e-11	3.791532e+00	-2.435746e+01
1.960000e-06	7.644962e-07	-6.557832e-11	4.119462e+00	-1.867667e+01
1.970000e-06	8.253059e-07	-4.465337e-11	4.447133e+00	-1.296671e+01
1.980000e-06	8.859655e-07	-2.308495e-11	4.773995e+00	-7.234533e+00
1.990000e-06	9.465552e-07	-2.218249e-12	5.100481e+00	-1.487160e+00
2.000000e-06	1.007104e-06	1.912962e-11	5.426744e+00	4.268344e+00
2.010000e-06	1.067509e-06	4.134111e-11	5.752236e+00	1.002494e+01
2.020000e-06	1.127895e-06	6.214840e-11	6.077626e+00	1.577567e+01
2.030000e-06	1.188303e-06	8.254491e-11	6.403129e+00	2.151369e+01
2.040000e-06	1.248619e-06	1.028285e-10	6.728143e+00	2.723234e+01
2.050000e-06	1.308767e-06	1.220564e-10	7.052249e+00	3.292520e+01
2.060000e-06	1.368791e-06	1.420679e-10	7.375686e+00	3.858608e+01
2.070000e-06	1.428788e-06	1.632638e-10	7.698974e+00	4.420915e+01
2.080000e-06	1.488728e-06	1.845578e-10	8.021963e+00	4.978887e+01
2.090000e-06	1.548572e-06	2.051308e-10	8.344429e+00	5.532013e+01
2.100000e-06	1.608335e-06	2.248983e-10	8.666457e+00	6.079818e+01
2.110000e-06	1.668083e-06	2.441867e-10	8.988410e+00	6.621872e+01
2.120000e-06	1.727804e-06	2.632898e-10	9.310216e+00	7.157789e+01
2.130000e-06	1.787447e-06	2.829079e-10	9.631598e+00	7.687227e+01
2.140000e-06	1.847053e-06	3.021774e-10	9.952784e+00	8.209890e+01
2.150000e-06	1.906579e-06	3.203569e-10	1.027354e+01	8.725526e+01
2.160000e-06	1.965980e-06	3.383493e-10	1.059362e+01	9.233931e+01
2.170000e-06	2.025355e-06	3.565810e-10	1.091356e+01	9.734941e+01
2.180000e-06	2.084563e-06	3.745631e-10	1.123259e+01	1.022844e+02
2.190000e-06	2.143544e-06	3.918086e-10	1.155041e+01	1.071433e+02
2.200000e-06	2.202242e-06	4.089602e-10	1.186671e+01	1.119259e+02
2.210000e-06	2.260703e-06	4.260945e-10	1.218172e+01	1.166319e+02
2.220000e-06	2.318899e-06	4.431311e-10	1.249531e+01	1.212616e+02
2.230000e-06	2.376641e-06	4.599439e-10	1.280645e+01	1.258155e+02
2.240000e-06	2.434015e-06	4.759143e-10	1.311561e+01	1.302942e+02
2.250000e-06	2.491108e-06	4.919545e-10	1.342325e+01	1.346988e+02
2.260000e-06	2.547964e-06	5.084511e-10	1.372962e+01	1.390302e+02
2.270000e-06	2.604586e-06	5.242785e-10	1.403472e+01	1.432897e+02
2.280000e-06	2.660971e-06	5.391736e-10	1.433855e+01	1.474786e+02
2.290000e-06	2.717106e-06	5.535807e-10	1.464104e+01	1.515983e+02
2.300000e-06	2.773074e-06	5.686256e-10	1.494262e+01	1.556501e+02
2.310000e-06	2.828990e-06	5.842949e-10	1.524392e+01	1.596355e+02
2.320000e-06	2.884846e-06	5.994246e-10	1.554489e+01	1.635558e+02
2.330000e-06	2.940545e-06	6.155514e-10	1.584503e+01	1.674124e+02
2.340000e-06	2.996155e-06	6.316321e-10	1.614468e+01	1.712064e+02
2.350000e-06	3.051621e-06	6.451123e-10	1.644355e+01	1.749390e+02
2.360000e-06	3.106845e-06	6.572211e-10	1.674113e+01	1.786114e+02
2.370000e-06	3.161882e-06	6.683789e-10	1.703769e+01	1.822244e+02
2.380000e-06	3.216714e-06	6.783317e-10	1.733316e+01	1.857790e+02
2.390000e-06	3.271323e-06	6.894195e-10	1.762742e+01	1.892758e+02
2.400000e-06	3.325573e-06	7.036191e-10	1.791974e+01	1.927157e+02
2.410000e-06	3.379574e-06	7.184381e-10	1.821072e+01	1.960990e+02
2.420000e-06	3.433394e-06	7.319404e-10	1.850073e+01	1.994264e+02
2.430000e-06	3.486998e-06	7.445980e-10	1.878957e+01	2.026981e+02
2.440000e-06	3.540439e-06	7.562442e-10	1.907754e+01	2.059146e+02
2.450000e-06	3.593725e-06	7.667573e-10	1.936467e+01	2.090761e+02
2.460000e-06	3.646601e-06	7.773553e-10	1.964959e+01	2.121830e+02
2.470000e-06	3.698983e-06	7.881559e-10	1.993185e+01	2.152354e+02
2.480000e-06	3.751162e-06	7.981805e-10	2.021301e+01	2.182337e+02
2.490000e-06	3.803096e-06	8.086180e-10	2.049286e+01	2.211780e+02
2.500000e-06	3.854791e-06	8.197996e-10	2.077141e+01	2.240688e+02
2.510000e-06	3.906202e-06	8.306078e-10	2.104844e+01	2.269062e+02
2.520000e-06	3.957228e-06	8.402242e-10	2.132339e+01	2.296908e+02
2.530000e-06	4.007841e-06	8.491566e-10	2.159612e+01	2.324230e+02
2.540000e-06	4.057958e-06	8.581676e-10	2.186617e+01	2.351032e+02
2.550000e-06	4.107546e-06	8.667282e-10	2.213337e+01	2.377321e+02
2.560000e-06	4.156683e-06	8.743005e-10	2.239815e+01	2.403103e+02
2.570000e-06	4.205416e-06	8.815763e-10	2.266074e+01	2.428386e+02
2.580000e-06	4.253741e-06	8.903099e-10	2.292114e+01	2.453177e+02
2.590000e-06	4.301766e-06	9.005516e-10	2.317992e+01	2.477484e+02
2.600000e-06	4.349616e-06	9.106653e-10	2.343776e+01	2.501317e+02
2.610000e-06	4.397360e-06	9.197104e-10	2.369502e+01	2.524685e+02
2.620000e-06	4.444925e-06	9.281053e-10	2.395133e+01	2.547597e+02
2.630000e-06	4.492143e-06	9.360656e-10	2.420576e+01	2.570063e+02
2.640000e-06	4.538991e-06	9.437092e-10	2.445820e+01	2.592093e+02
2.650000e-06	4.585477e-06	9.512531e-10	2.470869e+01	2.613696e+02
2.660000e-06	4.631623e-06	9.584019e-10	2.495734e+01	2.634881e+02
2.670000e-06	4.677458e-06	9.649789e-10	2.520433e+01	2.655658e+02
2.680000e-06	4.722971e-06	9.714287e-10	2.544957e+01	2.676035e+02
2.690000e-06	4.768154e-06	9.786543e-10	2.569304e+01	2.696020e+02
2.700000e-06	4.812910e-06	9.859065e-10	2.593421e+01	2.715621e+02
2.710000e-06	4.857356e-06	9.920491e-10	2.617370e+01	2.734842e+02
2.720000e-06	4.901571e-06	9.989658e-10	2.641195e+01	2.753691e+02
2.730000e-06	4.945536e-06	1.008193e-09	2.664885e+01	2.772172e+02
2.740000e-06	4.989279e-06	1.017139e-09	2.688456e+01	2.790289e+02
2.750000e-06	5.032834e-06	1.023944e-09	2.711926e+01	2.808045e+02
2.760000e-06	5.076061e-06	1.029738e-09	2.735218e+01	2.825442e+02
2.770000e-06	5.118819e-06	1.035290e-09	2.758258e+01	2.842484e+02
2.780000e-06	5.161004e-06	1.041395e-09	2.780990e+01	2.859170e+02
2.790000e-06	5.202373e-06	1.049139e-09	2.803281e+01	2.875502e+02
2.800000e-06	5.243038e-06	1.057438e-09	2.825193e+01	2.891480e+02
2.810000e-06	5.283372e-06	1.064818e-09	2.846927e+01	2.907105e+02
2.820000e-06	5.323476e-06	1.071634e-09	2.868537e+01	2.922377e+02
2.830000e-06	5.363365e-06	1.078661e-09	2.890031e+01	2.937296e+02
2.840000e-06	5.403003e-06	1.084334e-09	2.911390e+01	2.951864e+02
2.850000e-06	5.442400e-06	1.088750e-09	2.932619e+01	2.966083e+02
2.860000e-06	5.481422e-06	1.093321e-09	2.953646e+01	2.979953e+02
2.870000e-06	5.519891e-06	1.097439e-09	2.974375e+01	2.993478e+02
2.880000e-06	5.557933e-06	1.102592e-09	2.994873e+01	3.006662e+02
2.890000e-06	5.595614e-06	1.108920e-09	3.015178e+01	3.019509e+02
2.900000e-06	5.632984e-06	1.113930e-09	3.035314e+01	3.032026e+02
2.910000e-06	5.670002e-06	1.118219e-09	3.055262e+01	3.044219e+02
2.920000e-06	5.706563e-06	1.123644e-09	3.074962e+01	3.056097e+02
2.930000e-06	5.742702e-06	1.130179e-09	3.094436e+01	3.067669e+02
2.940000e-06	5.778572e-06	1.137138e-09	3.113764e+01	3.078946e+02
2.950000e-06	5.814266e-06	1.142032e-09	3.132998e+01	3.089940e+02
2.960000e-06	5.849788e-06	1.144598e-09	3.152138e+01	3.100663e+02
2.970000e-06	5.884979e-06	1.147587e-09	3.171101e+01	3.111130e+02
2.980000e-06	5.919512e-06	1.152259e-09	3.189709e+01	3.121354e+02
2.990000e-06	5.953194e-06	1.157813e-09	3.207858e+01	3.131352e+02
3.000000e-06	5.986116e-06	1.163607e-09	3.225598e+01	3.141138e+02
3.010000e-06	6.018435e-06	1.169115e-09	3.243013e+01	3.150729e+02
3.020000e-06	6.050378e-06	1.173611e-09	3.260226e+01	3.160140e+02
3.030000e-06	6.082105e-06	1.178036e-09	3.277322e+01	3.169387e+02
3.040000e-06	6.113505e-06	1.182816e-09	3.294241e+01	3.178487e+02
3.050000e-06	6.144451e-06	1.187185e-09	3.310917e+01	3.187453e+02
3.060000e-06	6.175038e-06	1.192122e-09	3.327399e+01	3.196299e+02
3.070000e-06	6.205253e-06	1.198053e-09	3.343680e+01	3.205040e+02
3.080000e-06	6.234941e-06	1.203390e-09	3.359677e+01	3.213686e+02
3.090000e-06	6.264138e-06	1.207792e-09	3.375410e+01	3.222248e+02
3.100000e-06	6.292953e-06	1.212742e-09	3.390936e+01	3.230737e+02
3.110000e-06	6.321412e-06	1.218253e-09	3.406272e+01	3.239158e+02
3.120000e-06	6.349566e-06	1.222607e-09	3.421442e+01	3.247519e+02
3.130000e-06	6.377379e-06	1.226776e-09	3.436429e+01	3.255824e+02
3.140000e-06	6.404866e-06	1.231561e-09	3.451241e+01	3.264076e+02
3.150000e-06	6.431980e-06	1.235615e-09	3.465851e+01	3.272275e+02
3.160000e-06	6.458423e-06	1.238818e-09	3.480099e+01	3.280421e+02
3.170000e-06	6.484067e-06	1.241803e-09	3.493918e+01	3.288513e+02
3.180000e-06	6.508963e-06	1.245234e-09	3.507333e+01	3.296546e+02
3.190000e-06	6.533253e-06	1.248854e-09	3.520422e+01	3.304515e+02
3.200000e-06	6.557198e-06	1.252044e-09	3.533324e+01	3.312416e+02
3.210000e-06	6.580828e-06	1.255094e-09	3.546057e+01	3.320240e+02
3.220000e-06	6.603943e-06	1.257737e-09	3.558513e+01	3.327979e+02
3.230000e-06	6.626629e-06	1.261044e-09	3.570737e+01	3.335626e+02
3.240000e-06	6.648967e-06	1.265766e-09	3.582774e+01	3.343171e+02
3.250000e-06	6.670783e-06	1.269791e-09	3.594529e+01	3.350606e+02
3.260000e-06	6.692162e-06	1.272091e-09	3.606049e+01	3.357920e+02
3.270000e-06	6.713105e-06	1.274651e-09	3.617334e+01	3.365104e+02
3.280000e-06	6.733541e-06	1.277507e-09	3.628346e+01	3.372150e+02
3.290000e-06	6.753644e-06	1.280645e-09	3.639178e+01	3.379049e+02
3.300000e-06	6.773456e-06	1.284401e-09	3.649854e+01	3.385793e+02
3.310000e-06	6.792911e-06	1.287563e-09	3.660337e+01	3.392375e+02
3.320000e-06	6.811899e-06	1.290254e-09	3.670569e+01	3.398787e+02
3.330000e-06	6.830284e-06	1.292533e-09	3.680476e+01	3.405025e+02
3.340000e-06	6.848041e-06	1.294903e-09	3.690044e+01	3.411083e+02
3.350000e-06	6.865242e-06	1.297650e-09	3.699313e+01	3.416958e+02
3.360000e-06	6.882061e-06	1.300857e-09	3.708375e+01	3.422645e+02
3.370000e-06	6.898561e-06	1.303426e-09	3.717266e+01	3.428144e+02
3.380000e-06	6.914521e-06	1.306305e-09	3.725866e+01	3.433451e+02
3.390000e-06	6.929791e-06	1.309956e-09	3.734095e+01	3.438566e+02
3.400000e-06	6.944414e-06	1.312957e-09	3.741974e+01	3.443490e+02
3.410000e-06	6.958475e-06	1.316476e-09	3.749551e+01	3.448221e+02
3.420000e-06	6.971997e-06	1.319393e-09	3.756837e+01	3.452761e+02
3.430000e-06	6.985044e-06	1.321337e-09	3.763867e+01	3.457110e+02
3.440000e-06	6.997614e-06	1.324330e-09	3.770641e+01	3.461270e+02
3.450000e-06	7.009726e-06	1.328346e-09	3.777167e+01	3.465242e+02
3.460000e-06	7.021421e-06	1.332087e-09	3.783469e+01	3.469027e+02
3.470000e-06	7.032482e-06	1.334212e-09	3.789429e+01	3.472625e+02
3.480000e-06	7.042789e-06	1.335142e-09	3.794983e+01	3.476038e+02
3.490000e-06	7.052335e-06	1.336095e-09	3.800127e+01	3.479265e+02
3.500000e-06	7.061152e-06	1.338037e-09	3.804878e+01	3.482308e+02
3.510000e-06	7.069408e-06	1.340972e-09	3.809327e+01	3.485166e+02
3.520000e-06	7.077185e-06	1.343846e-09	3.813517e+01	3.487838e+02
3.530000e-06	7.084562e-06	1.345773e-09	3.817493e+01	3.490324e+02
3.540000e-06	7.091591e-06	1.346798e-09	3.821280e+01	3.492622e+02
3.550000e-06	7.098042e-06	1.348052e-09	3.824756e+01	3.494732e+02
3.560000e-06	7.103951e-06	1.350418e-09	3.827940e+01	3.496651e+02
3.570000e-06	7.109473e-06	1.353382e-09	3.830915e+01	3.498379e+02
3.580000e-06	7.114495e-06	1.356017e-09	3.833621e+01	3.499913e+02
3.590000e-06	7.118992e-06	1.359294e-09	3.836045e+01	3.501253e+02
3.600000e-06	7.123082e-06	1.362598e-09	3.838249e+01	3.502397e+02
3.610000e-06	7.126865e-06	1.364966e-09	3.840287e+01	3.503346e+02
3.620000e-06	7.130247e-06	1.366290e-09	3.842110e+01	3.504098e+02
3.630000e-06	7.133104e-06	1.367150e-09	3.843649e+01	3.504656e+02
3.640000e-06	7.135285e-06	1.368408e-09	3.844824e+01	3.505020e+02
3.650000e-06	7.136663e-06	1.369083e-09	3.845567e+01	3.505193e+02
3.660000e-06	7.137292e-06	1.369359e-09	3.845906e+01	3.505179e+02
3.670000e-06	7.137467e-06	1.369449e-09	3.846000e+01	3.504982e+02
3.680000e-06	7.137353e-06	1.369107e-09	3.845939e+01	3.504609e+02
3.690000e-06	7.136794e-06	1.368656e-09	3.845638e+01	3.504065e+02
3.700000e-06	7.135757e-06	1.369215e-09	3.845079e+01	3.503359e+02
3.710000e-06	7.134233e-06	1.371066e-09	3.844257e+01	3.502499e+02
3.720000e-06	7.132273e-06	1.372812e-09	3.843201e+01	3.501497e+02
3.730000e-06	7.129822e-06	1.373982e-09	3.841880e+01	3.500363e+02
3.740000e-06	7.126745e-06	1.377286e-09	3.840223e+01	3.499109e+02
3.750000e-06	7.123260e-06	1.373229e-09	3.838344e+01	3.497747e+02
3.760000e-06	7.119391e-06	1.352691e-09	3.836260e+01	3.496291e+02
3.770000e-06	7.114821e-06	1.357098e-09	3.833797e+01	3.494753e+02
3.780000e-06	7.109365e-06	1.408187e-09	3.830858e+01	3.493148e+02
3.790000e-06	7.103347e-06	1.416852e-09	3.827614e+01	3.491488e+02
3.800000e-06	7.096999e-06	1.336797e-09	3.824194e+01	3.489786e+02
3.810000e-06	7.090175e-06	1.313002e-09	3.820517e+01	3.488056e+02
3.820000e-06	7.082880e-06	1.410312e-09	3.816586e+01	3.486308e+02
3.830000e-06	7.075221e-06	1.437048e-09	3.812459e+01	3.484553e+02
3.840000e-06	7.067191e-06	1.321622e-09	3.808132e+01	3.482800e+02
3.850000e-06	7.058676e-06	1.293644e-09	3.803544e+01	3.481059e+02
3.860000e-06	7.049576e-06	1.432931e-09	3.798640e+01	3.479335e+02
3.870000e-06	7.039940e-06	1.464523e-09	3.793448e+01	3.477632e+02
3.880000e-06	7.029761e-06	1.298262e-09	3.787963e+01	3.475955e+02
3.890000e-06	7.019075e-06	1.266709e-09	3.782205e+01	3.474305e+02
3.900000e-06	7.007970e-06	1.440709e-09	3.776221e+01	3.472680e+02
3.910000e-06	6.996409e-06	1.455972e-09	3.769991e+01	3.471079e+02
3.920000e-06	6.984242e-06	1.286297e-09	3.763435e+01	3.469496e+02
3.930000e-06	6.971379e-06	1.307993e-09	3.756504e+01	3.467926e+02
3.940000e-06	6.957643e-06	1.470384e-09	3.749103e+01	3.466360e+02
3.950000e-06	6.943113e-06	1.410561e-09	3.741273e+01	3.464789e+02
3.960000e-06	6.928111e-06	1.274794e-09	3.733189e+01	3.463202e+02
3.970000e-06	6.912668e-06	1.371911e-09	3.724868e+01	3.461586e+02
3.980000e-06	6.896779e-06	1.469136e-09	3.716306e+01	3.459929e+02
3.990000e-06	6.880404e-06	1.347087e-09	3.707482e+01	3.458217e+02
4.000000e-06	6.863546e-06	1.312655e-09	3.698399e+01	3.456434e+02
4.010000e-06	6.846202e-06	1.449051e-09	3.689053e+01	3.454566e+02
4.020000e-06	6.828373e-06	1.414366e-09	3.679446e+01	3.452598e+02
4.030000e-06	6.810057e-06	1.287783e-09	3.669576e+01	3.450516e+02
4.040000e-06	6.791286e-06	1.376859e-09	3.659461e+01	3.448305e+02
4.050000e-06	6.772074e-06	1.466072e-09	3.649110e+01	3.445952e+02
4.060000e-06	6.752440e-06	1.347798e-09	3.638530e+01	3.443444e+02
4.070000e-06	6.732400e-06	1.316278e-09	3.627731e+01	3.440770e+02
4.080000e-06	6.712010e-06	1.436287e-09	3.616744e+01	3.437920e+02
4.090000e-06	6.691276e-06	1.404005e-09	3.605571e+01	3.434885e+02
4.100000e-06	6.669938e-06	1.312583e-09	3.594074e+01	3.431658e+02
4.110000e-06	6.647811e-06	1.385853e-09	3.582151e+01	3.428233e+02
4.120000e-06	6.624929e-06	1.423894e-09	3.569821e+01	3.424607e+02
4.130000e-06	6.601381e-06	1.340716e-09	3.557132e+01	3.420778e+02
4.140000e-06	6.577445e-06	1.360697e-09	3.544234e+01	3.416745e+02
4.150000e-06	6.553269e-06	1.420383e-09	3.531207e+01	3.412508e+02
4.160000e-06	6.528778e-06	1.358363e-09	3.518010e+01	3.408071e+02
4.170000e-06	6.503772e-06	1.333581e-09	3.504536e+01	3.403437e+02
4.180000e-06	6.478240e-06	1.396535e-09	3.490778e+01	3.398611e+02
4.190000e-06	6.452263e-06	1.377880e-09	3.476780e+01	3.393598e+02
4.200000e-06	6.425903e-06	1.338053e-09	3.462576e+01	3.388406e+02
4.210000e-06	6.399046e-06	1.378267e-09	3.448105e+01	3.383042e+02
4.220000e-06	6.371579e-06	1.379289e-09	3.433304e+01	3.377514e+02
4.230000e-06	6.343786e-06	1.339227e-09	3.418328e+01	3.371829e+02
4.240000e-06	6.315757e-06	1.362532e-09	3.403224e+01	3.365994e+02
4.250000e-06	6.287434e-06	1.377809e-09	3.387963e+01	3.360018e+02
4.260000e-06	6.258582e-06	1.344968e-09	3.372416e+01	3.353908e+02
4.270000e-06	6.228941e-06	1.351023e-09	3.356444e+01	3.347669e+02
4.280000e-06	6.198598e-06	1.370157e-09	3.340094e+01	3.341308e+02
4.290000e-06	6.167763e-06	1.349901e-09	3.323479e+01	3.334828e+02
4.300000e-06	6.136516e-06	1.342954e-09	3.306641e+01	3.328234e+02
4.310000e-06	6.104874e-06	1.354855e-09	3.289591e+01	3.321527e+02
4.320000e-06	6.072724e-06	1.345431e-09	3.272267e+01	3.314710e+02
4.330000e-06	6.040073e-06	1.340187e-09	3.254673e+01	3.307781e+02
4.340000e-06	6.007087e-06	1.347425e-09	3.236899e+01	3.300740e+02
4.350000e-06	5.973739e-06	1.340234e-09	3.218929e+01	3.293585e+02
4.360000e-06	5.939904e-06	1.332124e-09	3.200697e+01	3.286312e+02
4.370000e-06	5.905688e-06	1.334026e-09	3.182260e+01	3.278917e+02
4.380000e-06	5.871188e-06	1.330927e-09	3.163670e+01	3.271396e+02
4.390000e-06	5.836411e-06	1.328056e-09	3.144931e+01	3.263741e+02
4.400000e-06	5.801216e-06	1.328968e-09	3.125966e+01	3.255948e+02
4.410000e-06	5.765515e-06	1.324404e-09	3.106728e+01	3.248009e+02
4.420000e-06	5.729540e-06	1.322146e-09	3.087343e+01	3.239918e+02
4.430000e-06	5.693217e-06	1.324620e-09	3.067771e+01	3.231667e+02
4.440000e-06	5.656475e-06	1.319290e-09	3.047973e+01	3.223252e+02
4.450000e-06	5.619354e-06	1.312709e-09	3.027970e+01	3.214665e+02
4.460000e-06	5.581697e-06	1.314154e-09	3.007679e+01	3.205900e+02
4.470000e-06	5.543275e-06	1.313924e-09	2.986975e+01	3.196954e+02
4.480000e-06	5.504140e-06	1.308271e-09	2.965887e+01	3.187821e+02
4.490000e-06	5.464673e-06	1.303532e-09	2.944621e+01	3.178500e+02
4.500000e-06	5.424888e-06	1.299464e-09	2.923183e+01	3.168987e+02
4.510000e-06	5.384707e-06	1.295029e-09	2.901531e+01	3.159282e+02
4.520000e-06	5.344251e-06	1.293114e-09	2.879732e+01	3.149385e+02
4.530000e-06	5.303547e-06	1.292239e-09	2.857798e+01	3.139296e+02
4.540000e-06	5.262450e-06	1.289173e-09	2.835654e+01	3.129018e+02
4.550000e-06	5.220855e-06	1.284724e-09	2.813240e+01	3.118555e+02
4.560000e-06	5.178890e-06	1.280922e-09	2.790628e+01	3.107909e+02
4.570000e-06	5.136690e-06	1.277299e-09	2.767888e+01	3.097087e+02
4.580000e-06	5.094127e-06	1.271850e-09	2.744953e+01	3.086092e+02
4.590000e-06	5.051096e-06	1.264536e-09	2.721766e+01	3.074932e+02
4.600000e-06	5.007782e-06	1.259454e-09	2.698427e+01	3.063611e+02
4.610000e-06	4.964145e-06	1.257800e-09	2.674913e+01	3.052137e+02
4.620000e-06	4.920232e-06	1.256015e-09	2.651250e+01	3.040516e+02
4.630000e-06	4.876204e-06	1.253957e-09	2.627526e+01	3.028753e+02
4.640000e-06	4.831911e-06	1.251312e-09	2.603659e+01	3.016853e+02
4.650000e-06	4.787275e-06	1.245517e-09	2.579607e+01	3.004822e+02
4.660000e-06	4.742379e-06	1.239323e-09	2.555415e+01	2.992663e+02
4.670000e-06	4.697046e-06	1.233892e-09	2.530988e+01	2.980380e+02
4.680000e-06	4.651289e-06	1.227332e-09	2.506332e+01	2.967973e+02
4.690000e-06	4.605205e-06	1.220662e-09	2.481499e+01	2.955443e+02
4.700000e-06	4.558811e-06	1.216202e-09	2.456500e+01	2.942789e+02
4.710000e-06	4.512107e-06	1.213094e-09	2.431334e+01	2.930009e+02
4.720000e-06	4.465055e-06	1.209970e-09	2.405980e+01	2.917098e+02
4.730000e-06	4.417716e-06	1.205974e-09	2.380471e+01	2.904051e+02
4.740000e-06	4.370037e-06	1.199571e-09	2.354780e+01	2.890862e+02
4.750000e-06	4.322035e-06	1.193866e-09	2.328914e+01	2.877521e+02
4.760000e-06	4.273556e-06	1.190939e-09	2.302791e+01	2.864019e+02
4.770000e-06	4.224571e-06	1.186390e-09	2.276396e+01	2.850346e+02
4.780000e-06	4.175289e-06	1.179675e-09	2.249840e+01	2.836488e+02
4.790000e-06	4.125731e-06	1.174786e-09	2.223137e+01	2.822432e+02
4.800000e-06	4.075991e-06	1.170921e-09	2.196334e+01	2.808166e+02
4.810000e-06	4.026008e-06	1.166184e-09	2.169401e+01	2.793673e+02
4.820000e-06	3.975585e-06	1.161399e-09	2.142230e+01	2.778940e+02
4.830000e-06	3.924866e-06	1.156731e-09	2.114901e+01	2.763950e+02
4.840000e-06	3.873970e-06	1.151508e-09	2.087476e+01	2.748690e+02
4.850000e-06	3.822767e-06	1.144953e-09	2.059885e+01	2.733144e+02
4.860000e-06	3.771153e-06	1.137437e-09	2.032073e+01	2.717297e+02
4.870000e-06	3.719288e-06	1.130560e-09	2.004126e+01	2.701137e+02
4.880000e-06	3.667199e-06	1.124087e-09	1.976058e+01	2.684650e+02
4.890000e-06	3.614879e-06	1.118480e-09	1.947866e+01	2.667824e+02
4.900000e-06	3.562299e-06	1.113284e-09	1.919533e+01	2.650649e+02
4.910000e-06	3.509358e-06	1.107834e-09	1.891006e+01	2.633115e+02
4.920000e-06	3.456020e-06	1.101503e-09	1.862265e+01	2.615215e+02
4.930000e-06	3.402290e-06	1.093108e-09	1.833312e+01	2.596942e+02
4.940000e-06	3.348121e-06	1.084758e-09	1.804124e+01	2.578292e+02
4.950000e-06	3.293476e-06	1.077696e-09	1.774679e+01	2.559262e+02
4.960000e-06	3.238507e-06	1.070038e-09	1.745059e+01	2.539850e+02
4.970000e-06	3.183305e-06	1.061393e-09	1.715313e+01	2.520057e+02
4.980000e-06	3.127871e-06	1.053176e-09	1.685443e+01	2.499884e+02
4.990000e-06	3.072225e-06	1.046132e-09	1.655458e+01	2.479335e+02
5.000000e-06	3.016433e-06	1.038892e-09	1.625395e+01	2.458414e+02
5.010000e-06	2.960427e-06	1.030480e-09	1.595216e+01	2.437127e+02
5.020000e-06	2.904193e-06	1.020902e-09	1.564915e+01	2.415480e+02
5.030000e-06	2.847808e-06	1.011259e-09	1.534532e+01	2.393482e+02
5.040000e-06	2.791297e-06	1.002780e-09	1.504081e+01	2.371140e+02
5.050000e-06	2.734753e-06	9.943319e-10	1.473612e+01	2.348463e+02
5.060000e-06	2.677938e-06	9.854022e-10	1.442998e+01	2.325461e+02
5.070000e-06	2.620697e-06	9.755460e-10	1.412154e+01	2.302142e+02
5.080000e-06	2.563260e-06	9.654713e-10	1.381204e+01	2.278514e+02
5.090000e-06	2.505862e-06	9.560872e-10	1.350275e+01	2.254586e+02
5.100000e-06	2.448363e-06	9.463857e-10	1.319292e+01	2.230366e+02
5.110000e-06	2.390643e-06	9.352720e-10	1.288190e+01	2.205860e+02
5.120000e-06	2.332797e-06	9.235991e-10	1.257020e+01	2.181072e+02
5.130000e-06	2.274772e-06	9.127314e-10	1.225753e+01	2.156007e+02
5.140000e-06	2.216516e-06	9.026059e-10	1.194362e+01	2.130667e+02
5.150000e-06	2.157908e-06	8.919788e-10	1.162781e+01	2.105052e+02
5.160000e-06	2.099077e-06	8.807366e-10	1.131080e+01	2.079161e+02
5.170000e-06	2.040246e-06	8.686757e-10	1.099380e+01	2.052990e+02
5.180000e-06	1.981350e-06	8.565595e-10	1.067644e+01	2.026533e+02
5.190000e-06	1.922236e-06	8.460566e-10	1.035790e+01	1.999782e+02
5.200000e-06	1.862951e-06	8.350362e-10	1.003845e+01	1.972727e+02
5.210000e-06	1.803588e-06	8.227051e-10	9.718575e+00	1.945354e+02
5.220000e-06	1.744119e-06	8.105041e-10	9.398127e+00	1.917649e+02
5.230000e-06	1.684544e-06	7.991580e-10	9.077108e+00	1.889594e+02
5.240000e-06	1.624956e-06	7.886522e-10	8.756023e+00	1.861169e+02
5.250000e-06	1.565254e-06	7.773586e-10	8.434318e+00	1.832351e+02
5.260000e-06	1.505406e-06	7.642601e-10	8.111830e+00	1.803117e+02
5.270000e-06	1.445518e-06	7.511621e-10	7.789124e+00	1.773440e+02
5.280000e-06	1.385627e-06	7.390441e-10	7.466406e+00	1.743292e+02
5.290000e-06	1.325679e-06	7.266617e-10	7.143374e+00	1.712643e+02
5.300000e-06	1.265640e-06	7.128373e-10	6.819856e+00	1.681463e+02
5.310000e-06	1.205573e-06	6.976093e-10	6.496188e+00	1.649719e+02
5.320000e-06	1.145431e-06	6.825797e-10	6.172115e+00	1.617379e+02
5.330000e-06	1.085229e-06	6.687114e-10	5.847722e+00	1.584409e+02
5.340000e-06	1.025024e-06	6.559298e-10	5.523306e+00	1.550775e+02
5.350000e-06	9.647748e-07	6.427248e-10	5.198657e+00	1.516445e+02
5.360000e-06	9.045110e-07	6.272178e-10	4.873927e+00	1.481384e+02
5.370000e-06	8.442704e-07	6.110945e-10	4.549322e+00	1.445561e+02
5.380000e-06	7.839399e-07	5.963067e-10	4.224234e+00	1.408946e+02
5.390000e-06	7.234823e-07	5.813130e-10	3.898460e+00	1.371507e+02
5.400000e-06	6.628793e-07	5.644968e-10	3.571903e+00	1.333220e+02
5.410000e-06	6.022657e-07	5.469869e-10	3.245289e+00	1.294057e+02
5.420000e-06	5.416807e-07	5.304508e-10	2.918828e+00	1.253998e+02
5.430000e-06	4.809868e-07	5.139065e-10	2.591781e+00	1.213022e+02
5.440000e-06	4.202135e-07	4.974181e-10	2.264307e+00	1.171115e+02
5.450000e-06	3.594184e-07	4.802317e-10	1.936714e+00	1.128264e+02
5.460000e-06	2.986602e-07	4.610644e-10	1.609320e+00	1.084460e+02
5.470000e-06	2.379192e-07	4.415272e-10	1.282019e+00	1.039701e+02
5.480000e-06	1.771628e-07	4.231066e-10	9.546357e-01	9.939861e+01
5.490000e-06	1.164099e-07	4.047549e-10	6.272706e-01	9.473217e+01
5.500000e-06	5.569627e-08	3.852146e-10	3.001175e-01	8.997176e+01
5.510000e-06	-5.024842e-09	3.646636e-10	-2.707619e-02	8.511892e+01
5.520000e-06	-6.584080e-08	3.432156e-10	-3.547810e-01	8.017564e+01
5.530000e-06	-1.267791e-07	3.219607e-10	-6.831450e-01	7.514447e+01
5.540000e-06	-1.877576e-07	3.011847e-10	-1.011726e+00	7.002843e+01
5.550000e-06	-2.486433e-07	2.800607e-10	-1.339806e+00	6.483102e+01
5.560000e-06	-3.093966e-07	2.580488e-10	-1.667173e+00	5.955624e+01
5.570000e-06	-3.700514e-07	2.356774e-10	-1.994010e+00	5.420854e+01
5.580000e-06	-4.307454e-07	2.130853e-10	-2.321057e+00	4.879281e+01
5.590000e-06	-4.915162e-07	1.890612e-10	-2.648519e+00	4.331435e+01
5.600000e-06	-5.522112e-07	1.647406e-10	-2.975571e+00	3.777881e+01
5.610000e-06	-6.128628e-07	1.412208e-10	-3.302391e+00	3.219222e+01
5.620000e-06	-6.734972e-07	1.182141e-10	-3.629117e+00	2.656086e+01
5.630000e-06	-7.339571e-07	9.574075e-11	-3.954903e+00	2.089129e+01
5.640000e-06	-7.942752e-07	7.191473e-11	-4.279925e+00	1.519027e+01
5.650000e-06	-8.545050e-07	4.666192e-11	-4.604472e+00	9.464692e+00
5.660000e-06	-9.147977e-07	2.169936e-11	-4.929357e+00	3.721573e+00
5.670000e-06	-9.752283e-07	-2.321689e-12	-5.254985e+00	-2.032031e+00
5.680000e-06	-1.035513e-06	-2.559237e-11	-5.579826e+00	-7.789068e+00
5.690000e-06	-1.095656e-06	-4.834443e-11	-5.903904e+00	-1.354254e+01
5.700000e-06	-1.155790e-06	-7.152180e-11	-6.227938e+00	-1.928558e+01
5.710000e-06	-1.215901e-06	-9.548310e-11	-6.551844e+00	-2.501144e+01
5.720000e-06	-1.275943e-06	-1.190767e-10	-6.875374e+00	-3.071362e+01
5.730000e-06	-1.335917e-06	-1.422376e-10	-7.198544e+00	-3.638585e+01
5.740000e-06	-1.395844e-06	-1.652333e-10	-7.521460e+00	-4.202218e+01
5.750000e-06	-1.455735e-06	-1.880974e-10	-7.844181e+00	-4.761697e+01
5.760000e-06	-1.515607e-06	-2.115638e-10	-8.166799e+00	-5.316495e+01
5.770000e-06	-1.575324e-06	-2.354483e-10	-8.488581e+00	-5.866126e+01
5.780000e-06	-1.634959e-06	-2.591300e-10	-8.809923e+00	-6.410146e+01
5.790000e-06	-1.694511e-06	-2.832310e-10	-9.130818e+00	-6.948151e+01
5.800000e-06	-1.753869e-06	-3.076551e-10	-9.450664e+00	-7.479786e+01
5.810000e-06	-1.813087e-06	-3.311870e-10	-9.769758e+00	-8.004740e+01
5.820000e-06	-1.872173e-06	-3.528491e-10	-1.008814e+01	-8.522746e+01
5.830000e-06	-1.931097e-06	-3.739028e-10	-1.040565e+01	-9.033585e+01
5.840000e-06	-1.989920e-06	-3.966042e-10	-1.072262e+01	-9.537078e+01
5.850000e-06	-2.048648e-06	-4.196958e-10	-1.103907e+01	-1.003309e+02
5.860000e-06	-2.107256e-06	-4.403114e-10	-1.135488e+01	-1.052153e+02
5.870000e-06	-2.165695e-06	-4.596193e-10	-1.166977e+01	-1.100234e+02
5.880000e-06	-2.223904e-06	-4.796596e-10	-1.198343e+01	-1.147549e+02
5.890000e-06	-2.281904e-06	-4.995463e-10	-1.229597e+01	-1.194101e+02
5.900000e-06	-2.339729e-06	-5.191927e-10	-1.260755e+01	-1.239892e+02
5.910000e-06	-2.397336e-06	-5.386584e-10	-1.291797e+01	-1.284929e+02
5.920000e-06	-2.454852e-06	-5.574398e-10	-1.322789e+01	-1.329221e+02
5.930000e-06	-2.512262e-06	-5.761559e-10	-1.353724e+01	-1.372778e+02
5.940000e-06	-2.569438e-06	-5.955608e-10	-1.384533e+01	-1.415611e+02
5.950000e-06	-2.626329e-06	-6.153323e-10	-1.415189e+01	-1.457735e+02
5.960000e-06	-2.682955e-06	-6.336852e-10	-1.445701e+01	-1.499161e+02
5.970000e-06	-2.739560e-06	-6.508638e-10	-1.476203e+01	-1.539904e+02
5.980000e-06	-2.796101e-06	-6.683800e-10	-1.506669e+01	-1.579978e+02
5.990000e-06	-2.852443e-06	-6.861964e-10	-1.537030e+01	-1.619397e+02
6.000000e-06	-2.908599e-06	-7.029184e-10	-1.567289e+01	-1.658174e+02
6.010000e-06	-2.964626e-06	-7.177854e-10	-1.597479e+01	-1.696321e+02
6.020000e-06	-3.020465e-06	-7.314571e-10	-1.627567e+01	-1.733851e+02
6.030000e-06	-3.076170e-06	-7.456227e-10	-1.657584e+01	-1.770775e+02
6.040000e-06	-3.131819e-06	-7.615055e-10	-1.687570e+01	-1.807102e+02
6.050000e-06	-3.187184e-06	-7.772817e-10	-1.717403e+01	-1.842842e+02
6.060000e-06	-3.242009e-06	-7.922062e-10	-1.746946e+01	-1.878003e+02
6.070000e-06	-3.296386e-06	-8.070534e-10	-1.776247e+01	-1.912591e+02
6.080000e-06	-3.350576e-06	-8.213015e-10	-1.805446e+01	-1.946612e+02
6.090000e-06	-3.404425e-06	-8.357857e-10	-1.834463e+01	-1.980072e+02
6.100000e-06	-3.457783e-06	-8.513350e-10	-1.863215e+01	-2.012975e+02
6.110000e-06	-3.510698e-06	-8.656928e-10	-1.891728e+01	-2.045324e+02
6.120000e-06	-3.563309e-06	-8.783824e-10	-1.920077e+01	-2.077122e+02
6.130000e-06	-3.615727e-06	-8.915813e-10	-1.948322e+01	-2.108373e+02
6.140000e-06	-3.667846e-06	-9.045607e-10	-1.976406e+01	-2.139079e+02
6.150000e-06	-3.719737e-06	-9.170257e-10	-2.004368e+01	-2.169242e+02
6.160000e-06	-3.771389e-06	-9.304321e-10	-2.032200e+01	-2.198865e+02
6.170000e-06	-3.822721e-06	-9.435131e-10	-2.059861e+01	-2.227951e+02
6.180000e-06	-3.873763e-06	-9.560721e-10	-2.087364e+01	-2.256503e+02
6.190000e-06	-3.924542e-06	-9.683441e-10	-2.114726e+01	-2.284525e+02
6.200000e-06	-3.974963e-06	-9.789648e-10	-2.141896e+01	-2.312021e+02
6.210000e-06	-4.025053e-06	-9.876654e-10	-2.168886e+01	-2.338996e+02
6.220000e-06	-4.074851e-06	-9.964247e-10	-2.195720e+01	-2.365456e+02
6.230000e-06	-4.124260e-06	-1.006242e-09	-2.222344e+01	-2.391406e+02
6.240000e-06	-4.173258e-06	-1.015473e-09	-2.248746e+01	-2.416855e+02
6.250000e-06	-4.221756e-06	-1.025066e-09	-2.274879e+01	-2.441809e+02
6.260000e-06	-4.269901e-06	-1.036630e-09	-2.300822e+01	-2.466277e+02
6.270000e-06	-4.317574e-06	-1.048473e-09	-2.326510e+01	-2.490267e+02
6.280000e-06	-4.364807e-06	-1.059461e-09	-2.351962e+01	-2.513789e+02
6.290000e-06	-4.411838e-06	-1.069901e-09	-2.377304e+01	-2.536852e+02
6.300000e-06	-4.458554e-06	-1.079217e-09	-2.402477e+01	-2.559466e+02
6.310000e-06	-4.505091e-06	-1.087759e-09	-2.427553e+01	-2.581641e+02
6.320000e-06	-4.551463e-06	-1.095917e-09	-2.452541e+01	-2.603385e+02
6.330000e-06	-4.597583e-06	-1.103984e-09	-2.477392e+01	-2.624709e+02
6.340000e-06	-4.643355e-06	-1.112508e-09	-2.502056e+01	-2.645621e+02
6.350000e-06	-4.688724e-06	-1.122059e-09	-2.526503e+01	-2.666131e+02
6.360000e-06	-4.733826e-06	-1.131590e-09	-2.550806e+01	-2.686246e+02
6.370000e-06	-4.778580e-06	-1.139957e-09	-2.574922e+01	-2.705974e+02
6.380000e-06	-4.822973e-06	-1.147666e-09	-2.598843e+01	-2.725322e+02
6.390000e-06	-4.867129e-06	-1.154633e-09	-2.622636e+01	-2.744294e+02
6.400000e-06	-4.911082e-06	-1.160797e-09	-2.646320e+01	-2.762898e+02
6.410000e-06	-4.954819e-06	-1.166856e-09	-2.669888e+01	-2.781136e+02
6.420000e-06	-4.998217e-06	-1.174442e-09	-2.693272e+01	-2.799012e+02
6.430000e-06	-5.041245e-06	-1.182721e-09	-2.716458e+01	-2.816529e+02
6.440000e-06	-5.083902e-06	-1.190163e-09	-2.739443e+01	-2.833689e+02
6.450000e-06	-5.126122e-06	-1.197179e-09	-2.762194e+01	-2.850494e+02
6.460000e-06	-5.168059e-06	-1.204299e-09	-2.784791e+01	-2.866944e+02
6.470000e-06	-5.209637e-06	-1.212660e-09	-2.807195e+01	-2.883041e+02
6.480000e-06	-5.250722e-06	-1.221382e-09	-2.829334e+01	-2.898783e+02
6.490000e-06	-5.291368e-06	-1.227336e-09	-2.851236e+01	-2.914173e+02
6.500000e-06	-5.331731e-06	-1.231349e-09	-2.872985e+01	-2.929210e+02
6.510000e-06	-5.371984e-06	-1.236482e-09	-2.894675e+01	-2.943896e+02
6.520000e-06	-5.411980e-06	-1.242043e-09	-2.916227e+01	-2.958231e+02
6.530000e-06	-5.451642e-06	-1.246677e-09	-2.937599e+01	-2.972217e+02
6.540000e-06	-5.490938e-06	-1.251414e-09	-2.958774e+01	-2.985857e+02
6.550000e-06	-5.529681e-06	-1.257450e-09	-2.979650e+01	-2.999154e+02
6.560000e-06	-5.567783e-06	-1.264194e-09	-3.000181e+01	-3.012113e+02
6.570000e-06	-5.605290e-06	-1.270428e-09	-3.020391e+01	-3.024740e+02
6.580000e-06	-5.642269e-06	-1.275679e-09	-3.040318e+01	-3.037040e+02
6.590000e-06	-5.678805e-06	-1.278959e-09	-3.060005e+01	-3.049022e+02
6.600000e-06	-5.715031e-06	-1.281721e-09	-3.079525e+01	-3.060696e+02
6.610000e-06	-5.750993e-06	-1.286050e-09	-3.098903e+01	-3.072070e+02
6.620000e-06	-5.786697e-06	-1.290332e-09	-3.118142e+01	-3.083157e+02
6.630000e-06	-5.822076e-06	-1.293927e-09	-3.137206e+01	-3.093969e+02
6.640000e-06	-5.857015e-06	-1.297036e-09	-3.156033e+01	-3.104520e+02
6.650000e-06	-5.891440e-06	-1.299989e-09	-3.174583e+01	-3.114824e+02
6.660000e-06	-5.925484e-06	-1.303926e-09	-3.192927e+01	-3.124896e+02
6.670000e-06	-5.959067e-06	-1.308093e-09	-3.211023e+01	-3.134751e+02
6.680000e-06	-5.992192e-06	-1.310970e-09	-3.228872e+01	-3.144405e+02
6.690000e-06	-6.024967e-06	-1.312471e-09	-3.246533e+01	-3.153875e+02
6.700000e-06	-6.057330e-06	-1.313864e-09	-3.263972e+01	-3.163175e+02
6.710000e-06	-6.089384e-06	-1.315849e-09	-3.281244e+01	-3.172323e+02
6.720000e-06	-6.121091e-06	-1.318604e-09	-3.298329e+01	-3.181332e+02
6.730000e-06	-6.152326e-06	-1.321442e-09	-3.315160e+01	-3.190217e+02
6.740000e-06	-6.182953e-06	-1.323407e-09	-3.331663e+01	-3.198992e+02
6.750000e-06	-6.212856e-06	-1.326132e-09	-3.347777e+01	-3.207668e+02
6.760000e-06	-6.242120e-06	-1.330693e-09	-3.363545e+01	-3.216258e+02
6.770000e-06	-6.270954e-06	-1.335040e-09	-3.379082e+01	-3.224770e+02
6.780000e-06	-6.299359e-06	-1.336482e-09	-3.394388e+01	-3.233214e+02
6.790000e-06	-6.327396e-06	-1.335803e-09	-3.409496e+01	-3.241595e+02
6.800000e-06	-6.355111e-06	-1.335812e-09	-3.424430e+01	-3.249918e+02
6.810000e-06	-6.382423e-06	-1.337360e-09	-3.439147e+01	-3.258187e+02
6.820000e-06	-6.409260e-06	-1.339671e-09	-3.453608e+01	-3.266404e+02
6.830000e-06	-6.435612e-06	-1.342520e-09	-3.467808e+01	-3.274569e+02
6.840000e-06	-6.461580e-06	-1.345184e-09	-3.481801e+01	-3.282679e+02
6.850000e-06	-6.487236e-06	-1.346393e-09	-3.495625e+01	-3.290732e+02
6.860000e-06	-6.512384e-06	-1.347829e-09	-3.509176e+01	-3.298724e+02
6.870000e-06	-6.536896e-06	-1.349670e-09	-3.522385e+01	-3.306648e+02
6.880000e-06	-6.561037e-06	-1.350722e-09	-3.535393e+01	-3.314499e+02
6.890000e-06	-6.584896e-06	-1.353355e-09	-3.548249e+01	-3.322268e+02
6.900000e-06	-6.608363e-06	-1.356704e-09	-3.560894e+01	-3.329947e+02
6.910000e-06	-6.631286e-06	-1.358230e-09	-3.573246e+01	-3.337527e+02
6.920000e-06	-6.653556e-06	-1.359438e-09	-3.585246e+01	-3.345000e+02
6.930000e-06	-6.675149e-06	-1.360938e-09	-3.596881e+01	-3.352355e+02
6.940000e-06	-6.696086e-06	-1.362768e-09	-3.608163e+01	-3.359584e+02
6.950000e-06	-6.716550e-06	-1.364556e-09	-3.619190e+01	-3.366677e+02
6.960000e-06	-6.736684e-06	-1.366980e-09	-3.630039e+01	-3.373626e+02
6.970000e-06	-6.756448e-06	-1.370067e-09	-3.640689e+01	-3.380423e+02
6.980000e-06	-6.775737e-06	-1.372667e-09	-3.651083e+01	-3.387060e+02
6.990000e-06	-6.794472e-06	-1.374278e-09	-3.661178e+01	-3.393530e+02
7.000000e-06	-6.812736e-06	-1.374800e-09	-3.671020e+01	-3.399827e+02
7.010000e-06	-6.830556e-06	-1.375422e-09	-3.680622e+01	-3.405945e+02
7.020000e-06	-6.847841e-06	-1.377336e-09	-3.689936e+01	-3.411882e+02
7.030000e-06	-6.864648e-06	-1.379492e-09	-3.698993e+01	-3.417632e+02
7.040000e-06	-6.881156e-06	-1.381423e-09	-3.707888e+01	-3.423194e+02
7.050000e-06	-6.897388e-06	-1.383540e-09	-3.716634e+01	-3.428566e+02
7.060000e-06	-6.913194e-06	-1.385046e-09	-3.725151e+01	-3.433745e+02
7.070000e-06	-6.928540e-06	-1.386565e-09	-3.733420e+01	-3.438733e+02
7.080000e-06	-6.943381e-06	-1.387275e-09	-3.741418e+01	-3.443528e+02
7.090000e-06	-6.957300e-06	-1.387696e-09	-3.748918e+01	-3.448132e+02
7.100000e-06	-6.970346e-06	-1.389275e-09	-3.755947e+01	-3.452545e+02
7.110000e-06	-6.982788e-06	-1.391546e-09	-3.762652e+01	-3.456769e+02
7.120000e-06	-6.994668e-06	-1.393753e-09	-3.769054e+01	-3.460803e+02
7.130000e-06	-7.006114e-06	-1.394815e-09	-3.775221e+01	-3.464650e+02
7.140000e-06	-7.017033e-06	-1.396047e-09	-3.781105e+01	-3.468311e+02
7.150000e-06	-7.027360e-06	-1.397153e-09	-3.786669e+01	-3.471786e+02
7.160000e-06	-7.037243e-06	-1.396962e-09	-3.791995e+01	-3.475075e+02
7.170000e-06	-7.046638e-06	-1.397650e-09	-3.797057e+01	-3.478180e+02
7.180000e-06	-7.055547e-06	-1.399758e-09	-3.801858e+01	-3.481100e+02
7.190000e-06	-7.064148e-06	-1.401557e-09	-3.806492e+01	-3.483834e+02
7.200000e-06	-7.072400e-06	-1.402043e-09	-3.810939e+01	-3.486383e+02
7.210000e-06	-7.080114e-06	-1.401960e-09	-3.815096e+01	-3.488744e+02
7.220000e-06	-7.087214e-06	-1.400178e-09	-3.818921e+01	-3.490917e+02
7.230000e-06	-7.093752e-06	-1.397171e-09	-3.822445e+01	-3.492900e+02
7.240000e-06	-7.099653e-06	-1.396290e-09	-3.825624e+01	-3.494692e+02
7.250000e-06	-7.104847e-06	-1.397150e-09	-3.828423e+01	-3.496291e+02
7.260000e-06	-7.109418e-06	-1.398237e-09	-3.830886e+01	-3.497696e+02
7.270000e-06	-7.113511e-06	-1.398104e-09	-3.833091e+01	-3.498906e+02
7.280000e-06	-7.117250e-06	-1.396840e-09	-3.835106e+01	-3.499920e+02
7.290000e-06	-7.120693e-06	-1.395613e-09	-3.836962e+01	-3.500738e+02
7.300000e-06	-7.123708e-06	-1.394259e-09	-3.838586e+01	-3.501360e+02
7.310000e-06	-7.126238e-06	-1.392659e-09	-3.839949e+01	-3.501789e+02
7.320000e-06	-7.128337e-06	-1.391520e-09	-3.841080e+01	-3.502026e+02
7.330000e-06	-7.129871e-06	-1.391959e-09	-3.841907e+01	-3.502074e+02
7.340000e-06	-7.130725e-06	-1.393036e-09	-3.842367e+01	-3.501938e+02
