# Temperatura_=_18.6
# Concentracion g/m^3_=_7400.0
# C_Vs_to_Am_M_A/Vsm_=_254322799225.57578
# pendiente_HvsI_1/m_=_3716.3
# ordenada_HvsI_A/m_=_1297.0
# frecuencia_Hz_=_136116.94242403505

Tiempo_(s)	Campo_(V.s)	Magnetizacion_(V.s)	Campo_(kA/m)	Magnetizacion_(A/m)
0.000000e+00	-7.124123e-06	-1.639318e-09	-3.842833e+01	-4.115334e+02
1.000000e-08	-7.124225e-06	-1.640879e-09	-3.842888e+01	-4.115520e+02
2.000000e-08	-7.123959e-06	-1.641040e-09	-3.842744e+01	-4.115590e+02
3.000000e-08	-7.123073e-06	-1.637984e-09	-3.842266e+01	-4.115546e+02
4.000000e-08	-7.121494e-06	-1.635259e-09	-3.841415e+01	-4.115388e+02
5.000000e-08	-7.119163e-06	-1.635033e-09	-3.840157e+01	-4.115117e+02
6.000000e-08	-7.116066e-06	-1.635477e-09	-3.838486e+01	-4.114734e+02
7.000000e-08	-7.112402e-06	-1.640601e-09	-3.836510e+01	-4.114238e+02
8.000000e-08	-7.108417e-06	-1.645903e-09	-3.834360e+01	-4.113631e+02
9.000000e-08	-7.103908e-06	-1.613864e-09	-3.831928e+01	-4.112912e+02
1.000000e-07	-7.098600e-06	-1.560932e-09	-3.829065e+01	-4.112082e+02
1.100000e-07	-7.092707e-06	-1.607862e-09	-3.825887e+01	-4.111141e+02
1.200000e-07	-7.086647e-06	-1.710124e-09	-3.822617e+01	-4.110089e+02
1.300000e-07	-7.080192e-06	-1.666612e-09	-3.819136e+01	-4.108927e+02
1.400000e-07	-7.072981e-06	-1.533190e-09	-3.815246e+01	-4.107655e+02
1.500000e-07	-7.065315e-06	-1.578419e-09	-3.811111e+01	-4.106273e+02
1.600000e-07	-7.057624e-06	-1.728598e-09	-3.806962e+01	-4.104782e+02
1.700000e-07	-7.049632e-06	-1.646878e-09	-3.802651e+01	-4.103181e+02
1.800000e-07	-7.040745e-06	-1.469033e-09	-3.797857e+01	-4.101471e+02
1.900000e-07	-7.031059e-06	-1.570245e-09	-3.792633e+01	-4.099651e+02
2.000000e-07	-7.021073e-06	-1.764109e-09	-3.787246e+01	-4.097722e+02
2.100000e-07	-7.010554e-06	-1.654632e-09	-3.781572e+01	-4.095681e+02
2.200000e-07	-6.999151e-06	-1.479946e-09	-3.775421e+01	-4.093529e+02
2.300000e-07	-6.987009e-06	-1.586421e-09	-3.768872e+01	-4.091265e+02
2.400000e-07	-6.974452e-06	-1.702693e-09	-3.762098e+01	-4.088885e+02
2.500000e-07	-6.961332e-06	-1.579269e-09	-3.755021e+01	-4.086389e+02
2.600000e-07	-6.947423e-06	-1.523625e-09	-3.747519e+01	-4.083773e+02
2.700000e-07	-6.933219e-06	-1.649430e-09	-3.739857e+01	-4.081034e+02
2.800000e-07	-6.918248e-06	-1.640380e-09	-3.731781e+01	-4.078168e+02
2.900000e-07	-6.902314e-06	-1.531540e-09	-3.723186e+01	-4.075171e+02
3.000000e-07	-6.885855e-06	-1.588654e-09	-3.714308e+01	-4.072038e+02
3.100000e-07	-6.869001e-06	-1.645160e-09	-3.705217e+01	-4.068763e+02
3.200000e-07	-6.851818e-06	-1.531016e-09	-3.695948e+01	-4.065341e+02
3.300000e-07	-6.834174e-06	-1.535410e-09	-3.686431e+01	-4.061765e+02
3.400000e-07	-6.816176e-06	-1.674465e-09	-3.676723e+01	-4.058028e+02
3.500000e-07	-6.797742e-06	-1.613307e-09	-3.666779e+01	-4.054124e+02
3.600000e-07	-6.778637e-06	-1.479329e-09	-3.656473e+01	-4.050044e+02
3.700000e-07	-6.759080e-06	-1.571160e-09	-3.645924e+01	-4.045783e+02
3.800000e-07	-6.739339e-06	-1.648990e-09	-3.635276e+01	-4.041333e+02
3.900000e-07	-6.719286e-06	-1.534404e-09	-3.624459e+01	-4.036686e+02
4.000000e-07	-6.698636e-06	-1.516759e-09	-3.613320e+01	-4.031836e+02
4.100000e-07	-6.677448e-06	-1.618815e-09	-3.601891e+01	-4.026778e+02
4.200000e-07	-6.655753e-06	-1.580651e-09	-3.590188e+01	-4.021505e+02
4.300000e-07	-6.633584e-06	-1.516352e-09	-3.578230e+01	-4.016013e+02
4.400000e-07	-6.611026e-06	-1.575380e-09	-3.566062e+01	-4.010298e+02
4.500000e-07	-6.587944e-06	-1.574094e-09	-3.553612e+01	-4.004358e+02
4.600000e-07	-6.564519e-06	-1.509876e-09	-3.540976e+01	-3.998190e+02
4.700000e-07	-6.540808e-06	-1.554507e-09	-3.528186e+01	-3.991795e+02
4.800000e-07	-6.516779e-06	-1.591730e-09	-3.515224e+01	-3.985173e+02
4.900000e-07	-6.492250e-06	-1.521117e-09	-3.501993e+01	-3.978327e+02
5.000000e-07	-6.467092e-06	-1.508142e-09	-3.488423e+01	-3.971259e+02
5.100000e-07	-6.441212e-06	-1.557057e-09	-3.474462e+01	-3.963977e+02
5.200000e-07	-6.414502e-06	-1.535044e-09	-3.460055e+01	-3.956485e+02
5.300000e-07	-6.387251e-06	-1.507411e-09	-3.445356e+01	-3.948792e+02
5.400000e-07	-6.359644e-06	-1.533167e-09	-3.430464e+01	-3.940906e+02
5.500000e-07	-6.331647e-06	-1.529156e-09	-3.415362e+01	-3.932838e+02
5.600000e-07	-6.303174e-06	-1.506126e-09	-3.400003e+01	-3.924599e+02
5.700000e-07	-6.274315e-06	-1.515590e-09	-3.384436e+01	-3.916201e+02
5.800000e-07	-6.245084e-06	-1.513590e-09	-3.368669e+01	-3.907656e+02
5.900000e-07	-6.215472e-06	-1.493339e-09	-3.352696e+01	-3.898976e+02
6.000000e-07	-6.185520e-06	-1.497553e-09	-3.336540e+01	-3.890176e+02
6.100000e-07	-6.155099e-06	-1.504540e-09	-3.320130e+01	-3.881267e+02
6.200000e-07	-6.124080e-06	-1.494754e-09	-3.303398e+01	-3.872263e+02
6.300000e-07	-6.092425e-06	-1.487520e-09	-3.286323e+01	-3.863175e+02
6.400000e-07	-6.060535e-06	-1.481573e-09	-3.269121e+01	-3.854014e+02
6.500000e-07	-6.028577e-06	-1.474559e-09	-3.251883e+01	-3.844791e+02
6.600000e-07	-5.996308e-06	-1.475455e-09	-3.234476e+01	-3.835514e+02
6.700000e-07	-5.963632e-06	-1.474091e-09	-3.216850e+01	-3.826191e+02
6.800000e-07	-5.930417e-06	-1.466517e-09	-3.198934e+01	-3.816826e+02
6.900000e-07	-5.896436e-06	-1.460533e-09	-3.180604e+01	-3.807424e+02
7.000000e-07	-5.861689e-06	-1.451880e-09	-3.161861e+01	-3.797986e+02
7.100000e-07	-5.826541e-06	-1.443611e-09	-3.142902e+01	-3.788511e+02
7.200000e-07	-5.791078e-06	-1.443201e-09	-3.123773e+01	-3.778998e+02
7.300000e-07	-5.755252e-06	-1.439672e-09	-3.104448e+01	-3.769441e+02
7.400000e-07	-5.719171e-06	-1.430838e-09	-3.084985e+01	-3.759833e+02
7.500000e-07	-5.682805e-06	-1.429061e-09	-3.065369e+01	-3.750166e+02
7.600000e-07	-5.646029e-06	-1.428610e-09	-3.045532e+01	-3.740427e+02
7.700000e-07	-5.608759e-06	-1.420127e-09	-3.025428e+01	-3.730606e+02
7.800000e-07	-5.570944e-06	-1.410576e-09	-3.005031e+01	-3.720686e+02
7.900000e-07	-5.532681e-06	-1.404959e-09	-2.984391e+01	-3.710653e+02
8.000000e-07	-5.494018e-06	-1.400472e-09	-2.963536e+01	-3.700489e+02
8.100000e-07	-5.454946e-06	-1.397713e-09	-2.942459e+01	-3.690176e+02
8.200000e-07	-5.415584e-06	-1.393996e-09	-2.921228e+01	-3.679697e+02
8.300000e-07	-5.375934e-06	-1.386166e-09	-2.899840e+01	-3.669031e+02
8.400000e-07	-5.336065e-06	-1.378400e-09	-2.878334e+01	-3.658160e+02
8.500000e-07	-5.295973e-06	-1.375383e-09	-2.856708e+01	-3.647067e+02
8.600000e-07	-5.255391e-06	-1.373149e-09	-2.834817e+01	-3.635732e+02
8.700000e-07	-5.214413e-06	-1.367625e-09	-2.812713e+01	-3.624139e+02
8.800000e-07	-5.173079e-06	-1.359538e-09	-2.790417e+01	-3.612273e+02
8.900000e-07	-5.131196e-06	-1.352388e-09	-2.767825e+01	-3.600119e+02
9.000000e-07	-5.088740e-06	-1.346819e-09	-2.744924e+01	-3.587665e+02
9.100000e-07	-5.045578e-06	-1.341302e-09	-2.721642e+01	-3.574899e+02
9.200000e-07	-5.001962e-06	-1.334843e-09	-2.698115e+01	-3.561814e+02
9.300000e-07	-4.958113e-06	-1.328378e-09	-2.674462e+01	-3.548403e+02
9.400000e-07	-4.913982e-06	-1.322931e-09	-2.650657e+01	-3.534661e+02
9.500000e-07	-4.869605e-06	-1.317794e-09	-2.626720e+01	-3.520586e+02
9.600000e-07	-4.824945e-06	-1.312131e-09	-2.602630e+01	-3.506178e+02
9.700000e-07	-4.779975e-06	-1.305174e-09	-2.578372e+01	-3.491439e+02
9.800000e-07	-4.734606e-06	-1.297776e-09	-2.553900e+01	-3.476373e+02
9.900000e-07	-4.688911e-06	-1.292069e-09	-2.529252e+01	-3.460985e+02
1.000000e-06	-4.642928e-06	-1.287977e-09	-2.504448e+01	-3.445283e+02
1.010000e-06	-4.596599e-06	-1.283087e-09	-2.479458e+01	-3.429275e+02
1.020000e-06	-4.550023e-06	-1.276193e-09	-2.454334e+01	-3.412971e+02
1.030000e-06	-4.503048e-06	-1.268294e-09	-2.428995e+01	-3.396380e+02
1.040000e-06	-4.455733e-06	-1.262676e-09	-2.403473e+01	-3.379514e+02
1.050000e-06	-4.408171e-06	-1.258896e-09	-2.377818e+01	-3.362382e+02
1.060000e-06	-4.360311e-06	-1.254421e-09	-2.352001e+01	-3.344997e+02
1.070000e-06	-4.312208e-06	-1.248367e-09	-2.326054e+01	-3.327366e+02
1.080000e-06	-4.263879e-06	-1.241046e-09	-2.299985e+01	-3.309501e+02
1.090000e-06	-4.215269e-06	-1.233482e-09	-2.273764e+01	-3.291408e+02
1.100000e-06	-4.166230e-06	-1.227037e-09	-2.247312e+01	-3.273095e+02
1.110000e-06	-4.116726e-06	-1.220723e-09	-2.220609e+01	-3.254567e+02
1.120000e-06	-4.066633e-06	-1.212788e-09	-2.193588e+01	-3.235826e+02
1.130000e-06	-4.016025e-06	-1.204697e-09	-2.166289e+01	-3.216876e+02
1.140000e-06	-3.965110e-06	-1.199299e-09	-2.138825e+01	-3.197716e+02
1.150000e-06	-3.913927e-06	-1.194698e-09	-2.111216e+01	-3.178344e+02
1.160000e-06	-3.862477e-06	-1.187534e-09	-2.083464e+01	-3.158755e+02
1.170000e-06	-3.810684e-06	-1.178614e-09	-2.055526e+01	-3.138944e+02
1.180000e-06	-3.758583e-06	-1.170584e-09	-2.027422e+01	-3.118905e+02
1.190000e-06	-3.706229e-06	-1.164091e-09	-1.999182e+01	-3.098626e+02
1.200000e-06	-3.653509e-06	-1.157353e-09	-1.970744e+01	-3.078099e+02
1.210000e-06	-3.600463e-06	-1.149129e-09	-1.942130e+01	-3.057312e+02
1.220000e-06	-3.547218e-06	-1.140147e-09	-1.913409e+01	-3.036254e+02
1.230000e-06	-3.493750e-06	-1.131301e-09	-1.884568e+01	-3.014910e+02
1.240000e-06	-3.440048e-06	-1.123467e-09	-1.855601e+01	-2.993270e+02
1.250000e-06	-3.386113e-06	-1.116684e-09	-1.826508e+01	-2.971319e+02
1.260000e-06	-3.331946e-06	-1.108114e-09	-1.797289e+01	-2.949047e+02
1.270000e-06	-3.277465e-06	-1.097289e-09	-1.767902e+01	-2.926442e+02
1.280000e-06	-3.222713e-06	-1.087581e-09	-1.738368e+01	-2.903493e+02
1.290000e-06	-3.167773e-06	-1.079688e-09	-1.708733e+01	-2.880193e+02
1.300000e-06	-3.112679e-06	-1.070556e-09	-1.679014e+01	-2.856534e+02
1.310000e-06	-3.057468e-06	-1.060073e-09	-1.649233e+01	-2.832511e+02
1.320000e-06	-3.001944e-06	-1.050141e-09	-1.619283e+01	-2.808119e+02
1.330000e-06	-2.946142e-06	-1.040574e-09	-1.589182e+01	-2.783359e+02
1.340000e-06	-2.890350e-06	-1.031002e-09	-1.559087e+01	-2.758230e+02
1.350000e-06	-2.834551e-06	-1.021621e-09	-1.528989e+01	-2.732735e+02
1.360000e-06	-2.778554e-06	-1.012311e-09	-1.498784e+01	-2.706879e+02
1.370000e-06	-2.722320e-06	-1.002841e-09	-1.468450e+01	-2.680667e+02
1.380000e-06	-2.665956e-06	-9.930050e-10	-1.438047e+01	-2.654108e+02
1.390000e-06	-2.609529e-06	-9.828067e-10	-1.407610e+01	-2.627210e+02
1.400000e-06	-2.552889e-06	-9.716466e-10	-1.377057e+01	-2.599983e+02
1.410000e-06	-2.496077e-06	-9.595969e-10	-1.346412e+01	-2.572437e+02
1.420000e-06	-2.439076e-06	-9.483147e-10	-1.315665e+01	-2.544583e+02
1.430000e-06	-2.381709e-06	-9.383996e-10	-1.284721e+01	-2.516431e+02
1.440000e-06	-2.323934e-06	-9.284950e-10	-1.253556e+01	-2.487989e+02
1.450000e-06	-2.265749e-06	-9.179818e-10	-1.222171e+01	-2.459265e+02
1.460000e-06	-2.207163e-06	-9.063161e-10	-1.190569e+01	-2.430264e+02
1.470000e-06	-2.148465e-06	-8.936438e-10	-1.158907e+01	-2.400990e+02
1.480000e-06	-2.089728e-06	-8.812927e-10	-1.127223e+01	-2.371443e+02
1.490000e-06	-2.030619e-06	-8.694048e-10	-1.095339e+01	-2.341619e+02
1.500000e-06	-1.971254e-06	-8.576460e-10	-1.063316e+01	-2.311513e+02
1.510000e-06	-1.911816e-06	-8.460324e-10	-1.031255e+01	-2.281113e+02
1.520000e-06	-1.852274e-06	-8.355287e-10	-9.991377e+00	-2.250403e+02
1.530000e-06	-1.792625e-06	-8.260162e-10	-9.669621e+00	-2.219365e+02
1.540000e-06	-1.732961e-06	-8.147787e-10	-9.347789e+00	-2.187973e+02
1.550000e-06	-1.673189e-06	-8.014415e-10	-9.025372e+00	-2.156199e+02
1.560000e-06	-1.613273e-06	-7.882710e-10	-8.702175e+00	-2.124007e+02
1.570000e-06	-1.553445e-06	-7.763500e-10	-8.379459e+00	-2.091361e+02
1.580000e-06	-1.493624e-06	-7.642493e-10	-8.056779e+00	-2.058217e+02
1.590000e-06	-1.433676e-06	-7.510954e-10	-7.733410e+00	-2.024527e+02
1.600000e-06	-1.373652e-06	-7.378783e-10	-7.409635e+00	-1.990243e+02
1.610000e-06	-1.313461e-06	-7.245040e-10	-7.084958e+00	-1.955310e+02
1.620000e-06	-1.253176e-06	-7.109707e-10	-6.759775e+00	-1.919673e+02
1.630000e-06	-1.192855e-06	-6.972893e-10	-6.434394e+00	-1.883274e+02
1.640000e-06	-1.132440e-06	-6.833296e-10	-6.108510e+00	-1.846054e+02
1.650000e-06	-1.071962e-06	-6.696529e-10	-5.782287e+00	-1.807954e+02
1.660000e-06	-1.011467e-06	-6.563872e-10	-5.455965e+00	-1.768916e+02
1.670000e-06	-9.509632e-07	-6.429854e-10	-5.129603e+00	-1.728883e+02
1.680000e-06	-8.903846e-07	-6.283668e-10	-4.802835e+00	-1.687799e+02
1.690000e-06	-8.297676e-07	-6.127649e-10	-4.475861e+00	-1.645614e+02
1.700000e-06	-7.691155e-07	-5.977417e-10	-4.148696e+00	-1.602279e+02
1.710000e-06	-7.083766e-07	-5.832328e-10	-3.821064e+00	-1.557752e+02
1.720000e-06	-6.475747e-07	-5.684822e-10	-3.493091e+00	-1.511995e+02
1.730000e-06	-5.867151e-07	-5.530820e-10	-3.164807e+00	-1.464977e+02
1.740000e-06	-5.258199e-07	-5.360996e-10	-2.836332e+00	-1.416674e+02
1.750000e-06	-4.648794e-07	-5.174129e-10	-2.507612e+00	-1.367069e+02
1.760000e-06	-4.038930e-07	-4.985274e-10	-2.178645e+00	-1.316154e+02
1.770000e-06	-3.428277e-07	-4.798356e-10	-1.849251e+00	-1.263929e+02
1.780000e-06	-2.817773e-07	-4.606747e-10	-1.519939e+00	-1.210402e+02
1.790000e-06	-2.207509e-07	-4.395665e-10	-1.190755e+00	-1.155591e+02
1.800000e-06	-1.597148e-07	-4.176585e-10	-8.615196e-01	-1.099521e+02
1.810000e-06	-9.869965e-08	-3.967864e-10	-5.323971e-01	-1.042229e+02
1.820000e-06	-3.771821e-08	-3.757066e-10	-2.034563e-01	-9.837570e+01
1.830000e-06	2.324608e-08	-3.527314e-10	1.253920e-01	-9.241586e+01
1.840000e-06	8.421971e-08	-3.290571e-10	4.542906e-01	-8.634938e+01
1.850000e-06	1.452582e-07	-3.059248e-10	7.835390e-01	-8.018304e+01
1.860000e-06	2.063320e-07	-2.824239e-10	1.112978e+00	-7.392430e+01
1.870000e-06	2.673062e-07	-2.587873e-10	1.441880e+00	-6.758127e+01
1.880000e-06	3.282629e-07	-2.337359e-10	1.770687e+00	-6.116260e+01
1.890000e-06	3.892865e-07	-2.073205e-10	2.099856e+00	-5.467741e+01
1.900000e-06	4.502850e-07	-1.803661e-10	2.428888e+00	-4.813520e+01
1.910000e-06	5.113250e-07	-1.524215e-10	2.758145e+00	-4.154576e+01
1.920000e-06	5.723303e-07	-1.253753e-10	3.087215e+00	-3.491909e+01
1.930000e-06	6.332949e-07	-9.960487e-11	3.416064e+00	-2.826527e+01
1.940000e-06	6.942391e-07	-7.355101e-11	3.744804e+00	-2.159443e+01
1.950000e-06	7.550673e-07	-4.741198e-11	4.072919e+00	-1.491658e+01
1.960000e-06	8.158865e-07	-2.096720e-11	4.400984e+00	-8.241584e+00
1.970000e-06	8.765504e-07	4.608529e-12	4.728212e+00	-1.579049e+00
1.980000e-06	9.370506e-07	2.949516e-11	5.054557e+00	5.061757e+00
1.990000e-06	9.975342e-07	5.517945e-11	5.380812e+00	1.167197e+01
2.000000e-06	1.058028e-06	8.116103e-11	5.707122e+00	1.824320e+01
2.010000e-06	1.118405e-06	1.071479e-10	6.032803e+00	2.476758e+01
2.020000e-06	1.178666e-06	1.325054e-10	6.357858e+00	3.123784e+01
2.030000e-06	1.238901e-06	1.573945e-10	6.682773e+00	3.764732e+01
2.040000e-06	1.299148e-06	1.822198e-10	7.007752e+00	4.399002e+01
2.050000e-06	1.359374e-06	2.066048e-10	7.332616e+00	5.026062e+01
2.060000e-06	1.419479e-06	2.300953e-10	7.656830e+00	5.645447e+01
2.070000e-06	1.479486e-06	2.531431e-10	7.980517e+00	6.256763e+01
2.080000e-06	1.539368e-06	2.752927e-10	8.303527e+00	6.859686e+01
2.090000e-06	1.599192e-06	2.965796e-10	8.626225e+00	7.453958e+01
2.100000e-06	1.658994e-06	3.184381e-10	8.948800e+00	8.039386e+01
2.110000e-06	1.718687e-06	3.408085e-10	9.270793e+00	8.615842e+01
2.120000e-06	1.778285e-06	3.633570e-10	9.592268e+00	9.183257e+01
2.130000e-06	1.837875e-06	3.852637e-10	9.913704e+00	9.741617e+01
2.140000e-06	1.897453e-06	4.050359e-10	1.023508e+01	1.029096e+02
2.150000e-06	1.956906e-06	4.229204e-10	1.055577e+01	1.083137e+02
2.160000e-06	2.016212e-06	4.411510e-10	1.087568e+01	1.136297e+02
2.170000e-06	2.075398e-06	4.605469e-10	1.119493e+01	1.188592e+02
2.180000e-06	2.134332e-06	4.798201e-10	1.151283e+01	1.240042e+02
2.190000e-06	2.192989e-06	4.989496e-10	1.182923e+01	1.290669e+02
2.200000e-06	2.251341e-06	5.185477e-10	1.214399e+01	1.340496e+02
2.210000e-06	2.309227e-06	5.379573e-10	1.245623e+01	1.389548e+02
2.220000e-06	2.366750e-06	5.560377e-10	1.276652e+01	1.437854e+02
2.230000e-06	2.424067e-06	5.726290e-10	1.307569e+01	1.485438e+02
2.240000e-06	2.481133e-06	5.890266e-10	1.338351e+01	1.532329e+02
2.250000e-06	2.537973e-06	6.058990e-10	1.369012e+01	1.578554e+02
2.260000e-06	2.594588e-06	6.224996e-10	1.399550e+01	1.624138e+02
2.270000e-06	2.650856e-06	6.377629e-10	1.429902e+01	1.669108e+02
2.280000e-06	2.706952e-06	6.517661e-10	1.460161e+01	1.713487e+02
2.290000e-06	2.763021e-06	6.659364e-10	1.490405e+01	1.757298e+02
2.300000e-06	2.818961e-06	6.813335e-10	1.520580e+01	1.800562e+02
2.310000e-06	2.874775e-06	6.975184e-10	1.550686e+01	1.843299e+02
2.320000e-06	2.930504e-06	7.139739e-10	1.580747e+01	1.885525e+02
2.330000e-06	2.986089e-06	7.303788e-10	1.610730e+01	1.927257e+02
2.340000e-06	3.041508e-06	7.455434e-10	1.640624e+01	1.968508e+02
2.350000e-06	3.096711e-06	7.588157e-10	1.670401e+01	2.009288e+02
2.360000e-06	3.151617e-06	7.708717e-10	1.700018e+01	2.049608e+02
2.370000e-06	3.206228e-06	7.819720e-10	1.729476e+01	2.089475e+02
2.380000e-06	3.260668e-06	7.935617e-10	1.758841e+01	2.128895e+02
2.390000e-06	3.314875e-06	8.083054e-10	1.788081e+01	2.167871e+02
2.400000e-06	3.368916e-06	8.250709e-10	1.817231e+01	2.206407e+02
2.410000e-06	3.422793e-06	8.411632e-10	1.846293e+01	2.244501e+02
2.420000e-06	3.476444e-06	8.555768e-10	1.875233e+01	2.282154e+02
2.430000e-06	3.529906e-06	8.687499e-10	1.904071e+01	2.319364e+02
2.440000e-06	3.582974e-06	8.816837e-10	1.932697e+01	2.356127e+02
2.450000e-06	3.635724e-06	8.943873e-10	1.961151e+01	2.392440e+02
2.460000e-06	3.688233e-06	9.067996e-10	1.989475e+01	2.428296e+02
2.470000e-06	3.740460e-06	9.188895e-10	2.017647e+01	2.463691e+02
2.480000e-06	3.792459e-06	9.311104e-10	2.045695e+01	2.498618e+02
2.490000e-06	3.844159e-06	9.438038e-10	2.073583e+01	2.533069e+02
2.500000e-06	3.895513e-06	9.569361e-10	2.101284e+01	2.567039e+02
2.510000e-06	3.946530e-06	9.698129e-10	2.128803e+01	2.600519e+02
2.520000e-06	3.997171e-06	9.816016e-10	2.156119e+01	2.633501e+02
2.530000e-06	4.047279e-06	9.932513e-10	2.183148e+01	2.665979e+02
2.540000e-06	4.096800e-06	1.004830e-09	2.209860e+01	2.697945e+02
2.550000e-06	4.146012e-06	1.015720e-09	2.236406e+01	2.729392e+02
2.560000e-06	4.194843e-06	1.025701e-09	2.262746e+01	2.760312e+02
2.570000e-06	4.243197e-06	1.035439e-09	2.288828e+01	2.790699e+02
2.580000e-06	4.291227e-06	1.046238e-09	2.314736e+01	2.820548e+02
2.590000e-06	4.339082e-06	1.058357e-09	2.340550e+01	2.849853e+02
2.600000e-06	4.386802e-06	1.070483e-09	2.366291e+01	2.878610e+02
2.610000e-06	4.434257e-06	1.081342e-09	2.391888e+01	2.906814e+02
2.620000e-06	4.481482e-06	1.091861e-09	2.417362e+01	2.934463e+02
2.630000e-06	4.528427e-06	1.101745e-09	2.442685e+01	2.961554e+02
2.640000e-06	4.574937e-06	1.110450e-09	2.467773e+01	2.988087e+02
2.650000e-06	4.621133e-06	1.119646e-09	2.492691e+01	3.014062e+02
2.660000e-06	4.667015e-06	1.128921e-09	2.517441e+01	3.039479e+02
2.670000e-06	4.712509e-06	1.137057e-09	2.541981e+01	3.064342e+02
2.680000e-06	4.757647e-06	1.145634e-09	2.566329e+01	3.088653e+02
2.690000e-06	4.802361e-06	1.155016e-09	2.590448e+01	3.112418e+02
2.700000e-06	4.846795e-06	1.164182e-09	2.614416e+01	3.135643e+02
2.710000e-06	4.891044e-06	1.174315e-09	2.638285e+01	3.158335e+02
2.720000e-06	4.935048e-06	1.185205e-09	2.662021e+01	3.180503e+02
2.730000e-06	4.978815e-06	1.194586e-09	2.685629e+01	3.202156e+02
2.740000e-06	5.022343e-06	1.202913e-09	2.709109e+01	3.223307e+02
2.750000e-06	5.065582e-06	1.210965e-09	2.732432e+01	3.243967e+02
2.760000e-06	5.108350e-06	1.218468e-09	2.755502e+01	3.264151e+02
2.770000e-06	5.150522e-06	1.226319e-09	2.778250e+01	3.283872e+02
2.780000e-06	5.192123e-06	1.234927e-09	2.800690e+01	3.303146e+02
2.790000e-06	5.233176e-06	1.243278e-09	2.822834e+01	3.321991e+02
2.800000e-06	5.273751e-06	1.249949e-09	2.844721e+01	3.340423e+02
2.810000e-06	5.313948e-06	1.256332e-09	2.866404e+01	3.358461e+02
2.820000e-06	5.353885e-06	1.263786e-09	2.887946e+01	3.376122e+02
2.830000e-06	5.393609e-06	1.271142e-09	2.909374e+01	3.393426e+02
2.840000e-06	5.433076e-06	1.278299e-09	2.930663e+01	3.410392e+02
2.850000e-06	5.472179e-06	1.284332e-09	2.951755e+01	3.427039e+02
2.860000e-06	5.510844e-06	1.289105e-09	2.972612e+01	3.443387e+02
2.870000e-06	5.548984e-06	1.294893e-09	2.993185e+01	3.459453e+02
2.880000e-06	5.586690e-06	1.301609e-09	3.013524e+01	3.475258e+02
2.890000e-06	5.624091e-06	1.308343e-09	3.033698e+01	3.490818e+02
2.900000e-06	5.661174e-06	1.315055e-09	3.053701e+01	3.506151e+02
2.910000e-06	5.697902e-06	1.321711e-09	3.073513e+01	3.521273e+02
2.920000e-06	5.734147e-06	1.328623e-09	3.093064e+01	3.536201e+02
2.930000e-06	5.770042e-06	1.336090e-09	3.112426e+01	3.550947e+02
2.940000e-06	5.805737e-06	1.342405e-09	3.131680e+01	3.565526e+02
2.950000e-06	5.841195e-06	1.346380e-09	3.150807e+01	3.579950e+02
2.960000e-06	5.876322e-06	1.350325e-09	3.169754e+01	3.594228e+02
2.970000e-06	5.910828e-06	1.356066e-09	3.188367e+01	3.608371e+02
2.980000e-06	5.944529e-06	1.362441e-09	3.206546e+01	3.622386e+02
2.990000e-06	5.977432e-06	1.368338e-09	3.224294e+01	3.636279e+02
3.000000e-06	6.009735e-06	1.373309e-09	3.241719e+01	3.650055e+02
3.010000e-06	6.041729e-06	1.377349e-09	3.258977e+01	3.663718e+02
3.020000e-06	6.073477e-06	1.383402e-09	3.276102e+01	3.677269e+02
3.030000e-06	6.104984e-06	1.391957e-09	3.293097e+01	3.690708e+02
3.040000e-06	6.136070e-06	1.398583e-09	3.309866e+01	3.704036e+02
3.050000e-06	6.166592e-06	1.403537e-09	3.326329e+01	3.717249e+02
3.060000e-06	6.196665e-06	1.410201e-09	3.342551e+01	3.730345e+02
3.070000e-06	6.226435e-06	1.416717e-09	3.358609e+01	3.743319e+02
3.080000e-06	6.255836e-06	1.421976e-09	3.374469e+01	3.756166e+02
3.090000e-06	6.284763e-06	1.428344e-09	3.390072e+01	3.768879e+02
3.100000e-06	6.313205e-06	1.434821e-09	3.405414e+01	3.781451e+02
3.110000e-06	6.341264e-06	1.439100e-09	3.420550e+01	3.793876e+02
3.120000e-06	6.369126e-06	1.442274e-09	3.435579e+01	3.806144e+02
3.130000e-06	6.396674e-06	1.445976e-09	3.450438e+01	3.818247e+02
3.140000e-06	6.423762e-06	1.450095e-09	3.465050e+01	3.830176e+02
3.150000e-06	6.450311e-06	1.454783e-09	3.479371e+01	3.841921e+02
3.160000e-06	6.476165e-06	1.460937e-09	3.493316e+01	3.853475e+02
3.170000e-06	6.501156e-06	1.468291e-09	3.506797e+01	3.864827e+02
3.180000e-06	6.525451e-06	1.474877e-09	3.519902e+01	3.875968e+02
3.190000e-06	6.549419e-06	1.479223e-09	3.532831e+01	3.886890e+02
3.200000e-06	6.573095e-06	1.481644e-09	3.545602e+01	3.897585e+02
3.210000e-06	6.596377e-06	1.484086e-09	3.558160e+01	3.908043e+02
3.220000e-06	6.619194e-06	1.488572e-09	3.570468e+01	3.918258e+02
3.230000e-06	6.641463e-06	1.494432e-09	3.582481e+01	3.928222e+02
3.240000e-06	6.663256e-06	1.500467e-09	3.594236e+01	3.937928e+02
3.250000e-06	6.684610e-06	1.505874e-09	3.605754e+01	3.947372e+02
3.260000e-06	6.705447e-06	1.510330e-09	3.616994e+01	3.956547e+02
3.270000e-06	6.725784e-06	1.514243e-09	3.627964e+01	3.965448e+02
3.280000e-06	6.745820e-06	1.517488e-09	3.638772e+01	3.974073e+02
3.290000e-06	6.765624e-06	1.521164e-09	3.649454e+01	3.982418e+02
3.300000e-06	6.785104e-06	1.525392e-09	3.659962e+01	3.990479e+02
3.310000e-06	6.804085e-06	1.529575e-09	3.670200e+01	3.998257e+02
3.320000e-06	6.822355e-06	1.533928e-09	3.680056e+01	4.005749e+02
3.330000e-06	6.839894e-06	1.537644e-09	3.689516e+01	4.012955e+02
3.340000e-06	6.857006e-06	1.541117e-09	3.698747e+01	4.019877e+02
3.350000e-06	6.873893e-06	1.545547e-09	3.707856e+01	4.026514e+02
3.360000e-06	6.890328e-06	1.550334e-09	3.716721e+01	4.032870e+02
3.370000e-06	6.906238e-06	1.554533e-09	3.725303e+01	4.038946e+02
3.380000e-06	6.921563e-06	1.558482e-09	3.733570e+01	4.044746e+02
3.390000e-06	6.936085e-06	1.561343e-09	3.741403e+01	4.050273e+02
3.400000e-06	6.949970e-06	1.563591e-09	3.748893e+01	4.055532e+02
3.410000e-06	6.963462e-06	1.566331e-09	3.756170e+01	4.060528e+02
3.420000e-06	6.976435e-06	1.568955e-09	3.763168e+01	4.065265e+02
3.430000e-06	6.988907e-06	1.571094e-09	3.769896e+01	4.069750e+02
3.440000e-06	7.000972e-06	1.573713e-09	3.776404e+01	4.073989e+02
3.450000e-06	7.012674e-06	1.577852e-09	3.782716e+01	4.077989e+02
3.460000e-06	7.023987e-06	1.582240e-09	3.788818e+01	4.081755e+02
3.470000e-06	7.034473e-06	1.584049e-09	3.794474e+01	4.085296e+02
3.480000e-06	7.044037e-06	1.584304e-09	3.799633e+01	4.088617e+02
3.490000e-06	7.052773e-06	1.585711e-09	3.804346e+01	4.091727e+02
3.500000e-06	7.060878e-06	1.587981e-09	3.808717e+01	4.094632e+02
3.510000e-06	7.068712e-06	1.591121e-09	3.812943e+01	4.097341e+02
3.520000e-06	7.076340e-06	1.593800e-09	3.817058e+01	4.099859e+02
3.530000e-06	7.083557e-06	1.595397e-09	3.820951e+01	4.102194e+02
3.540000e-06	7.090213e-06	1.597887e-09	3.824541e+01	4.104353e+02
3.550000e-06	7.096303e-06	1.600128e-09	3.827826e+01	4.106343e+02
3.560000e-06	7.101868e-06	1.601980e-09	3.830828e+01	4.108169e+02
3.570000e-06	7.106881e-06	1.603860e-09	3.833532e+01	4.109838e+02
3.580000e-06	7.111292e-06	1.604554e-09	3.835911e+01	4.111356e+02
3.590000e-06	7.115387e-06	1.605299e-09	3.838120e+01	4.112728e+02
3.600000e-06	7.119276e-06	1.606606e-09	3.840218e+01	4.113958e+02
3.610000e-06	7.122799e-06	1.608019e-09	3.842119e+01	4.115051e+02
3.620000e-06	7.125750e-06	1.609620e-09	3.843710e+01	4.116012e+02
3.630000e-06	7.127927e-06	1.611607e-09	3.844885e+01	4.116843e+02
3.640000e-06	7.129277e-06	1.612571e-09	3.845613e+01	4.117549e+02
3.650000e-06	7.129900e-06	1.612597e-09	3.845949e+01	4.118130e+02
3.660000e-06	7.129995e-06	1.613719e-09	3.846000e+01	4.118592e+02
3.670000e-06	7.129817e-06	1.613768e-09	3.845904e+01	4.118934e+02
3.680000e-06	7.129351e-06	1.612520e-09	3.845652e+01	4.119158e+02
3.690000e-06	7.128308e-06	1.613596e-09	3.845090e+01	4.119267e+02
3.700000e-06	7.126669e-06	1.615764e-09	3.844206e+01	4.119261e+02
3.710000e-06	7.124653e-06	1.616739e-09	3.843118e+01	4.119142e+02
3.720000e-06	7.122318e-06	1.616797e-09	3.841859e+01	4.118908e+02
3.730000e-06	7.119552e-06	1.614407e-09	3.840367e+01	4.118563e+02
3.740000e-06	7.116196e-06	1.599400e-09	3.838557e+01	4.118105e+02
3.750000e-06	7.112348e-06	1.596685e-09	3.836481e+01	4.117535e+02
3.760000e-06	7.107990e-06	1.665461e-09	3.834130e+01	4.116853e+02
3.770000e-06	7.102549e-06	1.706130e-09	3.831196e+01	4.116060e+02
3.780000e-06	7.096230e-06	1.578014e-09	3.827787e+01	4.115157e+02
3.790000e-06	7.089925e-06	1.498259e-09	3.824386e+01	4.114142e+02
3.800000e-06	7.083575e-06	1.633421e-09	3.820961e+01	4.113017e+02
3.810000e-06	7.076479e-06	1.733903e-09	3.817133e+01	4.111782e+02
3.820000e-06	7.068579e-06	1.585323e-09	3.812872e+01	4.110437e+02
3.830000e-06	7.060391e-06	1.474452e-09	3.808455e+01	4.108982e+02
3.840000e-06	7.052097e-06	1.673869e-09	3.803981e+01	4.107418e+02
3.850000e-06	7.043127e-06	1.800060e-09	3.799143e+01	4.105745e+02
3.860000e-06	7.033341e-06	1.556863e-09	3.793864e+01	4.103962e+02
3.870000e-06	7.023265e-06	1.410181e-09	3.788429e+01	4.102069e+02
3.880000e-06	7.013008e-06	1.671659e-09	3.782896e+01	4.100066e+02
3.890000e-06	7.002236e-06	1.805329e-09	3.777085e+01	4.097952e+02
3.900000e-06	6.990652e-06	1.549143e-09	3.770837e+01	4.095725e+02
3.910000e-06	6.978565e-06	1.472868e-09	3.764317e+01	4.093385e+02
3.920000e-06	6.966009e-06	1.733340e-09	3.757544e+01	4.090928e+02
3.930000e-06	6.952529e-06	1.728206e-09	3.750273e+01	4.088352e+02
3.940000e-06	6.938154e-06	1.470703e-09	3.742519e+01	4.085655e+02
3.950000e-06	6.923192e-06	1.548425e-09	3.734448e+01	4.082832e+02
3.960000e-06	6.907602e-06	1.771357e-09	3.726039e+01	4.079880e+02
3.970000e-06	6.891632e-06	1.631558e-09	3.717424e+01	4.076793e+02
3.980000e-06	6.875477e-06	1.486258e-09	3.708710e+01	4.073566e+02
3.990000e-06	6.858932e-06	1.680021e-09	3.699786e+01	4.070194e+02
4.000000e-06	6.841692e-06	1.713905e-09	3.690486e+01	4.066670e+02
4.010000e-06	6.823870e-06	1.488500e-09	3.680873e+01	4.062988e+02
4.020000e-06	6.805811e-06	1.554456e-09	3.671132e+01	4.059140e+02
4.030000e-06	6.787309e-06	1.759323e-09	3.661151e+01	4.055120e+02
4.040000e-06	6.768063e-06	1.619799e-09	3.650770e+01	4.050921e+02
4.050000e-06	6.748240e-06	1.490545e-09	3.640077e+01	4.046534e+02
4.060000e-06	6.728244e-06	1.668962e-09	3.629291e+01	4.041954e+02
4.070000e-06	6.708083e-06	1.689186e-09	3.618416e+01	4.037173e+02
4.080000e-06	6.687502e-06	1.511264e-09	3.607314e+01	4.032185e+02
4.090000e-06	6.666363e-06	1.581089e-09	3.595912e+01	4.026985e+02
4.100000e-06	6.644388e-06	1.698434e-09	3.584058e+01	4.021567e+02
4.110000e-06	6.621524e-06	1.578651e-09	3.571725e+01	4.015927e+02
4.120000e-06	6.598082e-06	1.549610e-09	3.559080e+01	4.010062e+02
4.130000e-06	6.574260e-06	1.663795e-09	3.546230e+01	4.003971e+02
4.140000e-06	6.550186e-06	1.605629e-09	3.533244e+01	3.997651e+02
4.150000e-06	6.525680e-06	1.530053e-09	3.520025e+01	3.991105e+02
4.160000e-06	6.500623e-06	1.624015e-09	3.506510e+01	3.984333e+02
4.170000e-06	6.475055e-06	1.637663e-09	3.492718e+01	3.977339e+02
4.180000e-06	6.449001e-06	1.556473e-09	3.478664e+01	3.970128e+02
4.190000e-06	6.422501e-06	1.588283e-09	3.464370e+01	3.962705e+02
4.200000e-06	6.395627e-06	1.619221e-09	3.449874e+01	3.955079e+02
4.210000e-06	6.368337e-06	1.564957e-09	3.435153e+01	3.947256e+02
4.220000e-06	6.340605e-06	1.568400e-09	3.420194e+01	3.939248e+02
4.230000e-06	6.312564e-06	1.598555e-09	3.405068e+01	3.931065e+02
4.240000e-06	6.284269e-06	1.572903e-09	3.389806e+01	3.922719e+02
4.250000e-06	6.255553e-06	1.567155e-09	3.374316e+01	3.914222e+02
4.260000e-06	6.226352e-06	1.584856e-09	3.358565e+01	3.905586e+02
4.270000e-06	6.196482e-06	1.570842e-09	3.342453e+01	3.896824e+02
4.280000e-06	6.165858e-06	1.559892e-09	3.325934e+01	3.887951e+02
4.290000e-06	6.134625e-06	1.561401e-09	3.309086e+01	3.878977e+02
4.300000e-06	6.102876e-06	1.558856e-09	3.291960e+01	3.869916e+02
4.310000e-06	6.070732e-06	1.565725e-09	3.274622e+01	3.860779e+02
4.320000e-06	6.038186e-06	1.561880e-09	3.257066e+01	3.851576e+02
4.330000e-06	6.005274e-06	1.545608e-09	3.239313e+01	3.842316e+02
4.340000e-06	5.971988e-06	1.549538e-09	3.221358e+01	3.833008e+02
4.350000e-06	5.938265e-06	1.550027e-09	3.203167e+01	3.823656e+02
4.360000e-06	5.904110e-06	1.537949e-09	3.184744e+01	3.814267e+02
4.370000e-06	5.869542e-06	1.544422e-09	3.166097e+01	3.804841e+02
4.380000e-06	5.834521e-06	1.546197e-09	3.147207e+01	3.795379e+02
4.390000e-06	5.799100e-06	1.529219e-09	3.128100e+01	3.785879e+02
4.400000e-06	5.763389e-06	1.530638e-09	3.108837e+01	3.776338e+02
4.410000e-06	5.727440e-06	1.537942e-09	3.089446e+01	3.766748e+02
4.420000e-06	5.691275e-06	1.523416e-09	3.069938e+01	3.757102e+02
4.430000e-06	5.654837e-06	1.515540e-09	3.050283e+01	3.747389e+02
4.440000e-06	5.618010e-06	1.522531e-09	3.030418e+01	3.737597e+02
4.450000e-06	5.580638e-06	1.521791e-09	3.010259e+01	3.727712e+02
4.460000e-06	5.542517e-06	1.515964e-09	2.989696e+01	3.717719e+02
4.470000e-06	5.503595e-06	1.511896e-09	2.968701e+01	3.707600e+02
4.480000e-06	5.464031e-06	1.506208e-09	2.947360e+01	3.697339e+02
4.490000e-06	5.424127e-06	1.502258e-09	2.925835e+01	3.686918e+02
4.500000e-06	5.384016e-06	1.501587e-09	2.904199e+01	3.676316e+02
4.510000e-06	5.343646e-06	1.500153e-09	2.882423e+01	3.665516e+02
4.520000e-06	5.303051e-06	1.495658e-09	2.860526e+01	3.654499e+02
4.530000e-06	5.262078e-06	1.489594e-09	2.838425e+01	3.643247e+02
4.540000e-06	5.220723e-06	1.486157e-09	2.816117e+01	3.631743e+02
4.550000e-06	5.179042e-06	1.484907e-09	2.793634e+01	3.619970e+02
4.560000e-06	5.136900e-06	1.479115e-09	2.770902e+01	3.607913e+02
4.570000e-06	5.094361e-06	1.470942e-09	2.747956e+01	3.595561e+02
4.580000e-06	5.051524e-06	1.466992e-09	2.724849e+01	3.582900e+02
4.590000e-06	5.008319e-06	1.465756e-09	2.701544e+01	3.569923e+02
4.600000e-06	4.964759e-06	1.462605e-09	2.678047e+01	3.556621e+02
4.610000e-06	4.920975e-06	1.457130e-09	2.654430e+01	3.542990e+02
4.620000e-06	4.876922e-06	1.451995e-09	2.630667e+01	3.529026e+02
4.630000e-06	4.832634e-06	1.448649e-09	2.606778e+01	3.514729e+02
4.640000e-06	4.788097e-06	1.444928e-09	2.582754e+01	3.500101e+02
4.650000e-06	4.743154e-06	1.438628e-09	2.558511e+01	3.485143e+02
4.660000e-06	4.697778e-06	1.430205e-09	2.534035e+01	3.469862e+02
4.670000e-06	4.652172e-06	1.421563e-09	2.509434e+01	3.454264e+02
4.680000e-06	4.606383e-06	1.414944e-09	2.484735e+01	3.438358e+02
4.690000e-06	4.560285e-06	1.411002e-09	2.459869e+01	3.422151e+02
4.700000e-06	4.513711e-06	1.407817e-09	2.434747e+01	3.405655e+02
4.710000e-06	4.466690e-06	1.402757e-09	2.409383e+01	3.388880e+02
4.720000e-06	4.419523e-06	1.395435e-09	2.383941e+01	3.371836e+02
4.730000e-06	4.372093e-06	1.386885e-09	2.358356e+01	3.354534e+02
4.740000e-06	4.324313e-06	1.378884e-09	2.332583e+01	3.336984e+02
4.750000e-06	4.276118e-06	1.371253e-09	2.306587e+01	3.319197e+02
4.760000e-06	4.227546e-06	1.362694e-09	2.280386e+01	3.301179e+02
4.770000e-06	4.178604e-06	1.355145e-09	2.253986e+01	3.282939e+02
4.780000e-06	4.129156e-06	1.350490e-09	2.227313e+01	3.264482e+02
4.790000e-06	4.079434e-06	1.345339e-09	2.200493e+01	3.245812e+02
4.800000e-06	4.029442e-06	1.337741e-09	2.173527e+01	3.226933e+02
4.810000e-06	3.979156e-06	1.329221e-09	2.146402e+01	3.207843e+02
4.820000e-06	3.928549e-06	1.321931e-09	2.119104e+01	3.188542e+02
4.830000e-06	3.877598e-06	1.314832e-09	2.091620e+01	3.169026e+02
4.840000e-06	3.826396e-06	1.306633e-09	2.064001e+01	3.149290e+02
4.850000e-06	3.774847e-06	1.298171e-09	2.036195e+01	3.129328e+02
4.860000e-06	3.723020e-06	1.289428e-09	2.008239e+01	3.109130e+02
4.870000e-06	3.670951e-06	1.280654e-09	1.980152e+01	3.088688e+02
4.880000e-06	3.618610e-06	1.273423e-09	1.951919e+01	3.067989e+02
4.890000e-06	3.565964e-06	1.266527e-09	1.923521e+01	3.047023e+02
4.900000e-06	3.513009e-06	1.257701e-09	1.894957e+01	3.025776e+02
4.910000e-06	3.459795e-06	1.248329e-09	1.866253e+01	3.004236e+02
4.920000e-06	3.406116e-06	1.239774e-09	1.837297e+01	2.982390e+02
4.930000e-06	3.351927e-06	1.231147e-09	1.808067e+01	2.960227e+02
4.940000e-06	3.297459e-06	1.221585e-09	1.778687e+01	2.937734e+02
4.950000e-06	3.242709e-06	1.210747e-09	1.749154e+01	2.914902e+02
4.960000e-06	3.187556e-06	1.199663e-09	1.719404e+01	2.891720e+02
4.970000e-06	3.132031e-06	1.190333e-09	1.689453e+01	2.868181e+02
4.980000e-06	3.076250e-06	1.182228e-09	1.659364e+01	2.844280e+02
4.990000e-06	3.020400e-06	1.173301e-09	1.629238e+01	2.820012e+02
5.000000e-06	2.964434e-06	1.162388e-09	1.599049e+01	2.795375e+02
5.010000e-06	2.908270e-06	1.150859e-09	1.568754e+01	2.770369e+02
5.020000e-06	2.851953e-06	1.140072e-09	1.538376e+01	2.744996e+02
5.030000e-06	2.795561e-06	1.130277e-09	1.507957e+01	2.719259e+02
5.040000e-06	2.738877e-06	1.120150e-09	1.477381e+01	2.693166e+02
5.050000e-06	2.681902e-06	1.109144e-09	1.446648e+01	2.666721e+02
5.060000e-06	2.624869e-06	1.098285e-09	1.415884e+01	2.639936e+02
5.070000e-06	2.567854e-06	1.087855e-09	1.385129e+01	2.612817e+02
5.080000e-06	2.510697e-06	1.077080e-09	1.354298e+01	2.585377e+02
5.090000e-06	2.453182e-06	1.064660e-09	1.323274e+01	2.557625e+02
5.100000e-06	2.395449e-06	1.050392e-09	1.292132e+01	2.529572e+02
5.110000e-06	2.337519e-06	1.037485e-09	1.260884e+01	2.501225e+02
5.120000e-06	2.279490e-06	1.026648e-09	1.229583e+01	2.472595e+02
5.130000e-06	2.221249e-06	1.015153e-09	1.198167e+01	2.443686e+02
5.140000e-06	2.162833e-06	1.002487e-09	1.166656e+01	2.414503e+02
5.150000e-06	2.104364e-06	9.894954e-10	1.135118e+01	2.385047e+02
5.160000e-06	2.045731e-06	9.767286e-10	1.103491e+01	2.355317e+02
5.170000e-06	1.986996e-06	9.637434e-10	1.071808e+01	2.325306e+02
5.180000e-06	1.928126e-06	9.512450e-10	1.040053e+01	2.295005e+02
5.190000e-06	1.869082e-06	9.392256e-10	1.008204e+01	2.264401e+02
5.200000e-06	1.809873e-06	9.258523e-10	9.762659e+00	2.233475e+02
5.210000e-06	1.750572e-06	9.120389e-10	9.442784e+00	2.202205e+02
5.220000e-06	1.691272e-06	9.003887e-10	9.122911e+00	2.170562e+02
5.230000e-06	1.631850e-06	8.875813e-10	8.802383e+00	2.138514e+02
5.240000e-06	1.572196e-06	8.717155e-10	8.480601e+00	2.106024e+02
5.250000e-06	1.512440e-06	8.568541e-10	8.158274e+00	2.073051e+02
5.260000e-06	1.452584e-06	8.440676e-10	7.835401e+00	2.039549e+02
5.270000e-06	1.392541e-06	8.307728e-10	7.511525e+00	2.005469e+02
5.280000e-06	1.332474e-06	8.154249e-10	7.187515e+00	1.970759e+02
5.290000e-06	1.272364e-06	7.987569e-10	6.863275e+00	1.935363e+02
5.300000e-06	1.212145e-06	7.821084e-10	6.538450e+00	1.899224e+02
5.310000e-06	1.151909e-06	7.663705e-10	6.213525e+00	1.862285e+02
5.320000e-06	1.091707e-06	7.510980e-10	5.888791e+00	1.824485e+02
5.330000e-06	1.031454e-06	7.357958e-10	5.563778e+00	1.785766e+02
5.340000e-06	9.711116e-07	7.200840e-10	5.238286e+00	1.746071e+02
5.350000e-06	9.107635e-07	7.032378e-10	4.912762e+00	1.705344e+02
5.360000e-06	8.503618e-07	6.854911e-10	4.586948e+00	1.663532e+02
5.370000e-06	7.898650e-07	6.678024e-10	4.260621e+00	1.620586e+02
5.380000e-06	7.293283e-07	6.492815e-10	3.934080e+00	1.576460e+02
5.390000e-06	6.688124e-07	6.289225e-10	3.607650e+00	1.531117e+02
5.400000e-06	6.083140e-07	6.089156e-10	3.281314e+00	1.484523e+02
5.410000e-06	5.478180e-07	5.897404e-10	2.954992e+00	1.436651e+02
5.420000e-06	4.873601e-07	5.696922e-10	2.628876e+00	1.387481e+02
5.430000e-06	4.268364e-07	5.494307e-10	2.302404e+00	1.337004e+02
5.440000e-06	3.661351e-07	5.288187e-10	1.974974e+00	1.285215e+02
5.450000e-06	3.053711e-07	5.067168e-10	1.647206e+00	1.232121e+02
5.460000e-06	2.445651e-07	4.838900e-10	1.319212e+00	1.177735e+02
5.470000e-06	1.837805e-07	4.613567e-10	9.913329e-01	1.122082e+02
5.480000e-06	1.230742e-07	4.386217e-10	6.638763e-01	1.065193e+02
5.490000e-06	6.236608e-08	4.153511e-10	3.364097e-01	1.007109e+02
5.500000e-06	1.727307e-09	3.915652e-10	9.317288e-03	9.478805e+01
5.510000e-06	-5.891171e-08	3.668448e-10	-3.177764e-01	8.875643e+01
5.520000e-06	-1.195904e-07	3.416784e-10	-6.450839e-01	8.262260e+01
5.530000e-06	-1.802408e-07	3.171022e-10	-9.722391e-01	7.639381e+01
5.540000e-06	-2.409097e-07	2.927195e-10	-1.299494e+00	7.007797e+01
5.550000e-06	-3.015200e-07	2.677741e-10	-1.626433e+00	6.368355e+01
5.560000e-06	-3.621167e-07	2.423504e-10	-1.953298e+00	5.721952e+01
5.570000e-06	-4.228555e-07	2.160148e-10	-2.280931e+00	5.069527e+01
5.580000e-06	-4.836066e-07	1.891053e-10	-2.608629e+00	4.412050e+01
5.590000e-06	-5.441556e-07	1.623214e-10	-2.935237e+00	3.750514e+01
5.600000e-06	-6.046406e-07	1.355767e-10	-3.261500e+00	3.085927e+01
5.610000e-06	-6.651722e-07	1.093043e-10	-3.588014e+00	2.419301e+01
5.620000e-06	-7.256092e-07	8.315829e-11	-3.914018e+00	1.751642e+01
5.630000e-06	-7.859516e-07	5.644236e-11	-4.239512e+00	1.083941e+01
5.640000e-06	-8.462416e-07	2.928406e-11	-4.564723e+00	4.171702e+00
5.650000e-06	-9.065679e-07	2.039283e-12	-4.890130e+00	-2.477328e+00
5.660000e-06	-9.669329e-07	-2.482447e-11	-5.215746e+00	-9.098669e+00
5.670000e-06	-1.027191e-06	-5.057800e-11	-5.540783e+00	-1.568377e+01
5.680000e-06	-1.087344e-06	-7.518993e-11	-5.865259e+00	-2.222458e+01
5.690000e-06	-1.147460e-06	-1.003054e-10	-6.189531e+00	-2.871362e+01
5.700000e-06	-1.207557e-06	-1.261523e-10	-6.513701e+00	-3.514404e+01
5.710000e-06	-1.267617e-06	-1.516512e-10	-6.837671e+00	-4.150960e+01
5.720000e-06	-1.327573e-06	-1.761368e-10	-7.161077e+00	-4.780475e+01
5.730000e-06	-1.387406e-06	-1.998595e-10	-7.483824e+00	-5.402463e+01
5.740000e-06	-1.447217e-06	-2.241952e-10	-7.806452e+00	-6.016506e+01
5.750000e-06	-1.506974e-06	-2.493040e-10	-8.128790e+00	-6.622256e+01
5.760000e-06	-1.566618e-06	-2.742348e-10	-8.450516e+00	-7.219434e+01
5.770000e-06	-1.626142e-06	-2.990915e-10	-8.771592e+00	-7.807825e+01
5.780000e-06	-1.685546e-06	-3.240298e-10	-9.092025e+00	-8.387280e+01
5.790000e-06	-1.744829e-06	-3.489630e-10	-9.411808e+00	-8.957710e+01
5.800000e-06	-1.803959e-06	-3.737622e-10	-9.730759e+00	-9.519083e+01
5.810000e-06	-1.863007e-06	-3.970961e-10	-1.004927e+01	-1.007142e+02
5.820000e-06	-1.921902e-06	-4.193456e-10	-1.036696e+01	-1.061479e+02
5.830000e-06	-1.980698e-06	-4.424824e-10	-1.068411e+01	-1.114931e+02
5.840000e-06	-2.039412e-06	-4.662880e-10	-1.100082e+01	-1.167512e+02
5.850000e-06	-2.097938e-06	-4.884737e-10	-1.131652e+01	-1.219242e+02
5.860000e-06	-2.156284e-06	-5.091831e-10	-1.163124e+01	-1.270140e+02
5.870000e-06	-2.214518e-06	-5.303488e-10	-1.194536e+01	-1.320230e+02
5.880000e-06	-2.272680e-06	-5.512897e-10	-1.225909e+01	-1.369538e+02
5.890000e-06	-2.330541e-06	-5.716998e-10	-1.257120e+01	-1.418089e+02
5.900000e-06	-2.388066e-06	-5.929546e-10	-1.288150e+01	-1.465911e+02
5.910000e-06	-2.445360e-06	-6.139491e-10	-1.319055e+01	-1.513030e+02
5.920000e-06	-2.502357e-06	-6.333286e-10	-1.349800e+01	-1.559473e+02
5.930000e-06	-2.559220e-06	-6.530989e-10	-1.380472e+01	-1.605268e+02
5.940000e-06	-2.615990e-06	-6.742008e-10	-1.411095e+01	-1.650440e+02
5.950000e-06	-2.672643e-06	-6.946306e-10	-1.441654e+01	-1.695013e+02
5.960000e-06	-2.729192e-06	-7.135760e-10	-1.472157e+01	-1.739010e+02
5.970000e-06	-2.785605e-06	-7.317182e-10	-1.502587e+01	-1.782454e+02
5.980000e-06	-2.841940e-06	-7.495601e-10	-1.532975e+01	-1.825364e+02
5.990000e-06	-2.898081e-06	-7.669708e-10	-1.563258e+01	-1.867759e+02
6.000000e-06	-2.954053e-06	-7.843577e-10	-1.593449e+01	-1.909654e+02
6.010000e-06	-3.009923e-06	-8.014916e-10	-1.623587e+01	-1.951063e+02
6.020000e-06	-3.065669e-06	-8.179549e-10	-1.653657e+01	-1.991999e+02
6.030000e-06	-3.121121e-06	-8.351204e-10	-1.683568e+01	-2.032471e+02
6.040000e-06	-3.176235e-06	-8.527553e-10	-1.713297e+01	-2.072488e+02
6.050000e-06	-3.231114e-06	-8.699763e-10	-1.742899e+01	-2.112056e+02
6.060000e-06	-3.285609e-06	-8.861578e-10	-1.772295e+01	-2.151180e+02
6.070000e-06	-3.339717e-06	-9.019251e-10	-1.801481e+01	-2.189862e+02
6.080000e-06	-3.393485e-06	-9.188267e-10	-1.830484e+01	-2.228103e+02
6.090000e-06	-3.446727e-06	-9.365957e-10	-1.859204e+01	-2.265903e+02
6.100000e-06	-3.499473e-06	-9.536421e-10	-1.887655e+01	-2.303261e+02
6.110000e-06	-3.552019e-06	-9.685529e-10	-1.915999e+01	-2.340173e+02
6.120000e-06	-3.604357e-06	-9.827777e-10	-1.944231e+01	-2.376636e+02
6.130000e-06	-3.656361e-06	-9.974153e-10	-1.972283e+01	-2.412645e+02
6.140000e-06	-3.708185e-06	-1.012157e-09	-2.000237e+01	-2.448194e+02
6.150000e-06	-3.759873e-06	-1.027745e-09	-2.028118e+01	-2.483277e+02
6.160000e-06	-3.811223e-06	-1.043817e-09	-2.055817e+01	-2.517888e+02
6.170000e-06	-3.862202e-06	-1.058789e-09	-2.083316e+01	-2.552018e+02
6.180000e-06	-3.912989e-06	-1.072727e-09	-2.110711e+01	-2.585662e+02
6.190000e-06	-3.963479e-06	-1.086266e-09	-2.137945e+01	-2.618811e+02
6.200000e-06	-4.013571e-06	-1.099031e-09	-2.164966e+01	-2.651458e+02
6.210000e-06	-4.063401e-06	-1.111415e-09	-2.191845e+01	-2.683595e+02
6.220000e-06	-4.113042e-06	-1.124315e-09	-2.218622e+01	-2.715215e+02
6.230000e-06	-4.162213e-06	-1.137453e-09	-2.245145e+01	-2.746311e+02
6.240000e-06	-4.210615e-06	-1.150816e-09	-2.271253e+01	-2.776877e+02
6.250000e-06	-4.258579e-06	-1.164740e-09	-2.297126e+01	-2.806905e+02
6.260000e-06	-4.306383e-06	-1.177726e-09	-2.322912e+01	-2.836392e+02
6.270000e-06	-4.353812e-06	-1.189648e-09	-2.348495e+01	-2.865332e+02
6.280000e-06	-4.400712e-06	-1.201728e-09	-2.373794e+01	-2.893720e+02
6.290000e-06	-4.447334e-06	-1.214074e-09	-2.398943e+01	-2.921554e+02
6.300000e-06	-4.493809e-06	-1.226110e-09	-2.424012e+01	-2.948831e+02
6.310000e-06	-4.540092e-06	-1.237249e-09	-2.448977e+01	-2.975550e+02
6.320000e-06	-4.586179e-06	-1.247745e-09	-2.473837e+01	-3.001710e+02
6.330000e-06	-4.631874e-06	-1.258729e-09	-2.498485e+01	-3.027313e+02
6.340000e-06	-4.677140e-06	-1.270610e-09	-2.522903e+01	-3.052360e+02
6.350000e-06	-4.722098e-06	-1.281520e-09	-2.547153e+01	-3.076855e+02
6.360000e-06	-4.766788e-06	-1.290325e-09	-2.571259e+01	-3.100801e+02
6.370000e-06	-4.811197e-06	-1.298682e-09	-2.595214e+01	-3.124205e+02
6.380000e-06	-4.855378e-06	-1.307555e-09	-2.619046e+01	-3.147073e+02
6.390000e-06	-4.899412e-06	-1.316268e-09	-2.642798e+01	-3.169414e+02
6.400000e-06	-4.943216e-06	-1.324791e-09	-2.666427e+01	-3.191238e+02
6.410000e-06	-4.986644e-06	-1.333289e-09	-2.689852e+01	-3.212554e+02
6.420000e-06	-5.029699e-06	-1.341370e-09	-2.713077e+01	-3.233376e+02
6.430000e-06	-5.072322e-06	-1.349513e-09	-2.736068e+01	-3.253717e+02
6.440000e-06	-5.114517e-06	-1.358196e-09	-2.758828e+01	-3.273590e+02
6.450000e-06	-5.156413e-06	-1.366608e-09	-2.781428e+01	-3.293012e+02
6.460000e-06	-5.198012e-06	-1.374204e-09	-2.803866e+01	-3.311998e+02
6.470000e-06	-5.239260e-06	-1.381236e-09	-2.826116e+01	-3.330565e+02
6.480000e-06	-5.280057e-06	-1.388428e-09	-2.848122e+01	-3.348732e+02
6.490000e-06	-5.320503e-06	-1.396338e-09	-2.869940e+01	-3.366516e+02
6.500000e-06	-5.360734e-06	-1.404135e-09	-2.891641e+01	-3.383937e+02
6.510000e-06	-5.400778e-06	-1.411098e-09	-2.913241e+01	-3.401013e+02
6.520000e-06	-5.440622e-06	-1.417836e-09	-2.934733e+01	-3.417764e+02
6.530000e-06	-5.480195e-06	-1.423580e-09	-2.956079e+01	-3.434209e+02
6.540000e-06	-5.519243e-06	-1.429048e-09	-2.977142e+01	-3.450367e+02
6.550000e-06	-5.557526e-06	-1.436379e-09	-2.997792e+01	-3.466257e+02
6.560000e-06	-5.594972e-06	-1.444006e-09	-3.017991e+01	-3.481896e+02
6.570000e-06	-5.631845e-06	-1.450093e-09	-3.037881e+01	-3.497302e+02
6.580000e-06	-5.668403e-06	-1.455893e-09	-3.057601e+01	-3.512493e+02
6.590000e-06	-5.704605e-06	-1.462028e-09	-3.077129e+01	-3.527483e+02
6.600000e-06	-5.740562e-06	-1.467088e-09	-3.096524e+01	-3.542289e+02
6.610000e-06	-5.776153e-06	-1.471112e-09	-3.115722e+01	-3.556922e+02
6.620000e-06	-5.811337e-06	-1.475801e-09	-3.134701e+01	-3.571396e+02
6.630000e-06	-5.846188e-06	-1.480744e-09	-3.153500e+01	-3.585721e+02
6.640000e-06	-5.880636e-06	-1.485193e-09	-3.172082e+01	-3.599908e+02
6.650000e-06	-5.914687e-06	-1.490688e-09	-3.190449e+01	-3.613965e+02
6.660000e-06	-5.948214e-06	-1.496735e-09	-3.208534e+01	-3.627897e+02
6.670000e-06	-5.981276e-06	-1.501310e-09	-3.226368e+01	-3.641712e+02
6.680000e-06	-6.014030e-06	-1.505156e-09	-3.244036e+01	-3.655412e+02
6.690000e-06	-6.046484e-06	-1.509917e-09	-3.261542e+01	-3.668999e+02
6.700000e-06	-6.078654e-06	-1.515436e-09	-3.278895e+01	-3.682476e+02
6.710000e-06	-6.110508e-06	-1.520757e-09	-3.296077e+01	-3.695841e+02
6.720000e-06	-6.141879e-06	-1.526150e-09	-3.312999e+01	-3.709092e+02
6.730000e-06	-6.172531e-06	-1.530975e-09	-3.329533e+01	-3.722227e+02
6.740000e-06	-6.202496e-06	-1.534683e-09	-3.345696e+01	-3.735242e+02
6.750000e-06	-6.231794e-06	-1.538808e-09	-3.361500e+01	-3.748132e+02
6.760000e-06	-6.260484e-06	-1.542707e-09	-3.376976e+01	-3.760890e+02
6.770000e-06	-6.288744e-06	-1.545364e-09	-3.392220e+01	-3.773510e+02
6.780000e-06	-6.316774e-06	-1.548565e-09	-3.407340e+01	-3.785984e+02
6.790000e-06	-6.344640e-06	-1.552506e-09	-3.422371e+01	-3.798305e+02
6.800000e-06	-6.372120e-06	-1.556552e-09	-3.437194e+01	-3.810464e+02
6.810000e-06	-6.399000e-06	-1.560373e-09	-3.451693e+01	-3.822452e+02
6.820000e-06	-6.425265e-06	-1.564518e-09	-3.465861e+01	-3.834259e+02
6.830000e-06	-6.451036e-06	-1.569373e-09	-3.479762e+01	-3.845877e+02
6.840000e-06	-6.476373e-06	-1.573435e-09	-3.493429e+01	-3.857297e+02
6.850000e-06	-6.501283e-06	-1.577093e-09	-3.506865e+01	-3.868510e+02
6.860000e-06	-6.525835e-06	-1.580999e-09	-3.520109e+01	-3.879505e+02
6.870000e-06	-6.550124e-06	-1.584970e-09	-3.533211e+01	-3.890276e+02
6.880000e-06	-6.574135e-06	-1.590072e-09	-3.546163e+01	-3.900814e+02
6.890000e-06	-6.597842e-06	-1.595281e-09	-3.558950e+01	-3.911110e+02
6.900000e-06	-6.621142e-06	-1.598452e-09	-3.571519e+01	-3.921158e+02
6.910000e-06	-6.643750e-06	-1.600498e-09	-3.583714e+01	-3.930951e+02
6.920000e-06	-6.665437e-06	-1.602749e-09	-3.595412e+01	-3.940483e+02
6.930000e-06	-6.686284e-06	-1.605426e-09	-3.606657e+01	-3.949748e+02
6.940000e-06	-6.706651e-06	-1.609057e-09	-3.617643e+01	-3.958741e+02
6.950000e-06	-6.726713e-06	-1.612289e-09	-3.628465e+01	-3.967458e+02
6.960000e-06	-6.746431e-06	-1.614379e-09	-3.639101e+01	-3.975896e+02
6.970000e-06	-6.765797e-06	-1.617007e-09	-3.649548e+01	-3.984052e+02
6.980000e-06	-6.784694e-06	-1.619916e-09	-3.659741e+01	-3.991924e+02
6.990000e-06	-6.803112e-06	-1.623077e-09	-3.669676e+01	-3.999511e+02
7.000000e-06	-6.821120e-06	-1.625730e-09	-3.679390e+01	-4.006812e+02
7.010000e-06	-6.838594e-06	-1.627688e-09	-3.688815e+01	-4.013828e+02
7.020000e-06	-6.855458e-06	-1.630220e-09	-3.697912e+01	-4.020560e+02
7.030000e-06	-6.871884e-06	-1.632982e-09	-3.706772e+01	-4.027009e+02
7.040000e-06	-6.888037e-06	-1.635160e-09	-3.715485e+01	-4.033178e+02
7.050000e-06	-6.903951e-06	-1.636660e-09	-3.724069e+01	-4.039069e+02
7.060000e-06	-6.919366e-06	-1.638177e-09	-3.732384e+01	-4.044686e+02
7.070000e-06	-6.934075e-06	-1.639503e-09	-3.740318e+01	-4.050034e+02
7.080000e-06	-6.948004e-06	-1.640729e-09	-3.747832e+01	-4.055117e+02
7.090000e-06	-6.961117e-06	-1.642400e-09	-3.754905e+01	-4.059939e+02
7.100000e-06	-6.973608e-06	-1.643958e-09	-3.761643e+01	-4.064508e+02
7.110000e-06	-6.985562e-06	-1.644719e-09	-3.768091e+01	-4.068828e+02
7.120000e-06	-6.996926e-06	-1.645199e-09	-3.774221e+01	-4.072906e+02
7.130000e-06	-7.007805e-06	-1.645299e-09	-3.780089e+01	-4.076749e+02
7.140000e-06	-7.018314e-06	-1.645014e-09	-3.785758e+01	-4.080364e+02
7.150000e-06	-7.028355e-06	-1.645754e-09	-3.791174e+01	-4.083757e+02
7.160000e-06	-7.037785e-06	-1.647462e-09	-3.796261e+01	-4.086937e+02
7.170000e-06	-7.046752e-06	-1.649192e-09	-3.801098e+01	-4.089909e+02
7.180000e-06	-7.055286e-06	-1.650393e-09	-3.805701e+01	-4.092682e+02
7.190000e-06	-7.063454e-06	-1.650213e-09	-3.810107e+01	-4.095263e+02
7.200000e-06	-7.071424e-06	-1.649454e-09	-3.814406e+01	-4.097658e+02
7.210000e-06	-7.078955e-06	-1.649103e-09	-3.818469e+01	-4.099875e+02
7.220000e-06	-7.085775e-06	-1.647659e-09	-3.822147e+01	-4.101920e+02
7.230000e-06	-7.091793e-06	-1.645375e-09	-3.825393e+01	-4.103799e+02
7.240000e-06	-7.097109e-06	-1.643940e-09	-3.828261e+01	-4.105520e+02
7.250000e-06	-7.101791e-06	-1.643404e-09	-3.830787e+01	-4.107088e+02
7.260000e-06	-7.106017e-06	-1.643805e-09	-3.833066e+01	-4.108507e+02
7.270000e-06	-7.110008e-06	-1.643505e-09	-3.835219e+01	-4.109784e+02
7.280000e-06	-7.113571e-06	-1.642367e-09	-3.837141e+01	-4.110922e+02
7.290000e-06	-7.116476e-06	-1.642169e-09	-3.838708e+01	-4.111926e+02
7.300000e-06	-7.118890e-06	-1.642554e-09	-3.840010e+01	-4.112800e+02
7.310000e-06	-7.120933e-06	-1.642376e-09	-3.841112e+01	-4.113547e+02
7.320000e-06	-7.122504e-06	-1.641493e-09	-3.841959e+01	-4.114169e+02
7.330000e-06	-7.123441e-06	-1.640196e-09	-3.842465e+01	-4.114670e+02
7.340000e-06	-7.123885e-06	-1.639082e-09	-3.842704e+01	-4.115051e+02
