# Temperatura_=_-14.4
# Concentracion g/m^3_=_7400.0
# C_Vs_to_Am_M_A/Vsm_=_254322799225.57578
# pendiente_HvsI_1/m_=_3716.3
# ordenada_HvsI_A/m_=_1297.0
# frecuencia_Hz_=_136115.45230475205

Tiempo_(s)	Campo_(V.s)	Magnetizacion_(V.s)	Campo_(kA/m)	Magnetizacion_(A/m)
0.000000e+00	-7.144598e-06	-1.237625e-09	-3.841837e+01	-3.142198e+02
1.000000e-08	-7.144802e-06	-1.236654e-09	-3.841947e+01	-3.141606e+02
2.000000e-08	-7.144695e-06	-1.237578e-09	-3.841889e+01	-3.140854e+02
3.000000e-08	-7.144145e-06	-1.238004e-09	-3.841594e+01	-3.139945e+02
4.000000e-08	-7.142884e-06	-1.236984e-09	-3.840915e+01	-3.138883e+02
5.000000e-08	-7.140841e-06	-1.234475e-09	-3.839817e+01	-3.137672e+02
6.000000e-08	-7.138117e-06	-1.232158e-09	-3.838352e+01	-3.136315e+02
7.000000e-08	-7.134858e-06	-1.229625e-09	-3.836600e+01	-3.134817e+02
8.000000e-08	-7.131212e-06	-1.226590e-09	-3.834639e+01	-3.133184e+02
9.000000e-08	-7.127100e-06	-1.238053e-09	-3.832428e+01	-3.131421e+02
1.000000e-07	-7.122252e-06	-1.243021e-09	-3.829821e+01	-3.129533e+02
1.100000e-07	-7.116661e-06	-1.192347e-09	-3.826815e+01	-3.127528e+02
1.200000e-07	-7.110692e-06	-1.165472e-09	-3.823605e+01	-3.125411e+02
1.300000e-07	-7.104528e-06	-1.260590e-09	-3.820291e+01	-3.123189e+02
1.400000e-07	-7.098071e-06	-1.307726e-09	-3.816819e+01	-3.120869e+02
1.500000e-07	-7.091078e-06	-1.177205e-09	-3.813058e+01	-3.118458e+02
1.600000e-07	-7.083553e-06	-1.116681e-09	-3.809012e+01	-3.115963e+02
1.700000e-07	-7.075573e-06	-1.277342e-09	-3.804720e+01	-3.113391e+02
1.800000e-07	-7.067152e-06	-1.332369e-09	-3.800192e+01	-3.110748e+02
1.900000e-07	-7.058034e-06	-1.124575e-09	-3.795289e+01	-3.108040e+02
2.000000e-07	-7.048054e-06	-1.076960e-09	-3.789923e+01	-3.105274e+02
2.100000e-07	-7.037462e-06	-1.313019e-09	-3.784228e+01	-3.102455e+02
2.200000e-07	-7.026469e-06	-1.338879e-09	-3.778316e+01	-3.099586e+02
2.300000e-07	-7.014828e-06	-1.098602e-09	-3.772057e+01	-3.096674e+02
2.400000e-07	-7.002475e-06	-1.102528e-09	-3.765414e+01	-3.093720e+02
2.500000e-07	-6.989710e-06	-1.311944e-09	-3.758550e+01	-3.090728e+02
2.600000e-07	-6.976477e-06	-1.250924e-09	-3.751434e+01	-3.087699e+02
2.700000e-07	-6.962411e-06	-1.081528e-09	-3.743871e+01	-3.084634e+02
2.800000e-07	-6.947678e-06	-1.189891e-09	-3.735948e+01	-3.081533e+02
2.900000e-07	-6.932472e-06	-1.291248e-09	-3.727772e+01	-3.078396e+02
3.000000e-07	-6.916437e-06	-1.145348e-09	-3.719149e+01	-3.075219e+02
3.100000e-07	-6.899757e-06	-1.120673e-09	-3.710180e+01	-3.072001e+02
3.200000e-07	-6.882737e-06	-1.268456e-09	-3.701028e+01	-3.068738e+02
3.300000e-07	-6.865439e-06	-1.192483e-09	-3.691726e+01	-3.065425e+02
3.400000e-07	-6.847743e-06	-1.065611e-09	-3.682211e+01	-3.062057e+02
3.500000e-07	-6.829635e-06	-1.217780e-09	-3.672473e+01	-3.058628e+02
3.600000e-07	-6.811114e-06	-1.287936e-09	-3.662514e+01	-3.055131e+02
3.700000e-07	-6.792154e-06	-1.088303e-09	-3.652319e+01	-3.051561e+02
3.800000e-07	-6.772697e-06	-1.086799e-09	-3.641856e+01	-3.047908e+02
3.900000e-07	-6.752768e-06	-1.270876e-09	-3.631140e+01	-3.044165e+02
4.000000e-07	-6.732438e-06	-1.191279e-09	-3.620208e+01	-3.040325e+02
4.100000e-07	-6.711646e-06	-1.061679e-09	-3.609028e+01	-3.036379e+02
4.200000e-07	-6.690341e-06	-1.189875e-09	-3.597571e+01	-3.032319e+02
4.300000e-07	-6.668533e-06	-1.232537e-09	-3.585844e+01	-3.028137e+02
4.400000e-07	-6.646142e-06	-1.097770e-09	-3.573804e+01	-3.023827e+02
4.500000e-07	-6.623268e-06	-1.135872e-09	-3.561505e+01	-3.019379e+02
4.600000e-07	-6.600100e-06	-1.219089e-09	-3.549046e+01	-3.014789e+02
4.700000e-07	-6.576630e-06	-1.117738e-09	-3.536426e+01	-3.010049e+02
4.800000e-07	-6.552768e-06	-1.100034e-09	-3.523595e+01	-3.005154e+02
4.900000e-07	-6.528518e-06	-1.209518e-09	-3.510555e+01	-3.000098e+02
5.000000e-07	-6.503666e-06	-1.158701e-09	-3.497191e+01	-2.994878e+02
5.100000e-07	-6.477866e-06	-1.078527e-09	-3.483318e+01	-2.989489e+02
5.200000e-07	-6.451352e-06	-1.154971e-09	-3.469061e+01	-2.983929e+02
5.300000e-07	-6.424301e-06	-1.172085e-09	-3.454514e+01	-2.978196e+02
5.400000e-07	-6.396846e-06	-1.096507e-09	-3.439751e+01	-2.972288e+02
5.500000e-07	-6.369055e-06	-1.122392e-09	-3.424808e+01	-2.966205e+02
5.600000e-07	-6.340820e-06	-1.157918e-09	-3.409625e+01	-2.959946e+02
5.700000e-07	-6.312173e-06	-1.108227e-09	-3.394220e+01	-2.953513e+02
5.800000e-07	-6.283134e-06	-1.107378e-09	-3.378605e+01	-2.946905e+02
5.900000e-07	-6.253699e-06	-1.141796e-09	-3.362778e+01	-2.940124e+02
6.000000e-07	-6.223844e-06	-1.110588e-09	-3.346724e+01	-2.933174e+02
6.100000e-07	-6.193636e-06	-1.092590e-09	-3.330480e+01	-2.926055e+02
6.200000e-07	-6.163129e-06	-1.119849e-09	-3.314076e+01	-2.918769e+02
6.300000e-07	-6.132155e-06	-1.113061e-09	-3.297420e+01	-2.911321e+02
6.400000e-07	-6.100836e-06	-1.094484e-09	-3.280579e+01	-2.903711e+02
6.500000e-07	-6.069255e-06	-1.102870e-09	-3.263597e+01	-2.895943e+02
6.600000e-07	-6.037335e-06	-1.100271e-09	-3.246433e+01	-2.888019e+02
6.700000e-07	-6.004916e-06	-1.087664e-09	-3.229000e+01	-2.879941e+02
6.800000e-07	-5.971864e-06	-1.089893e-09	-3.211227e+01	-2.871710e+02
6.900000e-07	-5.937966e-06	-1.088023e-09	-3.193000e+01	-2.863328e+02
7.000000e-07	-5.903226e-06	-1.078599e-09	-3.174319e+01	-2.854797e+02
7.100000e-07	-5.867992e-06	-1.074353e-09	-3.155373e+01	-2.846116e+02
7.200000e-07	-5.832453e-06	-1.070664e-09	-3.136262e+01	-2.837287e+02
7.300000e-07	-5.796784e-06	-1.067994e-09	-3.117082e+01	-2.828308e+02
7.400000e-07	-5.760959e-06	-1.067219e-09	-3.097818e+01	-2.819179e+02
7.500000e-07	-5.724720e-06	-1.060640e-09	-3.078332e+01	-2.809899e+02
7.600000e-07	-5.687970e-06	-1.054965e-09	-3.058570e+01	-2.800466e+02
7.700000e-07	-5.650861e-06	-1.054663e-09	-3.038616e+01	-2.790878e+02
7.800000e-07	-5.613391e-06	-1.050620e-09	-3.018467e+01	-2.781133e+02
7.900000e-07	-5.575426e-06	-1.041679e-09	-2.998052e+01	-2.771228e+02
8.000000e-07	-5.536923e-06	-1.034259e-09	-2.977348e+01	-2.761161e+02
8.100000e-07	-5.498013e-06	-1.028601e-09	-2.956426e+01	-2.750928e+02
8.200000e-07	-5.458760e-06	-1.025097e-09	-2.935318e+01	-2.740526e+02
8.300000e-07	-5.419240e-06	-1.023429e-09	-2.914067e+01	-2.729953e+02
8.400000e-07	-5.379553e-06	-1.019375e-09	-2.892727e+01	-2.719205e+02
8.500000e-07	-5.339650e-06	-1.012771e-09	-2.871270e+01	-2.708279e+02
8.600000e-07	-5.299282e-06	-1.007761e-09	-2.849563e+01	-2.697172e+02
8.700000e-07	-5.258293e-06	-1.003830e-09	-2.827521e+01	-2.685882e+02
8.800000e-07	-5.216722e-06	-9.983429e-10	-2.805168e+01	-2.674406e+02
8.900000e-07	-5.174672e-06	-9.901984e-10	-2.782556e+01	-2.662743e+02
9.000000e-07	-5.132158e-06	-9.817636e-10	-2.759695e+01	-2.650890e+02
9.100000e-07	-5.089114e-06	-9.767157e-10	-2.736550e+01	-2.638846e+02
9.200000e-07	-5.045674e-06	-9.733125e-10	-2.713191e+01	-2.626610e+02
9.300000e-07	-5.001970e-06	-9.678095e-10	-2.689690e+01	-2.614180e+02
9.400000e-07	-4.958072e-06	-9.596424e-10	-2.666085e+01	-2.601557e+02
9.500000e-07	-4.913947e-06	-9.523745e-10	-2.642358e+01	-2.588740e+02
9.600000e-07	-4.869432e-06	-9.478421e-10	-2.618421e+01	-2.575729e+02
9.700000e-07	-4.824508e-06	-9.438478e-10	-2.594264e+01	-2.562523e+02
9.800000e-07	-4.779235e-06	-9.386258e-10	-2.569919e+01	-2.549123e+02
9.900000e-07	-4.733674e-06	-9.327901e-10	-2.545420e+01	-2.535528e+02
1.000000e-06	-4.687855e-06	-9.268927e-10	-2.520782e+01	-2.521738e+02
1.010000e-06	-4.641770e-06	-9.213942e-10	-2.496001e+01	-2.507753e+02
1.020000e-06	-4.595323e-06	-9.158475e-10	-2.471025e+01	-2.493573e+02
1.030000e-06	-4.548470e-06	-9.093983e-10	-2.445831e+01	-2.479196e+02
1.040000e-06	-4.501208e-06	-9.022565e-10	-2.420417e+01	-2.464622e+02
1.050000e-06	-4.453672e-06	-8.977027e-10	-2.394856e+01	-2.449848e+02
1.060000e-06	-4.405984e-06	-8.947983e-10	-2.369213e+01	-2.434872e+02
1.070000e-06	-4.358028e-06	-8.910625e-10	-2.343426e+01	-2.419691e+02
1.080000e-06	-4.309833e-06	-8.854554e-10	-2.317510e+01	-2.404303e+02
1.090000e-06	-4.261175e-06	-8.779560e-10	-2.291345e+01	-2.388702e+02
1.100000e-06	-4.211960e-06	-8.707435e-10	-2.264881e+01	-2.372885e+02
1.110000e-06	-4.162337e-06	-8.645477e-10	-2.238197e+01	-2.356845e+02
1.120000e-06	-4.112247e-06	-8.579386e-10	-2.211263e+01	-2.340578e+02
1.130000e-06	-4.061685e-06	-8.510033e-10	-2.184075e+01	-2.324076e+02
1.140000e-06	-4.010752e-06	-8.442210e-10	-2.156686e+01	-2.307334e+02
1.150000e-06	-3.959527e-06	-8.388801e-10	-2.129141e+01	-2.290342e+02
1.160000e-06	-3.908060e-06	-8.348911e-10	-2.101466e+01	-2.273095e+02
1.170000e-06	-3.856416e-06	-8.288832e-10	-2.073696e+01	-2.255584e+02
1.180000e-06	-3.804456e-06	-8.213820e-10	-2.045756e+01	-2.237800e+02
1.190000e-06	-3.752155e-06	-8.141568e-10	-2.017632e+01	-2.219737e+02
1.200000e-06	-3.699498e-06	-8.073348e-10	-1.989317e+01	-2.201385e+02
1.210000e-06	-3.646493e-06	-8.008049e-10	-1.960815e+01	-2.182739e+02
1.220000e-06	-3.593175e-06	-7.935387e-10	-1.932144e+01	-2.163789e+02
1.230000e-06	-3.539586e-06	-7.850352e-10	-1.903328e+01	-2.144530e+02
1.240000e-06	-3.485902e-06	-7.764948e-10	-1.874460e+01	-2.124956e+02
1.250000e-06	-3.431980e-06	-7.697672e-10	-1.845465e+01	-2.105060e+02
1.260000e-06	-3.377818e-06	-7.643839e-10	-1.816341e+01	-2.084840e+02
1.270000e-06	-3.323500e-06	-7.561515e-10	-1.787133e+01	-2.064290e+02
1.280000e-06	-3.268850e-06	-7.462605e-10	-1.757746e+01	-2.043409e+02
1.290000e-06	-3.213913e-06	-7.382763e-10	-1.728205e+01	-2.022195e+02
1.300000e-06	-3.158763e-06	-7.317702e-10	-1.698549e+01	-2.000648e+02
1.310000e-06	-3.103419e-06	-7.237274e-10	-1.668790e+01	-1.978769e+02
1.320000e-06	-3.047982e-06	-7.143439e-10	-1.638980e+01	-1.956559e+02
1.330000e-06	-2.992430e-06	-7.058641e-10	-1.609108e+01	-1.934023e+02
1.340000e-06	-2.936786e-06	-6.971620e-10	-1.579187e+01	-1.911163e+02
1.350000e-06	-2.881110e-06	-6.882498e-10	-1.549248e+01	-1.887986e+02
1.360000e-06	-2.825362e-06	-6.796152e-10	-1.519271e+01	-1.864497e+02
1.370000e-06	-2.769306e-06	-6.712968e-10	-1.489128e+01	-1.840703e+02
1.380000e-06	-2.712916e-06	-6.639984e-10	-1.458806e+01	-1.816612e+02
1.390000e-06	-2.656185e-06	-6.561637e-10	-1.428300e+01	-1.792232e+02
1.400000e-06	-2.599117e-06	-6.469808e-10	-1.397613e+01	-1.767571e+02
1.410000e-06	-2.541952e-06	-6.367043e-10	-1.366874e+01	-1.742639e+02
1.420000e-06	-2.484592e-06	-6.260615e-10	-1.336030e+01	-1.717442e+02
1.430000e-06	-2.426882e-06	-6.167924e-10	-1.304998e+01	-1.691990e+02
1.440000e-06	-2.368772e-06	-6.083828e-10	-1.273751e+01	-1.666291e+02
1.450000e-06	-2.310236e-06	-5.990691e-10	-1.242274e+01	-1.640351e+02
1.460000e-06	-2.251388e-06	-5.880552e-10	-1.210630e+01	-1.614178e+02
1.470000e-06	-2.192352e-06	-5.771239e-10	-1.178885e+01	-1.587777e+02
1.480000e-06	-2.133228e-06	-5.668357e-10	-1.147092e+01	-1.561151e+02
1.490000e-06	-2.074049e-06	-5.561314e-10	-1.115271e+01	-1.534305e+02
1.500000e-06	-2.014720e-06	-5.454398e-10	-1.083368e+01	-1.507239e+02
1.510000e-06	-1.955273e-06	-5.344764e-10	-1.051401e+01	-1.479954e+02
1.520000e-06	-1.895825e-06	-5.237565e-10	-1.019435e+01	-1.452448e+02
1.530000e-06	-1.836324e-06	-5.147240e-10	-9.874393e+00	-1.424717e+02
1.540000e-06	-1.776704e-06	-5.051431e-10	-9.553803e+00	-1.396756e+02
1.550000e-06	-1.717000e-06	-4.932684e-10	-9.232758e+00	-1.368559e+02
1.560000e-06	-1.657235e-06	-4.806082e-10	-8.911385e+00	-1.340117e+02
1.570000e-06	-1.597454e-06	-4.690491e-10	-8.589928e+00	-1.311419e+02
1.580000e-06	-1.537630e-06	-4.591575e-10	-8.268237e+00	-1.282453e+02
1.590000e-06	-1.477661e-06	-4.489811e-10	-7.945768e+00	-1.253207e+02
1.600000e-06	-1.417591e-06	-4.377337e-10	-7.622756e+00	-1.223664e+02
1.610000e-06	-1.357388e-06	-4.264479e-10	-7.299031e+00	-1.193810e+02
1.620000e-06	-1.296953e-06	-4.152349e-10	-6.974057e+00	-1.163627e+02
1.630000e-06	-1.236466e-06	-4.041639e-10	-6.648804e+00	-1.133098e+02
1.640000e-06	-1.176004e-06	-3.923461e-10	-6.323679e+00	-1.102204e+02
1.650000e-06	-1.115401e-06	-3.796188e-10	-5.997804e+00	-1.070927e+02
1.660000e-06	-1.054762e-06	-3.678935e-10	-5.671733e+00	-1.039248e+02
1.670000e-06	-9.940494e-07	-3.577766e-10	-5.345263e+00	-1.007150e+02
1.680000e-06	-9.332393e-07	-3.475098e-10	-5.018272e+00	-9.746131e+01
1.690000e-06	-8.723510e-07	-3.351137e-10	-4.690860e+00	-9.416219e+01
1.700000e-06	-8.113422e-07	-3.221001e-10	-4.362799e+00	-9.081600e+01
1.710000e-06	-7.502364e-07	-3.104346e-10	-4.034218e+00	-8.742130e+01
1.720000e-06	-6.890826e-07	-2.987226e-10	-3.705377e+00	-8.397679e+01
1.730000e-06	-6.279631e-07	-2.867885e-10	-3.376722e+00	-8.048135e+01
1.740000e-06	-5.669036e-07	-2.748998e-10	-3.048389e+00	-7.693407e+01
1.750000e-06	-5.058055e-07	-2.615951e-10	-2.719849e+00	-7.333428e+01
1.760000e-06	-4.445006e-07	-2.475498e-10	-2.390196e+00	-6.968153e+01
1.770000e-06	-3.831094e-07	-2.344100e-10	-2.060080e+00	-6.597565e+01
1.780000e-06	-3.217431e-07	-2.215133e-10	-1.730097e+00	-6.221672e+01
1.790000e-06	-2.605117e-07	-2.074619e-10	-1.400839e+00	-5.840511e+01
1.800000e-06	-1.993091e-07	-1.924537e-10	-1.071737e+00	-5.454149e+01
1.810000e-06	-1.380529e-07	-1.780637e-10	-7.423464e-01	-5.062679e+01
1.820000e-06	-7.678274e-08	-1.643697e-10	-4.128809e-01	-4.666226e+01
1.830000e-06	-1.545682e-08	-1.494714e-10	-8.311537e-02	-4.264942e+01
1.840000e-06	4.589701e-08	-1.335183e-10	2.468002e-01	-3.859008e+01
1.850000e-06	1.072538e-07	-1.177774e-10	5.767318e-01	-3.448632e+01
1.860000e-06	1.685886e-07	-1.030649e-10	9.065452e-01	-3.034049e+01
1.870000e-06	2.297526e-07	-8.977120e-11	1.235440e+00	-2.615519e+01
1.880000e-06	2.908112e-07	-7.611777e-11	1.563768e+00	-2.193323e+01
1.890000e-06	3.520251e-07	-6.098416e-11	1.892931e+00	-1.767767e+01
1.900000e-06	4.132969e-07	-4.573036e-11	2.222406e+00	-1.339174e+01
1.910000e-06	4.744650e-07	-3.035694e-11	2.551322e+00	-9.078861e+00
1.920000e-06	5.355745e-07	-1.498871e-11	2.879924e+00	-4.742585e+00
1.930000e-06	5.967498e-07	-4.769990e-13	3.208879e+00	-3.866078e-01
1.940000e-06	6.577927e-07	1.411571e-11	3.537123e+00	3.985276e+00
1.950000e-06	7.186958e-07	2.959239e-11	3.864615e+00	8.369192e+00
1.960000e-06	7.796704e-07	4.530871e-11	4.192492e+00	1.276121e+01
1.970000e-06	8.406653e-07	6.088688e-11	4.520477e+00	1.715738e+01
1.980000e-06	9.014630e-07	7.598101e-11	4.847402e+00	2.155374e+01
1.990000e-06	9.620175e-07	9.074285e-11	5.173019e+00	2.594633e+01
2.000000e-06	1.022594e-06	1.061481e-10	5.498754e+00	3.033126e+01
2.010000e-06	1.083339e-06	1.214529e-10	5.825398e+00	3.470469e+01
2.020000e-06	1.143991e-06	1.363208e-10	6.151539e+00	3.906286e+01
2.030000e-06	1.204416e-06	1.517359e-10	6.476460e+00	4.340210e+01
2.040000e-06	1.264858e-06	1.674053e-10	6.801471e+00	4.771889e+01
2.050000e-06	1.325178e-06	1.828481e-10	7.125827e+00	5.200982e+01
2.060000e-06	1.385252e-06	1.982182e-10	7.448863e+00	5.627165e+01
2.070000e-06	1.445228e-06	2.131408e-10	7.771370e+00	6.050126e+01
2.080000e-06	1.505271e-06	2.275644e-10	8.094235e+00	6.469576e+01
2.090000e-06	1.565343e-06	2.413841e-10	8.417260e+00	6.885241e+01
2.100000e-06	1.625236e-06	2.552164e-10	8.739317e+00	7.296865e+01
2.110000e-06	1.684984e-06	2.696894e-10	9.060600e+00	7.704215e+01
2.120000e-06	1.744640e-06	2.840756e-10	9.381384e+00	8.107075e+01
2.130000e-06	1.804159e-06	2.984988e-10	9.701434e+00	8.505250e+01
2.140000e-06	1.863593e-06	3.127383e-10	1.002103e+01	8.898567e+01
2.150000e-06	1.923056e-06	3.262439e-10	1.034077e+01	9.286871e+01
2.160000e-06	1.982508e-06	3.395537e-10	1.066046e+01	9.670029e+01
2.170000e-06	2.041850e-06	3.528047e-10	1.097956e+01	1.004793e+02
2.180000e-06	2.101121e-06	3.658691e-10	1.129828e+01	1.042047e+02
2.190000e-06	2.160247e-06	3.795909e-10	1.161621e+01	1.078759e+02
2.200000e-06	2.219209e-06	3.939857e-10	1.193327e+01	1.114923e+02
2.210000e-06	2.277894e-06	4.081586e-10	1.224883e+01	1.150534e+02
2.220000e-06	2.336119e-06	4.220212e-10	1.256192e+01	1.185592e+02
2.230000e-06	2.393976e-06	4.342762e-10	1.287304e+01	1.220095e+02
2.240000e-06	2.451628e-06	4.456941e-10	1.318304e+01	1.254045e+02
2.250000e-06	2.509044e-06	4.579368e-10	1.349179e+01	1.287444e+02
2.260000e-06	2.566155e-06	4.698603e-10	1.379889e+01	1.320298e+02
2.270000e-06	2.622919e-06	4.815332e-10	1.410412e+01	1.352611e+02
2.280000e-06	2.679444e-06	4.937111e-10	1.440807e+01	1.384390e+02
2.290000e-06	2.735801e-06	5.057292e-10	1.471112e+01	1.415643e+02
2.300000e-06	2.791809e-06	5.167127e-10	1.501229e+01	1.446379e+02
2.310000e-06	2.847578e-06	5.281387e-10	1.531217e+01	1.476608e+02
2.320000e-06	2.903308e-06	5.403108e-10	1.561184e+01	1.506341e+02
2.330000e-06	2.958923e-06	5.532119e-10	1.591090e+01	1.535589e+02
2.340000e-06	3.014383e-06	5.652210e-10	1.620913e+01	1.564364e+02
2.350000e-06	3.069718e-06	5.748707e-10	1.650668e+01	1.592678e+02
2.360000e-06	3.124926e-06	5.833269e-10	1.680354e+01	1.620546e+02
2.370000e-06	3.179940e-06	5.911422e-10	1.709937e+01	1.647979e+02
2.380000e-06	3.234767e-06	5.988278e-10	1.739419e+01	1.674992e+02
2.390000e-06	3.289400e-06	6.084220e-10	1.768797e+01	1.701599e+02
2.400000e-06	3.343768e-06	6.214142e-10	1.798032e+01	1.727813e+02
2.410000e-06	3.397875e-06	6.343305e-10	1.827126e+01	1.753648e+02
2.420000e-06	3.451700e-06	6.454366e-10	1.856069e+01	1.779117e+02
2.430000e-06	3.505352e-06	6.545589e-10	1.884920e+01	1.804233e+02
2.440000e-06	3.558812e-06	6.619461e-10	1.913666e+01	1.829010e+02
2.450000e-06	3.611947e-06	6.699836e-10	1.942238e+01	1.853460e+02
2.460000e-06	3.664913e-06	6.789419e-10	1.970720e+01	1.877595e+02
2.470000e-06	3.717740e-06	6.886170e-10	1.999126e+01	1.901426e+02
2.480000e-06	3.770209e-06	6.981764e-10	2.027340e+01	1.924963e+02
2.490000e-06	3.822303e-06	7.069978e-10	2.055352e+01	1.948218e+02
2.500000e-06	3.874083e-06	7.155475e-10	2.083195e+01	1.971199e+02
2.510000e-06	3.925582e-06	7.234393e-10	2.110888e+01	1.993915e+02
2.520000e-06	3.976746e-06	7.308983e-10	2.138400e+01	2.016374e+02
2.530000e-06	4.027376e-06	7.385089e-10	2.165625e+01	2.038581e+02
2.540000e-06	4.077630e-06	7.465996e-10	2.192648e+01	2.060544e+02
2.550000e-06	4.127545e-06	7.548398e-10	2.219489e+01	2.082266e+02
2.560000e-06	4.176946e-06	7.627009e-10	2.246053e+01	2.103753e+02
2.570000e-06	4.225910e-06	7.689006e-10	2.272383e+01	2.125006e+02
2.580000e-06	4.274381e-06	7.747008e-10	2.298446e+01	2.146030e+02
2.590000e-06	4.322475e-06	7.820774e-10	2.324308e+01	2.166824e+02
2.600000e-06	4.370386e-06	7.906356e-10	2.350071e+01	2.187390e+02
2.610000e-06	4.418054e-06	7.995662e-10	2.375703e+01	2.207727e+02
2.620000e-06	4.465467e-06	8.078838e-10	2.401198e+01	2.227834e+02
2.630000e-06	4.512604e-06	8.145849e-10	2.426545e+01	2.247710e+02
2.640000e-06	4.559353e-06	8.203560e-10	2.451684e+01	2.267352e+02
2.650000e-06	4.605827e-06	8.270511e-10	2.476674e+01	2.286758e+02
2.660000e-06	4.652029e-06	8.344475e-10	2.501518e+01	2.305923e+02
2.670000e-06	4.697817e-06	8.410944e-10	2.526139e+01	2.324846e+02
2.680000e-06	4.743266e-06	8.475014e-10	2.550578e+01	2.343520e+02
2.690000e-06	4.788405e-06	8.548726e-10	2.574851e+01	2.361942e+02
2.700000e-06	4.833225e-06	8.617896e-10	2.598952e+01	2.380108e+02
2.710000e-06	4.877659e-06	8.677181e-10	2.622845e+01	2.398012e+02
2.720000e-06	4.921769e-06	8.740755e-10	2.646564e+01	2.415651e+02
2.730000e-06	4.965687e-06	8.809872e-10	2.670180e+01	2.433020e+02
2.740000e-06	5.009361e-06	8.882285e-10	2.693665e+01	2.450115e+02
2.750000e-06	5.052831e-06	8.954525e-10	2.717039e+01	2.466932e+02
2.760000e-06	5.095934e-06	9.019166e-10	2.740217e+01	2.483467e+02
2.770000e-06	5.138631e-06	9.070959e-10	2.763176e+01	2.499717e+02
2.780000e-06	5.180892e-06	9.128926e-10	2.785901e+01	2.515679e+02
2.790000e-06	5.222575e-06	9.200567e-10	2.808315e+01	2.531352e+02
2.800000e-06	5.263673e-06	9.272905e-10	2.830414e+01	2.546734e+02
2.810000e-06	5.304308e-06	9.341041e-10	2.852265e+01	2.561825e+02
2.820000e-06	5.344510e-06	9.407784e-10	2.873883e+01	2.576623e+02
2.830000e-06	5.384246e-06	9.484130e-10	2.895250e+01	2.591130e+02
2.840000e-06	5.423812e-06	9.560352e-10	2.916525e+01	2.605348e+02
2.850000e-06	5.463201e-06	9.619827e-10	2.937706e+01	2.619278e+02
2.860000e-06	5.502101e-06	9.650870e-10	2.958624e+01	2.632923e+02
2.870000e-06	5.540564e-06	9.670935e-10	2.979306e+01	2.646288e+02
2.880000e-06	5.578718e-06	9.722642e-10	2.999822e+01	2.659375e+02
2.890000e-06	5.616449e-06	9.804989e-10	3.020112e+01	2.672191e+02
2.900000e-06	5.653780e-06	9.883799e-10	3.040185e+01	2.684742e+02
2.910000e-06	5.690710e-06	9.945392e-10	3.060043e+01	2.697032e+02
2.920000e-06	5.727139e-06	1.000013e-09	3.079633e+01	2.709070e+02
2.930000e-06	5.763196e-06	1.005472e-09	3.099021e+01	2.720863e+02
2.940000e-06	5.799002e-06	1.010329e-09	3.118275e+01	2.732419e+02
2.950000e-06	5.834542e-06	1.013503e-09	3.137386e+01	2.743745e+02
2.960000e-06	5.869893e-06	1.015929e-09	3.156395e+01	2.754850e+02
2.970000e-06	5.904904e-06	1.020428e-09	3.175221e+01	2.765743e+02
2.980000e-06	5.939303e-06	1.026825e-09	3.193718e+01	2.776433e+02
2.990000e-06	5.973005e-06	1.033099e-09	3.211841e+01	2.786927e+02
3.000000e-06	6.006051e-06	1.038726e-09	3.229611e+01	2.797235e+02
3.010000e-06	6.038485e-06	1.042825e-09	3.247052e+01	2.807365e+02
3.020000e-06	6.070426e-06	1.045931e-09	3.264227e+01	2.817325e+02
3.030000e-06	6.102065e-06	1.051542e-09	3.281240e+01	2.827123e+02
3.040000e-06	6.133423e-06	1.058120e-09	3.298102e+01	2.836766e+02
3.050000e-06	6.164429e-06	1.062639e-09	3.314775e+01	2.846262e+02
3.060000e-06	6.194925e-06	1.068035e-09	3.331173e+01	2.855616e+02
3.070000e-06	6.224938e-06	1.074052e-09	3.347312e+01	2.864835e+02
3.080000e-06	6.254601e-06	1.077826e-09	3.363263e+01	2.873924e+02
3.090000e-06	6.283853e-06	1.081615e-09	3.378992e+01	2.882887e+02
3.100000e-06	6.312624e-06	1.087864e-09	3.394463e+01	2.891727e+02
3.110000e-06	6.340993e-06	1.093488e-09	3.409718e+01	2.900449e+02
3.120000e-06	6.368972e-06	1.096013e-09	3.424763e+01	2.909053e+02
3.130000e-06	6.396579e-06	1.098634e-09	3.439608e+01	2.917542e+02
3.140000e-06	6.423946e-06	1.101713e-09	3.454324e+01	2.925917e+02
3.150000e-06	6.451043e-06	1.103996e-09	3.468895e+01	2.934177e+02
3.160000e-06	6.477579e-06	1.107594e-09	3.483164e+01	2.942321e+02
3.170000e-06	6.503329e-06	1.112306e-09	3.497010e+01	2.950349e+02
3.180000e-06	6.528304e-06	1.116535e-09	3.510440e+01	2.958258e+02
3.190000e-06	6.552590e-06	1.120360e-09	3.523499e+01	2.966047e+02
3.200000e-06	6.576452e-06	1.123645e-09	3.536330e+01	2.973711e+02
3.210000e-06	6.599950e-06	1.126680e-09	3.548966e+01	2.981248e+02
3.220000e-06	6.622998e-06	1.130015e-09	3.561359e+01	2.988654e+02
3.230000e-06	6.645640e-06	1.133737e-09	3.573534e+01	2.995925e+02
3.240000e-06	6.667854e-06	1.136721e-09	3.585479e+01	3.003057e+02
3.250000e-06	6.689565e-06	1.138901e-09	3.597154e+01	3.010044e+02
3.260000e-06	6.710725e-06	1.140662e-09	3.608532e+01	3.016884e+02
3.270000e-06	6.731493e-06	1.143406e-09	3.619700e+01	3.023570e+02
3.280000e-06	6.751903e-06	1.147979e-09	3.630675e+01	3.030099e+02
3.290000e-06	6.771799e-06	1.152562e-09	3.641374e+01	3.036467e+02
3.300000e-06	6.791325e-06	1.157104e-09	3.651873e+01	3.042670e+02
3.310000e-06	6.810702e-06	1.160030e-09	3.662292e+01	3.048703e+02
3.320000e-06	6.829668e-06	1.160649e-09	3.672491e+01	3.054563e+02
3.330000e-06	6.847972e-06	1.160772e-09	3.682334e+01	3.060247e+02
3.340000e-06	6.865644e-06	1.161625e-09	3.691836e+01	3.065752e+02
3.350000e-06	6.882831e-06	1.164959e-09	3.701078e+01	3.071076e+02
3.360000e-06	6.899595e-06	1.169918e-09	3.710093e+01	3.076216e+02
3.370000e-06	6.915833e-06	1.173259e-09	3.718824e+01	3.081171e+02
3.380000e-06	6.931503e-06	1.176104e-09	3.727250e+01	3.085940e+02
3.390000e-06	6.946734e-06	1.179739e-09	3.735441e+01	3.090522e+02
3.400000e-06	6.961531e-06	1.182897e-09	3.743398e+01	3.094916e+02
3.410000e-06	6.975712e-06	1.185536e-09	3.751023e+01	3.099122e+02
3.420000e-06	6.989310e-06	1.187182e-09	3.758335e+01	3.103140e+02
3.430000e-06	7.002361e-06	1.188711e-09	3.765353e+01	3.106971e+02
3.440000e-06	7.014886e-06	1.191071e-09	3.772087e+01	3.110616e+02
3.450000e-06	7.026940e-06	1.194051e-09	3.778569e+01	3.114074e+02
3.460000e-06	7.038448e-06	1.197996e-09	3.784758e+01	3.117348e+02
3.470000e-06	7.049431e-06	1.201677e-09	3.790663e+01	3.120439e+02
3.480000e-06	7.059784e-06	1.203974e-09	3.796231e+01	3.123347e+02
3.490000e-06	7.069303e-06	1.206013e-09	3.801349e+01	3.126073e+02
3.500000e-06	7.077990e-06	1.209071e-09	3.806020e+01	3.128620e+02
3.510000e-06	7.086010e-06	1.213104e-09	3.810333e+01	3.130988e+02
3.520000e-06	7.093563e-06	1.216389e-09	3.814394e+01	3.133179e+02
3.530000e-06	7.100835e-06	1.218256e-09	3.818305e+01	3.135193e+02
3.540000e-06	7.107899e-06	1.219713e-09	3.822103e+01	3.137032e+02
3.550000e-06	7.114449e-06	1.221960e-09	3.825625e+01	3.138696e+02
3.560000e-06	7.120398e-06	1.224659e-09	3.828824e+01	3.140186e+02
3.570000e-06	7.125907e-06	1.227272e-09	3.831787e+01	3.141502e+02
3.580000e-06	7.130863e-06	1.230119e-09	3.834451e+01	3.142647e+02
3.590000e-06	7.135231e-06	1.232041e-09	3.836800e+01	3.143619e+02
3.600000e-06	7.139172e-06	1.233620e-09	3.838920e+01	3.144420e+02
3.610000e-06	7.142732e-06	1.236022e-09	3.840834e+01	3.145050e+02
3.620000e-06	7.145977e-06	1.237217e-09	3.842579e+01	3.145510e+02
3.630000e-06	7.148761e-06	1.237604e-09	3.844076e+01	3.145800e+02
3.640000e-06	7.150830e-06	1.238470e-09	3.845188e+01	3.145922e+02
3.650000e-06	7.152036e-06	1.239521e-09	3.845837e+01	3.145876e+02
3.660000e-06	7.152339e-06	1.239915e-09	3.846000e+01	3.145664e+02
3.670000e-06	7.152156e-06	1.240059e-09	3.845901e+01	3.145288e+02
3.680000e-06	7.151766e-06	1.240910e-09	3.845691e+01	3.144749e+02
3.690000e-06	7.151078e-06	1.240729e-09	3.845321e+01	3.144049e+02
3.700000e-06	7.149946e-06	1.240696e-09	3.844713e+01	3.143192e+02
3.710000e-06	7.148370e-06	1.241838e-09	3.843866e+01	3.142180e+02
3.720000e-06	7.146315e-06	1.242298e-09	3.842761e+01	3.141018e+02
3.730000e-06	7.143787e-06	1.243702e-09	3.841401e+01	3.139709e+02
3.740000e-06	7.140795e-06	1.247720e-09	3.839792e+01	3.138257e+02
3.750000e-06	7.137154e-06	1.242104e-09	3.837835e+01	3.136668e+02
3.760000e-06	7.132954e-06	1.214589e-09	3.835576e+01	3.134947e+02
3.770000e-06	7.128193e-06	1.228787e-09	3.833016e+01	3.133100e+02
3.780000e-06	7.122845e-06	1.319391e-09	3.830140e+01	3.131132e+02
3.790000e-06	7.116987e-06	1.281707e-09	3.826990e+01	3.129051e+02
3.800000e-06	7.110641e-06	1.137767e-09	3.823578e+01	3.126863e+02
3.810000e-06	7.104013e-06	1.183519e-09	3.820013e+01	3.124575e+02
3.820000e-06	7.096860e-06	1.350370e-09	3.816167e+01	3.122193e+02
3.830000e-06	7.088905e-06	1.303174e-09	3.811890e+01	3.119725e+02
3.840000e-06	7.080500e-06	1.102923e-09	3.807370e+01	3.117177e+02
3.850000e-06	7.071767e-06	1.169433e-09	3.802674e+01	3.114557e+02
3.860000e-06	7.062444e-06	1.415198e-09	3.797661e+01	3.111870e+02
3.870000e-06	7.052443e-06	1.319871e-09	3.792283e+01	3.109122e+02
3.880000e-06	7.042096e-06	1.034687e-09	3.786719e+01	3.106319e+02
3.890000e-06	7.031374e-06	1.158186e-09	3.780954e+01	3.103466e+02
3.900000e-06	7.020185e-06	1.450857e-09	3.774937e+01	3.100568e+02
3.910000e-06	7.008387e-06	1.291796e-09	3.768593e+01	3.097627e+02
3.920000e-06	6.995945e-06	1.025885e-09	3.761902e+01	3.094647e+02
3.930000e-06	6.982947e-06	1.238953e-09	3.754913e+01	3.091630e+02
3.940000e-06	6.969149e-06	1.441847e-09	3.747494e+01	3.088576e+02
3.950000e-06	6.954635e-06	1.168637e-09	3.739689e+01	3.085487e+02
3.960000e-06	6.939564e-06	1.042292e-09	3.731585e+01	3.082362e+02
3.970000e-06	6.923909e-06	1.344660e-09	3.723167e+01	3.079198e+02
3.980000e-06	6.907733e-06	1.366410e-09	3.714469e+01	3.075994e+02
3.990000e-06	6.891215e-06	1.074414e-09	3.705587e+01	3.072746e+02
4.000000e-06	6.874328e-06	1.182484e-09	3.696506e+01	3.069449e+02
4.010000e-06	6.856893e-06	1.417312e-09	3.687131e+01	3.066100e+02
4.020000e-06	6.838872e-06	1.191358e-09	3.677441e+01	3.062691e+02
4.030000e-06	6.820439e-06	1.053225e-09	3.667528e+01	3.059218e+02
4.040000e-06	6.801631e-06	1.345257e-09	3.657415e+01	3.055672e+02
4.050000e-06	6.782274e-06	1.357670e-09	3.647006e+01	3.052047e+02
4.060000e-06	6.762443e-06	1.070417e-09	3.636342e+01	3.048335e+02
4.070000e-06	6.742357e-06	1.186395e-09	3.625542e+01	3.044527e+02
4.080000e-06	6.721982e-06	1.391581e-09	3.614586e+01	3.040617e+02
4.090000e-06	6.701219e-06	1.179798e-09	3.603421e+01	3.036596e+02
4.100000e-06	6.679803e-06	1.101608e-09	3.591905e+01	3.032455e+02
4.110000e-06	6.657480e-06	1.330489e-09	3.579901e+01	3.028188e+02
4.120000e-06	6.634288e-06	1.271550e-09	3.567430e+01	3.023787e+02
4.130000e-06	6.610516e-06	1.104452e-09	3.554648e+01	3.019244e+02
4.140000e-06	6.586400e-06	1.256495e-09	3.541679e+01	3.014554e+02
4.150000e-06	6.561966e-06	1.308797e-09	3.528541e+01	3.009711e+02
4.160000e-06	6.537121e-06	1.133588e-09	3.515181e+01	3.004709e+02
4.170000e-06	6.511883e-06	1.189575e-09	3.501610e+01	2.999544e+02
4.180000e-06	6.486214e-06	1.306344e-09	3.487807e+01	2.994211e+02
4.190000e-06	6.460076e-06	1.188110e-09	3.473752e+01	2.988708e+02
4.200000e-06	6.433498e-06	1.163127e-09	3.459460e+01	2.983033e+02
4.210000e-06	6.406352e-06	1.269363e-09	3.444863e+01	2.977183e+02
4.220000e-06	6.378626e-06	1.213365e-09	3.429954e+01	2.971158e+02
4.230000e-06	6.350516e-06	1.161247e-09	3.414839e+01	2.964957e+02
4.240000e-06	6.322171e-06	1.236713e-09	3.399596e+01	2.958581e+02
4.250000e-06	6.293572e-06	1.222413e-09	3.384218e+01	2.952030e+02
4.260000e-06	6.264593e-06	1.169865e-09	3.368635e+01	2.945307e+02
4.270000e-06	6.234820e-06	1.211697e-09	3.352626e+01	2.938412e+02
4.280000e-06	6.204216e-06	1.218058e-09	3.336169e+01	2.931349e+02
4.290000e-06	6.172997e-06	1.180943e-09	3.319382e+01	2.924118e+02
4.300000e-06	6.141271e-06	1.194196e-09	3.302322e+01	2.916723e+02
4.310000e-06	6.109207e-06	1.197705e-09	3.285081e+01	2.909167e+02
4.320000e-06	6.076918e-06	1.180499e-09	3.267718e+01	2.901451e+02
4.330000e-06	6.044211e-06	1.189107e-09	3.250130e+01	2.893578e+02
4.340000e-06	6.011031e-06	1.185053e-09	3.232289e+01	2.885550e+02
4.350000e-06	5.977473e-06	1.173430e-09	3.214244e+01	2.877370e+02
4.360000e-06	5.943443e-06	1.182473e-09	3.195945e+01	2.869038e+02
4.370000e-06	5.909033e-06	1.176494e-09	3.177442e+01	2.860556e+02
4.380000e-06	5.874402e-06	1.168046e-09	3.158820e+01	2.851925e+02
4.390000e-06	5.839381e-06	1.177023e-09	3.139988e+01	2.843145e+02
4.400000e-06	5.803817e-06	1.166864e-09	3.120864e+01	2.834215e+02
4.410000e-06	5.767880e-06	1.153659e-09	3.101540e+01	2.825136e+02
4.420000e-06	5.731727e-06	1.164751e-09	3.082100e+01	2.815906e+02
4.430000e-06	5.695358e-06	1.162354e-09	3.062543e+01	2.806524e+02
4.440000e-06	5.658581e-06	1.146621e-09	3.042767e+01	2.796987e+02
4.450000e-06	5.621313e-06	1.148018e-09	3.022727e+01	2.787294e+02
4.460000e-06	5.583663e-06	1.150538e-09	3.002481e+01	2.777443e+02
4.470000e-06	5.545152e-06	1.142100e-09	2.981773e+01	2.767430e+02
4.480000e-06	5.505765e-06	1.136825e-09	2.960594e+01	2.757252e+02
4.490000e-06	5.466040e-06	1.134869e-09	2.939233e+01	2.746906e+02
4.500000e-06	5.425994e-06	1.130012e-09	2.917699e+01	2.736390e+02
4.510000e-06	5.385661e-06	1.125281e-09	2.896011e+01	2.725700e+02
4.520000e-06	5.345037e-06	1.123876e-09	2.874166e+01	2.714833e+02
4.530000e-06	5.304166e-06	1.121599e-09	2.852189e+01	2.703786e+02
4.540000e-06	5.263036e-06	1.114791e-09	2.830072e+01	2.692557e+02
4.550000e-06	5.221434e-06	1.108828e-09	2.807702e+01	2.681143e+02
4.560000e-06	5.179314e-06	1.107523e-09	2.785052e+01	2.669542e+02
4.570000e-06	5.136948e-06	1.104302e-09	2.762271e+01	2.657752e+02
4.580000e-06	5.094385e-06	1.096477e-09	2.739384e+01	2.645772e+02
4.590000e-06	5.051324e-06	1.089203e-09	2.716229e+01	2.633599e+02
4.600000e-06	5.007773e-06	1.085998e-09	2.692810e+01	2.621234e+02
4.610000e-06	4.963872e-06	1.084494e-09	2.669204e+01	2.608676e+02
4.620000e-06	4.919733e-06	1.080957e-09	2.645469e+01	2.595923e+02
4.630000e-06	4.875422e-06	1.077159e-09	2.621642e+01	2.582976e+02
4.640000e-06	4.830836e-06	1.074009e-09	2.597667e+01	2.569834e+02
4.650000e-06	4.785956e-06	1.069704e-09	2.573534e+01	2.556498e+02
4.660000e-06	4.740922e-06	1.063434e-09	2.549318e+01	2.542968e+02
4.670000e-06	4.695536e-06	1.055477e-09	2.524912e+01	2.529243e+02
4.680000e-06	4.649654e-06	1.046977e-09	2.500241e+01	2.515323e+02
4.690000e-06	4.603369e-06	1.041449e-09	2.475352e+01	2.501207e+02
4.700000e-06	4.556671e-06	1.039126e-09	2.450241e+01	2.486896e+02
4.710000e-06	4.509698e-06	1.036739e-09	2.424982e+01	2.472387e+02
4.720000e-06	4.462489e-06	1.031892e-09	2.399597e+01	2.457679e+02
4.730000e-06	4.415015e-06	1.023652e-09	2.374069e+01	2.442770e+02
4.740000e-06	4.367434e-06	1.013664e-09	2.348483e+01	2.427658e+02
4.750000e-06	4.319520e-06	1.007608e-09	2.322719e+01	2.412339e+02
4.760000e-06	4.270992e-06	1.003530e-09	2.296624e+01	2.396809e+02
4.770000e-06	4.221944e-06	9.955199e-10	2.270250e+01	2.381064e+02
4.780000e-06	4.172462e-06	9.878115e-10	2.243642e+01	2.365099e+02
4.790000e-06	4.122598e-06	9.844141e-10	2.216829e+01	2.348907e+02
4.800000e-06	4.072560e-06	9.814621e-10	2.189922e+01	2.332484e+02
4.810000e-06	4.022449e-06	9.764032e-10	2.162976e+01	2.315822e+02
4.820000e-06	3.972076e-06	9.699882e-10	2.135889e+01	2.298914e+02
4.830000e-06	3.921346e-06	9.626847e-10	2.108610e+01	2.281753e+02
4.840000e-06	3.870288e-06	9.549855e-10	2.081155e+01	2.264330e+02
4.850000e-06	3.818845e-06	9.477581e-10	2.053493e+01	2.246637e+02
4.860000e-06	3.767011e-06	9.398714e-10	2.025621e+01	2.228668e+02
4.870000e-06	3.714896e-06	9.315152e-10	1.997597e+01	2.210413e+02
4.880000e-06	3.662644e-06	9.244946e-10	1.969499e+01	2.191865e+02
4.890000e-06	3.610140e-06	9.183823e-10	1.941267e+01	2.173017e+02
4.900000e-06	3.557325e-06	9.125496e-10	1.912867e+01	2.153861e+02
4.910000e-06	3.504260e-06	9.065219e-10	1.884332e+01	2.134392e+02
4.920000e-06	3.450824e-06	8.984700e-10	1.855598e+01	2.114604e+02
4.930000e-06	3.397028e-06	8.880891e-10	1.826671e+01	2.094492e+02
4.940000e-06	3.342935e-06	8.788192e-10	1.797584e+01	2.074052e+02
4.950000e-06	3.288336e-06	8.709544e-10	1.768224e+01	2.053281e+02
4.960000e-06	3.233126e-06	8.622801e-10	1.738537e+01	2.032178e+02
4.970000e-06	3.177689e-06	8.533077e-10	1.708727e+01	2.010741e+02
4.980000e-06	3.122055e-06	8.456160e-10	1.678810e+01	1.988972e+02
4.990000e-06	3.066130e-06	8.388379e-10	1.648738e+01	1.966872e+02
5.000000e-06	3.010010e-06	8.308675e-10	1.618561e+01	1.944444e+02
5.010000e-06	2.953779e-06	8.205408e-10	1.588324e+01	1.921691e+02
5.020000e-06	2.897438e-06	8.092068e-10	1.558028e+01	1.898618e+02
5.030000e-06	2.840963e-06	7.987689e-10	1.527660e+01	1.875232e+02
5.040000e-06	2.784387e-06	7.907205e-10	1.497238e+01	1.851539e+02
5.050000e-06	2.727574e-06	7.830161e-10	1.466688e+01	1.827546e+02
5.060000e-06	2.670567e-06	7.732790e-10	1.436034e+01	1.803261e+02
5.070000e-06	2.613443e-06	7.619961e-10	1.405316e+01	1.778692e+02
5.080000e-06	2.556121e-06	7.505143e-10	1.374493e+01	1.753849e+02
5.090000e-06	2.498666e-06	7.395574e-10	1.343598e+01	1.728739e+02
5.100000e-06	2.441119e-06	7.285028e-10	1.312653e+01	1.703370e+02
5.110000e-06	2.383356e-06	7.176596e-10	1.281593e+01	1.677752e+02
5.120000e-06	2.325358e-06	7.074827e-10	1.250406e+01	1.651892e+02
5.130000e-06	2.267183e-06	6.968708e-10	1.219123e+01	1.625795e+02
5.140000e-06	2.208830e-06	6.863862e-10	1.187745e+01	1.599469e+02
5.150000e-06	2.150329e-06	6.755475e-10	1.156288e+01	1.572917e+02
5.160000e-06	2.091663e-06	6.620548e-10	1.124742e+01	1.546144e+02
5.170000e-06	2.032798e-06	6.479074e-10	1.093089e+01	1.519151e+02
5.180000e-06	1.973695e-06	6.362381e-10	1.061307e+01	1.491939e+02
5.190000e-06	1.914448e-06	6.260912e-10	1.029449e+01	1.464506e+02
5.200000e-06	1.855072e-06	6.158893e-10	9.975205e+00	1.436850e+02
5.210000e-06	1.795585e-06	6.051191e-10	9.655329e+00	1.408966e+02
5.220000e-06	1.735930e-06	5.924505e-10	9.334549e+00	1.380849e+02
5.230000e-06	1.676075e-06	5.803032e-10	9.012694e+00	1.352489e+02
5.240000e-06	1.616145e-06	5.681653e-10	8.690435e+00	1.323877e+02
5.250000e-06	1.556175e-06	5.527486e-10	8.367958e+00	1.295001e+02
5.260000e-06	1.496192e-06	5.383246e-10	8.045416e+00	1.265849e+02
5.270000e-06	1.436107e-06	5.279269e-10	7.722321e+00	1.236407e+02
5.280000e-06	1.375917e-06	5.180957e-10	7.398667e+00	1.206658e+02
5.290000e-06	1.315679e-06	5.062457e-10	7.074752e+00	1.176586e+02
5.300000e-06	1.255401e-06	4.923635e-10	6.750622e+00	1.146174e+02
5.310000e-06	1.195074e-06	4.777999e-10	6.426225e+00	1.115404e+02
5.320000e-06	1.134718e-06	4.630544e-10	6.101674e+00	1.084256e+02
5.330000e-06	1.074401e-06	4.497066e-10	5.777333e+00	1.052713e+02
5.340000e-06	1.014018e-06	4.385723e-10	5.452641e+00	1.020755e+02
5.350000e-06	9.535673e-07	4.265733e-10	5.127581e+00	9.883664e+01
5.360000e-06	8.930729e-07	4.122213e-10	4.802287e+00	9.555282e+01
5.370000e-06	8.325088e-07	3.978576e-10	4.476618e+00	9.222245e+01
5.380000e-06	7.719801e-07	3.839083e-10	4.151139e+00	8.884403e+01
5.390000e-06	7.114341e-07	3.693168e-10	3.825567e+00	8.541621e+01
5.400000e-06	6.508584e-07	3.539435e-10	3.499836e+00	8.193781e+01
5.410000e-06	5.902422e-07	3.386491e-10	3.173887e+00	7.840786e+01
5.420000e-06	5.294692e-07	3.239469e-10	2.847094e+00	7.482560e+01
5.430000e-06	4.686143e-07	3.087608e-10	2.519862e+00	7.119049e+01
5.440000e-06	4.076600e-07	2.936110e-10	2.192095e+00	6.750228e+01
5.450000e-06	3.466890e-07	2.776064e-10	1.864237e+00	6.376097e+01
5.460000e-06	2.858268e-07	2.611779e-10	1.536965e+00	5.996682e+01
5.470000e-06	2.249820e-07	2.453186e-10	1.209787e+00	5.612040e+01
5.480000e-06	1.640496e-07	2.301270e-10	8.821374e-01	5.222256e+01
5.490000e-06	1.030665e-07	2.153466e-10	5.542153e-01	4.827444e+01
5.500000e-06	4.219012e-08	1.991157e-10	2.268673e-01	4.427748e+01
5.510000e-06	-1.876951e-08	1.804714e-10	-1.009286e-01	4.023338e+01
5.520000e-06	-7.986274e-08	1.615723e-10	-4.294428e-01	3.614414e+01
5.530000e-06	-1.408431e-07	1.446505e-10	-7.573500e-01	3.201201e+01
5.540000e-06	-2.017470e-07	1.274716e-10	-1.084846e+00	2.783952e+01
5.550000e-06	-2.625524e-07	1.096618e-10	-1.411813e+00	2.362942e+01
5.560000e-06	-3.233007e-07	9.248417e-11	-1.738472e+00	1.938467e+01
5.570000e-06	-3.841124e-07	7.462183e-11	-2.065473e+00	1.510845e+01
5.580000e-06	-4.449223e-07	5.571184e-11	-2.392464e+00	1.080412e+01
5.590000e-06	-5.057505e-07	3.576682e-11	-2.719553e+00	6.475196e+00
5.600000e-06	-5.665003e-07	1.633815e-11	-3.046220e+00	2.125327e+00
5.610000e-06	-6.271714e-07	-1.641017e-12	-3.372465e+00	-2.241723e+00
5.620000e-06	-6.878906e-07	-1.966658e-11	-3.698967e+00	-6.622104e+00
5.630000e-06	-7.485416e-07	-3.805299e-11	-4.025104e+00	-1.101190e+01
5.640000e-06	-8.090615e-07	-5.796641e-11	-4.350535e+00	-1.540717e+01
5.650000e-06	-8.694917e-07	-7.933346e-11	-4.675484e+00	-1.980394e+01
5.660000e-06	-9.298597e-07	-9.987711e-11	-5.000099e+00	-2.419827e+01
5.670000e-06	-9.901995e-07	-1.185350e-10	-5.324561e+00	-2.858623e+01
5.680000e-06	-1.050544e-06	-1.358315e-10	-5.649048e+00	-3.296396e+01
5.690000e-06	-1.110867e-06	-1.531398e-10	-5.973424e+00	-3.732766e+01
5.700000e-06	-1.171203e-06	-1.716850e-10	-6.297865e+00	-4.167366e+01
5.710000e-06	-1.231484e-06	-1.909183e-10	-6.622011e+00	-4.599836e+01
5.720000e-06	-1.291641e-06	-2.095668e-10	-6.945489e+00	-5.029832e+01
5.730000e-06	-1.351752e-06	-2.279309e-10	-7.268721e+00	-5.457024e+01
5.740000e-06	-1.411822e-06	-2.455943e-10	-7.591737e+00	-5.881096e+01
5.750000e-06	-1.471896e-06	-2.629013e-10	-7.914769e+00	-6.301752e+01
5.760000e-06	-1.531897e-06	-2.820821e-10	-8.237411e+00	-6.718712e+01
5.770000e-06	-1.591663e-06	-3.013337e-10	-8.558789e+00	-7.131715e+01
5.780000e-06	-1.651325e-06	-3.191263e-10	-8.879608e+00	-7.540518e+01
5.790000e-06	-1.710997e-06	-3.370101e-10	-9.200477e+00	-7.944901e+01
5.800000e-06	-1.770536e-06	-3.557216e-10	-9.520637e+00	-8.344663e+01
5.810000e-06	-1.830019e-06	-3.736457e-10	-9.840492e+00	-8.739621e+01
5.820000e-06	-1.889327e-06	-3.893276e-10	-1.015941e+01	-9.129616e+01
5.830000e-06	-1.948280e-06	-4.055616e-10	-1.047641e+01	-9.514507e+01
5.840000e-06	-2.007133e-06	-4.248160e-10	-1.079288e+01	-9.894175e+01
5.850000e-06	-2.065951e-06	-4.432852e-10	-1.110916e+01	-1.026852e+02
5.860000e-06	-2.124498e-06	-4.576339e-10	-1.142398e+01	-1.063746e+02
5.870000e-06	-2.182796e-06	-4.706392e-10	-1.173746e+01	-1.100093e+02
5.880000e-06	-2.241018e-06	-4.848047e-10	-1.205054e+01	-1.135889e+02
5.890000e-06	-2.299178e-06	-4.999644e-10	-1.236328e+01	-1.171132e+02
5.900000e-06	-2.357175e-06	-5.153615e-10	-1.267514e+01	-1.205820e+02
5.910000e-06	-2.414956e-06	-5.308697e-10	-1.298585e+01	-1.239955e+02
5.920000e-06	-2.472531e-06	-5.457708e-10	-1.329544e+01	-1.273538e+02
5.930000e-06	-2.529962e-06	-5.601623e-10	-1.360427e+01	-1.306573e+02
5.940000e-06	-2.587217e-06	-5.750814e-10	-1.391214e+01	-1.339066e+02
5.950000e-06	-2.644242e-06	-5.897214e-10	-1.421878e+01	-1.371023e+02
5.960000e-06	-2.701061e-06	-6.026876e-10	-1.452431e+01	-1.402451e+02
5.970000e-06	-2.757647e-06	-6.157820e-10	-1.482859e+01	-1.433358e+02
5.980000e-06	-2.814098e-06	-6.295294e-10	-1.513214e+01	-1.463756e+02
5.990000e-06	-2.870464e-06	-6.424206e-10	-1.543523e+01	-1.493653e+02
6.000000e-06	-2.926719e-06	-6.533731e-10	-1.573773e+01	-1.523061e+02
6.010000e-06	-2.982838e-06	-6.631740e-10	-1.603950e+01	-1.551993e+02
6.020000e-06	-3.038818e-06	-6.739970e-10	-1.634052e+01	-1.580460e+02
6.030000e-06	-3.094697e-06	-6.852053e-10	-1.664100e+01	-1.608475e+02
6.040000e-06	-3.150304e-06	-6.970743e-10	-1.694001e+01	-1.636053e+02
6.050000e-06	-3.205373e-06	-7.093019e-10	-1.723613e+01	-1.663205e+02
6.060000e-06	-3.260003e-06	-7.203753e-10	-1.752989e+01	-1.689946e+02
6.070000e-06	-3.314295e-06	-7.310477e-10	-1.782183e+01	-1.716290e+02
6.080000e-06	-3.368241e-06	-7.414870e-10	-1.811191e+01	-1.742250e+02
6.090000e-06	-3.421950e-06	-7.515151e-10	-1.840072e+01	-1.767839e+02
6.100000e-06	-3.475305e-06	-7.630371e-10	-1.868762e+01	-1.793072e+02
6.110000e-06	-3.528209e-06	-7.735823e-10	-1.897210e+01	-1.817962e+02
6.120000e-06	-3.580861e-06	-7.824790e-10	-1.925523e+01	-1.842520e+02
6.130000e-06	-3.633352e-06	-7.917818e-10	-1.953748e+01	-1.866758e+02
6.140000e-06	-3.685640e-06	-8.000502e-10	-1.981865e+01	-1.890690e+02
6.150000e-06	-3.737712e-06	-8.082848e-10	-2.009866e+01	-1.914325e+02
6.160000e-06	-3.789542e-06	-8.182123e-10	-2.037736e+01	-1.937673e+02
6.170000e-06	-3.841033e-06	-8.296238e-10	-2.065424e+01	-1.960745e+02
6.180000e-06	-3.892163e-06	-8.398535e-10	-2.092918e+01	-1.983549e+02
6.190000e-06	-3.942932e-06	-8.479032e-10	-2.120218e+01	-2.006093e+02
6.200000e-06	-3.993285e-06	-8.560050e-10	-2.147294e+01	-2.028383e+02
6.210000e-06	-4.043411e-06	-8.646056e-10	-2.174248e+01	-2.050427e+02
6.220000e-06	-4.093274e-06	-8.731001e-10	-2.201060e+01	-2.072230e+02
6.230000e-06	-4.142664e-06	-8.816638e-10	-2.227619e+01	-2.093795e+02
6.240000e-06	-4.191544e-06	-8.904553e-10	-2.253903e+01	-2.115126e+02
6.250000e-06	-4.239985e-06	-8.996032e-10	-2.279951e+01	-2.136227e+02
6.260000e-06	-4.288155e-06	-9.090541e-10	-2.305853e+01	-2.157098e+02
6.270000e-06	-4.335953e-06	-9.178155e-10	-2.331555e+01	-2.177740e+02
6.280000e-06	-4.383275e-06	-9.243577e-10	-2.357002e+01	-2.198154e+02
6.290000e-06	-4.430410e-06	-9.309252e-10	-2.382347e+01	-2.218338e+02
6.300000e-06	-4.477421e-06	-9.405921e-10	-2.407626e+01	-2.238292e+02
6.310000e-06	-4.524183e-06	-9.511380e-10	-2.432772e+01	-2.258013e+02
6.320000e-06	-4.570606e-06	-9.594017e-10	-2.457734e+01	-2.277498e+02
6.330000e-06	-4.616679e-06	-9.664412e-10	-2.482509e+01	-2.296744e+02
6.340000e-06	-4.662387e-06	-9.739647e-10	-2.507088e+01	-2.315749e+02
6.350000e-06	-4.707739e-06	-9.812962e-10	-2.531474e+01	-2.334506e+02
6.360000e-06	-4.752759e-06	-9.886512e-10	-2.555683e+01	-2.353014e+02
6.370000e-06	-4.797384e-06	-9.962141e-10	-2.579679e+01	-2.371266e+02
6.380000e-06	-4.841763e-06	-1.003350e-09	-2.603543e+01	-2.389258e+02
6.390000e-06	-4.885926e-06	-1.010940e-09	-2.627290e+01	-2.406987e+02
6.400000e-06	-4.929914e-06	-1.018961e-09	-2.650944e+01	-2.424447e+02
6.410000e-06	-4.973755e-06	-1.025045e-09	-2.674518e+01	-2.441634e+02
6.420000e-06	-5.017328e-06	-1.030627e-09	-2.697949e+01	-2.458544e+02
6.430000e-06	-5.060461e-06	-1.038102e-09	-2.721142e+01	-2.475173e+02
6.440000e-06	-5.103137e-06	-1.045871e-09	-2.744090e+01	-2.491519e+02
6.450000e-06	-5.145497e-06	-1.052434e-09	-2.766868e+01	-2.507578e+02
6.460000e-06	-5.187556e-06	-1.058386e-09	-2.789485e+01	-2.523348e+02
6.470000e-06	-5.229251e-06	-1.065100e-09	-2.811905e+01	-2.538828e+02
6.480000e-06	-5.270530e-06	-1.071766e-09	-2.834102e+01	-2.554016e+02
6.490000e-06	-5.311423e-06	-1.078355e-09	-2.856091e+01	-2.568912e+02
6.500000e-06	-5.352025e-06	-1.085210e-09	-2.877924e+01	-2.583517e+02
6.510000e-06	-5.392360e-06	-1.090662e-09	-2.899613e+01	-2.597831e+02
6.520000e-06	-5.432473e-06	-1.095749e-09	-2.921183e+01	-2.611857e+02
6.530000e-06	-5.472228e-06	-1.101018e-09	-2.942560e+01	-2.625597e+02
6.540000e-06	-5.511430e-06	-1.105073e-09	-2.963640e+01	-2.639055e+02
6.550000e-06	-5.550140e-06	-1.109841e-09	-2.984456e+01	-2.652235e+02
6.560000e-06	-5.588302e-06	-1.116621e-09	-3.004976e+01	-2.665141e+02
6.570000e-06	-5.625748e-06	-1.123489e-09	-3.025112e+01	-2.677780e+02
6.580000e-06	-5.662614e-06	-1.128899e-09	-3.044936e+01	-2.690157e+02
6.590000e-06	-5.699157e-06	-1.133205e-09	-3.064586e+01	-2.702279e+02
6.600000e-06	-5.735502e-06	-1.137659e-09	-3.084129e+01	-2.714153e+02
6.610000e-06	-5.771512e-06	-1.140657e-09	-3.103493e+01	-2.725787e+02
6.620000e-06	-5.807031e-06	-1.142485e-09	-3.122592e+01	-2.737189e+02
6.630000e-06	-5.842200e-06	-1.145753e-09	-3.141503e+01	-2.748368e+02
6.640000e-06	-5.876983e-06	-1.149676e-09	-3.160208e+01	-2.759331e+02
6.650000e-06	-5.911225e-06	-1.153980e-09	-3.178620e+01	-2.770088e+02
6.660000e-06	-5.945092e-06	-1.158249e-09	-3.196831e+01	-2.780646e+02
6.670000e-06	-5.978483e-06	-1.161535e-09	-3.214787e+01	-2.791016e+02
6.680000e-06	-6.011499e-06	-1.164257e-09	-3.232540e+01	-2.801205e+02
6.690000e-06	-6.044270e-06	-1.166578e-09	-3.250162e+01	-2.811221e+02
6.700000e-06	-6.076658e-06	-1.168777e-09	-3.267578e+01	-2.821072e+02
6.710000e-06	-6.108834e-06	-1.171880e-09	-3.284880e+01	-2.830767e+02
6.720000e-06	-6.140536e-06	-1.176385e-09	-3.301927e+01	-2.840312e+02
6.730000e-06	-6.171598e-06	-1.180943e-09	-3.318629e+01	-2.849713e+02
6.740000e-06	-6.202067e-06	-1.183496e-09	-3.335014e+01	-2.858977e+02
6.750000e-06	-6.231830e-06	-1.185333e-09	-3.351018e+01	-2.868109e+02
6.760000e-06	-6.260946e-06	-1.188653e-09	-3.366674e+01	-2.877113e+02
6.770000e-06	-6.289664e-06	-1.191265e-09	-3.382117e+01	-2.885995e+02
6.780000e-06	-6.318059e-06	-1.192873e-09	-3.397386e+01	-2.894756e+02
6.790000e-06	-6.346098e-06	-1.194992e-09	-3.412463e+01	-2.903400e+02
6.800000e-06	-6.373742e-06	-1.196183e-09	-3.427328e+01	-2.911928e+02
6.810000e-06	-6.401015e-06	-1.197586e-09	-3.441993e+01	-2.920341e+02
6.820000e-06	-6.427892e-06	-1.199197e-09	-3.456445e+01	-2.928639e+02
6.830000e-06	-6.454210e-06	-1.200586e-09	-3.470598e+01	-2.936823e+02
6.840000e-06	-6.479991e-06	-1.203025e-09	-3.484461e+01	-2.944890e+02
6.850000e-06	-6.505402e-06	-1.204881e-09	-3.498125e+01	-2.952840e+02
6.860000e-06	-6.530398e-06	-1.205687e-09	-3.511566e+01	-2.960669e+02
6.870000e-06	-6.554918e-06	-1.206820e-09	-3.524751e+01	-2.968376e+02
6.880000e-06	-6.579183e-06	-1.209355e-09	-3.537799e+01	-2.975956e+02
6.890000e-06	-6.603153e-06	-1.213283e-09	-3.550688e+01	-2.983407e+02
6.900000e-06	-6.626505e-06	-1.216000e-09	-3.563245e+01	-2.990723e+02
6.910000e-06	-6.649045e-06	-1.216529e-09	-3.575366e+01	-2.997902e+02
6.920000e-06	-6.670886e-06	-1.217449e-09	-3.587110e+01	-3.004939e+02
6.930000e-06	-6.692225e-06	-1.219587e-09	-3.598584e+01	-3.011828e+02
6.940000e-06	-6.713131e-06	-1.222456e-09	-3.609826e+01	-3.018566e+02
6.950000e-06	-6.733641e-06	-1.223833e-09	-3.620855e+01	-3.025149e+02
6.960000e-06	-6.753780e-06	-1.224215e-09	-3.631684e+01	-3.031572e+02
6.970000e-06	-6.773400e-06	-1.227094e-09	-3.642234e+01	-3.037830e+02
6.980000e-06	-6.792441e-06	-1.230795e-09	-3.652473e+01	-3.043920e+02
6.990000e-06	-6.811049e-06	-1.232258e-09	-3.662479e+01	-3.049839e+02
7.000000e-06	-6.829315e-06	-1.232860e-09	-3.672301e+01	-3.055582e+02
7.010000e-06	-6.847146e-06	-1.234058e-09	-3.681890e+01	-3.061148e+02
7.020000e-06	-6.864566e-06	-1.235723e-09	-3.691256e+01	-3.066533e+02
7.030000e-06	-6.881578e-06	-1.238007e-09	-3.700404e+01	-3.071735e+02
7.040000e-06	-6.898175e-06	-1.240271e-09	-3.709329e+01	-3.076752e+02
7.050000e-06	-6.914438e-06	-1.241409e-09	-3.718074e+01	-3.081584e+02
7.060000e-06	-6.930321e-06	-1.242650e-09	-3.726615e+01	-3.086228e+02
7.070000e-06	-6.945467e-06	-1.245250e-09	-3.734759e+01	-3.090685e+02
7.080000e-06	-6.959755e-06	-1.246692e-09	-3.742442e+01	-3.094955e+02
7.090000e-06	-6.973306e-06	-1.247130e-09	-3.749729e+01	-3.099036e+02
7.100000e-06	-6.986108e-06	-1.247909e-09	-3.756613e+01	-3.102930e+02
7.110000e-06	-6.998379e-06	-1.248984e-09	-3.763211e+01	-3.106637e+02
7.120000e-06	-7.010241e-06	-1.249745e-09	-3.769590e+01	-3.110158e+02
7.130000e-06	-7.021695e-06	-1.250027e-09	-3.775749e+01	-3.113493e+02
7.140000e-06	-7.032615e-06	-1.250607e-09	-3.781621e+01	-3.116645e+02
7.150000e-06	-7.042917e-06	-1.250253e-09	-3.787160e+01	-3.119614e+02
7.160000e-06	-7.052720e-06	-1.249084e-09	-3.792432e+01	-3.122402e+02
7.170000e-06	-7.062078e-06	-1.249393e-09	-3.797464e+01	-3.125009e+02
7.180000e-06	-7.071042e-06	-1.250304e-09	-3.802284e+01	-3.127437e+02
7.190000e-06	-7.079564e-06	-1.249875e-09	-3.806867e+01	-3.129687e+02
7.200000e-06	-7.087716e-06	-1.249117e-09	-3.811250e+01	-3.131760e+02
7.210000e-06	-7.095555e-06	-1.249085e-09	-3.815465e+01	-3.133657e+02
7.220000e-06	-7.102732e-06	-1.248771e-09	-3.819325e+01	-3.135380e+02
7.230000e-06	-7.109099e-06	-1.247547e-09	-3.822749e+01	-3.136928e+02
7.240000e-06	-7.114686e-06	-1.246191e-09	-3.825753e+01	-3.138303e+02
7.250000e-06	-7.119577e-06	-1.245155e-09	-3.828383e+01	-3.139505e+02
7.260000e-06	-7.124033e-06	-1.245142e-09	-3.830779e+01	-3.140535e+02
7.270000e-06	-7.128236e-06	-1.244624e-09	-3.833039e+01	-3.141394e+02
7.280000e-06	-7.132040e-06	-1.243364e-09	-3.835084e+01	-3.142081e+02
7.290000e-06	-7.135255e-06	-1.242421e-09	-3.836813e+01	-3.142598e+02
7.300000e-06	-7.138092e-06	-1.241502e-09	-3.838339e+01	-3.142945e+02
7.310000e-06	-7.140561e-06	-1.240778e-09	-3.839666e+01	-3.143124e+02
7.320000e-06	-7.142351e-06	-1.239717e-09	-3.840629e+01	-3.143134e+02
7.330000e-06	-7.143490e-06	-1.239317e-09	-3.841241e+01	-3.142978e+02
7.340000e-06	-7.144177e-06	-1.239270e-09	-3.841611e+01	-3.142656e+02
