# Temperatura_=_-7.2
# Concentracion g/m^3_=_7400.0
# C_Vs_to_Am_M_A/Vsm_=_254322799225.57578
# pendiente_HvsI_1/m_=_3716.3
# ordenada_HvsI_A/m_=_1297.0
# frecuencia_Hz_=_136115.40862056348

Tiempo_(s)	Campo_(V.s)	Magnetizacion_(V.s)	Campo_(kA/m)	Magnetizacion_(A/m)
0.000000e+00	-7.137735e-06	-1.282497e-09	-3.842046e+01	-3.237865e+02
1.000000e-08	-7.138048e-06	-1.282284e-09	-3.842214e+01	-3.237769e+02
2.000000e-08	-7.137852e-06	-1.283131e-09	-3.842109e+01	-3.237449e+02
3.000000e-08	-7.137036e-06	-1.283159e-09	-3.841670e+01	-3.236902e+02
4.000000e-08	-7.135653e-06	-1.282186e-09	-3.840925e+01	-3.236125e+02
5.000000e-08	-7.133563e-06	-1.281447e-09	-3.839800e+01	-3.235117e+02
6.000000e-08	-7.130730e-06	-1.280143e-09	-3.838275e+01	-3.233880e+02
7.000000e-08	-7.127317e-06	-1.275829e-09	-3.836438e+01	-3.232414e+02
8.000000e-08	-7.123454e-06	-1.277101e-09	-3.834359e+01	-3.230722e+02
9.000000e-08	-7.119086e-06	-1.292483e-09	-3.832008e+01	-3.228812e+02
1.000000e-07	-7.114015e-06	-1.289690e-09	-3.829278e+01	-3.226688e+02
1.100000e-07	-7.108407e-06	-1.251940e-09	-3.826260e+01	-3.224360e+02
1.200000e-07	-7.102514e-06	-1.253331e-09	-3.823088e+01	-3.221838e+02
1.300000e-07	-7.096252e-06	-1.304619e-09	-3.819717e+01	-3.219134e+02
1.400000e-07	-7.089454e-06	-1.302096e-09	-3.816058e+01	-3.216262e+02
1.500000e-07	-7.082190e-06	-1.233422e-09	-3.812148e+01	-3.213236e+02
1.600000e-07	-7.074616e-06	-1.235519e-09	-3.808071e+01	-3.210071e+02
1.700000e-07	-7.066576e-06	-1.316584e-09	-3.803743e+01	-3.206784e+02
1.800000e-07	-7.057734e-06	-1.302477e-09	-3.798984e+01	-3.203392e+02
1.900000e-07	-7.048148e-06	-1.208039e-09	-3.793824e+01	-3.199913e+02
2.000000e-07	-7.038014e-06	-1.223451e-09	-3.788369e+01	-3.196362e+02
2.100000e-07	-7.027429e-06	-1.315011e-09	-3.782671e+01	-3.192757e+02
2.200000e-07	-7.016257e-06	-1.284715e-09	-3.776658e+01	-3.189113e+02
2.300000e-07	-7.004403e-06	-1.202791e-09	-3.770277e+01	-3.185446e+02
2.400000e-07	-6.992000e-06	-1.240528e-09	-3.763601e+01	-3.181769e+02
2.500000e-07	-6.978890e-06	-1.297076e-09	-3.756544e+01	-3.178094e+02
2.600000e-07	-6.965256e-06	-1.240593e-09	-3.749205e+01	-3.174431e+02
2.700000e-07	-6.951165e-06	-1.204801e-09	-3.741621e+01	-3.170788e+02
2.800000e-07	-6.936231e-06	-1.258169e-09	-3.733582e+01	-3.167170e+02
2.900000e-07	-6.920462e-06	-1.255399e-09	-3.725094e+01	-3.163581e+02
3.000000e-07	-6.904299e-06	-1.204086e-09	-3.716394e+01	-3.160022e+02
3.100000e-07	-6.887855e-06	-1.235517e-09	-3.707543e+01	-3.156492e+02
3.200000e-07	-6.870971e-06	-1.267680e-09	-3.698454e+01	-3.152986e+02
3.300000e-07	-6.853525e-06	-1.201239e-09	-3.689063e+01	-3.149498e+02
3.400000e-07	-6.835649e-06	-1.187003e-09	-3.679442e+01	-3.146019e+02
3.500000e-07	-6.817388e-06	-1.256774e-09	-3.669612e+01	-3.142538e+02
3.600000e-07	-6.798547e-06	-1.239391e-09	-3.659470e+01	-3.139043e+02
3.700000e-07	-6.779228e-06	-1.171731e-09	-3.649072e+01	-3.135520e+02
3.800000e-07	-6.759581e-06	-1.208570e-09	-3.638496e+01	-3.131952e+02
3.900000e-07	-6.739524e-06	-1.248699e-09	-3.627700e+01	-3.128324e+02
4.000000e-07	-6.719007e-06	-1.195542e-09	-3.616656e+01	-3.124617e+02
4.100000e-07	-6.698074e-06	-1.183247e-09	-3.605389e+01	-3.120814e+02
4.200000e-07	-6.676708e-06	-1.227392e-09	-3.593888e+01	-3.116897e+02
4.300000e-07	-6.654887e-06	-1.205795e-09	-3.582142e+01	-3.112848e+02
4.400000e-07	-6.632593e-06	-1.177551e-09	-3.570142e+01	-3.108651e+02
4.500000e-07	-6.609878e-06	-1.209837e-09	-3.557915e+01	-3.104289e+02
4.600000e-07	-6.586724e-06	-1.204918e-09	-3.545452e+01	-3.099747e+02
4.700000e-07	-6.563166e-06	-1.165091e-09	-3.532772e+01	-3.095013e+02
4.800000e-07	-6.539269e-06	-1.184041e-09	-3.519908e+01	-3.090075e+02
4.900000e-07	-6.514919e-06	-1.203791e-09	-3.506801e+01	-3.084923e+02
5.000000e-07	-6.489905e-06	-1.171955e-09	-3.493337e+01	-3.079550e+02
5.100000e-07	-6.464029e-06	-1.167949e-09	-3.479409e+01	-3.073950e+02
5.200000e-07	-6.437288e-06	-1.187248e-09	-3.465015e+01	-3.068120e+02
5.300000e-07	-6.410078e-06	-1.169269e-09	-3.450368e+01	-3.062059e+02
5.400000e-07	-6.382603e-06	-1.155761e-09	-3.435580e+01	-3.055768e+02
5.500000e-07	-6.354745e-06	-1.168519e-09	-3.420584e+01	-3.049249e+02
5.600000e-07	-6.326514e-06	-1.161200e-09	-3.405388e+01	-3.042507e+02
5.700000e-07	-6.297872e-06	-1.149024e-09	-3.389971e+01	-3.035549e+02
5.800000e-07	-6.268822e-06	-1.157874e-09	-3.374334e+01	-3.028382e+02
5.900000e-07	-6.239465e-06	-1.156001e-09	-3.358532e+01	-3.021014e+02
6.000000e-07	-6.209734e-06	-1.142984e-09	-3.342529e+01	-3.013456e+02
6.100000e-07	-6.179495e-06	-1.143449e-09	-3.326252e+01	-3.005717e+02
6.200000e-07	-6.148631e-06	-1.140791e-09	-3.309638e+01	-2.997808e+02
6.300000e-07	-6.117407e-06	-1.132203e-09	-3.292832e+01	-2.989738e+02
6.400000e-07	-6.085992e-06	-1.133636e-09	-3.275922e+01	-2.981518e+02
6.500000e-07	-6.054194e-06	-1.133490e-09	-3.258806e+01	-2.973157e+02
6.600000e-07	-6.021967e-06	-1.125567e-09	-3.241459e+01	-2.964663e+02
6.700000e-07	-5.989055e-06	-1.123240e-09	-3.223743e+01	-2.956043e+02
6.800000e-07	-5.955456e-06	-1.121171e-09	-3.205658e+01	-2.947303e+02
6.900000e-07	-5.921357e-06	-1.114524e-09	-3.187303e+01	-2.938447e+02
7.000000e-07	-5.886695e-06	-1.111851e-09	-3.168646e+01	-2.929477e+02
7.100000e-07	-5.851621e-06	-1.109266e-09	-3.149766e+01	-2.920395e+02
7.200000e-07	-5.816235e-06	-1.103520e-09	-3.130719e+01	-2.911199e+02
7.300000e-07	-5.780557e-06	-1.101263e-09	-3.111514e+01	-2.901886e+02
7.400000e-07	-5.744613e-06	-1.098566e-09	-3.092167e+01	-2.892453e+02
7.500000e-07	-5.708238e-06	-1.091675e-09	-3.072587e+01	-2.882894e+02
7.600000e-07	-5.671394e-06	-1.087109e-09	-3.052755e+01	-2.873201e+02
7.700000e-07	-5.634228e-06	-1.085322e-09	-3.032750e+01	-2.863366e+02
7.800000e-07	-5.596569e-06	-1.080890e-09	-3.012479e+01	-2.853379e+02
7.900000e-07	-5.558383e-06	-1.074400e-09	-2.991924e+01	-2.843230e+02
8.000000e-07	-5.519809e-06	-1.067796e-09	-2.971161e+01	-2.832909e+02
8.100000e-07	-5.480920e-06	-1.060739e-09	-2.950228e+01	-2.822404e+02
8.200000e-07	-5.441730e-06	-1.055564e-09	-2.929133e+01	-2.811704e+02
8.300000e-07	-5.402251e-06	-1.051935e-09	-2.907883e+01	-2.800800e+02
8.400000e-07	-5.362617e-06	-1.047490e-09	-2.886549e+01	-2.789681e+02
8.500000e-07	-5.322718e-06	-1.042455e-09	-2.865072e+01	-2.778337e+02
8.600000e-07	-5.282380e-06	-1.038223e-09	-2.843360e+01	-2.766761e+02
8.700000e-07	-5.241429e-06	-1.033396e-09	-2.821317e+01	-2.754946e+02
8.800000e-07	-5.199815e-06	-1.027380e-09	-2.798917e+01	-2.742887e+02
8.900000e-07	-5.157627e-06	-1.019729e-09	-2.776209e+01	-2.730579e+02
9.000000e-07	-5.114991e-06	-1.011496e-09	-2.753259e+01	-2.718021e+02
9.100000e-07	-5.071895e-06	-1.005385e-09	-2.730061e+01	-2.705212e+02
9.200000e-07	-5.028453e-06	-1.001169e-09	-2.706678e+01	-2.692153e+02
9.300000e-07	-4.984836e-06	-9.958038e-10	-2.683200e+01	-2.678846e+02
9.400000e-07	-4.940880e-06	-9.884862e-10	-2.659540e+01	-2.665298e+02
9.500000e-07	-4.896585e-06	-9.812611e-10	-2.635697e+01	-2.651512e+02
9.600000e-07	-4.852001e-06	-9.758285e-10	-2.611698e+01	-2.637496e+02
9.700000e-07	-4.807076e-06	-9.709475e-10	-2.587516e+01	-2.623258e+02
9.800000e-07	-4.761806e-06	-9.653352e-10	-2.563149e+01	-2.608806e+02
9.900000e-07	-4.716136e-06	-9.588072e-10	-2.538566e+01	-2.594151e+02
1.000000e-06	-4.670163e-06	-9.520069e-10	-2.513820e+01	-2.579300e+02
1.010000e-06	-4.623959e-06	-9.455816e-10	-2.488950e+01	-2.564263e+02
1.020000e-06	-4.577351e-06	-9.393040e-10	-2.463862e+01	-2.549050e+02
1.030000e-06	-4.530287e-06	-9.321262e-10	-2.438528e+01	-2.533669e+02
1.040000e-06	-4.482997e-06	-9.253347e-10	-2.413074e+01	-2.518127e+02
1.050000e-06	-4.435620e-06	-9.209874e-10	-2.387572e+01	-2.502430e+02
1.060000e-06	-4.388026e-06	-9.166255e-10	-2.361954e+01	-2.486583e+02
1.070000e-06	-4.340103e-06	-9.118152e-10	-2.336158e+01	-2.470590e+02
1.080000e-06	-4.291823e-06	-9.059800e-10	-2.310170e+01	-2.454451e+02
1.090000e-06	-4.243128e-06	-8.983561e-10	-2.283959e+01	-2.438167e+02
1.100000e-06	-4.193895e-06	-8.909780e-10	-2.257458e+01	-2.421734e+02
1.110000e-06	-4.144068e-06	-8.845499e-10	-2.230638e+01	-2.405149e+02
1.120000e-06	-4.093743e-06	-8.780818e-10	-2.203549e+01	-2.388404e+02
1.130000e-06	-4.043054e-06	-8.712844e-10	-2.176265e+01	-2.371492e+02
1.140000e-06	-3.992085e-06	-8.642468e-10	-2.148829e+01	-2.354401e+02
1.150000e-06	-3.940825e-06	-8.579209e-10	-2.121237e+01	-2.337120e+02
1.160000e-06	-3.889326e-06	-8.518792e-10	-2.093517e+01	-2.319636e+02
1.170000e-06	-3.837622e-06	-8.451021e-10	-2.065686e+01	-2.301934e+02
1.180000e-06	-3.785668e-06	-8.381851e-10	-2.037721e+01	-2.283997e+02
1.190000e-06	-3.733393e-06	-8.309748e-10	-2.009583e+01	-2.265810e+02
1.200000e-06	-3.680750e-06	-8.235508e-10	-1.981246e+01	-2.247354e+02
1.210000e-06	-3.627782e-06	-8.164757e-10	-1.952735e+01	-2.228615e+02
1.220000e-06	-3.574525e-06	-8.084320e-10	-1.924068e+01	-2.209573e+02
1.230000e-06	-3.521104e-06	-7.997328e-10	-1.895313e+01	-2.190214e+02
1.240000e-06	-3.467519e-06	-7.915323e-10	-1.866470e+01	-2.170521e+02
1.250000e-06	-3.413561e-06	-7.846612e-10	-1.837426e+01	-2.150481e+02
1.260000e-06	-3.359216e-06	-7.785826e-10	-1.808174e+01	-2.130079e+02
1.270000e-06	-3.304694e-06	-7.705499e-10	-1.778826e+01	-2.109306e+02
1.280000e-06	-3.249936e-06	-7.613339e-10	-1.749351e+01	-2.088152e+02
1.290000e-06	-3.194882e-06	-7.532627e-10	-1.719717e+01	-2.066608e+02
1.300000e-06	-3.139758e-06	-7.457589e-10	-1.690045e+01	-2.044671e+02
1.310000e-06	-3.084467e-06	-7.371339e-10	-1.660284e+01	-2.022336e+02
1.320000e-06	-3.029004e-06	-7.281052e-10	-1.630430e+01	-1.999604e+02
1.330000e-06	-2.973514e-06	-7.197629e-10	-1.600561e+01	-1.976476e+02
1.340000e-06	-2.917943e-06	-7.116357e-10	-1.570648e+01	-1.952956e+02
1.350000e-06	-2.862215e-06	-7.034491e-10	-1.540651e+01	-1.929049e+02
1.360000e-06	-2.806302e-06	-6.949961e-10	-1.510555e+01	-1.904764e+02
1.370000e-06	-2.750233e-06	-6.861500e-10	-1.480374e+01	-1.880110e+02
1.380000e-06	-2.693952e-06	-6.777316e-10	-1.450080e+01	-1.855098e+02
1.390000e-06	-2.637338e-06	-6.691261e-10	-1.419606e+01	-1.829741e+02
1.400000e-06	-2.580462e-06	-6.601073e-10	-1.388992e+01	-1.804052e+02
1.410000e-06	-2.523453e-06	-6.501901e-10	-1.358305e+01	-1.778045e+02
1.420000e-06	-2.466146e-06	-6.397257e-10	-1.327458e+01	-1.751735e+02
1.430000e-06	-2.408530e-06	-6.298825e-10	-1.296445e+01	-1.725137e+02
1.440000e-06	-2.350594e-06	-6.202276e-10	-1.265260e+01	-1.698264e+02
1.450000e-06	-2.292201e-06	-6.102070e-10	-1.233829e+01	-1.671131e+02
1.460000e-06	-2.233561e-06	-5.995311e-10	-1.202264e+01	-1.643751e+02
1.470000e-06	-2.174742e-06	-5.885777e-10	-1.170603e+01	-1.616134e+02
1.480000e-06	-2.115739e-06	-5.780555e-10	-1.138844e+01	-1.588292e+02
1.490000e-06	-2.056578e-06	-5.680570e-10	-1.106999e+01	-1.560234e+02
1.500000e-06	-1.997256e-06	-5.575960e-10	-1.075068e+01	-1.531965e+02
1.510000e-06	-1.937896e-06	-5.456779e-10	-1.043116e+01	-1.503491e+02
1.520000e-06	-1.878480e-06	-5.334707e-10	-1.011134e+01	-1.474815e+02
1.530000e-06	-1.818992e-06	-5.230263e-10	-9.791132e+00	-1.445938e+02
1.540000e-06	-1.759354e-06	-5.131145e-10	-9.470116e+00	-1.416857e+02
1.550000e-06	-1.699649e-06	-5.018489e-10	-9.148741e+00	-1.387570e+02
1.560000e-06	-1.639912e-06	-4.894731e-10	-8.827196e+00	-1.358069e+02
1.570000e-06	-1.580094e-06	-4.771697e-10	-8.505212e+00	-1.328347e+02
1.580000e-06	-1.520258e-06	-4.657055e-10	-8.183131e+00	-1.298395e+02
1.590000e-06	-1.460328e-06	-4.538823e-10	-7.860546e+00	-1.268200e+02
1.600000e-06	-1.400239e-06	-4.418693e-10	-7.537099e+00	-1.237750e+02
1.610000e-06	-1.340006e-06	-4.305049e-10	-7.212882e+00	-1.207029e+02
1.620000e-06	-1.279674e-06	-4.190735e-10	-6.888132e+00	-1.176021e+02
1.630000e-06	-1.219258e-06	-4.077392e-10	-6.562929e+00	-1.144712e+02
1.640000e-06	-1.158879e-06	-3.958173e-10	-6.237928e+00	-1.113082e+02
1.650000e-06	-1.098470e-06	-3.830626e-10	-5.912763e+00	-1.081115e+02
1.660000e-06	-1.037807e-06	-3.709347e-10	-5.586227e+00	-1.048794e+02
1.670000e-06	-9.770239e-07	-3.600792e-10	-5.259050e+00	-1.016100e+02
1.680000e-06	-9.162501e-07	-3.491212e-10	-4.931922e+00	-9.830180e+01
1.690000e-06	-8.554446e-07	-3.364336e-10	-4.604623e+00	-9.495312e+01
1.700000e-06	-7.945877e-07	-3.232542e-10	-4.277047e+00	-9.156250e+01
1.710000e-06	-7.336559e-07	-3.108659e-10	-3.949068e+00	-8.812857e+01
1.720000e-06	-6.727342e-07	-2.985545e-10	-3.621143e+00	-8.465012e+01
1.730000e-06	-6.118025e-07	-2.858574e-10	-3.293164e+00	-8.112609e+01
1.740000e-06	-5.508580e-07	-2.728333e-10	-2.965117e+00	-7.755564e+01
1.750000e-06	-4.899339e-07	-2.592980e-10	-2.637179e+00	-7.393808e+01
1.760000e-06	-4.289083e-07	-2.453153e-10	-2.308695e+00	-7.027296e+01
1.770000e-06	-3.678518e-07	-2.315740e-10	-1.980045e+00	-6.656003e+01
1.780000e-06	-3.068120e-07	-2.178650e-10	-1.651484e+00	-6.279928e+01
1.790000e-06	-2.457362e-07	-2.040091e-10	-1.322730e+00	-5.899092e+01
1.800000e-06	-1.845710e-07	-1.899608e-10	-9.934949e-01	-5.513540e+01
1.810000e-06	-1.233193e-07	-1.757086e-10	-6.637938e-01	-5.123338e+01
1.820000e-06	-6.211816e-08	-1.616891e-10	-3.343650e-01	-4.728578e+01
1.830000e-06	-1.023208e-09	-1.469135e-10	-5.507645e-03	-4.329373e+01
1.840000e-06	6.011799e-08	-1.312621e-10	3.235986e-01	-3.925859e+01
1.850000e-06	1.213580e-07	-1.158367e-10	6.532368e-01	-3.518193e+01
1.860000e-06	1.825919e-07	-1.009219e-10	9.828417e-01	-3.106553e+01
1.870000e-06	2.438040e-07	-8.690774e-11	1.312330e+00	-2.691139e+01
1.880000e-06	3.049638e-07	-7.257565e-11	1.641536e+00	-2.272168e+01
1.890000e-06	3.661357e-07	-5.717415e-11	1.970807e+00	-1.849877e+01
1.900000e-06	4.273777e-07	-4.208936e-11	2.300456e+00	-1.424519e+01
1.910000e-06	4.885523e-07	-2.683848e-11	2.629742e+00	-9.963637e+00
1.920000e-06	5.496379e-07	-1.154789e-11	2.958549e+00	-5.656973e+00
1.930000e-06	6.107032e-07	3.128953e-12	3.287247e+00	-1.328184e+00
1.940000e-06	6.717633e-07	1.841030e-11	3.615917e+00	3.019607e+00
1.950000e-06	7.328376e-07	3.422332e-11	3.944663e+00	7.383166e+00
1.960000e-06	7.938049e-07	4.991247e-11	4.272833e+00	1.175915e+01
1.970000e-06	8.546291e-07	6.551189e-11	4.600233e+00	1.614414e+01
1.980000e-06	9.154249e-07	7.980236e-11	4.927480e+00	2.053462e+01
1.990000e-06	9.761548e-07	9.367067e-11	5.254372e+00	2.492703e+01
2.000000e-06	1.036787e-06	1.091478e-10	5.580741e+00	2.931775e+01
2.010000e-06	1.097354e-06	1.246400e-10	5.906755e+00	3.370315e+01
2.020000e-06	1.157787e-06	1.396142e-10	6.232048e+00	3.807956e+01
2.030000e-06	1.218157e-06	1.553363e-10	6.557003e+00	4.244334e+01
2.040000e-06	1.278510e-06	1.713982e-10	6.881867e+00	4.679085e+01
2.050000e-06	1.338712e-06	1.870505e-10	7.205917e+00	5.111850e+01
2.060000e-06	1.398826e-06	2.024801e-10	7.529494e+00	5.542275e+01
2.070000e-06	1.458930e-06	2.173964e-10	7.853016e+00	5.970014e+01
2.080000e-06	1.518936e-06	2.313366e-10	8.176017e+00	6.394732e+01
2.090000e-06	1.578811e-06	2.444820e-10	8.498304e+00	6.816102e+01
2.100000e-06	1.638608e-06	2.577739e-10	8.820177e+00	7.233814e+01
2.110000e-06	1.698335e-06	2.724218e-10	9.141672e+00	7.647570e+01
2.120000e-06	1.758027e-06	2.876175e-10	9.462977e+00	8.057093e+01
2.130000e-06	1.817676e-06	3.022103e-10	9.784049e+00	8.462120e+01
2.140000e-06	1.877204e-06	3.161333e-10	1.010447e+01	8.862413e+01
2.150000e-06	1.936656e-06	3.293198e-10	1.042449e+01	9.257751e+01
2.160000e-06	1.996023e-06	3.429038e-10	1.074404e+01	9.647940e+01
2.170000e-06	2.055267e-06	3.567623e-10	1.106294e+01	1.003281e+02
2.180000e-06	2.114366e-06	3.696690e-10	1.138105e+01	1.041221e+02
2.190000e-06	2.173314e-06	3.828052e-10	1.169835e+01	1.078601e+02
2.200000e-06	2.232008e-06	3.970333e-10	1.201428e+01	1.115414e+02
2.210000e-06	2.290493e-06	4.111238e-10	1.232909e+01	1.151651e+02
2.220000e-06	2.348771e-06	4.241543e-10	1.264279e+01	1.187308e+02
2.230000e-06	2.406767e-06	4.357462e-10	1.295496e+01	1.222383e+02
2.240000e-06	2.464425e-06	4.474999e-10	1.326532e+01	1.256877e+02
2.250000e-06	2.521661e-06	4.610900e-10	1.357340e+01	1.290793e+02
2.260000e-06	2.578580e-06	4.747643e-10	1.387978e+01	1.324135e+02
2.270000e-06	2.635304e-06	4.863902e-10	1.418511e+01	1.356912e+02
2.280000e-06	2.691838e-06	4.968709e-10	1.448942e+01	1.389132e+02
2.290000e-06	2.748098e-06	5.080979e-10	1.479225e+01	1.420807e+02
2.300000e-06	2.804095e-06	5.203420e-10	1.509367e+01	1.451948e+02
2.310000e-06	2.859900e-06	5.327753e-10	1.539405e+01	1.482570e+02
2.320000e-06	2.915643e-06	5.449038e-10	1.569410e+01	1.512687e+02
2.330000e-06	2.971308e-06	5.582708e-10	1.599373e+01	1.542315e+02
2.340000e-06	3.026788e-06	5.714721e-10	1.629237e+01	1.571470e+02
2.350000e-06	3.082008e-06	5.825395e-10	1.658960e+01	1.600169e+02
2.360000e-06	3.137024e-06	5.918044e-10	1.688573e+01	1.628429e+02
2.370000e-06	3.191866e-06	5.996603e-10	1.718094e+01	1.656266e+02
2.380000e-06	3.246486e-06	6.079116e-10	1.747494e+01	1.683698e+02
2.390000e-06	3.300877e-06	6.186469e-10	1.776771e+01	1.710740e+02
2.400000e-06	3.355004e-06	6.313061e-10	1.805906e+01	1.737409e+02
2.410000e-06	3.409020e-06	6.429756e-10	1.834981e+01	1.763718e+02
2.420000e-06	3.462946e-06	6.535139e-10	1.864009e+01	1.789683e+02
2.430000e-06	3.516622e-06	6.641999e-10	1.892901e+01	1.815316e+02
2.440000e-06	3.570077e-06	6.743862e-10	1.921674e+01	1.840629e+02
2.450000e-06	3.623187e-06	6.837887e-10	1.950262e+01	1.865635e+02
2.460000e-06	3.675939e-06	6.928041e-10	1.978657e+01	1.890342e+02
2.470000e-06	3.728425e-06	7.011170e-10	2.006908e+01	1.914761e+02
2.480000e-06	3.780584e-06	7.093653e-10	2.034984e+01	1.938899e+02
2.490000e-06	3.832412e-06	7.185189e-10	2.062882e+01	1.962764e+02
2.500000e-06	3.883902e-06	7.279768e-10	2.090597e+01	1.986362e+02
2.510000e-06	3.935117e-06	7.365630e-10	2.118165e+01	2.009698e+02
2.520000e-06	3.985990e-06	7.450572e-10	2.145548e+01	2.032777e+02
2.530000e-06	4.036349e-06	7.538698e-10	2.172656e+01	2.055604e+02
2.540000e-06	4.086380e-06	7.616697e-10	2.199586e+01	2.078182e+02
2.550000e-06	4.136072e-06	7.684662e-10	2.226334e+01	2.100515e+02
2.560000e-06	4.185266e-06	7.748001e-10	2.252813e+01	2.122604e+02
2.570000e-06	4.234097e-06	7.812793e-10	2.279098e+01	2.144452e+02
2.580000e-06	4.282583e-06	7.891934e-10	2.305196e+01	2.166063e+02
2.590000e-06	4.330732e-06	7.982830e-10	2.331114e+01	2.187437e+02
2.600000e-06	4.378529e-06	8.069007e-10	2.356841e+01	2.208577e+02
2.610000e-06	4.425953e-06	8.143593e-10	2.382368e+01	2.229485e+02
2.620000e-06	4.473132e-06	8.205130e-10	2.407764e+01	2.250162e+02
2.630000e-06	4.520108e-06	8.266399e-10	2.433050e+01	2.270611e+02
2.640000e-06	4.566708e-06	8.340853e-10	2.458133e+01	2.290832e+02
2.650000e-06	4.612981e-06	8.419369e-10	2.483041e+01	2.310829e+02
2.660000e-06	4.659031e-06	8.490060e-10	2.507828e+01	2.330602e+02
2.670000e-06	4.704757e-06	8.549381e-10	2.532441e+01	2.350152e+02
2.680000e-06	4.750137e-06	8.603681e-10	2.556868e+01	2.369480e+02
2.690000e-06	4.795267e-06	8.664904e-10	2.581160e+01	2.388588e+02
2.700000e-06	4.840092e-06	8.727930e-10	2.605288e+01	2.407474e+02
2.710000e-06	4.884515e-06	8.791868e-10	2.629200e+01	2.426139e+02
2.720000e-06	4.928609e-06	8.873124e-10	2.652934e+01	2.444582e+02
2.730000e-06	4.972451e-06	8.966408e-10	2.676533e+01	2.462802e+02
2.740000e-06	5.016022e-06	9.048841e-10	2.699986e+01	2.480795e+02
2.750000e-06	5.059351e-06	9.111356e-10	2.723309e+01	2.498560e+02
2.760000e-06	5.102395e-06	9.164915e-10	2.746479e+01	2.516092e+02
2.770000e-06	5.145047e-06	9.217890e-10	2.769437e+01	2.533387e+02
2.780000e-06	5.187184e-06	9.285755e-10	2.792118e+01	2.550440e+02
2.790000e-06	5.228737e-06	9.367243e-10	2.814485e+01	2.567245e+02
2.800000e-06	5.269662e-06	9.440573e-10	2.836514e+01	2.583796e+02
2.810000e-06	5.310034e-06	9.506549e-10	2.858245e+01	2.600085e+02
2.820000e-06	5.350129e-06	9.572472e-10	2.879827e+01	2.616106e+02
2.830000e-06	5.389870e-06	9.642058e-10	2.901219e+01	2.631850e+02
2.840000e-06	5.429223e-06	9.708261e-10	2.922401e+01	2.647309e+02
2.850000e-06	5.468275e-06	9.767736e-10	2.943422e+01	2.662477e+02
2.860000e-06	5.506911e-06	9.822338e-10	2.964218e+01	2.677344e+02
2.870000e-06	5.545217e-06	9.874424e-10	2.984837e+01	2.691904e+02
2.880000e-06	5.583291e-06	9.933058e-10	3.005332e+01	2.706151e+02
2.890000e-06	5.620950e-06	9.993750e-10	3.025602e+01	2.720077e+02
2.900000e-06	5.658090e-06	1.005209e-09	3.045594e+01	2.733679e+02
2.910000e-06	5.694892e-06	1.011045e-09	3.065403e+01	2.746953e+02
2.920000e-06	5.731323e-06	1.017484e-09	3.085013e+01	2.759896e+02
2.930000e-06	5.767386e-06	1.024915e-09	3.104425e+01	2.772507e+02
2.940000e-06	5.803219e-06	1.031689e-09	3.123713e+01	2.784787e+02
2.950000e-06	5.838708e-06	1.036426e-09	3.142815e+01	2.796738e+02
2.960000e-06	5.873831e-06	1.040506e-09	3.161721e+01	2.808365e+02
2.970000e-06	5.908588e-06	1.046600e-09	3.180430e+01	2.819673e+02
2.980000e-06	5.942734e-06	1.053355e-09	3.198810e+01	2.830670e+02
2.990000e-06	5.976175e-06	1.057849e-09	3.216811e+01	2.841366e+02
3.000000e-06	6.009034e-06	1.061757e-09	3.234497e+01	2.851773e+02
3.010000e-06	6.041359e-06	1.066959e-09	3.251897e+01	2.861903e+02
3.020000e-06	6.073240e-06	1.073061e-09	3.269058e+01	2.871771e+02
3.030000e-06	6.104720e-06	1.079752e-09	3.286002e+01	2.881393e+02
3.040000e-06	6.135898e-06	1.086726e-09	3.302785e+01	2.890786e+02
3.050000e-06	6.166643e-06	1.093748e-09	3.319334e+01	2.899967e+02
3.060000e-06	6.196951e-06	1.100760e-09	3.335648e+01	2.908955e+02
3.070000e-06	6.226860e-06	1.105792e-09	3.351747e+01	2.917770e+02
3.080000e-06	6.256485e-06	1.107926e-09	3.367693e+01	2.926430e+02
3.090000e-06	6.285814e-06	1.110617e-09	3.383480e+01	2.934954e+02
3.100000e-06	6.314441e-06	1.115368e-09	3.398889e+01	2.943360e+02
3.110000e-06	6.342541e-06	1.120665e-09	3.414015e+01	2.951665e+02
3.120000e-06	6.370395e-06	1.125038e-09	3.429008e+01	2.959887e+02
3.130000e-06	6.398025e-06	1.129486e-09	3.443881e+01	2.968040e+02
3.140000e-06	6.425390e-06	1.134123e-09	3.458611e+01	2.976137e+02
3.150000e-06	6.452288e-06	1.137090e-09	3.473089e+01	2.984191e+02
3.160000e-06	6.478455e-06	1.140331e-09	3.487174e+01	2.992211e+02
3.170000e-06	6.503833e-06	1.144321e-09	3.500834e+01	3.000206e+02
3.180000e-06	6.528547e-06	1.147937e-09	3.514137e+01	3.008179e+02
3.190000e-06	6.552772e-06	1.151661e-09	3.527177e+01	3.016135e+02
3.200000e-06	6.576621e-06	1.155267e-09	3.540014e+01	3.024075e+02
3.210000e-06	6.599997e-06	1.158469e-09	3.552597e+01	3.031998e+02
3.220000e-06	6.622822e-06	1.161497e-09	3.564883e+01	3.039899e+02
3.230000e-06	6.645216e-06	1.165067e-09	3.576937e+01	3.047774e+02
3.240000e-06	6.667234e-06	1.169359e-09	3.588788e+01	3.055614e+02
3.250000e-06	6.688828e-06	1.173356e-09	3.600412e+01	3.063412e+02
3.260000e-06	6.709965e-06	1.176606e-09	3.611789e+01	3.071156e+02
3.270000e-06	6.730589e-06	1.179441e-09	3.622891e+01	3.078835e+02
3.280000e-06	6.750754e-06	1.181131e-09	3.633745e+01	3.086434e+02
3.290000e-06	6.770599e-06	1.183027e-09	3.644427e+01	3.093942e+02
3.300000e-06	6.790168e-06	1.187321e-09	3.654960e+01	3.101343e+02
3.310000e-06	6.809384e-06	1.191953e-09	3.665304e+01	3.108624e+02
3.320000e-06	6.828170e-06	1.194153e-09	3.675416e+01	3.115770e+02
3.330000e-06	6.846354e-06	1.195509e-09	3.685204e+01	3.122767e+02
3.340000e-06	6.863808e-06	1.197886e-09	3.694599e+01	3.129603e+02
3.350000e-06	6.880794e-06	1.200732e-09	3.703742e+01	3.136265e+02
3.360000e-06	6.897396e-06	1.203722e-09	3.712678e+01	3.142741e+02
3.370000e-06	6.913421e-06	1.205472e-09	3.721304e+01	3.149022e+02
3.380000e-06	6.928925e-06	1.207454e-09	3.729649e+01	3.155099e+02
3.390000e-06	6.943802e-06	1.211225e-09	3.737657e+01	3.160965e+02
3.400000e-06	6.958111e-06	1.214996e-09	3.745359e+01	3.166615e+02
3.410000e-06	6.972009e-06	1.218165e-09	3.752840e+01	3.172043e+02
3.420000e-06	6.985399e-06	1.220391e-09	3.760048e+01	3.177247e+02
3.430000e-06	6.998278e-06	1.222727e-09	3.766980e+01	3.182227e+02
3.440000e-06	7.010611e-06	1.226215e-09	3.773619e+01	3.186981e+02
3.450000e-06	7.022392e-06	1.229488e-09	3.779960e+01	3.191512e+02
3.460000e-06	7.033777e-06	1.232150e-09	3.786088e+01	3.195822e+02
3.470000e-06	7.044671e-06	1.234132e-09	3.791952e+01	3.199913e+02
3.480000e-06	7.054811e-06	1.235421e-09	3.797411e+01	3.203791e+02
3.490000e-06	7.064104e-06	1.237741e-09	3.802412e+01	3.207459e+02
3.500000e-06	7.072537e-06	1.242218e-09	3.806952e+01	3.210922e+02
3.510000e-06	7.080490e-06	1.246995e-09	3.811233e+01	3.214184e+02
3.520000e-06	7.088234e-06	1.249777e-09	3.815401e+01	3.217251e+02
3.530000e-06	7.095532e-06	1.251321e-09	3.819329e+01	3.220126e+02
3.540000e-06	7.102336e-06	1.253815e-09	3.822992e+01	3.222812e+02
3.550000e-06	7.108644e-06	1.256483e-09	3.826387e+01	3.225314e+02
3.560000e-06	7.114400e-06	1.258669e-09	3.829486e+01	3.227633e+02
3.570000e-06	7.119679e-06	1.260218e-09	3.832327e+01	3.229770e+02
3.580000e-06	7.124429e-06	1.261080e-09	3.834884e+01	3.231725e+02
3.590000e-06	7.128632e-06	1.264216e-09	3.837146e+01	3.233499e+02
3.600000e-06	7.132401e-06	1.268680e-09	3.839175e+01	3.235088e+02
3.610000e-06	7.135842e-06	1.270554e-09	3.841027e+01	3.236492e+02
3.620000e-06	7.138954e-06	1.270538e-09	3.842702e+01	3.237705e+02
3.630000e-06	7.141524e-06	1.271846e-09	3.844086e+01	3.238725e+02
3.640000e-06	7.143341e-06	1.275269e-09	3.845063e+01	3.239547e+02
3.650000e-06	7.144459e-06	1.278326e-09	3.845666e+01	3.240165e+02
3.660000e-06	7.145038e-06	1.279429e-09	3.845977e+01	3.240575e+02
3.670000e-06	7.145081e-06	1.279682e-09	3.846000e+01	3.240771e+02
3.680000e-06	7.144589e-06	1.280727e-09	3.845735e+01	3.240749e+02
3.690000e-06	7.143664e-06	1.282435e-09	3.845237e+01	3.240504e+02
3.700000e-06	7.142218e-06	1.284371e-09	3.844459e+01	3.240033e+02
3.710000e-06	7.140285e-06	1.285439e-09	3.843419e+01	3.239333e+02
3.720000e-06	7.138017e-06	1.285379e-09	3.842198e+01	3.238403e+02
3.730000e-06	7.135428e-06	1.288572e-09	3.840805e+01	3.237242e+02
3.740000e-06	7.132315e-06	1.293049e-09	3.839129e+01	3.235851e+02
3.750000e-06	7.128641e-06	1.278300e-09	3.837151e+01	3.234235e+02
3.760000e-06	7.124457e-06	1.252487e-09	3.834899e+01	3.232397e+02
3.770000e-06	7.119526e-06	1.281431e-09	3.832245e+01	3.230343e+02
3.780000e-06	7.113816e-06	1.329051e-09	3.829171e+01	3.228082e+02
3.790000e-06	7.107706e-06	1.286804e-09	3.825882e+01	3.225624e+02
3.800000e-06	7.101301e-06	1.230375e-09	3.822435e+01	3.222980e+02
3.810000e-06	7.094261e-06	1.271767e-09	3.818645e+01	3.220162e+02
3.820000e-06	7.086578e-06	1.336661e-09	3.814510e+01	3.217185e+02
3.830000e-06	7.078558e-06	1.280816e-09	3.810193e+01	3.214065e+02
3.840000e-06	7.070174e-06	1.197404e-09	3.805680e+01	3.210817e+02
3.850000e-06	7.061311e-06	1.268878e-09	3.800909e+01	3.207459e+02
3.860000e-06	7.051909e-06	1.361849e-09	3.795848e+01	3.204006e+02
3.870000e-06	7.041976e-06	1.278939e-09	3.790501e+01	3.200477e+02
3.880000e-06	7.031642e-06	1.182931e-09	3.784939e+01	3.196889e+02
3.890000e-06	7.020818e-06	1.278407e-09	3.779113e+01	3.193256e+02
3.900000e-06	7.009379e-06	1.360109e-09	3.772955e+01	3.189596e+02
3.910000e-06	6.997431e-06	1.250124e-09	3.766524e+01	3.185921e+02
3.920000e-06	6.984958e-06	1.191541e-09	3.759810e+01	3.182244e+02
3.930000e-06	6.971855e-06	1.312741e-09	3.752757e+01	3.178576e+02
3.940000e-06	6.957968e-06	1.331303e-09	3.745282e+01	3.174925e+02
3.950000e-06	6.943330e-06	1.203759e-09	3.737403e+01	3.171299e+02
3.960000e-06	6.928047e-06	1.219944e-09	3.729177e+01	3.167700e+02
3.970000e-06	6.912111e-06	1.329821e-09	3.720599e+01	3.164131e+02
3.980000e-06	6.895809e-06	1.268775e-09	3.711824e+01	3.160592e+02
3.990000e-06	6.879272e-06	1.188551e-09	3.702922e+01	3.157078e+02
4.000000e-06	6.862219e-06	1.287108e-09	3.693743e+01	3.153585e+02
4.010000e-06	6.844653e-06	1.320331e-09	3.684288e+01	3.150104e+02
4.020000e-06	6.826722e-06	1.201996e-09	3.674636e+01	3.146625e+02
4.030000e-06	6.808351e-06	1.215959e-09	3.664748e+01	3.143137e+02
4.040000e-06	6.789442e-06	1.322303e-09	3.654570e+01	3.139625e+02
4.050000e-06	6.769930e-06	1.261329e-09	3.644067e+01	3.136074e+02
4.060000e-06	6.749976e-06	1.189137e-09	3.633326e+01	3.132468e+02
4.070000e-06	6.729654e-06	1.277922e-09	3.622388e+01	3.128789e+02
4.080000e-06	6.708999e-06	1.298149e-09	3.611269e+01	3.125020e+02
4.090000e-06	6.687984e-06	1.208026e-09	3.599958e+01	3.121143e+02
4.100000e-06	6.666367e-06	1.237130e-09	3.588322e+01	3.117140e+02
4.110000e-06	6.643863e-06	1.294560e-09	3.576208e+01	3.112994e+02
4.120000e-06	6.620571e-06	1.231436e-09	3.563671e+01	3.108689e+02
4.130000e-06	6.596764e-06	1.217269e-09	3.550856e+01	3.104209e+02
4.140000e-06	6.572613e-06	1.280775e-09	3.537856e+01	3.099540e+02
4.150000e-06	6.548260e-06	1.251614e-09	3.524748e+01	3.094672e+02
4.160000e-06	6.523591e-06	1.210583e-09	3.511469e+01	3.089592e+02
4.170000e-06	6.498423e-06	1.255825e-09	3.497922e+01	3.084294e+02
4.180000e-06	6.472772e-06	1.257774e-09	3.484115e+01	3.078770e+02
4.190000e-06	6.446609e-06	1.218026e-09	3.470032e+01	3.073017e+02
4.200000e-06	6.419848e-06	1.241100e-09	3.455627e+01	3.067033e+02
4.210000e-06	6.392600e-06	1.252653e-09	3.440960e+01	3.060818e+02
4.220000e-06	6.364971e-06	1.220953e-09	3.426089e+01	3.054375e+02
4.230000e-06	6.336963e-06	1.230299e-09	3.411013e+01	3.047707e+02
4.240000e-06	6.308642e-06	1.244365e-09	3.395768e+01	3.040820e+02
4.250000e-06	6.280072e-06	1.222025e-09	3.380390e+01	3.033722e+02
4.260000e-06	6.250917e-06	1.222931e-09	3.364696e+01	3.026420e+02
4.270000e-06	6.220992e-06	1.236206e-09	3.348588e+01	3.018924e+02
4.280000e-06	6.190461e-06	1.223077e-09	3.332154e+01	3.011244e+02
4.290000e-06	6.159379e-06	1.220083e-09	3.315424e+01	3.003391e+02
4.300000e-06	6.127854e-06	1.225394e-09	3.298455e+01	2.995374e+02
4.310000e-06	6.095924e-06	1.213593e-09	3.281268e+01	2.987203e+02
4.320000e-06	6.063544e-06	1.211148e-09	3.263839e+01	2.978888e+02
4.330000e-06	6.030768e-06	1.216886e-09	3.246196e+01	2.970438e+02
4.340000e-06	5.997730e-06	1.208516e-09	3.228413e+01	2.961859e+02
4.350000e-06	5.964121e-06	1.206722e-09	3.210322e+01	2.953159e+02
4.360000e-06	5.929942e-06	1.211555e-09	3.191925e+01	2.944341e+02
4.370000e-06	5.895588e-06	1.204110e-09	3.173433e+01	2.935409e+02
4.380000e-06	5.860884e-06	1.199310e-09	3.154753e+01	2.926364e+02
4.390000e-06	5.825694e-06	1.200655e-09	3.135810e+01	2.917206e+02
4.400000e-06	5.790098e-06	1.193100e-09	3.116650e+01	2.907933e+02
4.410000e-06	5.754181e-06	1.187863e-09	3.097317e+01	2.898541e+02
4.420000e-06	5.717963e-06	1.190711e-09	3.077822e+01	2.889024e+02
4.430000e-06	5.681485e-06	1.187050e-09	3.058187e+01	2.879377e+02
4.440000e-06	5.644700e-06	1.180347e-09	3.038387e+01	2.869590e+02
4.450000e-06	5.607239e-06	1.178863e-09	3.018222e+01	2.859655e+02
4.460000e-06	5.569023e-06	1.178145e-09	2.997652e+01	2.849561e+02
4.470000e-06	5.530217e-06	1.175653e-09	2.976764e+01	2.839299e+02
4.480000e-06	5.490882e-06	1.171877e-09	2.955591e+01	2.828856e+02
4.490000e-06	5.451044e-06	1.167285e-09	2.934147e+01	2.818223e+02
4.500000e-06	5.410870e-06	1.162539e-09	2.912522e+01	2.807388e+02
4.510000e-06	5.370511e-06	1.158489e-09	2.890798e+01	2.796342e+02
4.520000e-06	5.329790e-06	1.156672e-09	2.868879e+01	2.785074e+02
4.530000e-06	5.288686e-06	1.154748e-09	2.846754e+01	2.773576e+02
4.540000e-06	5.247218e-06	1.150343e-09	2.824433e+01	2.761842e+02
4.550000e-06	5.205480e-06	1.145724e-09	2.801967e+01	2.749864e+02
4.560000e-06	5.163511e-06	1.142478e-09	2.779376e+01	2.737640e+02
4.570000e-06	5.121193e-06	1.136834e-09	2.756597e+01	2.725165e+02
4.580000e-06	5.078562e-06	1.127755e-09	2.733650e+01	2.712440e+02
4.590000e-06	5.035494e-06	1.119117e-09	2.710467e+01	2.699464e+02
4.600000e-06	4.991941e-06	1.113879e-09	2.687024e+01	2.686240e+02
4.610000e-06	4.948051e-06	1.110905e-09	2.663400e+01	2.672772e+02
4.620000e-06	4.903888e-06	1.109438e-09	2.639628e+01	2.659064e+02
4.630000e-06	4.859460e-06	1.108130e-09	2.615714e+01	2.645124e+02
4.640000e-06	4.814797e-06	1.103814e-09	2.591672e+01	2.630959e+02
4.650000e-06	4.769954e-06	1.096838e-09	2.567535e+01	2.616578e+02
4.660000e-06	4.724905e-06	1.089286e-09	2.543286e+01	2.601989e+02
4.670000e-06	4.679413e-06	1.080961e-09	2.518799e+01	2.587203e+02
4.680000e-06	4.633477e-06	1.072210e-09	2.494073e+01	2.572227e+02
4.690000e-06	4.587106e-06	1.064972e-09	2.469113e+01	2.557072e+02
4.700000e-06	4.540407e-06	1.060904e-09	2.443976e+01	2.541746e+02
4.710000e-06	4.493451e-06	1.059312e-09	2.418701e+01	2.526257e+02
4.720000e-06	4.446186e-06	1.055867e-09	2.393259e+01	2.510611e+02
4.730000e-06	4.398733e-06	1.048109e-09	2.367717e+01	2.494814e+02
4.740000e-06	4.350974e-06	1.038784e-09	2.342010e+01	2.478869e+02
4.750000e-06	4.302727e-06	1.031856e-09	2.316039e+01	2.462779e+02
4.760000e-06	4.254054e-06	1.025956e-09	2.289840e+01	2.446543e+02
4.770000e-06	4.205126e-06	1.017984e-09	2.263504e+01	2.430161e+02
4.780000e-06	4.155753e-06	1.009462e-09	2.236927e+01	2.413627e+02
4.790000e-06	4.105906e-06	1.003587e-09	2.210096e+01	2.396936e+02
4.800000e-06	4.055821e-06	9.992477e-10	2.183136e+01	2.380081e+02
4.810000e-06	4.005456e-06	9.943868e-10	2.156027e+01	2.363051e+02
4.820000e-06	3.954773e-06	9.877731e-10	2.128745e+01	2.345835e+02
4.830000e-06	3.903877e-06	9.801148e-10	2.101349e+01	2.328421e+02
4.840000e-06	3.852675e-06	9.730701e-10	2.073789e+01	2.310793e+02
4.850000e-06	3.801144e-06	9.662609e-10	2.046051e+01	2.292936e+02
4.860000e-06	3.749356e-06	9.585184e-10	2.018175e+01	2.274834e+02
4.870000e-06	3.697329e-06	9.506554e-10	1.990170e+01	2.256470e+02
4.880000e-06	3.645047e-06	9.438265e-10	1.962028e+01	2.237827e+02
4.890000e-06	3.592469e-06	9.382989e-10	1.933727e+01	2.218888e+02
4.900000e-06	3.539560e-06	9.328282e-10	1.905248e+01	2.199637e+02
4.910000e-06	3.486355e-06	9.260846e-10	1.876609e+01	2.180057e+02
4.920000e-06	3.432930e-06	9.179319e-10	1.847852e+01	2.160134e+02
4.930000e-06	3.379183e-06	9.089681e-10	1.818921e+01	2.139854e+02
4.940000e-06	3.325047e-06	9.013312e-10	1.789781e+01	2.119206e+02
4.950000e-06	3.270388e-06	8.943943e-10	1.760360e+01	2.098180e+02
4.960000e-06	3.215252e-06	8.857545e-10	1.730682e+01	2.076767e+02
4.970000e-06	3.159868e-06	8.760343e-10	1.700870e+01	2.054961e+02
4.980000e-06	3.104265e-06	8.670192e-10	1.670941e+01	2.032759e+02
4.990000e-06	3.048447e-06	8.584570e-10	1.640895e+01	2.010160e+02
5.000000e-06	2.992376e-06	8.494527e-10	1.610714e+01	1.987164e+02
5.010000e-06	2.936050e-06	8.394794e-10	1.580395e+01	1.963774e+02
5.020000e-06	2.879608e-06	8.293960e-10	1.550013e+01	1.939995e+02
5.030000e-06	2.823138e-06	8.205199e-10	1.519618e+01	1.915835e+02
5.040000e-06	2.766504e-06	8.124615e-10	1.489133e+01	1.891303e+02
5.050000e-06	2.709693e-06	8.035755e-10	1.458553e+01	1.866409e+02
5.060000e-06	2.652704e-06	7.934175e-10	1.427878e+01	1.841166e+02
5.070000e-06	2.595511e-06	7.822254e-10	1.397092e+01	1.815586e+02
5.080000e-06	2.538198e-06	7.708256e-10	1.366242e+01	1.789683e+02
5.090000e-06	2.480780e-06	7.593775e-10	1.335335e+01	1.763473e+02
5.100000e-06	2.423268e-06	7.477166e-10	1.304378e+01	1.736969e+02
5.110000e-06	2.365542e-06	7.360571e-10	1.273306e+01	1.710187e+02
5.120000e-06	2.307539e-06	7.242888e-10	1.242085e+01	1.683139e+02
5.130000e-06	2.249286e-06	7.125782e-10	1.210729e+01	1.655839e+02
5.140000e-06	2.190833e-06	7.017827e-10	1.179265e+01	1.628300e+02
5.150000e-06	2.132293e-06	6.908017e-10	1.147754e+01	1.600533e+02
5.160000e-06	2.073609e-06	6.787749e-10	1.116167e+01	1.572545e+02
5.170000e-06	2.014692e-06	6.665078e-10	1.084453e+01	1.544346e+02
5.180000e-06	1.955590e-06	6.545690e-10	1.052640e+01	1.515941e+02
5.190000e-06	1.896395e-06	6.428000e-10	1.020777e+01	1.487332e+02
5.200000e-06	1.837144e-06	6.298954e-10	9.888840e+00	1.458522e+02
5.210000e-06	1.777769e-06	6.162845e-10	9.569240e+00	1.429509e+02
5.220000e-06	1.718239e-06	6.034186e-10	9.248806e+00	1.400291e+02
5.230000e-06	1.658579e-06	5.915413e-10	8.927674e+00	1.370863e+02
5.240000e-06	1.598801e-06	5.790444e-10	8.605906e+00	1.341216e+02
5.250000e-06	1.538913e-06	5.650681e-10	8.283545e+00	1.311342e+02
5.260000e-06	1.478962e-06	5.506892e-10	7.960843e+00	1.281229e+02
5.270000e-06	1.418929e-06	5.371148e-10	7.637705e+00	1.250865e+02
5.280000e-06	1.358793e-06	5.245030e-10	7.314007e+00	1.220236e+02
5.290000e-06	1.298586e-06	5.112913e-10	6.989932e+00	1.189326e+02
5.300000e-06	1.238365e-06	4.963604e-10	6.665777e+00	1.158119e+02
5.310000e-06	1.178127e-06	4.817142e-10	6.341535e+00	1.126598e+02
5.320000e-06	1.117814e-06	4.687080e-10	6.016887e+00	1.094746e+02
5.330000e-06	1.057469e-06	4.563974e-10	5.692062e+00	1.062545e+02
5.340000e-06	9.971109e-07	4.438491e-10	5.367173e+00	1.029977e+02
5.350000e-06	9.366052e-07	4.303542e-10	5.041488e+00	9.970264e+01
5.360000e-06	8.760146e-07	4.154210e-10	4.715345e+00	9.636763e+01
5.370000e-06	8.154709e-07	4.010288e-10	4.389455e+00	9.299116e+01
5.380000e-06	7.549420e-07	3.876902e-10	4.063645e+00	8.957181e+01
5.390000e-06	6.943956e-07	3.727400e-10	3.737740e+00	8.610834e+01
5.400000e-06	6.337662e-07	3.560142e-10	3.411389e+00	8.259962e+01
5.410000e-06	5.730796e-07	3.400868e-10	3.084729e+00	7.904473e+01
5.420000e-06	5.122932e-07	3.259358e-10	2.757533e+00	7.544294e+01
5.430000e-06	4.513910e-07	3.119013e-10	2.429713e+00	7.179372e+01
5.440000e-06	3.904934e-07	2.971317e-10	2.101919e+00	6.809675e+01
5.450000e-06	3.295818e-07	2.808485e-10	1.774048e+00	6.435194e+01
5.460000e-06	2.686888e-07	2.637833e-10	1.446278e+00	6.055942e+01
5.470000e-06	2.078521e-07	2.468409e-10	1.118811e+00	5.671956e+01
5.480000e-06	1.470535e-07	2.302771e-10	7.915484e-01	5.283296e+01
5.490000e-06	8.633806e-08	2.141131e-10	4.647340e-01	4.890045e+01
5.500000e-06	2.551818e-08	1.978036e-10	1.373574e-01	4.492308e+01
5.510000e-06	-3.553117e-08	1.811197e-10	-1.912545e-01	4.090215e+01
5.520000e-06	-9.654872e-08	1.643301e-10	-5.196951e-01	3.683914e+01
5.530000e-06	-1.573585e-07	1.477208e-10	-8.470172e-01	3.273579e+01
5.540000e-06	-2.181094e-07	1.309857e-10	-1.174023e+00	2.859401e+01
5.550000e-06	-2.789911e-07	1.139313e-10	-1.501732e+00	2.441591e+01
5.560000e-06	-3.398768e-07	9.615085e-11	-1.829463e+00	2.020380e+01
5.570000e-06	-4.007031e-07	7.793530e-11	-2.156874e+00	1.596016e+01
5.580000e-06	-4.614852e-07	5.936850e-11	-2.484048e+00	1.168763e+01
5.590000e-06	-5.222658e-07	4.011029e-11	-2.811213e+00	7.389018e+00
5.600000e-06	-5.831230e-07	2.163515e-11	-3.138791e+00	3.067272e+00
5.610000e-06	-6.438002e-07	3.741607e-12	-3.465399e+00	-1.274532e+00
5.620000e-06	-7.043762e-07	-1.432180e-11	-3.791463e+00	-5.633193e+00
5.630000e-06	-7.649588e-07	-3.275394e-11	-4.117562e+00	-1.000541e+01
5.640000e-06	-8.254787e-07	-5.312589e-11	-4.443325e+00	-1.438777e+01
5.650000e-06	-8.860092e-07	-7.389148e-11	-4.769143e+00	-1.877680e+01
5.660000e-06	-9.464576e-07	-9.327512e-11	-5.094521e+00	-2.316896e+01
5.670000e-06	-1.006866e-06	-1.118282e-10	-5.419684e+00	-2.756064e+01
5.680000e-06	-1.067284e-06	-1.291144e-10	-5.744894e+00	-3.194821e+01
5.690000e-06	-1.127688e-06	-1.466264e-10	-6.070033e+00	-3.632802e+01
5.700000e-06	-1.187952e-06	-1.654971e-10	-6.394416e+00	-4.069641e+01
5.710000e-06	-1.248059e-06	-1.837184e-10	-6.717957e+00	-4.504973e+01
5.720000e-06	-1.308148e-06	-2.013606e-10	-7.041400e+00	-4.938439e+01
5.730000e-06	-1.368160e-06	-2.194806e-10	-7.364428e+00	-5.369682e+01
5.740000e-06	-1.428086e-06	-2.377414e-10	-7.686992e+00	-5.798354e+01
5.750000e-06	-1.487955e-06	-2.560752e-10	-8.009251e+00	-6.224114e+01
5.760000e-06	-1.547775e-06	-2.753207e-10	-8.331245e+00	-6.646635e+01
5.770000e-06	-1.607518e-06	-2.946955e-10	-8.652824e+00	-7.065599e+01
5.780000e-06	-1.667127e-06	-3.139397e-10	-8.973687e+00	-7.480705e+01
5.790000e-06	-1.726607e-06	-3.333536e-10	-9.293852e+00	-7.891668e+01
5.800000e-06	-1.785958e-06	-3.520736e-10	-9.613320e+00	-8.298221e+01
5.810000e-06	-1.845103e-06	-3.689807e-10	-9.931682e+00	-8.700116e+01
5.820000e-06	-1.904190e-06	-3.850296e-10	-1.024973e+01	-9.097128e+01
5.830000e-06	-1.963231e-06	-4.026110e-10	-1.056753e+01	-9.489053e+01
5.840000e-06	-2.022043e-06	-4.208439e-10	-1.088410e+01	-9.875711e+01
5.850000e-06	-2.080707e-06	-4.378133e-10	-1.119987e+01	-1.025695e+02
5.860000e-06	-2.139250e-06	-4.532540e-10	-1.151499e+01	-1.063263e+02
5.870000e-06	-2.197547e-06	-4.684166e-10	-1.182879e+01	-1.100266e+02
5.880000e-06	-2.255591e-06	-4.843782e-10	-1.214123e+01	-1.136695e+02
5.890000e-06	-2.313540e-06	-4.999340e-10	-1.245315e+01	-1.172545e+02
5.900000e-06	-2.371403e-06	-5.147146e-10	-1.276461e+01	-1.207814e+02
5.910000e-06	-2.429031e-06	-5.293042e-10	-1.307480e+01	-1.242502e+02
5.920000e-06	-2.486391e-06	-5.436791e-10	-1.338356e+01	-1.276610e+02
5.930000e-06	-2.543593e-06	-5.591141e-10	-1.369146e+01	-1.310143e+02
5.940000e-06	-2.600671e-06	-5.756504e-10	-1.399869e+01	-1.343107e+02
5.950000e-06	-2.657596e-06	-5.912544e-10	-1.430510e+01	-1.375512e+02
5.960000e-06	-2.714402e-06	-6.049762e-10	-1.461088e+01	-1.407367e+02
5.970000e-06	-2.771067e-06	-6.179423e-10	-1.491589e+01	-1.438684e+02
5.980000e-06	-2.827542e-06	-6.309784e-10	-1.521988e+01	-1.469478e+02
5.990000e-06	-2.883826e-06	-6.438506e-10	-1.552284e+01	-1.499761e+02
6.000000e-06	-2.939954e-06	-6.553127e-10	-1.582496e+01	-1.529550e+02
6.010000e-06	-2.995872e-06	-6.657076e-10	-1.612596e+01	-1.558861e+02
6.020000e-06	-3.051573e-06	-6.763822e-10	-1.642578e+01	-1.587710e+02
6.030000e-06	-3.107164e-06	-6.883878e-10	-1.672501e+01	-1.616114e+02
6.040000e-06	-3.162477e-06	-7.016348e-10	-1.702274e+01	-1.644091e+02
6.050000e-06	-3.217450e-06	-7.139787e-10	-1.731865e+01	-1.671656e+02
6.060000e-06	-3.272278e-06	-7.251572e-10	-1.761377e+01	-1.698826e+02
6.070000e-06	-3.326699e-06	-7.358760e-10	-1.790670e+01	-1.725617e+02
6.080000e-06	-3.380566e-06	-7.467309e-10	-1.819666e+01	-1.752045e+02
6.090000e-06	-3.434150e-06	-7.581163e-10	-1.848509e+01	-1.778123e+02
6.100000e-06	-3.487451e-06	-7.695002e-10	-1.877199e+01	-1.803865e+02
6.110000e-06	-3.540385e-06	-7.797873e-10	-1.905691e+01	-1.829283e+02
6.120000e-06	-3.593060e-06	-7.895766e-10	-1.934045e+01	-1.854390e+02
6.130000e-06	-3.645489e-06	-8.003970e-10	-1.962266e+01	-1.879196e+02
6.140000e-06	-3.697558e-06	-8.111875e-10	-1.990294e+01	-1.903710e+02
6.150000e-06	-3.749290e-06	-8.214996e-10	-2.018140e+01	-1.927940e+02
6.160000e-06	-3.800671e-06	-8.319952e-10	-2.045796e+01	-1.951895e+02
6.170000e-06	-3.851788e-06	-8.421988e-10	-2.073311e+01	-1.975582e+02
6.180000e-06	-3.902717e-06	-8.511209e-10	-2.100725e+01	-1.999004e+02
6.190000e-06	-3.953351e-06	-8.588213e-10	-2.127980e+01	-2.022169e+02
6.200000e-06	-4.003584e-06	-8.666220e-10	-2.155019e+01	-2.045080e+02
6.210000e-06	-4.053353e-06	-8.751488e-10	-2.181808e+01	-2.067740e+02
6.220000e-06	-4.102806e-06	-8.841482e-10	-2.208428e+01	-2.090154e+02
6.230000e-06	-4.151876e-06	-8.926516e-10	-2.234840e+01	-2.112324e+02
6.240000e-06	-4.200573e-06	-9.003641e-10	-2.261053e+01	-2.134252e+02
6.250000e-06	-4.249065e-06	-9.087318e-10	-2.287155e+01	-2.155942e+02
6.260000e-06	-4.297140e-06	-9.175004e-10	-2.313032e+01	-2.177394e+02
6.270000e-06	-4.344812e-06	-9.256417e-10	-2.338693e+01	-2.198612e+02
6.280000e-06	-4.392084e-06	-9.339715e-10	-2.364138e+01	-2.219597e+02
6.290000e-06	-4.438911e-06	-9.438655e-10	-2.389343e+01	-2.240351e+02
6.300000e-06	-4.485568e-06	-9.537333e-10	-2.414458e+01	-2.260875e+02
6.310000e-06	-4.532076e-06	-9.620919e-10	-2.439491e+01	-2.281172e+02
6.320000e-06	-4.578142e-06	-9.697544e-10	-2.464288e+01	-2.301244e+02
6.330000e-06	-4.623773e-06	-9.772362e-10	-2.488850e+01	-2.321091e+02
6.340000e-06	-4.669206e-06	-9.857224e-10	-2.513305e+01	-2.340715e+02
6.350000e-06	-4.714407e-06	-9.950193e-10	-2.537635e+01	-2.360117e+02
6.360000e-06	-4.759280e-06	-1.003720e-09	-2.561789e+01	-2.379298e+02
6.370000e-06	-4.803834e-06	-1.011325e-09	-2.585771e+01	-2.398258e+02
6.380000e-06	-4.848193e-06	-1.018512e-09	-2.609649e+01	-2.416997e+02
6.390000e-06	-4.892388e-06	-1.025817e-09	-2.633438e+01	-2.435514e+02
6.400000e-06	-4.936303e-06	-1.032822e-09	-2.657076e+01	-2.453808e+02
6.410000e-06	-4.979859e-06	-1.039694e-09	-2.680521e+01	-2.471877e+02
6.420000e-06	-5.023122e-06	-1.047404e-09	-2.703808e+01	-2.489718e+02
6.430000e-06	-5.066085e-06	-1.055193e-09	-2.726934e+01	-2.507328e+02
6.440000e-06	-5.108640e-06	-1.062682e-09	-2.749840e+01	-2.524703e+02
6.450000e-06	-5.150896e-06	-1.070009e-09	-2.772586e+01	-2.541837e+02
6.460000e-06	-5.192825e-06	-1.076246e-09	-2.795154e+01	-2.558726e+02
6.470000e-06	-5.234256e-06	-1.082515e-09	-2.817456e+01	-2.575362e+02
6.480000e-06	-5.275324e-06	-1.089773e-09	-2.839561e+01	-2.591739e+02
6.490000e-06	-5.316106e-06	-1.097352e-09	-2.861514e+01	-2.607850e+02
6.500000e-06	-5.356625e-06	-1.105088e-09	-2.883324e+01	-2.623687e+02
6.510000e-06	-5.396971e-06	-1.112606e-09	-2.905041e+01	-2.639242e+02
6.520000e-06	-5.436922e-06	-1.118583e-09	-2.926545e+01	-2.654508e+02
6.530000e-06	-5.476343e-06	-1.123067e-09	-2.947764e+01	-2.669476e+02
6.540000e-06	-5.515384e-06	-1.127792e-09	-2.968779e+01	-2.684139e+02
6.550000e-06	-5.553946e-06	-1.134028e-09	-2.989536e+01	-2.698491e+02
6.560000e-06	-5.591851e-06	-1.140800e-09	-3.009939e+01	-2.712524e+02
6.570000e-06	-5.629204e-06	-1.146757e-09	-3.030045e+01	-2.726235e+02
6.580000e-06	-5.666056e-06	-1.152287e-09	-3.049882e+01	-2.739618e+02
6.590000e-06	-5.702508e-06	-1.157068e-09	-3.069503e+01	-2.752672e+02
6.600000e-06	-5.738614e-06	-1.161131e-09	-3.088938e+01	-2.765393e+02
6.610000e-06	-5.774350e-06	-1.164516e-09	-3.108174e+01	-2.777783e+02
6.620000e-06	-5.809771e-06	-1.167396e-09	-3.127239e+01	-2.789844e+02
6.630000e-06	-5.844886e-06	-1.171239e-09	-3.146141e+01	-2.801578e+02
6.640000e-06	-5.879607e-06	-1.175019e-09	-3.164831e+01	-2.812991e+02
6.650000e-06	-5.913815e-06	-1.178804e-09	-3.183244e+01	-2.824091e+02
6.660000e-06	-5.947534e-06	-1.183454e-09	-3.201394e+01	-2.834886e+02
6.670000e-06	-5.980927e-06	-1.186916e-09	-3.219368e+01	-2.845388e+02
6.680000e-06	-6.013945e-06	-1.189066e-09	-3.237141e+01	-2.855609e+02
6.690000e-06	-6.046465e-06	-1.191582e-09	-3.254646e+01	-2.865562e+02
6.700000e-06	-6.078613e-06	-1.194669e-09	-3.271950e+01	-2.875264e+02
6.710000e-06	-6.110447e-06	-1.198275e-09	-3.289085e+01	-2.884731e+02
6.720000e-06	-6.141899e-06	-1.202258e-09	-3.306015e+01	-2.893981e+02
6.730000e-06	-6.172777e-06	-1.205256e-09	-3.322636e+01	-2.903032e+02
6.740000e-06	-6.202993e-06	-1.206651e-09	-3.338900e+01	-2.911902e+02
6.750000e-06	-6.232655e-06	-1.208652e-09	-3.354867e+01	-2.920611e+02
6.760000e-06	-6.261754e-06	-1.211729e-09	-3.370530e+01	-2.929178e+02
6.770000e-06	-6.290387e-06	-1.213870e-09	-3.385942e+01	-2.937621e+02
6.780000e-06	-6.318682e-06	-1.215847e-09	-3.401172e+01	-2.945958e+02
6.790000e-06	-6.346574e-06	-1.217802e-09	-3.416186e+01	-2.954206e+02
6.800000e-06	-6.374075e-06	-1.217866e-09	-3.430989e+01	-2.962380e+02
6.810000e-06	-6.401267e-06	-1.218300e-09	-3.445626e+01	-2.970495e+02
6.820000e-06	-6.428104e-06	-1.220118e-09	-3.460071e+01	-2.978562e+02
6.830000e-06	-6.454437e-06	-1.221729e-09	-3.474246e+01	-2.986593e+02
6.840000e-06	-6.480117e-06	-1.223880e-09	-3.488068e+01	-2.994595e+02
6.850000e-06	-6.505284e-06	-1.226144e-09	-3.501615e+01	-3.002574e+02
6.860000e-06	-6.530192e-06	-1.228388e-09	-3.515023e+01	-3.010536e+02
6.870000e-06	-6.554815e-06	-1.230400e-09	-3.528276e+01	-3.018481e+02
6.880000e-06	-6.579056e-06	-1.232453e-09	-3.541324e+01	-3.026410e+02
6.890000e-06	-6.602856e-06	-1.235894e-09	-3.554135e+01	-3.034319e+02
6.900000e-06	-6.626134e-06	-1.238713e-09	-3.566666e+01	-3.042203e+02
6.910000e-06	-6.648685e-06	-1.240062e-09	-3.578804e+01	-3.050056e+02
6.920000e-06	-6.670552e-06	-1.241830e-09	-3.590574e+01	-3.057869e+02
6.930000e-06	-6.691824e-06	-1.244388e-09	-3.602024e+01	-3.065632e+02
6.940000e-06	-6.712548e-06	-1.246715e-09	-3.613180e+01	-3.073334e+02
6.950000e-06	-6.732938e-06	-1.248333e-09	-3.624155e+01	-3.080961e+02
6.960000e-06	-6.752961e-06	-1.250354e-09	-3.634933e+01	-3.088501e+02
6.970000e-06	-6.772523e-06	-1.252998e-09	-3.645463e+01	-3.095939e+02
6.980000e-06	-6.791550e-06	-1.255363e-09	-3.655704e+01	-3.103261e+02
6.990000e-06	-6.810055e-06	-1.257102e-09	-3.665665e+01	-3.110454e+02
7.000000e-06	-6.828122e-06	-1.259368e-09	-3.675390e+01	-3.117502e+02
7.010000e-06	-6.845782e-06	-1.262587e-09	-3.684896e+01	-3.124393e+02
7.020000e-06	-6.863020e-06	-1.265250e-09	-3.694175e+01	-3.131114e+02
7.030000e-06	-6.879807e-06	-1.266632e-09	-3.703210e+01	-3.137653e+02
7.040000e-06	-6.896224e-06	-1.268955e-09	-3.712047e+01	-3.144000e+02
7.050000e-06	-6.912247e-06	-1.272121e-09	-3.720672e+01	-3.150146e+02
7.060000e-06	-6.927741e-06	-1.273673e-09	-3.729012e+01	-3.156083e+02
7.070000e-06	-6.942527e-06	-1.274608e-09	-3.736971e+01	-3.161805e+02
7.080000e-06	-6.956528e-06	-1.276485e-09	-3.744508e+01	-3.167307e+02
7.090000e-06	-6.969822e-06	-1.278889e-09	-3.751663e+01	-3.172586e+02
7.100000e-06	-6.982429e-06	-1.280275e-09	-3.758449e+01	-3.177641e+02
7.110000e-06	-6.994496e-06	-1.281019e-09	-3.764944e+01	-3.182470e+02
7.120000e-06	-7.006147e-06	-1.282071e-09	-3.771216e+01	-3.187075e+02
7.130000e-06	-7.017334e-06	-1.283625e-09	-3.777238e+01	-3.191458e+02
7.140000e-06	-7.027987e-06	-1.285225e-09	-3.782972e+01	-3.195622e+02
7.150000e-06	-7.038152e-06	-1.285237e-09	-3.788443e+01	-3.199571e+02
7.160000e-06	-7.047844e-06	-1.285025e-09	-3.793660e+01	-3.203308e+02
7.170000e-06	-7.057030e-06	-1.286549e-09	-3.798605e+01	-3.206838e+02
7.180000e-06	-7.065759e-06	-1.288189e-09	-3.803304e+01	-3.210167e+02
7.190000e-06	-7.074110e-06	-1.288543e-09	-3.807798e+01	-3.213298e+02
7.200000e-06	-7.082136e-06	-1.288780e-09	-3.812119e+01	-3.216237e+02
7.210000e-06	-7.089738e-06	-1.288710e-09	-3.816210e+01	-3.218986e+02
7.220000e-06	-7.096625e-06	-1.287390e-09	-3.819918e+01	-3.221549e+02
7.230000e-06	-7.102748e-06	-1.286343e-09	-3.823214e+01	-3.223928e+02
7.240000e-06	-7.108244e-06	-1.285840e-09	-3.826172e+01	-3.226126e+02
7.250000e-06	-7.113193e-06	-1.285523e-09	-3.828836e+01	-3.228141e+02
7.260000e-06	-7.117722e-06	-1.286153e-09	-3.831273e+01	-3.229976e+02
7.270000e-06	-7.121794e-06	-1.285934e-09	-3.833465e+01	-3.231627e+02
7.280000e-06	-7.125336e-06	-1.284636e-09	-3.835372e+01	-3.233092e+02
7.290000e-06	-7.128489e-06	-1.284535e-09	-3.837069e+01	-3.234370e+02
7.300000e-06	-7.131275e-06	-1.284737e-09	-3.838569e+01	-3.235455e+02
7.310000e-06	-7.133516e-06	-1.284480e-09	-3.839775e+01	-3.236343e+02
7.320000e-06	-7.135183e-06	-1.284003e-09	-3.840673e+01	-3.237029e+02
7.330000e-06	-7.136383e-06	-1.283950e-09	-3.841318e+01	-3.237509e+02
7.340000e-06	-7.137189e-06	-1.283743e-09	-3.841752e+01	-3.237777e+02
