# Temperatura_=_-15.3
# Concentracion g/m^3_=_7400.0
# C_Vs_to_Am_M_A/Vsm_=_254322799225.57578
# pendiente_HvsI_1/m_=_3716.3
# ordenada_HvsI_A/m_=_1297.0
# frecuencia_Hz_=_136115.11117205856

Tiempo_(s)	Campo_(V.s)	Magnetizacion_(V.s)	Campo_(kA/m)	Magnetizacion_(A/m)
0.000000e+00	-7.144022e-06	-1.257752e-09	-3.843067e+01	-3.187812e+02
1.000000e-08	-7.144297e-06	-1.256175e-09	-3.843215e+01	-3.188116e+02
2.000000e-08	-7.144212e-06	-1.256063e-09	-3.843170e+01	-3.188209e+02
3.000000e-08	-7.143791e-06	-1.255359e-09	-3.842943e+01	-3.188090e+02
4.000000e-08	-7.142737e-06	-1.253555e-09	-3.842376e+01	-3.187761e+02
5.000000e-08	-7.140848e-06	-1.252828e-09	-3.841360e+01	-3.187225e+02
6.000000e-08	-7.138181e-06	-1.252152e-09	-3.839925e+01	-3.186485e+02
7.000000e-08	-7.134930e-06	-1.248341e-09	-3.838176e+01	-3.185546e+02
8.000000e-08	-7.131331e-06	-1.251217e-09	-3.836240e+01	-3.184415e+02
9.000000e-08	-7.127252e-06	-1.271470e-09	-3.834046e+01	-3.183099e+02
1.000000e-07	-7.122300e-06	-1.252258e-09	-3.831382e+01	-3.181606e+02
1.100000e-07	-7.116483e-06	-1.168786e-09	-3.828253e+01	-3.179946e+02
1.200000e-07	-7.110234e-06	-1.201891e-09	-3.824891e+01	-3.178127e+02
1.300000e-07	-7.104112e-06	-1.353969e-09	-3.821598e+01	-3.176161e+02
1.400000e-07	-7.097860e-06	-1.318764e-09	-3.818235e+01	-3.174059e+02
1.500000e-07	-7.090801e-06	-1.117963e-09	-3.814438e+01	-3.171830e+02
1.600000e-07	-7.083095e-06	-1.158293e-09	-3.810292e+01	-3.169486e+02
1.700000e-07	-7.075195e-06	-1.397342e-09	-3.806042e+01	-3.167037e+02
1.800000e-07	-7.066971e-06	-1.310939e-09	-3.801619e+01	-3.164493e+02
1.900000e-07	-7.057864e-06	-1.029808e-09	-3.796719e+01	-3.161863e+02
2.000000e-07	-7.047728e-06	-1.152040e-09	-3.791266e+01	-3.159156e+02
2.100000e-07	-7.037203e-06	-1.454682e-09	-3.785605e+01	-3.156379e+02
2.200000e-07	-7.026431e-06	-1.300877e-09	-3.779810e+01	-3.153539e+02
2.300000e-07	-7.014926e-06	-1.024559e-09	-3.773621e+01	-3.150641e+02
2.400000e-07	-7.002784e-06	-1.195218e-09	-3.767089e+01	-3.147689e+02
2.500000e-07	-6.990202e-06	-1.394328e-09	-3.760321e+01	-3.144684e+02
2.600000e-07	-6.977087e-06	-1.188194e-09	-3.753266e+01	-3.141629e+02
2.700000e-07	-6.963192e-06	-1.079373e-09	-3.745791e+01	-3.138523e+02
2.800000e-07	-6.948770e-06	-1.296312e-09	-3.738033e+01	-3.135363e+02
2.900000e-07	-6.933632e-06	-1.298278e-09	-3.729890e+01	-3.132148e+02
3.000000e-07	-6.917521e-06	-1.106429e-09	-3.721223e+01	-3.128872e+02
3.100000e-07	-6.900811e-06	-1.199055e-09	-3.712234e+01	-3.125530e+02
3.200000e-07	-6.883976e-06	-1.321788e-09	-3.703178e+01	-3.122115e+02
3.300000e-07	-6.866822e-06	-1.130008e-09	-3.693950e+01	-3.118621e+02
3.400000e-07	-6.848993e-06	-1.104728e-09	-3.684359e+01	-3.115038e+02
3.500000e-07	-6.830739e-06	-1.343738e-09	-3.674539e+01	-3.111359e+02
3.600000e-07	-6.812011e-06	-1.269725e-09	-3.664465e+01	-3.107574e+02
3.700000e-07	-6.792781e-06	-1.037380e-09	-3.654120e+01	-3.103675e+02
3.800000e-07	-6.773242e-06	-1.186086e-09	-3.643609e+01	-3.099652e+02
3.900000e-07	-6.753436e-06	-1.335866e-09	-3.632955e+01	-3.095496e+02
4.000000e-07	-6.733236e-06	-1.140122e-09	-3.622088e+01	-3.091200e+02
4.100000e-07	-6.712519e-06	-1.095596e-09	-3.610944e+01	-3.086755e+02
4.200000e-07	-6.691227e-06	-1.278006e-09	-3.599490e+01	-3.082155e+02
4.300000e-07	-6.669448e-06	-1.217894e-09	-3.587774e+01	-3.077394e+02
4.400000e-07	-6.647121e-06	-1.098868e-09	-3.575764e+01	-3.072467e+02
4.500000e-07	-6.624330e-06	-1.212749e-09	-3.563503e+01	-3.067371e+02
4.600000e-07	-6.601155e-06	-1.222928e-09	-3.551036e+01	-3.062102e+02
4.700000e-07	-6.577601e-06	-1.096913e-09	-3.538366e+01	-3.056659e+02
4.800000e-07	-6.553759e-06	-1.168580e-09	-3.525540e+01	-3.051043e+02
4.900000e-07	-6.529547e-06	-1.248989e-09	-3.512515e+01	-3.045255e+02
5.000000e-07	-6.504731e-06	-1.130139e-09	-3.499166e+01	-3.039296e+02
5.100000e-07	-6.479167e-06	-1.108329e-09	-3.485414e+01	-3.033171e+02
5.200000e-07	-6.452847e-06	-1.203641e-09	-3.471255e+01	-3.026885e+02
5.300000e-07	-6.425811e-06	-1.162024e-09	-3.456712e+01	-3.020441e+02
5.400000e-07	-6.398302e-06	-1.108472e-09	-3.441913e+01	-3.013848e+02
5.500000e-07	-6.370578e-06	-1.165361e-09	-3.426999e+01	-3.007110e+02
5.600000e-07	-6.342500e-06	-1.160497e-09	-3.411895e+01	-3.000236e+02
5.700000e-07	-6.313958e-06	-1.115376e-09	-3.396541e+01	-2.993233e+02
5.800000e-07	-6.284981e-06	-1.144515e-09	-3.380953e+01	-2.986108e+02
5.900000e-07	-6.255586e-06	-1.150016e-09	-3.365141e+01	-2.978868e+02
6.000000e-07	-6.225784e-06	-1.109839e-09	-3.349109e+01	-2.971520e+02
6.100000e-07	-6.195589e-06	-1.120930e-09	-3.332866e+01	-2.964071e+02
6.200000e-07	-6.164974e-06	-1.137697e-09	-3.316397e+01	-2.956526e+02
6.300000e-07	-6.133855e-06	-1.118089e-09	-3.299656e+01	-2.948889e+02
6.400000e-07	-6.102420e-06	-1.114022e-09	-3.282746e+01	-2.941166e+02
6.500000e-07	-6.070736e-06	-1.115644e-09	-3.265702e+01	-2.933357e+02
6.600000e-07	-6.038795e-06	-1.103022e-09	-3.248520e+01	-2.925465e+02
6.700000e-07	-6.006414e-06	-1.105682e-09	-3.231100e+01	-2.917490e+02
6.800000e-07	-5.973256e-06	-1.109369e-09	-3.213264e+01	-2.909431e+02
6.900000e-07	-5.939370e-06	-1.098035e-09	-3.195035e+01	-2.901285e+02
7.000000e-07	-5.904839e-06	-1.094125e-09	-3.176459e+01	-2.893048e+02
7.100000e-07	-5.869744e-06	-1.090330e-09	-3.157580e+01	-2.884717e+02
7.200000e-07	-5.834242e-06	-1.080787e-09	-3.138482e+01	-2.876284e+02
7.300000e-07	-5.798518e-06	-1.082506e-09	-3.119265e+01	-2.867742e+02
7.400000e-07	-5.762573e-06	-1.081060e-09	-3.099928e+01	-2.859083e+02
7.500000e-07	-5.726312e-06	-1.067933e-09	-3.080422e+01	-2.850299e+02
7.600000e-07	-5.689737e-06	-1.066835e-09	-3.060747e+01	-2.841380e+02
7.700000e-07	-5.652763e-06	-1.071141e-09	-3.040857e+01	-2.832315e+02
7.800000e-07	-5.615369e-06	-1.063098e-09	-3.020741e+01	-2.823094e+02
7.900000e-07	-5.577434e-06	-1.053191e-09	-3.000334e+01	-2.813706e+02
8.000000e-07	-5.538988e-06	-1.048900e-09	-2.979653e+01	-2.804141e+02
8.100000e-07	-5.500092e-06	-1.043676e-09	-2.958729e+01	-2.794389e+02
8.200000e-07	-5.460748e-06	-1.041919e-09	-2.937564e+01	-2.784440e+02
8.300000e-07	-5.421213e-06	-1.041213e-09	-2.916297e+01	-2.774284e+02
8.400000e-07	-5.381584e-06	-1.035099e-09	-2.894978e+01	-2.763912e+02
8.500000e-07	-5.341740e-06	-1.027860e-09	-2.873545e+01	-2.753318e+02
8.600000e-07	-5.301504e-06	-1.025095e-09	-2.851900e+01	-2.742493e+02
8.700000e-07	-5.260701e-06	-1.021950e-09	-2.829950e+01	-2.731433e+02
8.800000e-07	-5.219397e-06	-1.015925e-09	-2.807731e+01	-2.720132e+02
8.900000e-07	-5.177662e-06	-1.007555e-09	-2.785280e+01	-2.708586e+02
9.000000e-07	-5.135405e-06	-9.996363e-10	-2.762548e+01	-2.696795e+02
9.100000e-07	-5.092537e-06	-9.959711e-10	-2.739488e+01	-2.684756e+02
9.200000e-07	-5.049180e-06	-9.932286e-10	-2.716164e+01	-2.672469e+02
9.300000e-07	-5.005501e-06	-9.870171e-10	-2.692668e+01	-2.659935e+02
9.400000e-07	-4.961559e-06	-9.800328e-10	-2.669029e+01	-2.647157e+02
9.500000e-07	-4.917394e-06	-9.755096e-10	-2.645271e+01	-2.634137e+02
9.600000e-07	-4.872911e-06	-9.719497e-10	-2.621342e+01	-2.620879e+02
9.700000e-07	-4.828104e-06	-9.668374e-10	-2.597239e+01	-2.607387e+02
9.800000e-07	-4.782930e-06	-9.595321e-10	-2.572937e+01	-2.593665e+02
9.900000e-07	-4.737324e-06	-9.515217e-10	-2.548404e+01	-2.579720e+02
1.000000e-06	-4.691432e-06	-9.456586e-10	-2.523717e+01	-2.565556e+02
1.010000e-06	-4.645290e-06	-9.425907e-10	-2.498895e+01	-2.551178e+02
1.020000e-06	-4.598672e-06	-9.379712e-10	-2.473817e+01	-2.536593e+02
1.030000e-06	-4.551738e-06	-9.305425e-10	-2.448569e+01	-2.521803e+02
1.040000e-06	-4.504658e-06	-9.230860e-10	-2.423243e+01	-2.506814e+02
1.050000e-06	-4.457245e-06	-9.184802e-10	-2.397738e+01	-2.491630e+02
1.060000e-06	-4.409577e-06	-9.143940e-10	-2.372095e+01	-2.476254e+02
1.070000e-06	-4.361759e-06	-9.093822e-10	-2.346372e+01	-2.460687e+02
1.080000e-06	-4.313623e-06	-9.031376e-10	-2.320478e+01	-2.444931e+02
1.090000e-06	-4.264858e-06	-8.963097e-10	-2.294245e+01	-2.428987e+02
1.100000e-06	-4.215595e-06	-8.894796e-10	-2.267744e+01	-2.412854e+02
1.110000e-06	-4.166019e-06	-8.834101e-10	-2.241075e+01	-2.396530e+02
1.120000e-06	-4.115932e-06	-8.772833e-10	-2.214131e+01	-2.380012e+02
1.130000e-06	-4.065332e-06	-8.701846e-10	-2.186911e+01	-2.363296e+02
1.140000e-06	-4.014421e-06	-8.628177e-10	-2.159524e+01	-2.346379e+02
1.150000e-06	-3.963263e-06	-8.569581e-10	-2.132004e+01	-2.329254e+02
1.160000e-06	-3.911827e-06	-8.518122e-10	-2.104335e+01	-2.311915e+02
1.170000e-06	-3.860065e-06	-8.455040e-10	-2.076490e+01	-2.294356e+02
1.180000e-06	-3.807925e-06	-8.384775e-10	-2.048442e+01	-2.276568e+02
1.190000e-06	-3.755481e-06	-8.308954e-10	-2.020230e+01	-2.258543e+02
1.200000e-06	-3.702725e-06	-8.232528e-10	-1.991850e+01	-2.240274e+02
1.210000e-06	-3.649663e-06	-8.162998e-10	-1.963306e+01	-2.221751e+02
1.220000e-06	-3.596293e-06	-8.089227e-10	-1.934596e+01	-2.202967e+02
1.230000e-06	-3.542757e-06	-8.011818e-10	-1.905797e+01	-2.183912e+02
1.240000e-06	-3.489071e-06	-7.931591e-10	-1.876917e+01	-2.164579e+02
1.250000e-06	-3.435062e-06	-7.861716e-10	-1.847863e+01	-2.144961e+02
1.260000e-06	-3.380806e-06	-7.816417e-10	-1.818676e+01	-2.125049e+02
1.270000e-06	-3.326474e-06	-7.748348e-10	-1.789449e+01	-2.104839e+02
1.280000e-06	-3.272029e-06	-7.643214e-10	-1.760161e+01	-2.084323e+02
1.290000e-06	-3.217218e-06	-7.547492e-10	-1.730676e+01	-2.063498e+02
1.300000e-06	-3.162155e-06	-7.481423e-10	-1.701055e+01	-2.042358e+02
1.310000e-06	-3.106958e-06	-7.406225e-10	-1.671362e+01	-2.020903e+02
1.320000e-06	-3.051466e-06	-7.317932e-10	-1.641511e+01	-1.999128e+02
1.330000e-06	-2.995812e-06	-7.231419e-10	-1.611572e+01	-1.977034e+02
1.340000e-06	-2.940114e-06	-7.133933e-10	-1.581610e+01	-1.954620e+02
1.350000e-06	-2.884229e-06	-7.037138e-10	-1.551547e+01	-1.931887e+02
1.360000e-06	-2.828201e-06	-6.956900e-10	-1.521407e+01	-1.908837e+02
1.370000e-06	-2.771944e-06	-6.876585e-10	-1.491144e+01	-1.885473e+02
1.380000e-06	-2.715407e-06	-6.796447e-10	-1.460731e+01	-1.861797e+02
1.390000e-06	-2.658672e-06	-6.717825e-10	-1.430211e+01	-1.837813e+02
1.400000e-06	-2.601703e-06	-6.634494e-10	-1.399565e+01	-1.813526e+02
1.410000e-06	-2.544569e-06	-6.529515e-10	-1.368830e+01	-1.788940e+02
1.420000e-06	-2.487138e-06	-6.413479e-10	-1.337935e+01	-1.764060e+02
1.430000e-06	-2.429367e-06	-6.318525e-10	-1.306858e+01	-1.738891e+02
1.440000e-06	-2.371310e-06	-6.235647e-10	-1.275627e+01	-1.713437e+02
1.450000e-06	-2.313071e-06	-6.153162e-10	-1.244297e+01	-1.687703e+02
1.460000e-06	-2.254676e-06	-6.066482e-10	-1.212884e+01	-1.661693e+02
1.470000e-06	-2.196029e-06	-5.960760e-10	-1.181335e+01	-1.635411e+02
1.480000e-06	-2.137193e-06	-5.840647e-10	-1.149685e+01	-1.608859e+02
1.490000e-06	-2.078219e-06	-5.725609e-10	-1.117961e+01	-1.582039e+02
1.500000e-06	-2.019003e-06	-5.625444e-10	-1.086106e+01	-1.554953e+02
1.510000e-06	-1.959566e-06	-5.530800e-10	-1.054132e+01	-1.527600e+02
1.520000e-06	-1.900108e-06	-5.431402e-10	-1.022147e+01	-1.499980e+02
1.530000e-06	-1.840631e-06	-5.341451e-10	-9.901520e+00	-1.472091e+02
1.540000e-06	-1.781094e-06	-5.247424e-10	-9.581249e+00	-1.443929e+02
1.550000e-06	-1.721421e-06	-5.133287e-10	-9.260240e+00	-1.415489e+02
1.560000e-06	-1.661675e-06	-5.016744e-10	-8.938845e+00	-1.386767e+02
1.570000e-06	-1.601889e-06	-4.908503e-10	-8.617230e+00	-1.357755e+02
1.580000e-06	-1.542046e-06	-4.807839e-10	-8.295308e+00	-1.328445e+02
1.590000e-06	-1.482169e-06	-4.707670e-10	-7.973204e+00	-1.298829e+02
1.600000e-06	-1.422024e-06	-4.597710e-10	-7.649662e+00	-1.268895e+02
1.610000e-06	-1.361679e-06	-4.478292e-10	-7.325037e+00	-1.238634e+02
1.620000e-06	-1.301292e-06	-4.351860e-10	-7.000193e+00	-1.208033e+02
1.630000e-06	-1.240774e-06	-4.230341e-10	-6.674643e+00	-1.177080e+02
1.640000e-06	-1.180188e-06	-4.119048e-10	-6.348721e+00	-1.145762e+02
1.650000e-06	-1.119623e-06	-4.008430e-10	-6.022916e+00	-1.114067e+02
1.660000e-06	-1.059062e-06	-3.894905e-10	-5.697139e+00	-1.081980e+02
1.670000e-06	-9.984135e-07	-3.784972e-10	-5.370882e+00	-1.049489e+02
1.680000e-06	-9.376261e-07	-3.666987e-10	-5.043882e+00	-1.016580e+02
1.690000e-06	-8.767964e-07	-3.530357e-10	-4.716653e+00	-9.832408e+01
1.700000e-06	-8.159152e-07	-3.397572e-10	-4.389148e+00	-9.494599e+01
1.710000e-06	-7.549979e-07	-3.279283e-10	-4.061448e+00	-9.152261e+01
1.720000e-06	-6.940240e-07	-3.163589e-10	-3.733444e+00	-8.805291e+01
1.730000e-06	-6.329567e-07	-3.048636e-10	-3.404938e+00	-8.453603e+01
1.740000e-06	-5.718666e-07	-2.926921e-10	-3.076309e+00	-8.097122e+01
1.750000e-06	-5.106949e-07	-2.791652e-10	-2.747240e+00	-7.735791e+01
1.760000e-06	-4.495336e-07	-2.654078e-10	-2.418229e+00	-7.369569e+01
1.770000e-06	-3.883887e-07	-2.520848e-10	-2.089305e+00	-6.998435e+01
1.780000e-06	-3.271902e-07	-2.392048e-10	-1.760093e+00	-6.622389e+01
1.790000e-06	-2.660779e-07	-2.260947e-10	-1.431344e+00	-6.241451e+01
1.800000e-06	-2.049283e-07	-2.117778e-10	-1.102395e+00	-5.855665e+01
1.810000e-06	-1.436842e-07	-1.964390e-10	-7.729372e-01	-5.465100e+01
1.820000e-06	-8.253929e-08	-1.813693e-10	-4.440132e-01	-5.069846e+01
1.830000e-06	-2.141763e-08	-1.664261e-10	-1.152144e-01	-4.670019e+01
1.840000e-06	3.982479e-08	-1.509813e-10	2.142342e-01	-4.265761e+01
1.850000e-06	1.011006e-07	-1.356166e-10	5.438621e-01	-3.857237e+01
1.860000e-06	1.623662e-07	-1.211648e-10	8.734354e-01	-3.444637e+01
1.870000e-06	2.236394e-07	-1.076079e-10	1.203050e+00	-3.028175e+01
1.880000e-06	2.849263e-07	-9.371200e-11	1.532737e+00	-2.608088e+01
1.890000e-06	3.462503e-07	-7.824740e-11	1.862624e+00	-2.184636e+01
1.900000e-06	4.075571e-07	-6.230217e-11	2.192420e+00	-1.758098e+01
1.910000e-06	4.687131e-07	-4.640103e-11	2.521403e+00	-1.328775e+01
1.920000e-06	5.297846e-07	-3.118217e-11	2.849932e+00	-8.969837e+00
1.930000e-06	5.908636e-07	-1.719993e-11	3.178502e+00	-4.630586e+00
1.940000e-06	6.518528e-07	-3.061105e-12	3.506588e+00	-2.734804e-01
1.950000e-06	7.127243e-07	1.260134e-11	3.834041e+00	4.097875e+00
1.960000e-06	7.736111e-07	2.897601e-11	4.161577e+00	8.479774e+00
1.970000e-06	8.344776e-07	4.465552e-11	4.489003e+00	1.286843e+01
1.980000e-06	8.951871e-07	5.981717e-11	4.815585e+00	1.726002e+01
1.990000e-06	9.558567e-07	7.498705e-11	5.141952e+00	2.165066e+01
2.000000e-06	1.016530e-06	9.053542e-11	5.468337e+00	2.603650e+01
2.010000e-06	1.077149e-06	1.055331e-10	5.794435e+00	3.041367e+01
2.020000e-06	1.137646e-06	1.208557e-10	6.119871e+00	3.477838e+01
2.030000e-06	1.198094e-06	1.372586e-10	6.445047e+00	3.912688e+01
2.040000e-06	1.258566e-06	1.534902e-10	6.770351e+00	4.345553e+01
2.050000e-06	1.318928e-06	1.688758e-10	7.095062e+00	4.776080e+01
2.060000e-06	1.379083e-06	1.835608e-10	7.418662e+00	5.203928e+01
2.070000e-06	1.439117e-06	1.981854e-10	7.741609e+00	5.628774e+01
2.080000e-06	1.499135e-06	2.125255e-10	8.064470e+00	6.050309e+01
2.090000e-06	1.559071e-06	2.268986e-10	8.386893e+00	6.468245e+01
2.100000e-06	1.618897e-06	2.414659e-10	8.708724e+00	6.882312e+01
2.110000e-06	1.678668e-06	2.561196e-10	9.030254e+00	7.292264e+01
2.120000e-06	1.738389e-06	2.707088e-10	9.351517e+00	7.697874e+01
2.130000e-06	1.798004e-06	2.850517e-10	9.672215e+00	8.098939e+01
2.140000e-06	1.857498e-06	2.994769e-10	9.992257e+00	8.495281e+01
2.150000e-06	1.916831e-06	3.134514e-10	1.031143e+01	8.886743e+01
2.160000e-06	1.976021e-06	3.279524e-10	1.062984e+01	9.273193e+01
2.170000e-06	2.035119e-06	3.423589e-10	1.094775e+01	9.654521e+01
2.180000e-06	2.094080e-06	3.554825e-10	1.126493e+01	1.003064e+02
2.190000e-06	2.152868e-06	3.679999e-10	1.158117e+01	1.040149e+02
2.200000e-06	2.211419e-06	3.805008e-10	1.189614e+01	1.076702e+02
2.210000e-06	2.269831e-06	3.936423e-10	1.221037e+01	1.112722e+02
2.220000e-06	2.328045e-06	4.076046e-10	1.252352e+01	1.148207e+02
2.230000e-06	2.386033e-06	4.213480e-10	1.283547e+01	1.183160e+02
2.240000e-06	2.443820e-06	4.349037e-10	1.314633e+01	1.217582e+02
2.250000e-06	2.501405e-06	4.488909e-10	1.345610e+01	1.251480e+02
2.260000e-06	2.558661e-06	4.610415e-10	1.376410e+01	1.284858e+02
2.270000e-06	2.615510e-06	4.710604e-10	1.406992e+01	1.317724e+02
2.280000e-06	2.672098e-06	4.813075e-10	1.437433e+01	1.350086e+02
2.290000e-06	2.728435e-06	4.922159e-10	1.467739e+01	1.381952e+02
2.300000e-06	2.784659e-06	5.032709e-10	1.497984e+01	1.413332e+02
2.310000e-06	2.840611e-06	5.156164e-10	1.528083e+01	1.444237e+02
2.320000e-06	2.896294e-06	5.290277e-10	1.558037e+01	1.474676e+02
2.330000e-06	2.951860e-06	5.429252e-10	1.587928e+01	1.504659e+02
2.340000e-06	3.007270e-06	5.555492e-10	1.617736e+01	1.534199e+02
2.350000e-06	3.062518e-06	5.657305e-10	1.647456e+01	1.563305e+02
2.360000e-06	3.117549e-06	5.748189e-10	1.677060e+01	1.591989e+02
2.370000e-06	3.172480e-06	5.826349e-10	1.706609e+01	1.620260e+02
2.380000e-06	3.227323e-06	5.898341e-10	1.736111e+01	1.648128e+02
2.390000e-06	3.281991e-06	5.987348e-10	1.765520e+01	1.675604e+02
2.400000e-06	3.336421e-06	6.104780e-10	1.794800e+01	1.702697e+02
2.410000e-06	3.390569e-06	6.232761e-10	1.823929e+01	1.729416e+02
2.420000e-06	3.444489e-06	6.357123e-10	1.852934e+01	1.755769e+02
2.430000e-06	3.498180e-06	6.473703e-10	1.881817e+01	1.781764e+02
2.440000e-06	3.551570e-06	6.571094e-10	1.910538e+01	1.807409e+02
2.450000e-06	3.604728e-06	6.655360e-10	1.939133e+01	1.832711e+02
2.460000e-06	3.657650e-06	6.733499e-10	1.967602e+01	1.857676e+02
2.470000e-06	3.710244e-06	6.812147e-10	1.995895e+01	1.882310e+02
2.480000e-06	3.762493e-06	6.897824e-10	2.024002e+01	1.906620e+02
2.490000e-06	3.814524e-06	6.990023e-10	2.051992e+01	1.930611e+02
2.500000e-06	3.866306e-06	7.088092e-10	2.079847e+01	1.954287e+02
2.510000e-06	3.917707e-06	7.181421e-10	2.107498e+01	1.977653e+02
2.520000e-06	3.968717e-06	7.269614e-10	2.134938e+01	2.000714e+02
2.530000e-06	4.019368e-06	7.355436e-10	2.162186e+01	2.023474e+02
2.540000e-06	4.069665e-06	7.427324e-10	2.189242e+01	2.045936e+02
2.550000e-06	4.119598e-06	7.495447e-10	2.216104e+01	2.068105e+02
2.560000e-06	4.169224e-06	7.572372e-10	2.242800e+01	2.089984e+02
2.570000e-06	4.218451e-06	7.642542e-10	2.269281e+01	2.111576e+02
2.580000e-06	4.267271e-06	7.713913e-10	2.295543e+01	2.132884e+02
2.590000e-06	4.315554e-06	7.791385e-10	2.321517e+01	2.153912e+02
2.600000e-06	4.363322e-06	7.873250e-10	2.347213e+01	2.174662e+02
2.610000e-06	4.410883e-06	7.964407e-10	2.372798e+01	2.195138e+02
2.620000e-06	4.458287e-06	8.061255e-10	2.398298e+01	2.215341e+02
2.630000e-06	4.505477e-06	8.145922e-10	2.423684e+01	2.235274e+02
2.640000e-06	4.552273e-06	8.218943e-10	2.448858e+01	2.254939e+02
2.650000e-06	4.598710e-06	8.300258e-10	2.473838e+01	2.274339e+02
2.660000e-06	4.644917e-06	8.373433e-10	2.498694e+01	2.293475e+02
2.670000e-06	4.690719e-06	8.423564e-10	2.523333e+01	2.312350e+02
2.680000e-06	4.736126e-06	8.468324e-10	2.547760e+01	2.330965e+02
2.690000e-06	4.781312e-06	8.521809e-10	2.572067e+01	2.349321e+02
2.700000e-06	4.826294e-06	8.584966e-10	2.596265e+01	2.367419e+02
2.710000e-06	4.870938e-06	8.661330e-10	2.620280e+01	2.385262e+02
2.720000e-06	4.915230e-06	8.748875e-10	2.644107e+01	2.402849e+02
2.730000e-06	4.959187e-06	8.838298e-10	2.667753e+01	2.420181e+02
2.740000e-06	5.002899e-06	8.920727e-10	2.691268e+01	2.437260e+02
2.750000e-06	5.046359e-06	8.980152e-10	2.714647e+01	2.454087e+02
2.760000e-06	5.089559e-06	9.021254e-10	2.737886e+01	2.470660e+02
2.770000e-06	5.132524e-06	9.066681e-10	2.760998e+01	2.486983e+02
2.780000e-06	5.174965e-06	9.131836e-10	2.783829e+01	2.503054e+02
2.790000e-06	5.216803e-06	9.217038e-10	2.806336e+01	2.518875e+02
2.800000e-06	5.258122e-06	9.299351e-10	2.828563e+01	2.534447e+02
2.810000e-06	5.298862e-06	9.369822e-10	2.850479e+01	2.549772e+02
2.820000e-06	5.339038e-06	9.438229e-10	2.872091e+01	2.564849e+02
2.830000e-06	5.378845e-06	9.503988e-10	2.893505e+01	2.579681e+02
2.840000e-06	5.418411e-06	9.561854e-10	2.914789e+01	2.594270e+02
2.850000e-06	5.457678e-06	9.614493e-10	2.935912e+01	2.608618e+02
2.860000e-06	5.496681e-06	9.664152e-10	2.956894e+01	2.622728e+02
2.870000e-06	5.535358e-06	9.713242e-10	2.977700e+01	2.636602e+02
2.880000e-06	5.573558e-06	9.764326e-10	2.998249e+01	2.650245e+02
2.890000e-06	5.611289e-06	9.817122e-10	3.018546e+01	2.663659e+02
2.900000e-06	5.648580e-06	9.870452e-10	3.038607e+01	2.676849e+02
2.910000e-06	5.685530e-06	9.924486e-10	3.058483e+01	2.689821e+02
2.920000e-06	5.722181e-06	9.988418e-10	3.078200e+01	2.702577e+02
2.930000e-06	5.758318e-06	1.006693e-09	3.097639e+01	2.715125e+02
2.940000e-06	5.794022e-06	1.013740e-09	3.116846e+01	2.727469e+02
2.950000e-06	5.829543e-06	1.017471e-09	3.135954e+01	2.739616e+02
2.960000e-06	5.864840e-06	1.019632e-09	3.154942e+01	2.751570e+02
2.970000e-06	5.899737e-06	1.023320e-09	3.173715e+01	2.763338e+02
2.980000e-06	5.934220e-06	1.028506e-09	3.192264e+01	2.774927e+02
2.990000e-06	5.968151e-06	1.034043e-09	3.210517e+01	2.786341e+02
3.000000e-06	6.001311e-06	1.039708e-09	3.228356e+01	2.797587e+02
3.010000e-06	6.033749e-06	1.045649e-09	3.245805e+01	2.808669e+02
3.020000e-06	6.065644e-06	1.051583e-09	3.262963e+01	2.819594e+02
3.030000e-06	6.097233e-06	1.057387e-09	3.279956e+01	2.830365e+02
3.040000e-06	6.128596e-06	1.062469e-09	3.296827e+01	2.840987e+02
3.050000e-06	6.159762e-06	1.066570e-09	3.313592e+01	2.851464e+02
3.060000e-06	6.190434e-06	1.072435e-09	3.330093e+01	2.861798e+02
3.070000e-06	6.220440e-06	1.079545e-09	3.346234e+01	2.871991e+02
3.080000e-06	6.249997e-06	1.083909e-09	3.362134e+01	2.882046e+02
3.090000e-06	6.279189e-06	1.087140e-09	3.377837e+01	2.891962e+02
3.100000e-06	6.308098e-06	1.092756e-09	3.393389e+01	2.901741e+02
3.110000e-06	6.336636e-06	1.099310e-09	3.408740e+01	2.911381e+02
3.120000e-06	6.364750e-06	1.104589e-09	3.423864e+01	2.920880e+02
3.130000e-06	6.392496e-06	1.109488e-09	3.438790e+01	2.930238e+02
3.140000e-06	6.419934e-06	1.114197e-09	3.453550e+01	2.939450e+02
3.150000e-06	6.447074e-06	1.117805e-09	3.468150e+01	2.948515e+02
3.160000e-06	6.473637e-06	1.121414e-09	3.482439e+01	2.957428e+02
3.170000e-06	6.499396e-06	1.125687e-09	3.496296e+01	2.966184e+02
3.180000e-06	6.524396e-06	1.129953e-09	3.509745e+01	2.974781e+02
3.190000e-06	6.548678e-06	1.134298e-09	3.522807e+01	2.983212e+02
3.200000e-06	6.572396e-06	1.138757e-09	3.535566e+01	2.991474e+02
3.210000e-06	6.595826e-06	1.143039e-09	3.548170e+01	2.999562e+02
3.220000e-06	6.618930e-06	1.146569e-09	3.560598e+01	3.007472e+02
3.230000e-06	6.641537e-06	1.149609e-09	3.572760e+01	3.015199e+02
3.240000e-06	6.663597e-06	1.153584e-09	3.584627e+01	3.022740e+02
3.250000e-06	6.685297e-06	1.157718e-09	3.596300e+01	3.030091e+02
3.260000e-06	6.706669e-06	1.161144e-09	3.607797e+01	3.037251e+02
3.270000e-06	6.727645e-06	1.164963e-09	3.619081e+01	3.044217e+02
3.280000e-06	6.748132e-06	1.168451e-09	3.630101e+01	3.050987e+02
3.290000e-06	6.768090e-06	1.171837e-09	3.640838e+01	3.057563e+02
3.300000e-06	6.787681e-06	1.176656e-09	3.651377e+01	3.063943e+02
3.310000e-06	6.807015e-06	1.180638e-09	3.661777e+01	3.070130e+02
3.320000e-06	6.825983e-06	1.182347e-09	3.671981e+01	3.076124e+02
3.330000e-06	6.844340e-06	1.184104e-09	3.681856e+01	3.081930e+02
3.340000e-06	6.862027e-06	1.185408e-09	3.691371e+01	3.087550e+02
3.350000e-06	6.879153e-06	1.187069e-09	3.700583e+01	3.092988e+02
3.360000e-06	6.895890e-06	1.190635e-09	3.709587e+01	3.098250e+02
3.370000e-06	6.912230e-06	1.193969e-09	3.718377e+01	3.103340e+02
3.380000e-06	6.928048e-06	1.196466e-09	3.726886e+01	3.108264e+02
3.390000e-06	6.943300e-06	1.198621e-09	3.735091e+01	3.113027e+02
3.400000e-06	6.957881e-06	1.201334e-09	3.742934e+01	3.117636e+02
3.410000e-06	6.971831e-06	1.204811e-09	3.750438e+01	3.122097e+02
3.420000e-06	6.985331e-06	1.207216e-09	3.757701e+01	3.126414e+02
3.430000e-06	6.998400e-06	1.208937e-09	3.764731e+01	3.130594e+02
3.440000e-06	7.010903e-06	1.210686e-09	3.771457e+01	3.134640e+02
3.450000e-06	7.022849e-06	1.212649e-09	3.777883e+01	3.138558e+02
3.460000e-06	7.034447e-06	1.215626e-09	3.784123e+01	3.142351e+02
3.470000e-06	7.045620e-06	1.218702e-09	3.790133e+01	3.146021e+02
3.480000e-06	7.056039e-06	1.220627e-09	3.795738e+01	3.149571e+02
3.490000e-06	7.065622e-06	1.222450e-09	3.800893e+01	3.153002e+02
3.500000e-06	7.074297e-06	1.225143e-09	3.805559e+01	3.156314e+02
3.510000e-06	7.082231e-06	1.227802e-09	3.809827e+01	3.159505e+02
3.520000e-06	7.089895e-06	1.230084e-09	3.813950e+01	3.162574e+02
3.530000e-06	7.097302e-06	1.231995e-09	3.817935e+01	3.165518e+02
3.540000e-06	7.104306e-06	1.233381e-09	3.821702e+01	3.168333e+02
3.550000e-06	7.110831e-06	1.234866e-09	3.825212e+01	3.171015e+02
3.560000e-06	7.116825e-06	1.236489e-09	3.828437e+01	3.173557e+02
3.570000e-06	7.122260e-06	1.237783e-09	3.831361e+01	3.175955e+02
3.580000e-06	7.127176e-06	1.239676e-09	3.834005e+01	3.178201e+02
3.590000e-06	7.131587e-06	1.241839e-09	3.836378e+01	3.180289e+02
3.600000e-06	7.135512e-06	1.243926e-09	3.838489e+01	3.182212e+02
3.610000e-06	7.139143e-06	1.246983e-09	3.840443e+01	3.183961e+02
3.620000e-06	7.142497e-06	1.249599e-09	3.842247e+01	3.185532e+02
3.630000e-06	7.145405e-06	1.250563e-09	3.843811e+01	3.186916e+02
3.640000e-06	7.147642e-06	1.251552e-09	3.845015e+01	3.188107e+02
3.650000e-06	7.148976e-06	1.252211e-09	3.845732e+01	3.189101e+02
3.660000e-06	7.149474e-06	1.252324e-09	3.846000e+01	3.189892e+02
3.670000e-06	7.149439e-06	1.255157e-09	3.845981e+01	3.190476e+02
3.680000e-06	7.149124e-06	1.258527e-09	3.845812e+01	3.190851e+02
3.690000e-06	7.148450e-06	1.258393e-09	3.845449e+01	3.191015e+02
3.700000e-06	7.147291e-06	1.258431e-09	3.844826e+01	3.190967e+02
3.710000e-06	7.145708e-06	1.259279e-09	3.843974e+01	3.190708e+02
3.720000e-06	7.143686e-06	1.259225e-09	3.842886e+01	3.190241e+02
3.730000e-06	7.141249e-06	1.260225e-09	3.841576e+01	3.189569e+02
3.740000e-06	7.138330e-06	1.263079e-09	3.840005e+01	3.188697e+02
3.750000e-06	7.134886e-06	1.245040e-09	3.838153e+01	3.187629e+02
3.760000e-06	7.130929e-06	1.216604e-09	3.836024e+01	3.186374e+02
3.770000e-06	7.126339e-06	1.291730e-09	3.833555e+01	3.184940e+02
3.780000e-06	7.120883e-06	1.389606e-09	3.830620e+01	3.183334e+02
3.790000e-06	7.114487e-06	1.232979e-09	3.827179e+01	3.181568e+02
3.800000e-06	7.107992e-06	1.093354e-09	3.823685e+01	3.179651e+02
3.810000e-06	7.101727e-06	1.273346e-09	3.820315e+01	3.177593e+02
3.820000e-06	7.094686e-06	1.437680e-09	3.816528e+01	3.175405e+02
3.830000e-06	7.086637e-06	1.237052e-09	3.812197e+01	3.173099e+02
3.840000e-06	7.078207e-06	1.037955e-09	3.807663e+01	3.170684e+02
3.850000e-06	7.069717e-06	1.302524e-09	3.803095e+01	3.168171e+02
3.860000e-06	7.060754e-06	1.529206e-09	3.798274e+01	3.165569e+02
3.870000e-06	7.050952e-06	1.200629e-09	3.793001e+01	3.162888e+02
3.880000e-06	7.040641e-06	9.487914e-10	3.787454e+01	3.160134e+02
3.890000e-06	7.030129e-06	1.322119e-09	3.781800e+01	3.157315e+02
3.900000e-06	7.019149e-06	1.549170e-09	3.775893e+01	3.154436e+02
3.910000e-06	7.007418e-06	1.153610e-09	3.769582e+01	3.151502e+02
3.920000e-06	6.995260e-06	1.001272e-09	3.763042e+01	3.148515e+02
3.930000e-06	6.982588e-06	1.421436e-09	3.756225e+01	3.145477e+02
3.940000e-06	6.968942e-06	1.450713e-09	3.748884e+01	3.142388e+02
3.950000e-06	6.954385e-06	1.024295e-09	3.741053e+01	3.139247e+02
3.960000e-06	6.939455e-06	1.118230e-09	3.733022e+01	3.136051e+02
3.970000e-06	6.924003e-06	1.499152e-09	3.724710e+01	3.132797e+02
3.980000e-06	6.907847e-06	1.289108e-09	3.716019e+01	3.129478e+02
3.990000e-06	6.891195e-06	1.021264e-09	3.707061e+01	3.126089e+02
4.000000e-06	6.874207e-06	1.341991e-09	3.697923e+01	3.122622e+02
4.010000e-06	6.856732e-06	1.440406e-09	3.688522e+01	3.119070e+02
4.020000e-06	6.838728e-06	1.056265e-09	3.678837e+01	3.115425e+02
4.030000e-06	6.820391e-06	1.129331e-09	3.668973e+01	3.111677e+02
4.040000e-06	6.801552e-06	1.488452e-09	3.658838e+01	3.107817e+02
4.050000e-06	6.782110e-06	1.269447e-09	3.648380e+01	3.103836e+02
4.060000e-06	6.762256e-06	1.024564e-09	3.637700e+01	3.099726e+02
4.070000e-06	6.742167e-06	1.331630e-09	3.626893e+01	3.095478e+02
4.080000e-06	6.721722e-06	1.400121e-09	3.615894e+01	3.091084e+02
4.090000e-06	6.700911e-06	1.084193e-09	3.604699e+01	3.086537e+02
4.100000e-06	6.679617e-06	1.184255e-09	3.593244e+01	3.081831e+02
4.110000e-06	6.657421e-06	1.405162e-09	3.581304e+01	3.076960e+02
4.120000e-06	6.634365e-06	1.196228e-09	3.568902e+01	3.071921e+02
4.130000e-06	6.610794e-06	1.127927e-09	3.556222e+01	3.066710e+02
4.140000e-06	6.586728e-06	1.346277e-09	3.543276e+01	3.061326e+02
4.150000e-06	6.562349e-06	1.258883e-09	3.530161e+01	3.055768e+02
4.160000e-06	6.537659e-06	1.108625e-09	3.516880e+01	3.050037e+02
4.170000e-06	6.512609e-06	1.274917e-09	3.503404e+01	3.044135e+02
4.180000e-06	6.487130e-06	1.308091e-09	3.489698e+01	3.038066e+02
4.190000e-06	6.461140e-06	1.154736e-09	3.475717e+01	3.031833e+02
4.200000e-06	6.434663e-06	1.216524e-09	3.461474e+01	3.025442e+02
4.210000e-06	6.407700e-06	1.282763e-09	3.446969e+01	3.018898e+02
4.220000e-06	6.380150e-06	1.179075e-09	3.432149e+01	3.012208e+02
4.230000e-06	6.352094e-06	1.194437e-09	3.417056e+01	3.005379e+02
4.240000e-06	6.323807e-06	1.261127e-09	3.401839e+01	2.998419e+02
4.250000e-06	6.295289e-06	1.200735e-09	3.386498e+01	2.991334e+02
4.260000e-06	6.266317e-06	1.190476e-09	3.370913e+01	2.984132e+02
4.270000e-06	6.236727e-06	1.238163e-09	3.354995e+01	2.976820e+02
4.280000e-06	6.206461e-06	1.206412e-09	3.338714e+01	2.969404e+02
4.290000e-06	6.175444e-06	1.190012e-09	3.322029e+01	2.961891e+02
4.300000e-06	6.143794e-06	1.209569e-09	3.305003e+01	2.954285e+02
4.310000e-06	6.111741e-06	1.192692e-09	3.287760e+01	2.946590e+02
4.320000e-06	6.079343e-06	1.197020e-09	3.270332e+01	2.938810e+02
4.330000e-06	6.046506e-06	1.210102e-09	3.252668e+01	2.930946e+02
4.340000e-06	6.013293e-06	1.181977e-09	3.234801e+01	2.922999e+02
4.350000e-06	5.979795e-06	1.181850e-09	3.216781e+01	2.914969e+02
4.360000e-06	5.945885e-06	1.196839e-09	3.198540e+01	2.906852e+02
4.370000e-06	5.911575e-06	1.175682e-09	3.180082e+01	2.898647e+02
4.380000e-06	5.876972e-06	1.178725e-09	3.161468e+01	2.890348e+02
4.390000e-06	5.841960e-06	1.193679e-09	3.142634e+01	2.881950e+02
4.400000e-06	5.806443e-06	1.168649e-09	3.123528e+01	2.873446e+02
4.410000e-06	5.770502e-06	1.164256e-09	3.104194e+01	2.864828e+02
4.420000e-06	5.734277e-06	1.184642e-09	3.084707e+01	2.856087e+02
4.430000e-06	5.697933e-06	1.168064e-09	3.065156e+01	2.847214e+02
4.440000e-06	5.661251e-06	1.151176e-09	3.045423e+01	2.838199e+02
4.450000e-06	5.624019e-06	1.163259e-09	3.025394e+01	2.829032e+02
4.460000e-06	5.586149e-06	1.164675e-09	3.005023e+01	2.819701e+02
4.470000e-06	5.547519e-06	1.154971e-09	2.984242e+01	2.810197e+02
4.480000e-06	5.508194e-06	1.153234e-09	2.963087e+01	2.800509e+02
4.490000e-06	5.468422e-06	1.148238e-09	2.941692e+01	2.790627e+02
4.500000e-06	5.428473e-06	1.141352e-09	2.920202e+01	2.780541e+02
4.510000e-06	5.388279e-06	1.139297e-09	2.898580e+01	2.770243e+02
4.520000e-06	5.347701e-06	1.137736e-09	2.876752e+01	2.759724e+02
4.530000e-06	5.306757e-06	1.133364e-09	2.854726e+01	2.748977e+02
4.540000e-06	5.265467e-06	1.127083e-09	2.832514e+01	2.737996e+02
4.550000e-06	5.223890e-06	1.123004e-09	2.810148e+01	2.726776e+02
4.560000e-06	5.182047e-06	1.123811e-09	2.787639e+01	2.715313e+02
4.570000e-06	5.139733e-06	1.120862e-09	2.764877e+01	2.703605e+02
4.580000e-06	5.097050e-06	1.110938e-09	2.741916e+01	2.691649e+02
4.590000e-06	5.054082e-06	1.103615e-09	2.718801e+01	2.679445e+02
4.600000e-06	5.010748e-06	1.102485e-09	2.695490e+01	2.666994e+02
4.610000e-06	4.967005e-06	1.099790e-09	2.671959e+01	2.654297e+02
4.620000e-06	4.922914e-06	1.093697e-09	2.648241e+01	2.641358e+02
4.630000e-06	4.878634e-06	1.089925e-09	2.624421e+01	2.628179e+02
4.640000e-06	4.834166e-06	1.087813e-09	2.600499e+01	2.614764e+02
4.650000e-06	4.789434e-06	1.084306e-09	2.576436e+01	2.601119e+02
4.660000e-06	4.744433e-06	1.078947e-09	2.552228e+01	2.587249e+02
4.670000e-06	4.699068e-06	1.071361e-09	2.527824e+01	2.573157e+02
4.680000e-06	4.653229e-06	1.062692e-09	2.503166e+01	2.558851e+02
4.690000e-06	4.607045e-06	1.057188e-09	2.478322e+01	2.544334e+02
4.700000e-06	4.560489e-06	1.054378e-09	2.453277e+01	2.529613e+02
4.710000e-06	4.513704e-06	1.051324e-09	2.428110e+01	2.514690e+02
4.720000e-06	4.466709e-06	1.046462e-09	2.402829e+01	2.499572e+02
4.730000e-06	4.419192e-06	1.038364e-09	2.377267e+01	2.484259e+02
4.740000e-06	4.371279e-06	1.029677e-09	2.351493e+01	2.468756e+02
4.750000e-06	4.323165e-06	1.024556e-09	2.325611e+01	2.453064e+02
4.760000e-06	4.274721e-06	1.018996e-09	2.299551e+01	2.437183e+02
4.770000e-06	4.225766e-06	1.010243e-09	2.273216e+01	2.421113e+02
4.780000e-06	4.176462e-06	1.002948e-09	2.246693e+01	2.404853e+02
4.790000e-06	4.126909e-06	9.993185e-10	2.220036e+01	2.388401e+02
4.800000e-06	4.077077e-06	9.953606e-10	2.193230e+01	2.371752e+02
4.810000e-06	4.026992e-06	9.889988e-10	2.166287e+01	2.354903e+02
4.820000e-06	3.976564e-06	9.814910e-10	2.139160e+01	2.337849e+02
4.830000e-06	3.925777e-06	9.740593e-10	2.111839e+01	2.320582e+02
4.840000e-06	3.874606e-06	9.671789e-10	2.084312e+01	2.303098e+02
4.850000e-06	3.823075e-06	9.610196e-10	2.056592e+01	2.285387e+02
4.860000e-06	3.771329e-06	9.537837e-10	2.028755e+01	2.267443e+02
4.870000e-06	3.719447e-06	9.457260e-10	2.000845e+01	2.249256e+02
4.880000e-06	3.667312e-06	9.387795e-10	1.972800e+01	2.230819e+02
4.890000e-06	3.614855e-06	9.334579e-10	1.944581e+01	2.212123e+02
4.900000e-06	3.562176e-06	9.280198e-10	1.916243e+01	2.193160e+02
4.910000e-06	3.509133e-06	9.206034e-10	1.887709e+01	2.173921e+02
4.920000e-06	3.455714e-06	9.125344e-10	1.858972e+01	2.154399e+02
4.930000e-06	3.401866e-06	9.045233e-10	1.830006e+01	2.134587e+02
4.940000e-06	3.347431e-06	8.967680e-10	1.800723e+01	2.114477e+02
4.950000e-06	3.292656e-06	8.893697e-10	1.771257e+01	2.094064e+02
4.960000e-06	3.237643e-06	8.805704e-10	1.741663e+01	2.073343e+02
4.970000e-06	3.182356e-06	8.709953e-10	1.711922e+01	2.052309e+02
4.980000e-06	3.126803e-06	8.634670e-10	1.682038e+01	2.030960e+02
4.990000e-06	3.070991e-06	8.566419e-10	1.652014e+01	2.009292e+02
5.000000e-06	3.014970e-06	8.477714e-10	1.621878e+01	1.987305e+02
5.010000e-06	2.958815e-06	8.366842e-10	1.591670e+01	1.964998e+02
5.020000e-06	2.902574e-06	8.257567e-10	1.561416e+01	1.942372e+02
5.030000e-06	2.846199e-06	8.166451e-10	1.531089e+01	1.919428e+02
5.040000e-06	2.789579e-06	8.092196e-10	1.500631e+01	1.896168e+02
5.050000e-06	2.732642e-06	8.012641e-10	1.470002e+01	1.872596e+02
5.060000e-06	2.675536e-06	7.915087e-10	1.439282e+01	1.848715e+02
5.070000e-06	2.618469e-06	7.805994e-10	1.408584e+01	1.824528e+02
5.080000e-06	2.561353e-06	7.703903e-10	1.377859e+01	1.800042e+02
5.090000e-06	2.504074e-06	7.609840e-10	1.347046e+01	1.775260e+02
5.100000e-06	2.446580e-06	7.510071e-10	1.316118e+01	1.750187e+02
5.110000e-06	2.388835e-06	7.394041e-10	1.285054e+01	1.724828e+02
5.120000e-06	2.330849e-06	7.269581e-10	1.253861e+01	1.699188e+02
5.130000e-06	2.272627e-06	7.157800e-10	1.222541e+01	1.673270e+02
5.140000e-06	2.214181e-06	7.054579e-10	1.191100e+01	1.647078e+02
5.150000e-06	2.155572e-06	6.944607e-10	1.159572e+01	1.620616e+02
5.160000e-06	2.096788e-06	6.830226e-10	1.127949e+01	1.593886e+02
5.170000e-06	2.037798e-06	6.712354e-10	1.096217e+01	1.566889e+02
5.180000e-06	1.978654e-06	6.588066e-10	1.064401e+01	1.539626e+02
5.190000e-06	1.919335e-06	6.475596e-10	1.032490e+01	1.512095e+02
5.200000e-06	1.859965e-06	6.366607e-10	1.000553e+01	1.484297e+02
5.210000e-06	1.800580e-06	6.237937e-10	9.686068e+00	1.456226e+02
5.220000e-06	1.741055e-06	6.104907e-10	9.365863e+00	1.427880e+02
5.230000e-06	1.681359e-06	5.995811e-10	9.044731e+00	1.399254e+02
5.240000e-06	1.621602e-06	5.883015e-10	8.723271e+00	1.370339e+02
5.250000e-06	1.561886e-06	5.742770e-10	8.402038e+00	1.341130e+02
5.260000e-06	1.502093e-06	5.612514e-10	8.080383e+00	1.311618e+02
5.270000e-06	1.442111e-06	5.505229e-10	7.757717e+00	1.281791e+02
5.280000e-06	1.382006e-06	5.393137e-10	7.434384e+00	1.251641e+02
5.290000e-06	1.321894e-06	5.264752e-10	7.111018e+00	1.221155e+02
5.300000e-06	1.261784e-06	5.124796e-10	6.787661e+00	1.190321e+02
5.310000e-06	1.201589e-06	4.984505e-10	6.463851e+00	1.159127e+02
5.320000e-06	1.141347e-06	4.846387e-10	6.139780e+00	1.127559e+02
5.330000e-06	1.080953e-06	4.715660e-10	5.814897e+00	1.095605e+02
5.340000e-06	1.020399e-06	4.592364e-10	5.489152e+00	1.063250e+02
5.350000e-06	9.598445e-07	4.459370e-10	5.163404e+00	1.030482e+02
5.360000e-06	8.992982e-07	4.315455e-10	4.837700e+00	9.972885e+01
5.370000e-06	8.387801e-07	4.171703e-10	4.512148e+00	9.636566e+01
5.380000e-06	7.782338e-07	4.023867e-10	4.186444e+00	9.295754e+01
5.390000e-06	7.177167e-07	3.870587e-10	3.860897e+00	8.950343e+01
5.400000e-06	6.572431e-07	3.717096e-10	3.535585e+00	8.600241e+01
5.410000e-06	5.966545e-07	3.559668e-10	3.209653e+00	8.245369e+01
5.420000e-06	5.359796e-07	3.406508e-10	2.883258e+00	7.885664e+01
5.430000e-06	4.752932e-07	3.259061e-10	2.556800e+00	7.521080e+01
5.440000e-06	4.145515e-07	3.112417e-10	2.230045e+00	7.151589e+01
5.450000e-06	3.537729e-07	2.957346e-10	1.903092e+00	6.777183e+01
5.460000e-06	2.928778e-07	2.794114e-10	1.575512e+00	6.397876e+01
5.470000e-06	2.318601e-07	2.632240e-10	1.247272e+00	6.013705e+01
5.480000e-06	1.708894e-07	2.472332e-10	9.192852e-01	5.624728e+01
5.490000e-06	1.099829e-07	2.309426e-10	5.916439e-01	5.231030e+01
5.500000e-06	4.907562e-08	2.134204e-10	2.639982e-01	4.832717e+01
5.510000e-06	-1.182895e-08	1.947983e-10	-6.363284e-02	4.429923e+01
5.520000e-06	-7.275357e-08	1.768066e-10	-3.913718e-01	4.022806e+01
5.530000e-06	-1.337151e-07	1.600331e-10	-7.193095e-01	3.611546e+01
5.540000e-06	-1.947049e-07	1.431094e-10	-1.047399e+00	3.196351e+01
5.550000e-06	-2.557785e-07	1.261800e-10	-1.375939e+00	2.777449e+01
5.560000e-06	-3.168775e-07	1.090751e-10	-1.704616e+00	2.355093e+01
5.570000e-06	-3.779913e-07	9.074137e-11	-2.033373e+00	1.929555e+01
5.580000e-06	-4.390123e-07	7.108246e-11	-2.361630e+00	1.501130e+01
5.590000e-06	-4.997901e-07	5.029331e-11	-2.688579e+00	1.070130e+01
5.600000e-06	-5.604817e-07	3.041989e-11	-3.015065e+00	6.368823e+00
5.610000e-06	-6.211775e-07	1.233619e-11	-3.341573e+00	2.017317e+00
5.620000e-06	-6.818181e-07	-5.252812e-12	-3.667784e+00	-2.349652e+00
5.630000e-06	-7.423361e-07	-2.264893e-11	-3.993335e+00	-6.728409e+00
5.640000e-06	-8.027914e-07	-4.163361e-11	-4.318550e+00	-1.111520e+01
5.650000e-06	-8.632521e-07	-6.273512e-11	-4.643793e+00	-1.550619e+01
5.660000e-06	-9.237191e-07	-8.387098e-11	-4.969070e+00	-1.989754e+01
5.670000e-06	-9.841303e-07	-1.036685e-10	-5.294047e+00	-2.428536e+01
5.680000e-06	-1.044505e-06	-1.219351e-10	-5.618825e+00	-2.866580e+01
5.690000e-06	-1.104887e-06	-1.398586e-10	-5.943648e+00	-3.303504e+01
5.700000e-06	-1.165215e-06	-1.581966e-10	-6.268178e+00	-3.738931e+01
5.710000e-06	-1.225485e-06	-1.765118e-10	-6.592396e+00	-4.172493e+01
5.720000e-06	-1.285684e-06	-1.943123e-10	-6.916233e+00	-4.603834e+01
5.730000e-06	-1.345769e-06	-2.121465e-10	-7.239451e+00	-5.032607e+01
5.740000e-06	-1.405702e-06	-2.300573e-10	-7.561857e+00	-5.458485e+01
5.750000e-06	-1.465537e-06	-2.477991e-10	-7.883734e+00	-5.881152e+01
5.760000e-06	-1.525380e-06	-2.667399e-10	-8.205655e+00	-6.300314e+01
5.770000e-06	-1.585168e-06	-2.861892e-10	-8.527281e+00	-6.715695e+01
5.780000e-06	-1.644798e-06	-3.045542e-10	-8.848056e+00	-7.127040e+01
5.790000e-06	-1.704383e-06	-3.225499e-10	-9.168587e+00	-7.534117e+01
5.800000e-06	-1.763954e-06	-3.413753e-10	-9.489043e+00	-7.936714e+01
5.810000e-06	-1.823339e-06	-3.592901e-10	-9.808500e+00	-8.334644e+01
5.820000e-06	-1.882549e-06	-3.751172e-10	-1.012702e+01	-8.727745e+01
5.830000e-06	-1.941669e-06	-3.917633e-10	-1.044505e+01	-9.115874e+01
5.840000e-06	-2.000643e-06	-4.103319e-10	-1.076229e+01	-9.498916e+01
5.850000e-06	-2.059398e-06	-4.283518e-10	-1.107836e+01	-9.876776e+01
5.860000e-06	-2.117989e-06	-4.435920e-10	-1.139355e+01	-1.024938e+02
5.870000e-06	-2.176491e-06	-4.570761e-10	-1.170825e+01	-1.061669e+02
5.880000e-06	-2.234940e-06	-4.713572e-10	-1.202267e+01	-1.097866e+02
5.890000e-06	-2.293188e-06	-4.869091e-10	-1.233601e+01	-1.133529e+02
5.900000e-06	-2.351164e-06	-5.026174e-10	-1.264789e+01	-1.168658e+02
5.910000e-06	-2.408935e-06	-5.173645e-10	-1.295867e+01	-1.203257e+02
5.920000e-06	-2.466465e-06	-5.307054e-10	-1.326814e+01	-1.237328e+02
5.930000e-06	-2.523833e-06	-5.445527e-10	-1.357675e+01	-1.270879e+02
5.940000e-06	-2.580963e-06	-5.595831e-10	-1.388408e+01	-1.303914e+02
5.950000e-06	-2.637827e-06	-5.750121e-10	-1.418997e+01	-1.336442e+02
5.960000e-06	-2.694600e-06	-5.893295e-10	-1.449537e+01	-1.368472e+02
5.970000e-06	-2.751318e-06	-6.022541e-10	-1.480049e+01	-1.400013e+02
5.980000e-06	-2.807855e-06	-6.153192e-10	-1.510462e+01	-1.431074e+02
5.990000e-06	-2.864191e-06	-6.289474e-10	-1.540768e+01	-1.461667e+02
6.000000e-06	-2.920409e-06	-6.417503e-10	-1.571010e+01	-1.491801e+02
6.010000e-06	-2.976509e-06	-6.526839e-10	-1.601188e+01	-1.521487e+02
6.020000e-06	-3.032445e-06	-6.631096e-10	-1.631279e+01	-1.550736e+02
6.030000e-06	-3.088173e-06	-6.751766e-10	-1.661257e+01	-1.579559e+02
6.040000e-06	-3.143644e-06	-6.889236e-10	-1.691097e+01	-1.607965e+02
6.050000e-06	-3.198789e-06	-7.014489e-10	-1.720762e+01	-1.635967e+02
6.060000e-06	-3.253666e-06	-7.120899e-10	-1.750283e+01	-1.663572e+02
6.070000e-06	-3.308322e-06	-7.221958e-10	-1.779684e+01	-1.690791e+02
6.080000e-06	-3.362570e-06	-7.327385e-10	-1.808867e+01	-1.717633e+02
6.090000e-06	-3.416300e-06	-7.443980e-10	-1.837770e+01	-1.744107e+02
6.100000e-06	-3.469630e-06	-7.562343e-10	-1.866459e+01	-1.770220e+02
6.110000e-06	-3.522595e-06	-7.662693e-10	-1.894951e+01	-1.795980e+02
6.120000e-06	-3.575265e-06	-7.756363e-10	-1.923284e+01	-1.821395e+02
6.130000e-06	-3.627738e-06	-7.867554e-10	-1.951511e+01	-1.846471e+02
6.140000e-06	-3.679897e-06	-7.979838e-10	-1.979570e+01	-1.871215e+02
6.150000e-06	-3.731770e-06	-8.084411e-10	-2.007475e+01	-1.895632e+02
6.160000e-06	-3.783367e-06	-8.191791e-10	-2.035231e+01	-1.919728e+02
6.170000e-06	-3.834634e-06	-8.299992e-10	-2.062809e+01	-1.943508e+02
6.180000e-06	-3.885597e-06	-8.410048e-10	-2.090225e+01	-1.966976e+02
6.190000e-06	-3.936330e-06	-8.506762e-10	-2.117516e+01	-1.990138e+02
6.200000e-06	-3.986789e-06	-8.586386e-10	-2.144660e+01	-2.012997e+02
6.210000e-06	-4.036947e-06	-8.667166e-10	-2.171642e+01	-2.035558e+02
6.220000e-06	-4.086876e-06	-8.762310e-10	-2.198501e+01	-2.057824e+02
6.230000e-06	-4.136417e-06	-8.858929e-10	-2.225151e+01	-2.079799e+02
6.240000e-06	-4.185316e-06	-8.940521e-10	-2.251456e+01	-2.101486e+02
6.250000e-06	-4.233861e-06	-9.019395e-10	-2.277570e+01	-2.122888e+02
6.260000e-06	-4.282048e-06	-9.103985e-10	-2.303492e+01	-2.144008e+02
6.270000e-06	-4.329715e-06	-9.186066e-10	-2.329134e+01	-2.164850e+02
6.280000e-06	-4.377061e-06	-9.267935e-10	-2.354604e+01	-2.185417e+02
6.290000e-06	-4.424030e-06	-9.360203e-10	-2.379870e+01	-2.205710e+02
6.300000e-06	-4.470863e-06	-9.451973e-10	-2.405064e+01	-2.225732e+02
6.310000e-06	-4.517551e-06	-9.539148e-10	-2.430179e+01	-2.245486e+02
6.320000e-06	-4.563932e-06	-9.625507e-10	-2.455129e+01	-2.264974e+02
6.330000e-06	-4.609962e-06	-9.702145e-10	-2.479891e+01	-2.284197e+02
6.340000e-06	-4.655546e-06	-9.769867e-10	-2.504412e+01	-2.303159e+02
6.350000e-06	-4.700859e-06	-9.838892e-10	-2.528788e+01	-2.321859e+02
6.360000e-06	-4.745936e-06	-9.909265e-10	-2.553037e+01	-2.340301e+02
6.370000e-06	-4.790651e-06	-9.976098e-10	-2.577091e+01	-2.358485e+02
6.380000e-06	-4.835113e-06	-1.004065e-09	-2.601009e+01	-2.376412e+02
6.390000e-06	-4.879386e-06	-1.010085e-09	-2.624825e+01	-2.394084e+02
6.400000e-06	-4.923393e-06	-1.015425e-09	-2.648498e+01	-2.411501e+02
6.410000e-06	-4.967169e-06	-1.020592e-09	-2.672047e+01	-2.428664e+02
6.420000e-06	-5.010576e-06	-1.027405e-09	-2.695398e+01	-2.445574e+02
6.430000e-06	-5.053574e-06	-1.035552e-09	-2.718528e+01	-2.462231e+02
6.440000e-06	-5.096307e-06	-1.042469e-09	-2.741516e+01	-2.478637e+02
6.450000e-06	-5.138667e-06	-1.048024e-09	-2.764303e+01	-2.494791e+02
6.460000e-06	-5.180630e-06	-1.053319e-09	-2.786877e+01	-2.510695e+02
6.470000e-06	-5.222319e-06	-1.059726e-09	-2.809303e+01	-2.526350e+02
6.480000e-06	-5.263604e-06	-1.067190e-09	-2.831512e+01	-2.541756e+02
6.490000e-06	-5.304455e-06	-1.074091e-09	-2.853488e+01	-2.556915e+02
6.500000e-06	-5.345028e-06	-1.079935e-09	-2.875314e+01	-2.571828e+02
6.510000e-06	-5.385329e-06	-1.085023e-09	-2.896993e+01	-2.586498e+02
6.520000e-06	-5.425385e-06	-1.090036e-09	-2.918541e+01	-2.600925e+02
6.530000e-06	-5.465177e-06	-1.094697e-09	-2.939946e+01	-2.615114e+02
6.540000e-06	-5.504562e-06	-1.099328e-09	-2.961133e+01	-2.629066e+02
6.550000e-06	-5.543390e-06	-1.105947e-09	-2.982020e+01	-2.642785e+02
6.560000e-06	-5.581545e-06	-1.113766e-09	-3.002545e+01	-2.656274e+02
6.570000e-06	-5.619048e-06	-1.119693e-09	-3.022720e+01	-2.669538e+02
6.580000e-06	-5.655959e-06	-1.122560e-09	-3.042576e+01	-2.682582e+02
6.590000e-06	-5.692429e-06	-1.124505e-09	-3.062195e+01	-2.695409e+02
6.600000e-06	-5.728607e-06	-1.127945e-09	-3.081656e+01	-2.708025e+02
6.610000e-06	-5.764550e-06	-1.132357e-09	-3.100992e+01	-2.720436e+02
6.620000e-06	-5.800136e-06	-1.136531e-09	-3.120135e+01	-2.732647e+02
6.630000e-06	-5.835387e-06	-1.140855e-09	-3.139098e+01	-2.744665e+02
6.640000e-06	-5.870328e-06	-1.145269e-09	-3.157894e+01	-2.756494e+02
6.650000e-06	-5.904792e-06	-1.149697e-09	-3.176434e+01	-2.768141e+02
6.660000e-06	-5.938842e-06	-1.153116e-09	-3.194751e+01	-2.779612e+02
6.670000e-06	-5.972464e-06	-1.155492e-09	-3.212837e+01	-2.790913e+02
6.680000e-06	-6.005603e-06	-1.158801e-09	-3.230664e+01	-2.802049e+02
6.690000e-06	-6.038296e-06	-1.161089e-09	-3.248251e+01	-2.813026e+02
6.700000e-06	-6.070678e-06	-1.163022e-09	-3.265671e+01	-2.823847e+02
6.710000e-06	-6.102814e-06	-1.166636e-09	-3.282958e+01	-2.834518e+02
6.720000e-06	-6.134684e-06	-1.170483e-09	-3.300102e+01	-2.845042e+02
6.730000e-06	-6.166057e-06	-1.174281e-09	-3.316979e+01	-2.855423e+02
6.740000e-06	-6.196552e-06	-1.177720e-09	-3.333384e+01	-2.865663e+02
6.750000e-06	-6.226337e-06	-1.181161e-09	-3.349406e+01	-2.875763e+02
6.760000e-06	-6.255499e-06	-1.185014e-09	-3.365094e+01	-2.885725e+02
6.770000e-06	-6.284092e-06	-1.188701e-09	-3.380475e+01	-2.895549e+02
6.780000e-06	-6.312426e-06	-1.190952e-09	-3.395717e+01	-2.905235e+02
6.790000e-06	-6.340552e-06	-1.191793e-09	-3.410847e+01	-2.914781e+02
6.800000e-06	-6.368347e-06	-1.192644e-09	-3.425799e+01	-2.924186e+02
6.810000e-06	-6.395772e-06	-1.195528e-09	-3.440552e+01	-2.933446e+02
6.820000e-06	-6.422893e-06	-1.199614e-09	-3.455142e+01	-2.942560e+02
6.830000e-06	-6.449374e-06	-1.202454e-09	-3.469387e+01	-2.951524e+02
6.840000e-06	-6.475164e-06	-1.205632e-09	-3.483260e+01	-2.960332e+02
6.850000e-06	-6.500624e-06	-1.208582e-09	-3.496956e+01	-2.968982e+02
6.860000e-06	-6.525670e-06	-1.209621e-09	-3.510430e+01	-2.977469e+02
6.870000e-06	-6.550241e-06	-1.210883e-09	-3.523648e+01	-2.985787e+02
6.880000e-06	-6.574566e-06	-1.213395e-09	-3.536733e+01	-2.993933e+02
6.890000e-06	-6.598654e-06	-1.217165e-09	-3.549691e+01	-3.001902e+02
6.900000e-06	-6.622291e-06	-1.220977e-09	-3.562406e+01	-3.009690e+02
6.910000e-06	-6.645245e-06	-1.222867e-09	-3.574754e+01	-3.017293e+02
6.920000e-06	-6.667494e-06	-1.223699e-09	-3.586723e+01	-3.024708e+02
6.930000e-06	-6.689013e-06	-1.224936e-09	-3.598299e+01	-3.031931e+02
6.940000e-06	-6.709867e-06	-1.227138e-09	-3.609517e+01	-3.038961e+02
6.950000e-06	-6.730318e-06	-1.229472e-09	-3.620519e+01	-3.045797e+02
6.960000e-06	-6.750460e-06	-1.231416e-09	-3.631354e+01	-3.052437e+02
6.970000e-06	-6.770254e-06	-1.233722e-09	-3.642002e+01	-3.058882e+02
6.980000e-06	-6.789581e-06	-1.237044e-09	-3.652398e+01	-3.065132e+02
6.990000e-06	-6.808388e-06	-1.239638e-09	-3.662516e+01	-3.071190e+02
7.000000e-06	-6.826662e-06	-1.240543e-09	-3.672346e+01	-3.077058e+02
7.010000e-06	-6.844590e-06	-1.240761e-09	-3.681990e+01	-3.082739e+02
7.020000e-06	-6.862086e-06	-1.241556e-09	-3.691402e+01	-3.088237e+02
7.030000e-06	-6.878956e-06	-1.243221e-09	-3.700477e+01	-3.093556e+02
7.040000e-06	-6.895427e-06	-1.244888e-09	-3.709337e+01	-3.098703e+02
7.050000e-06	-6.911661e-06	-1.246459e-09	-3.718071e+01	-3.103681e+02
7.060000e-06	-6.927555e-06	-1.247856e-09	-3.726621e+01	-3.108497e+02
7.070000e-06	-6.942879e-06	-1.249632e-09	-3.734864e+01	-3.113156e+02
7.080000e-06	-6.957233e-06	-1.252058e-09	-3.742586e+01	-3.117665e+02
7.090000e-06	-6.970701e-06	-1.254320e-09	-3.749831e+01	-3.122029e+02
7.100000e-06	-6.983632e-06	-1.256107e-09	-3.756787e+01	-3.126253e+02
7.110000e-06	-6.996076e-06	-1.257385e-09	-3.763481e+01	-3.130343e+02
7.120000e-06	-7.008109e-06	-1.257989e-09	-3.769954e+01	-3.134303e+02
7.130000e-06	-7.019610e-06	-1.258822e-09	-3.776141e+01	-3.138137e+02
7.140000e-06	-7.030487e-06	-1.260366e-09	-3.781992e+01	-3.141847e+02
7.150000e-06	-7.040824e-06	-1.261317e-09	-3.787553e+01	-3.145437e+02
7.160000e-06	-7.050710e-06	-1.261601e-09	-3.792871e+01	-3.148907e+02
7.170000e-06	-7.060091e-06	-1.262779e-09	-3.797917e+01	-3.152258e+02
7.180000e-06	-7.068905e-06	-1.264660e-09	-3.802658e+01	-3.155489e+02
7.190000e-06	-7.077360e-06	-1.265304e-09	-3.807207e+01	-3.158599e+02
7.200000e-06	-7.085601e-06	-1.265343e-09	-3.811640e+01	-3.161584e+02
7.210000e-06	-7.093416e-06	-1.265514e-09	-3.815844e+01	-3.164443e+02
7.220000e-06	-7.100658e-06	-1.264560e-09	-3.819740e+01	-3.167169e+02
7.230000e-06	-7.107242e-06	-1.263324e-09	-3.823282e+01	-3.169758e+02
7.240000e-06	-7.113085e-06	-1.262781e-09	-3.826425e+01	-3.172204e+02
7.250000e-06	-7.118119e-06	-1.262774e-09	-3.829133e+01	-3.174501e+02
7.260000e-06	-7.122600e-06	-1.263497e-09	-3.831544e+01	-3.176642e+02
7.270000e-06	-7.126868e-06	-1.264239e-09	-3.833839e+01	-3.178620e+02
7.280000e-06	-7.130765e-06	-1.264436e-09	-3.835936e+01	-3.180428e+02
7.290000e-06	-7.134107e-06	-1.264630e-09	-3.837733e+01	-3.182058e+02
7.300000e-06	-7.136929e-06	-1.263678e-09	-3.839251e+01	-3.183505e+02
7.310000e-06	-7.139273e-06	-1.260984e-09	-3.840513e+01	-3.184761e+02
7.320000e-06	-7.141142e-06	-1.258659e-09	-3.841518e+01	-3.185821e+02
7.330000e-06	-7.142519e-06	-1.258361e-09	-3.842259e+01	-3.186679e+02
7.340000e-06	-7.143428e-06	-1.258943e-09	-3.842748e+01	-3.187332e+02
