# Temperatura_=_3.2
# Concentracion g/m^3_=_7400.0
# C_Vs_to_Am_M_A/Vsm_=_254322799225.57578
# pendiente_HvsI_1/m_=_3716.3
# ordenada_HvsI_A/m_=_1297.0
# frecuencia_Hz_=_136112.62477905978

Tiempo_(s)	Campo_(V.s)	Magnetizacion_(V.s)	Campo_(kA/m)	Magnetizacion_(A/m)
0.000000e+00	-7.133008e-06	-1.375804e-09	-3.843087e+01	-3.482728e+02
1.000000e-08	-7.133254e-06	-1.374952e-09	-3.843220e+01	-3.483166e+02
2.000000e-08	-7.132995e-06	-1.374672e-09	-3.843080e+01	-3.483420e+02
3.000000e-08	-7.132036e-06	-1.374313e-09	-3.842563e+01	-3.483494e+02
4.000000e-08	-7.130319e-06	-1.373221e-09	-3.841638e+01	-3.483394e+02
5.000000e-08	-7.127927e-06	-1.372221e-09	-3.840349e+01	-3.483124e+02
6.000000e-08	-7.124869e-06	-1.370611e-09	-3.838702e+01	-3.482691e+02
7.000000e-08	-7.121287e-06	-1.369683e-09	-3.836772e+01	-3.482103e+02
8.000000e-08	-7.117213e-06	-1.379681e-09	-3.834577e+01	-3.481365e+02
9.000000e-08	-7.112461e-06	-1.384681e-09	-3.832017e+01	-3.480486e+02
1.000000e-07	-7.106993e-06	-1.346876e-09	-3.829071e+01	-3.479474e+02
1.100000e-07	-7.101020e-06	-1.322598e-09	-3.825853e+01	-3.478335e+02
1.200000e-07	-7.094931e-06	-1.382889e-09	-3.822572e+01	-3.477076e+02
1.300000e-07	-7.088643e-06	-1.423092e-09	-3.819184e+01	-3.475707e+02
1.400000e-07	-7.081797e-06	-1.351383e-09	-3.815496e+01	-3.474232e+02
1.500000e-07	-7.074343e-06	-1.297946e-09	-3.811480e+01	-3.472659e+02
1.600000e-07	-7.066548e-06	-1.385839e-09	-3.807280e+01	-3.470993e+02
1.700000e-07	-7.058369e-06	-1.439423e-09	-3.802873e+01	-3.469239e+02
1.800000e-07	-7.049481e-06	-1.325066e-09	-3.798085e+01	-3.467402e+02
1.900000e-07	-7.039883e-06	-1.270409e-09	-3.792914e+01	-3.465486e+02
2.000000e-07	-7.029761e-06	-1.395161e-09	-3.787460e+01	-3.463495e+02
2.100000e-07	-7.019151e-06	-1.442088e-09	-3.781744e+01	-3.461429e+02
2.200000e-07	-7.007838e-06	-1.316651e-09	-3.775649e+01	-3.459292e+02
2.300000e-07	-6.995856e-06	-1.286638e-09	-3.769193e+01	-3.457084e+02
2.400000e-07	-6.983366e-06	-1.392863e-09	-3.762464e+01	-3.454805e+02
2.500000e-07	-6.970422e-06	-1.386156e-09	-3.755489e+01	-3.452455e+02
2.600000e-07	-6.956887e-06	-1.297428e-09	-3.748197e+01	-3.450034e+02
2.700000e-07	-6.942614e-06	-1.334634e-09	-3.740507e+01	-3.447539e+02
2.800000e-07	-6.927720e-06	-1.389675e-09	-3.732483e+01	-3.444970e+02
2.900000e-07	-6.912235e-06	-1.327963e-09	-3.724140e+01	-3.442324e+02
3.000000e-07	-6.896143e-06	-1.311289e-09	-3.715470e+01	-3.439598e+02
3.100000e-07	-6.879586e-06	-1.377925e-09	-3.706549e+01	-3.436792e+02
3.200000e-07	-6.862512e-06	-1.339641e-09	-3.697351e+01	-3.433901e+02
3.300000e-07	-6.844855e-06	-1.271117e-09	-3.687837e+01	-3.430925e+02
3.400000e-07	-6.826855e-06	-1.344375e-09	-3.678139e+01	-3.427860e+02
3.500000e-07	-6.808592e-06	-1.388822e-09	-3.668300e+01	-3.424704e+02
3.600000e-07	-6.789856e-06	-1.291799e-09	-3.658205e+01	-3.421455e+02
3.700000e-07	-6.770588e-06	-1.274578e-09	-3.647824e+01	-3.418112e+02
3.800000e-07	-6.750876e-06	-1.359711e-09	-3.637204e+01	-3.414674e+02
3.900000e-07	-6.730772e-06	-1.334795e-09	-3.626372e+01	-3.411139e+02
4.000000e-07	-6.710209e-06	-1.271324e-09	-3.615293e+01	-3.407506e+02
4.100000e-07	-6.689067e-06	-1.318472e-09	-3.603902e+01	-3.403776e+02
4.200000e-07	-6.667535e-06	-1.340410e-09	-3.592301e+01	-3.399947e+02
4.300000e-07	-6.645602e-06	-1.285325e-09	-3.580485e+01	-3.396021e+02
4.400000e-07	-6.623195e-06	-1.297340e-09	-3.568413e+01	-3.391997e+02
4.500000e-07	-6.600328e-06	-1.327918e-09	-3.556092e+01	-3.387876e+02
4.600000e-07	-6.576954e-06	-1.283009e-09	-3.543499e+01	-3.383659e+02
4.700000e-07	-6.553168e-06	-1.274692e-09	-3.530683e+01	-3.379346e+02
4.800000e-07	-6.528947e-06	-1.321283e-09	-3.517634e+01	-3.374937e+02
4.900000e-07	-6.504077e-06	-1.301974e-09	-3.504234e+01	-3.370434e+02
5.000000e-07	-6.478717e-06	-1.266455e-09	-3.490571e+01	-3.365836e+02
5.100000e-07	-6.452881e-06	-1.290617e-09	-3.476651e+01	-3.361143e+02
5.200000e-07	-6.426259e-06	-1.294638e-09	-3.462308e+01	-3.356356e+02
5.300000e-07	-6.399085e-06	-1.266555e-09	-3.447667e+01	-3.351472e+02
5.400000e-07	-6.371495e-06	-1.275062e-09	-3.432803e+01	-3.346492e+02
5.500000e-07	-6.343398e-06	-1.284844e-09	-3.417664e+01	-3.341414e+02
5.600000e-07	-6.314879e-06	-1.267863e-09	-3.402299e+01	-3.336235e+02
5.700000e-07	-6.286071e-06	-1.268572e-09	-3.386778e+01	-3.330952e+02
5.800000e-07	-6.256962e-06	-1.276457e-09	-3.371095e+01	-3.325562e+02
5.900000e-07	-6.227449e-06	-1.263710e-09	-3.355194e+01	-3.320062e+02
6.000000e-07	-6.197457e-06	-1.257388e-09	-3.339035e+01	-3.314447e+02
6.100000e-07	-6.166971e-06	-1.261479e-09	-3.322610e+01	-3.308712e+02
6.200000e-07	-6.136101e-06	-1.256279e-09	-3.305978e+01	-3.302851e+02
6.300000e-07	-6.104857e-06	-1.251942e-09	-3.289145e+01	-3.296859e+02
6.400000e-07	-6.073349e-06	-1.251389e-09	-3.272169e+01	-3.290730e+02
6.500000e-07	-6.041521e-06	-1.245624e-09	-3.255021e+01	-3.284456e+02
6.600000e-07	-6.009225e-06	-1.242662e-09	-3.237620e+01	-3.278032e+02
6.700000e-07	-5.976514e-06	-1.242756e-09	-3.219997e+01	-3.271451e+02
6.800000e-07	-5.943200e-06	-1.238901e-09	-3.202048e+01	-3.264706e+02
6.900000e-07	-5.909252e-06	-1.236406e-09	-3.183758e+01	-3.257790e+02
7.000000e-07	-5.874659e-06	-1.233590e-09	-3.165120e+01	-3.250697e+02
7.100000e-07	-5.839369e-06	-1.227128e-09	-3.146106e+01	-3.243421e+02
7.200000e-07	-5.803726e-06	-1.224194e-09	-3.126903e+01	-3.235955e+02
7.300000e-07	-5.767888e-06	-1.223179e-09	-3.107594e+01	-3.228294e+02
7.400000e-07	-5.731772e-06	-1.217184e-09	-3.088136e+01	-3.220434e+02
7.500000e-07	-5.695335e-06	-1.213516e-09	-3.068504e+01	-3.212370e+02
7.600000e-07	-5.658480e-06	-1.213974e-09	-3.048648e+01	-3.204098e+02
7.700000e-07	-5.621270e-06	-1.211619e-09	-3.028600e+01	-3.195617e+02
7.800000e-07	-5.583742e-06	-1.206507e-09	-3.008381e+01	-3.186922e+02
7.900000e-07	-5.545689e-06	-1.200685e-09	-2.987879e+01	-3.178014e+02
8.000000e-07	-5.507079e-06	-1.193496e-09	-2.967077e+01	-3.168891e+02
8.100000e-07	-5.467955e-06	-1.188488e-09	-2.945998e+01	-3.159554e+02
8.200000e-07	-5.428482e-06	-1.186478e-09	-2.924731e+01	-3.150003e+02
8.300000e-07	-5.388860e-06	-1.182998e-09	-2.903384e+01	-3.140241e+02
8.400000e-07	-5.349000e-06	-1.177509e-09	-2.881908e+01	-3.130269e+02
8.500000e-07	-5.308769e-06	-1.172845e-09	-2.860233e+01	-3.120090e+02
8.600000e-07	-5.268064e-06	-1.168393e-09	-2.838301e+01	-3.109709e+02
8.700000e-07	-5.226872e-06	-1.163796e-09	-2.816108e+01	-3.099129e+02
8.800000e-07	-5.185187e-06	-1.158447e-09	-2.793650e+01	-3.088354e+02
8.900000e-07	-5.143032e-06	-1.151436e-09	-2.770937e+01	-3.077389e+02
9.000000e-07	-5.100441e-06	-1.145144e-09	-2.747991e+01	-3.066240e+02
9.100000e-07	-5.057402e-06	-1.140973e-09	-2.724802e+01	-3.054911e+02
9.200000e-07	-5.014027e-06	-1.136684e-09	-2.701433e+01	-3.043408e+02
9.300000e-07	-4.970396e-06	-1.130875e-09	-2.677925e+01	-3.031735e+02
9.400000e-07	-4.926470e-06	-1.125276e-09	-2.654259e+01	-3.019898e+02
9.500000e-07	-4.882218e-06	-1.120397e-09	-2.630417e+01	-3.007901e+02
9.600000e-07	-4.837623e-06	-1.116361e-09	-2.606390e+01	-2.995748e+02
9.700000e-07	-4.792648e-06	-1.112395e-09	-2.582159e+01	-2.983445e+02
9.800000e-07	-4.747257e-06	-1.107018e-09	-2.557704e+01	-2.970992e+02
9.900000e-07	-4.701575e-06	-1.100913e-09	-2.533091e+01	-2.958395e+02
1.000000e-06	-4.655682e-06	-1.095916e-09	-2.508365e+01	-2.945654e+02
1.010000e-06	-4.609438e-06	-1.090974e-09	-2.483450e+01	-2.932771e+02
1.020000e-06	-4.562660e-06	-1.085291e-09	-2.458248e+01	-2.919748e+02
1.030000e-06	-4.515580e-06	-1.079002e-09	-2.432882e+01	-2.906583e+02
1.040000e-06	-4.468365e-06	-1.073421e-09	-2.407444e+01	-2.893275e+02
1.050000e-06	-4.420855e-06	-1.069617e-09	-2.381846e+01	-2.879824e+02
1.060000e-06	-4.373107e-06	-1.065919e-09	-2.356121e+01	-2.866226e+02
1.070000e-06	-4.324956e-06	-1.060899e-09	-2.330178e+01	-2.852478e+02
1.080000e-06	-4.276353e-06	-1.054969e-09	-2.303992e+01	-2.838576e+02
1.090000e-06	-4.227421e-06	-1.048089e-09	-2.277629e+01	-2.824514e+02
1.100000e-06	-4.178085e-06	-1.041528e-09	-2.251048e+01	-2.810287e+02
1.110000e-06	-4.128451e-06	-1.035650e-09	-2.224306e+01	-2.795887e+02
1.120000e-06	-4.078390e-06	-1.029428e-09	-2.197335e+01	-2.781308e+02
1.130000e-06	-4.027877e-06	-1.022808e-09	-2.170120e+01	-2.766542e+02
1.140000e-06	-3.977128e-06	-1.017100e-09	-2.142777e+01	-2.751580e+02
1.150000e-06	-3.925959e-06	-1.012533e-09	-2.115209e+01	-2.736413e+02
1.160000e-06	-3.874318e-06	-1.007387e-09	-2.087386e+01	-2.721030e+02
1.170000e-06	-3.822349e-06	-1.001634e-09	-2.059386e+01	-2.705424e+02
1.180000e-06	-3.770135e-06	-9.949989e-10	-2.031255e+01	-2.689582e+02
1.190000e-06	-3.717641e-06	-9.877257e-10	-2.002972e+01	-2.673495e+02
1.200000e-06	-3.664853e-06	-9.813451e-10	-1.974532e+01	-2.657152e+02
1.210000e-06	-3.611886e-06	-9.753705e-10	-1.945994e+01	-2.640542e+02
1.220000e-06	-3.558692e-06	-9.680075e-10	-1.917334e+01	-2.623654e+02
1.230000e-06	-3.505251e-06	-9.599061e-10	-1.888542e+01	-2.606479e+02
1.240000e-06	-3.451631e-06	-9.524916e-10	-1.859653e+01	-2.589006e+02
1.250000e-06	-3.397712e-06	-9.464061e-10	-1.830603e+01	-2.571225e+02
1.260000e-06	-3.343362e-06	-9.405102e-10	-1.801320e+01	-2.553126e+02
1.270000e-06	-3.288731e-06	-9.326232e-10	-1.771887e+01	-2.534700e+02
1.280000e-06	-3.233982e-06	-9.237429e-10	-1.742389e+01	-2.515940e+02
1.290000e-06	-3.179143e-06	-9.163039e-10	-1.712843e+01	-2.496835e+02
1.300000e-06	-3.124068e-06	-9.088980e-10	-1.683170e+01	-2.477381e+02
1.310000e-06	-3.068809e-06	-9.004483e-10	-1.653398e+01	-2.457569e+02
1.320000e-06	-3.013482e-06	-8.922441e-10	-1.623589e+01	-2.437394e+02
1.330000e-06	-2.957922e-06	-8.837360e-10	-1.593654e+01	-2.416851e+02
1.340000e-06	-2.902163e-06	-8.750895e-10	-1.563613e+01	-2.395937e+02
1.350000e-06	-2.846181e-06	-8.673998e-10	-1.533452e+01	-2.374646e+02
1.360000e-06	-2.789982e-06	-8.602548e-10	-1.503173e+01	-2.352978e+02
1.370000e-06	-2.733665e-06	-8.532181e-10	-1.472830e+01	-2.330930e+02
1.380000e-06	-2.677177e-06	-8.453578e-10	-1.442396e+01	-2.308500e+02
1.390000e-06	-2.620496e-06	-8.368767e-10	-1.411858e+01	-2.285689e+02
1.400000e-06	-2.563555e-06	-8.284297e-10	-1.381180e+01	-2.262497e+02
1.410000e-06	-2.506262e-06	-8.194379e-10	-1.350311e+01	-2.238924e+02
1.420000e-06	-2.448744e-06	-8.097835e-10	-1.319322e+01	-2.214971e+02
1.430000e-06	-2.391056e-06	-7.998395e-10	-1.288242e+01	-2.190640e+02
1.440000e-06	-2.333107e-06	-7.905427e-10	-1.257020e+01	-2.165931e+02
1.450000e-06	-2.274891e-06	-7.821031e-10	-1.225655e+01	-2.140847e+02
1.460000e-06	-2.216359e-06	-7.727296e-10	-1.194119e+01	-2.115388e+02
1.470000e-06	-2.157566e-06	-7.615064e-10	-1.162443e+01	-2.089555e+02
1.480000e-06	-2.098648e-06	-7.502735e-10	-1.130699e+01	-2.063349e+02
1.490000e-06	-2.039691e-06	-7.408655e-10	-1.098935e+01	-2.036769e+02
1.500000e-06	-1.980577e-06	-7.319419e-10	-1.067085e+01	-2.009813e+02
1.510000e-06	-1.921213e-06	-7.218574e-10	-1.035101e+01	-1.982480e+02
1.520000e-06	-1.861782e-06	-7.117186e-10	-1.003082e+01	-1.954765e+02
1.530000e-06	-1.802327e-06	-7.019258e-10	-9.710486e+00	-1.926664e+02
1.540000e-06	-1.742775e-06	-6.912302e-10	-9.389636e+00	-1.898171e+02
1.550000e-06	-1.683083e-06	-6.795882e-10	-9.068034e+00	-1.869276e+02
1.560000e-06	-1.623326e-06	-6.680641e-10	-8.746075e+00	-1.839970e+02
1.570000e-06	-1.563512e-06	-6.567064e-10	-8.423812e+00	-1.810242e+02
1.580000e-06	-1.503541e-06	-6.453967e-10	-8.100705e+00	-1.780078e+02
1.590000e-06	-1.443420e-06	-6.345998e-10	-7.776786e+00	-1.749461e+02
1.600000e-06	-1.383308e-06	-6.243576e-10	-7.452921e+00	-1.718376e+02
1.610000e-06	-1.323126e-06	-6.130440e-10	-7.128671e+00	-1.686802e+02
1.620000e-06	-1.262768e-06	-5.998831e-10	-6.803477e+00	-1.654718e+02
1.630000e-06	-1.202288e-06	-5.870104e-10	-6.477630e+00	-1.622103e+02
1.640000e-06	-1.141748e-06	-5.749397e-10	-6.151455e+00	-1.588932e+02
1.650000e-06	-1.081158e-06	-5.627498e-10	-5.825012e+00	-1.555180e+02
1.660000e-06	-1.020525e-06	-5.507464e-10	-5.498333e+00	-1.520820e+02
1.670000e-06	-9.598478e-07	-5.384359e-10	-5.171421e+00	-1.485826e+02
1.680000e-06	-8.990802e-07	-5.253503e-10	-4.844020e+00	-1.450171e+02
1.690000e-06	-8.383059e-07	-5.121660e-10	-4.516583e+00	-1.413826e+02
1.700000e-06	-7.775096e-07	-4.994510e-10	-4.189028e+00	-1.376766e+02
1.710000e-06	-7.165581e-07	-4.865634e-10	-3.860637e+00	-1.338962e+02
1.720000e-06	-6.555499e-07	-4.729918e-10	-3.531940e+00	-1.300390e+02
1.730000e-06	-5.945752e-07	-4.592573e-10	-3.203423e+00	-1.261026e+02
1.740000e-06	-5.335268e-07	-4.458719e-10	-2.874509e+00	-1.220848e+02
1.750000e-06	-4.724154e-07	-4.317274e-10	-2.545256e+00	-1.179835e+02
1.760000e-06	-4.112029e-07	-4.153278e-10	-2.215458e+00	-1.137971e+02
1.770000e-06	-3.500012e-07	-3.981225e-10	-1.885719e+00	-1.095242e+02
1.780000e-06	-2.889036e-07	-3.825134e-10	-1.556541e+00	-1.051636e+02
1.790000e-06	-2.277144e-07	-3.677227e-10	-1.226869e+00	-1.007147e+02
1.800000e-06	-1.663986e-07	-3.512790e-10	-8.965141e-01	-9.617725e+01
1.810000e-06	-1.052292e-07	-3.331691e-10	-5.669488e-01	-9.155136e+01
1.820000e-06	-4.412469e-08	-3.152000e-10	-2.377328e-01	-8.683766e+01
1.830000e-06	1.705010e-08	-2.976885e-10	9.186171e-02	-8.203723e+01
1.840000e-06	7.812688e-08	-2.796898e-10	4.209282e-01	-7.715164e+01
1.850000e-06	1.392213e-07	-2.613961e-10	7.500896e-01	-7.218297e+01
1.860000e-06	2.004748e-07	-2.431341e-10	1.080108e+00	-6.713378e+01
1.870000e-06	2.617182e-07	-2.246866e-10	1.410073e+00	-6.200712e+01
1.880000e-06	3.227820e-07	-2.057504e-10	1.739069e+00	-5.680653e+01
1.890000e-06	3.837888e-07	-1.864615e-10	2.067759e+00	-5.153599e+01
1.900000e-06	4.448186e-07	-1.661496e-10	2.396572e+00	-4.619995e+01
1.910000e-06	5.058025e-07	-1.446233e-10	2.725138e+00	-4.080325e+01
1.920000e-06	5.668377e-07	-1.245665e-10	3.053980e+00	-3.535113e+01
1.930000e-06	6.278629e-07	-1.058161e-10	3.382769e+00	-2.984915e+01
1.940000e-06	6.888015e-07	-8.592666e-11	3.711091e+00	-2.430319e+01
1.950000e-06	7.496306e-07	-6.425218e-11	4.038823e+00	-1.871938e+01
1.960000e-06	8.103740e-07	-4.205561e-11	4.366093e+00	-1.310404e+01
1.970000e-06	8.711465e-07	-2.170568e-11	4.693520e+00	-7.463680e+00
1.980000e-06	9.319214e-07	-2.789612e-12	5.020960e+00	-1.804885e+00
1.990000e-06	9.925783e-07	1.680426e-11	5.347764e+00	3.865692e+00
2.000000e-06	1.053131e-06	3.777441e-11	5.674010e+00	9.541403e+00
2.010000e-06	1.113673e-06	5.876516e-11	6.000193e+00	1.521565e+01
2.020000e-06	1.174138e-06	7.958824e-11	6.325963e+00	2.088194e+01
2.030000e-06	1.234531e-06	1.005277e-10	6.651347e+00	2.653394e+01
2.040000e-06	1.294909e-06	1.211735e-10	6.976645e+00	3.216549e+01
2.050000e-06	1.355112e-06	1.416144e-10	7.301004e+00	3.777070e+01
2.060000e-06	1.415125e-06	1.616188e-10	7.624339e+00	4.334394e+01
2.070000e-06	1.475122e-06	1.810798e-10	7.947588e+00	4.887989e+01
2.080000e-06	1.535018e-06	2.001196e-10	8.270295e+00	5.437358e+01
2.090000e-06	1.594866e-06	2.193398e-10	8.592738e+00	5.982039e+01
2.100000e-06	1.654688e-06	2.395839e-10	8.915047e+00	6.521610e+01
2.110000e-06	1.714346e-06	2.599313e-10	9.236469e+00	7.055687e+01
2.120000e-06	1.773963e-06	2.781632e-10	9.557669e+00	7.583927e+01
2.130000e-06	1.833488e-06	2.956095e-10	9.878376e+00	8.106027e+01
2.140000e-06	1.892829e-06	3.135328e-10	1.019809e+01	8.621724e+01
2.150000e-06	1.952087e-06	3.314425e-10	1.051736e+01	9.130796e+01
2.160000e-06	2.011127e-06	3.494588e-10	1.083545e+01	9.633057e+01
2.170000e-06	2.069969e-06	3.676098e-10	1.115247e+01	1.012836e+02
2.180000e-06	2.128759e-06	3.851583e-10	1.146922e+01	1.061658e+02
2.190000e-06	2.187455e-06	4.022959e-10	1.178546e+01	1.109765e+02
2.200000e-06	2.245924e-06	4.196093e-10	1.210048e+01	1.157151e+02
2.210000e-06	2.304068e-06	4.359356e-10	1.241375e+01	1.203813e+02
2.220000e-06	2.362015e-06	4.511958e-10	1.272595e+01	1.249751e+02
2.230000e-06	2.419731e-06	4.664964e-10	1.303691e+01	1.294966e+02
2.240000e-06	2.477144e-06	4.830164e-10	1.334623e+01	1.339462e+02
2.250000e-06	2.534185e-06	5.001254e-10	1.365356e+01	1.383243e+02
2.260000e-06	2.590944e-06	5.161389e-10	1.395936e+01	1.426316e+02
2.270000e-06	2.647560e-06	5.306979e-10	1.426439e+01	1.468687e+02
2.280000e-06	2.703908e-06	5.447883e-10	1.456798e+01	1.510364e+02
2.290000e-06	2.760059e-06	5.587874e-10	1.487051e+01	1.551354e+02
2.300000e-06	2.816104e-06	5.730099e-10	1.517247e+01	1.591665e+02
2.310000e-06	2.872050e-06	5.884785e-10	1.547389e+01	1.631305e+02
2.320000e-06	2.927820e-06	6.047157e-10	1.577437e+01	1.670281e+02
2.330000e-06	2.983395e-06	6.204639e-10	1.607379e+01	1.708600e+02
2.340000e-06	3.038806e-06	6.344953e-10	1.637233e+01	1.746270e+02
2.350000e-06	3.094073e-06	6.467582e-10	1.667010e+01	1.783295e+02
2.360000e-06	3.149095e-06	6.580697e-10	1.696654e+01	1.819684e+02
2.370000e-06	3.203841e-06	6.689053e-10	1.726150e+01	1.855439e+02
2.380000e-06	3.258429e-06	6.801722e-10	1.755560e+01	1.890567e+02
2.390000e-06	3.312847e-06	6.932985e-10	1.784880e+01	1.925071e+02
2.400000e-06	3.366987e-06	7.081453e-10	1.814049e+01	1.958955e+02
2.410000e-06	3.420850e-06	7.231489e-10	1.843069e+01	1.992224e+02
2.420000e-06	3.474473e-06	7.367706e-10	1.871960e+01	2.024881e+02
2.430000e-06	3.527909e-06	7.488210e-10	1.900749e+01	2.056929e+02
2.440000e-06	3.581162e-06	7.604098e-10	1.929441e+01	2.088372e+02
2.450000e-06	3.634144e-06	7.719592e-10	1.957986e+01	2.119213e+02
2.460000e-06	3.686855e-06	7.828678e-10	1.986386e+01	2.149456e+02
2.470000e-06	3.739283e-06	7.927454e-10	2.014632e+01	2.179107e+02
2.480000e-06	3.791402e-06	8.027746e-10	2.042713e+01	2.208169e+02
2.490000e-06	3.843280e-06	8.139199e-10	2.070664e+01	2.236648e+02
2.500000e-06	3.894847e-06	8.249923e-10	2.098446e+01	2.264550e+02
2.510000e-06	3.946016e-06	8.347157e-10	2.126015e+01	2.291883e+02
2.520000e-06	3.996782e-06	8.437419e-10	2.153366e+01	2.318652e+02
2.530000e-06	4.047013e-06	8.534878e-10	2.180430e+01	2.344867e+02
2.540000e-06	4.096768e-06	8.631688e-10	2.207237e+01	2.370537e+02
2.550000e-06	4.146140e-06	8.717752e-10	2.233837e+01	2.395670e+02
2.560000e-06	4.195126e-06	8.803062e-10	2.260230e+01	2.420278e+02
2.570000e-06	4.243663e-06	8.890059e-10	2.286380e+01	2.444372e+02
2.580000e-06	4.291784e-06	8.974900e-10	2.312306e+01	2.467962e+02
2.590000e-06	4.339632e-06	9.067032e-10	2.338086e+01	2.491060e+02
2.600000e-06	4.387215e-06	9.165614e-10	2.363722e+01	2.513680e+02
2.610000e-06	4.434778e-06	9.256254e-10	2.389348e+01	2.535833e+02
2.620000e-06	4.482171e-06	9.332984e-10	2.414882e+01	2.557531e+02
2.630000e-06	4.529055e-06	9.404784e-10	2.440142e+01	2.578789e+02
2.640000e-06	4.575572e-06	9.478291e-10	2.465204e+01	2.599618e+02
2.650000e-06	4.621733e-06	9.546653e-10	2.490075e+01	2.620030e+02
2.660000e-06	4.667556e-06	9.610403e-10	2.514763e+01	2.640039e+02
2.670000e-06	4.713133e-06	9.673707e-10	2.539318e+01	2.659654e+02
2.680000e-06	4.758473e-06	9.740408e-10	2.563747e+01	2.678889e+02
2.690000e-06	4.803550e-06	9.808387e-10	2.588033e+01	2.697754e+02
2.700000e-06	4.848221e-06	9.871917e-10	2.612101e+01	2.716258e+02
2.710000e-06	4.892544e-06	9.942257e-10	2.635981e+01	2.734412e+02
2.720000e-06	4.936672e-06	1.002244e-09	2.659756e+01	2.752224e+02
2.730000e-06	4.980454e-06	1.010067e-09	2.683344e+01	2.769702e+02
2.740000e-06	5.023939e-06	1.017574e-09	2.706773e+01	2.786855e+02
2.750000e-06	5.067185e-06	1.024062e-09	2.730073e+01	2.803688e+02
2.760000e-06	5.110092e-06	1.029149e-09	2.753190e+01	2.820208e+02
2.770000e-06	5.152580e-06	1.034473e-09	2.776082e+01	2.836422e+02
2.780000e-06	5.194537e-06	1.041059e-09	2.798687e+01	2.852333e+02
2.790000e-06	5.235850e-06	1.048103e-09	2.820945e+01	2.867946e+02
2.800000e-06	5.276450e-06	1.055271e-09	2.842820e+01	2.883267e+02
2.810000e-06	5.316579e-06	1.061920e-09	2.864440e+01	2.898298e+02
2.820000e-06	5.356428e-06	1.067425e-09	2.885910e+01	2.913044e+02
2.830000e-06	5.395973e-06	1.073094e-09	2.907216e+01	2.927508e+02
2.840000e-06	5.435343e-06	1.078781e-09	2.928427e+01	2.941694e+02
2.850000e-06	5.474514e-06	1.083023e-09	2.949532e+01	2.955604e+02
2.860000e-06	5.513210e-06	1.086684e-09	2.970380e+01	2.969242e+02
2.870000e-06	5.551362e-06	1.091761e-09	2.990936e+01	2.982612e+02
2.880000e-06	5.589066e-06	1.098397e-09	3.011249e+01	2.995718e+02
2.890000e-06	5.626344e-06	1.105303e-09	3.031334e+01	3.008562e+02
2.900000e-06	5.663297e-06	1.111262e-09	3.051243e+01	3.021150e+02
2.910000e-06	5.699922e-06	1.116577e-09	3.070976e+01	3.033484e+02
2.920000e-06	5.736138e-06	1.122236e-09	3.090488e+01	3.045570e+02
2.930000e-06	5.772039e-06	1.129272e-09	3.109831e+01	3.057412e+02
2.940000e-06	5.807734e-06	1.136028e-09	3.129062e+01	3.069014e+02
2.950000e-06	5.843146e-06	1.139688e-09	3.148141e+01	3.080383e+02
2.960000e-06	5.878164e-06	1.143840e-09	3.167008e+01	3.091521e+02
2.970000e-06	5.912816e-06	1.150380e-09	3.185678e+01	3.102436e+02
2.980000e-06	5.946835e-06	1.155612e-09	3.204007e+01	3.113131e+02
2.990000e-06	5.979998e-06	1.159438e-09	3.221874e+01	3.123612e+02
3.000000e-06	6.012500e-06	1.163939e-09	3.239385e+01	3.133883e+02
3.010000e-06	6.044537e-06	1.168720e-09	3.256646e+01	3.143951e+02
3.020000e-06	6.076243e-06	1.173965e-09	3.273728e+01	3.153819e+02
3.030000e-06	6.107796e-06	1.180320e-09	3.290728e+01	3.163491e+02
3.040000e-06	6.139062e-06	1.186383e-09	3.307574e+01	3.172973e+02
3.050000e-06	6.169908e-06	1.191407e-09	3.324193e+01	3.182269e+02
3.060000e-06	6.200290e-06	1.197198e-09	3.340562e+01	3.191381e+02
3.070000e-06	6.230089e-06	1.203015e-09	3.356616e+01	3.200313e+02
3.080000e-06	6.259512e-06	1.206601e-09	3.372469e+01	3.209069e+02
3.090000e-06	6.288568e-06	1.210910e-09	3.388124e+01	3.217652e+02
3.100000e-06	6.317186e-06	1.216458e-09	3.403542e+01	3.226063e+02
3.110000e-06	6.345412e-06	1.220208e-09	3.418750e+01	3.234305e+02
3.120000e-06	6.373310e-06	1.223896e-09	3.433781e+01	3.242380e+02
3.130000e-06	6.400962e-06	1.228727e-09	3.448679e+01	3.250289e+02
3.140000e-06	6.428243e-06	1.232967e-09	3.463377e+01	3.258036e+02
3.150000e-06	6.454962e-06	1.236810e-09	3.477772e+01	3.265620e+02
3.160000e-06	6.480923e-06	1.241110e-09	3.491760e+01	3.273044e+02
3.170000e-06	6.506007e-06	1.245617e-09	3.505275e+01	3.280308e+02
3.180000e-06	6.530422e-06	1.250551e-09	3.518428e+01	3.287416e+02
3.190000e-06	6.554438e-06	1.254219e-09	3.531368e+01	3.294368e+02
3.200000e-06	6.578030e-06	1.256361e-09	3.544078e+01	3.301166e+02
3.210000e-06	6.601243e-06	1.259463e-09	3.556585e+01	3.307813e+02
3.220000e-06	6.624041e-06	1.263333e-09	3.568868e+01	3.314310e+02
3.230000e-06	6.646373e-06	1.267665e-09	3.580900e+01	3.320661e+02
3.240000e-06	6.668236e-06	1.272597e-09	3.592679e+01	3.326869e+02
3.250000e-06	6.689505e-06	1.276740e-09	3.604138e+01	3.332936e+02
3.260000e-06	6.710362e-06	1.280001e-09	3.615376e+01	3.338867e+02
3.270000e-06	6.730889e-06	1.283165e-09	3.626435e+01	3.344665e+02
3.280000e-06	6.750971e-06	1.285326e-09	3.637255e+01	3.350334e+02
3.290000e-06	6.770695e-06	1.287240e-09	3.647882e+01	3.355879e+02
3.300000e-06	6.790023e-06	1.289781e-09	3.658295e+01	3.361303e+02
3.310000e-06	6.808895e-06	1.292752e-09	3.668463e+01	3.366612e+02
3.320000e-06	6.827307e-06	1.295961e-09	3.678383e+01	3.371810e+02
3.330000e-06	6.845160e-06	1.297366e-09	3.688002e+01	3.376901e+02
3.340000e-06	6.862483e-06	1.298383e-09	3.697335e+01	3.381890e+02
3.350000e-06	6.879365e-06	1.301288e-09	3.706430e+01	3.386780e+02
3.360000e-06	6.895891e-06	1.304166e-09	3.715334e+01	3.391576e+02
3.370000e-06	6.911883e-06	1.305867e-09	3.723950e+01	3.396280e+02
3.380000e-06	6.927230e-06	1.307829e-09	3.732219e+01	3.400895e+02
3.390000e-06	6.941950e-06	1.310174e-09	3.740150e+01	3.405424e+02
3.400000e-06	6.956054e-06	1.312756e-09	3.747748e+01	3.409867e+02
3.410000e-06	6.969724e-06	1.316023e-09	3.755114e+01	3.414226e+02
3.420000e-06	6.982924e-06	1.319238e-09	3.762225e+01	3.418500e+02
3.430000e-06	6.995597e-06	1.321607e-09	3.769053e+01	3.422690e+02
3.440000e-06	7.007818e-06	1.324467e-09	3.775638e+01	3.426792e+02
3.450000e-06	7.019596e-06	1.329207e-09	3.781983e+01	3.430806e+02
3.460000e-06	7.030855e-06	1.333126e-09	3.788049e+01	3.434727e+02
3.470000e-06	7.041277e-06	1.334096e-09	3.793665e+01	3.438551e+02
3.480000e-06	7.050919e-06	1.333537e-09	3.798859e+01	3.442275e+02
3.490000e-06	7.059881e-06	1.334293e-09	3.803688e+01	3.445892e+02
3.500000e-06	7.068192e-06	1.338075e-09	3.808166e+01	3.449396e+02
3.510000e-06	7.076143e-06	1.342621e-09	3.812450e+01	3.452782e+02
3.520000e-06	7.083805e-06	1.345418e-09	3.816577e+01	3.456043e+02
3.530000e-06	7.091063e-06	1.347617e-09	3.820488e+01	3.459171e+02
3.540000e-06	7.097808e-06	1.350198e-09	3.824122e+01	3.462159e+02
3.550000e-06	7.103911e-06	1.352095e-09	3.827410e+01	3.465001e+02
3.560000e-06	7.109436e-06	1.353359e-09	3.830387e+01	3.467689e+02
3.570000e-06	7.114539e-06	1.354598e-09	3.833136e+01	3.470217e+02
3.580000e-06	7.119097e-06	1.356224e-09	3.835592e+01	3.472578e+02
3.590000e-06	7.123214e-06	1.359508e-09	3.837810e+01	3.474766e+02
3.600000e-06	7.127065e-06	1.363532e-09	3.839885e+01	3.476777e+02
3.610000e-06	7.130610e-06	1.365764e-09	3.841795e+01	3.478605e+02
3.620000e-06	7.133627e-06	1.366367e-09	3.843420e+01	3.480247e+02
3.630000e-06	7.135991e-06	1.367142e-09	3.844694e+01	3.481700e+02
3.640000e-06	7.137595e-06	1.368096e-09	3.845558e+01	3.482963e+02
3.650000e-06	7.138292e-06	1.368864e-09	3.845934e+01	3.484033e+02
3.660000e-06	7.138415e-06	1.370372e-09	3.846000e+01	3.484913e+02
3.670000e-06	7.138212e-06	1.371655e-09	3.845891e+01	3.485602e+02
3.680000e-06	7.137742e-06	1.371374e-09	3.845637e+01	3.486103e+02
3.690000e-06	7.136962e-06	1.371033e-09	3.845217e+01	3.486418e+02
3.700000e-06	7.135651e-06	1.372138e-09	3.844511e+01	3.486552e+02
3.710000e-06	7.133818e-06	1.372989e-09	3.843523e+01	3.486510e+02
3.720000e-06	7.131535e-06	1.373850e-09	3.842293e+01	3.486296e+02
3.730000e-06	7.128836e-06	1.379126e-09	3.840839e+01	3.485918e+02
3.740000e-06	7.125617e-06	1.378246e-09	3.839105e+01	3.485381e+02
3.750000e-06	7.121739e-06	1.357226e-09	3.837016e+01	3.484693e+02
3.760000e-06	7.117397e-06	1.365870e-09	3.834676e+01	3.483861e+02
3.770000e-06	7.112313e-06	1.429694e-09	3.831937e+01	3.482892e+02
3.780000e-06	7.106300e-06	1.416075e-09	3.828698e+01	3.481795e+02
3.790000e-06	7.099823e-06	1.324711e-09	3.825208e+01	3.480576e+02
3.800000e-06	7.093183e-06	1.330187e-09	3.821630e+01	3.479243e+02
3.810000e-06	7.086185e-06	1.434096e-09	3.817860e+01	3.477804e+02
3.820000e-06	7.078527e-06	1.434814e-09	3.813734e+01	3.476263e+02
3.830000e-06	7.070463e-06	1.307965e-09	3.809389e+01	3.474628e+02
3.840000e-06	7.062136e-06	1.315834e-09	3.804903e+01	3.472903e+02
3.850000e-06	7.053329e-06	1.469860e-09	3.800158e+01	3.471094e+02
3.860000e-06	7.043880e-06	1.452755e-09	3.795067e+01	3.469205e+02
3.870000e-06	7.033830e-06	1.275908e-09	3.789652e+01	3.467239e+02
3.880000e-06	7.023456e-06	1.299977e-09	3.784063e+01	3.465198e+02
3.890000e-06	7.012620e-06	1.480260e-09	3.778225e+01	3.463085e+02
3.900000e-06	7.001116e-06	1.438751e-09	3.772027e+01	3.460901e+02
3.910000e-06	6.989118e-06	1.278028e-09	3.765562e+01	3.458647e+02
3.920000e-06	6.976446e-06	1.357641e-09	3.758735e+01	3.456321e+02
3.930000e-06	6.962890e-06	1.492025e-09	3.751432e+01	3.453924e+02
3.940000e-06	6.948493e-06	1.376038e-09	3.743675e+01	3.451455e+02
3.950000e-06	6.933646e-06	1.279401e-09	3.735675e+01	3.448911e+02
3.960000e-06	6.918343e-06	1.417146e-09	3.727431e+01	3.446291e+02
3.970000e-06	6.902375e-06	1.456936e-09	3.718828e+01	3.443593e+02
3.980000e-06	6.886028e-06	1.316072e-09	3.710020e+01	3.440814e+02
3.990000e-06	6.869276e-06	1.346701e-09	3.700995e+01	3.437953e+02
4.000000e-06	6.852099e-06	1.469039e-09	3.691740e+01	3.435006e+02
4.010000e-06	6.834444e-06	1.372015e-09	3.682228e+01	3.431971e+02
4.020000e-06	6.816292e-06	1.285340e-09	3.672448e+01	3.428846e+02
4.030000e-06	6.797771e-06	1.419128e-09	3.662470e+01	3.425629e+02
4.040000e-06	6.778747e-06	1.450028e-09	3.652220e+01	3.422318e+02
4.050000e-06	6.759200e-06	1.314860e-09	3.641688e+01	3.418912e+02
4.060000e-06	6.739215e-06	1.345571e-09	3.630921e+01	3.415410e+02
4.070000e-06	6.718847e-06	1.444201e-09	3.619947e+01	3.411811e+02
4.080000e-06	6.698158e-06	1.361572e-09	3.608801e+01	3.408113e+02
4.090000e-06	6.676968e-06	1.315659e-09	3.597384e+01	3.404318e+02
4.100000e-06	6.655040e-06	1.409570e-09	3.585569e+01	3.400425e+02
4.110000e-06	6.632383e-06	1.392746e-09	3.573363e+01	3.396434e+02
4.120000e-06	6.609055e-06	1.323311e-09	3.560794e+01	3.392346e+02
4.130000e-06	6.585151e-06	1.382575e-09	3.547915e+01	3.388161e+02
4.140000e-06	6.560854e-06	1.403952e-09	3.534825e+01	3.383880e+02
4.150000e-06	6.536258e-06	1.333058e-09	3.521573e+01	3.379504e+02
4.160000e-06	6.511216e-06	1.352696e-09	3.508081e+01	3.375033e+02
4.170000e-06	6.485737e-06	1.395772e-09	3.494353e+01	3.370467e+02
4.180000e-06	6.459884e-06	1.353454e-09	3.480424e+01	3.365806e+02
4.190000e-06	6.433509e-06	1.348334e-09	3.466214e+01	3.361051e+02
4.200000e-06	6.406654e-06	1.380738e-09	3.451745e+01	3.356200e+02
4.210000e-06	6.379344e-06	1.352467e-09	3.437031e+01	3.351253e+02
4.220000e-06	6.351581e-06	1.339641e-09	3.422074e+01	3.346209e+02
4.230000e-06	6.323493e-06	1.367812e-09	3.406940e+01	3.341064e+02
4.240000e-06	6.295210e-06	1.355744e-09	3.391702e+01	3.335816e+02
4.250000e-06	6.266471e-06	1.342288e-09	3.376218e+01	3.330463e+02
4.260000e-06	6.237080e-06	1.360456e-09	3.360383e+01	3.325001e+02
4.270000e-06	6.207135e-06	1.353849e-09	3.344249e+01	3.319425e+02
4.280000e-06	6.176631e-06	1.342199e-09	3.327815e+01	3.313731e+02
4.290000e-06	6.145559e-06	1.350920e-09	3.311074e+01	3.307913e+02
4.300000e-06	6.113909e-06	1.342731e-09	3.294022e+01	3.301966e+02
4.310000e-06	6.081787e-06	1.335052e-09	3.276715e+01	3.295884e+02
4.320000e-06	6.049284e-06	1.345511e-09	3.259203e+01	3.289660e+02
4.330000e-06	6.016484e-06	1.339507e-09	3.241532e+01	3.283288e+02
4.340000e-06	5.983262e-06	1.328630e-09	3.223633e+01	3.276760e+02
4.350000e-06	5.949569e-06	1.333495e-09	3.205479e+01	3.270071e+02
4.360000e-06	5.915592e-06	1.329001e-09	3.187174e+01	3.263213e+02
4.370000e-06	5.881164e-06	1.322687e-09	3.168625e+01	3.256180e+02
4.380000e-06	5.846207e-06	1.328671e-09	3.149791e+01	3.248966e+02
4.390000e-06	5.810911e-06	1.324077e-09	3.130774e+01	3.241565e+02
4.400000e-06	5.775293e-06	1.315140e-09	3.111584e+01	3.233970e+02
4.410000e-06	5.739368e-06	1.320061e-09	3.092228e+01	3.226178e+02
4.420000e-06	5.703131e-06	1.321110e-09	3.072705e+01	3.218182e+02
4.430000e-06	5.666489e-06	1.312859e-09	3.052963e+01	3.209981e+02
4.440000e-06	5.629500e-06	1.309110e-09	3.033034e+01	3.201570e+02
4.450000e-06	5.592038e-06	1.308383e-09	3.012851e+01	3.192947e+02
4.460000e-06	5.553920e-06	1.305912e-09	2.992314e+01	3.184111e+02
4.470000e-06	5.515134e-06	1.304055e-09	2.971417e+01	3.175060e+02
4.480000e-06	5.475730e-06	1.301029e-09	2.950187e+01	3.165795e+02
4.490000e-06	5.435885e-06	1.296322e-09	2.928719e+01	3.156316e+02
4.500000e-06	5.395739e-06	1.292753e-09	2.907090e+01	3.146624e+02
4.510000e-06	5.355360e-06	1.290723e-09	2.885334e+01	3.136722e+02
4.520000e-06	5.314713e-06	1.289306e-09	2.863435e+01	3.126613e+02
4.530000e-06	5.273703e-06	1.286052e-09	2.841340e+01	3.116299e+02
4.540000e-06	5.232328e-06	1.280107e-09	2.819048e+01	3.105785e+02
4.550000e-06	5.190724e-06	1.276623e-09	2.796632e+01	3.095075e+02
4.560000e-06	5.148728e-06	1.275942e-09	2.774006e+01	3.084174e+02
4.570000e-06	5.106225e-06	1.271522e-09	2.751107e+01	3.073086e+02
4.580000e-06	5.063497e-06	1.263909e-09	2.728086e+01	3.061817e+02
4.590000e-06	5.020387e-06	1.257855e-09	2.704860e+01	3.050372e+02
4.600000e-06	4.976778e-06	1.254474e-09	2.681364e+01	3.038756e+02
4.610000e-06	4.932809e-06	1.252116e-09	2.657675e+01	3.026973e+02
4.620000e-06	4.888594e-06	1.249183e-09	2.633852e+01	3.015030e+02
4.630000e-06	4.844325e-06	1.245559e-09	2.610001e+01	3.002929e+02
4.640000e-06	4.799954e-06	1.241333e-09	2.586095e+01	2.990676e+02
4.650000e-06	4.755213e-06	1.236923e-09	2.561990e+01	2.978273e+02
4.660000e-06	4.710065e-06	1.231820e-09	2.537666e+01	2.965725e+02
4.670000e-06	4.664537e-06	1.224304e-09	2.513136e+01	2.953032e+02
4.680000e-06	4.618631e-06	1.215992e-09	2.488403e+01	2.940197e+02
4.690000e-06	4.572393e-06	1.210642e-09	2.463491e+01	2.927221e+02
4.700000e-06	4.525820e-06	1.209063e-09	2.438399e+01	2.914103e+02
4.710000e-06	4.478918e-06	1.207613e-09	2.413129e+01	2.900844e+02
4.720000e-06	4.431663e-06	1.202778e-09	2.387670e+01	2.887442e+02
4.730000e-06	4.384098e-06	1.194810e-09	2.362043e+01	2.873894e+02
4.740000e-06	4.336242e-06	1.188029e-09	2.336259e+01	2.860197e+02
4.750000e-06	4.288068e-06	1.184478e-09	2.310304e+01	2.846347e+02
4.760000e-06	4.239446e-06	1.180027e-09	2.284108e+01	2.832339e+02
4.770000e-06	4.190343e-06	1.172270e-09	2.257652e+01	2.818168e+02
4.780000e-06	4.140869e-06	1.165997e-09	2.230997e+01	2.803827e+02
4.790000e-06	4.091164e-06	1.162880e-09	2.204217e+01	2.789310e+02
4.800000e-06	4.041244e-06	1.159320e-09	2.177322e+01	2.774608e+02
4.810000e-06	3.990915e-06	1.153579e-09	2.150205e+01	2.759712e+02
4.820000e-06	3.940191e-06	1.146488e-09	2.122877e+01	2.744615e+02
4.830000e-06	3.889274e-06	1.140124e-09	2.095444e+01	2.729306e+02
4.840000e-06	3.838099e-06	1.134882e-09	2.067872e+01	2.713776e+02
4.850000e-06	3.786614e-06	1.129172e-09	2.040133e+01	2.698014e+02
4.860000e-06	3.734862e-06	1.122512e-09	2.012250e+01	2.682010e+02
4.870000e-06	3.682809e-06	1.115288e-09	1.984206e+01	2.665754e+02
4.880000e-06	3.630490e-06	1.108251e-09	1.956018e+01	2.649235e+02
4.890000e-06	3.577793e-06	1.102883e-09	1.927626e+01	2.632442e+02
4.900000e-06	3.524733e-06	1.097809e-09	1.899038e+01	2.615364e+02
4.910000e-06	3.471361e-06	1.091638e-09	1.870283e+01	2.597992e+02
4.920000e-06	3.417641e-06	1.083808e-09	1.841340e+01	2.580315e+02
4.930000e-06	3.363601e-06	1.075641e-09	1.812225e+01	2.562324e+02
4.940000e-06	3.309262e-06	1.069520e-09	1.782948e+01	2.544009e+02
4.950000e-06	3.254596e-06	1.063545e-09	1.753495e+01	2.525361e+02
4.960000e-06	3.199529e-06	1.055328e-09	1.723826e+01	2.506373e+02
4.970000e-06	3.144164e-06	1.046696e-09	1.693997e+01	2.487036e+02
4.980000e-06	3.088648e-06	1.039135e-09	1.664087e+01	2.467345e+02
4.990000e-06	3.032892e-06	1.031591e-09	1.634046e+01	2.447292e+02
5.000000e-06	2.976829e-06	1.023041e-09	1.603841e+01	2.426873e+02
5.010000e-06	2.920586e-06	1.013850e-09	1.573539e+01	2.406083e+02
5.020000e-06	2.864154e-06	1.004983e-09	1.543135e+01	2.384919e+02
5.030000e-06	2.807655e-06	9.970845e-10	1.512695e+01	2.363377e+02
5.040000e-06	2.751093e-06	9.904350e-10	1.482220e+01	2.341456e+02
5.050000e-06	2.694255e-06	9.835093e-10	1.451597e+01	2.319155e+02
5.060000e-06	2.637191e-06	9.744817e-10	1.420853e+01	2.296471e+02
5.070000e-06	2.580008e-06	9.642452e-10	1.390044e+01	2.273407e+02
5.080000e-06	2.522740e-06	9.549271e-10	1.359189e+01	2.249961e+02
5.090000e-06	2.465313e-06	9.458183e-10	1.328249e+01	2.226135e+02
5.100000e-06	2.407652e-06	9.353199e-10	1.297183e+01	2.201930e+02
5.110000e-06	2.349855e-06	9.242444e-10	1.266043e+01	2.177348e+02
5.120000e-06	2.291856e-06	9.135564e-10	1.234795e+01	2.152389e+02
5.130000e-06	2.233629e-06	9.030444e-10	1.203423e+01	2.127055e+02
5.140000e-06	2.175215e-06	8.926009e-10	1.171952e+01	2.101348e+02
5.150000e-06	2.116602e-06	8.821507e-10	1.140372e+01	2.075267e+02
5.160000e-06	2.057843e-06	8.713649e-10	1.108715e+01	2.048812e+02
5.170000e-06	1.998931e-06	8.598924e-10	1.076974e+01	2.021982e+02
5.180000e-06	1.939801e-06	8.488323e-10	1.045116e+01	1.994776e+02
5.190000e-06	1.880600e-06	8.376187e-10	1.013221e+01	1.967189e+02
5.200000e-06	1.821406e-06	8.246714e-10	9.813282e+00	1.939218e+02
5.210000e-06	1.762021e-06	8.111217e-10	9.493328e+00	1.910857e+02
5.220000e-06	1.702505e-06	7.995038e-10	9.172670e+00	1.882097e+02
5.230000e-06	1.642959e-06	7.889639e-10	8.851856e+00	1.852931e+02
5.240000e-06	1.583347e-06	7.767431e-10	8.530677e+00	1.823345e+02
5.250000e-06	1.523635e-06	7.636371e-10	8.208966e+00	1.793328e+02
5.260000e-06	1.463796e-06	7.506492e-10	7.886569e+00	1.762865e+02
5.270000e-06	1.403821e-06	7.377127e-10	7.563435e+00	1.731938e+02
5.280000e-06	1.343727e-06	7.245126e-10	7.239665e+00	1.700530e+02
5.290000e-06	1.283556e-06	7.098976e-10	6.915480e+00	1.668619e+02
5.300000e-06	1.223355e-06	6.944561e-10	6.591132e+00	1.636184e+02
5.310000e-06	1.163159e-06	6.795618e-10	6.266809e+00	1.603202e+02
5.320000e-06	1.102911e-06	6.654943e-10	5.942212e+00	1.569647e+02
5.330000e-06	1.042625e-06	6.522548e-10	5.617404e+00	1.535493e+02
5.340000e-06	9.823529e-07	6.391144e-10	5.292672e+00	1.500714e+02
5.350000e-06	9.219845e-07	6.246348e-10	4.967422e+00	1.465283e+02
5.360000e-06	8.614903e-07	6.085688e-10	4.641495e+00	1.429172e+02
5.370000e-06	8.008847e-07	5.925798e-10	4.314967e+00	1.392353e+02
5.380000e-06	7.402355e-07	5.764159e-10	3.988205e+00	1.354801e+02
5.390000e-06	6.795759e-07	5.590552e-10	3.661386e+00	1.316488e+02
5.400000e-06	6.188843e-07	5.416448e-10	3.334394e+00	1.277391e+02
5.410000e-06	5.581175e-07	5.248334e-10	3.006998e+00	1.237487e+02
5.420000e-06	4.972862e-07	5.085401e-10	2.679254e+00	1.196755e+02
5.430000e-06	4.364868e-07	4.918404e-10	2.351682e+00	1.155177e+02
5.440000e-06	3.756856e-07	4.737869e-10	2.024101e+00	1.112738e+02
5.450000e-06	3.149180e-07	4.542557e-10	1.696700e+00	1.069426e+02
5.460000e-06	2.541611e-07	4.344196e-10	1.369357e+00	1.025233e+02
5.470000e-06	1.933134e-07	4.156128e-10	1.041525e+00	9.801539e+01
5.480000e-06	1.324278e-07	3.974459e-10	7.134879e-01	9.341899e+01
5.490000e-06	7.159889e-08	3.785156e-10	3.857570e-01	8.873452e+01
5.500000e-06	1.080137e-08	3.579203e-10	5.819510e-02	8.396290e+01
5.510000e-06	-4.998219e-08	3.365492e-10	-2.692916e-01	7.910555e+01
5.520000e-06	-1.108608e-07	3.153240e-10	-5.972904e-01	7.416437e+01
5.530000e-06	-1.718531e-07	2.944367e-10	-9.259014e-01	6.914175e+01
5.540000e-06	-2.327309e-07	2.736633e-10	-1.253896e+00	6.404060e+01
5.550000e-06	-2.935399e-07	2.529870e-10	-1.581520e+00	5.886428e+01
5.560000e-06	-3.544655e-07	2.317191e-10	-1.909772e+00	5.361664e+01
5.570000e-06	-4.153306e-07	2.088845e-10	-2.237697e+00	4.830197e+01
5.580000e-06	-4.760147e-07	1.847038e-10	-2.564649e+00	4.292498e+01
5.590000e-06	-5.366876e-07	1.602867e-10	-2.891539e+00	3.749079e+01
5.600000e-06	-5.974459e-07	1.366237e-10	-3.218890e+00	3.200484e+01
5.610000e-06	-6.581538e-07	1.139896e-10	-3.545968e+00	2.647293e+01
5.620000e-06	-7.186740e-07	9.187766e-11	-3.872036e+00	2.090109e+01
5.630000e-06	-7.791140e-07	6.881330e-11	-4.197672e+00	1.529560e+01
5.640000e-06	-8.395604e-07	4.426768e-11	-4.523342e+00	9.662906e+00
5.650000e-06	-8.999247e-07	1.934340e-11	-4.848570e+00	4.009571e+00
5.660000e-06	-9.602429e-07	-5.065789e-12	-5.173549e+00	-1.657764e+00
5.670000e-06	-1.020522e-06	-2.820861e-11	-5.498318e+00	-7.332446e+00
5.680000e-06	-1.080740e-06	-5.021365e-11	-5.822756e+00	-1.300786e+01
5.690000e-06	-1.140958e-06	-7.280841e-11	-6.147195e+00	-1.867746e+01
5.700000e-06	-1.201082e-06	-9.585950e-11	-6.471130e+00	-2.433486e+01
5.710000e-06	-1.261190e-06	-1.190910e-10	-6.794976e+00	-2.997384e+01
5.720000e-06	-1.321303e-06	-1.422671e-10	-7.118853e+00	-3.558842e+01
5.730000e-06	-1.381244e-06	-1.649207e-10	-7.441800e+00	-4.117287e+01
5.740000e-06	-1.440994e-06	-1.887858e-10	-7.763714e+00	-4.672176e+01
5.750000e-06	-1.500696e-06	-2.130860e-10	-8.085375e+00	-5.223001e+01
5.760000e-06	-1.560445e-06	-2.361721e-10	-8.407291e+00	-5.769289e+01
5.770000e-06	-1.620148e-06	-2.591899e-10	-8.728952e+00	-6.310602e+01
5.780000e-06	-1.679721e-06	-2.831620e-10	-9.049919e+00	-6.846545e+01
5.790000e-06	-1.739198e-06	-3.076484e-10	-9.370367e+00	-7.376761e+01
5.800000e-06	-1.798523e-06	-3.318189e-10	-9.689995e+00	-7.900933e+01
5.810000e-06	-1.857646e-06	-3.541612e-10	-1.000854e+01	-8.418786e+01
5.820000e-06	-1.916717e-06	-3.749670e-10	-1.032679e+01	-8.930084e+01
5.830000e-06	-1.975754e-06	-3.971643e-10	-1.064487e+01	-9.434628e+01
5.840000e-06	-2.034561e-06	-4.203758e-10	-1.096171e+01	-9.932258e+01
5.850000e-06	-2.093113e-06	-4.419619e-10	-1.127717e+01	-1.042285e+02
5.860000e-06	-2.151569e-06	-4.616114e-10	-1.159212e+01	-1.090630e+02
5.870000e-06	-2.209913e-06	-4.807032e-10	-1.190646e+01	-1.138256e+02
5.880000e-06	-2.267978e-06	-4.999111e-10	-1.221930e+01	-1.185159e+02
5.890000e-06	-2.325830e-06	-5.189279e-10	-1.253099e+01	-1.231338e+02
5.900000e-06	-2.383603e-06	-5.385259e-10	-1.284226e+01	-1.276793e+02
5.910000e-06	-2.441248e-06	-5.590040e-10	-1.315284e+01	-1.321528e+02
5.920000e-06	-2.498632e-06	-5.793156e-10	-1.346201e+01	-1.365546e+02
5.930000e-06	-2.555708e-06	-6.000671e-10	-1.376952e+01	-1.408854e+02
5.940000e-06	-2.612652e-06	-6.206839e-10	-1.407632e+01	-1.451458e+02
5.950000e-06	-2.669537e-06	-6.396828e-10	-1.438280e+01	-1.493365e+02
5.960000e-06	-2.726332e-06	-6.568414e-10	-1.468879e+01	-1.534582e+02
5.970000e-06	-2.782971e-06	-6.735166e-10	-1.499395e+01	-1.575118e+02
5.980000e-06	-2.839381e-06	-6.907938e-10	-1.529788e+01	-1.614980e+02
5.990000e-06	-2.895583e-06	-7.078473e-10	-1.560068e+01	-1.654176e+02
6.000000e-06	-2.951637e-06	-7.240760e-10	-1.590268e+01	-1.692713e+02
6.010000e-06	-3.007612e-06	-7.391402e-10	-1.620427e+01	-1.730598e+02
6.020000e-06	-3.063489e-06	-7.536525e-10	-1.650532e+01	-1.767837e+02
6.030000e-06	-3.119096e-06	-7.693451e-10	-1.680491e+01	-1.804436e+02
6.040000e-06	-3.174314e-06	-7.855254e-10	-1.710241e+01	-1.840402e+02
6.050000e-06	-3.229206e-06	-8.002346e-10	-1.739815e+01	-1.875738e+02
6.060000e-06	-3.283744e-06	-8.143983e-10	-1.769199e+01	-1.910449e+02
6.070000e-06	-3.337963e-06	-8.289810e-10	-1.798411e+01	-1.944539e+02
6.080000e-06	-3.391718e-06	-8.440615e-10	-1.827373e+01	-1.978012e+02
6.090000e-06	-3.444908e-06	-8.590564e-10	-1.856031e+01	-2.010872e+02
6.100000e-06	-3.497774e-06	-8.730314e-10	-1.884513e+01	-2.043122e+02
6.110000e-06	-3.550479e-06	-8.855659e-10	-1.912910e+01	-2.074765e+02
6.120000e-06	-3.603022e-06	-8.981080e-10	-1.941218e+01	-2.105806e+02
6.130000e-06	-3.655260e-06	-9.116258e-10	-1.969363e+01	-2.136248e+02
6.140000e-06	-3.707237e-06	-9.243607e-10	-1.997367e+01	-2.166095e+02
6.150000e-06	-3.759053e-06	-9.358481e-10	-2.025284e+01	-2.195352e+02
6.160000e-06	-3.810688e-06	-9.479571e-10	-2.053104e+01	-2.224024e+02
6.170000e-06	-3.861923e-06	-9.611804e-10	-2.080708e+01	-2.252117e+02
6.180000e-06	-3.912785e-06	-9.739768e-10	-2.108111e+01	-2.279638e+02
6.190000e-06	-3.963333e-06	-9.851618e-10	-2.135345e+01	-2.306594e+02
6.200000e-06	-4.013543e-06	-9.948968e-10	-2.162397e+01	-2.332993e+02
6.210000e-06	-4.063515e-06	-1.004149e-09	-2.189320e+01	-2.358842e+02
6.220000e-06	-4.113095e-06	-1.013981e-09	-2.216033e+01	-2.384153e+02
6.230000e-06	-4.162169e-06	-1.024029e-09	-2.242473e+01	-2.408934e+02
6.240000e-06	-4.210813e-06	-1.033775e-09	-2.268681e+01	-2.433198e+02
6.250000e-06	-4.259126e-06	-1.043926e-09	-2.294711e+01	-2.456953e+02
6.260000e-06	-4.306993e-06	-1.053891e-09	-2.320501e+01	-2.480214e+02
6.270000e-06	-4.354356e-06	-1.063436e-09	-2.346018e+01	-2.502991e+02
6.280000e-06	-4.401347e-06	-1.073058e-09	-2.371336e+01	-2.525298e+02
6.290000e-06	-4.448111e-06	-1.081963e-09	-2.396531e+01	-2.547146e+02
6.300000e-06	-4.494740e-06	-1.091047e-09	-2.421654e+01	-2.568548e+02
6.310000e-06	-4.541136e-06	-1.101021e-09	-2.446651e+01	-2.589518e+02
6.320000e-06	-4.587207e-06	-1.110474e-09	-2.471473e+01	-2.610068e+02
6.330000e-06	-4.633033e-06	-1.119317e-09	-2.496163e+01	-2.630209e+02
6.340000e-06	-4.678495e-06	-1.127528e-09	-2.520657e+01	-2.649954e+02
6.350000e-06	-4.723550e-06	-1.135343e-09	-2.544931e+01	-2.669314e+02
6.360000e-06	-4.768331e-06	-1.142571e-09	-2.569058e+01	-2.688300e+02
6.370000e-06	-4.812827e-06	-1.149632e-09	-2.593031e+01	-2.706923e+02
6.380000e-06	-4.857129e-06	-1.156783e-09	-2.616900e+01	-2.725192e+02
6.390000e-06	-4.901202e-06	-1.162713e-09	-2.640645e+01	-2.743116e+02
6.400000e-06	-4.944933e-06	-1.168821e-09	-2.664207e+01	-2.760705e+02
6.410000e-06	-4.988392e-06	-1.176628e-09	-2.687621e+01	-2.777964e+02
6.420000e-06	-5.031509e-06	-1.184568e-09	-2.710851e+01	-2.794903e+02
6.430000e-06	-5.074346e-06	-1.190690e-09	-2.733931e+01	-2.811526e+02
6.440000e-06	-5.116912e-06	-1.195125e-09	-2.756865e+01	-2.827841e+02
6.450000e-06	-5.159050e-06	-1.199877e-09	-2.779567e+01	-2.843851e+02
6.460000e-06	-5.200769e-06	-1.206543e-09	-2.802045e+01	-2.859563e+02
6.470000e-06	-5.242033e-06	-1.213791e-09	-2.824277e+01	-2.874980e+02
6.480000e-06	-5.282841e-06	-1.219704e-09	-2.846263e+01	-2.890107e+02
6.490000e-06	-5.323343e-06	-1.225211e-09	-2.868085e+01	-2.904947e+02
6.500000e-06	-5.363568e-06	-1.230765e-09	-2.889757e+01	-2.919505e+02
6.510000e-06	-5.403520e-06	-1.236328e-09	-2.911282e+01	-2.933782e+02
6.520000e-06	-5.443251e-06	-1.241993e-09	-2.932688e+01	-2.947783e+02
6.530000e-06	-5.482584e-06	-1.246517e-09	-2.953879e+01	-2.961511e+02
6.540000e-06	-5.521422e-06	-1.250698e-09	-2.974805e+01	-2.974970e+02
6.550000e-06	-5.559748e-06	-1.256586e-09	-2.995454e+01	-2.988162e+02
6.560000e-06	-5.597535e-06	-1.262655e-09	-3.015812e+01	-3.001093e+02
6.570000e-06	-5.634852e-06	-1.267846e-09	-3.035918e+01	-3.013765e+02
6.580000e-06	-5.671627e-06	-1.272913e-09	-3.055731e+01	-3.026182e+02
6.590000e-06	-5.707932e-06	-1.277641e-09	-3.075291e+01	-3.038350e+02
6.600000e-06	-5.743958e-06	-1.281827e-09	-3.094701e+01	-3.050272e+02
6.610000e-06	-5.779662e-06	-1.285632e-09	-3.113938e+01	-3.061954e+02
6.620000e-06	-5.814982e-06	-1.288624e-09	-3.132967e+01	-3.073399e+02
6.630000e-06	-5.849928e-06	-1.290294e-09	-3.151796e+01	-3.084613e+02
6.640000e-06	-5.884492e-06	-1.293457e-09	-3.170418e+01	-3.095601e+02
6.650000e-06	-5.918658e-06	-1.298897e-09	-3.188825e+01	-3.106368e+02
6.660000e-06	-5.952379e-06	-1.302959e-09	-3.206993e+01	-3.116919e+02
6.670000e-06	-5.985558e-06	-1.305765e-09	-3.224869e+01	-3.127260e+02
6.680000e-06	-6.018297e-06	-1.308954e-09	-3.242509e+01	-3.137394e+02
6.690000e-06	-6.050746e-06	-1.311900e-09	-3.259991e+01	-3.147327e+02
6.700000e-06	-6.082888e-06	-1.315666e-09	-3.277308e+01	-3.157064e+02
6.710000e-06	-6.114683e-06	-1.320220e-09	-3.294439e+01	-3.166609e+02
6.720000e-06	-6.146095e-06	-1.323613e-09	-3.311363e+01	-3.175965e+02
6.730000e-06	-6.177040e-06	-1.325163e-09	-3.328035e+01	-3.185138e+02
6.740000e-06	-6.207259e-06	-1.327018e-09	-3.344316e+01	-3.194129e+02
6.750000e-06	-6.236721e-06	-1.330615e-09	-3.360190e+01	-3.202943e+02
6.760000e-06	-6.265641e-06	-1.333516e-09	-3.375771e+01	-3.211582e+02
6.770000e-06	-6.294179e-06	-1.335567e-09	-3.391147e+01	-3.220050e+02
6.780000e-06	-6.322451e-06	-1.337378e-09	-3.406379e+01	-3.228347e+02
6.790000e-06	-6.350345e-06	-1.339183e-09	-3.421408e+01	-3.236477e+02
6.800000e-06	-6.377782e-06	-1.340601e-09	-3.436190e+01	-3.244441e+02
6.810000e-06	-6.404786e-06	-1.341000e-09	-3.450739e+01	-3.252241e+02
6.820000e-06	-6.431407e-06	-1.341328e-09	-3.465082e+01	-3.259879e+02
6.830000e-06	-6.457544e-06	-1.343046e-09	-3.479164e+01	-3.267355e+02
6.840000e-06	-6.483155e-06	-1.346715e-09	-3.492963e+01	-3.274672e+02
6.850000e-06	-6.508299e-06	-1.349812e-09	-3.506510e+01	-3.281832e+02
6.860000e-06	-6.532990e-06	-1.351223e-09	-3.519812e+01	-3.288835e+02
6.870000e-06	-6.557296e-06	-1.352638e-09	-3.532908e+01	-3.295683e+02
6.880000e-06	-6.581296e-06	-1.354906e-09	-3.545838e+01	-3.302380e+02
6.890000e-06	-6.604980e-06	-1.356714e-09	-3.558598e+01	-3.308926e+02
6.900000e-06	-6.628072e-06	-1.357488e-09	-3.571040e+01	-3.315325e+02
6.910000e-06	-6.650359e-06	-1.358371e-09	-3.583047e+01	-3.321580e+02
6.920000e-06	-6.671955e-06	-1.359919e-09	-3.594683e+01	-3.327693e+02
6.930000e-06	-6.692969e-06	-1.361538e-09	-3.606005e+01	-3.333668e+02
6.940000e-06	-6.713480e-06	-1.362710e-09	-3.617056e+01	-3.339509e+02
6.950000e-06	-6.733707e-06	-1.363967e-09	-3.627953e+01	-3.345220e+02
6.960000e-06	-6.753629e-06	-1.365481e-09	-3.638687e+01	-3.350806e+02
6.970000e-06	-6.773132e-06	-1.366770e-09	-3.649195e+01	-3.356269e+02
6.980000e-06	-6.792120e-06	-1.367917e-09	-3.659425e+01	-3.361616e+02
6.990000e-06	-6.810517e-06	-1.368925e-09	-3.669337e+01	-3.366849e+02
7.000000e-06	-6.828410e-06	-1.369273e-09	-3.678977e+01	-3.371975e+02
7.010000e-06	-6.845907e-06	-1.368740e-09	-3.688404e+01	-3.376997e+02
7.020000e-06	-6.862949e-06	-1.368119e-09	-3.697586e+01	-3.381919e+02
7.030000e-06	-6.879461e-06	-1.368759e-09	-3.706482e+01	-3.386745e+02
7.040000e-06	-6.895640e-06	-1.370501e-09	-3.715199e+01	-3.391479e+02
7.050000e-06	-6.911605e-06	-1.372229e-09	-3.723800e+01	-3.396123e+02
7.060000e-06	-6.927075e-06	-1.373564e-09	-3.732135e+01	-3.400680e+02
7.070000e-06	-6.941751e-06	-1.374787e-09	-3.740043e+01	-3.405151e+02
7.080000e-06	-6.955574e-06	-1.375226e-09	-3.747490e+01	-3.409537e+02
7.090000e-06	-6.968692e-06	-1.374762e-09	-3.754558e+01	-3.413840e+02
7.100000e-06	-6.981223e-06	-1.374673e-09	-3.761309e+01	-3.418057e+02
7.110000e-06	-6.993064e-06	-1.375610e-09	-3.767689e+01	-3.422188e+02
7.120000e-06	-7.004397e-06	-1.376750e-09	-3.773795e+01	-3.426231e+02
7.130000e-06	-7.015334e-06	-1.377495e-09	-3.779687e+01	-3.430183e+02
7.140000e-06	-7.025819e-06	-1.378127e-09	-3.785336e+01	-3.434039e+02
7.150000e-06	-7.035872e-06	-1.378425e-09	-3.790753e+01	-3.437796e+02
7.160000e-06	-7.045455e-06	-1.378958e-09	-3.795916e+01	-3.441449e+02
7.170000e-06	-7.054586e-06	-1.379359e-09	-3.800835e+01	-3.444991e+02
7.180000e-06	-7.063328e-06	-1.379282e-09	-3.805545e+01	-3.448417e+02
7.190000e-06	-7.071764e-06	-1.379388e-09	-3.810090e+01	-3.451719e+02
7.200000e-06	-7.079852e-06	-1.380038e-09	-3.814448e+01	-3.454892e+02
7.210000e-06	-7.087327e-06	-1.381110e-09	-3.818475e+01	-3.457927e+02
7.220000e-06	-7.094112e-06	-1.380773e-09	-3.822131e+01	-3.460818e+02
7.230000e-06	-7.100169e-06	-1.379120e-09	-3.825394e+01	-3.463558e+02
7.240000e-06	-7.105507e-06	-1.378575e-09	-3.828270e+01	-3.466139e+02
7.250000e-06	-7.110347e-06	-1.379738e-09	-3.830878e+01	-3.468556e+02
7.260000e-06	-7.114728e-06	-1.380591e-09	-3.833238e+01	-3.470802e+02
7.270000e-06	-7.118684e-06	-1.379869e-09	-3.835370e+01	-3.472871e+02
7.280000e-06	-7.122161e-06	-1.379626e-09	-3.837243e+01	-3.474760e+02
7.290000e-06	-7.125086e-06	-1.380204e-09	-3.838819e+01	-3.476464e+02
7.300000e-06	-7.127590e-06	-1.379357e-09	-3.840168e+01	-3.477980e+02
7.310000e-06	-7.129613e-06	-1.377369e-09	-3.841258e+01	-3.479306e+02
7.320000e-06	-7.130948e-06	-1.377097e-09	-3.841977e+01	-3.480440e+02
7.330000e-06	-7.131878e-06	-1.377850e-09	-3.842478e+01	-3.481383e+02
7.340000e-06	-7.132561e-06	-1.377219e-09	-3.842846e+01	-3.482134e+02
