# Temperatura_=_-20.2
# Concentracion g/m^3_=_7400.0
# C_Vs_to_Am_M_A/Vsm_=_254322799225.57578
# pendiente_HvsI_1/m_=_3716.3
# ordenada_HvsI_A/m_=_1297.0
# frecuencia_Hz_=_136118.1971101111

Tiempo_(s)	Campo_(V.s)	Magnetizacion_(V.s)	Campo_(kA/m)	Magnetizacion_(A/m)
0.000000e+00	-7.092075e-06	-1.250378e-09	-3.842059e+01	-3.152301e+02
1.000000e-08	-7.092217e-06	-1.249491e-09	-3.842135e+01	-3.151648e+02
2.000000e-08	-7.092047e-06	-1.248578e-09	-3.842043e+01	-3.150838e+02
3.000000e-08	-7.091304e-06	-1.247182e-09	-3.841641e+01	-3.149875e+02
4.000000e-08	-7.089819e-06	-1.246075e-09	-3.840836e+01	-3.148761e+02
5.000000e-08	-7.087670e-06	-1.245403e-09	-3.839672e+01	-3.147499e+02
6.000000e-08	-7.084860e-06	-1.244862e-09	-3.838150e+01	-3.146090e+02
7.000000e-08	-7.081464e-06	-1.245680e-09	-3.836310e+01	-3.144537e+02
8.000000e-08	-7.077631e-06	-1.248530e-09	-3.834234e+01	-3.142842e+02
9.000000e-08	-7.073287e-06	-1.244127e-09	-3.831880e+01	-3.141008e+02
1.000000e-07	-7.068148e-06	-1.215992e-09	-3.829096e+01	-3.139039e+02
1.100000e-07	-7.062298e-06	-1.201357e-09	-3.825927e+01	-3.136936e+02
1.200000e-07	-7.056196e-06	-1.258361e-09	-3.822622e+01	-3.134705e+02
1.300000e-07	-7.049962e-06	-1.301226e-09	-3.819244e+01	-3.132348e+02
1.400000e-07	-7.043221e-06	-1.229385e-09	-3.815592e+01	-3.129871e+02
1.500000e-07	-7.035890e-06	-1.165095e-09	-3.811621e+01	-3.127279e+02
1.600000e-07	-7.028275e-06	-1.246189e-09	-3.807496e+01	-3.124578e+02
1.700000e-07	-7.020331e-06	-1.313057e-09	-3.803192e+01	-3.121772e+02
1.800000e-07	-7.011875e-06	-1.198895e-09	-3.798611e+01	-3.118870e+02
1.900000e-07	-7.002592e-06	-1.121733e-09	-3.793582e+01	-3.115878e+02
2.000000e-07	-6.992633e-06	-1.256100e-09	-3.788187e+01	-3.112804e+02
2.100000e-07	-6.982262e-06	-1.338183e-09	-3.782569e+01	-3.109654e+02
2.200000e-07	-6.971187e-06	-1.191565e-09	-3.776569e+01	-3.106436e+02
2.300000e-07	-6.959378e-06	-1.116617e-09	-3.770171e+01	-3.103158e+02
2.400000e-07	-6.947118e-06	-1.247585e-09	-3.763529e+01	-3.099827e+02
2.500000e-07	-6.934343e-06	-1.285478e-09	-3.756609e+01	-3.096451e+02
2.600000e-07	-6.921007e-06	-1.164196e-09	-3.749384e+01	-3.093035e+02
2.700000e-07	-6.907158e-06	-1.166828e-09	-3.741881e+01	-3.089587e+02
2.800000e-07	-6.892675e-06	-1.265451e-09	-3.734035e+01	-3.086111e+02
2.900000e-07	-6.877287e-06	-1.220712e-09	-3.725699e+01	-3.082612e+02
3.000000e-07	-6.861132e-06	-1.151964e-09	-3.716947e+01	-3.079093e+02
3.100000e-07	-6.844521e-06	-1.214083e-09	-3.707949e+01	-3.075558e+02
3.200000e-07	-6.827424e-06	-1.226125e-09	-3.698687e+01	-3.072008e+02
3.300000e-07	-6.809938e-06	-1.139785e-09	-3.689214e+01	-3.068442e+02
3.400000e-07	-6.792096e-06	-1.183119e-09	-3.679548e+01	-3.064861e+02
3.500000e-07	-6.773854e-06	-1.266286e-09	-3.669666e+01	-3.061261e+02
3.600000e-07	-6.755106e-06	-1.177632e-09	-3.659509e+01	-3.057639e+02
3.700000e-07	-6.735806e-06	-1.111046e-09	-3.649053e+01	-3.053992e+02
3.800000e-07	-6.716158e-06	-1.214786e-09	-3.638409e+01	-3.050312e+02
3.900000e-07	-6.696269e-06	-1.233779e-09	-3.627635e+01	-3.046594e+02
4.000000e-07	-6.675957e-06	-1.129179e-09	-3.616631e+01	-3.042830e+02
4.100000e-07	-6.655003e-06	-1.151218e-09	-3.605279e+01	-3.039010e+02
4.200000e-07	-6.633480e-06	-1.225540e-09	-3.593619e+01	-3.035127e+02
4.300000e-07	-6.611538e-06	-1.170853e-09	-3.581733e+01	-3.031171e+02
4.400000e-07	-6.589262e-06	-1.137999e-09	-3.569665e+01	-3.027131e+02
4.500000e-07	-6.566605e-06	-1.192475e-09	-3.557391e+01	-3.022997e+02
4.600000e-07	-6.543480e-06	-1.170484e-09	-3.544863e+01	-3.018760e+02
4.700000e-07	-6.519926e-06	-1.129374e-09	-3.532102e+01	-3.014410e+02
4.800000e-07	-6.495995e-06	-1.179650e-09	-3.519138e+01	-3.009938e+02
4.900000e-07	-6.471673e-06	-1.187088e-09	-3.505962e+01	-3.005334e+02
5.000000e-07	-6.446786e-06	-1.125385e-09	-3.492480e+01	-3.000591e+02
5.100000e-07	-6.421139e-06	-1.140064e-09	-3.478586e+01	-2.995701e+02
5.200000e-07	-6.394655e-06	-1.177180e-09	-3.464238e+01	-2.990659e+02
5.300000e-07	-6.367576e-06	-1.142099e-09	-3.449569e+01	-2.985459e+02
5.400000e-07	-6.340116e-06	-1.127914e-09	-3.434692e+01	-2.980097e+02
5.500000e-07	-6.312388e-06	-1.155835e-09	-3.419671e+01	-2.974570e+02
5.600000e-07	-6.284329e-06	-1.142642e-09	-3.404471e+01	-2.968877e+02
5.700000e-07	-6.255870e-06	-1.126472e-09	-3.389053e+01	-2.963017e+02
5.800000e-07	-6.226911e-06	-1.142709e-09	-3.373365e+01	-2.956990e+02
5.900000e-07	-6.197487e-06	-1.135297e-09	-3.357425e+01	-2.950798e+02
6.000000e-07	-6.167728e-06	-1.117112e-09	-3.341303e+01	-2.944443e+02
6.100000e-07	-6.137600e-06	-1.128664e-09	-3.324981e+01	-2.937928e+02
6.200000e-07	-6.107054e-06	-1.131910e-09	-3.308434e+01	-2.931257e+02
6.300000e-07	-6.076013e-06	-1.117486e-09	-3.291618e+01	-2.924434e+02
6.400000e-07	-6.044639e-06	-1.116516e-09	-3.274621e+01	-2.917464e+02
6.500000e-07	-6.013043e-06	-1.116060e-09	-3.257504e+01	-2.910351e+02
6.600000e-07	-5.981113e-06	-1.107978e-09	-3.240207e+01	-2.903099e+02
6.700000e-07	-5.948694e-06	-1.108996e-09	-3.222644e+01	-2.895713e+02
6.800000e-07	-5.915530e-06	-1.107722e-09	-3.204678e+01	-2.888196e+02
6.900000e-07	-5.881580e-06	-1.098379e-09	-3.186286e+01	-2.880551e+02
7.000000e-07	-5.847010e-06	-1.095155e-09	-3.167557e+01	-2.872780e+02
7.100000e-07	-5.811959e-06	-1.093208e-09	-3.148569e+01	-2.864885e+02
7.200000e-07	-5.776575e-06	-1.088191e-09	-3.129400e+01	-2.856867e+02
7.300000e-07	-5.740936e-06	-1.086496e-09	-3.110093e+01	-2.848723e+02
7.400000e-07	-5.705160e-06	-1.082621e-09	-3.090712e+01	-2.840452e+02
7.500000e-07	-5.669095e-06	-1.075879e-09	-3.071174e+01	-2.832052e+02
7.600000e-07	-5.632546e-06	-1.075324e-09	-3.051374e+01	-2.823517e+02
7.700000e-07	-5.595581e-06	-1.074606e-09	-3.031348e+01	-2.814843e+02
7.800000e-07	-5.558218e-06	-1.067661e-09	-3.011107e+01	-2.806022e+02
7.900000e-07	-5.520460e-06	-1.061038e-09	-2.990652e+01	-2.797049e+02
8.000000e-07	-5.482206e-06	-1.056935e-09	-2.969929e+01	-2.787913e+02
8.100000e-07	-5.443349e-06	-1.052301e-09	-2.948878e+01	-2.778607e+02
8.200000e-07	-5.404059e-06	-1.048367e-09	-2.927593e+01	-2.769121e+02
8.300000e-07	-5.364627e-06	-1.043571e-09	-2.906231e+01	-2.759446e+02
8.400000e-07	-5.325050e-06	-1.037877e-09	-2.884791e+01	-2.749570e+02
8.500000e-07	-5.285202e-06	-1.033237e-09	-2.863204e+01	-2.739486e+02
8.600000e-07	-5.244980e-06	-1.029821e-09	-2.841414e+01	-2.729182e+02
8.700000e-07	-5.204433e-06	-1.025257e-09	-2.819448e+01	-2.718650e+02
8.800000e-07	-5.163608e-06	-1.018864e-09	-2.797332e+01	-2.707882e+02
8.900000e-07	-5.122102e-06	-1.011643e-09	-2.774846e+01	-2.696870e+02
9.000000e-07	-5.079621e-06	-1.005215e-09	-2.751832e+01	-2.685607e+02
9.100000e-07	-5.036465e-06	-1.000136e-09	-2.728453e+01	-2.674087e+02
9.200000e-07	-4.993010e-06	-9.945761e-10	-2.704912e+01	-2.662308e+02
9.300000e-07	-4.949385e-06	-9.879795e-10	-2.681279e+01	-2.650264e+02
9.400000e-07	-4.905587e-06	-9.824956e-10	-2.657551e+01	-2.637955e+02
9.500000e-07	-4.861568e-06	-9.789312e-10	-2.633704e+01	-2.625380e+02
9.600000e-07	-4.817302e-06	-9.748918e-10	-2.609724e+01	-2.612541e+02
9.700000e-07	-4.772800e-06	-9.692694e-10	-2.585615e+01	-2.599439e+02
9.800000e-07	-4.727917e-06	-9.630325e-10	-2.561300e+01	-2.586077e+02
9.900000e-07	-4.682543e-06	-9.567580e-10	-2.536719e+01	-2.572461e+02
1.000000e-06	-4.636765e-06	-9.508363e-10	-2.511920e+01	-2.558595e+02
1.010000e-06	-4.590718e-06	-9.455953e-10	-2.486974e+01	-2.544485e+02
1.020000e-06	-4.544514e-06	-9.392907e-10	-2.461944e+01	-2.530139e+02
1.030000e-06	-4.497941e-06	-9.321302e-10	-2.436713e+01	-2.515562e+02
1.040000e-06	-4.450855e-06	-9.257278e-10	-2.411205e+01	-2.500762e+02
1.050000e-06	-4.403432e-06	-9.212154e-10	-2.385514e+01	-2.485745e+02
1.060000e-06	-4.355826e-06	-9.167738e-10	-2.359724e+01	-2.470519e+02
1.070000e-06	-4.308048e-06	-9.114376e-10	-2.333841e+01	-2.455089e+02
1.080000e-06	-4.260054e-06	-9.055112e-10	-2.307840e+01	-2.439459e+02
1.090000e-06	-4.211815e-06	-8.986502e-10	-2.281707e+01	-2.423636e+02
1.100000e-06	-4.163154e-06	-8.915680e-10	-2.255346e+01	-2.407620e+02
1.110000e-06	-4.113954e-06	-8.847807e-10	-2.228692e+01	-2.391416e+02
1.120000e-06	-4.064247e-06	-8.776896e-10	-2.201764e+01	-2.375022e+02
1.130000e-06	-4.014157e-06	-8.709124e-10	-2.174628e+01	-2.358438e+02
1.140000e-06	-3.963692e-06	-8.653434e-10	-2.147289e+01	-2.341661e+02
1.150000e-06	-3.912736e-06	-8.599740e-10	-2.119684e+01	-2.324687e+02
1.160000e-06	-3.861410e-06	-8.535032e-10	-2.091879e+01	-2.307512e+02
1.170000e-06	-3.809928e-06	-8.459407e-10	-2.063989e+01	-2.290128e+02
1.180000e-06	-3.758196e-06	-8.381273e-10	-2.035964e+01	-2.272526e+02
1.190000e-06	-3.706042e-06	-8.303384e-10	-2.007710e+01	-2.254698e+02
1.200000e-06	-3.653687e-06	-8.231865e-10	-1.979347e+01	-2.236634e+02
1.210000e-06	-3.601122e-06	-8.168221e-10	-1.950871e+01	-2.218322e+02
1.220000e-06	-3.548267e-06	-8.102204e-10	-1.922237e+01	-2.199751e+02
1.230000e-06	-3.495122e-06	-8.031537e-10	-1.893446e+01	-2.180908e+02
1.240000e-06	-3.441709e-06	-7.959285e-10	-1.864511e+01	-2.161782e+02
1.250000e-06	-3.388187e-06	-7.894253e-10	-1.835515e+01	-2.142361e+02
1.260000e-06	-3.334420e-06	-7.828619e-10	-1.806388e+01	-2.122633e+02
1.270000e-06	-3.280410e-06	-7.749657e-10	-1.777128e+01	-2.102587e+02
1.280000e-06	-3.226039e-06	-7.671544e-10	-1.747674e+01	-2.082215e+02
1.290000e-06	-3.171273e-06	-7.597245e-10	-1.718004e+01	-2.061506e+02
1.300000e-06	-3.116305e-06	-7.515903e-10	-1.688226e+01	-2.040453e+02
1.310000e-06	-3.061178e-06	-7.426570e-10	-1.658361e+01	-2.019051e+02
1.320000e-06	-3.005927e-06	-7.341694e-10	-1.628430e+01	-1.997295e+02
1.330000e-06	-2.950483e-06	-7.254878e-10	-1.598394e+01	-1.975182e+02
1.340000e-06	-2.894870e-06	-7.155122e-10	-1.568266e+01	-1.952712e+02
1.350000e-06	-2.839178e-06	-7.061927e-10	-1.538096e+01	-1.929886e+02
1.360000e-06	-2.783388e-06	-6.980620e-10	-1.507872e+01	-1.906705e+02
1.370000e-06	-2.727499e-06	-6.898171e-10	-1.477594e+01	-1.883175e+02
1.380000e-06	-2.671575e-06	-6.816487e-10	-1.447299e+01	-1.859302e+02
1.390000e-06	-2.615547e-06	-6.733324e-10	-1.416945e+01	-1.835092e+02
1.400000e-06	-2.559266e-06	-6.643219e-10	-1.386456e+01	-1.810555e+02
1.410000e-06	-2.502629e-06	-6.544290e-10	-1.355773e+01	-1.785701e+02
1.420000e-06	-2.445768e-06	-6.442952e-10	-1.324970e+01	-1.760539e+02
1.430000e-06	-2.388664e-06	-6.348161e-10	-1.294034e+01	-1.735081e+02
1.440000e-06	-2.331316e-06	-6.250944e-10	-1.262966e+01	-1.709337e+02
1.450000e-06	-2.273709e-06	-6.150208e-10	-1.231758e+01	-1.683321e+02
1.460000e-06	-2.215765e-06	-6.052108e-10	-1.200368e+01	-1.657041e+02
1.470000e-06	-2.157502e-06	-5.950980e-10	-1.168804e+01	-1.630509e+02
1.480000e-06	-2.098950e-06	-5.846726e-10	-1.137085e+01	-1.603734e+02
1.490000e-06	-2.040167e-06	-5.739221e-10	-1.105239e+01	-1.576724e+02
1.500000e-06	-1.981168e-06	-5.632378e-10	-1.073277e+01	-1.549486e+02
1.510000e-06	-1.922074e-06	-5.526692e-10	-1.041264e+01	-1.522024e+02
1.520000e-06	-1.862824e-06	-5.420525e-10	-1.009165e+01	-1.494343e+02
1.530000e-06	-1.803444e-06	-5.312459e-10	-9.769972e+00	-1.466444e+02
1.540000e-06	-1.744005e-06	-5.203615e-10	-9.447969e+00	-1.438325e+02
1.550000e-06	-1.684433e-06	-5.098348e-10	-9.125240e+00	-1.409984e+02
1.560000e-06	-1.624739e-06	-4.991099e-10	-8.801855e+00	-1.381415e+02
1.570000e-06	-1.564987e-06	-4.884371e-10	-8.478154e+00	-1.352611e+02
1.580000e-06	-1.505177e-06	-4.781207e-10	-8.154141e+00	-1.323562e+02
1.590000e-06	-1.445332e-06	-4.667784e-10	-7.829940e+00	-1.294257e+02
1.600000e-06	-1.385393e-06	-4.539985e-10	-7.505223e+00	-1.264682e+02
1.610000e-06	-1.325428e-06	-4.413973e-10	-7.180371e+00	-1.234822e+02
1.620000e-06	-1.265529e-06	-4.294821e-10	-6.855874e+00	-1.204661e+02
1.630000e-06	-1.205535e-06	-4.186482e-10	-6.530860e+00	-1.174181e+02
1.640000e-06	-1.145404e-06	-4.079282e-10	-6.205110e+00	-1.143362e+02
1.650000e-06	-1.085198e-06	-3.963552e-10	-5.878948e+00	-1.112187e+02
1.660000e-06	-1.024910e-06	-3.848981e-10	-5.552343e+00	-1.080634e+02
1.670000e-06	-9.646404e-07	-3.734393e-10	-5.225840e+00	-1.048686e+02
1.680000e-06	-9.043354e-07	-3.611959e-10	-4.899144e+00	-1.016322e+02
1.690000e-06	-8.439052e-07	-3.482264e-10	-4.571769e+00	-9.835245e+01
1.700000e-06	-7.834216e-07	-3.356167e-10	-4.244106e+00	-9.502763e+01
1.710000e-06	-7.228748e-07	-3.239722e-10	-3.916100e+00	-9.165615e+01
1.720000e-06	-6.622396e-07	-3.122254e-10	-3.587615e+00	-8.823659e+01
1.730000e-06	-6.015196e-07	-3.000341e-10	-3.258670e+00	-8.476773e+01
1.740000e-06	-5.407971e-07	-2.875664e-10	-2.929712e+00	-8.124858e+01
1.750000e-06	-4.801617e-07	-2.741805e-10	-2.601226e+00	-7.767838e+01
1.760000e-06	-4.195138e-07	-2.599871e-10	-2.272673e+00	-7.405664e+01
1.770000e-06	-3.587823e-07	-2.458049e-10	-1.943666e+00	-7.038313e+01
1.780000e-06	-2.980040e-07	-2.324165e-10	-1.614406e+00	-6.665792e+01
1.790000e-06	-2.372547e-07	-2.192333e-10	-1.285303e+00	-6.288136e+01
1.800000e-06	-1.764043e-07	-2.051627e-10	-9.556523e-01	-5.905410e+01
1.810000e-06	-1.154513e-07	-1.902310e-10	-6.254455e-01	-5.517708e+01
1.820000e-06	-5.458035e-08	-1.752610e-10	-2.956834e-01	-5.125153e+01
1.830000e-06	6.225808e-09	-1.602252e-10	3.372767e-02	-4.727895e+01
1.840000e-06	6.690615e-08	-1.447599e-10	3.624572e-01	-4.326112e+01
1.850000e-06	1.275471e-07	-1.293127e-10	6.909734e-01	-3.920008e+01
1.860000e-06	1.883171e-07	-1.145060e-10	1.020188e+00	-3.509810e+01
1.870000e-06	2.491204e-07	-1.004410e-10	1.349584e+00	-3.095766e+01
1.880000e-06	3.099191e-07	-8.623442e-11	1.678955e+00	-2.678147e+01
1.890000e-06	3.707120e-07	-7.166135e-11	2.008294e+00	-2.257240e+01
1.900000e-06	4.313758e-07	-5.675700e-11	2.336934e+00	-1.833348e+01
1.910000e-06	4.919559e-07	-4.126391e-11	2.665120e+00	-1.406789e+01
1.920000e-06	5.524507e-07	-2.619501e-11	2.992845e+00	-9.778899e+00
1.930000e-06	6.129636e-07	-1.197342e-11	3.320667e+00	-5.469894e+00
1.940000e-06	6.735251e-07	3.251343e-12	3.648753e+00	-1.144322e+00
1.950000e-06	7.339621e-07	2.012389e-11	3.976164e+00	3.194317e+00
1.960000e-06	7.943509e-07	3.709144e-11	4.303314e+00	7.542492e+00
1.970000e-06	8.546790e-07	5.285607e-11	4.630135e+00	1.189666e+01
1.980000e-06	9.149114e-07	6.735570e-11	4.956438e+00	1.625327e+01
1.990000e-06	9.751646e-07	8.202933e-11	5.282854e+00	2.060880e+01
2.000000e-06	1.035414e-06	9.738693e-11	5.609249e+00	2.495977e+01
2.010000e-06	1.095573e-06	1.126792e-10	5.935152e+00	2.930272e+01
2.020000e-06	1.155611e-06	1.284833e-10	6.260405e+00	3.363427e+01
2.030000e-06	1.215547e-06	1.451046e-10	6.585098e+00	3.795110e+01
2.040000e-06	1.275432e-06	1.611766e-10	6.909523e+00	4.224994e+01
2.050000e-06	1.335313e-06	1.763331e-10	7.233918e+00	4.652765e+01
2.060000e-06	1.395144e-06	1.911563e-10	7.558048e+00	5.078115e+01
2.070000e-06	1.454900e-06	2.060674e-10	7.881770e+00	5.500746e+01
2.080000e-06	1.514623e-06	2.210392e-10	8.205316e+00	5.920371e+01
2.090000e-06	1.574284e-06	2.358703e-10	8.528519e+00	6.336716e+01
2.100000e-06	1.633860e-06	2.506930e-10	8.851266e+00	6.749516e+01
2.110000e-06	1.693375e-06	2.651155e-10	9.173682e+00	7.158518e+01
2.120000e-06	1.752887e-06	2.788903e-10	9.496085e+00	7.563486e+01
2.130000e-06	1.812364e-06	2.924273e-10	9.818294e+00	7.964192e+01
2.140000e-06	1.871669e-06	3.069074e-10	1.013958e+01	8.360428e+01
2.150000e-06	1.930825e-06	3.217103e-10	1.046004e+01	8.751997e+01
2.160000e-06	1.989916e-06	3.357587e-10	1.078017e+01	9.138718e+01
2.170000e-06	2.048811e-06	3.494097e-10	1.109922e+01	9.520430e+01
2.180000e-06	2.107388e-06	3.627333e-10	1.141656e+01	9.896985e+01
2.190000e-06	2.165724e-06	3.756397e-10	1.173259e+01	1.026826e+02
2.200000e-06	2.223831e-06	3.879091e-10	1.204738e+01	1.063413e+02
2.210000e-06	2.281707e-06	4.004773e-10	1.236091e+01	1.099452e+02
2.220000e-06	2.339314e-06	4.143689e-10	1.267299e+01	1.134935e+02
2.230000e-06	2.396538e-06	4.281777e-10	1.298300e+01	1.169857e+02
2.240000e-06	2.453459e-06	4.407239e-10	1.329136e+01	1.204216e+02
2.250000e-06	2.510148e-06	4.529125e-10	1.359847e+01	1.238009e+02
2.260000e-06	2.566582e-06	4.647563e-10	1.390419e+01	1.271239e+02
2.270000e-06	2.622827e-06	4.762145e-10	1.420890e+01	1.303907e+02
2.280000e-06	2.678924e-06	4.884186e-10	1.451280e+01	1.336020e+02
2.290000e-06	2.734910e-06	5.002037e-10	1.481609e+01	1.367584e+02
2.300000e-06	2.790732e-06	5.109830e-10	1.511850e+01	1.398608e+02
2.310000e-06	2.846360e-06	5.225319e-10	1.541986e+01	1.429102e+02
2.320000e-06	2.901821e-06	5.353286e-10	1.572032e+01	1.459080e+02
2.330000e-06	2.957154e-06	5.486162e-10	1.602008e+01	1.488554e+02
2.340000e-06	3.012357e-06	5.606576e-10	1.631913e+01	1.517539e+02
2.350000e-06	3.067291e-06	5.709532e-10	1.661673e+01	1.546053e+02
2.360000e-06	3.121975e-06	5.801526e-10	1.691298e+01	1.574112e+02
2.370000e-06	3.176399e-06	5.885964e-10	1.720782e+01	1.601735e+02
2.380000e-06	3.230560e-06	5.967994e-10	1.750122e+01	1.628939e+02
2.390000e-06	3.284714e-06	6.061995e-10	1.779460e+01	1.655743e+02
2.400000e-06	3.338792e-06	6.171715e-10	1.808756e+01	1.682168e+02
2.410000e-06	3.392500e-06	6.286339e-10	1.837852e+01	1.708230e+02
2.420000e-06	3.445877e-06	6.396344e-10	1.866768e+01	1.733950e+02
2.430000e-06	3.498992e-06	6.495850e-10	1.895543e+01	1.759345e+02
2.440000e-06	3.551764e-06	6.591111e-10	1.924132e+01	1.784431e+02
2.450000e-06	3.604239e-06	6.684238e-10	1.952559e+01	1.809225e+02
2.460000e-06	3.656492e-06	6.773467e-10	1.980867e+01	1.833743e+02
2.470000e-06	3.708552e-06	6.863601e-10	2.009070e+01	1.857997e+02
2.480000e-06	3.760432e-06	6.948788e-10	2.037175e+01	1.882000e+02
2.490000e-06	3.812070e-06	7.025993e-10	2.065150e+01	1.905763e+02
2.500000e-06	3.863403e-06	7.101191e-10	2.092959e+01	1.929295e+02
2.510000e-06	3.914269e-06	7.182803e-10	2.120515e+01	1.952603e+02
2.520000e-06	3.964784e-06	7.270491e-10	2.147881e+01	1.975694e+02
2.530000e-06	4.014889e-06	7.356090e-10	2.175025e+01	1.998571e+02
2.540000e-06	4.064390e-06	7.441932e-10	2.201841e+01	2.021237e+02
2.550000e-06	4.113477e-06	7.520848e-10	2.228434e+01	2.043693e+02
2.560000e-06	4.162099e-06	7.590322e-10	2.254774e+01	2.065938e+02
2.570000e-06	4.210256e-06	7.654699e-10	2.280863e+01	2.087972e+02
2.580000e-06	4.258226e-06	7.722312e-10	2.306850e+01	2.109790e+02
2.590000e-06	4.306020e-06	7.804437e-10	2.332742e+01	2.131389e+02
2.600000e-06	4.353673e-06	7.894617e-10	2.358558e+01	2.152763e+02
2.610000e-06	4.400972e-06	7.978355e-10	2.384181e+01	2.173908e+02
2.620000e-06	4.447833e-06	8.052477e-10	2.409568e+01	2.194816e+02
2.630000e-06	4.494473e-06	8.117325e-10	2.434834e+01	2.215481e+02
2.640000e-06	4.540872e-06	8.185502e-10	2.459971e+01	2.235896e+02
2.650000e-06	4.586974e-06	8.260736e-10	2.484946e+01	2.256054e+02
2.660000e-06	4.632707e-06	8.328693e-10	2.509721e+01	2.275948e+02
2.670000e-06	4.678132e-06	8.389395e-10	2.534330e+01	2.295572e+02
2.680000e-06	4.723218e-06	8.451576e-10	2.558755e+01	2.314920e+02
2.690000e-06	4.767918e-06	8.523096e-10	2.582970e+01	2.333986e+02
2.700000e-06	4.812289e-06	8.594295e-10	2.607008e+01	2.352765e+02
2.710000e-06	4.856423e-06	8.660277e-10	2.630917e+01	2.371253e+02
2.720000e-06	4.900342e-06	8.731597e-10	2.654710e+01	2.389446e+02
2.730000e-06	4.944063e-06	8.810776e-10	2.678395e+01	2.407342e+02
2.740000e-06	4.987634e-06	8.888377e-10	2.701999e+01	2.424939e+02
2.750000e-06	5.030897e-06	8.956104e-10	2.725436e+01	2.442235e+02
2.760000e-06	5.073583e-06	9.015406e-10	2.748561e+01	2.459232e+02
2.770000e-06	5.115714e-06	9.071942e-10	2.771386e+01	2.475930e+02
2.780000e-06	5.157176e-06	9.136090e-10	2.793847e+01	2.492329e+02
2.790000e-06	5.197976e-06	9.205818e-10	2.815950e+01	2.508432e+02
2.800000e-06	5.238385e-06	9.275866e-10	2.837841e+01	2.524241e+02
2.810000e-06	5.278434e-06	9.348859e-10	2.859537e+01	2.539761e+02
2.820000e-06	5.318185e-06	9.418247e-10	2.881072e+01	2.554993e+02
2.830000e-06	5.357749e-06	9.480784e-10	2.902505e+01	2.569942e+02
2.840000e-06	5.397162e-06	9.545811e-10	2.923857e+01	2.584613e+02
2.850000e-06	5.436188e-06	9.610553e-10	2.944999e+01	2.599009e+02
2.860000e-06	5.474695e-06	9.657948e-10	2.965860e+01	2.613135e+02
2.870000e-06	5.512719e-06	9.700332e-10	2.986459e+01	2.626995e+02
2.880000e-06	5.550343e-06	9.757573e-10	3.006841e+01	2.640594e+02
2.890000e-06	5.587627e-06	9.818542e-10	3.027040e+01	2.653937e+02
2.900000e-06	5.624528e-06	9.871540e-10	3.047030e+01	2.667026e+02
2.910000e-06	5.660994e-06	9.925772e-10	3.066785e+01	2.679867e+02
2.920000e-06	5.697052e-06	9.990259e-10	3.086319e+01	2.692464e+02
2.930000e-06	5.732859e-06	1.006429e-09	3.105717e+01	2.704820e+02
2.940000e-06	5.768488e-06	1.012878e-09	3.125019e+01	2.716939e+02
2.950000e-06	5.803873e-06	1.016515e-09	3.144188e+01	2.728825e+02
2.960000e-06	5.838898e-06	1.019606e-09	3.163163e+01	2.740482e+02
2.970000e-06	5.873291e-06	1.024832e-09	3.181795e+01	2.751914e+02
2.980000e-06	5.906843e-06	1.031238e-09	3.199971e+01	2.763123e+02
2.990000e-06	5.939770e-06	1.036276e-09	3.217809e+01	2.774115e+02
3.000000e-06	5.972144e-06	1.040952e-09	3.235348e+01	2.784894e+02
3.010000e-06	6.004083e-06	1.046766e-09	3.252650e+01	2.795463e+02
3.020000e-06	6.035760e-06	1.052980e-09	3.269811e+01	2.805827e+02
3.030000e-06	6.067237e-06	1.059006e-09	3.286863e+01	2.815991e+02
3.040000e-06	6.098451e-06	1.064190e-09	3.303773e+01	2.825961e+02
3.050000e-06	6.129251e-06	1.068902e-09	3.320459e+01	2.835742e+02
3.060000e-06	6.159668e-06	1.074319e-09	3.336937e+01	2.845340e+02
3.070000e-06	6.189515e-06	1.079331e-09	3.353106e+01	2.854761e+02
3.080000e-06	6.218712e-06	1.082427e-09	3.368923e+01	2.864012e+02
3.090000e-06	6.247451e-06	1.085767e-09	3.384492e+01	2.873100e+02
3.100000e-06	6.275880e-06	1.091200e-09	3.399893e+01	2.882031e+02
3.110000e-06	6.304121e-06	1.096800e-09	3.415193e+01	2.890814e+02
3.120000e-06	6.332102e-06	1.101235e-09	3.430351e+01	2.899455e+02
3.130000e-06	6.359810e-06	1.105236e-09	3.445361e+01	2.907962e+02
3.140000e-06	6.387186e-06	1.108736e-09	3.460192e+01	2.916341e+02
3.150000e-06	6.413893e-06	1.111470e-09	3.474660e+01	2.924600e+02
3.160000e-06	6.439687e-06	1.113355e-09	3.488634e+01	2.932746e+02
3.170000e-06	6.464647e-06	1.115824e-09	3.502156e+01	2.940783e+02
3.180000e-06	6.489013e-06	1.119096e-09	3.515356e+01	2.948719e+02
3.190000e-06	6.512920e-06	1.122064e-09	3.528307e+01	2.956558e+02
3.200000e-06	6.536420e-06	1.124897e-09	3.541038e+01	2.964303e+02
3.210000e-06	6.559568e-06	1.127933e-09	3.553579e+01	2.971959e+02
3.220000e-06	6.582350e-06	1.131221e-09	3.565920e+01	2.979527e+02
3.230000e-06	6.604652e-06	1.134400e-09	3.578002e+01	2.987008e+02
3.240000e-06	6.626529e-06	1.137265e-09	3.589854e+01	2.994403e+02
3.250000e-06	6.648027e-06	1.139668e-09	3.601500e+01	3.001710e+02
3.260000e-06	6.669067e-06	1.142304e-09	3.612898e+01	3.008927e+02
3.270000e-06	6.689604e-06	1.145383e-09	3.624024e+01	3.016052e+02
3.280000e-06	6.709661e-06	1.148636e-09	3.634890e+01	3.023079e+02
3.290000e-06	6.729427e-06	1.152276e-09	3.645598e+01	3.030004e+02
3.300000e-06	6.748883e-06	1.156617e-09	3.656138e+01	3.036819e+02
3.310000e-06	6.767974e-06	1.160184e-09	3.666480e+01	3.043519e+02
3.320000e-06	6.786656e-06	1.162172e-09	3.676601e+01	3.050095e+02
3.330000e-06	6.804615e-06	1.162878e-09	3.686330e+01	3.056538e+02
3.340000e-06	6.821821e-06	1.163531e-09	3.695651e+01	3.062840e+02
3.350000e-06	6.838560e-06	1.166206e-09	3.704719e+01	3.068992e+02
3.360000e-06	6.854931e-06	1.169384e-09	3.713588e+01	3.074983e+02
3.370000e-06	6.870910e-06	1.171391e-09	3.722245e+01	3.080804e+02
3.380000e-06	6.886393e-06	1.174207e-09	3.730632e+01	3.086446e+02
3.390000e-06	6.901248e-06	1.178213e-09	3.738680e+01	3.091900e+02
3.400000e-06	6.915512e-06	1.182070e-09	3.746407e+01	3.097157e+02
3.410000e-06	6.929260e-06	1.185287e-09	3.753855e+01	3.102208e+02
3.420000e-06	6.942618e-06	1.187254e-09	3.761092e+01	3.107048e+02
3.430000e-06	6.955439e-06	1.189163e-09	3.768037e+01	3.111668e+02
3.440000e-06	6.967653e-06	1.192319e-09	3.774654e+01	3.116063e+02
3.450000e-06	6.979422e-06	1.196093e-09	3.781030e+01	3.120229e+02
3.460000e-06	6.990785e-06	1.199309e-09	3.787186e+01	3.124162e+02
3.470000e-06	7.001522e-06	1.201470e-09	3.793002e+01	3.127858e+02
3.480000e-06	7.011275e-06	1.203444e-09	3.798286e+01	3.131318e+02
3.490000e-06	7.020101e-06	1.206654e-09	3.803067e+01	3.134539e+02
3.500000e-06	7.028319e-06	1.210255e-09	3.807519e+01	3.137522e+02
3.510000e-06	7.036165e-06	1.212558e-09	3.811770e+01	3.140269e+02
3.520000e-06	7.043689e-06	1.212965e-09	3.815846e+01	3.142782e+02
3.530000e-06	7.050801e-06	1.213328e-09	3.819699e+01	3.145063e+02
3.540000e-06	7.057381e-06	1.215781e-09	3.823263e+01	3.147118e+02
3.550000e-06	7.063439e-06	1.219305e-09	3.826545e+01	3.148949e+02
3.560000e-06	7.069029e-06	1.221657e-09	3.829574e+01	3.150563e+02
3.570000e-06	7.074203e-06	1.221888e-09	3.832377e+01	3.151963e+02
3.580000e-06	7.078914e-06	1.221795e-09	3.834929e+01	3.153156e+02
3.590000e-06	7.083123e-06	1.223700e-09	3.837209e+01	3.154147e+02
3.600000e-06	7.087001e-06	1.226716e-09	3.839310e+01	3.154941e+02
3.610000e-06	7.090594e-06	1.229160e-09	3.841256e+01	3.155544e+02
3.620000e-06	7.093781e-06	1.229915e-09	3.842983e+01	3.155962e+02
3.630000e-06	7.096325e-06	1.230089e-09	3.844361e+01	3.156199e+02
3.640000e-06	7.098155e-06	1.232025e-09	3.845353e+01	3.156260e+02
3.650000e-06	7.099149e-06	1.233471e-09	3.845891e+01	3.156150e+02
3.660000e-06	7.099351e-06	1.233633e-09	3.846000e+01	3.155872e+02
3.670000e-06	7.099149e-06	1.233845e-09	3.845891e+01	3.155431e+02
3.680000e-06	7.098669e-06	1.234114e-09	3.845631e+01	3.154830e+02
3.690000e-06	7.097858e-06	1.235122e-09	3.845191e+01	3.154072e+02
3.700000e-06	7.096600e-06	1.236346e-09	3.844510e+01	3.153160e+02
3.710000e-06	7.094769e-06	1.236093e-09	3.843518e+01	3.152095e+02
3.720000e-06	7.092499e-06	1.234871e-09	3.842288e+01	3.150881e+02
3.730000e-06	7.089806e-06	1.233929e-09	3.840830e+01	3.149520e+02
3.740000e-06	7.086683e-06	1.228822e-09	3.839137e+01	3.148015e+02
3.750000e-06	7.083154e-06	1.219741e-09	3.837226e+01	3.146366e+02
3.760000e-06	7.078899e-06	1.235194e-09	3.834921e+01	3.144578e+02
3.770000e-06	7.073718e-06	1.280127e-09	3.832114e+01	3.142653e+02
3.780000e-06	7.067770e-06	1.270182e-09	3.828891e+01	3.140594e+02
3.790000e-06	7.061661e-06	1.171652e-09	3.825582e+01	3.138405e+02
3.800000e-06	7.055621e-06	1.171180e-09	3.822310e+01	3.136089e+02
3.810000e-06	7.049001e-06	1.289334e-09	3.818724e+01	3.133651e+02
3.820000e-06	7.041424e-06	1.295028e-09	3.814619e+01	3.131096e+02
3.830000e-06	7.033224e-06	1.164017e-09	3.810177e+01	3.128430e+02
3.840000e-06	7.024790e-06	1.162918e-09	3.805608e+01	3.125658e+02
3.850000e-06	7.016018e-06	1.330283e-09	3.800855e+01	3.122787e+02
3.860000e-06	7.006580e-06	1.323776e-09	3.795743e+01	3.119824e+02
3.870000e-06	6.996620e-06	1.117971e-09	3.790347e+01	3.116775e+02
3.880000e-06	6.986408e-06	1.120697e-09	3.784815e+01	3.113649e+02
3.890000e-06	6.975733e-06	1.346117e-09	3.779032e+01	3.110453e+02
3.900000e-06	6.964312e-06	1.332600e-09	3.772844e+01	3.107194e+02
3.910000e-06	6.952319e-06	1.115783e-09	3.766347e+01	3.103879e+02
3.920000e-06	6.939945e-06	1.157741e-09	3.759644e+01	3.100517e+02
3.930000e-06	6.926866e-06	1.348771e-09	3.752558e+01	3.097113e+02
3.940000e-06	6.912983e-06	1.247485e-09	3.745038e+01	3.093674e+02
3.950000e-06	6.898555e-06	1.080897e-09	3.737221e+01	3.090207e+02
3.960000e-06	6.883447e-06	1.222507e-09	3.729037e+01	3.086714e+02
3.970000e-06	6.867618e-06	1.342521e-09	3.720461e+01	3.083202e+02
3.980000e-06	6.851349e-06	1.180426e-09	3.711648e+01	3.079671e+02
3.990000e-06	6.834788e-06	1.131767e-09	3.702676e+01	3.076125e+02
4.000000e-06	6.817855e-06	1.297802e-09	3.693503e+01	3.072564e+02
4.010000e-06	6.800388e-06	1.253078e-09	3.684040e+01	3.068988e+02
4.020000e-06	6.782400e-06	1.101588e-09	3.674295e+01	3.065394e+02
4.030000e-06	6.763932e-06	1.222011e-09	3.664291e+01	3.061780e+02
4.040000e-06	6.745050e-06	1.329935e-09	3.654061e+01	3.058141e+02
4.050000e-06	6.725650e-06	1.169335e-09	3.643552e+01	3.054472e+02
4.060000e-06	6.705759e-06	1.129991e-09	3.632776e+01	3.050767e+02
4.070000e-06	6.685624e-06	1.288014e-09	3.621868e+01	3.047019e+02
4.080000e-06	6.665204e-06	1.245133e-09	3.610805e+01	3.043218e+02
4.090000e-06	6.644365e-06	1.122523e-09	3.599516e+01	3.039357e+02
4.100000e-06	6.622904e-06	1.222736e-09	3.587890e+01	3.035426e+02
4.110000e-06	6.600616e-06	1.277718e-09	3.575816e+01	3.031414e+02
4.120000e-06	6.577521e-06	1.163742e-09	3.563304e+01	3.027312e+02
4.130000e-06	6.553829e-06	1.181221e-09	3.550469e+01	3.023110e+02
4.140000e-06	6.529774e-06	1.261383e-09	3.537438e+01	3.018799e+02
4.150000e-06	6.505477e-06	1.187004e-09	3.524275e+01	3.014368e+02
4.160000e-06	6.480827e-06	1.160078e-09	3.510921e+01	3.009808e+02
4.170000e-06	6.455667e-06	1.246837e-09	3.497291e+01	3.005112e+02
4.180000e-06	6.430010e-06	1.221241e-09	3.483392e+01	3.000271e+02
4.190000e-06	6.403893e-06	1.162490e-09	3.469243e+01	2.995280e+02
4.200000e-06	6.377319e-06	1.212344e-09	3.454847e+01	2.990133e+02
4.210000e-06	6.350271e-06	1.217414e-09	3.440194e+01	2.984825e+02
4.220000e-06	6.322721e-06	1.168422e-09	3.425269e+01	2.979353e+02
4.230000e-06	6.294782e-06	1.197214e-09	3.410134e+01	2.973715e+02
4.240000e-06	6.266587e-06	1.214334e-09	3.394859e+01	2.967909e+02
4.250000e-06	6.238181e-06	1.177223e-09	3.379470e+01	2.961937e+02
4.260000e-06	6.209405e-06	1.188938e-09	3.363881e+01	2.955800e+02
4.270000e-06	6.180170e-06	1.205398e-09	3.348044e+01	2.949498e+02
4.280000e-06	6.150213e-06	1.176157e-09	3.331814e+01	2.943036e+02
4.290000e-06	6.119309e-06	1.176823e-09	3.315073e+01	2.936416e+02
4.300000e-06	6.087688e-06	1.191874e-09	3.297942e+01	2.929643e+02
4.310000e-06	6.055613e-06	1.178114e-09	3.280566e+01	2.922721e+02
4.320000e-06	6.023286e-06	1.178757e-09	3.263053e+01	2.915655e+02
4.330000e-06	5.990676e-06	1.183751e-09	3.245387e+01	2.908448e+02
4.340000e-06	5.957537e-06	1.166423e-09	3.227435e+01	2.901106e+02
4.350000e-06	5.923887e-06	1.166829e-09	3.209205e+01	2.893632e+02
4.360000e-06	5.889968e-06	1.176799e-09	3.190830e+01	2.886028e+02
4.370000e-06	5.855750e-06	1.167077e-09	3.172292e+01	2.878299e+02
4.380000e-06	5.821122e-06	1.165693e-09	3.153533e+01	2.870445e+02
4.390000e-06	5.786087e-06	1.169626e-09	3.134553e+01	2.862467e+02
4.400000e-06	5.750697e-06	1.158070e-09	3.115381e+01	2.854364e+02
4.410000e-06	5.714948e-06	1.155629e-09	3.096014e+01	2.846136e+02
4.420000e-06	5.678872e-06	1.160531e-09	3.076471e+01	2.837779e+02
4.430000e-06	5.642625e-06	1.150243e-09	3.056834e+01	2.829289e+02
4.440000e-06	5.606161e-06	1.144042e-09	3.037080e+01	2.820661e+02
4.450000e-06	5.569276e-06	1.149400e-09	3.017098e+01	2.811890e+02
4.460000e-06	5.531761e-06	1.147053e-09	2.996775e+01	2.802968e+02
4.470000e-06	5.493556e-06	1.139756e-09	2.976077e+01	2.793887e+02
4.480000e-06	5.454515e-06	1.137374e-09	2.954927e+01	2.784638e+02
4.490000e-06	5.414817e-06	1.134615e-09	2.933421e+01	2.775213e+02
4.500000e-06	5.374901e-06	1.130654e-09	2.911797e+01	2.765601e+02
4.510000e-06	5.334814e-06	1.128091e-09	2.890081e+01	2.755793e+02
4.520000e-06	5.294388e-06	1.124861e-09	2.868180e+01	2.745779e+02
4.530000e-06	5.253663e-06	1.120143e-09	2.846118e+01	2.735548e+02
4.540000e-06	5.212621e-06	1.116029e-09	2.823884e+01	2.725093e+02
4.550000e-06	5.171151e-06	1.114051e-09	2.801418e+01	2.714404e+02
4.560000e-06	5.129248e-06	1.113311e-09	2.778717e+01	2.703474e+02
4.570000e-06	5.087047e-06	1.109678e-09	2.755856e+01	2.692294e+02
4.580000e-06	5.044598e-06	1.103323e-09	2.732859e+01	2.680861e+02
4.590000e-06	5.001807e-06	1.097724e-09	2.709677e+01	2.669167e+02
4.600000e-06	4.958602e-06	1.093195e-09	2.686271e+01	2.657212e+02
4.610000e-06	4.914866e-06	1.087772e-09	2.662578e+01	2.644991e+02
4.620000e-06	4.870860e-06	1.083253e-09	2.638738e+01	2.632504e+02
4.630000e-06	4.826767e-06	1.082516e-09	2.614852e+01	2.619752e+02
4.640000e-06	4.782448e-06	1.080901e-09	2.590842e+01	2.606737e+02
4.650000e-06	4.737773e-06	1.074323e-09	2.566640e+01	2.593461e+02
4.660000e-06	4.692837e-06	1.065212e-09	2.542296e+01	2.579929e+02
4.670000e-06	4.647635e-06	1.056226e-09	2.517808e+01	2.566145e+02
4.680000e-06	4.601941e-06	1.048797e-09	2.493054e+01	2.552115e+02
4.690000e-06	4.555790e-06	1.044791e-09	2.468053e+01	2.537846e+02
4.700000e-06	4.509373e-06	1.042282e-09	2.442906e+01	2.523345e+02
4.710000e-06	4.462589e-06	1.038257e-09	2.417561e+01	2.508618e+02
4.720000e-06	4.415556e-06	1.032387e-09	2.392082e+01	2.493673e+02
4.730000e-06	4.368292e-06	1.024547e-09	2.366477e+01	2.478515e+02
4.740000e-06	4.320657e-06	1.015938e-09	2.340672e+01	2.463151e+02
4.750000e-06	4.272884e-06	1.009326e-09	2.314791e+01	2.447588e+02
4.760000e-06	4.224709e-06	1.003691e-09	2.288692e+01	2.431828e+02
4.770000e-06	4.175867e-06	9.982660e-10	2.262233e+01	2.415876e+02
4.780000e-06	4.126741e-06	9.946844e-10	2.235619e+01	2.399733e+02
4.790000e-06	4.077443e-06	9.912940e-10	2.208913e+01	2.383402e+02
4.800000e-06	4.027793e-06	9.849461e-10	2.182015e+01	2.366881e+02
4.810000e-06	3.977787e-06	9.772504e-10	2.154925e+01	2.350168e+02
4.820000e-06	3.927552e-06	9.705772e-10	2.127711e+01	2.333261e+02
4.830000e-06	3.877102e-06	9.652259e-10	2.100380e+01	2.316153e+02
4.840000e-06	3.826218e-06	9.600263e-10	2.072814e+01	2.298838e+02
4.850000e-06	3.774897e-06	9.534399e-10	2.045011e+01	2.281310e+02
4.860000e-06	3.723364e-06	9.461112e-10	2.017094e+01	2.263558e+02
4.870000e-06	3.671603e-06	9.387612e-10	1.989053e+01	2.245573e+02
4.880000e-06	3.619575e-06	9.316669e-10	1.960867e+01	2.227345e+02
4.890000e-06	3.567383e-06	9.249938e-10	1.932593e+01	2.208861e+02
4.900000e-06	3.515011e-06	9.181604e-10	1.904221e+01	2.190109e+02
4.910000e-06	3.462406e-06	9.109514e-10	1.875723e+01	2.171079e+02
4.920000e-06	3.409483e-06	9.036909e-10	1.847052e+01	2.151757e+02
4.930000e-06	3.356118e-06	8.960771e-10	1.818142e+01	2.132132e+02
4.940000e-06	3.302285e-06	8.879755e-10	1.788979e+01	2.112193e+02
4.950000e-06	3.248083e-06	8.796100e-10	1.759616e+01	2.091930e+02
4.960000e-06	3.193467e-06	8.716368e-10	1.730028e+01	2.071333e+02
4.970000e-06	3.138384e-06	8.646107e-10	1.700187e+01	2.050395e+02
4.980000e-06	3.083046e-06	8.574373e-10	1.670209e+01	2.029110e+02
4.990000e-06	3.027432e-06	8.488680e-10	1.640080e+01	2.007472e+02
5.000000e-06	2.971504e-06	8.392583e-10	1.609781e+01	1.985478e+02
5.010000e-06	2.915422e-06	8.291966e-10	1.579400e+01	1.963126e+02
5.020000e-06	2.859359e-06	8.195049e-10	1.549028e+01	1.940418e+02
5.030000e-06	2.803261e-06	8.105437e-10	1.518638e+01	1.917354e+02
5.040000e-06	2.746941e-06	8.021504e-10	1.488127e+01	1.893940e+02
5.050000e-06	2.690393e-06	7.936240e-10	1.457493e+01	1.870180e+02
5.060000e-06	2.633642e-06	7.844495e-10	1.426749e+01	1.846081e+02
5.070000e-06	2.576766e-06	7.747707e-10	1.395937e+01	1.821652e+02
5.080000e-06	2.519823e-06	7.649496e-10	1.365088e+01	1.796901e+02
5.090000e-06	2.462649e-06	7.546287e-10	1.334115e+01	1.771840e+02
5.100000e-06	2.405172e-06	7.436353e-10	1.302977e+01	1.746479e+02
5.110000e-06	2.347628e-06	7.331662e-10	1.271803e+01	1.720829e+02
5.120000e-06	2.289972e-06	7.233057e-10	1.240569e+01	1.694902e+02
5.130000e-06	2.232079e-06	7.127791e-10	1.209206e+01	1.668708e+02
5.140000e-06	2.174076e-06	7.012735e-10	1.177783e+01	1.642259e+02
5.150000e-06	2.115885e-06	6.894490e-10	1.146259e+01	1.615563e+02
5.160000e-06	2.057515e-06	6.778450e-10	1.114637e+01	1.588630e+02
5.170000e-06	1.999082e-06	6.656696e-10	1.082982e+01	1.561467e+02
5.180000e-06	1.940529e-06	6.538334e-10	1.051261e+01	1.534079e+02
5.190000e-06	1.881757e-06	6.429282e-10	1.019422e+01	1.506471e+02
5.200000e-06	1.822723e-06	6.315214e-10	9.874414e+00	1.478643e+02
5.210000e-06	1.763495e-06	6.198050e-10	9.553550e+00	1.450597e+02
5.220000e-06	1.704241e-06	6.086355e-10	9.232550e+00	1.422330e+02
5.230000e-06	1.644908e-06	5.975552e-10	8.911117e+00	1.393837e+02
5.240000e-06	1.585398e-06	5.844941e-10	8.588728e+00	1.365112e+02
5.250000e-06	1.525819e-06	5.714572e-10	8.265965e+00	1.336146e+02
5.260000e-06	1.466218e-06	5.606059e-10	7.943086e+00	1.306927e+02
5.270000e-06	1.406559e-06	5.498033e-10	7.619891e+00	1.277443e+02
5.280000e-06	1.346726e-06	5.372481e-10	7.295749e+00	1.247680e+02
5.290000e-06	1.286783e-06	5.236716e-10	6.971016e+00	1.217621e+02
5.300000e-06	1.226815e-06	5.099317e-10	6.646146e+00	1.187248e+02
5.310000e-06	1.166804e-06	4.967061e-10	6.321041e+00	1.156544e+02
5.320000e-06	1.106757e-06	4.843530e-10	5.995742e+00	1.125489e+02
5.330000e-06	1.046636e-06	4.720226e-10	5.670041e+00	1.094064e+02
5.340000e-06	9.864854e-07	4.593374e-10	5.344183e+00	1.062249e+02
5.350000e-06	9.263263e-07	4.466514e-10	5.018277e+00	1.030025e+02
5.360000e-06	8.660839e-07	4.335904e-10	4.691920e+00	9.973740e+01
5.370000e-06	8.058299e-07	4.196838e-10	4.365500e+00	9.642774e+01
5.380000e-06	7.455651e-07	4.052796e-10	4.039022e+00	9.307193e+01
5.390000e-06	6.852619e-07	3.903623e-10	3.712336e+00	8.966849e+01
5.400000e-06	6.249160e-07	3.758511e-10	3.385418e+00	8.621614e+01
5.410000e-06	5.645325e-07	3.624452e-10	3.058297e+00	8.271381e+01
5.420000e-06	5.041344e-07	3.490628e-10	2.731096e+00	7.916065e+01
5.430000e-06	4.437140e-07	3.340578e-10	2.403775e+00	7.555608e+01
5.440000e-06	3.832492e-07	3.177801e-10	2.076213e+00	7.189978e+01
5.450000e-06	3.227374e-07	3.020239e-10	1.748396e+00	6.819174e+01
5.460000e-06	2.622253e-07	2.871800e-10	1.420579e+00	6.443219e+01
5.470000e-06	2.017962e-07	2.719394e-10	1.093210e+00	6.062169e+01
5.480000e-06	1.414154e-07	2.556075e-10	7.661033e-01	5.676109e+01
5.490000e-06	8.093006e-08	2.392591e-10	4.384303e-01	5.285151e+01
5.500000e-06	2.040000e-08	2.231764e-10	1.105149e-01	4.889437e+01
5.510000e-06	-4.011275e-08	2.061808e-10	-2.173067e-01	4.489137e+01
5.520000e-06	-1.006647e-07	1.881768e-10	-5.453408e-01	4.084444e+01
5.530000e-06	-1.612497e-07	1.703664e-10	-8.735539e-01	3.675579e+01
5.540000e-06	-2.218724e-07	1.538395e-10	-1.201971e+00	3.262784e+01
5.550000e-06	-2.824517e-07	1.385301e-10	-1.530153e+00	2.846321e+01
5.560000e-06	-3.428207e-07	1.221029e-10	-1.857196e+00	2.426472e+01
5.570000e-06	-4.031021e-07	1.034711e-10	-2.183764e+00	2.003536e+01
5.580000e-06	-4.634656e-07	8.392881e-11	-2.510777e+00	1.577825e+01
5.590000e-06	-5.238573e-07	6.510167e-11	-2.837943e+00	1.149664e+01
5.600000e-06	-5.842324e-07	4.757308e-11	-3.165019e+00	7.193878e+00
5.610000e-06	-6.445996e-07	3.054280e-11	-3.492052e+00	2.873394e+00
5.620000e-06	-7.049132e-07	1.283336e-11	-3.818794e+00	-1.461328e+00
5.630000e-06	-7.651548e-07	-5.887915e-12	-4.145147e+00	-5.806765e+00
5.640000e-06	-8.253767e-07	-2.449122e-11	-4.471393e+00	-1.015937e+01
5.650000e-06	-8.855758e-07	-4.307110e-11	-4.797516e+00	-1.451561e+01
5.660000e-06	-9.457239e-07	-6.258227e-11	-5.123362e+00	-1.887194e+01
5.670000e-06	-1.005859e-06	-8.224814e-11	-5.449140e+00	-2.322487e+01
5.680000e-06	-1.066004e-06	-1.005482e-10	-5.774966e+00	-2.757092e+01
5.690000e-06	-1.126040e-06	-1.174313e-10	-6.100208e+00	-3.190669e+01
5.700000e-06	-1.185950e-06	-1.343151e-10	-6.424762e+00	-3.622883e+01
5.710000e-06	-1.245798e-06	-1.525452e-10	-6.748985e+00	-4.053407e+01
5.720000e-06	-1.305657e-06	-1.717447e-10	-7.073262e+00	-4.481922e+01
5.730000e-06	-1.365482e-06	-1.905833e-10	-7.397356e+00	-4.908117e+01
5.740000e-06	-1.425137e-06	-2.079672e-10	-7.720531e+00	-5.331691e+01
5.750000e-06	-1.484720e-06	-2.247208e-10	-8.043319e+00	-5.752355e+01
5.760000e-06	-1.544247e-06	-2.428794e-10	-8.365801e+00	-6.169828e+01
5.770000e-06	-1.603598e-06	-2.618475e-10	-8.687328e+00	-6.583842e+01
5.780000e-06	-1.662716e-06	-2.803430e-10	-9.007592e+00	-6.994143e+01
5.790000e-06	-1.721761e-06	-2.980724e-10	-9.327462e+00	-7.400485e+01
5.800000e-06	-1.780695e-06	-3.164691e-10	-9.646730e+00	-7.802641e+01
5.810000e-06	-1.839447e-06	-3.352093e-10	-9.965015e+00	-8.200394e+01
5.820000e-06	-1.898183e-06	-3.527340e-10	-1.028321e+01	-8.593544e+01
5.830000e-06	-1.956842e-06	-3.700335e-10	-1.060099e+01	-8.981905e+01
5.840000e-06	-2.015374e-06	-3.875141e-10	-1.091808e+01	-9.365309e+01
5.850000e-06	-2.073629e-06	-4.042720e-10	-1.123367e+01	-9.743603e+01
5.860000e-06	-2.131643e-06	-4.196693e-10	-1.154795e+01	-1.011665e+02
5.870000e-06	-2.189661e-06	-4.346936e-10	-1.186226e+01	-1.048434e+02
5.880000e-06	-2.247437e-06	-4.498413e-10	-1.217526e+01	-1.084657e+02
5.890000e-06	-2.304871e-06	-4.642163e-10	-1.248640e+01	-1.120327e+02
5.900000e-06	-2.362204e-06	-4.787052e-10	-1.279700e+01	-1.155437e+02
5.910000e-06	-2.419292e-06	-4.938136e-10	-1.310626e+01	-1.189984e+02
5.920000e-06	-2.476165e-06	-5.086038e-10	-1.341437e+01	-1.223966e+02
5.930000e-06	-2.532932e-06	-5.230862e-10	-1.372190e+01	-1.257384e+02
5.940000e-06	-2.589523e-06	-5.378242e-10	-1.402847e+01	-1.290240e+02
5.950000e-06	-2.646030e-06	-5.529936e-10	-1.433459e+01	-1.322537e+02
5.960000e-06	-2.702487e-06	-5.673357e-10	-1.464044e+01	-1.354284e+02
5.970000e-06	-2.758820e-06	-5.804503e-10	-1.494562e+01	-1.385487e+02
5.980000e-06	-2.814969e-06	-5.931918e-10	-1.524981e+01	-1.416157e+02
5.990000e-06	-2.870980e-06	-6.060291e-10	-1.555324e+01	-1.446306e+02
6.000000e-06	-2.926808e-06	-6.188093e-10	-1.585568e+01	-1.475947e+02
6.010000e-06	-2.982463e-06	-6.313153e-10	-1.615719e+01	-1.505094e+02
6.020000e-06	-3.037878e-06	-6.428377e-10	-1.645739e+01	-1.533764e+02
6.030000e-06	-3.092978e-06	-6.541811e-10	-1.675589e+01	-1.561973e+02
6.040000e-06	-3.147865e-06	-6.664984e-10	-1.705323e+01	-1.589739e+02
6.050000e-06	-3.202453e-06	-6.784717e-10	-1.734896e+01	-1.617081e+02
6.060000e-06	-3.256690e-06	-6.899712e-10	-1.764278e+01	-1.644017e+02
6.070000e-06	-3.310575e-06	-7.009968e-10	-1.793470e+01	-1.670567e+02
6.080000e-06	-3.364060e-06	-7.113554e-10	-1.822445e+01	-1.696748e+02
6.090000e-06	-3.417238e-06	-7.223247e-10	-1.851253e+01	-1.722581e+02
6.100000e-06	-3.470107e-06	-7.346136e-10	-1.879895e+01	-1.748082e+02
6.110000e-06	-3.522614e-06	-7.463005e-10	-1.908340e+01	-1.773270e+02
6.120000e-06	-3.574859e-06	-7.559587e-10	-1.936643e+01	-1.798160e+02
6.130000e-06	-3.626880e-06	-7.649858e-10	-1.964825e+01	-1.822769e+02
6.140000e-06	-3.678584e-06	-7.749071e-10	-1.992835e+01	-1.847110e+02
6.150000e-06	-3.729977e-06	-7.857972e-10	-2.020677e+01	-1.871196e+02
6.160000e-06	-3.781068e-06	-7.967465e-10	-2.048355e+01	-1.895038e+02
6.170000e-06	-3.831970e-06	-8.069428e-10	-2.075930e+01	-1.918647e+02
6.180000e-06	-3.882641e-06	-8.163951e-10	-2.103381e+01	-1.942029e+02
6.190000e-06	-3.932921e-06	-8.253425e-10	-2.130619e+01	-1.965192e+02
6.200000e-06	-3.982880e-06	-8.341775e-10	-2.157684e+01	-1.988140e+02
6.210000e-06	-4.032279e-06	-8.431186e-10	-2.184446e+01	-2.010877e+02
6.220000e-06	-4.081317e-06	-8.515408e-10	-2.211012e+01	-2.033404e+02
6.230000e-06	-4.130366e-06	-8.599209e-10	-2.237583e+01	-2.055720e+02
6.240000e-06	-4.179009e-06	-8.689631e-10	-2.263935e+01	-2.077825e+02
6.250000e-06	-4.226961e-06	-8.784061e-10	-2.289913e+01	-2.099716e+02
6.260000e-06	-4.274464e-06	-8.876379e-10	-2.315647e+01	-2.121389e+02
6.270000e-06	-4.321632e-06	-8.968344e-10	-2.341200e+01	-2.142839e+02
6.280000e-06	-4.368653e-06	-9.059418e-10	-2.366673e+01	-2.164061e+02
6.290000e-06	-4.415583e-06	-9.154756e-10	-2.392096e+01	-2.185049e+02
6.300000e-06	-4.462157e-06	-9.253336e-10	-2.417327e+01	-2.205797e+02
6.310000e-06	-4.508320e-06	-9.340181e-10	-2.442336e+01	-2.226296e+02
6.320000e-06	-4.554094e-06	-9.421981e-10	-2.467133e+01	-2.246541e+02
6.330000e-06	-4.599640e-06	-9.508035e-10	-2.491808e+01	-2.266525e+02
6.340000e-06	-4.644945e-06	-9.592961e-10	-2.516351e+01	-2.286240e+02
6.350000e-06	-4.689815e-06	-9.673748e-10	-2.540659e+01	-2.305681e+02
6.360000e-06	-4.734340e-06	-9.745070e-10	-2.564780e+01	-2.324842e+02
6.370000e-06	-4.778681e-06	-9.814766e-10	-2.588801e+01	-2.343717e+02
6.380000e-06	-4.822857e-06	-9.893796e-10	-2.612733e+01	-2.362303e+02
6.390000e-06	-4.866710e-06	-9.971886e-10	-2.636490e+01	-2.380595e+02
6.400000e-06	-4.910314e-06	-1.003721e-09	-2.660112e+01	-2.398591e+02
6.410000e-06	-4.953663e-06	-1.009328e-09	-2.683596e+01	-2.416288e+02
6.420000e-06	-4.996681e-06	-1.016353e-09	-2.706901e+01	-2.433686e+02
6.430000e-06	-5.039452e-06	-1.024316e-09	-2.730071e+01	-2.450783e+02
6.440000e-06	-5.081858e-06	-1.031597e-09	-2.753044e+01	-2.467580e+02
6.450000e-06	-5.123782e-06	-1.038584e-09	-2.775756e+01	-2.484079e+02
6.460000e-06	-5.165210e-06	-1.045626e-09	-2.798199e+01	-2.500281e+02
6.470000e-06	-5.206296e-06	-1.053268e-09	-2.820457e+01	-2.516189e+02
6.480000e-06	-5.247167e-06	-1.060673e-09	-2.842599e+01	-2.531805e+02
6.490000e-06	-5.287703e-06	-1.066223e-09	-2.864558e+01	-2.547133e+02
6.500000e-06	-5.327857e-06	-1.070617e-09	-2.886312e+01	-2.562177e+02
6.510000e-06	-5.367831e-06	-1.075967e-09	-2.907967e+01	-2.576940e+02
6.520000e-06	-5.407602e-06	-1.083044e-09	-2.929513e+01	-2.591428e+02
6.530000e-06	-5.446962e-06	-1.090118e-09	-2.950836e+01	-2.605644e+02
6.540000e-06	-5.485884e-06	-1.094780e-09	-2.971921e+01	-2.619593e+02
6.550000e-06	-5.524146e-06	-1.097949e-09	-2.992649e+01	-2.633279e+02
6.560000e-06	-5.561550e-06	-1.102721e-09	-3.012913e+01	-2.646707e+02
6.570000e-06	-5.598384e-06	-1.109444e-09	-3.032867e+01	-2.659880e+02
6.580000e-06	-5.634877e-06	-1.115234e-09	-3.052637e+01	-2.672804e+02
6.590000e-06	-5.671124e-06	-1.118469e-09	-3.072273e+01	-2.685482e+02
6.600000e-06	-5.707161e-06	-1.122043e-09	-3.091795e+01	-2.697919e+02
6.610000e-06	-5.742904e-06	-1.126772e-09	-3.111159e+01	-2.710117e+02
6.620000e-06	-5.778199e-06	-1.130437e-09	-3.130280e+01	-2.722081e+02
6.630000e-06	-5.813028e-06	-1.133575e-09	-3.149148e+01	-2.733814e+02
6.640000e-06	-5.847439e-06	-1.136387e-09	-3.167790e+01	-2.745321e+02
6.650000e-06	-5.881487e-06	-1.139348e-09	-3.186235e+01	-2.756605e+02
6.660000e-06	-5.915057e-06	-1.144084e-09	-3.204421e+01	-2.767669e+02
6.670000e-06	-5.948085e-06	-1.149792e-09	-3.222314e+01	-2.778519e+02
6.680000e-06	-5.980770e-06	-1.153616e-09	-3.240020e+01	-2.789157e+02
6.690000e-06	-6.013162e-06	-1.154826e-09	-3.257569e+01	-2.799590e+02
6.700000e-06	-6.045240e-06	-1.157558e-09	-3.274947e+01	-2.809821e+02
6.710000e-06	-6.077033e-06	-1.162536e-09	-3.292170e+01	-2.819855e+02
6.720000e-06	-6.108427e-06	-1.166452e-09	-3.309177e+01	-2.829699e+02
6.730000e-06	-6.139123e-06	-1.169094e-09	-3.325807e+01	-2.839358e+02
6.740000e-06	-6.168987e-06	-1.171083e-09	-3.341985e+01	-2.848838e+02
6.750000e-06	-6.198138e-06	-1.173642e-09	-3.357778e+01	-2.858145e+02
6.760000e-06	-6.226889e-06	-1.177506e-09	-3.373353e+01	-2.867287e+02
6.770000e-06	-6.255287e-06	-1.180216e-09	-3.388737e+01	-2.876270e+02
6.780000e-06	-6.283322e-06	-1.180665e-09	-3.403925e+01	-2.885102e+02
6.790000e-06	-6.311069e-06	-1.181283e-09	-3.418957e+01	-2.893790e+02
6.800000e-06	-6.338356e-06	-1.183067e-09	-3.433739e+01	-2.902341e+02
6.810000e-06	-6.365074e-06	-1.185500e-09	-3.448213e+01	-2.910762e+02
6.820000e-06	-6.391351e-06	-1.188058e-09	-3.462449e+01	-2.919061e+02
6.830000e-06	-6.417244e-06	-1.190596e-09	-3.476476e+01	-2.927245e+02
6.840000e-06	-6.442663e-06	-1.193618e-09	-3.490246e+01	-2.935318e+02
6.850000e-06	-6.467584e-06	-1.196954e-09	-3.503747e+01	-2.943288e+02
6.860000e-06	-6.492209e-06	-1.199860e-09	-3.517088e+01	-2.951159e+02
6.870000e-06	-6.516616e-06	-1.201612e-09	-3.530309e+01	-2.958935e+02
6.880000e-06	-6.540749e-06	-1.203369e-09	-3.543383e+01	-2.966621e+02
6.890000e-06	-6.564561e-06	-1.207026e-09	-3.556284e+01	-2.974219e+02
6.900000e-06	-6.587660e-06	-1.210853e-09	-3.568797e+01	-2.981729e+02
6.910000e-06	-6.609793e-06	-1.212439e-09	-3.580787e+01	-2.989153e+02
6.920000e-06	-6.631226e-06	-1.211786e-09	-3.592398e+01	-2.996490e+02
6.930000e-06	-6.652096e-06	-1.210943e-09	-3.603704e+01	-3.003738e+02
6.940000e-06	-6.672496e-06	-1.212545e-09	-3.614756e+01	-3.010894e+02
6.950000e-06	-6.692648e-06	-1.216263e-09	-3.625673e+01	-3.017955e+02
6.960000e-06	-6.712416e-06	-1.220376e-09	-3.636382e+01	-3.024915e+02
6.970000e-06	-6.731712e-06	-1.223987e-09	-3.646835e+01	-3.031768e+02
6.980000e-06	-6.750615e-06	-1.225696e-09	-3.657076e+01	-3.038508e+02
6.990000e-06	-6.768883e-06	-1.226895e-09	-3.666973e+01	-3.045127e+02
7.000000e-06	-6.786663e-06	-1.229765e-09	-3.676605e+01	-3.051616e+02
7.010000e-06	-6.804083e-06	-1.231762e-09	-3.686042e+01	-3.057966e+02
7.020000e-06	-6.820978e-06	-1.232740e-09	-3.695195e+01	-3.064170e+02
7.030000e-06	-6.837582e-06	-1.234917e-09	-3.704190e+01	-3.070215e+02
7.040000e-06	-6.853884e-06	-1.237437e-09	-3.713021e+01	-3.076095e+02
7.050000e-06	-6.869712e-06	-1.239199e-09	-3.721596e+01	-3.081798e+02
7.060000e-06	-6.884974e-06	-1.240441e-09	-3.729864e+01	-3.087316e+02
7.070000e-06	-6.899504e-06	-1.241148e-09	-3.737735e+01	-3.092640e+02
7.080000e-06	-6.913262e-06	-1.242072e-09	-3.745188e+01	-3.097761e+02
7.090000e-06	-6.926462e-06	-1.244360e-09	-3.752339e+01	-3.102673e+02
7.100000e-06	-6.939157e-06	-1.248175e-09	-3.759217e+01	-3.107367e+02
7.110000e-06	-6.951302e-06	-1.250562e-09	-3.765796e+01	-3.111838e+02
7.120000e-06	-6.962853e-06	-1.250472e-09	-3.772054e+01	-3.116082e+02
7.130000e-06	-6.973849e-06	-1.250929e-09	-3.778011e+01	-3.120093e+02
7.140000e-06	-6.984367e-06	-1.252167e-09	-3.783709e+01	-3.123869e+02
7.150000e-06	-6.994364e-06	-1.253325e-09	-3.789124e+01	-3.127408e+02
7.160000e-06	-7.003929e-06	-1.254448e-09	-3.794306e+01	-3.130709e+02
7.170000e-06	-7.013074e-06	-1.255106e-09	-3.799260e+01	-3.133772e+02
7.180000e-06	-7.021761e-06	-1.255495e-09	-3.803967e+01	-3.136598e+02
7.190000e-06	-7.030054e-06	-1.256790e-09	-3.808460e+01	-3.139189e+02
7.200000e-06	-7.038016e-06	-1.257514e-09	-3.812772e+01	-3.141548e+02
7.210000e-06	-7.045649e-06	-1.256603e-09	-3.816908e+01	-3.143678e+02
7.220000e-06	-7.052692e-06	-1.254971e-09	-3.820723e+01	-3.145584e+02
7.230000e-06	-7.058750e-06	-1.253645e-09	-3.824005e+01	-3.147270e+02
7.240000e-06	-7.063988e-06	-1.253463e-09	-3.826843e+01	-3.148741e+02
7.250000e-06	-7.068714e-06	-1.254232e-09	-3.829403e+01	-3.150003e+02
7.260000e-06	-7.073059e-06	-1.254176e-09	-3.831757e+01	-3.151061e+02
7.270000e-06	-7.077127e-06	-1.252226e-09	-3.833961e+01	-3.151920e+02
7.280000e-06	-7.080793e-06	-1.251520e-09	-3.835947e+01	-3.152587e+02
7.290000e-06	-7.083903e-06	-1.252351e-09	-3.837631e+01	-3.153066e+02
7.300000e-06	-7.086451e-06	-1.251808e-09	-3.839012e+01	-3.153364e+02
7.310000e-06	-7.088476e-06	-1.250291e-09	-3.840109e+01	-3.153483e+02
7.320000e-06	-7.089995e-06	-1.249547e-09	-3.840932e+01	-3.153430e+02
7.330000e-06	-7.091043e-06	-1.250560e-09	-3.841500e+01	-3.153209e+02
7.340000e-06	-7.091701e-06	-1.251338e-09	-3.841856e+01	-3.152822e+02
