# Temperatura_=_19.1
# Concentracion g/m^3_=_7400.0
# C_Vs_to_Am_M_A/Vsm_=_254322799225.57578
# pendiente_HvsI_1/m_=_3716.3
# ordenada_HvsI_A/m_=_1297.0
# frecuencia_Hz_=_136116.49715853584

Tiempo_(s)	Campo_(V.s)	Magnetizacion_(V.s)	Campo_(kA/m)	Magnetizacion_(A/m)
0.000000e+00	-7.150583e-06	-1.649321e-09	-3.842299e+01	-4.167996e+02
1.000000e-08	-7.150752e-06	-1.649268e-09	-3.842390e+01	-4.168879e+02
2.000000e-08	-7.150639e-06	-1.649909e-09	-3.842329e+01	-4.169578e+02
3.000000e-08	-7.149928e-06	-1.649024e-09	-3.841947e+01	-4.170093e+02
4.000000e-08	-7.148560e-06	-1.646551e-09	-3.841211e+01	-4.170423e+02
5.000000e-08	-7.146329e-06	-1.644823e-09	-3.840013e+01	-4.170568e+02
6.000000e-08	-7.143292e-06	-1.645117e-09	-3.838381e+01	-4.170529e+02
7.000000e-08	-7.139884e-06	-1.648128e-09	-3.836549e+01	-4.170306e+02
8.000000e-08	-7.136193e-06	-1.654759e-09	-3.834566e+01	-4.169900e+02
9.000000e-08	-7.131932e-06	-1.648150e-09	-3.832277e+01	-4.169311e+02
1.000000e-07	-7.126801e-06	-1.607229e-09	-3.829520e+01	-4.168541e+02
1.100000e-07	-7.120969e-06	-1.587187e-09	-3.826386e+01	-4.167592e+02
1.200000e-07	-7.114851e-06	-1.659982e-09	-3.823098e+01	-4.166466e+02
1.300000e-07	-7.108696e-06	-1.721960e-09	-3.819791e+01	-4.165167e+02
1.400000e-07	-7.102034e-06	-1.638576e-09	-3.816211e+01	-4.163696e+02
1.500000e-07	-7.094666e-06	-1.554732e-09	-3.812252e+01	-4.162058e+02
1.600000e-07	-7.087027e-06	-1.650563e-09	-3.808147e+01	-4.160257e+02
1.700000e-07	-7.079175e-06	-1.736139e-09	-3.803928e+01	-4.158297e+02
1.800000e-07	-7.070721e-06	-1.604012e-09	-3.799386e+01	-4.156183e+02
1.900000e-07	-7.061254e-06	-1.503789e-09	-3.794298e+01	-4.153921e+02
2.000000e-07	-7.051053e-06	-1.659660e-09	-3.788817e+01	-4.151515e+02
2.100000e-07	-7.040499e-06	-1.766396e-09	-3.783146e+01	-4.148972e+02
2.200000e-07	-7.029386e-06	-1.605555e-09	-3.777174e+01	-4.146297e+02
2.300000e-07	-7.017514e-06	-1.511990e-09	-3.770795e+01	-4.143496e+02
2.400000e-07	-7.005166e-06	-1.653689e-09	-3.764160e+01	-4.140574e+02
2.500000e-07	-6.992479e-06	-1.697785e-09	-3.757343e+01	-4.137536e+02
2.600000e-07	-6.979147e-06	-1.567315e-09	-3.750179e+01	-4.134388e+02
2.700000e-07	-6.965123e-06	-1.571660e-09	-3.742643e+01	-4.131135e+02
2.800000e-07	-6.950359e-06	-1.677367e-09	-3.734710e+01	-4.127779e+02
2.900000e-07	-6.934545e-06	-1.626316e-09	-3.726213e+01	-4.124325e+02
3.000000e-07	-6.918029e-06	-1.553215e-09	-3.717338e+01	-4.120775e+02
3.100000e-07	-6.901253e-06	-1.626313e-09	-3.708323e+01	-4.117132e+02
3.200000e-07	-6.884171e-06	-1.635021e-09	-3.699144e+01	-4.113395e+02
3.300000e-07	-6.866713e-06	-1.540327e-09	-3.689764e+01	-4.109565e+02
3.400000e-07	-6.848882e-06	-1.591055e-09	-3.680182e+01	-4.105642e+02
3.500000e-07	-6.830685e-06	-1.682071e-09	-3.670404e+01	-4.101622e+02
3.600000e-07	-6.811848e-06	-1.581149e-09	-3.660282e+01	-4.097504e+02
3.700000e-07	-6.792392e-06	-1.505867e-09	-3.649828e+01	-4.093284e+02
3.800000e-07	-6.772704e-06	-1.615228e-09	-3.639249e+01	-4.088956e+02
3.900000e-07	-6.752763e-06	-1.636012e-09	-3.628534e+01	-4.084515e+02
4.000000e-07	-6.732314e-06	-1.528695e-09	-3.617546e+01	-4.079955e+02
4.100000e-07	-6.711304e-06	-1.554944e-09	-3.606256e+01	-4.075269e+02
4.200000e-07	-6.689735e-06	-1.630575e-09	-3.594666e+01	-4.070450e+02
4.300000e-07	-6.667766e-06	-1.570727e-09	-3.582861e+01	-4.065490e+02
4.400000e-07	-6.645240e-06	-1.536647e-09	-3.570757e+01	-4.060381e+02
4.500000e-07	-6.622253e-06	-1.590607e-09	-3.558406e+01	-4.055114e+02
4.600000e-07	-6.598967e-06	-1.566443e-09	-3.545893e+01	-4.049683e+02
4.700000e-07	-6.575299e-06	-1.525521e-09	-3.533175e+01	-4.044080e+02
4.800000e-07	-6.551364e-06	-1.578086e-09	-3.520314e+01	-4.038298e+02
4.900000e-07	-6.527028e-06	-1.584398e-09	-3.507237e+01	-4.032329e+02
5.000000e-07	-6.501984e-06	-1.520578e-09	-3.493780e+01	-4.026169e+02
5.100000e-07	-6.476153e-06	-1.534302e-09	-3.479900e+01	-4.019813e+02
5.200000e-07	-6.449577e-06	-1.570439e-09	-3.465620e+01	-4.013256e+02
5.300000e-07	-6.422378e-06	-1.534888e-09	-3.451004e+01	-4.006496e+02
5.400000e-07	-6.394854e-06	-1.520537e-09	-3.436215e+01	-3.999532e+02
5.500000e-07	-6.367071e-06	-1.546383e-09	-3.421286e+01	-3.992363e+02
5.600000e-07	-6.338798e-06	-1.533315e-09	-3.406094e+01	-3.984990e+02
5.700000e-07	-6.310057e-06	-1.517414e-09	-3.390650e+01	-3.977414e+02
5.800000e-07	-6.280969e-06	-1.531200e-09	-3.375020e+01	-3.969640e+02
5.900000e-07	-6.251437e-06	-1.522151e-09	-3.359151e+01	-3.961670e+02
6.000000e-07	-6.221464e-06	-1.505097e-09	-3.343045e+01	-3.953511e+02
6.100000e-07	-6.191056e-06	-1.516287e-09	-3.326706e+01	-3.945168e+02
6.200000e-07	-6.160151e-06	-1.517994e-09	-3.310099e+01	-3.936648e+02
6.300000e-07	-6.128851e-06	-1.502615e-09	-3.293280e+01	-3.927957e+02
6.400000e-07	-6.097276e-06	-1.499816e-09	-3.276314e+01	-3.919103e+02
6.500000e-07	-6.065365e-06	-1.497954e-09	-3.259167e+01	-3.910093e+02
6.600000e-07	-6.033165e-06	-1.490129e-09	-3.241864e+01	-3.900935e+02
6.700000e-07	-6.000566e-06	-1.490460e-09	-3.224348e+01	-3.891636e+02
6.800000e-07	-5.967299e-06	-1.488089e-09	-3.206472e+01	-3.882201e+02
6.900000e-07	-5.933368e-06	-1.478625e-09	-3.188239e+01	-3.872637e+02
7.000000e-07	-5.898794e-06	-1.474390e-09	-3.169662e+01	-3.862949e+02
7.100000e-07	-5.863612e-06	-1.470297e-09	-3.150757e+01	-3.853139e+02
7.200000e-07	-5.828062e-06	-1.463613e-09	-3.131654e+01	-3.843210e+02
7.300000e-07	-5.792378e-06	-1.461540e-09	-3.112480e+01	-3.833163e+02
7.400000e-07	-5.756437e-06	-1.457802e-09	-3.093167e+01	-3.822997e+02
7.500000e-07	-5.720019e-06	-1.450820e-09	-3.073598e+01	-3.812711e+02
7.600000e-07	-5.683118e-06	-1.449054e-09	-3.053770e+01	-3.802300e+02
7.700000e-07	-5.645795e-06	-1.447586e-09	-3.033715e+01	-3.791760e+02
7.800000e-07	-5.608004e-06	-1.439242e-09	-3.013408e+01	-3.781083e+02
7.900000e-07	-5.569800e-06	-1.430874e-09	-2.992879e+01	-3.770263e+02
8.000000e-07	-5.531186e-06	-1.426251e-09	-2.972131e+01	-3.759289e+02
8.100000e-07	-5.492016e-06	-1.421852e-09	-2.951083e+01	-3.748150e+02
8.200000e-07	-5.452523e-06	-1.417394e-09	-2.929862e+01	-3.736837e+02
8.300000e-07	-5.412962e-06	-1.412003e-09	-2.908604e+01	-3.725336e+02
8.400000e-07	-5.373275e-06	-1.405526e-09	-2.887279e+01	-3.713635e+02
8.500000e-07	-5.333326e-06	-1.400827e-09	-2.865813e+01	-3.701722e+02
8.600000e-07	-5.292790e-06	-1.397802e-09	-2.844031e+01	-3.689583e+02
8.700000e-07	-5.251586e-06	-1.393729e-09	-2.821890e+01	-3.677207e+02
8.800000e-07	-5.210057e-06	-1.387196e-09	-2.799575e+01	-3.664581e+02
8.900000e-07	-5.168108e-06	-1.378812e-09	-2.777034e+01	-3.651695e+02
9.000000e-07	-5.125436e-06	-1.370869e-09	-2.754105e+01	-3.638539e+02
9.100000e-07	-5.082242e-06	-1.364615e-09	-2.730895e+01	-3.625103e+02
9.200000e-07	-5.038732e-06	-1.358265e-09	-2.707515e+01	-3.611381e+02
9.300000e-07	-4.994958e-06	-1.351084e-09	-2.683994e+01	-3.597367e+02
9.400000e-07	-4.950916e-06	-1.345930e-09	-2.660328e+01	-3.583057e+02
9.500000e-07	-4.906578e-06	-1.341719e-09	-2.636503e+01	-3.568450e+02
9.600000e-07	-4.861913e-06	-1.336570e-09	-2.612503e+01	-3.553544e+02
9.700000e-07	-4.816949e-06	-1.330242e-09	-2.588342e+01	-3.538342e+02
9.800000e-07	-4.771661e-06	-1.322383e-09	-2.564007e+01	-3.522847e+02
9.900000e-07	-4.726037e-06	-1.314969e-09	-2.539491e+01	-3.507063e+02
1.000000e-06	-4.680170e-06	-1.309135e-09	-2.514845e+01	-3.490998e+02
1.010000e-06	-4.633860e-06	-1.303248e-09	-2.489961e+01	-3.474660e+02
1.020000e-06	-4.587113e-06	-1.296923e-09	-2.464842e+01	-3.458057e+02
1.030000e-06	-4.540127e-06	-1.290529e-09	-2.439594e+01	-3.441199e+02
1.040000e-06	-4.492870e-06	-1.284442e-09	-2.414202e+01	-3.424097e+02
1.050000e-06	-4.445272e-06	-1.279376e-09	-2.388625e+01	-3.406761e+02
1.060000e-06	-4.397507e-06	-1.273444e-09	-2.362959e+01	-3.389203e+02
1.070000e-06	-4.349496e-06	-1.266310e-09	-2.337161e+01	-3.371433e+02
1.080000e-06	-4.301117e-06	-1.259373e-09	-2.311165e+01	-3.353460e+02
1.090000e-06	-4.252384e-06	-1.252430e-09	-2.284978e+01	-3.335293e+02
1.100000e-06	-4.203178e-06	-1.244745e-09	-2.258538e+01	-3.316941e+02
1.110000e-06	-4.153509e-06	-1.236907e-09	-2.231849e+01	-3.298408e+02
1.120000e-06	-4.103316e-06	-1.229471e-09	-2.204878e+01	-3.279700e+02
1.130000e-06	-4.052638e-06	-1.222586e-09	-2.177647e+01	-3.260819e+02
1.140000e-06	-4.001669e-06	-1.216959e-09	-2.150259e+01	-3.241764e+02
1.150000e-06	-3.950372e-06	-1.211520e-09	-2.122695e+01	-3.222535e+02
1.160000e-06	-3.898758e-06	-1.204420e-09	-2.094961e+01	-3.203126e+02
1.170000e-06	-3.846888e-06	-1.196013e-09	-2.067089e+01	-3.183533e+02
1.180000e-06	-3.794723e-06	-1.188455e-09	-2.039059e+01	-3.163745e+02
1.190000e-06	-3.742320e-06	-1.181969e-09	-2.010900e+01	-3.143753e+02
1.200000e-06	-3.689723e-06	-1.174667e-09	-1.982638e+01	-3.123544e+02
1.210000e-06	-3.636798e-06	-1.166005e-09	-1.954199e+01	-3.103105e+02
1.220000e-06	-3.583486e-06	-1.157685e-09	-1.925552e+01	-3.082418e+02
1.230000e-06	-3.529918e-06	-1.149659e-09	-1.896768e+01	-3.061469e+02
1.240000e-06	-3.476194e-06	-1.140581e-09	-1.867900e+01	-3.040238e+02
1.250000e-06	-3.422272e-06	-1.132068e-09	-1.838926e+01	-3.018709e+02
1.260000e-06	-3.368152e-06	-1.124428e-09	-1.809845e+01	-2.996863e+02
1.270000e-06	-3.313648e-06	-1.115819e-09	-1.780558e+01	-2.974682e+02
1.280000e-06	-3.258770e-06	-1.107405e-09	-1.751070e+01	-2.952150e+02
1.290000e-06	-3.203775e-06	-1.099753e-09	-1.721519e+01	-2.929250e+02
1.300000e-06	-3.148515e-06	-1.090699e-09	-1.691825e+01	-2.905968e+02
1.310000e-06	-3.093037e-06	-1.079935e-09	-1.662014e+01	-2.882289e+02
1.320000e-06	-3.037561e-06	-1.070247e-09	-1.632205e+01	-2.858204e+02
1.330000e-06	-2.982010e-06	-1.061948e-09	-1.602355e+01	-2.833703e+02
1.340000e-06	-2.926288e-06	-1.052613e-09	-1.572413e+01	-2.808779e+02
1.350000e-06	-2.870420e-06	-1.042834e-09	-1.542393e+01	-2.783428e+02
1.360000e-06	-2.814381e-06	-1.033272e-09	-1.512281e+01	-2.757648e+02
1.370000e-06	-2.758163e-06	-1.023064e-09	-1.482073e+01	-2.731440e+02
1.380000e-06	-2.701728e-06	-1.013151e-09	-1.451748e+01	-2.704806e+02
1.390000e-06	-2.645021e-06	-1.004112e-09	-1.421277e+01	-2.677751e+02
1.400000e-06	-2.588060e-06	-9.947729e-10	-1.390670e+01	-2.650281e+02
1.410000e-06	-2.530862e-06	-9.842345e-10	-1.359935e+01	-2.622406e+02
1.420000e-06	-2.473417e-06	-9.735302e-10	-1.329067e+01	-2.594135e+02
1.430000e-06	-2.415700e-06	-9.634043e-10	-1.298054e+01	-2.565479e+02
1.440000e-06	-2.357588e-06	-9.523277e-10	-1.266828e+01	-2.536447e+02
1.450000e-06	-2.299140e-06	-9.401811e-10	-1.235421e+01	-2.507051e+02
1.460000e-06	-2.240457e-06	-9.282059e-10	-1.203889e+01	-2.477301e+02
1.470000e-06	-2.181496e-06	-9.165866e-10	-1.172206e+01	-2.447205e+02
1.480000e-06	-2.122455e-06	-9.046881e-10	-1.140481e+01	-2.416770e+02
1.490000e-06	-2.063328e-06	-8.924580e-10	-1.108710e+01	-2.386002e+02
1.500000e-06	-2.003984e-06	-8.809056e-10	-1.076822e+01	-2.354902e+02
1.510000e-06	-1.944507e-06	-8.689908e-10	-1.044863e+01	-2.323468e+02
1.520000e-06	-1.884921e-06	-8.565897e-10	-1.012845e+01	-2.291697e+02
1.530000e-06	-1.825266e-06	-8.457394e-10	-9.807894e+00	-2.259578e+02
1.540000e-06	-1.765605e-06	-8.347552e-10	-9.487313e+00	-2.227098e+02
1.550000e-06	-1.705899e-06	-8.218918e-10	-9.166490e+00	-2.194241e+02
1.560000e-06	-1.645987e-06	-8.085728e-10	-8.844554e+00	-2.160981e+02
1.570000e-06	-1.585890e-06	-7.959220e-10	-8.521629e+00	-2.127294e+02
1.580000e-06	-1.525755e-06	-7.839770e-10	-8.198499e+00	-2.093145e+02
1.590000e-06	-1.465521e-06	-7.717026e-10	-7.874839e+00	-2.058499e+02
1.600000e-06	-1.405117e-06	-7.585976e-10	-7.550266e+00	-2.023315e+02
1.610000e-06	-1.344722e-06	-7.451821e-10	-7.225736e+00	-1.987547e+02
1.620000e-06	-1.284364e-06	-7.320127e-10	-6.901412e+00	-1.951148e+02
1.630000e-06	-1.223917e-06	-7.188227e-10	-6.576602e+00	-1.914066e+02
1.640000e-06	-1.163303e-06	-7.048464e-10	-6.250900e+00	-1.876247e+02
1.650000e-06	-1.102498e-06	-6.898844e-10	-5.924169e+00	-1.837636e+02
1.660000e-06	-1.041684e-06	-6.747220e-10	-5.597390e+00	-1.798176e+02
1.670000e-06	-9.809697e-07	-6.600660e-10	-5.271148e+00	-1.757811e+02
1.680000e-06	-9.201689e-07	-6.449901e-10	-4.944441e+00	-1.716486e+02
1.690000e-06	-8.593012e-07	-6.283579e-10	-4.617374e+00	-1.674146e+02
1.700000e-06	-7.984855e-07	-6.120642e-10	-4.290587e+00	-1.630740e+02
1.710000e-06	-7.375903e-07	-5.973067e-10	-3.963372e+00	-1.586221e+02
1.720000e-06	-6.766367e-07	-5.821998e-10	-3.635844e+00	-1.540543e+02
1.730000e-06	-6.155908e-07	-5.662403e-10	-3.307819e+00	-1.493668e+02
1.740000e-06	-5.544086e-07	-5.491905e-10	-2.979062e+00	-1.445564e+02
1.750000e-06	-4.931853e-07	-5.309437e-10	-2.650085e+00	-1.396205e+02
1.760000e-06	-4.319217e-07	-5.122577e-10	-2.320891e+00	-1.345570e+02
1.770000e-06	-3.706370e-07	-4.932906e-10	-1.991583e+00	-1.293649e+02
1.780000e-06	-3.093986e-07	-4.742512e-10	-1.662524e+00	-1.240439e+02
1.790000e-06	-2.481563e-07	-4.545777e-10	-1.333444e+00	-1.185946e+02
1.800000e-06	-1.868505e-07	-4.334739e-10	-1.004023e+00	-1.130183e+02
1.810000e-06	-1.255130e-07	-4.115233e-10	-6.744325e-01	-1.073173e+02
1.820000e-06	-6.411444e-08	-3.899125e-10	-3.445129e-01	-1.014950e+02
1.830000e-06	-2.784324e-09	-3.674314e-10	-1.496130e-02	-9.555544e+01
1.840000e-06	5.840801e-08	-3.429797e-10	3.138500e-01	-8.950350e+01
1.850000e-06	1.195839e-07	-3.188346e-10	6.425728e-01	-8.334500e+01
1.860000e-06	1.808966e-07	-2.957173e-10	9.720310e-01	-7.708648e+01
1.870000e-06	2.423157e-07	-2.719189e-10	1.302061e+00	-7.073523e+01
1.880000e-06	3.037258e-07	-2.459249e-10	1.632042e+00	-6.429916e+01
1.890000e-06	3.651299e-07	-2.182633e-10	1.961991e+00	-5.778677e+01
1.900000e-06	4.264726e-07	-1.910711e-10	2.291610e+00	-5.120706e+01
1.910000e-06	4.877750e-07	-1.638151e-10	2.621013e+00	-4.456945e+01
1.920000e-06	5.489919e-07	-1.368357e-10	2.949956e+00	-3.788365e+01
1.930000e-06	6.101329e-07	-1.116327e-10	3.278492e+00	-3.115963e+01
1.940000e-06	6.712106e-07	-8.611789e-11	3.606687e+00	-2.440747e+01
1.950000e-06	7.322203e-07	-5.911629e-11	3.934517e+00	-1.763730e+01
1.960000e-06	7.931518e-07	-3.116545e-11	4.261926e+00	-1.085917e+01
1.970000e-06	8.539585e-07	-3.276390e-12	4.588666e+00	-4.083000e+00
1.980000e-06	9.146978e-07	2.327219e-11	4.915043e+00	2.681529e+00
1.990000e-06	9.754522e-07	4.896212e-11	5.241501e+00	9.425062e+00
2.000000e-06	1.036159e-06	7.479739e-11	5.567702e+00	1.613863e+01
2.010000e-06	1.096770e-06	1.008098e-10	5.893390e+00	2.281373e+01
2.020000e-06	1.157406e-06	1.269475e-10	6.219215e+00	2.944239e+01
2.030000e-06	1.218064e-06	1.531141e-10	6.545151e+00	3.601717e+01
2.040000e-06	1.278590e-06	1.783275e-10	6.870381e+00	4.253130e+01
2.050000e-06	1.338975e-06	2.024672e-10	7.194858e+00	4.897863e+01
2.060000e-06	1.399317e-06	2.259325e-10	7.519098e+00	5.535366e+01
2.070000e-06	1.459525e-06	2.492910e-10	7.842622e+00	6.165160e+01
2.080000e-06	1.519629e-06	2.729755e-10	8.165586e+00	6.786834e+01
2.090000e-06	1.579648e-06	2.965788e-10	8.488089e+00	7.400046e+01
2.100000e-06	1.639506e-06	3.192122e-10	8.809733e+00	8.004519e+01
2.110000e-06	1.699333e-06	3.412203e-10	9.131204e+00	8.600043e+01
2.120000e-06	1.759128e-06	3.625285e-10	9.452506e+00	9.186467e+01
2.130000e-06	1.818811e-06	3.828818e-10	9.773207e+00	9.763701e+01
2.140000e-06	1.878407e-06	4.038523e-10	1.009344e+01	1.033171e+02
2.150000e-06	1.937893e-06	4.254600e-10	1.041309e+01	1.089050e+02
2.160000e-06	1.997166e-06	4.469481e-10	1.073159e+01	1.144014e+02
2.170000e-06	2.056350e-06	4.677877e-10	1.104960e+01	1.198073e+02
2.180000e-06	2.115503e-06	4.876453e-10	1.136745e+01	1.251240e+02
2.190000e-06	2.174470e-06	5.063401e-10	1.168431e+01	1.303531e+02
2.200000e-06	2.233248e-06	5.239177e-10	1.200015e+01	1.354965e+02
2.210000e-06	2.291787e-06	5.420002e-10	1.231470e+01	1.405563e+02
2.220000e-06	2.350140e-06	5.611327e-10	1.262825e+01	1.455347e+02
2.230000e-06	2.408309e-06	5.794266e-10	1.294082e+01	1.504341e+02
2.240000e-06	2.466111e-06	5.973690e-10	1.325142e+01	1.552568e+02
2.250000e-06	2.523694e-06	6.158184e-10	1.356083e+01	1.600052e+02
2.260000e-06	2.581017e-06	6.331631e-10	1.386885e+01	1.646817e+02
2.270000e-06	2.637910e-06	6.484481e-10	1.417456e+01	1.692886e+02
2.280000e-06	2.694513e-06	6.629808e-10	1.447871e+01	1.738282e+02
2.290000e-06	2.750988e-06	6.774871e-10	1.478217e+01	1.783025e+02
2.300000e-06	2.807306e-06	6.920468e-10	1.508480e+01	1.827136e+02
2.310000e-06	2.863355e-06	7.082445e-10	1.538597e+01	1.870634e+02
2.320000e-06	2.919199e-06	7.252348e-10	1.568604e+01	1.913535e+02
2.330000e-06	2.974917e-06	7.418407e-10	1.598544e+01	1.955856e+02
2.340000e-06	3.030438e-06	7.574216e-10	1.628377e+01	1.997611e+02
2.350000e-06	3.085835e-06	7.718737e-10	1.658144e+01	2.038812e+02
2.360000e-06	3.141065e-06	7.851884e-10	1.687822e+01	2.079471e+02
2.370000e-06	3.196036e-06	7.972516e-10	1.717360e+01	2.119597e+02
2.380000e-06	3.250777e-06	8.096489e-10	1.746775e+01	2.159197e+02
2.390000e-06	3.305222e-06	8.239727e-10	1.776030e+01	2.198280e+02
2.400000e-06	3.359442e-06	8.397773e-10	1.805165e+01	2.236851e+02
2.410000e-06	3.413452e-06	8.547390e-10	1.834186e+01	2.274914e+02
2.420000e-06	3.467198e-06	8.686732e-10	1.863066e+01	2.312473e+02
2.430000e-06	3.520695e-06	8.819791e-10	1.891812e+01	2.349531e+02
2.440000e-06	3.574002e-06	8.951294e-10	1.920456e+01	2.386089e+02
2.450000e-06	3.627107e-06	9.090701e-10	1.948992e+01	2.422148e+02
2.460000e-06	3.679964e-06	9.224132e-10	1.977394e+01	2.457710e+02
2.470000e-06	3.732565e-06	9.342660e-10	2.005659e+01	2.492774e+02
2.480000e-06	3.784897e-06	9.455515e-10	2.033779e+01	2.527341e+02
2.490000e-06	3.836894e-06	9.570158e-10	2.061719e+01	2.561410e+02
2.500000e-06	3.888606e-06	9.690050e-10	2.089506e+01	2.594980e+02
2.510000e-06	3.940004e-06	9.813952e-10	2.117124e+01	2.628050e+02
2.520000e-06	3.991051e-06	9.936265e-10	2.144554e+01	2.660619e+02
2.530000e-06	4.041671e-06	1.005216e-09	2.171754e+01	2.692686e+02
2.540000e-06	4.091765e-06	1.016943e-09	2.198671e+01	2.724251e+02
2.550000e-06	4.141466e-06	1.028403e-09	2.225378e+01	2.755312e+02
2.560000e-06	4.190732e-06	1.038429e-09	2.251851e+01	2.785868e+02
2.570000e-06	4.239545e-06	1.047661e-09	2.278080e+01	2.815918e+02
2.580000e-06	4.288056e-06	1.057774e-09	2.304146e+01	2.845462e+02
2.590000e-06	4.336198e-06	1.068731e-09	2.330015e+01	2.874500e+02
2.600000e-06	4.383977e-06	1.079815e-09	2.355689e+01	2.903030e+02
2.610000e-06	4.431567e-06	1.090727e-09	2.381261e+01	2.931053e+02
2.620000e-06	4.478931e-06	1.100821e-09	2.406711e+01	2.958569e+02
2.630000e-06	4.525991e-06	1.109719e-09	2.431999e+01	2.985580e+02
2.640000e-06	4.572713e-06	1.119070e-09	2.457104e+01	3.012086e+02
2.650000e-06	4.619149e-06	1.129359e-09	2.482056e+01	3.038089e+02
2.660000e-06	4.665283e-06	1.138855e-09	2.506846e+01	3.063591e+02
2.670000e-06	4.710992e-06	1.147130e-09	2.531407e+01	3.088594e+02
2.680000e-06	4.756340e-06	1.154448e-09	2.555775e+01	3.113103e+02
2.690000e-06	4.801436e-06	1.162277e-09	2.580006e+01	3.137121e+02
2.700000e-06	4.846237e-06	1.169985e-09	2.604080e+01	3.160653e+02
2.710000e-06	4.890700e-06	1.177994e-09	2.627972e+01	3.183704e+02
2.720000e-06	4.934869e-06	1.188284e-09	2.651705e+01	3.206281e+02
2.730000e-06	4.978812e-06	1.198751e-09	2.675318e+01	3.228391e+02
2.740000e-06	5.022588e-06	1.207773e-09	2.698841e+01	3.250042e+02
2.750000e-06	5.066076e-06	1.215010e-09	2.722208e+01	3.271242e+02
2.760000e-06	5.109187e-06	1.220740e-09	2.745374e+01	3.292001e+02
2.770000e-06	5.151830e-06	1.226256e-09	2.768287e+01	3.312328e+02
2.780000e-06	5.193940e-06	1.233755e-09	2.790915e+01	3.332236e+02
2.790000e-06	5.235512e-06	1.242979e-09	2.813253e+01	3.351735e+02
2.800000e-06	5.276362e-06	1.251261e-09	2.835203e+01	3.370838e+02
2.810000e-06	5.316728e-06	1.258500e-09	2.856894e+01	3.389558e+02
2.820000e-06	5.356867e-06	1.265586e-09	2.878462e+01	3.407907e+02
2.830000e-06	5.396635e-06	1.272688e-09	2.899831e+01	3.425899e+02
2.840000e-06	5.436029e-06	1.279537e-09	2.920999e+01	3.443547e+02
2.850000e-06	5.475191e-06	1.286139e-09	2.942042e+01	3.460866e+02
2.860000e-06	5.514125e-06	1.292587e-09	2.962963e+01	3.477869e+02
2.870000e-06	5.552664e-06	1.298887e-09	2.983672e+01	3.494569e+02
2.880000e-06	5.590792e-06	1.305790e-09	3.004160e+01	3.510980e+02
2.890000e-06	5.628488e-06	1.312162e-09	3.024415e+01	3.527115e+02
2.900000e-06	5.665775e-06	1.317093e-09	3.044451e+01	3.542986e+02
2.910000e-06	5.702760e-06	1.323073e-09	3.064325e+01	3.558605e+02
2.920000e-06	5.739326e-06	1.331309e-09	3.083973e+01	3.573982e+02
2.930000e-06	5.775437e-06	1.339799e-09	3.103377e+01	3.589129e+02
2.940000e-06	5.811262e-06	1.346218e-09	3.122627e+01	3.604055e+02
2.950000e-06	5.846887e-06	1.349690e-09	3.141770e+01	3.618767e+02
2.960000e-06	5.882232e-06	1.352684e-09	3.160762e+01	3.633273e+02
2.970000e-06	5.917191e-06	1.358565e-09	3.179547e+01	3.647580e+02
2.980000e-06	5.951553e-06	1.365678e-09	3.198011e+01	3.661694e+02
2.990000e-06	5.985243e-06	1.371250e-09	3.216114e+01	3.675617e+02
3.000000e-06	6.018298e-06	1.376304e-09	3.233876e+01	3.689355e+02
3.010000e-06	6.050726e-06	1.382247e-09	3.251301e+01	3.702909e+02
3.020000e-06	6.082748e-06	1.388169e-09	3.268507e+01	3.716280e+02
3.030000e-06	6.114488e-06	1.394278e-09	3.285563e+01	3.729469e+02
3.040000e-06	6.145873e-06	1.400521e-09	3.302427e+01	3.742477e+02
3.050000e-06	6.176772e-06	1.406316e-09	3.319030e+01	3.755301e+02
3.060000e-06	6.207178e-06	1.413596e-09	3.335369e+01	3.767942e+02
3.070000e-06	6.237251e-06	1.420847e-09	3.351528e+01	3.780396e+02
3.080000e-06	6.266910e-06	1.424704e-09	3.367465e+01	3.792662e+02
3.090000e-06	6.296069e-06	1.428211e-09	3.383133e+01	3.804737e+02
3.100000e-06	6.324821e-06	1.434406e-09	3.398583e+01	3.816618e+02
3.110000e-06	6.353198e-06	1.441292e-09	3.413831e+01	3.828302e+02
3.120000e-06	6.381257e-06	1.446967e-09	3.428908e+01	3.839786e+02
3.130000e-06	6.409000e-06	1.452335e-09	3.443816e+01	3.851069e+02
3.140000e-06	6.436461e-06	1.457058e-09	3.458572e+01	3.862147e+02
3.150000e-06	6.463450e-06	1.460550e-09	3.473074e+01	3.873018e+02
3.160000e-06	6.489746e-06	1.465256e-09	3.487204e+01	3.883680e+02
3.170000e-06	6.515353e-06	1.470676e-09	3.500964e+01	3.894131e+02
3.180000e-06	6.540154e-06	1.475231e-09	3.514290e+01	3.904372e+02
3.190000e-06	6.564238e-06	1.480051e-09	3.527232e+01	3.914399e+02
3.200000e-06	6.587912e-06	1.485166e-09	3.539952e+01	3.924215e+02
3.210000e-06	6.611380e-06	1.489904e-09	3.552563e+01	3.933818e+02
3.220000e-06	6.634517e-06	1.493455e-09	3.564995e+01	3.943209e+02
3.230000e-06	6.657056e-06	1.496757e-09	3.577107e+01	3.952390e+02
3.240000e-06	6.679025e-06	1.501407e-09	3.588912e+01	3.961360e+02
3.250000e-06	6.700574e-06	1.506156e-09	3.600491e+01	3.970124e+02
3.260000e-06	6.721704e-06	1.510618e-09	3.611844e+01	3.978681e+02
3.270000e-06	6.742330e-06	1.515455e-09	3.622928e+01	3.987034e+02
3.280000e-06	6.762507e-06	1.520005e-09	3.633769e+01	3.995186e+02
3.290000e-06	6.782340e-06	1.524106e-09	3.644427e+01	4.003139e+02
3.300000e-06	6.801887e-06	1.528666e-09	3.654930e+01	4.010896e+02
3.310000e-06	6.821173e-06	1.532130e-09	3.665293e+01	4.018458e+02
3.320000e-06	6.839872e-06	1.534503e-09	3.675341e+01	4.025829e+02
3.330000e-06	6.857863e-06	1.537451e-09	3.685008e+01	4.033011e+02
3.340000e-06	6.875347e-06	1.540647e-09	3.694403e+01	4.040006e+02
3.350000e-06	6.892370e-06	1.544489e-09	3.703550e+01	4.046817e+02
3.360000e-06	6.909054e-06	1.548397e-09	3.712515e+01	4.053444e+02
3.370000e-06	6.925234e-06	1.551228e-09	3.721209e+01	4.059891e+02
3.380000e-06	6.940863e-06	1.553924e-09	3.729608e+01	4.066157e+02
3.390000e-06	6.955964e-06	1.557224e-09	3.737722e+01	4.072246e+02
3.400000e-06	6.970459e-06	1.560569e-09	3.745511e+01	4.078158e+02
3.410000e-06	6.984389e-06	1.564334e-09	3.752996e+01	4.083893e+02
3.420000e-06	6.997759e-06	1.567563e-09	3.760180e+01	4.089452e+02
3.430000e-06	7.010589e-06	1.569529e-09	3.767074e+01	4.094837e+02
3.440000e-06	7.022899e-06	1.571932e-09	3.773689e+01	4.100047e+02
3.450000e-06	7.034775e-06	1.575993e-09	3.780070e+01	4.105082e+02
3.460000e-06	7.046145e-06	1.580860e-09	3.786180e+01	4.109943e+02
3.470000e-06	7.056989e-06	1.584520e-09	3.792007e+01	4.114630e+02
3.480000e-06	7.067064e-06	1.586920e-09	3.797420e+01	4.119141e+02
3.490000e-06	7.076125e-06	1.589338e-09	3.802289e+01	4.123478e+02
3.500000e-06	7.084414e-06	1.592399e-09	3.806743e+01	4.127640e+02
3.510000e-06	7.092336e-06	1.596016e-09	3.811000e+01	4.131626e+02
3.520000e-06	7.100047e-06	1.599351e-09	3.815143e+01	4.135437e+02
3.530000e-06	7.107452e-06	1.602225e-09	3.819123e+01	4.139072e+02
3.540000e-06	7.114447e-06	1.605547e-09	3.822881e+01	4.142531e+02
3.550000e-06	7.120862e-06	1.608671e-09	3.826328e+01	4.145813e+02
3.560000e-06	7.126714e-06	1.610937e-09	3.829473e+01	4.148918e+02
3.570000e-06	7.131994e-06	1.613041e-09	3.832310e+01	4.151846e+02
3.580000e-06	7.136683e-06	1.615389e-09	3.834830e+01	4.154596e+02
3.590000e-06	7.140861e-06	1.617890e-09	3.837075e+01	4.157168e+02
3.600000e-06	7.144717e-06	1.620632e-09	3.839146e+01	4.159561e+02
3.610000e-06	7.148331e-06	1.623772e-09	3.841089e+01	4.161775e+02
3.620000e-06	7.151593e-06	1.626339e-09	3.842841e+01	4.163810e+02
3.630000e-06	7.154293e-06	1.627836e-09	3.844292e+01	4.165665e+02
3.640000e-06	7.156096e-06	1.628913e-09	3.845261e+01	4.167339e+02
3.650000e-06	7.157107e-06	1.630298e-09	3.845804e+01	4.168831e+02
3.660000e-06	7.157471e-06	1.632514e-09	3.846000e+01	4.170142e+02
3.670000e-06	7.157351e-06	1.635263e-09	3.845935e+01	4.171270e+02
3.680000e-06	7.156920e-06	1.636608e-09	3.845704e+01	4.172215e+02
3.690000e-06	7.156060e-06	1.636802e-09	3.845241e+01	4.172976e+02
3.700000e-06	7.154711e-06	1.637794e-09	3.844517e+01	4.173553e+02
3.710000e-06	7.152915e-06	1.639166e-09	3.843552e+01	4.173946e+02
3.720000e-06	7.150762e-06	1.640205e-09	3.842395e+01	4.174154e+02
3.730000e-06	7.148121e-06	1.640469e-09	3.840976e+01	4.174178e+02
3.740000e-06	7.144869e-06	1.634349e-09	3.839228e+01	4.174017e+02
3.750000e-06	7.141111e-06	1.622980e-09	3.837209e+01	4.173672e+02
3.760000e-06	7.136935e-06	1.645010e-09	3.834965e+01	4.173145e+02
3.770000e-06	7.132085e-06	1.708205e-09	3.832359e+01	4.172436e+02
3.780000e-06	7.126355e-06	1.693165e-09	3.829280e+01	4.171548e+02
3.790000e-06	7.120165e-06	1.572693e-09	3.825954e+01	4.170482e+02
3.800000e-06	7.113957e-06	1.564136e-09	3.822618e+01	4.169240e+02
3.810000e-06	7.107342e-06	1.707891e-09	3.819063e+01	4.167827e+02
3.820000e-06	7.099823e-06	1.725163e-09	3.815023e+01	4.166245e+02
3.830000e-06	7.091662e-06	1.563658e-09	3.810638e+01	4.164499e+02
3.840000e-06	7.083271e-06	1.554564e-09	3.806129e+01	4.162593e+02
3.850000e-06	7.074572e-06	1.755488e-09	3.801455e+01	4.160531e+02
3.860000e-06	7.065169e-06	1.760097e-09	3.796402e+01	4.158318e+02
3.870000e-06	7.055091e-06	1.514689e-09	3.790987e+01	4.155961e+02
3.880000e-06	7.044760e-06	1.501923e-09	3.785435e+01	4.153464e+02
3.890000e-06	7.034086e-06	1.760997e-09	3.779700e+01	4.150833e+02
3.900000e-06	7.022674e-06	1.764234e-09	3.773568e+01	4.148074e+02
3.910000e-06	7.010672e-06	1.523557e-09	3.767119e+01	4.145193e+02
3.920000e-06	6.998342e-06	1.565926e-09	3.760493e+01	4.142194e+02
3.930000e-06	6.985238e-06	1.780160e-09	3.753452e+01	4.139083e+02
3.940000e-06	6.970957e-06	1.674736e-09	3.745778e+01	4.135865e+02
3.950000e-06	6.956001e-06	1.490070e-09	3.737742e+01	4.132544e+02
3.960000e-06	6.940648e-06	1.643001e-09	3.729492e+01	4.129124e+02
3.970000e-06	6.924753e-06	1.777120e-09	3.720951e+01	4.125607e+02
3.980000e-06	6.908465e-06	1.599744e-09	3.712199e+01	4.121995e+02
3.990000e-06	6.891913e-06	1.548492e-09	3.703305e+01	4.118290e+02
4.000000e-06	6.874835e-06	1.729913e-09	3.694128e+01	4.114493e+02
4.010000e-06	6.857121e-06	1.678766e-09	3.684610e+01	4.110601e+02
4.020000e-06	6.838975e-06	1.508849e-09	3.674859e+01	4.106615e+02
4.030000e-06	6.820504e-06	1.637094e-09	3.664934e+01	4.102531e+02
4.040000e-06	6.801533e-06	1.761379e-09	3.654740e+01	4.098346e+02
4.050000e-06	6.781976e-06	1.594811e-09	3.644231e+01	4.094055e+02
4.060000e-06	6.762040e-06	1.549787e-09	3.633519e+01	4.089654e+02
4.070000e-06	6.741801e-06	1.713636e-09	3.622643e+01	4.085135e+02
4.080000e-06	6.721315e-06	1.666888e-09	3.611635e+01	4.080493e+02
4.090000e-06	6.700521e-06	1.536847e-09	3.600462e+01	4.075720e+02
4.100000e-06	6.679111e-06	1.640864e-09	3.588957e+01	4.070809e+02
4.110000e-06	6.656674e-06	1.701580e-09	3.576901e+01	4.065751e+02
4.120000e-06	6.633200e-06	1.583258e-09	3.564288e+01	4.060539e+02
4.130000e-06	6.609222e-06	1.596074e-09	3.551403e+01	4.055165e+02
4.140000e-06	6.584984e-06	1.678604e-09	3.538380e+01	4.049621e+02
4.150000e-06	6.560492e-06	1.603426e-09	3.525218e+01	4.043900e+02
4.160000e-06	6.535650e-06	1.570543e-09	3.511870e+01	4.037995e+02
4.170000e-06	6.510306e-06	1.657095e-09	3.498252e+01	4.031900e+02
4.180000e-06	6.484483e-06	1.637707e-09	3.484376e+01	4.025610e+02
4.190000e-06	6.458219e-06	1.579053e-09	3.470263e+01	4.019122e+02
4.200000e-06	6.431406e-06	1.623769e-09	3.455856e+01	4.012431e+02
4.210000e-06	6.404057e-06	1.630463e-09	3.441160e+01	4.005536e+02
4.220000e-06	6.376302e-06	1.581521e-09	3.426246e+01	3.998436e+02
4.230000e-06	6.348207e-06	1.602425e-09	3.411150e+01	3.991132e+02
4.240000e-06	6.319877e-06	1.622147e-09	3.395927e+01	3.983624e+02
4.250000e-06	6.291298e-06	1.591101e-09	3.380570e+01	3.975917e+02
4.260000e-06	6.262171e-06	1.595097e-09	3.364919e+01	3.968013e+02
4.270000e-06	6.232411e-06	1.608882e-09	3.348927e+01	3.959917e+02
4.280000e-06	6.201980e-06	1.588215e-09	3.332576e+01	3.951636e+02
4.290000e-06	6.170796e-06	1.585596e-09	3.315819e+01	3.943174e+02
4.300000e-06	6.139065e-06	1.593733e-09	3.298769e+01	3.934540e+02
4.310000e-06	6.106952e-06	1.584477e-09	3.281513e+01	3.925741e+02
4.320000e-06	6.074472e-06	1.585528e-09	3.264061e+01	3.916783e+02
4.330000e-06	6.041578e-06	1.586336e-09	3.246385e+01	3.907675e+02
4.340000e-06	6.008285e-06	1.572961e-09	3.228496e+01	3.898423e+02
4.350000e-06	5.974595e-06	1.573302e-09	3.210392e+01	3.889034e+02
4.360000e-06	5.940502e-06	1.576304e-09	3.192073e+01	3.879513e+02
4.370000e-06	5.906076e-06	1.566799e-09	3.173574e+01	3.869867e+02
4.380000e-06	5.871326e-06	1.567598e-09	3.154902e+01	3.860098e+02
4.390000e-06	5.836004e-06	1.567941e-09	3.135922e+01	3.850209e+02
4.400000e-06	5.800179e-06	1.554783e-09	3.116671e+01	3.840203e+02
4.410000e-06	5.764163e-06	1.553245e-09	3.097319e+01	3.830078e+02
4.420000e-06	5.727958e-06	1.556992e-09	3.077864e+01	3.819833e+02
4.430000e-06	5.691487e-06	1.545935e-09	3.058267e+01	3.809465e+02
4.440000e-06	5.654550e-06	1.538786e-09	3.038419e+01	3.798970e+02
4.450000e-06	5.616947e-06	1.542778e-09	3.018214e+01	3.788340e+02
4.460000e-06	5.578714e-06	1.540393e-09	2.997669e+01	3.777570e+02
4.470000e-06	5.539828e-06	1.532783e-09	2.976775e+01	3.766649e+02
4.480000e-06	5.500265e-06	1.528292e-09	2.955516e+01	3.755567e+02
4.490000e-06	5.460255e-06	1.524004e-09	2.934017e+01	3.744314e+02
4.500000e-06	5.420082e-06	1.520074e-09	2.912430e+01	3.732878e+02
4.510000e-06	5.379738e-06	1.518079e-09	2.890752e+01	3.721247e+02
4.520000e-06	5.339178e-06	1.515180e-09	2.868957e+01	3.709406e+02
4.530000e-06	5.298199e-06	1.509704e-09	2.846938e+01	3.697345e+02
4.540000e-06	5.256684e-06	1.504010e-09	2.824630e+01	3.685051e+02
4.550000e-06	5.214826e-06	1.501519e-09	2.802138e+01	3.672510e+02
4.560000e-06	5.172656e-06	1.500363e-09	2.779478e+01	3.659713e+02
4.570000e-06	5.130196e-06	1.495373e-09	2.756663e+01	3.646648e+02
4.580000e-06	5.087387e-06	1.488173e-09	2.733660e+01	3.633308e+02
4.590000e-06	5.044175e-06	1.483143e-09	2.710440e+01	3.619683e+02
4.600000e-06	5.000546e-06	1.479090e-09	2.686996e+01	3.605768e+02
4.610000e-06	4.956579e-06	1.473939e-09	2.663371e+01	3.591558e+02
4.620000e-06	4.912466e-06	1.469170e-09	2.639667e+01	3.577051e+02
4.630000e-06	4.868273e-06	1.466181e-09	2.615921e+01	3.562245e+02
4.640000e-06	4.823818e-06	1.462191e-09	2.592033e+01	3.547142e+02
4.650000e-06	4.779119e-06	1.455185e-09	2.568015e+01	3.531745e+02
4.660000e-06	4.734053e-06	1.447494e-09	2.543799e+01	3.516058e+02
4.670000e-06	4.688339e-06	1.439360e-09	2.519235e+01	3.500087e+02
4.680000e-06	4.642236e-06	1.430381e-09	2.494462e+01	3.483840e+02
4.690000e-06	4.595834e-06	1.423704e-09	2.469528e+01	3.467325e+02
4.700000e-06	4.549085e-06	1.419868e-09	2.444408e+01	3.450552e+02
4.710000e-06	4.502027e-06	1.415500e-09	2.419122e+01	3.433531e+02
4.720000e-06	4.454752e-06	1.408977e-09	2.393719e+01	3.416273e+02
4.730000e-06	4.407271e-06	1.400480e-09	2.368206e+01	3.398789e+02
4.740000e-06	4.359562e-06	1.391168e-09	2.342570e+01	3.381089e+02
4.750000e-06	4.311512e-06	1.383645e-09	2.316750e+01	3.363183e+02
4.760000e-06	4.262985e-06	1.377009e-09	2.290675e+01	3.345082e+02
4.770000e-06	4.214063e-06	1.369316e-09	2.264387e+01	3.326791e+02
4.780000e-06	4.164652e-06	1.363548e-09	2.237837e+01	3.308319e+02
4.790000e-06	4.114781e-06	1.359426e-09	2.211039e+01	3.289670e+02
4.800000e-06	4.064714e-06	1.352995e-09	2.184136e+01	3.270847e+02
4.810000e-06	4.014433e-06	1.344348e-09	2.157118e+01	3.251851e+02
4.820000e-06	3.963827e-06	1.335353e-09	2.129925e+01	3.232681e+02
4.830000e-06	3.912868e-06	1.327287e-09	2.102543e+01	3.213334e+02
4.840000e-06	3.861479e-06	1.320225e-09	2.074929e+01	3.193804e+02
4.850000e-06	3.809730e-06	1.313385e-09	2.047123e+01	3.174083e+02
4.860000e-06	3.757783e-06	1.305342e-09	2.019209e+01	3.154162e+02
4.870000e-06	3.705727e-06	1.297169e-09	1.991238e+01	3.134028e+02
4.880000e-06	3.653427e-06	1.289711e-09	1.963135e+01	3.113667e+02
4.890000e-06	3.600780e-06	1.282484e-09	1.934845e+01	3.093066e+02
4.900000e-06	3.547912e-06	1.275294e-09	1.906437e+01	3.072207e+02
4.910000e-06	3.494595e-06	1.267338e-09	1.877788e+01	3.051073e+02
4.920000e-06	3.440836e-06	1.258929e-09	1.848901e+01	3.029646e+02
4.930000e-06	3.386795e-06	1.250605e-09	1.819863e+01	3.007909e+02
4.940000e-06	3.332211e-06	1.241829e-09	1.790532e+01	2.985843e+02
4.950000e-06	3.277221e-06	1.231672e-09	1.760984e+01	2.963431e+02
4.960000e-06	3.222102e-06	1.220634e-09	1.731366e+01	2.940656e+02
4.970000e-06	3.166746e-06	1.210556e-09	1.701621e+01	2.917503e+02
4.980000e-06	3.111041e-06	1.201902e-09	1.671688e+01	2.893959e+02
4.990000e-06	3.055134e-06	1.192966e-09	1.641648e+01	2.870012e+02
5.000000e-06	2.999059e-06	1.183179e-09	1.611516e+01	2.845651e+02
5.010000e-06	2.942828e-06	1.171637e-09	1.581301e+01	2.820870e+02
5.020000e-06	2.886477e-06	1.159469e-09	1.551021e+01	2.795662e+02
5.030000e-06	2.829906e-06	1.148871e-09	1.520624e+01	2.770026e+02
5.040000e-06	2.773218e-06	1.139023e-09	1.490162e+01	2.743962e+02
5.050000e-06	2.716522e-06	1.129151e-09	1.459698e+01	2.717470e+02
5.060000e-06	2.659647e-06	1.119308e-09	1.429136e+01	2.690555e+02
5.070000e-06	2.602447e-06	1.108678e-09	1.398401e+01	2.663224e+02
5.080000e-06	2.544975e-06	1.097358e-09	1.367518e+01	2.635484e+02
5.090000e-06	2.487344e-06	1.085844e-09	1.336551e+01	2.607345e+02
5.100000e-06	2.429644e-06	1.073182e-09	1.305547e+01	2.578817e+02
5.110000e-06	2.371819e-06	1.059753e-09	1.274475e+01	2.549910e+02
5.120000e-06	2.313825e-06	1.047125e-09	1.243312e+01	2.520635e+02
5.130000e-06	2.255624e-06	1.035607e-09	1.212038e+01	2.491003e+02
5.140000e-06	2.197111e-06	1.024492e-09	1.180597e+01	2.461022e+02
5.150000e-06	2.138355e-06	1.012677e-09	1.149025e+01	2.430701e+02
5.160000e-06	2.079476e-06	9.997080e-10	1.117387e+01	2.400044e+02
5.170000e-06	2.020355e-06	9.854793e-10	1.085619e+01	2.369055e+02
5.180000e-06	1.961112e-06	9.711811e-10	1.053785e+01	2.337734e+02
5.190000e-06	1.901839e-06	9.583440e-10	1.021935e+01	2.306077e+02
5.200000e-06	1.842408e-06	9.456888e-10	9.900009e+00	2.274076e+02
5.210000e-06	1.782824e-06	9.319845e-10	9.579835e+00	2.241720e+02
5.220000e-06	1.723178e-06	9.177800e-10	9.259337e+00	2.208991e+02
5.230000e-06	1.663468e-06	9.039730e-10	8.938490e+00	2.175870e+02
5.240000e-06	1.603597e-06	8.899070e-10	8.616779e+00	2.142329e+02
5.250000e-06	1.543561e-06	8.746100e-10	8.294182e+00	2.108339e+02
5.260000e-06	1.483451e-06	8.589094e-10	7.971185e+00	2.073864e+02
5.270000e-06	1.423380e-06	8.439141e-10	7.648398e+00	2.038865e+02
5.280000e-06	1.363283e-06	8.294953e-10	7.325473e+00	2.003298e+02
5.290000e-06	1.303068e-06	8.144724e-10	7.001915e+00	1.967116e+02
5.300000e-06	1.242820e-06	7.978565e-10	6.678176e+00	1.930268e+02
5.310000e-06	1.182546e-06	7.805354e-10	6.354299e+00	1.892702e+02
5.320000e-06	1.122197e-06	7.636927e-10	6.030021e+00	1.854362e+02
5.330000e-06	1.061822e-06	7.477279e-10	5.705602e+00	1.815192e+02
5.340000e-06	1.001438e-06	7.326132e-10	5.381135e+00	1.775136e+02
5.350000e-06	9.410402e-07	7.168500e-10	5.056591e+00	1.734138e+02
5.360000e-06	8.806056e-07	6.986372e-10	4.731851e+00	1.692143e+02
5.370000e-06	8.201247e-07	6.795998e-10	4.406863e+00	1.649099e+02
5.380000e-06	7.594817e-07	6.611351e-10	4.081004e+00	1.604957e+02
5.390000e-06	6.987390e-07	6.419701e-10	3.754608e+00	1.559671e+02
5.400000e-06	6.379658e-07	6.214035e-10	3.428049e+00	1.513200e+02
5.410000e-06	5.771416e-07	6.005002e-10	3.101216e+00	1.465510e+02
5.420000e-06	5.163803e-07	5.806292e-10	2.774721e+00	1.416572e+02
5.430000e-06	4.556875e-07	5.613206e-10	2.448594e+00	1.366365e+02
5.440000e-06	3.948975e-07	5.414141e-10	2.121945e+00	1.314875e+02
5.450000e-06	3.339695e-07	5.194758e-10	1.794554e+00	1.262095e+02
5.460000e-06	2.730730e-07	4.963008e-10	1.467332e+00	1.208029e+02
5.470000e-06	2.121202e-07	4.731767e-10	1.139808e+00	1.152688e+02
5.480000e-06	1.510157e-07	4.502513e-10	8.114686e-01	1.096092e+02
5.490000e-06	8.998967e-08	4.270993e-10	4.835510e-01	1.038271e+02
5.500000e-06	2.911968e-08	4.032784e-10	1.564719e-01	9.792616e+01
5.510000e-06	-3.186882e-08	3.787194e-10	-1.712441e-01	9.191116e+01
5.520000e-06	-9.298493e-08	3.537837e-10	-4.996458e-01	8.578758e+01
5.530000e-06	-1.539944e-07	3.293146e-10	-8.274745e-01	7.956173e+01
5.540000e-06	-2.149502e-07	3.043287e-10	-1.155014e+00	7.324063e+01
5.550000e-06	-2.759995e-07	2.792602e-10	-1.483057e+00	6.683201e+01
5.560000e-06	-3.370249e-07	2.547025e-10	-1.810972e+00	6.034418e+01
5.570000e-06	-3.978994e-07	2.296799e-10	-2.138075e+00	5.378598e+01
5.580000e-06	-4.587254e-07	2.037263e-10	-2.464918e+00	4.716669e+01
5.590000e-06	-5.195175e-07	1.758272e-10	-2.791578e+00	4.049595e+01
5.600000e-06	-5.803562e-07	1.474492e-10	-3.118490e+00	3.378365e+01
5.610000e-06	-6.412070e-07	1.205887e-10	-3.445466e+00	2.703984e+01
5.620000e-06	-7.020189e-07	9.476424e-11	-3.772233e+00	2.027464e+01
5.630000e-06	-7.628204e-07	6.864462e-11	-4.098944e+00	1.349815e+01
5.640000e-06	-8.234753e-07	4.084021e-11	-4.424867e+00	6.720331e+00
5.650000e-06	-8.840235e-07	1.275428e-11	-4.750217e+00	-4.904152e-02
5.660000e-06	-9.445258e-07	-1.427851e-11	-5.075320e+00	-6.800496e+00
5.670000e-06	-1.004951e-06	-4.050833e-11	-5.400012e+00	-1.352493e+01
5.680000e-06	-1.065355e-06	-6.582683e-11	-5.724585e+00	-2.021367e+01
5.690000e-06	-1.125722e-06	-9.134646e-11	-6.048962e+00	-2.685857e+01
5.700000e-06	-1.186016e-06	-1.178923e-10	-6.372943e+00	-3.345200e+01
5.710000e-06	-1.246238e-06	-1.444088e-10	-6.696541e+00	-3.998697e+01
5.720000e-06	-1.306407e-06	-1.695037e-10	-7.019856e+00	-4.645711e+01
5.730000e-06	-1.366545e-06	-1.939945e-10	-7.342999e+00	-5.285671e+01
5.740000e-06	-1.426643e-06	-2.194428e-10	-7.665933e+00	-5.918075e+01
5.750000e-06	-1.486714e-06	-2.456549e-10	-7.988720e+00	-6.542488e+01
5.760000e-06	-1.546761e-06	-2.717660e-10	-8.311377e+00	-7.158545e+01
5.770000e-06	-1.606632e-06	-2.959535e-10	-8.633089e+00	-7.765949e+01
5.780000e-06	-1.666297e-06	-3.194279e-10	-8.953688e+00	-8.364465e+01
5.790000e-06	-1.725968e-06	-3.439572e-10	-9.274327e+00	-8.953926e+01
5.800000e-06	-1.785578e-06	-3.685957e-10	-9.594636e+00	-9.534221e+01
5.810000e-06	-1.845069e-06	-3.932268e-10	-9.914305e+00	-1.010530e+02
5.820000e-06	-1.904401e-06	-4.176614e-10	-1.023312e+01	-1.066715e+02
5.830000e-06	-1.963485e-06	-4.425330e-10	-1.055060e+01	-1.121982e+02
5.840000e-06	-2.022359e-06	-4.676498e-10	-1.086696e+01	-1.176340e+02
5.850000e-06	-2.081079e-06	-4.907060e-10	-1.118248e+01	-1.229802e+02
5.860000e-06	-2.139546e-06	-5.107600e-10	-1.149665e+01	-1.282382e+02
5.870000e-06	-2.197746e-06	-5.300251e-10	-1.180938e+01	-1.334098e+02
5.880000e-06	-2.255915e-06	-5.508841e-10	-1.212195e+01	-1.384972e+02
5.890000e-06	-2.314037e-06	-5.730321e-10	-1.243426e+01	-1.435024e+02
5.900000e-06	-2.372057e-06	-5.955201e-10	-1.274603e+01	-1.484278e+02
5.910000e-06	-2.429898e-06	-6.174181e-10	-1.305683e+01	-1.532757e+02
5.920000e-06	-2.487422e-06	-6.376280e-10	-1.336593e+01	-1.580485e+02
5.930000e-06	-2.544762e-06	-6.574051e-10	-1.367404e+01	-1.627486e+02
5.940000e-06	-2.601939e-06	-6.782177e-10	-1.398127e+01	-1.673784e+02
5.950000e-06	-2.658854e-06	-6.997019e-10	-1.428710e+01	-1.719400e+02
5.960000e-06	-2.715504e-06	-7.197691e-10	-1.459151e+01	-1.764358e+02
5.970000e-06	-2.772054e-06	-7.382689e-10	-1.489537e+01	-1.808676e+02
5.980000e-06	-2.828580e-06	-7.572199e-10	-1.519911e+01	-1.852375e+02
5.990000e-06	-2.884954e-06	-7.759872e-10	-1.550203e+01	-1.895473e+02
6.000000e-06	-2.941205e-06	-7.935920e-10	-1.580429e+01	-1.937985e+02
6.010000e-06	-2.997328e-06	-8.104781e-10	-1.610586e+01	-1.979926e+02
6.020000e-06	-3.053317e-06	-8.273012e-10	-1.640671e+01	-2.021309e+02
6.030000e-06	-3.109052e-06	-8.449576e-10	-1.670620e+01	-2.062147e+02
6.040000e-06	-3.164441e-06	-8.636885e-10	-1.700383e+01	-2.102448e+02
6.050000e-06	-3.219503e-06	-8.813255e-10	-1.729970e+01	-2.142222e+02
6.060000e-06	-3.274217e-06	-8.969026e-10	-1.759370e+01	-2.181476e+02
6.070000e-06	-3.328661e-06	-9.119483e-10	-1.788625e+01	-2.220216e+02
6.080000e-06	-3.382835e-06	-9.283051e-10	-1.817734e+01	-2.258447e+02
6.090000e-06	-3.436604e-06	-9.462753e-10	-1.846627e+01	-2.296173e+02
6.100000e-06	-3.489930e-06	-9.638900e-10	-1.875281e+01	-2.333396e+02
6.110000e-06	-3.543011e-06	-9.793992e-10	-1.903804e+01	-2.370120e+02
6.120000e-06	-3.595836e-06	-9.939257e-10	-1.932189e+01	-2.406344e+02
6.130000e-06	-3.648280e-06	-1.008951e-09	-1.960369e+01	-2.442071e+02
6.140000e-06	-3.700441e-06	-1.023439e-09	-1.988397e+01	-2.477300e+02
6.150000e-06	-3.752454e-06	-1.037465e-09	-2.016346e+01	-2.512032e+02
6.160000e-06	-3.804165e-06	-1.051782e-09	-2.044132e+01	-2.546266e+02
6.170000e-06	-3.855465e-06	-1.066982e-09	-2.071698e+01	-2.580001e+02
6.180000e-06	-3.906457e-06	-1.082264e-09	-2.099098e+01	-2.613237e+02
6.190000e-06	-3.957185e-06	-1.095736e-09	-2.126356e+01	-2.645972e+02
6.200000e-06	-4.007590e-06	-1.108774e-09	-2.153441e+01	-2.678206e+02
6.210000e-06	-4.057587e-06	-1.122263e-09	-2.180306e+01	-2.709938e+02
6.220000e-06	-4.107326e-06	-1.136064e-09	-2.207033e+01	-2.741166e+02
6.230000e-06	-4.156759e-06	-1.150013e-09	-2.233595e+01	-2.771889e+02
6.240000e-06	-4.205679e-06	-1.162623e-09	-2.259882e+01	-2.802107e+02
6.250000e-06	-4.254054e-06	-1.174390e-09	-2.285876e+01	-2.831819e+02
6.260000e-06	-4.302197e-06	-1.186480e-09	-2.311745e+01	-2.861024e+02
6.270000e-06	-4.350019e-06	-1.197871e-09	-2.337442e+01	-2.889722e+02
6.280000e-06	-4.397344e-06	-1.209229e-09	-2.362872e+01	-2.917914e+02
6.290000e-06	-4.444400e-06	-1.221635e-09	-2.388157e+01	-2.945598e+02
6.300000e-06	-4.491137e-06	-1.234034e-09	-2.413270e+01	-2.972776e+02
6.310000e-06	-4.537615e-06	-1.245620e-09	-2.438245e+01	-2.999449e+02
6.320000e-06	-4.583871e-06	-1.255912e-09	-2.463100e+01	-3.025619e+02
6.330000e-06	-4.629890e-06	-1.265869e-09	-2.487828e+01	-3.051286e+02
6.340000e-06	-4.675635e-06	-1.276181e-09	-2.512408e+01	-3.076455e+02
6.350000e-06	-4.720966e-06	-1.286298e-09	-2.536767e+01	-3.101127e+02
6.360000e-06	-4.765956e-06	-1.296613e-09	-2.560941e+01	-3.125307e+02
6.370000e-06	-4.810740e-06	-1.306843e-09	-2.585006e+01	-3.149000e+02
6.380000e-06	-4.855198e-06	-1.316123e-09	-2.608895e+01	-3.172210e+02
6.390000e-06	-4.899419e-06	-1.324736e-09	-2.632657e+01	-3.194943e+02
6.400000e-06	-4.943515e-06	-1.332550e-09	-2.656351e+01	-3.217207e+02
6.410000e-06	-4.987314e-06	-1.340648e-09	-2.679887e+01	-3.239009e+02
6.420000e-06	-5.030615e-06	-1.350771e-09	-2.703154e+01	-3.260357e+02
6.430000e-06	-5.073405e-06	-1.361411e-09	-2.726147e+01	-3.281261e+02
6.440000e-06	-5.115833e-06	-1.370860e-09	-2.748945e+01	-3.301730e+02
6.450000e-06	-5.157903e-06	-1.378438e-09	-2.771551e+01	-3.321776e+02
6.460000e-06	-5.199725e-06	-1.385389e-09	-2.794023e+01	-3.341409e+02
6.470000e-06	-5.241259e-06	-1.393624e-09	-2.816341e+01	-3.360642e+02
6.480000e-06	-5.282344e-06	-1.401784e-09	-2.838418e+01	-3.379487e+02
6.490000e-06	-5.323080e-06	-1.409417e-09	-2.860307e+01	-3.397957e+02
6.500000e-06	-5.363599e-06	-1.417728e-09	-2.882079e+01	-3.416065e+02
6.510000e-06	-5.403937e-06	-1.425638e-09	-2.903755e+01	-3.433826e+02
6.520000e-06	-5.444045e-06	-1.432009e-09	-2.925306e+01	-3.451252e+02
6.530000e-06	-5.483771e-06	-1.437199e-09	-2.946653e+01	-3.468357e+02
6.540000e-06	-5.523012e-06	-1.442316e-09	-2.967739e+01	-3.485156e+02
6.550000e-06	-5.561689e-06	-1.448932e-09	-2.988521e+01	-3.501661e+02
6.560000e-06	-5.599796e-06	-1.456848e-09	-3.008998e+01	-3.517886e+02
6.570000e-06	-5.637318e-06	-1.464347e-09	-3.029160e+01	-3.533842e+02
6.580000e-06	-5.674201e-06	-1.470974e-09	-3.048979e+01	-3.549543e+02
6.590000e-06	-5.710597e-06	-1.477059e-09	-3.068536e+01	-3.564999e+02
6.600000e-06	-5.746753e-06	-1.482329e-09	-3.087964e+01	-3.580221e+02
6.610000e-06	-5.782727e-06	-1.487493e-09	-3.107294e+01	-3.595218e+02
6.620000e-06	-5.818349e-06	-1.492776e-09	-3.126435e+01	-3.609999e+02
6.630000e-06	-5.853448e-06	-1.498120e-09	-3.145295e+01	-3.624573e+02
6.640000e-06	-5.888049e-06	-1.504214e-09	-3.163888e+01	-3.638945e+02
6.650000e-06	-5.922303e-06	-1.509831e-09	-3.182294e+01	-3.653121e+02
6.660000e-06	-5.956229e-06	-1.514322e-09	-3.200524e+01	-3.667107e+02
6.670000e-06	-5.989657e-06	-1.518796e-09	-3.218486e+01	-3.680905e+02
6.680000e-06	-6.022624e-06	-1.523671e-09	-3.236200e+01	-3.694519e+02
6.690000e-06	-6.055195e-06	-1.528513e-09	-3.253702e+01	-3.707950e+02
6.700000e-06	-6.087521e-06	-1.533719e-09	-3.271072e+01	-3.721199e+02
6.710000e-06	-6.119608e-06	-1.539620e-09	-3.288314e+01	-3.734266e+02
6.720000e-06	-6.151338e-06	-1.545085e-09	-3.305364e+01	-3.747151e+02
6.730000e-06	-6.182581e-06	-1.549868e-09	-3.322152e+01	-3.759852e+02
6.740000e-06	-6.213041e-06	-1.554168e-09	-3.338519e+01	-3.772368e+02
6.750000e-06	-6.242716e-06	-1.558243e-09	-3.354465e+01	-3.784696e+02
6.760000e-06	-6.271773e-06	-1.562161e-09	-3.370078e+01	-3.796834e+02
6.770000e-06	-6.300410e-06	-1.565379e-09	-3.385466e+01	-3.808779e+02
6.780000e-06	-6.328767e-06	-1.568752e-09	-3.400703e+01	-3.820528e+02
6.790000e-06	-6.356861e-06	-1.572382e-09	-3.415799e+01	-3.832078e+02
6.800000e-06	-6.384557e-06	-1.574085e-09	-3.430682e+01	-3.843427e+02
6.810000e-06	-6.411728e-06	-1.574829e-09	-3.445282e+01	-3.854573e+02
6.820000e-06	-6.438414e-06	-1.576951e-09	-3.459621e+01	-3.865512e+02
6.830000e-06	-6.464577e-06	-1.581221e-09	-3.473680e+01	-3.876243e+02
6.840000e-06	-6.490345e-06	-1.586523e-09	-3.487526e+01	-3.886764e+02
6.850000e-06	-6.515691e-06	-1.589272e-09	-3.501145e+01	-3.897074e+02
6.860000e-06	-6.540467e-06	-1.590215e-09	-3.514458e+01	-3.907171e+02
6.870000e-06	-6.564881e-06	-1.592312e-09	-3.527577e+01	-3.917057e+02
6.880000e-06	-6.589075e-06	-1.595998e-09	-3.540577e+01	-3.926730e+02
6.890000e-06	-6.613033e-06	-1.601087e-09	-3.553451e+01	-3.936190e+02
6.900000e-06	-6.636602e-06	-1.605110e-09	-3.566116e+01	-3.945440e+02
6.910000e-06	-6.659553e-06	-1.606993e-09	-3.578448e+01	-3.954480e+02
6.920000e-06	-6.681590e-06	-1.609066e-09	-3.590289e+01	-3.963311e+02
6.930000e-06	-6.702794e-06	-1.611067e-09	-3.601683e+01	-3.971936e+02
6.940000e-06	-6.723522e-06	-1.612831e-09	-3.612821e+01	-3.980356e+02
6.950000e-06	-6.743910e-06	-1.614637e-09	-3.623777e+01	-3.988574e+02
6.960000e-06	-6.763985e-06	-1.616632e-09	-3.634564e+01	-3.996592e+02
6.970000e-06	-6.783683e-06	-1.620370e-09	-3.645148e+01	-4.004413e+02
6.980000e-06	-6.802918e-06	-1.623341e-09	-3.655484e+01	-4.012039e+02
6.990000e-06	-6.821723e-06	-1.624273e-09	-3.665589e+01	-4.019472e+02
7.000000e-06	-6.840027e-06	-1.625808e-09	-3.675424e+01	-4.026716e+02
7.010000e-06	-6.857729e-06	-1.627429e-09	-3.684936e+01	-4.033772e+02
7.020000e-06	-6.874917e-06	-1.628999e-09	-3.694172e+01	-4.040643e+02
7.030000e-06	-6.891688e-06	-1.630933e-09	-3.703184e+01	-4.047330e+02
7.040000e-06	-6.908108e-06	-1.633153e-09	-3.712007e+01	-4.053836e+02
7.050000e-06	-6.924270e-06	-1.635239e-09	-3.720691e+01	-4.060161e+02
7.060000e-06	-6.939966e-06	-1.636849e-09	-3.729126e+01	-4.066308e+02
7.070000e-06	-6.954865e-06	-1.639214e-09	-3.737131e+01	-4.072278e+02
7.080000e-06	-6.968854e-06	-1.641319e-09	-3.744648e+01	-4.078071e+02
7.090000e-06	-6.982010e-06	-1.643071e-09	-3.751717e+01	-4.083688e+02
7.100000e-06	-6.994605e-06	-1.645230e-09	-3.758485e+01	-4.089130e+02
7.110000e-06	-7.006821e-06	-1.646829e-09	-3.765049e+01	-4.094397e+02
7.120000e-06	-7.018577e-06	-1.647996e-09	-3.771367e+01	-4.099490e+02
7.130000e-06	-7.029761e-06	-1.648587e-09	-3.777376e+01	-4.104408e+02
7.140000e-06	-7.040382e-06	-1.648722e-09	-3.783083e+01	-4.109152e+02
7.150000e-06	-7.050534e-06	-1.648486e-09	-3.788538e+01	-4.113721e+02
7.160000e-06	-7.060207e-06	-1.649789e-09	-3.793736e+01	-4.118115e+02
7.170000e-06	-7.069457e-06	-1.651571e-09	-3.798706e+01	-4.122334e+02
7.180000e-06	-7.078311e-06	-1.651539e-09	-3.803464e+01	-4.126378e+02
7.190000e-06	-7.086752e-06	-1.651830e-09	-3.808000e+01	-4.130247e+02
7.200000e-06	-7.094863e-06	-1.652259e-09	-3.812358e+01	-4.133939e+02
7.210000e-06	-7.102555e-06	-1.652826e-09	-3.816491e+01	-4.137456e+02
7.220000e-06	-7.109590e-06	-1.652242e-09	-3.820271e+01	-4.140796e+02
7.230000e-06	-7.115835e-06	-1.650171e-09	-3.823627e+01	-4.143959e+02
7.240000e-06	-7.121254e-06	-1.649031e-09	-3.826539e+01	-4.146945e+02
7.250000e-06	-7.126001e-06	-1.649232e-09	-3.829089e+01	-4.149753e+02
7.260000e-06	-7.130469e-06	-1.650213e-09	-3.831490e+01	-4.152383e+02
7.270000e-06	-7.134701e-06	-1.650673e-09	-3.833765e+01	-4.154835e+02
7.280000e-06	-7.138434e-06	-1.650910e-09	-3.835770e+01	-4.157109e+02
7.290000e-06	-7.141536e-06	-1.650999e-09	-3.837437e+01	-4.159202e+02
7.300000e-06	-7.144108e-06	-1.650521e-09	-3.838819e+01	-4.161116e+02
7.310000e-06	-7.146414e-06	-1.649854e-09	-3.840058e+01	-4.162849e+02
7.320000e-06	-7.148349e-06	-1.648754e-09	-3.841098e+01	-4.164402e+02
7.330000e-06	-7.149579e-06	-1.648511e-09	-3.841759e+01	-4.165772e+02
7.340000e-06	-7.150228e-06	-1.649366e-09	-3.842108e+01	-4.166960e+02
