# Temperatura_=_-0.1
# Concentracion g/m^3_=_7400.0
# C_Vs_to_Am_M_A/Vsm_=_254322799225.57578
# pendiente_HvsI_1/m_=_3716.3
# ordenada_HvsI_A/m_=_1297.0
# frecuencia_Hz_=_136114.51604807662

Tiempo_(s)	Campo_(V.s)	Magnetizacion_(V.s)	Campo_(kA/m)	Magnetizacion_(A/m)
0.000000e+00	-7.111744e-06	-1.385035e-09	-3.842105e+01	-3.479917e+02
1.000000e-08	-7.112065e-06	-1.383376e-09	-3.842279e+01	-3.479954e+02
2.000000e-08	-7.112078e-06	-1.382731e-09	-3.842285e+01	-3.479817e+02
3.000000e-08	-7.111525e-06	-1.382342e-09	-3.841987e+01	-3.479508e+02
4.000000e-08	-7.110227e-06	-1.382566e-09	-3.841286e+01	-3.479029e+02
5.000000e-08	-7.108208e-06	-1.381506e-09	-3.840195e+01	-3.478384e+02
6.000000e-08	-7.105479e-06	-1.379941e-09	-3.838721e+01	-3.477577e+02
7.000000e-08	-7.102207e-06	-1.379003e-09	-3.836953e+01	-3.476609e+02
8.000000e-08	-7.098519e-06	-1.378004e-09	-3.834961e+01	-3.475486e+02
9.000000e-08	-7.094309e-06	-1.385252e-09	-3.832686e+01	-3.474211e+02
1.000000e-07	-7.089410e-06	-1.387950e-09	-3.830039e+01	-3.472788e+02
1.100000e-07	-7.083881e-06	-1.353042e-09	-3.827052e+01	-3.471221e+02
1.200000e-07	-7.077889e-06	-1.333165e-09	-3.823815e+01	-3.469516e+02
1.300000e-07	-7.071613e-06	-1.407013e-09	-3.820424e+01	-3.467677e+02
1.400000e-07	-7.064982e-06	-1.444288e-09	-3.816842e+01	-3.465709e+02
1.500000e-07	-7.057808e-06	-1.340512e-09	-3.812966e+01	-3.463619e+02
1.600000e-07	-7.050263e-06	-1.289963e-09	-3.808890e+01	-3.461411e+02
1.700000e-07	-7.042268e-06	-1.414121e-09	-3.804571e+01	-3.459093e+02
1.800000e-07	-7.033768e-06	-1.464048e-09	-3.799979e+01	-3.456669e+02
1.900000e-07	-7.024580e-06	-1.302482e-09	-3.795015e+01	-3.454146e+02
2.000000e-07	-7.014760e-06	-1.256953e-09	-3.789710e+01	-3.451531e+02
2.100000e-07	-7.004449e-06	-1.441506e-09	-3.784139e+01	-3.448830e+02
2.200000e-07	-6.993558e-06	-1.472349e-09	-3.778255e+01	-3.446051e+02
2.300000e-07	-6.982039e-06	-1.279507e-09	-3.772032e+01	-3.443198e+02
2.400000e-07	-6.969890e-06	-1.269318e-09	-3.765469e+01	-3.440278e+02
2.500000e-07	-6.957212e-06	-1.440371e-09	-3.758619e+01	-3.437299e+02
2.600000e-07	-6.943930e-06	-1.405989e-09	-3.751444e+01	-3.434264e+02
2.700000e-07	-6.930095e-06	-1.261900e-09	-3.743969e+01	-3.431181e+02
2.800000e-07	-6.915548e-06	-1.335843e-09	-3.736111e+01	-3.428054e+02
2.900000e-07	-6.900164e-06	-1.429834e-09	-3.727799e+01	-3.424887e+02
3.000000e-07	-6.884247e-06	-1.318424e-09	-3.719201e+01	-3.421686e+02
3.100000e-07	-6.867975e-06	-1.282146e-09	-3.710409e+01	-3.418453e+02
3.200000e-07	-6.851142e-06	-1.400667e-09	-3.701315e+01	-3.415192e+02
3.300000e-07	-6.833943e-06	-1.357757e-09	-3.692024e+01	-3.411905e+02
3.400000e-07	-6.816385e-06	-1.246529e-09	-3.682538e+01	-3.408593e+02
3.500000e-07	-6.798271e-06	-1.354018e-09	-3.672752e+01	-3.405257e+02
3.600000e-07	-6.779595e-06	-1.424088e-09	-3.662662e+01	-3.401897e+02
3.700000e-07	-6.760478e-06	-1.269042e-09	-3.652335e+01	-3.398513e+02
3.800000e-07	-6.740985e-06	-1.248707e-09	-3.641803e+01	-3.395102e+02
3.900000e-07	-6.721084e-06	-1.399042e-09	-3.631052e+01	-3.391664e+02
4.000000e-07	-6.700741e-06	-1.351638e-09	-3.620062e+01	-3.388194e+02
4.100000e-07	-6.679977e-06	-1.237014e-09	-3.608844e+01	-3.384688e+02
4.200000e-07	-6.658765e-06	-1.330619e-09	-3.597384e+01	-3.381144e+02
4.300000e-07	-6.636997e-06	-1.379852e-09	-3.585624e+01	-3.377554e+02
4.400000e-07	-6.614676e-06	-1.270647e-09	-3.573565e+01	-3.373915e+02
4.500000e-07	-6.591900e-06	-1.284979e-09	-3.561261e+01	-3.370219e+02
4.600000e-07	-6.568741e-06	-1.357606e-09	-3.548749e+01	-3.366460e+02
4.700000e-07	-6.545334e-06	-1.284413e-09	-3.536103e+01	-3.362631e+02
4.800000e-07	-6.521654e-06	-1.259914e-09	-3.523310e+01	-3.358725e+02
4.900000e-07	-6.497499e-06	-1.346346e-09	-3.510261e+01	-3.354734e+02
5.000000e-07	-6.472609e-06	-1.315854e-09	-3.496814e+01	-3.350651e+02
5.100000e-07	-6.446889e-06	-1.248191e-09	-3.482918e+01	-3.346468e+02
5.200000e-07	-6.420585e-06	-1.301777e-09	-3.468708e+01	-3.342177e+02
5.300000e-07	-6.393740e-06	-1.317715e-09	-3.454205e+01	-3.337771e+02
5.400000e-07	-6.366510e-06	-1.258491e-09	-3.439494e+01	-3.333242e+02
5.500000e-07	-6.338973e-06	-1.277575e-09	-3.424617e+01	-3.328582e+02
5.600000e-07	-6.310957e-06	-1.307129e-09	-3.409482e+01	-3.323785e+02
5.700000e-07	-6.282502e-06	-1.267555e-09	-3.394109e+01	-3.318844e+02
5.800000e-07	-6.253578e-06	-1.266102e-09	-3.378483e+01	-3.313752e+02
5.900000e-07	-6.224233e-06	-1.291913e-09	-3.362629e+01	-3.308503e+02
6.000000e-07	-6.194598e-06	-1.266467e-09	-3.346619e+01	-3.303091e+02
6.100000e-07	-6.164497e-06	-1.255226e-09	-3.330357e+01	-3.297511e+02
6.200000e-07	-6.133878e-06	-1.276909e-09	-3.313815e+01	-3.291758e+02
6.300000e-07	-6.102870e-06	-1.266781e-09	-3.297063e+01	-3.285827e+02
6.400000e-07	-6.071628e-06	-1.254185e-09	-3.280185e+01	-3.279714e+02
6.500000e-07	-6.040098e-06	-1.264329e-09	-3.263150e+01	-3.273415e+02
6.600000e-07	-6.008128e-06	-1.256794e-09	-3.245879e+01	-3.266927e+02
6.700000e-07	-5.975680e-06	-1.246215e-09	-3.228349e+01	-3.260246e+02
6.800000e-07	-5.942643e-06	-1.253219e-09	-3.210501e+01	-3.253369e+02
6.900000e-07	-5.908898e-06	-1.248380e-09	-3.192270e+01	-3.246294e+02
7.000000e-07	-5.874370e-06	-1.238903e-09	-3.173616e+01	-3.239019e+02
7.100000e-07	-5.839302e-06	-1.240526e-09	-3.154671e+01	-3.231541e+02
7.200000e-07	-5.803989e-06	-1.234744e-09	-3.135593e+01	-3.223858e+02
7.300000e-07	-5.768488e-06	-1.227582e-09	-3.116414e+01	-3.215969e+02
7.400000e-07	-5.732728e-06	-1.230911e-09	-3.097094e+01	-3.207873e+02
7.500000e-07	-5.696526e-06	-1.227491e-09	-3.077537e+01	-3.199568e+02
7.600000e-07	-5.659861e-06	-1.219641e-09	-3.057728e+01	-3.191052e+02
7.700000e-07	-5.622752e-06	-1.220180e-09	-3.037680e+01	-3.182326e+02
7.800000e-07	-5.585186e-06	-1.217933e-09	-3.017385e+01	-3.173387e+02
7.900000e-07	-5.547281e-06	-1.208585e-09	-2.996907e+01	-3.164236e+02
8.000000e-07	-5.508970e-06	-1.202856e-09	-2.976210e+01	-3.154872e+02
8.100000e-07	-5.470250e-06	-1.198585e-09	-2.955292e+01	-3.145295e+02
8.200000e-07	-5.431184e-06	-1.193289e-09	-2.934186e+01	-3.135504e+02
8.300000e-07	-5.391957e-06	-1.191169e-09	-2.912993e+01	-3.125500e+02
8.400000e-07	-5.352562e-06	-1.188722e-09	-2.891711e+01	-3.115283e+02
8.500000e-07	-5.312791e-06	-1.182610e-09	-2.870224e+01	-3.104853e+02
8.600000e-07	-5.272532e-06	-1.176662e-09	-2.848474e+01	-3.094212e+02
8.700000e-07	-5.231831e-06	-1.172393e-09	-2.826486e+01	-3.083360e+02
8.800000e-07	-5.190731e-06	-1.167748e-09	-2.804282e+01	-3.072299e+02
8.900000e-07	-5.149129e-06	-1.161501e-09	-2.781806e+01	-3.061031e+02
9.000000e-07	-5.106888e-06	-1.154079e-09	-2.758986e+01	-3.049558e+02
9.100000e-07	-5.064002e-06	-1.149163e-09	-2.735817e+01	-3.037881e+02
9.200000e-07	-5.020743e-06	-1.145945e-09	-2.712446e+01	-3.026004e+02
9.300000e-07	-4.977247e-06	-1.140978e-09	-2.688947e+01	-3.013928e+02
9.400000e-07	-4.933536e-06	-1.134673e-09	-2.665333e+01	-3.001658e+02
9.500000e-07	-4.889524e-06	-1.128401e-09	-2.641556e+01	-2.989197e+02
9.600000e-07	-4.845201e-06	-1.123573e-09	-2.617610e+01	-2.976547e+02
9.700000e-07	-4.800627e-06	-1.119479e-09	-2.593529e+01	-2.963713e+02
9.800000e-07	-4.755596e-06	-1.113748e-09	-2.569201e+01	-2.950697e+02
9.900000e-07	-4.710139e-06	-1.106984e-09	-2.544643e+01	-2.937503e+02
1.000000e-06	-4.664485e-06	-1.100135e-09	-2.519978e+01	-2.924134e+02
1.010000e-06	-4.618497e-06	-1.094712e-09	-2.495134e+01	-2.910594e+02
1.020000e-06	-4.572164e-06	-1.090210e-09	-2.470102e+01	-2.896886e+02
1.030000e-06	-4.525540e-06	-1.084672e-09	-2.444914e+01	-2.883011e+02
1.040000e-06	-4.478632e-06	-1.078398e-09	-2.419572e+01	-2.868971e+02
1.050000e-06	-4.431370e-06	-1.073224e-09	-2.394039e+01	-2.854769e+02
1.060000e-06	-4.383815e-06	-1.068421e-09	-2.368347e+01	-2.840406e+02
1.070000e-06	-4.336059e-06	-1.063568e-09	-2.342547e+01	-2.825881e+02
1.080000e-06	-4.288059e-06	-1.057478e-09	-2.316615e+01	-2.811193e+02
1.090000e-06	-4.239672e-06	-1.049271e-09	-2.290474e+01	-2.796343e+02
1.100000e-06	-4.190791e-06	-1.042185e-09	-2.264066e+01	-2.781327e+02
1.110000e-06	-4.141471e-06	-1.036584e-09	-2.237421e+01	-2.766142e+02
1.120000e-06	-4.091647e-06	-1.030500e-09	-2.210504e+01	-2.750786e+02
1.130000e-06	-4.041436e-06	-1.023508e-09	-2.183378e+01	-2.735252e+02
1.140000e-06	-3.990885e-06	-1.015302e-09	-2.156067e+01	-2.719535e+02
1.150000e-06	-3.939892e-06	-1.008112e-09	-2.128519e+01	-2.703628e+02
1.160000e-06	-3.888569e-06	-1.003479e-09	-2.100791e+01	-2.687525e+02
1.170000e-06	-3.837056e-06	-9.983619e-10	-2.072962e+01	-2.671217e+02
1.180000e-06	-3.785263e-06	-9.914531e-10	-2.044980e+01	-2.654694e+02
1.190000e-06	-3.733136e-06	-9.838475e-10	-2.016819e+01	-2.637949e+02
1.200000e-06	-3.680832e-06	-9.768458e-10	-1.988562e+01	-2.620969e+02
1.210000e-06	-3.628163e-06	-9.709353e-10	-1.960108e+01	-2.603746e+02
1.220000e-06	-3.575111e-06	-9.643378e-10	-1.931446e+01	-2.586268e+02
1.230000e-06	-3.521872e-06	-9.558761e-10	-1.902684e+01	-2.568525e+02
1.240000e-06	-3.468431e-06	-9.475575e-10	-1.873813e+01	-2.550505e+02
1.250000e-06	-3.414788e-06	-9.409121e-10	-1.844832e+01	-2.532198e+02
1.260000e-06	-3.360907e-06	-9.360223e-10	-1.815723e+01	-2.513593e+02
1.270000e-06	-3.306627e-06	-9.298720e-10	-1.786398e+01	-2.494680e+02
1.280000e-06	-3.252001e-06	-9.211887e-10	-1.756887e+01	-2.475450e+02
1.290000e-06	-3.197215e-06	-9.131533e-10	-1.727289e+01	-2.455893e+02
1.300000e-06	-3.142330e-06	-9.070781e-10	-1.697638e+01	-2.436002e+02
1.310000e-06	-3.087238e-06	-9.002802e-10	-1.667874e+01	-2.415769e+02
1.320000e-06	-3.031954e-06	-8.915808e-10	-1.638007e+01	-2.395187e+02
1.330000e-06	-2.976584e-06	-8.826503e-10	-1.608093e+01	-2.374252e+02
1.340000e-06	-2.921089e-06	-8.740707e-10	-1.578112e+01	-2.352959e+02
1.350000e-06	-2.865543e-06	-8.667280e-10	-1.548104e+01	-2.331305e+02
1.360000e-06	-2.809797e-06	-8.598822e-10	-1.517987e+01	-2.309287e+02
1.370000e-06	-2.753861e-06	-8.515957e-10	-1.487768e+01	-2.286906e+02
1.380000e-06	-2.697846e-06	-8.427315e-10	-1.457506e+01	-2.264160e+02
1.390000e-06	-2.641669e-06	-8.342859e-10	-1.427156e+01	-2.241051e+02
1.400000e-06	-2.585250e-06	-8.269023e-10	-1.396676e+01	-2.217580e+02
1.410000e-06	-2.528539e-06	-8.186243e-10	-1.366038e+01	-2.193751e+02
1.420000e-06	-2.471533e-06	-8.079970e-10	-1.335241e+01	-2.169566e+02
1.430000e-06	-2.414204e-06	-7.978653e-10	-1.304269e+01	-2.145029e+02
1.440000e-06	-2.356480e-06	-7.888968e-10	-1.273084e+01	-2.120144e+02
1.450000e-06	-2.298392e-06	-7.799058e-10	-1.241702e+01	-2.094915e+02
1.460000e-06	-2.240164e-06	-7.699210e-10	-1.210244e+01	-2.069347e+02
1.470000e-06	-2.181770e-06	-7.585490e-10	-1.178697e+01	-2.043441e+02
1.480000e-06	-2.123112e-06	-7.471048e-10	-1.147007e+01	-2.017202e+02
1.490000e-06	-2.064257e-06	-7.370547e-10	-1.115211e+01	-1.990633e+02
1.500000e-06	-2.005237e-06	-7.284587e-10	-1.083325e+01	-1.963733e+02
1.510000e-06	-1.946052e-06	-7.193384e-10	-1.051351e+01	-1.936505e+02
1.520000e-06	-1.886744e-06	-7.085439e-10	-1.019309e+01	-1.908946e+02
1.530000e-06	-1.827384e-06	-6.980337e-10	-9.872403e+00	-1.881054e+02
1.540000e-06	-1.767965e-06	-6.887113e-10	-9.551393e+00	-1.852825e+02
1.550000e-06	-1.708474e-06	-6.785784e-10	-9.229997e+00	-1.824252e+02
1.560000e-06	-1.648918e-06	-6.665074e-10	-8.908246e+00	-1.795328e+02
1.570000e-06	-1.589306e-06	-6.540679e-10	-8.586191e+00	-1.766042e+02
1.580000e-06	-1.529577e-06	-6.427620e-10	-8.263510e+00	-1.736382e+02
1.590000e-06	-1.469715e-06	-6.317627e-10	-7.940108e+00	-1.706335e+02
1.600000e-06	-1.409759e-06	-6.200444e-10	-7.616192e+00	-1.675883e+02
1.610000e-06	-1.349760e-06	-6.081750e-10	-7.292050e+00	-1.645009e+02
1.620000e-06	-1.289758e-06	-5.956174e-10	-6.967892e+00	-1.613691e+02
1.630000e-06	-1.229601e-06	-5.830549e-10	-6.642893e+00	-1.581909e+02
1.640000e-06	-1.169272e-06	-5.708477e-10	-6.316967e+00	-1.549637e+02
1.650000e-06	-1.108924e-06	-5.589053e-10	-5.990939e+00	-1.516852e+02
1.660000e-06	-1.048628e-06	-5.475509e-10	-5.665192e+00	-1.483526e+02
1.670000e-06	-9.883397e-07	-5.353975e-10	-5.339485e+00	-1.449631e+02
1.680000e-06	-9.279256e-07	-5.231470e-10	-5.013099e+00	-1.415140e+02
1.690000e-06	-8.674526e-07	-5.098099e-10	-4.686395e+00	-1.380023e+02
1.700000e-06	-8.068467e-07	-4.956428e-10	-4.358973e+00	-1.344253e+02
1.710000e-06	-7.460626e-07	-4.819953e-10	-4.030588e+00	-1.307800e+02
1.720000e-06	-6.853426e-07	-4.678768e-10	-3.702550e+00	-1.270636e+02
1.730000e-06	-6.246032e-07	-4.540648e-10	-3.374406e+00	-1.232735e+02
1.740000e-06	-5.637576e-07	-4.406131e-10	-3.045689e+00	-1.194071e+02
1.750000e-06	-5.028570e-07	-4.271144e-10	-2.716675e+00	-1.154620e+02
1.760000e-06	-4.418829e-07	-4.125436e-10	-2.387264e+00	-1.114361e+02
1.770000e-06	-3.808207e-07	-3.968596e-10	-2.057376e+00	-1.073274e+02
1.780000e-06	-3.197222e-07	-3.809660e-10	-1.727293e+00	-1.031342e+02
1.790000e-06	-2.587368e-07	-3.643084e-10	-1.397820e+00	-9.885528e+01
1.800000e-06	-1.977644e-07	-3.468055e-10	-1.068418e+00	-9.448959e+01
1.810000e-06	-1.367103e-07	-3.289865e-10	-7.385744e-01	-9.003651e+01
1.820000e-06	-7.567874e-08	-3.120512e-10	-4.088529e-01	-8.549581e+01
1.830000e-06	-1.467399e-08	-2.948508e-10	-7.927595e-02	-8.086766e+01
1.840000e-06	4.626613e-08	-2.764977e-10	2.499518e-01	-7.615269e+01
1.850000e-06	1.072335e-07	-2.589990e-10	5.793268e-01	-7.135194e+01
1.860000e-06	1.683077e-07	-2.422728e-10	9.092787e-01	-6.646692e+01
1.870000e-06	2.293613e-07	-2.248563e-10	1.239120e+00	-6.149960e+01
1.880000e-06	2.903966e-07	-2.059538e-10	1.568862e+00	-5.645240e+01
1.890000e-06	3.515180e-07	-1.857917e-10	1.899069e+00	-5.132819e+01
1.900000e-06	4.124804e-07	-1.662265e-10	2.228417e+00	-4.613030e+01
1.910000e-06	4.733389e-07	-1.468016e-10	2.557204e+00	-4.086246e+01
1.920000e-06	5.342540e-07	-1.273892e-10	2.886296e+00	-3.552884e+01
1.930000e-06	5.951273e-07	-1.083554e-10	3.215163e+00	-3.013401e+01
1.940000e-06	6.559338e-07	-8.828872e-11	3.543669e+00	-2.468287e+01
1.950000e-06	7.165789e-07	-6.793160e-11	3.871303e+00	-1.918070e+01
1.960000e-06	7.772110e-07	-4.808603e-11	4.198867e+00	-1.363306e+01
1.970000e-06	8.378473e-07	-2.810800e-11	4.526453e+00	-8.045807e+00
1.980000e-06	8.983302e-07	-7.793943e-12	4.853211e+00	-2.425010e+00
1.990000e-06	9.588314e-07	1.252469e-11	5.180067e+00	3.223048e+00
2.000000e-06	1.019342e-06	3.259226e-11	5.506977e+00	8.891929e+00
2.010000e-06	1.079687e-06	5.273781e-11	5.832986e+00	1.457508e+01
2.020000e-06	1.139857e-06	7.417519e-11	6.158052e+00	2.026588e+01
2.030000e-06	1.199989e-06	9.710392e-11	6.482914e+00	2.595766e+01
2.040000e-06	1.260172e-06	1.190312e-10	6.808051e+00	3.164378e+01
2.050000e-06	1.320308e-06	1.388357e-10	7.132937e+00	3.731765e+01
2.060000e-06	1.380306e-06	1.584591e-10	7.457075e+00	4.297276e+01
2.070000e-06	1.440121e-06	1.798749e-10	7.780222e+00	4.860274e+01
2.080000e-06	1.499839e-06	2.024884e-10	8.102851e+00	5.420141e+01
2.090000e-06	1.559512e-06	2.232935e-10	8.425230e+00	5.976277e+01
2.100000e-06	1.619130e-06	2.424279e-10	8.747319e+00	6.528107e+01
2.110000e-06	1.678743e-06	2.635968e-10	9.069374e+00	7.075083e+01
2.120000e-06	1.738268e-06	2.855360e-10	9.390957e+00	7.616685e+01
2.130000e-06	1.797657e-06	3.058693e-10	9.711804e+00	8.152427e+01
2.140000e-06	1.856939e-06	3.243761e-10	1.003207e+01	8.681857e+01
2.150000e-06	1.916182e-06	3.403319e-10	1.035213e+01	9.204557e+01
2.160000e-06	1.975414e-06	3.572568e-10	1.067214e+01	9.720147e+01
2.170000e-06	2.034573e-06	3.770336e-10	1.099174e+01	1.022829e+02
2.180000e-06	2.093531e-06	3.965999e-10	1.131026e+01	1.072867e+02
2.190000e-06	2.152285e-06	4.142526e-10	1.162767e+01	1.122104e+02
2.200000e-06	2.210889e-06	4.307896e-10	1.194428e+01	1.170516e+02
2.210000e-06	2.269157e-06	4.473459e-10	1.225907e+01	1.218085e+02
2.220000e-06	2.327105e-06	4.646655e-10	1.257214e+01	1.264797e+02
2.230000e-06	2.384769e-06	4.810076e-10	1.288367e+01	1.310639e+02
2.240000e-06	2.442106e-06	4.962710e-10	1.319343e+01	1.355604e+02
2.250000e-06	2.499152e-06	5.128145e-10	1.350162e+01	1.399688e+02
2.260000e-06	2.555825e-06	5.297844e-10	1.380779e+01	1.442890e+02
2.270000e-06	2.612154e-06	5.457946e-10	1.411211e+01	1.485212e+02
2.280000e-06	2.668323e-06	5.605750e-10	1.441556e+01	1.526658e+02
2.290000e-06	2.724297e-06	5.737302e-10	1.471796e+01	1.567237e+02
2.300000e-06	2.780061e-06	5.867700e-10	1.501922e+01	1.606956e+02
2.310000e-06	2.835682e-06	6.022071e-10	1.531971e+01	1.645830e+02
2.320000e-06	2.891251e-06	6.186764e-10	1.561992e+01	1.683870e+02
2.330000e-06	2.946760e-06	6.347451e-10	1.591981e+01	1.721094e+02
2.340000e-06	3.002140e-06	6.491259e-10	1.621900e+01	1.757516e+02
2.350000e-06	3.057280e-06	6.610706e-10	1.651689e+01	1.793156e+02
2.360000e-06	3.112129e-06	6.721575e-10	1.681321e+01	1.828032e+02
2.370000e-06	3.166845e-06	6.829999e-10	1.710881e+01	1.862163e+02
2.380000e-06	3.221374e-06	6.938837e-10	1.740341e+01	1.895570e+02
2.390000e-06	3.275709e-06	7.061735e-10	1.769695e+01	1.928272e+02
2.400000e-06	3.329851e-06	7.203774e-10	1.798945e+01	1.960291e+02
2.410000e-06	3.383706e-06	7.343993e-10	1.828040e+01	1.991647e+02
2.420000e-06	3.437242e-06	7.474814e-10	1.856963e+01	2.022360e+02
2.430000e-06	3.490534e-06	7.602979e-10	1.885754e+01	2.052449e+02
2.440000e-06	3.543718e-06	7.721042e-10	1.914486e+01	2.081935e+02
2.450000e-06	3.596696e-06	7.824896e-10	1.943108e+01	2.110837e+02
2.460000e-06	3.649345e-06	7.927068e-10	1.971551e+01	2.139172e+02
2.470000e-06	3.701704e-06	8.030884e-10	1.999838e+01	2.166959e+02
2.480000e-06	3.753838e-06	8.129247e-10	2.028003e+01	2.194214e+02
2.490000e-06	3.805632e-06	8.227744e-10	2.055985e+01	2.220955e+02
2.500000e-06	3.857038e-06	8.327192e-10	2.083757e+01	2.247197e+02
2.510000e-06	3.908219e-06	8.421309e-10	2.111408e+01	2.272954e+02
2.520000e-06	3.959091e-06	8.510939e-10	2.138891e+01	2.298241e+02
2.530000e-06	4.009615e-06	8.596256e-10	2.166186e+01	2.323072e+02
2.540000e-06	4.059618e-06	8.682589e-10	2.193200e+01	2.347459e+02
2.550000e-06	4.109007e-06	8.769612e-10	2.219882e+01	2.371414e+02
2.560000e-06	4.158002e-06	8.857960e-10	2.246352e+01	2.394950e+02
2.570000e-06	4.206533e-06	8.940985e-10	2.272571e+01	2.418078e+02
2.580000e-06	4.254701e-06	9.013712e-10	2.298593e+01	2.440807e+02
2.590000e-06	4.302568e-06	9.088682e-10	2.324454e+01	2.463148e+02
2.600000e-06	4.350178e-06	9.167475e-10	2.350175e+01	2.485111e+02
2.610000e-06	4.397675e-06	9.244803e-10	2.375835e+01	2.506704e+02
2.620000e-06	4.444989e-06	9.322488e-10	2.401396e+01	2.527938e+02
2.630000e-06	4.491928e-06	9.401725e-10	2.426755e+01	2.548819e+02
2.640000e-06	4.538510e-06	9.481131e-10	2.451921e+01	2.569358e+02
2.650000e-06	4.584868e-06	9.554711e-10	2.476966e+01	2.589560e+02
2.660000e-06	4.630893e-06	9.621094e-10	2.501830e+01	2.609434e+02
2.670000e-06	4.676469e-06	9.673322e-10	2.526453e+01	2.628987e+02
2.680000e-06	4.721710e-06	9.717867e-10	2.550894e+01	2.648227e+02
2.690000e-06	4.766710e-06	9.785325e-10	2.575205e+01	2.667158e+02
2.700000e-06	4.811334e-06	9.864067e-10	2.599314e+01	2.685789e+02
2.710000e-06	4.855543e-06	9.934353e-10	2.623197e+01	2.704125e+02
2.720000e-06	4.899452e-06	1.001020e-09	2.646919e+01	2.722171e+02
2.730000e-06	4.943181e-06	1.009248e-09	2.670543e+01	2.739933e+02
2.740000e-06	4.986808e-06	1.017467e-09	2.694113e+01	2.757415e+02
2.750000e-06	5.030132e-06	1.024643e-09	2.717519e+01	2.774623e+02
2.760000e-06	5.073078e-06	1.030698e-09	2.740720e+01	2.791559e+02
2.770000e-06	5.115601e-06	1.037317e-09	2.763693e+01	2.808228e+02
2.780000e-06	5.157554e-06	1.044838e-09	2.786358e+01	2.824632e+02
2.790000e-06	5.198943e-06	1.051839e-09	2.808718e+01	2.840774e+02
2.800000e-06	5.239731e-06	1.057804e-09	2.830754e+01	2.856657e+02
2.810000e-06	5.279972e-06	1.063681e-09	2.852494e+01	2.872282e+02
2.820000e-06	5.319771e-06	1.069533e-09	2.873996e+01	2.887650e+02
2.830000e-06	5.359316e-06	1.075792e-09	2.895359e+01	2.902763e+02
2.840000e-06	5.398707e-06	1.082658e-09	2.916640e+01	2.917620e+02
2.850000e-06	5.437850e-06	1.088931e-09	2.937787e+01	2.932223e+02
2.860000e-06	5.476638e-06	1.093009e-09	2.958743e+01	2.946570e+02
2.870000e-06	5.515056e-06	1.096570e-09	2.979498e+01	2.960661e+02
2.880000e-06	5.553012e-06	1.101699e-09	3.000003e+01	2.974496e+02
2.890000e-06	5.590497e-06	1.107465e-09	3.020254e+01	2.988074e+02
2.900000e-06	5.627608e-06	1.113340e-09	3.040304e+01	3.001395e+02
2.910000e-06	5.664237e-06	1.119040e-09	3.060093e+01	3.014457e+02
2.920000e-06	5.700435e-06	1.125464e-09	3.079648e+01	3.027259e+02
2.930000e-06	5.736373e-06	1.133050e-09	3.099064e+01	3.039802e+02
2.940000e-06	5.772087e-06	1.140187e-09	3.118358e+01	3.052085e+02
2.950000e-06	5.807568e-06	1.144578e-09	3.137527e+01	3.064108e+02
2.960000e-06	5.842768e-06	1.147152e-09	3.156543e+01	3.075872e+02
2.970000e-06	5.877688e-06	1.151809e-09	3.175409e+01	3.087376e+02
2.980000e-06	5.912064e-06	1.158033e-09	3.193981e+01	3.098623e+02
2.990000e-06	5.945614e-06	1.162599e-09	3.212106e+01	3.109615e+02
3.000000e-06	5.978451e-06	1.166170e-09	3.229846e+01	3.120353e+02
3.010000e-06	6.010689e-06	1.171243e-09	3.247262e+01	3.130841e+02
3.020000e-06	6.042491e-06	1.177488e-09	3.264443e+01	3.141083e+02
3.030000e-06	6.073982e-06	1.184890e-09	3.281456e+01	3.151083e+02
3.040000e-06	6.105190e-06	1.192570e-09	3.298316e+01	3.160846e+02
3.050000e-06	6.136044e-06	1.197911e-09	3.314985e+01	3.170378e+02
3.060000e-06	6.166439e-06	1.203695e-09	3.331406e+01	3.179685e+02
3.070000e-06	6.196362e-06	1.210258e-09	3.347572e+01	3.188773e+02
3.080000e-06	6.225968e-06	1.213629e-09	3.363567e+01	3.197650e+02
3.090000e-06	6.255232e-06	1.216078e-09	3.379376e+01	3.206324e+02
3.100000e-06	6.283982e-06	1.220870e-09	3.394908e+01	3.214803e+02
3.110000e-06	6.312290e-06	1.226309e-09	3.410202e+01	3.223095e+02
3.120000e-06	6.340189e-06	1.230111e-09	3.425274e+01	3.231210e+02
3.130000e-06	6.367765e-06	1.234069e-09	3.440172e+01	3.239155e+02
3.140000e-06	6.395133e-06	1.238252e-09	3.454957e+01	3.246939e+02
3.150000e-06	6.422117e-06	1.240737e-09	3.469536e+01	3.254572e+02
3.160000e-06	6.448281e-06	1.242724e-09	3.483671e+01	3.262062e+02
3.170000e-06	6.473582e-06	1.245719e-09	3.497339e+01	3.269417e+02
3.180000e-06	6.498187e-06	1.249484e-09	3.510632e+01	3.276645e+02
3.190000e-06	6.522250e-06	1.253597e-09	3.523632e+01	3.283754e+02
3.200000e-06	6.545999e-06	1.257469e-09	3.536462e+01	3.290750e+02
3.210000e-06	6.569377e-06	1.261007e-09	3.549092e+01	3.297640e+02
3.220000e-06	6.592348e-06	1.264183e-09	3.561502e+01	3.304429e+02
3.230000e-06	6.614946e-06	1.267552e-09	3.573711e+01	3.311122e+02
3.240000e-06	6.637070e-06	1.271633e-09	3.585664e+01	3.317724e+02
3.250000e-06	6.658643e-06	1.275371e-09	3.597318e+01	3.324236e+02
3.260000e-06	6.679779e-06	1.278969e-09	3.608737e+01	3.330663e+02
3.270000e-06	6.700457e-06	1.282358e-09	3.619908e+01	3.337005e+02
3.280000e-06	6.720653e-06	1.284509e-09	3.630819e+01	3.343263e+02
3.290000e-06	6.740500e-06	1.286484e-09	3.641541e+01	3.349436e+02
3.300000e-06	6.760018e-06	1.289317e-09	3.652086e+01	3.355524e+02
3.310000e-06	6.779233e-06	1.291191e-09	3.662467e+01	3.361525e+02
3.320000e-06	6.797858e-06	1.292954e-09	3.672529e+01	3.367436e+02
3.330000e-06	6.815884e-06	1.295737e-09	3.682268e+01	3.373254e+02
3.340000e-06	6.833458e-06	1.297302e-09	3.691762e+01	3.378975e+02
3.350000e-06	6.850461e-06	1.298819e-09	3.700947e+01	3.384594e+02
3.360000e-06	6.867018e-06	1.301722e-09	3.709892e+01	3.390107e+02
3.370000e-06	6.883183e-06	1.303371e-09	3.718625e+01	3.395509e+02
3.380000e-06	6.898863e-06	1.304906e-09	3.727096e+01	3.400793e+02
3.390000e-06	6.913966e-06	1.307553e-09	3.735256e+01	3.405955e+02
3.400000e-06	6.928479e-06	1.310386e-09	3.743097e+01	3.410988e+02
3.410000e-06	6.942689e-06	1.313717e-09	3.750773e+01	3.415887e+02
3.420000e-06	6.956476e-06	1.316447e-09	3.758222e+01	3.420645e+02
3.430000e-06	6.969557e-06	1.319322e-09	3.765289e+01	3.425257e+02
3.440000e-06	6.982034e-06	1.322546e-09	3.772029e+01	3.429717e+02
3.450000e-06	6.994032e-06	1.324466e-09	3.778512e+01	3.434019e+02
3.460000e-06	7.005474e-06	1.326142e-09	3.784693e+01	3.438160e+02
3.470000e-06	7.016294e-06	1.328123e-09	3.790538e+01	3.442134e+02
3.480000e-06	7.026537e-06	1.329401e-09	3.796072e+01	3.445937e+02
3.490000e-06	7.035934e-06	1.330065e-09	3.801149e+01	3.449564e+02
3.500000e-06	7.044627e-06	1.331975e-09	3.805845e+01	3.453013e+02
3.510000e-06	7.052771e-06	1.335152e-09	3.810245e+01	3.456281e+02
3.520000e-06	7.060429e-06	1.337548e-09	3.814382e+01	3.459364e+02
3.530000e-06	7.067696e-06	1.339232e-09	3.818308e+01	3.462261e+02
3.540000e-06	7.074527e-06	1.341485e-09	3.821999e+01	3.464970e+02
3.550000e-06	7.080936e-06	1.343516e-09	3.825461e+01	3.467491e+02
3.560000e-06	7.086875e-06	1.345139e-09	3.828670e+01	3.469821e+02
3.570000e-06	7.092275e-06	1.347726e-09	3.831587e+01	3.471960e+02
3.580000e-06	7.097063e-06	1.350208e-09	3.834174e+01	3.473909e+02
3.590000e-06	7.101293e-06	1.352227e-09	3.836459e+01	3.475668e+02
3.600000e-06	7.105165e-06	1.354060e-09	3.838551e+01	3.477236e+02
3.610000e-06	7.108812e-06	1.356147e-09	3.840521e+01	3.478616e+02
3.620000e-06	7.112084e-06	1.357946e-09	3.842289e+01	3.479807e+02
3.630000e-06	7.114896e-06	1.358583e-09	3.843808e+01	3.480811e+02
3.640000e-06	7.117031e-06	1.359355e-09	3.844962e+01	3.481631e+02
3.650000e-06	7.118332e-06	1.360529e-09	3.845664e+01	3.482266e+02
3.660000e-06	7.118919e-06	1.361567e-09	3.845982e+01	3.482719e+02
3.670000e-06	7.118953e-06	1.362484e-09	3.846000e+01	3.482993e+02
3.680000e-06	7.118616e-06	1.364065e-09	3.845818e+01	3.483089e+02
3.690000e-06	7.117848e-06	1.365056e-09	3.845403e+01	3.483010e+02
3.700000e-06	7.116620e-06	1.365957e-09	3.844740e+01	3.482757e+02
3.710000e-06	7.114927e-06	1.368129e-09	3.843825e+01	3.482335e+02
3.720000e-06	7.112658e-06	1.369355e-09	3.842599e+01	3.481745e+02
3.730000e-06	7.109907e-06	1.370175e-09	3.841113e+01	3.480992e+02
3.740000e-06	7.106779e-06	1.372409e-09	3.839423e+01	3.480078e+02
3.750000e-06	7.103241e-06	1.370022e-09	3.837512e+01	3.479006e+02
3.760000e-06	7.099186e-06	1.352785e-09	3.835321e+01	3.477781e+02
3.770000e-06	7.094247e-06	1.361314e-09	3.832652e+01	3.476407e+02
3.780000e-06	7.088564e-06	1.426855e-09	3.829582e+01	3.474888e+02
3.790000e-06	7.082507e-06	1.400649e-09	3.826310e+01	3.473229e+02
3.800000e-06	7.076266e-06	1.285817e-09	3.822938e+01	3.471434e+02
3.810000e-06	7.069642e-06	1.321850e-09	3.819360e+01	3.469509e+02
3.820000e-06	7.062308e-06	1.456212e-09	3.815397e+01	3.467459e+02
3.830000e-06	7.054333e-06	1.419395e-09	3.811089e+01	3.465290e+02
3.840000e-06	7.045885e-06	1.260711e-09	3.806525e+01	3.463007e+02
3.850000e-06	7.036955e-06	1.307463e-09	3.801700e+01	3.460618e+02
3.860000e-06	7.027537e-06	1.502361e-09	3.796612e+01	3.458128e+02
3.870000e-06	7.017723e-06	1.433737e-09	3.791311e+01	3.455543e+02
3.880000e-06	7.007575e-06	1.204276e-09	3.785828e+01	3.452870e+02
3.890000e-06	6.996936e-06	1.292780e-09	3.780081e+01	3.450116e+02
3.900000e-06	6.985664e-06	1.536437e-09	3.773991e+01	3.447287e+02
3.910000e-06	6.973954e-06	1.422615e-09	3.767664e+01	3.444390e+02
3.920000e-06	6.961787e-06	1.196178e-09	3.761091e+01	3.441429e+02
3.930000e-06	6.948887e-06	1.351571e-09	3.754122e+01	3.438413e+02
3.940000e-06	6.935239e-06	1.530570e-09	3.746749e+01	3.435345e+02
3.950000e-06	6.920944e-06	1.320707e-09	3.739026e+01	3.432232e+02
3.960000e-06	6.905889e-06	1.196854e-09	3.730892e+01	3.429079e+02
3.970000e-06	6.890229e-06	1.435214e-09	3.722432e+01	3.425889e+02
3.980000e-06	6.874100e-06	1.475979e-09	3.713719e+01	3.422666e+02
3.990000e-06	6.857556e-06	1.234566e-09	3.704781e+01	3.419415e+02
4.000000e-06	6.840613e-06	1.296063e-09	3.695627e+01	3.416136e+02
4.010000e-06	6.823132e-06	1.501754e-09	3.686183e+01	3.412832e+02
4.020000e-06	6.805362e-06	1.337333e-09	3.676583e+01	3.409504e+02
4.030000e-06	6.787301e-06	1.200466e-09	3.666826e+01	3.406153e+02
4.040000e-06	6.768600e-06	1.433630e-09	3.656722e+01	3.402777e+02
4.050000e-06	6.749273e-06	1.475534e-09	3.646281e+01	3.399376e+02
4.060000e-06	6.729467e-06	1.231713e-09	3.635581e+01	3.395947e+02
4.070000e-06	6.709344e-06	1.296532e-09	3.624709e+01	3.392488e+02
4.080000e-06	6.688961e-06	1.484806e-09	3.613698e+01	3.388995e+02
4.090000e-06	6.668208e-06	1.328495e-09	3.602485e+01	3.385464e+02
4.100000e-06	6.646762e-06	1.236575e-09	3.590900e+01	3.381890e+02
4.110000e-06	6.624600e-06	1.426010e-09	3.578926e+01	3.378268e+02
4.120000e-06	6.601762e-06	1.403476e-09	3.566589e+01	3.374592e+02
4.130000e-06	6.578201e-06	1.249468e-09	3.553860e+01	3.370855e+02
4.140000e-06	6.554109e-06	1.361690e-09	3.540844e+01	3.367051e+02
4.150000e-06	6.529666e-06	1.429078e-09	3.527639e+01	3.363171e+02
4.160000e-06	6.504921e-06	1.282289e-09	3.514270e+01	3.359210e+02
4.170000e-06	6.479821e-06	1.309248e-09	3.500710e+01	3.355158e+02
4.180000e-06	6.454331e-06	1.420593e-09	3.486939e+01	3.351010e+02
4.190000e-06	6.428415e-06	1.330906e-09	3.472938e+01	3.346756e+02
4.200000e-06	6.402001e-06	1.293982e-09	3.458668e+01	3.342389e+02
4.210000e-06	6.374985e-06	1.384114e-09	3.444072e+01	3.337902e+02
4.220000e-06	6.347417e-06	1.344505e-09	3.429179e+01	3.333286e+02
4.230000e-06	6.319521e-06	1.293711e-09	3.414109e+01	3.328536e+02
4.240000e-06	6.291352e-06	1.362462e-09	3.398890e+01	3.323644e+02
4.250000e-06	6.262822e-06	1.358014e-09	3.383477e+01	3.318603e+02
4.260000e-06	6.233941e-06	1.306769e-09	3.367874e+01	3.313407e+02
4.270000e-06	6.204528e-06	1.343720e-09	3.351983e+01	3.308050e+02
4.280000e-06	6.174450e-06	1.352423e-09	3.335734e+01	3.302527e+02
4.290000e-06	6.143818e-06	1.314352e-09	3.319185e+01	3.296833e+02
4.300000e-06	6.112637e-06	1.329758e-09	3.302339e+01	3.290962e+02
4.310000e-06	6.080834e-06	1.336662e-09	3.285158e+01	3.284910e+02
4.320000e-06	6.048527e-06	1.315167e-09	3.267704e+01	3.278674e+02
4.330000e-06	6.016009e-06	1.328304e-09	3.250136e+01	3.272249e+02
4.340000e-06	5.983145e-06	1.330808e-09	3.232382e+01	3.265633e+02
4.350000e-06	5.949779e-06	1.311404e-09	3.214356e+01	3.258822e+02
4.360000e-06	5.916001e-06	1.320366e-09	3.196108e+01	3.251813e+02
4.370000e-06	5.881870e-06	1.322041e-09	3.177668e+01	3.244605e+02
4.380000e-06	5.847368e-06	1.309080e-09	3.159029e+01	3.237195e+02
4.390000e-06	5.812529e-06	1.318829e-09	3.140207e+01	3.229581e+02
4.400000e-06	5.777257e-06	1.317396e-09	3.121151e+01	3.221761e+02
4.410000e-06	5.741565e-06	1.299594e-09	3.101869e+01	3.213734e+02
4.420000e-06	5.705587e-06	1.305784e-09	3.082432e+01	3.205499e+02
4.430000e-06	5.669175e-06	1.309546e-09	3.062760e+01	3.197054e+02
4.440000e-06	5.632456e-06	1.294423e-09	3.042923e+01	3.188398e+02
4.450000e-06	5.595395e-06	1.293905e-09	3.022901e+01	3.179531e+02
4.460000e-06	5.557751e-06	1.300425e-09	3.002564e+01	3.170451e+02
4.470000e-06	5.519432e-06	1.293958e-09	2.981862e+01	3.161158e+02
4.480000e-06	5.480495e-06	1.289088e-09	2.960826e+01	3.151652e+02
4.490000e-06	5.441020e-06	1.288414e-09	2.939500e+01	3.141932e+02
4.500000e-06	5.401093e-06	1.282554e-09	2.917929e+01	3.131999e+02
4.510000e-06	5.360944e-06	1.277340e-09	2.896239e+01	3.121853e+02
4.520000e-06	5.320605e-06	1.276736e-09	2.874446e+01	3.111495e+02
4.530000e-06	5.279959e-06	1.275895e-09	2.852487e+01	3.100924e+02
4.540000e-06	5.238924e-06	1.271129e-09	2.830318e+01	3.090142e+02
4.550000e-06	5.197483e-06	1.264599e-09	2.807930e+01	3.079151e+02
4.560000e-06	5.155684e-06	1.261143e-09	2.785348e+01	3.067952e+02
4.570000e-06	5.113531e-06	1.259586e-09	2.762575e+01	3.056547e+02
4.580000e-06	5.071017e-06	1.254440e-09	2.739606e+01	3.044938e+02
4.590000e-06	5.028088e-06	1.245337e-09	2.716414e+01	3.033127e+02
4.600000e-06	4.984797e-06	1.238584e-09	2.693026e+01	3.021118e+02
4.610000e-06	4.941208e-06	1.235879e-09	2.669477e+01	3.008913e+02
4.620000e-06	4.897292e-06	1.232710e-09	2.645752e+01	2.996515e+02
4.630000e-06	4.853082e-06	1.229394e-09	2.621867e+01	2.983928e+02
4.640000e-06	4.808625e-06	1.226233e-09	2.597850e+01	2.971154e+02
4.650000e-06	4.763966e-06	1.220750e-09	2.573723e+01	2.958199e+02
4.660000e-06	4.719023e-06	1.214275e-09	2.549443e+01	2.945064e+02
4.670000e-06	4.673862e-06	1.208253e-09	2.525044e+01	2.931754e+02
4.680000e-06	4.628455e-06	1.201201e-09	2.500513e+01	2.918271e+02
4.690000e-06	4.582616e-06	1.194549e-09	2.475749e+01	2.904618e+02
4.700000e-06	4.536163e-06	1.190371e-09	2.450653e+01	2.890798e+02
4.710000e-06	4.489289e-06	1.188061e-09	2.425329e+01	2.876814e+02
4.720000e-06	4.442159e-06	1.185997e-09	2.399867e+01	2.862666e+02
4.730000e-06	4.394752e-06	1.181262e-09	2.374256e+01	2.848356e+02
4.740000e-06	4.347227e-06	1.172464e-09	2.348580e+01	2.833885e+02
4.750000e-06	4.299314e-06	1.165255e-09	2.322695e+01	2.819252e+02
4.760000e-06	4.251008e-06	1.161010e-09	2.296598e+01	2.804457e+02
4.770000e-06	4.202451e-06	1.154623e-09	2.270366e+01	2.789496e+02
4.780000e-06	4.153406e-06	1.147726e-09	2.243869e+01	2.774368e+02
4.790000e-06	4.103883e-06	1.143510e-09	2.217114e+01	2.759070e+02
4.800000e-06	4.054129e-06	1.139673e-09	2.190235e+01	2.743596e+02
4.810000e-06	4.004064e-06	1.134274e-09	2.163188e+01	2.727940e+02
4.820000e-06	3.953649e-06	1.128013e-09	2.135951e+01	2.712098e+02
4.830000e-06	3.903061e-06	1.121272e-09	2.108620e+01	2.696062e+02
4.840000e-06	3.852208e-06	1.114944e-09	2.081148e+01	2.679823e+02
4.850000e-06	3.801051e-06	1.109275e-09	2.053510e+01	2.663373e+02
4.860000e-06	3.749552e-06	1.102840e-09	2.025688e+01	2.646703e+02
4.870000e-06	3.697685e-06	1.095888e-09	1.997667e+01	2.629803e+02
4.880000e-06	3.645605e-06	1.089199e-09	1.969531e+01	2.612662e+02
4.890000e-06	3.593268e-06	1.082806e-09	1.941255e+01	2.595271e+02
4.900000e-06	3.540712e-06	1.076802e-09	1.912863e+01	2.577617e+02
4.910000e-06	3.487862e-06	1.070876e-09	1.884310e+01	2.559691e+02
4.920000e-06	3.434517e-06	1.063822e-09	1.855491e+01	2.541481e+02
4.930000e-06	3.380882e-06	1.055101e-09	1.826515e+01	2.522976e+02
4.940000e-06	3.326950e-06	1.047495e-09	1.797378e+01	2.504167e+02
4.950000e-06	3.272589e-06	1.041033e-09	1.768010e+01	2.485044e+02
4.960000e-06	3.217851e-06	1.032798e-09	1.738437e+01	2.465597e+02
4.970000e-06	3.162855e-06	1.024491e-09	1.708726e+01	2.445819e+02
4.980000e-06	3.107617e-06	1.017643e-09	1.678884e+01	2.425700e+02
4.990000e-06	3.051988e-06	1.010829e-09	1.648830e+01	2.405236e+02
5.000000e-06	2.996060e-06	1.002942e-09	1.618615e+01	2.384419e+02
5.010000e-06	2.940034e-06	9.937793e-10	1.588347e+01	2.363246e+02
5.020000e-06	2.883876e-06	9.836057e-10	1.558008e+01	2.341713e+02
5.030000e-06	2.827559e-06	9.741373e-10	1.527583e+01	2.319817e+02
5.040000e-06	2.771101e-06	9.665507e-10	1.497082e+01	2.297557e+02
5.050000e-06	2.714481e-06	9.592183e-10	1.466493e+01	2.274932e+02
5.060000e-06	2.657678e-06	9.514421e-10	1.435805e+01	2.251944e+02
5.070000e-06	2.600745e-06	9.418843e-10	1.405047e+01	2.228594e+02
5.080000e-06	2.543711e-06	9.309120e-10	1.374234e+01	2.204884e+02
5.090000e-06	2.486543e-06	9.208316e-10	1.343350e+01	2.180818e+02
5.100000e-06	2.429210e-06	9.105278e-10	1.312376e+01	2.156398e+02
5.110000e-06	2.371640e-06	8.992846e-10	1.281274e+01	2.131629e+02
5.120000e-06	2.313888e-06	8.881715e-10	1.250073e+01	2.106514e+02
5.130000e-06	2.255905e-06	8.770170e-10	1.218748e+01	2.081059e+02
5.140000e-06	2.197744e-06	8.671098e-10	1.187327e+01	2.055265e+02
5.150000e-06	2.139408e-06	8.573332e-10	1.155811e+01	2.029137e+02
5.160000e-06	2.080943e-06	8.454581e-10	1.124225e+01	2.002678e+02
5.170000e-06	2.022419e-06	8.326061e-10	1.092608e+01	1.975889e+02
5.180000e-06	1.963777e-06	8.201465e-10	1.060926e+01	1.948770e+02
5.190000e-06	1.905061e-06	8.090800e-10	1.029205e+01	1.921322e+02
5.200000e-06	1.846207e-06	7.991735e-10	9.974093e+00	1.893541e+02
5.210000e-06	1.787156e-06	7.881845e-10	9.655071e+00	1.865425e+02
5.220000e-06	1.727873e-06	7.752005e-10	9.334797e+00	1.836968e+02
5.230000e-06	1.668450e-06	7.626252e-10	9.013767e+00	1.808162e+02
5.240000e-06	1.608961e-06	7.509557e-10	8.692379e+00	1.778998e+02
5.250000e-06	1.549309e-06	7.380793e-10	8.370111e+00	1.749465e+02
5.260000e-06	1.489525e-06	7.250530e-10	8.047128e+00	1.719548e+02
5.270000e-06	1.429642e-06	7.133005e-10	7.723611e+00	1.689233e+02
5.280000e-06	1.369631e-06	7.006056e-10	7.399405e+00	1.658502e+02
5.290000e-06	1.309536e-06	6.868227e-10	7.074743e+00	1.627335e+02
5.300000e-06	1.249375e-06	6.725957e-10	6.749724e+00	1.595710e+02
5.310000e-06	1.189157e-06	6.580181e-10	6.424398e+00	1.563605e+02
5.320000e-06	1.128953e-06	6.435848e-10	6.099143e+00	1.530994e+02
5.330000e-06	1.068711e-06	6.299336e-10	5.773691e+00	1.497851e+02
5.340000e-06	1.008393e-06	6.175928e-10	5.447823e+00	1.464149e+02
5.350000e-06	9.480586e-07	6.052298e-10	5.121867e+00	1.429860e+02
5.360000e-06	8.877250e-07	5.909012e-10	4.795916e+00	1.394955e+02
5.370000e-06	8.274077e-07	5.747392e-10	4.470053e+00	1.359406e+02
5.380000e-06	7.670734e-07	5.586123e-10	4.144098e+00	1.323184e+02
5.390000e-06	7.066615e-07	5.436019e-10	3.817724e+00	1.286260e+02
5.400000e-06	6.461973e-07	5.285517e-10	3.491068e+00	1.248608e+02
5.410000e-06	5.856997e-07	5.128274e-10	3.164230e+00	1.210201e+02
5.420000e-06	5.252355e-07	4.970556e-10	2.837574e+00	1.171016e+02
5.430000e-06	4.647749e-07	4.807096e-10	2.510937e+00	1.131028e+02
5.440000e-06	4.041998e-07	4.641138e-10	2.183681e+00	1.090219e+02
5.450000e-06	3.436292e-07	4.465044e-10	1.856449e+00	1.048571e+02
5.460000e-06	2.829959e-07	4.274972e-10	1.528880e+00	1.006069e+02
5.470000e-06	2.223338e-07	4.089011e-10	1.201154e+00	9.627022e+01
5.480000e-06	1.617523e-07	3.915008e-10	8.738636e-01	9.184633e+01
5.490000e-06	1.010223e-07	3.739906e-10	5.457711e-01	8.733485e+01
5.500000e-06	4.026691e-08	3.554194e-10	2.175412e-01	8.273583e+01
5.510000e-06	-2.043670e-08	3.347690e-10	-1.104088e-01	7.804972e+01
5.520000e-06	-8.119714e-08	3.129479e-10	-4.386659e-01	7.327743e+01
5.530000e-06	-1.419205e-07	2.929664e-10	-7.667224e-01	6.842033e+01
5.540000e-06	-2.026111e-07	2.737632e-10	-1.094603e+00	6.348021e+01
5.550000e-06	-2.632245e-07	2.545768e-10	-1.422065e+00	5.845936e+01
5.560000e-06	-3.238514e-07	2.348298e-10	-1.749601e+00	5.336049e+01
5.570000e-06	-3.844752e-07	2.130120e-10	-2.077119e+00	4.818677e+01
5.580000e-06	-4.449579e-07	1.904042e-10	-2.403876e+00	4.294182e+01
5.590000e-06	-5.054214e-07	1.675331e-10	-2.730529e+00	3.762966e+01
5.600000e-06	-5.659436e-07	1.450891e-10	-3.057499e+00	3.225472e+01
5.610000e-06	-6.264250e-07	1.228991e-10	-3.384248e+00	2.682180e+01
5.620000e-06	-6.868474e-07	1.002883e-10	-3.710679e+00	2.133605e+01
5.630000e-06	-7.472738e-07	7.813924e-11	-4.037132e+00	1.580295e+01
5.640000e-06	-8.076427e-07	5.518585e-11	-4.363273e+00	1.022825e+01
5.650000e-06	-8.679611e-07	3.089281e-11	-4.689142e+00	4.617966e+00
5.660000e-06	-9.281910e-07	6.232130e-12	-5.014533e+00	-1.021697e+00
5.670000e-06	-9.883613e-07	-1.754843e-11	-5.339602e+00	-6.684343e+00
5.680000e-06	-1.048595e-06	-3.934306e-11	-5.665014e+00	-1.236345e+01
5.690000e-06	-1.108850e-06	-5.994481e-11	-5.990539e+00	-1.805243e+01
5.700000e-06	-1.168998e-06	-8.213973e-11	-6.315489e+00	-2.374460e+01
5.710000e-06	-1.229103e-06	-1.069181e-10	-6.640205e+00	-2.943333e+01
5.720000e-06	-1.289232e-06	-1.312672e-10	-6.965049e+00	-3.511199e+01
5.730000e-06	-1.349204e-06	-1.541779e-10	-7.289047e+00	-4.077405e+01
5.740000e-06	-1.409001e-06	-1.765922e-10	-7.612101e+00	-4.641310e+01
5.750000e-06	-1.468735e-06	-1.996035e-10	-7.934808e+00	-5.202286e+01
5.760000e-06	-1.528372e-06	-2.240517e-10	-8.256999e+00	-5.759730e+01
5.770000e-06	-1.588006e-06	-2.486017e-10	-8.579172e+00	-6.313055e+01
5.780000e-06	-1.647564e-06	-2.723194e-10	-8.900932e+00	-6.861706e+01
5.790000e-06	-1.706833e-06	-2.961240e-10	-9.221129e+00	-7.405154e+01
5.800000e-06	-1.766064e-06	-3.209508e-10	-9.541126e+00	-7.942900e+01
5.810000e-06	-1.825184e-06	-3.450712e-10	-9.860518e+00	-8.474480e+01
5.820000e-06	-1.884052e-06	-3.662028e-10	-1.017855e+01	-8.999465e+01
5.830000e-06	-1.942823e-06	-3.863572e-10	-1.049606e+01	-9.517464e+01
5.840000e-06	-2.001485e-06	-4.078522e-10	-1.081298e+01	-1.002812e+02
5.850000e-06	-2.059958e-06	-4.305518e-10	-1.112888e+01	-1.053112e+02
5.860000e-06	-2.118276e-06	-4.521172e-10	-1.144394e+01	-1.102618e+02
5.870000e-06	-2.176420e-06	-4.713554e-10	-1.175807e+01	-1.151308e+02
5.880000e-06	-2.234390e-06	-4.904646e-10	-1.207125e+01	-1.199160e+02
5.890000e-06	-2.292258e-06	-5.096890e-10	-1.238388e+01	-1.246158e+02
5.900000e-06	-2.349748e-06	-5.291220e-10	-1.269447e+01	-1.292291e+02
5.910000e-06	-2.406979e-06	-5.493526e-10	-1.300366e+01	-1.337549e+02
5.920000e-06	-2.464147e-06	-5.686885e-10	-1.331250e+01	-1.381927e+02
5.930000e-06	-2.521186e-06	-5.866538e-10	-1.362066e+01	-1.425423e+02
5.940000e-06	-2.578050e-06	-6.062365e-10	-1.392786e+01	-1.468037e+02
5.950000e-06	-2.634725e-06	-6.275003e-10	-1.423405e+01	-1.509775e+02
5.960000e-06	-2.691300e-06	-6.467611e-10	-1.453969e+01	-1.550641e+02
5.970000e-06	-2.747710e-06	-6.627698e-10	-1.484445e+01	-1.590646e+02
5.980000e-06	-2.804016e-06	-6.776645e-10	-1.514864e+01	-1.629800e+02
5.990000e-06	-2.860324e-06	-6.932427e-10	-1.545284e+01	-1.668116e+02
6.000000e-06	-2.916483e-06	-7.087837e-10	-1.575624e+01	-1.705610e+02
6.010000e-06	-2.972440e-06	-7.241389e-10	-1.605854e+01	-1.742297e+02
6.020000e-06	-3.028206e-06	-7.384772e-10	-1.635982e+01	-1.778195e+02
6.030000e-06	-3.083582e-06	-7.531227e-10	-1.665899e+01	-1.813323e+02
6.040000e-06	-3.138631e-06	-7.704099e-10	-1.695639e+01	-1.847701e+02
6.050000e-06	-3.193349e-06	-7.865923e-10	-1.725200e+01	-1.881346e+02
6.060000e-06	-3.247670e-06	-7.998430e-10	-1.754547e+01	-1.914281e+02
6.070000e-06	-3.301624e-06	-8.110937e-10	-1.783695e+01	-1.946526e+02
6.080000e-06	-3.355198e-06	-8.223402e-10	-1.812639e+01	-1.978100e+02
6.090000e-06	-3.408462e-06	-8.359626e-10	-1.841415e+01	-2.009025e+02
6.100000e-06	-3.461405e-06	-8.510849e-10	-1.870017e+01	-2.039320e+02
6.110000e-06	-3.514084e-06	-8.652687e-10	-1.898477e+01	-2.069005e+02
6.120000e-06	-3.566454e-06	-8.768366e-10	-1.926769e+01	-2.098099e+02
6.130000e-06	-3.618673e-06	-8.880935e-10	-1.954981e+01	-2.126620e+02
6.140000e-06	-3.670712e-06	-9.003536e-10	-1.983095e+01	-2.154588e+02
6.150000e-06	-3.722291e-06	-9.122656e-10	-2.010960e+01	-2.182019e+02
6.160000e-06	-3.773470e-06	-9.232940e-10	-2.038610e+01	-2.208929e+02
6.170000e-06	-3.824355e-06	-9.336667e-10	-2.066100e+01	-2.235335e+02
6.180000e-06	-3.875046e-06	-9.439437e-10	-2.093486e+01	-2.261252e+02
6.190000e-06	-3.925494e-06	-9.539034e-10	-2.120740e+01	-2.286694e+02
6.200000e-06	-3.975641e-06	-9.636439e-10	-2.147832e+01	-2.311675e+02
6.210000e-06	-4.025568e-06	-9.725216e-10	-2.174805e+01	-2.336209e+02
6.220000e-06	-4.075188e-06	-9.806656e-10	-2.201612e+01	-2.360307e+02
6.230000e-06	-4.124390e-06	-9.899404e-10	-2.228193e+01	-2.383981e+02
6.240000e-06	-4.172794e-06	-1.000133e-09	-2.254343e+01	-2.407243e+02
6.250000e-06	-4.220628e-06	-1.010232e-09	-2.280186e+01	-2.430104e+02
6.260000e-06	-4.268476e-06	-1.019589e-09	-2.306035e+01	-2.452573e+02
6.270000e-06	-4.315997e-06	-1.027925e-09	-2.331709e+01	-2.474661e+02
6.280000e-06	-4.363168e-06	-1.035900e-09	-2.357193e+01	-2.496376e+02
6.290000e-06	-4.410161e-06	-1.045007e-09	-2.382580e+01	-2.517729e+02
6.300000e-06	-4.456936e-06	-1.054481e-09	-2.407851e+01	-2.538727e+02
6.310000e-06	-4.503436e-06	-1.062748e-09	-2.432972e+01	-2.559378e+02
6.320000e-06	-4.549599e-06	-1.070857e-09	-2.457912e+01	-2.579691e+02
6.330000e-06	-4.595392e-06	-1.079359e-09	-2.482651e+01	-2.599674e+02
6.340000e-06	-4.640678e-06	-1.087708e-09	-2.507117e+01	-2.619333e+02
6.350000e-06	-4.685603e-06	-1.095266e-09	-2.531387e+01	-2.638676e+02
6.360000e-06	-4.730343e-06	-1.101875e-09	-2.555558e+01	-2.657710e+02
6.370000e-06	-4.774838e-06	-1.107468e-09	-2.579596e+01	-2.676440e+02
6.380000e-06	-4.819169e-06	-1.113610e-09	-2.603546e+01	-2.694873e+02
6.390000e-06	-4.863378e-06	-1.121645e-09	-2.627430e+01	-2.713015e+02
6.400000e-06	-4.907278e-06	-1.129657e-09	-2.651147e+01	-2.730871e+02
6.410000e-06	-4.950743e-06	-1.136611e-09	-2.674629e+01	-2.748446e+02
6.420000e-06	-4.993893e-06	-1.144438e-09	-2.697941e+01	-2.765744e+02
6.430000e-06	-5.036714e-06	-1.152751e-09	-2.721074e+01	-2.782770e+02
6.440000e-06	-5.079148e-06	-1.160722e-09	-2.743999e+01	-2.799528e+02
6.450000e-06	-5.121306e-06	-1.167382e-09	-2.766775e+01	-2.816019e+02
6.460000e-06	-5.163024e-06	-1.172412e-09	-2.789313e+01	-2.832249e+02
6.470000e-06	-5.204337e-06	-1.178204e-09	-2.811632e+01	-2.848218e+02
6.480000e-06	-5.245265e-06	-1.184394e-09	-2.833744e+01	-2.863928e+02
6.490000e-06	-5.285874e-06	-1.190090e-09	-2.855683e+01	-2.879382e+02
6.500000e-06	-5.326338e-06	-1.195253e-09	-2.877543e+01	-2.894580e+02
6.510000e-06	-5.366558e-06	-1.199979e-09	-2.899272e+01	-2.909522e+02
6.520000e-06	-5.406499e-06	-1.205163e-09	-2.920850e+01	-2.924209e+02
6.530000e-06	-5.446081e-06	-1.210472e-09	-2.942234e+01	-2.938641e+02
6.540000e-06	-5.485187e-06	-1.215010e-09	-2.963361e+01	-2.952817e+02
6.550000e-06	-5.523628e-06	-1.220596e-09	-2.984129e+01	-2.966738e+02
6.560000e-06	-5.561399e-06	-1.227845e-09	-3.004534e+01	-2.980402e+02
6.570000e-06	-5.598608e-06	-1.234267e-09	-3.024636e+01	-2.993808e+02
6.580000e-06	-5.635427e-06	-1.239921e-09	-3.044528e+01	-3.006956e+02
6.590000e-06	-5.671881e-06	-1.245528e-09	-3.064222e+01	-3.019845e+02
6.600000e-06	-5.707983e-06	-1.250387e-09	-3.083726e+01	-3.032474e+02
6.610000e-06	-5.743848e-06	-1.254700e-09	-3.103102e+01	-3.044844e+02
6.620000e-06	-5.779326e-06	-1.259005e-09	-3.122269e+01	-3.056953e+02
6.630000e-06	-5.814341e-06	-1.263460e-09	-3.141186e+01	-3.068803e+02
6.640000e-06	-5.848993e-06	-1.267295e-09	-3.159906e+01	-3.080393e+02
6.650000e-06	-5.883286e-06	-1.271050e-09	-3.178433e+01	-3.091726e+02
6.660000e-06	-5.917160e-06	-1.275414e-09	-3.196733e+01	-3.102802e+02
6.670000e-06	-5.950615e-06	-1.279390e-09	-3.214808e+01	-3.113624e+02
6.680000e-06	-5.983616e-06	-1.282294e-09	-3.232637e+01	-3.124196e+02
6.690000e-06	-6.016177e-06	-1.285022e-09	-3.250228e+01	-3.134519e+02
6.700000e-06	-6.048479e-06	-1.288699e-09	-3.267678e+01	-3.144599e+02
6.710000e-06	-6.080485e-06	-1.293222e-09	-3.284970e+01	-3.154440e+02
6.720000e-06	-6.112030e-06	-1.297185e-09	-3.302012e+01	-3.164048e+02
6.730000e-06	-6.142911e-06	-1.300495e-09	-3.318695e+01	-3.173429e+02
6.740000e-06	-6.173031e-06	-1.303791e-09	-3.334967e+01	-3.182589e+02
6.750000e-06	-6.202483e-06	-1.306729e-09	-3.350878e+01	-3.191536e+02
6.760000e-06	-6.231412e-06	-1.309914e-09	-3.366507e+01	-3.200276e+02
6.770000e-06	-6.259999e-06	-1.312091e-09	-3.381952e+01	-3.208819e+02
6.780000e-06	-6.288337e-06	-1.312971e-09	-3.397261e+01	-3.217173e+02
6.790000e-06	-6.316387e-06	-1.315016e-09	-3.412415e+01	-3.225345e+02
6.800000e-06	-6.343950e-06	-1.316568e-09	-3.427306e+01	-3.233345e+02
6.810000e-06	-6.370939e-06	-1.317105e-09	-3.441887e+01	-3.241182e+02
6.820000e-06	-6.397512e-06	-1.318299e-09	-3.456243e+01	-3.248865e+02
6.830000e-06	-6.423685e-06	-1.320695e-09	-3.470383e+01	-3.256401e+02
6.840000e-06	-6.449338e-06	-1.324286e-09	-3.484242e+01	-3.263800e+02
6.850000e-06	-6.474444e-06	-1.326473e-09	-3.497805e+01	-3.271069e+02
6.860000e-06	-6.499137e-06	-1.327760e-09	-3.511145e+01	-3.278217e+02
6.870000e-06	-6.523597e-06	-1.328886e-09	-3.524360e+01	-3.285250e+02
6.880000e-06	-6.547862e-06	-1.330086e-09	-3.537469e+01	-3.292174e+02
6.890000e-06	-6.571828e-06	-1.333866e-09	-3.550417e+01	-3.298996e+02
6.900000e-06	-6.595318e-06	-1.337999e-09	-3.563107e+01	-3.305720e+02
6.910000e-06	-6.618054e-06	-1.339601e-09	-3.575390e+01	-3.312352e+02
6.920000e-06	-6.639907e-06	-1.340421e-09	-3.587196e+01	-3.318894e+02
6.930000e-06	-6.661087e-06	-1.341580e-09	-3.598639e+01	-3.325349e+02
6.940000e-06	-6.681802e-06	-1.342950e-09	-3.609830e+01	-3.331719e+02
6.950000e-06	-6.702182e-06	-1.344312e-09	-3.620840e+01	-3.338004e+02
6.960000e-06	-6.722141e-06	-1.345869e-09	-3.631623e+01	-3.344206e+02
6.970000e-06	-6.741686e-06	-1.348341e-09	-3.642182e+01	-3.350322e+02
6.980000e-06	-6.760809e-06	-1.349886e-09	-3.652513e+01	-3.356352e+02
6.990000e-06	-6.779420e-06	-1.350367e-09	-3.662568e+01	-3.362293e+02
7.000000e-06	-6.797596e-06	-1.350985e-09	-3.672387e+01	-3.368142e+02
7.010000e-06	-6.815380e-06	-1.351276e-09	-3.681995e+01	-3.373896e+02
7.020000e-06	-6.832682e-06	-1.352224e-09	-3.691342e+01	-3.379549e+02
7.030000e-06	-6.849558e-06	-1.354106e-09	-3.700460e+01	-3.385098e+02
7.040000e-06	-6.866145e-06	-1.356562e-09	-3.709421e+01	-3.390538e+02
7.050000e-06	-6.882338e-06	-1.359356e-09	-3.718169e+01	-3.395862e+02
7.060000e-06	-6.898062e-06	-1.362068e-09	-3.726664e+01	-3.401065e+02
7.070000e-06	-6.913169e-06	-1.364197e-09	-3.734825e+01	-3.406141e+02
7.080000e-06	-6.927377e-06	-1.365732e-09	-3.742501e+01	-3.411085e+02
7.090000e-06	-6.940693e-06	-1.367886e-09	-3.749695e+01	-3.415891e+02
7.100000e-06	-6.953547e-06	-1.369900e-09	-3.756639e+01	-3.420552e+02
7.110000e-06	-6.965974e-06	-1.371425e-09	-3.763353e+01	-3.425063e+02
7.120000e-06	-6.977757e-06	-1.373075e-09	-3.769719e+01	-3.429418e+02
7.130000e-06	-6.988994e-06	-1.374764e-09	-3.775789e+01	-3.433613e+02
7.140000e-06	-6.999736e-06	-1.376562e-09	-3.781593e+01	-3.437643e+02
7.150000e-06	-7.010029e-06	-1.376940e-09	-3.787154e+01	-3.441503e+02
7.160000e-06	-7.019873e-06	-1.377182e-09	-3.792472e+01	-3.445189e+02
7.170000e-06	-7.029183e-06	-1.378964e-09	-3.797501e+01	-3.448698e+02
7.180000e-06	-7.038088e-06	-1.380456e-09	-3.802313e+01	-3.452026e+02
7.190000e-06	-7.046638e-06	-1.381188e-09	-3.806932e+01	-3.455171e+02
7.200000e-06	-7.054783e-06	-1.381804e-09	-3.811332e+01	-3.458130e+02
7.210000e-06	-7.062554e-06	-1.382341e-09	-3.815530e+01	-3.460902e+02
7.220000e-06	-7.069677e-06	-1.381890e-09	-3.819379e+01	-3.463485e+02
7.230000e-06	-7.075918e-06	-1.381099e-09	-3.822750e+01	-3.465879e+02
7.240000e-06	-7.081306e-06	-1.381377e-09	-3.825661e+01	-3.468082e+02
7.250000e-06	-7.086089e-06	-1.382337e-09	-3.828245e+01	-3.470094e+02
7.260000e-06	-7.090607e-06	-1.383861e-09	-3.830686e+01	-3.471916e+02
7.270000e-06	-7.094925e-06	-1.384506e-09	-3.833019e+01	-3.473547e+02
7.280000e-06	-7.098805e-06	-1.383691e-09	-3.835115e+01	-3.474989e+02
7.290000e-06	-7.102060e-06	-1.383455e-09	-3.836873e+01	-3.476243e+02
7.300000e-06	-7.104786e-06	-1.382961e-09	-3.838346e+01	-3.477310e+02
7.310000e-06	-7.107083e-06	-1.382081e-09	-3.839587e+01	-3.478190e+02
7.320000e-06	-7.108903e-06	-1.381723e-09	-3.840570e+01	-3.478886e+02
7.330000e-06	-7.110224e-06	-1.383182e-09	-3.841284e+01	-3.479400e+02
7.340000e-06	-7.111134e-06	-1.385666e-09	-3.841776e+01	-3.479733e+02
