# Temperatura_=_15.6
# Concentracion g/m^3_=_7400.0
# C_Vs_to_Am_M_A/Vsm_=_254322799225.57578
# pendiente_HvsI_1/m_=_3716.3
# ordenada_HvsI_A/m_=_1297.0
# frecuencia_Hz_=_136110.36452915735

Tiempo_(s)	Campo_(V.s)	Magnetizacion_(V.s)	Campo_(kA/m)	Magnetizacion_(A/m)
0.000000e+00	-7.133450e-06	-1.577776e-09	-3.843268e+01	-3.977553e+02
1.000000e-08	-7.133730e-06	-1.578347e-09	-3.843419e+01	-3.978209e+02
2.000000e-08	-7.133682e-06	-1.579032e-09	-3.843393e+01	-3.978655e+02
3.000000e-08	-7.133016e-06	-1.579031e-09	-3.843033e+01	-3.978893e+02
4.000000e-08	-7.131708e-06	-1.578265e-09	-3.842329e+01	-3.978923e+02
5.000000e-08	-7.129751e-06	-1.577152e-09	-3.841275e+01	-3.978749e+02
6.000000e-08	-7.127041e-06	-1.576687e-09	-3.839815e+01	-3.978376e+02
7.000000e-08	-7.123706e-06	-1.576801e-09	-3.838018e+01	-3.977807e+02
8.000000e-08	-7.120057e-06	-1.577943e-09	-3.836052e+01	-3.977049e+02
9.000000e-08	-7.115892e-06	-1.577579e-09	-3.833808e+01	-3.976111e+02
1.000000e-07	-7.110858e-06	-1.567155e-09	-3.831096e+01	-3.975000e+02
1.100000e-07	-7.105155e-06	-1.547405e-09	-3.828023e+01	-3.973725e+02
1.200000e-07	-7.099166e-06	-1.559465e-09	-3.824796e+01	-3.972296e+02
1.300000e-07	-7.092918e-06	-1.601187e-09	-3.821430e+01	-3.970724e+02
1.400000e-07	-7.086125e-06	-1.598960e-09	-3.817771e+01	-3.969021e+02
1.500000e-07	-7.078722e-06	-1.540374e-09	-3.813782e+01	-3.967196e+02
1.600000e-07	-7.070981e-06	-1.535198e-09	-3.809611e+01	-3.965262e+02
1.700000e-07	-7.062975e-06	-1.603088e-09	-3.805298e+01	-3.963229e+02
1.800000e-07	-7.054470e-06	-1.597389e-09	-3.800716e+01	-3.961108e+02
1.900000e-07	-7.045398e-06	-1.511742e-09	-3.795828e+01	-3.958909e+02
2.000000e-07	-7.035748e-06	-1.517135e-09	-3.790629e+01	-3.956641e+02
2.100000e-07	-7.025443e-06	-1.616832e-09	-3.785077e+01	-3.954313e+02
2.200000e-07	-7.014406e-06	-1.607455e-09	-3.779131e+01	-3.951932e+02
2.300000e-07	-7.002725e-06	-1.503555e-09	-3.772837e+01	-3.949503e+02
2.400000e-07	-6.990541e-06	-1.511057e-09	-3.766273e+01	-3.947031e+02
2.500000e-07	-6.977870e-06	-1.593956e-09	-3.759446e+01	-3.944518e+02
2.600000e-07	-6.964565e-06	-1.569268e-09	-3.752278e+01	-3.941968e+02
2.700000e-07	-6.950734e-06	-1.503448e-09	-3.744826e+01	-3.939378e+02
2.800000e-07	-6.936057e-06	-1.540899e-09	-3.736918e+01	-3.936748e+02
2.900000e-07	-6.920721e-06	-1.576955e-09	-3.728656e+01	-3.934075e+02
3.000000e-07	-6.904849e-06	-1.524485e-09	-3.720105e+01	-3.931353e+02
3.100000e-07	-6.888292e-06	-1.510688e-09	-3.711184e+01	-3.928576e+02
3.200000e-07	-6.871337e-06	-1.558782e-09	-3.702050e+01	-3.925737e+02
3.300000e-07	-6.854009e-06	-1.536276e-09	-3.692714e+01	-3.922827e+02
3.400000e-07	-6.836344e-06	-1.494291e-09	-3.683196e+01	-3.919837e+02
3.500000e-07	-6.818120e-06	-1.545045e-09	-3.673378e+01	-3.916756e+02
3.600000e-07	-6.799371e-06	-1.566043e-09	-3.663277e+01	-3.913574e+02
3.700000e-07	-6.780156e-06	-1.490250e-09	-3.652924e+01	-3.910280e+02
3.800000e-07	-6.760488e-06	-1.482091e-09	-3.642328e+01	-3.906862e+02
3.900000e-07	-6.740479e-06	-1.550229e-09	-3.631548e+01	-3.903309e+02
4.000000e-07	-6.720111e-06	-1.528315e-09	-3.620574e+01	-3.899611e+02
4.100000e-07	-6.699252e-06	-1.474709e-09	-3.609336e+01	-3.895757e+02
4.200000e-07	-6.677931e-06	-1.515465e-09	-3.597849e+01	-3.891738e+02
4.300000e-07	-6.656192e-06	-1.538713e-09	-3.586137e+01	-3.887545e+02
4.400000e-07	-6.633976e-06	-1.486509e-09	-3.574168e+01	-3.883171e+02
4.500000e-07	-6.611178e-06	-1.486111e-09	-3.561885e+01	-3.878609e+02
4.600000e-07	-6.587848e-06	-1.521814e-09	-3.549315e+01	-3.873856e+02
4.700000e-07	-6.564219e-06	-1.493339e-09	-3.536585e+01	-3.868906e+02
4.800000e-07	-6.540399e-06	-1.474956e-09	-3.523751e+01	-3.863759e+02
4.900000e-07	-6.516246e-06	-1.509074e-09	-3.510738e+01	-3.858413e+02
5.000000e-07	-6.491517e-06	-1.498064e-09	-3.497415e+01	-3.852868e+02
5.100000e-07	-6.466013e-06	-1.460251e-09	-3.483674e+01	-3.847129e+02
5.200000e-07	-6.439605e-06	-1.478334e-09	-3.469447e+01	-3.841196e+02
5.300000e-07	-6.412468e-06	-1.491540e-09	-3.454826e+01	-3.835075e+02
5.400000e-07	-6.384926e-06	-1.461815e-09	-3.439988e+01	-3.828771e+02
5.500000e-07	-6.357041e-06	-1.459100e-09	-3.424964e+01	-3.822290e+02
5.600000e-07	-6.328859e-06	-1.476816e-09	-3.409780e+01	-3.815638e+02
5.700000e-07	-6.300267e-06	-1.461637e-09	-3.394376e+01	-3.808823e+02
5.800000e-07	-6.271300e-06	-1.448822e-09	-3.378770e+01	-3.801851e+02
5.900000e-07	-6.242140e-06	-1.459853e-09	-3.363059e+01	-3.794730e+02
6.000000e-07	-6.212596e-06	-1.455583e-09	-3.347142e+01	-3.787467e+02
6.100000e-07	-6.182555e-06	-1.443447e-09	-3.330957e+01	-3.780067e+02
6.200000e-07	-6.151969e-06	-1.447975e-09	-3.314478e+01	-3.772536e+02
6.300000e-07	-6.120787e-06	-1.448585e-09	-3.297678e+01	-3.764879e+02
6.400000e-07	-6.089207e-06	-1.437610e-09	-3.280664e+01	-3.757100e+02
6.500000e-07	-6.057479e-06	-1.434098e-09	-3.263570e+01	-3.749200e+02
6.600000e-07	-6.025547e-06	-1.435062e-09	-3.246366e+01	-3.741182e+02
6.700000e-07	-5.993217e-06	-1.431313e-09	-3.228948e+01	-3.733044e+02
6.800000e-07	-5.960275e-06	-1.426488e-09	-3.211199e+01	-3.724785e+02
6.900000e-07	-5.926480e-06	-1.422366e-09	-3.192992e+01	-3.716403e+02
7.000000e-07	-5.891880e-06	-1.417720e-09	-3.174350e+01	-3.707892e+02
7.100000e-07	-5.856777e-06	-1.412190e-09	-3.155438e+01	-3.699247e+02
7.200000e-07	-5.821293e-06	-1.406565e-09	-3.136321e+01	-3.690461e+02
7.300000e-07	-5.785549e-06	-1.404673e-09	-3.117063e+01	-3.681526e+02
7.400000e-07	-5.749632e-06	-1.402532e-09	-3.097712e+01	-3.672432e+02
7.500000e-07	-5.713441e-06	-1.397072e-09	-3.078214e+01	-3.663171e+02
7.600000e-07	-5.676876e-06	-1.393163e-09	-3.058514e+01	-3.653731e+02
7.700000e-07	-5.639816e-06	-1.391461e-09	-3.038547e+01	-3.644102e+02
7.800000e-07	-5.602217e-06	-1.386388e-09	-3.018290e+01	-3.634273e+02
7.900000e-07	-5.564210e-06	-1.379601e-09	-2.997813e+01	-3.624232e+02
8.000000e-07	-5.525736e-06	-1.374560e-09	-2.977084e+01	-3.613971e+02
8.100000e-07	-5.486799e-06	-1.368965e-09	-2.956106e+01	-3.603477e+02
8.200000e-07	-5.447513e-06	-1.363435e-09	-2.934940e+01	-3.592743e+02
8.300000e-07	-5.407946e-06	-1.359718e-09	-2.913623e+01	-3.581760e+02
8.400000e-07	-5.368233e-06	-1.354818e-09	-2.892227e+01	-3.570521e+02
8.500000e-07	-5.328300e-06	-1.348482e-09	-2.870712e+01	-3.559019e+02
8.600000e-07	-5.287978e-06	-1.343361e-09	-2.848988e+01	-3.547251e+02
8.700000e-07	-5.247194e-06	-1.339035e-09	-2.827015e+01	-3.535213e+02
8.800000e-07	-5.206002e-06	-1.333892e-09	-2.804822e+01	-3.522905e+02
8.900000e-07	-5.164250e-06	-1.327215e-09	-2.782327e+01	-3.510326e+02
9.000000e-07	-5.121822e-06	-1.319815e-09	-2.759469e+01	-3.497477e+02
9.100000e-07	-5.078872e-06	-1.313381e-09	-2.736329e+01	-3.484362e+02
9.200000e-07	-5.035446e-06	-1.308751e-09	-2.712932e+01	-3.470987e+02
9.300000e-07	-4.991723e-06	-1.303394e-09	-2.689376e+01	-3.457355e+02
9.400000e-07	-4.947807e-06	-1.296928e-09	-2.665715e+01	-3.443476e+02
9.500000e-07	-4.903707e-06	-1.290540e-09	-2.641955e+01	-3.429355e+02
9.600000e-07	-4.859335e-06	-1.284589e-09	-2.618050e+01	-3.415003e+02
9.700000e-07	-4.814544e-06	-1.278582e-09	-2.593917e+01	-3.400429e+02
9.800000e-07	-4.769355e-06	-1.272197e-09	-2.569571e+01	-3.385641e+02
9.900000e-07	-4.723831e-06	-1.265176e-09	-2.545044e+01	-3.370650e+02
1.000000e-06	-4.678060e-06	-1.259182e-09	-2.520384e+01	-3.355464e+02
1.010000e-06	-4.631929e-06	-1.254883e-09	-2.495530e+01	-3.340093e+02
1.020000e-06	-4.585308e-06	-1.250078e-09	-2.470413e+01	-3.324544e+02
1.030000e-06	-4.538230e-06	-1.242999e-09	-2.445049e+01	-3.308824e+02
1.040000e-06	-4.490994e-06	-1.234688e-09	-2.419599e+01	-3.292940e+02
1.050000e-06	-4.443605e-06	-1.229055e-09	-2.394068e+01	-3.276895e+02
1.060000e-06	-4.395904e-06	-1.225032e-09	-2.368368e+01	-3.260692e+02
1.070000e-06	-4.348026e-06	-1.220334e-09	-2.342573e+01	-3.244332e+02
1.080000e-06	-4.299874e-06	-1.214760e-09	-2.316630e+01	-3.227815e+02
1.090000e-06	-4.251325e-06	-1.207224e-09	-2.290474e+01	-3.211138e+02
1.100000e-06	-4.202328e-06	-1.199645e-09	-2.264076e+01	-3.194297e+02
1.110000e-06	-4.152817e-06	-1.193030e-09	-2.237401e+01	-3.177285e+02
1.120000e-06	-4.102949e-06	-1.185878e-09	-2.210534e+01	-3.160094e+02
1.130000e-06	-4.052689e-06	-1.178728e-09	-2.183455e+01	-3.142714e+02
1.140000e-06	-4.001913e-06	-1.172133e-09	-2.156099e+01	-3.125134e+02
1.150000e-06	-3.950719e-06	-1.165874e-09	-2.128517e+01	-3.107341e+02
1.160000e-06	-3.899202e-06	-1.160108e-09	-2.100761e+01	-3.089321e+02
1.170000e-06	-3.847353e-06	-1.153608e-09	-2.072827e+01	-3.071059e+02
1.180000e-06	-3.795219e-06	-1.145435e-09	-2.044739e+01	-3.052539e+02
1.190000e-06	-3.742872e-06	-1.136839e-09	-2.016536e+01	-3.033745e+02
1.200000e-06	-3.690195e-06	-1.129192e-09	-1.988156e+01	-3.014661e+02
1.210000e-06	-3.637143e-06	-1.122864e-09	-1.959573e+01	-2.995270e+02
1.220000e-06	-3.583881e-06	-1.116328e-09	-1.930877e+01	-2.975557e+02
1.230000e-06	-3.530392e-06	-1.108015e-09	-1.902059e+01	-2.955507e+02
1.240000e-06	-3.476647e-06	-1.098707e-09	-1.873103e+01	-2.935105e+02
1.250000e-06	-3.422694e-06	-1.091118e-09	-1.844035e+01	-2.914338e+02
1.260000e-06	-3.368614e-06	-1.084851e-09	-1.814898e+01	-2.893195e+02
1.270000e-06	-3.314476e-06	-1.076570e-09	-1.785730e+01	-2.871665e+02
1.280000e-06	-3.260014e-06	-1.067003e-09	-1.756388e+01	-2.849742e+02
1.290000e-06	-3.205169e-06	-1.058449e-09	-1.726840e+01	-2.827417e+02
1.300000e-06	-3.150096e-06	-1.050624e-09	-1.697168e+01	-2.804688e+02
1.310000e-06	-3.094840e-06	-1.041872e-09	-1.667398e+01	-2.781551e+02
1.320000e-06	-3.039353e-06	-1.032234e-09	-1.637503e+01	-2.758007e+02
1.330000e-06	-2.983728e-06	-1.022562e-09	-1.607534e+01	-2.734057e+02
1.340000e-06	-2.928006e-06	-1.011849e-09	-1.577513e+01	-2.709704e+02
1.350000e-06	-2.872211e-06	-1.002288e-09	-1.547452e+01	-2.684953e+02
1.360000e-06	-2.816349e-06	-9.949075e-10	-1.517356e+01	-2.659813e+02
1.370000e-06	-2.760241e-06	-9.870516e-10	-1.487127e+01	-2.634289e+02
1.380000e-06	-2.703912e-06	-9.780497e-10	-1.456779e+01	-2.608392e+02
1.390000e-06	-2.647461e-06	-9.674967e-10	-1.426365e+01	-2.582131e+02
1.400000e-06	-2.590833e-06	-9.569130e-10	-1.395855e+01	-2.555516e+02
1.410000e-06	-2.534012e-06	-9.467859e-10	-1.365242e+01	-2.528557e+02
1.420000e-06	-2.476908e-06	-9.366543e-10	-1.334476e+01	-2.501265e+02
1.430000e-06	-2.419508e-06	-9.273528e-10	-1.303551e+01	-2.473648e+02
1.440000e-06	-2.361878e-06	-9.177523e-10	-1.272502e+01	-2.445714e+02
1.450000e-06	-2.304005e-06	-9.073087e-10	-1.241322e+01	-2.417471e+02
1.460000e-06	-2.245745e-06	-8.963243e-10	-1.209934e+01	-2.388924e+02
1.470000e-06	-2.187154e-06	-8.841270e-10	-1.178366e+01	-2.360075e+02
1.480000e-06	-2.128373e-06	-8.713964e-10	-1.146697e+01	-2.330925e+02
1.490000e-06	-2.069283e-06	-8.598922e-10	-1.114861e+01	-2.301472e+02
1.500000e-06	-2.009958e-06	-8.500667e-10	-1.082899e+01	-2.271712e+02
1.510000e-06	-1.950501e-06	-8.393357e-10	-1.050865e+01	-2.241636e+02
1.520000e-06	-1.890974e-06	-8.265262e-10	-1.018795e+01	-2.211233e+02
1.530000e-06	-1.831385e-06	-8.144397e-10	-9.866900e+00	-2.180488e+02
1.540000e-06	-1.771724e-06	-8.027261e-10	-9.545466e+00	-2.149384e+02
1.550000e-06	-1.712073e-06	-7.903826e-10	-9.224083e+00	-2.117900e+02
1.560000e-06	-1.652377e-06	-7.784653e-10	-8.902461e+00	-2.086010e+02
1.570000e-06	-1.592518e-06	-7.666465e-10	-8.579961e+00	-2.053688e+02
1.580000e-06	-1.532569e-06	-7.549229e-10	-8.256974e+00	-2.020903e+02
1.590000e-06	-1.472552e-06	-7.423928e-10	-7.933623e+00	-1.987621e+02
1.600000e-06	-1.412414e-06	-7.287514e-10	-7.609623e+00	-1.953806e+02
1.610000e-06	-1.352283e-06	-7.155030e-10	-7.285652e+00	-1.919421e+02
1.620000e-06	-1.292112e-06	-7.027079e-10	-6.961475e+00	-1.884427e+02
1.630000e-06	-1.231803e-06	-6.899378e-10	-6.636548e+00	-1.848781e+02
1.640000e-06	-1.171510e-06	-6.767906e-10	-6.311708e+00	-1.812443e+02
1.650000e-06	-1.111145e-06	-6.625629e-10	-5.986484e+00	-1.775370e+02
1.660000e-06	-1.050656e-06	-6.480426e-10	-5.660587e+00	-1.737520e+02
1.670000e-06	-9.901010e-07	-6.343942e-10	-5.334338e+00	-1.698852e+02
1.680000e-06	-9.293767e-07	-6.200416e-10	-5.007175e+00	-1.659326e+02
1.690000e-06	-8.686182e-07	-6.038423e-10	-4.679829e+00	-1.618905e+02
1.700000e-06	-8.078718e-07	-5.882714e-10	-4.352547e+00	-1.577551e+02
1.710000e-06	-7.470190e-07	-5.744069e-10	-4.024692e+00	-1.535232e+02
1.720000e-06	-6.860247e-07	-5.599327e-10	-3.696075e+00	-1.491919e+02
1.730000e-06	-6.250068e-07	-5.443114e-10	-3.367331e+00	-1.447586e+02
1.740000e-06	-5.641453e-07	-5.281048e-10	-3.039429e+00	-1.402210e+02
1.750000e-06	-5.031714e-07	-5.108205e-10	-2.710921e+00	-1.355776e+02
1.760000e-06	-4.420821e-07	-4.930830e-10	-2.381793e+00	-1.308271e+02
1.770000e-06	-3.809971e-07	-4.754857e-10	-2.052687e+00	-1.259691e+02
1.780000e-06	-3.197759e-07	-4.571290e-10	-1.722847e+00	-1.210033e+02
1.790000e-06	-2.585239e-07	-4.379948e-10	-1.392841e+00	-1.159303e+02
1.800000e-06	-1.972712e-07	-4.184681e-10	-1.062832e+00	-1.107513e+02
1.810000e-06	-1.360345e-07	-3.976676e-10	-7.329088e-01	-1.054680e+02
1.820000e-06	-7.489034e-08	-3.765765e-10	-4.034845e-01	-1.000828e+02
1.830000e-06	-1.380775e-08	-3.552846e-10	-7.439159e-02	-9.459869e+01
1.840000e-06	4.729211e-08	-3.325233e-10	2.547943e-01	-8.901923e+01
1.850000e-06	1.084045e-07	-3.102059e-10	5.840477e-01	-8.334859e+01
1.860000e-06	1.695462e-07	-2.893842e-10	9.134589e-01	-7.759150e+01
1.870000e-06	2.306284e-07	-2.686343e-10	1.242549e+00	-7.175322e+01
1.880000e-06	2.917529e-07	-2.459364e-10	1.571868e+00	-6.583952e+01
1.890000e-06	3.530045e-07	-2.217229e-10	1.901872e+00	-5.985662e+01
1.900000e-06	4.143482e-07	-1.988317e-10	2.232371e+00	-5.381113e+01
1.910000e-06	4.756364e-07	-1.762737e-10	2.562572e+00	-4.771005e+01
1.920000e-06	5.366343e-07	-1.528363e-10	2.891209e+00	-4.156070e+01
1.930000e-06	5.974451e-07	-1.299949e-10	3.218837e+00	-3.537061e+01
1.940000e-06	6.582370e-07	-1.070471e-10	3.546364e+00	-2.914755e+01
1.950000e-06	7.190942e-07	-8.293289e-11	3.874242e+00	-2.289940e+01
1.960000e-06	7.800148e-07	-5.801928e-11	4.202463e+00	-1.663413e+01
1.970000e-06	8.408576e-07	-3.324806e-11	4.530264e+00	-1.035971e+01
1.980000e-06	9.015406e-07	-1.017953e-11	4.857203e+00	-4.084058e+00
1.990000e-06	9.621586e-07	1.232830e-11	5.183793e+00	2.185007e+00
2.000000e-06	1.022611e-06	3.555501e-11	5.509493e+00	8.439842e+00
2.010000e-06	1.082925e-06	5.939673e-11	5.834442e+00	1.467302e+01
2.020000e-06	1.143267e-06	8.386186e-11	6.159543e+00	2.087741e+01
2.030000e-06	1.203637e-06	1.081582e-10	6.484798e+00	2.704620e+01
2.040000e-06	1.263971e-06	1.315916e-10	6.809859e+00	3.317293e+01
2.050000e-06	1.324180e-06	1.542236e-10	7.134245e+00	3.925158e+01
2.060000e-06	1.384270e-06	1.759635e-10	7.457987e+00	4.527657e+01
2.070000e-06	1.444285e-06	1.975337e-10	7.781330e+00	5.124279e+01
2.080000e-06	1.504264e-06	2.196202e-10	8.104478e+00	5.714566e+01
2.090000e-06	1.564244e-06	2.401851e-10	8.427632e+00	6.298108e+01
2.100000e-06	1.624173e-06	2.601811e-10	8.750510e+00	6.874552e+01
2.110000e-06	1.684013e-06	2.814890e-10	9.072907e+00	7.443595e+01
2.120000e-06	1.743776e-06	3.022363e-10	9.394888e+00	8.004992e+01
2.130000e-06	1.803433e-06	3.223673e-10	9.716303e+00	8.558547e+01
2.140000e-06	1.863005e-06	3.419115e-10	1.003726e+01	9.104118e+01
2.150000e-06	1.922430e-06	3.600460e-10	1.035742e+01	9.641613e+01
2.160000e-06	1.981689e-06	3.784784e-10	1.067669e+01	1.017099e+02
2.170000e-06	2.040828e-06	3.982718e-10	1.099531e+01	1.069224e+02
2.180000e-06	2.099823e-06	4.178809e-10	1.131315e+01	1.120542e+02
2.190000e-06	2.158761e-06	4.364651e-10	1.163069e+01	1.171060e+02
2.200000e-06	2.217460e-06	4.548896e-10	1.194694e+01	1.220789e+02
2.210000e-06	2.275780e-06	4.735691e-10	1.226115e+01	1.269744e+02
2.220000e-06	2.333921e-06	4.917483e-10	1.257440e+01	1.317943e+02
2.230000e-06	2.391792e-06	5.079473e-10	1.288618e+01	1.365403e+02
2.240000e-06	2.449254e-06	5.238744e-10	1.319577e+01	1.412147e+02
2.250000e-06	2.506390e-06	5.411672e-10	1.350360e+01	1.458194e+02
2.260000e-06	2.563275e-06	5.586313e-10	1.381008e+01	1.503570e+02
2.270000e-06	2.619910e-06	5.755004e-10	1.411521e+01	1.548296e+02
2.280000e-06	2.676262e-06	5.917096e-10	1.441882e+01	1.592395e+02
2.290000e-06	2.732391e-06	6.065030e-10	1.472122e+01	1.635890e+02
2.300000e-06	2.788476e-06	6.205673e-10	1.502339e+01	1.678802e+02
2.310000e-06	2.844420e-06	6.365691e-10	1.532480e+01	1.721152e+02
2.320000e-06	2.900147e-06	6.536755e-10	1.562503e+01	1.762959e+02
2.330000e-06	2.955808e-06	6.706894e-10	1.592492e+01	1.804240e+02
2.340000e-06	3.011299e-06	6.870039e-10	1.622388e+01	1.845011e+02
2.350000e-06	3.066621e-06	7.020335e-10	1.652194e+01	1.885285e+02
2.360000e-06	3.121683e-06	7.155123e-10	1.681860e+01	1.925073e+02
2.370000e-06	3.176492e-06	7.275582e-10	1.711389e+01	1.964386e+02
2.380000e-06	3.231230e-06	7.388961e-10	1.740880e+01	2.003229e+02
2.390000e-06	3.285836e-06	7.516784e-10	1.770300e+01	2.041608e+02
2.400000e-06	3.340140e-06	7.675469e-10	1.799557e+01	2.079525e+02
2.410000e-06	3.394059e-06	7.840186e-10	1.828607e+01	2.116982e+02
2.420000e-06	3.447834e-06	7.990722e-10	1.857579e+01	2.153977e+02
2.430000e-06	3.501484e-06	8.127294e-10	1.886484e+01	2.190508e+02
2.440000e-06	3.554844e-06	8.258983e-10	1.915233e+01	2.226572e+02
2.450000e-06	3.607972e-06	8.389651e-10	1.943857e+01	2.262163e+02
2.460000e-06	3.660838e-06	8.517525e-10	1.972339e+01	2.297275e+02
2.470000e-06	3.713291e-06	8.643758e-10	2.000599e+01	2.331902e+02
2.480000e-06	3.765466e-06	8.761444e-10	2.028709e+01	2.366036e+02
2.490000e-06	3.817416e-06	8.876334e-10	2.056698e+01	2.399672e+02
2.500000e-06	3.869093e-06	9.005291e-10	2.084540e+01	2.432800e+02
2.510000e-06	3.920383e-06	9.136096e-10	2.112173e+01	2.465415e+02
2.520000e-06	3.971294e-06	9.253467e-10	2.139602e+01	2.497511e+02
2.530000e-06	4.021757e-06	9.367651e-10	2.166790e+01	2.529083e+02
2.540000e-06	4.071676e-06	9.481578e-10	2.193685e+01	2.560125e+02
2.550000e-06	4.121200e-06	9.584732e-10	2.220366e+01	2.590635e+02
2.560000e-06	4.170267e-06	9.683715e-10	2.246802e+01	2.620610e+02
2.570000e-06	4.218945e-06	9.774541e-10	2.273028e+01	2.650051e+02
2.580000e-06	4.267325e-06	9.864282e-10	2.299094e+01	2.678957e+02
2.590000e-06	4.315380e-06	9.969147e-10	2.324984e+01	2.707330e+02
2.600000e-06	4.363137e-06	1.008345e-09	2.350714e+01	2.735175e+02
2.610000e-06	4.410686e-06	1.019481e-09	2.376332e+01	2.762496e+02
2.620000e-06	4.457961e-06	1.029358e-09	2.401802e+01	2.789299e+02
2.630000e-06	4.504991e-06	1.038057e-09	2.427141e+01	2.815592e+02
2.640000e-06	4.551803e-06	1.047073e-09	2.452361e+01	2.841383e+02
2.650000e-06	4.598182e-06	1.056789e-09	2.477349e+01	2.866682e+02
2.660000e-06	4.644183e-06	1.065497e-09	2.502132e+01	2.891499e+02
2.670000e-06	4.689855e-06	1.072481e-09	2.526739e+01	2.915847e+02
2.680000e-06	4.735189e-06	1.079637e-09	2.551164e+01	2.939735e+02
2.690000e-06	4.780317e-06	1.088785e-09	2.575477e+01	2.963176e+02
2.700000e-06	4.825067e-06	1.097452e-09	2.599587e+01	2.986183e+02
2.710000e-06	4.869389e-06	1.104984e-09	2.623466e+01	3.008767e+02
2.720000e-06	4.913508e-06	1.113901e-09	2.647236e+01	3.030941e+02
2.730000e-06	4.957478e-06	1.123614e-09	2.670926e+01	3.052716e+02
2.740000e-06	5.001268e-06	1.133193e-09	2.694518e+01	3.074103e+02
2.750000e-06	5.044872e-06	1.141878e-09	2.718010e+01	3.095114e+02
2.760000e-06	5.088054e-06	1.148283e-09	2.741276e+01	3.115757e+02
2.770000e-06	5.130657e-06	1.154011e-09	2.764229e+01	3.136044e+02
2.780000e-06	5.172833e-06	1.161797e-09	2.786952e+01	3.155981e+02
2.790000e-06	5.214414e-06	1.170830e-09	2.809354e+01	3.175577e+02
2.800000e-06	5.255345e-06	1.179082e-09	2.831406e+01	3.194838e+02
2.810000e-06	5.295833e-06	1.186677e-09	2.853220e+01	3.213771e+02
2.820000e-06	5.335959e-06	1.194262e-09	2.874839e+01	3.232381e+02
2.830000e-06	5.375841e-06	1.201815e-09	2.896326e+01	3.250673e+02
2.840000e-06	5.415442e-06	1.209139e-09	2.917662e+01	3.268650e+02
2.850000e-06	5.454722e-06	1.216167e-09	2.938824e+01	3.286316e+02
2.860000e-06	5.493684e-06	1.222320e-09	2.959816e+01	3.303673e+02
2.870000e-06	5.532186e-06	1.228003e-09	2.980559e+01	3.320724e+02
2.880000e-06	5.570251e-06	1.234708e-09	3.001067e+01	3.337472e+02
2.890000e-06	5.607973e-06	1.241930e-09	3.021391e+01	3.353919e+02
2.900000e-06	5.645315e-06	1.248274e-09	3.041509e+01	3.370067e+02
2.910000e-06	5.682240e-06	1.254013e-09	3.061404e+01	3.385917e+02
2.920000e-06	5.718760e-06	1.260286e-09	3.081079e+01	3.401474e+02
2.930000e-06	5.754858e-06	1.268058e-09	3.100528e+01	3.416739e+02
2.940000e-06	5.790612e-06	1.276401e-09	3.119790e+01	3.431715e+02
2.950000e-06	5.826174e-06	1.282407e-09	3.138950e+01	3.446407e+02
2.960000e-06	5.861435e-06	1.286210e-09	3.157948e+01	3.460819e+02
2.970000e-06	5.896247e-06	1.291626e-09	3.176703e+01	3.474955e+02
2.980000e-06	5.930536e-06	1.298450e-09	3.195177e+01	3.488820e+02
2.990000e-06	5.964069e-06	1.304257e-09	3.213244e+01	3.502420e+02
3.000000e-06	5.996921e-06	1.309050e-09	3.230943e+01	3.515762e+02
3.010000e-06	6.029220e-06	1.314027e-09	3.248345e+01	3.528851e+02
3.020000e-06	6.061071e-06	1.320200e-09	3.265505e+01	3.541696e+02
3.030000e-06	6.092753e-06	1.327625e-09	3.282574e+01	3.554302e+02
3.040000e-06	6.124103e-06	1.334991e-09	3.299465e+01	3.566679e+02
3.050000e-06	6.154961e-06	1.339906e-09	3.316090e+01	3.578833e+02
3.060000e-06	6.185343e-06	1.344943e-09	3.332459e+01	3.590773e+02
3.070000e-06	6.215281e-06	1.351406e-09	3.348588e+01	3.602505e+02
3.080000e-06	6.244821e-06	1.356517e-09	3.364504e+01	3.614038e+02
3.090000e-06	6.273926e-06	1.361018e-09	3.380185e+01	3.625377e+02
3.100000e-06	6.302618e-06	1.366322e-09	3.395643e+01	3.636530e+02
3.110000e-06	6.330955e-06	1.371894e-09	3.410910e+01	3.647504e+02
3.120000e-06	6.359015e-06	1.376190e-09	3.426028e+01	3.658302e+02
3.130000e-06	6.386785e-06	1.380355e-09	3.440989e+01	3.668930e+02
3.140000e-06	6.414264e-06	1.385252e-09	3.455794e+01	3.679392e+02
3.150000e-06	6.441266e-06	1.389923e-09	3.470341e+01	3.689690e+02
3.160000e-06	6.467575e-06	1.395987e-09	3.484516e+01	3.699828e+02
3.170000e-06	6.493119e-06	1.403128e-09	3.498278e+01	3.709807e+02
3.180000e-06	6.517817e-06	1.408957e-09	3.511585e+01	3.719626e+02
3.190000e-06	6.541974e-06	1.412735e-09	3.524600e+01	3.729287e+02
3.200000e-06	6.565799e-06	1.413514e-09	3.537436e+01	3.738788e+02
3.210000e-06	6.589242e-06	1.414181e-09	3.550066e+01	3.748128e+02
3.220000e-06	6.612202e-06	1.417630e-09	3.562436e+01	3.757303e+02
3.230000e-06	6.634752e-06	1.422904e-09	3.574585e+01	3.766313e+02
3.240000e-06	6.656861e-06	1.428542e-09	3.586497e+01	3.775153e+02
3.250000e-06	6.678485e-06	1.433837e-09	3.598147e+01	3.783820e+02
3.260000e-06	6.699657e-06	1.438680e-09	3.609554e+01	3.792311e+02
3.270000e-06	6.720312e-06	1.441521e-09	3.620682e+01	3.800621e+02
3.280000e-06	6.740610e-06	1.443033e-09	3.631618e+01	3.808748e+02
3.290000e-06	6.760589e-06	1.445060e-09	3.642382e+01	3.816688e+02
3.300000e-06	6.780281e-06	1.448435e-09	3.652992e+01	3.824438e+02
3.310000e-06	6.799681e-06	1.453138e-09	3.663444e+01	3.831994e+02
3.320000e-06	6.818647e-06	1.457956e-09	3.673662e+01	3.839356e+02
3.330000e-06	6.836960e-06	1.461873e-09	3.683528e+01	3.846520e+02
3.340000e-06	6.854501e-06	1.464122e-09	3.692979e+01	3.853486e+02
3.350000e-06	6.871532e-06	1.466117e-09	3.702155e+01	3.860253e+02
3.360000e-06	6.888268e-06	1.470707e-09	3.711171e+01	3.866821e+02
3.370000e-06	6.904597e-06	1.475163e-09	3.719969e+01	3.873191e+02
3.380000e-06	6.920321e-06	1.478029e-09	3.728440e+01	3.879364e+02
3.390000e-06	6.935290e-06	1.481039e-09	3.736505e+01	3.885342e+02
3.400000e-06	6.949705e-06	1.484626e-09	3.744272e+01	3.891126e+02
3.410000e-06	6.963733e-06	1.488249e-09	3.751830e+01	3.896719e+02
3.420000e-06	6.977097e-06	1.489844e-09	3.759030e+01	3.902125e+02
3.430000e-06	6.989857e-06	1.491044e-09	3.765905e+01	3.907347e+02
3.440000e-06	7.002269e-06	1.493153e-09	3.772591e+01	3.912387e+02
3.450000e-06	7.014307e-06	1.497051e-09	3.779077e+01	3.917249e+02
3.460000e-06	7.025842e-06	1.502882e-09	3.785292e+01	3.921937e+02
3.470000e-06	7.036610e-06	1.507257e-09	3.791093e+01	3.926452e+02
3.480000e-06	7.046496e-06	1.508805e-09	3.796419e+01	3.930798e+02
3.490000e-06	7.055659e-06	1.509101e-09	3.801356e+01	3.934978e+02
3.500000e-06	7.064200e-06	1.511044e-09	3.805958e+01	3.938991e+02
3.510000e-06	7.072281e-06	1.515306e-09	3.810311e+01	3.942841e+02
3.520000e-06	7.080032e-06	1.519145e-09	3.814488e+01	3.946526e+02
3.530000e-06	7.087398e-06	1.521773e-09	3.818456e+01	3.950048e+02
3.540000e-06	7.094329e-06	1.524489e-09	3.822190e+01	3.953405e+02
3.550000e-06	7.100749e-06	1.527320e-09	3.825649e+01	3.956596e+02
3.560000e-06	7.106572e-06	1.529353e-09	3.828786e+01	3.959618e+02
3.570000e-06	7.111856e-06	1.531069e-09	3.831634e+01	3.962470e+02
3.580000e-06	7.116641e-06	1.533091e-09	3.834211e+01	3.965147e+02
3.590000e-06	7.120959e-06	1.536062e-09	3.836538e+01	3.967647e+02
3.600000e-06	7.124992e-06	1.539376e-09	3.838711e+01	3.969964e+02
3.610000e-06	7.128692e-06	1.542069e-09	3.840704e+01	3.972096e+02
3.620000e-06	7.132003e-06	1.544266e-09	3.842488e+01	3.974037e+02
3.630000e-06	7.134825e-06	1.545582e-09	3.844008e+01	3.975784e+02
3.640000e-06	7.136799e-06	1.546089e-09	3.845072e+01	3.977333e+02
3.650000e-06	7.137960e-06	1.547195e-09	3.845698e+01	3.978681e+02
3.660000e-06	7.138522e-06	1.549823e-09	3.846000e+01	3.979823e+02
3.670000e-06	7.138501e-06	1.551659e-09	3.845989e+01	3.980758e+02
3.680000e-06	7.138160e-06	1.552799e-09	3.845805e+01	3.981485e+02
3.690000e-06	7.137434e-06	1.553645e-09	3.845414e+01	3.982002e+02
3.700000e-06	7.136133e-06	1.553965e-09	3.844713e+01	3.982309e+02
3.710000e-06	7.134463e-06	1.554854e-09	3.843813e+01	3.982409e+02
3.720000e-06	7.132351e-06	1.555392e-09	3.842675e+01	3.982304e+02
3.730000e-06	7.129715e-06	1.556283e-09	3.841255e+01	3.981997e+02
3.740000e-06	7.126694e-06	1.557086e-09	3.839627e+01	3.981494e+02
3.750000e-06	7.123223e-06	1.552988e-09	3.837758e+01	3.980799e+02
3.760000e-06	7.119264e-06	1.554244e-09	3.835625e+01	3.979921e+02
3.770000e-06	7.114543e-06	1.578243e-09	3.833081e+01	3.978867e+02
3.780000e-06	7.108915e-06	1.593092e-09	3.830049e+01	3.977646e+02
3.790000e-06	7.102702e-06	1.554375e-09	3.826702e+01	3.976268e+02
3.800000e-06	7.096195e-06	1.507461e-09	3.823196e+01	3.974744e+02
3.810000e-06	7.089372e-06	1.549604e-09	3.819520e+01	3.973084e+02
3.820000e-06	7.081980e-06	1.612180e-09	3.815537e+01	3.971299e+02
3.830000e-06	7.074082e-06	1.566981e-09	3.811282e+01	3.969401e+02
3.840000e-06	7.065903e-06	1.500076e-09	3.806875e+01	3.967401e+02
3.850000e-06	7.057311e-06	1.558763e-09	3.802246e+01	3.965309e+02
3.860000e-06	7.048079e-06	1.638877e-09	3.797272e+01	3.963135e+02
3.870000e-06	7.038270e-06	1.563906e-09	3.791988e+01	3.960890e+02
3.880000e-06	7.028136e-06	1.461627e-09	3.786528e+01	3.958582e+02
3.890000e-06	7.017692e-06	1.541693e-09	3.780901e+01	3.956218e+02
3.900000e-06	7.006610e-06	1.650819e-09	3.774930e+01	3.953805e+02
3.910000e-06	6.994942e-06	1.570290e-09	3.768644e+01	3.951348e+02
3.920000e-06	6.982685e-06	1.478699e-09	3.762040e+01	3.948850e+02
3.930000e-06	6.969598e-06	1.567639e-09	3.754990e+01	3.946312e+02
3.940000e-06	6.955793e-06	1.629474e-09	3.747552e+01	3.943737e+02
3.950000e-06	6.941341e-06	1.524480e-09	3.739766e+01	3.941122e+02
3.960000e-06	6.926126e-06	1.495160e-09	3.731568e+01	3.938464e+02
3.970000e-06	6.910346e-06	1.609320e-09	3.723066e+01	3.935759e+02
3.980000e-06	6.894238e-06	1.610117e-09	3.714388e+01	3.933002e+02
3.990000e-06	6.877803e-06	1.504139e-09	3.705533e+01	3.930185e+02
4.000000e-06	6.860894e-06	1.539979e-09	3.696424e+01	3.927301e+02
4.010000e-06	6.843497e-06	1.620875e-09	3.687051e+01	3.924339e+02
4.020000e-06	6.825712e-06	1.543864e-09	3.677469e+01	3.921291e+02
4.030000e-06	6.807444e-06	1.497580e-09	3.667626e+01	3.918145e+02
4.040000e-06	6.788570e-06	1.603233e-09	3.657458e+01	3.914890e+02
4.050000e-06	6.769192e-06	1.614373e-09	3.647017e+01	3.911515e+02
4.060000e-06	6.749502e-06	1.508645e-09	3.636409e+01	3.908009e+02
4.070000e-06	6.729451e-06	1.535632e-09	3.625606e+01	3.904362e+02
4.080000e-06	6.709085e-06	1.614777e-09	3.614634e+01	3.900561e+02
4.090000e-06	6.688159e-06	1.548380e-09	3.603360e+01	3.896599e+02
4.100000e-06	6.666487e-06	1.507755e-09	3.591683e+01	3.892465e+02
4.110000e-06	6.644201e-06	1.590743e-09	3.579676e+01	3.888153e+02
4.120000e-06	6.621230e-06	1.588050e-09	3.567300e+01	3.883656e+02
4.130000e-06	6.597682e-06	1.514730e-09	3.554613e+01	3.878967e+02
4.140000e-06	6.573696e-06	1.552117e-09	3.541690e+01	3.874084e+02
4.150000e-06	6.549370e-06	1.590314e-09	3.528584e+01	3.869003e+02
4.160000e-06	6.524759e-06	1.532039e-09	3.515325e+01	3.863724e+02
4.170000e-06	6.499703e-06	1.530814e-09	3.501825e+01	3.858247e+02
4.180000e-06	6.474077e-06	1.583391e-09	3.488019e+01	3.852572e+02
4.190000e-06	6.447923e-06	1.553500e-09	3.473928e+01	3.846704e+02
4.200000e-06	6.421339e-06	1.522317e-09	3.459605e+01	3.840646e+02
4.210000e-06	6.394236e-06	1.558067e-09	3.445003e+01	3.834403e+02
4.220000e-06	6.366625e-06	1.554079e-09	3.430128e+01	3.827981e+02
4.230000e-06	6.338733e-06	1.520079e-09	3.415100e+01	3.821387e+02
4.240000e-06	6.310635e-06	1.539166e-09	3.399962e+01	3.814626e+02
4.250000e-06	6.282134e-06	1.553475e-09	3.384607e+01	3.807706e+02
4.260000e-06	6.253176e-06	1.528941e-09	3.369005e+01	3.800635e+02
4.270000e-06	6.223752e-06	1.527038e-09	3.353153e+01	3.793419e+02
4.280000e-06	6.193577e-06	1.538154e-09	3.336895e+01	3.786065e+02
4.290000e-06	6.162610e-06	1.527661e-09	3.320211e+01	3.778578e+02
4.300000e-06	6.131107e-06	1.521986e-09	3.303238e+01	3.770964e+02
4.310000e-06	6.099188e-06	1.527973e-09	3.286042e+01	3.763225e+02
4.320000e-06	6.066816e-06	1.525349e-09	3.268601e+01	3.755366e+02
4.330000e-06	6.033990e-06	1.518446e-09	3.250915e+01	3.747388e+02
4.340000e-06	6.000902e-06	1.514995e-09	3.233088e+01	3.739291e+02
4.350000e-06	5.967384e-06	1.515031e-09	3.215030e+01	3.731074e+02
4.360000e-06	5.933407e-06	1.514683e-09	3.196724e+01	3.722733e+02
4.370000e-06	5.899113e-06	1.508764e-09	3.178247e+01	3.714267e+02
4.380000e-06	5.864410e-06	1.506253e-09	3.159551e+01	3.705668e+02
4.390000e-06	5.829309e-06	1.509348e-09	3.140639e+01	3.696930e+02
4.400000e-06	5.793788e-06	1.502601e-09	3.121502e+01	3.688047e+02
4.410000e-06	5.757978e-06	1.493908e-09	3.102209e+01	3.679008e+02
4.420000e-06	5.721954e-06	1.494861e-09	3.082800e+01	3.669804e+02
4.430000e-06	5.685619e-06	1.491505e-09	3.063224e+01	3.660426e+02
4.440000e-06	5.648903e-06	1.484115e-09	3.043443e+01	3.650862e+02
4.450000e-06	5.611730e-06	1.484917e-09	3.023415e+01	3.641101e+02
4.460000e-06	5.573796e-06	1.484632e-09	3.002977e+01	3.631133e+02
4.470000e-06	5.535012e-06	1.477404e-09	2.982082e+01	3.620947e+02
4.480000e-06	5.495625e-06	1.472933e-09	2.960861e+01	3.610533e+02
4.490000e-06	5.455863e-06	1.471414e-09	2.939439e+01	3.599881e+02
4.500000e-06	5.415866e-06	1.466553e-09	2.917890e+01	3.588982e+02
4.510000e-06	5.375674e-06	1.460409e-09	2.896236e+01	3.577830e+02
4.520000e-06	5.335165e-06	1.456342e-09	2.874411e+01	3.566417e+02
4.530000e-06	5.294261e-06	1.453158e-09	2.852373e+01	3.554739e+02
4.540000e-06	5.253113e-06	1.449174e-09	2.830204e+01	3.542792e+02
4.550000e-06	5.211632e-06	1.444656e-09	2.807855e+01	3.530575e+02
4.560000e-06	5.169679e-06	1.441776e-09	2.785252e+01	3.518086e+02
4.570000e-06	5.127396e-06	1.437824e-09	2.762472e+01	3.505328e+02
4.580000e-06	5.084680e-06	1.431330e-09	2.739458e+01	3.492302e+02
4.590000e-06	5.041581e-06	1.425143e-09	2.716238e+01	3.479014e+02
4.600000e-06	4.998180e-06	1.419550e-09	2.692854e+01	3.465468e+02
4.610000e-06	4.954406e-06	1.414339e-09	2.669271e+01	3.451671e+02
4.620000e-06	4.910436e-06	1.410740e-09	2.645581e+01	3.437630e+02
4.630000e-06	4.866315e-06	1.408792e-09	2.621810e+01	3.423355e+02
4.640000e-06	4.821871e-06	1.405295e-09	2.597865e+01	3.408855e+02
4.650000e-06	4.777123e-06	1.398008e-09	2.573756e+01	3.394138e+02
4.660000e-06	4.731980e-06	1.389104e-09	2.549435e+01	3.379214e+02
4.670000e-06	4.686414e-06	1.381056e-09	2.524885e+01	3.364093e+02
4.680000e-06	4.640586e-06	1.373687e-09	2.500194e+01	3.348784e+02
4.690000e-06	4.594282e-06	1.367129e-09	2.475248e+01	3.333294e+02
4.700000e-06	4.547592e-06	1.363036e-09	2.450093e+01	3.317631e+02
4.710000e-06	4.500766e-06	1.359853e-09	2.424864e+01	3.301802e+02
4.720000e-06	4.453808e-06	1.355319e-09	2.399565e+01	3.285811e+02
4.730000e-06	4.406463e-06	1.348232e-09	2.374057e+01	3.269661e+02
4.740000e-06	4.358657e-06	1.337250e-09	2.348300e+01	3.253354e+02
4.750000e-06	4.310604e-06	1.326837e-09	2.322411e+01	3.236891e+02
4.760000e-06	4.262209e-06	1.321019e-09	2.296337e+01	3.220268e+02
4.770000e-06	4.213368e-06	1.316516e-09	2.270024e+01	3.203483e+02
4.780000e-06	4.164175e-06	1.312761e-09	2.243520e+01	3.186529e+02
4.790000e-06	4.114718e-06	1.310286e-09	2.216874e+01	3.169400e+02
4.800000e-06	4.064852e-06	1.305496e-09	2.190008e+01	3.152085e+02
4.810000e-06	4.014717e-06	1.298097e-09	2.162997e+01	3.134574e+02
4.820000e-06	3.964294e-06	1.290335e-09	2.135831e+01	3.116854e+02
4.830000e-06	3.913391e-06	1.282812e-09	2.108406e+01	3.098912e+02
4.840000e-06	3.862225e-06	1.275325e-09	2.080839e+01	3.080733e+02
4.850000e-06	3.810806e-06	1.268540e-09	2.053137e+01	3.062301e+02
4.860000e-06	3.759130e-06	1.262520e-09	2.025295e+01	3.043602e+02
4.870000e-06	3.707277e-06	1.256174e-09	1.997358e+01	3.024617e+02
4.880000e-06	3.655087e-06	1.249353e-09	1.969240e+01	3.005331e+02
4.890000e-06	3.602523e-06	1.242963e-09	1.940921e+01	2.985728e+02
4.900000e-06	3.549618e-06	1.235599e-09	1.912417e+01	2.965792e+02
4.910000e-06	3.496290e-06	1.227554e-09	1.883686e+01	2.945509e+02
4.920000e-06	3.442628e-06	1.219980e-09	1.854774e+01	2.924866e+02
4.930000e-06	3.388566e-06	1.210446e-09	1.825647e+01	2.903851e+02
4.940000e-06	3.334072e-06	1.200137e-09	1.796288e+01	2.882452e+02
4.950000e-06	3.279262e-06	1.191799e-09	1.766758e+01	2.860661e+02
4.960000e-06	3.224119e-06	1.183744e-09	1.737049e+01	2.838472e+02
4.970000e-06	3.168812e-06	1.175013e-09	1.707251e+01	2.815878e+02
4.980000e-06	3.113339e-06	1.165608e-09	1.677364e+01	2.792878e+02
4.990000e-06	3.057598e-06	1.156123e-09	1.647333e+01	2.769470e+02
5.000000e-06	3.001679e-06	1.147006e-09	1.617205e+01	2.745656e+02
5.010000e-06	2.945708e-06	1.136536e-09	1.587050e+01	2.721437e+02
5.020000e-06	2.889616e-06	1.125048e-09	1.556830e+01	2.696820e+02
5.030000e-06	2.833247e-06	1.114702e-09	1.526460e+01	2.671809e+02
5.040000e-06	2.776673e-06	1.105346e-09	1.495980e+01	2.646413e+02
5.050000e-06	2.719895e-06	1.096738e-09	1.465390e+01	2.620640e+02
5.060000e-06	2.662956e-06	1.088999e-09	1.434713e+01	2.594500e+02
5.070000e-06	2.605876e-06	1.078783e-09	1.403960e+01	2.568002e+02
5.080000e-06	2.548584e-06	1.066081e-09	1.373093e+01	2.541158e+02
5.090000e-06	2.491068e-06	1.053672e-09	1.342105e+01	2.513976e+02
5.100000e-06	2.433407e-06	1.042295e-09	1.311039e+01	2.486467e+02
5.110000e-06	2.375623e-06	1.031581e-09	1.279907e+01	2.458639e+02
5.120000e-06	2.317743e-06	1.020742e-09	1.248724e+01	2.430500e+02
5.130000e-06	2.259741e-06	1.009297e-09	1.217474e+01	2.402054e+02
5.140000e-06	2.201432e-06	9.977346e-10	1.186059e+01	2.373306e+02
5.150000e-06	2.142856e-06	9.859776e-10	1.154500e+01	2.344257e+02
5.160000e-06	2.084212e-06	9.726264e-10	1.122905e+01	2.314907e+02
5.170000e-06	2.025486e-06	9.584396e-10	1.091265e+01	2.285250e+02
5.180000e-06	1.966586e-06	9.458117e-10	1.059532e+01	2.255281e+02
5.190000e-06	1.907557e-06	9.339912e-10	1.027729e+01	2.224989e+02
5.200000e-06	1.848292e-06	9.224058e-10	9.957989e+00	2.194361e+02
5.210000e-06	1.788858e-06	9.114263e-10	9.637774e+00	2.163380e+02
5.220000e-06	1.729385e-06	8.987338e-10	9.317357e+00	2.132026e+02
5.230000e-06	1.669847e-06	8.844693e-10	8.996582e+00	2.100275e+02
5.240000e-06	1.610266e-06	8.708160e-10	8.675580e+00	2.068101e+02
5.250000e-06	1.550598e-06	8.565829e-10	8.354110e+00	2.035474e+02
5.260000e-06	1.490777e-06	8.416806e-10	8.031815e+00	2.002363e+02
5.270000e-06	1.430821e-06	8.277782e-10	7.708792e+00	1.968730e+02
5.280000e-06	1.370888e-06	8.141088e-10	7.385890e+00	1.934541e+02
5.290000e-06	1.310938e-06	7.992886e-10	7.062904e+00	1.899755e+02
5.300000e-06	1.250891e-06	7.830708e-10	6.739385e+00	1.864331e+02
5.310000e-06	1.190745e-06	7.669410e-10	6.415341e+00	1.828229e+02
5.320000e-06	1.130505e-06	7.509494e-10	6.090790e+00	1.791406e+02
5.330000e-06	1.070312e-06	7.356096e-10	5.766489e+00	1.753821e+02
5.340000e-06	1.010028e-06	7.215521e-10	5.441696e+00	1.715431e+02
5.350000e-06	9.495781e-07	7.063680e-10	5.116014e+00	1.676197e+02
5.360000e-06	8.891816e-07	6.888140e-10	4.790617e+00	1.636079e+02
5.370000e-06	8.288054e-07	6.700047e-10	4.465330e+00	1.595040e+02
5.380000e-06	7.684083e-07	6.508798e-10	4.139930e+00	1.553047e+02
5.390000e-06	7.078981e-07	6.317884e-10	3.813921e+00	1.510069e+02
5.400000e-06	6.472597e-07	6.128497e-10	3.487222e+00	1.466079e+02
5.410000e-06	5.865776e-07	5.945354e-10	3.160287e+00	1.421054e+02
5.420000e-06	5.257958e-07	5.771134e-10	2.832814e+00	1.374975e+02
5.430000e-06	4.649415e-07	5.588605e-10	2.504952e+00	1.327829e+02
5.440000e-06	4.042212e-07	5.393668e-10	2.177810e+00	1.279608e+02
5.450000e-06	3.435414e-07	5.181916e-10	1.850888e+00	1.230309e+02
5.460000e-06	2.827605e-07	4.956967e-10	1.523420e+00	1.179937e+02
5.470000e-06	2.218961e-07	4.739667e-10	1.195503e+00	1.128499e+02
5.480000e-06	1.609757e-07	4.532455e-10	8.672839e-01	1.076013e+02
5.490000e-06	1.001700e-07	4.331291e-10	5.396831e-01	1.022498e+02
5.500000e-06	3.942705e-08	4.120783e-10	2.124199e-01	9.679837e+01
5.510000e-06	-2.139336e-08	3.888819e-10	-1.152604e-01	9.125033e+01
5.520000e-06	-8.227107e-08	3.644388e-10	-4.432494e-01	8.560965e+01
5.530000e-06	-1.429883e-07	3.407387e-10	-7.703739e-01	7.988090e+01
5.540000e-06	-2.036439e-07	3.180366e-10	-1.097166e+00	7.406914e+01
5.550000e-06	-2.644350e-07	2.960836e-10	-1.424688e+00	6.817999e+01
5.560000e-06	-3.251737e-07	2.732059e-10	-1.751928e+00	6.221951e+01
5.570000e-06	-3.857444e-07	2.480818e-10	-2.078263e+00	5.619420e+01
5.580000e-06	-4.461819e-07	2.225180e-10	-2.403881e+00	5.011093e+01
5.590000e-06	-5.065712e-07	1.971280e-10	-2.729239e+00	4.397692e+01
5.600000e-06	-5.671076e-07	1.729780e-10	-3.055389e+00	3.779963e+01
5.610000e-06	-6.277051e-07	1.484111e-10	-3.381868e+00	3.158677e+01
5.620000e-06	-6.882132e-07	1.224393e-10	-3.707866e+00	2.534617e+01
5.630000e-06	-7.486943e-07	9.752446e-11	-4.033718e+00	1.908580e+01
5.640000e-06	-8.090707e-07	7.204675e-11	-4.359006e+00	1.281362e+01
5.650000e-06	-8.693889e-07	4.444562e-11	-4.683981e+00	6.537577e+00
5.660000e-06	-9.297051e-07	1.714489e-11	-5.008945e+00	2.655325e-01
5.670000e-06	-9.899185e-07	-8.757233e-12	-5.333354e+00	-5.994807e+00
5.680000e-06	-1.050077e-06	-3.305605e-11	-5.657469e+00	-1.223594e+01
5.690000e-06	-1.110241e-06	-5.536821e-11	-5.981613e+00	-1.845063e+01
5.700000e-06	-1.170388e-06	-7.922335e-11	-6.305665e+00	-2.463194e+01
5.710000e-06	-1.230456e-06	-1.059099e-10	-6.629293e+00	-3.077330e+01
5.720000e-06	-1.290476e-06	-1.318274e-10	-6.952661e+00	-3.686854e+01
5.730000e-06	-1.350451e-06	-1.549958e-10	-7.275784e+00	-4.291194e+01
5.740000e-06	-1.410321e-06	-1.774464e-10	-7.598342e+00	-4.889821e+01
5.750000e-06	-1.470173e-06	-2.012706e-10	-7.920810e+00	-5.482260e+01
5.760000e-06	-1.529898e-06	-2.269166e-10	-8.242587e+00	-6.068085e+01
5.770000e-06	-1.589471e-06	-2.519556e-10	-8.563548e+00	-6.646924e+01
5.780000e-06	-1.648958e-06	-2.748854e-10	-8.884043e+00	-7.218456e+01
5.790000e-06	-1.708408e-06	-2.982458e-10	-9.204337e+00	-7.782418e+01
5.800000e-06	-1.767775e-06	-3.232399e-10	-9.524191e+00	-8.338598e+01
5.810000e-06	-1.827030e-06	-3.481589e-10	-9.843435e+00	-8.886836e+01
5.820000e-06	-1.886208e-06	-3.706012e-10	-1.016226e+01	-9.427023e+01
5.830000e-06	-1.945198e-06	-3.923800e-10	-1.048008e+01	-9.959099e+01
5.840000e-06	-2.004070e-06	-4.162314e-10	-1.079727e+01	-1.048305e+02
5.850000e-06	-2.062856e-06	-4.404339e-10	-1.111399e+01	-1.099890e+02
5.860000e-06	-2.121443e-06	-4.630974e-10	-1.142964e+01	-1.150673e+02
5.870000e-06	-2.179825e-06	-4.840145e-10	-1.174418e+01	-1.200663e+02
5.880000e-06	-2.237924e-06	-5.039155e-10	-1.205720e+01	-1.249874e+02
5.890000e-06	-2.295792e-06	-5.237507e-10	-1.236897e+01	-1.298322e+02
5.900000e-06	-2.353495e-06	-5.442696e-10	-1.267985e+01	-1.346025e+02
5.910000e-06	-2.411109e-06	-5.652453e-10	-1.299026e+01	-1.393004e+02
5.920000e-06	-2.468668e-06	-5.850069e-10	-1.330037e+01	-1.439281e+02
5.930000e-06	-2.526041e-06	-6.043820e-10	-1.360948e+01	-1.484877e+02
5.940000e-06	-2.583204e-06	-6.247856e-10	-1.391745e+01	-1.529816e+02
5.950000e-06	-2.640159e-06	-6.456196e-10	-1.422431e+01	-1.574121e+02
5.960000e-06	-2.696823e-06	-6.655800e-10	-1.452959e+01	-1.617814e+02
5.970000e-06	-2.753221e-06	-6.839974e-10	-1.483345e+01	-1.660917e+02
5.980000e-06	-2.809583e-06	-7.009780e-10	-1.513710e+01	-1.703452e+02
5.990000e-06	-2.865873e-06	-7.174730e-10	-1.544038e+01	-1.745437e+02
6.000000e-06	-2.921993e-06	-7.351937e-10	-1.574273e+01	-1.786891e+02
6.010000e-06	-2.977955e-06	-7.530734e-10	-1.604424e+01	-1.827830e+02
6.020000e-06	-3.033797e-06	-7.685779e-10	-1.634510e+01	-1.868267e+02
6.030000e-06	-3.089479e-06	-7.837970e-10	-1.664510e+01	-1.908215e+02
6.040000e-06	-3.145010e-06	-8.011094e-10	-1.694428e+01	-1.947685e+02
6.050000e-06	-3.200289e-06	-8.182345e-10	-1.724210e+01	-1.986683e+02
6.060000e-06	-3.255068e-06	-8.345122e-10	-1.753723e+01	-2.025215e+02
6.070000e-06	-3.309310e-06	-8.501079e-10	-1.782947e+01	-2.063285e+02
6.080000e-06	-3.363169e-06	-8.656789e-10	-1.811965e+01	-2.100895e+02
6.090000e-06	-3.416824e-06	-8.825135e-10	-1.840872e+01	-2.138044e+02
6.100000e-06	-3.470177e-06	-8.996036e-10	-1.869617e+01	-2.174729e+02
6.110000e-06	-3.523156e-06	-9.147374e-10	-1.898160e+01	-2.210949e+02
6.120000e-06	-3.575726e-06	-9.278427e-10	-1.926483e+01	-2.246697e+02
6.130000e-06	-3.628032e-06	-9.415123e-10	-1.954664e+01	-2.281969e+02
6.140000e-06	-3.680214e-06	-9.562328e-10	-1.982778e+01	-2.316757e+02
6.150000e-06	-3.732100e-06	-9.714668e-10	-2.010733e+01	-2.351056e+02
6.160000e-06	-3.783694e-06	-9.868436e-10	-2.038529e+01	-2.384858e+02
6.170000e-06	-3.835031e-06	-1.000984e-09	-2.066188e+01	-2.418155e+02
6.180000e-06	-3.886120e-06	-1.014044e-09	-2.093714e+01	-2.450941e+02
6.190000e-06	-3.936811e-06	-1.027028e-09	-2.121024e+01	-2.483210e+02
6.200000e-06	-3.987153e-06	-1.040043e-09	-2.148147e+01	-2.514956e+02
6.210000e-06	-4.037378e-06	-1.052035e-09	-2.175206e+01	-2.546175e+02
6.220000e-06	-4.087348e-06	-1.063710e-09	-2.202128e+01	-2.576861e+02
6.230000e-06	-4.136819e-06	-1.076310e-09	-2.228781e+01	-2.607014e+02
6.240000e-06	-4.185764e-06	-1.088596e-09	-2.255152e+01	-2.636632e+02
6.250000e-06	-4.234300e-06	-1.100381e-09	-2.281301e+01	-2.665716e+02
6.260000e-06	-4.282345e-06	-1.112204e-09	-2.307186e+01	-2.694265e+02
6.270000e-06	-4.330020e-06	-1.122690e-09	-2.332872e+01	-2.722285e+02
6.280000e-06	-4.377431e-06	-1.132585e-09	-2.358416e+01	-2.749779e+02
6.290000e-06	-4.424468e-06	-1.145220e-09	-2.383757e+01	-2.776753e+02
6.300000e-06	-4.471065e-06	-1.158501e-09	-2.408863e+01	-2.803215e+02
6.310000e-06	-4.517459e-06	-1.169328e-09	-2.433858e+01	-2.829171e+02
6.320000e-06	-4.563762e-06	-1.178378e-09	-2.458804e+01	-2.854633e+02
6.330000e-06	-4.609802e-06	-1.188372e-09	-2.483609e+01	-2.879609e+02
6.340000e-06	-4.655586e-06	-1.199620e-09	-2.508276e+01	-2.904111e+02
6.350000e-06	-4.700883e-06	-1.210111e-09	-2.532681e+01	-2.928150e+02
6.360000e-06	-4.745702e-06	-1.219930e-09	-2.556828e+01	-2.951738e+02
6.370000e-06	-4.790242e-06	-1.229163e-09	-2.580824e+01	-2.974887e+02
6.380000e-06	-4.834501e-06	-1.238395e-09	-2.604670e+01	-2.997610e+02
6.390000e-06	-4.878512e-06	-1.247209e-09	-2.628381e+01	-3.019919e+02
6.400000e-06	-4.922402e-06	-1.254905e-09	-2.652028e+01	-3.041825e+02
6.410000e-06	-4.966061e-06	-1.261395e-09	-2.675550e+01	-3.063339e+02
6.420000e-06	-5.009409e-06	-1.268668e-09	-2.698904e+01	-3.084473e+02
6.430000e-06	-5.052394e-06	-1.278554e-09	-2.722063e+01	-3.105238e+02
6.440000e-06	-5.094964e-06	-1.288890e-09	-2.744999e+01	-3.125641e+02
6.450000e-06	-5.137205e-06	-1.298320e-09	-2.767757e+01	-3.145693e+02
6.460000e-06	-5.179164e-06	-1.306547e-09	-2.790363e+01	-3.165401e+02
6.470000e-06	-5.220826e-06	-1.313674e-09	-2.812809e+01	-3.184773e+02
6.480000e-06	-5.262037e-06	-1.321140e-09	-2.835012e+01	-3.203814e+02
6.490000e-06	-5.302846e-06	-1.328931e-09	-2.856998e+01	-3.222531e+02
6.500000e-06	-5.343308e-06	-1.335884e-09	-2.878798e+01	-3.240927e+02
6.510000e-06	-5.383485e-06	-1.342879e-09	-2.900444e+01	-3.259008e+02
6.520000e-06	-5.423482e-06	-1.351304e-09	-2.921993e+01	-3.276776e+02
6.530000e-06	-5.463218e-06	-1.360114e-09	-2.943402e+01	-3.294235e+02
6.540000e-06	-5.502428e-06	-1.366614e-09	-2.964527e+01	-3.311387e+02
6.550000e-06	-5.541097e-06	-1.372505e-09	-2.985360e+01	-3.328236e+02
6.560000e-06	-5.579240e-06	-1.379619e-09	-3.005911e+01	-3.344782e+02
6.570000e-06	-5.616728e-06	-1.386146e-09	-3.026108e+01	-3.361028e+02
6.580000e-06	-5.653638e-06	-1.391845e-09	-3.045994e+01	-3.376977e+02
6.590000e-06	-5.690020e-06	-1.397262e-09	-3.065595e+01	-3.392630e+02
6.600000e-06	-5.726047e-06	-1.402544e-09	-3.085005e+01	-3.407991e+02
6.610000e-06	-5.761887e-06	-1.408328e-09	-3.104315e+01	-3.423063e+02
6.620000e-06	-5.797425e-06	-1.414790e-09	-3.123462e+01	-3.437849e+02
6.630000e-06	-5.832543e-06	-1.421041e-09	-3.142382e+01	-3.452352e+02
6.640000e-06	-5.867290e-06	-1.425952e-09	-3.161102e+01	-3.466579e+02
6.650000e-06	-5.901650e-06	-1.430483e-09	-3.179615e+01	-3.480533e+02
6.660000e-06	-5.935613e-06	-1.435408e-09	-3.197912e+01	-3.494220e+02
6.670000e-06	-5.969057e-06	-1.440798e-09	-3.215931e+01	-3.507646e+02
6.680000e-06	-6.002012e-06	-1.446258e-09	-3.233686e+01	-3.520818e+02
6.690000e-06	-6.034595e-06	-1.450055e-09	-3.251241e+01	-3.533743e+02
6.700000e-06	-6.066807e-06	-1.453365e-09	-3.268595e+01	-3.546427e+02
6.710000e-06	-6.098702e-06	-1.458225e-09	-3.285779e+01	-3.558879e+02
6.720000e-06	-6.130327e-06	-1.464057e-09	-3.302818e+01	-3.571106e+02
6.730000e-06	-6.161449e-06	-1.468972e-09	-3.319585e+01	-3.583115e+02
6.740000e-06	-6.191908e-06	-1.471506e-09	-3.335996e+01	-3.594915e+02
6.750000e-06	-6.221746e-06	-1.473729e-09	-3.352071e+01	-3.606513e+02
6.760000e-06	-6.250908e-06	-1.478109e-09	-3.367783e+01	-3.617915e+02
6.770000e-06	-6.279544e-06	-1.482324e-09	-3.383211e+01	-3.629129e+02
6.780000e-06	-6.307812e-06	-1.485029e-09	-3.398441e+01	-3.640161e+02
6.790000e-06	-6.335823e-06	-1.487646e-09	-3.413533e+01	-3.651016e+02
6.800000e-06	-6.363490e-06	-1.490425e-09	-3.428438e+01	-3.661699e+02
6.810000e-06	-6.390629e-06	-1.493302e-09	-3.443060e+01	-3.672215e+02
6.820000e-06	-6.417302e-06	-1.496318e-09	-3.457431e+01	-3.682567e+02
6.830000e-06	-6.443475e-06	-1.499619e-09	-3.471532e+01	-3.692758e+02
6.840000e-06	-6.469177e-06	-1.503221e-09	-3.485379e+01	-3.702789e+02
6.850000e-06	-6.494416e-06	-1.505726e-09	-3.498977e+01	-3.712660e+02
6.860000e-06	-6.519196e-06	-1.507547e-09	-3.512328e+01	-3.722374e+02
6.870000e-06	-6.543650e-06	-1.510054e-09	-3.525503e+01	-3.731927e+02
6.880000e-06	-6.567785e-06	-1.513180e-09	-3.538506e+01	-3.741320e+02
6.890000e-06	-6.591618e-06	-1.517281e-09	-3.551346e+01	-3.750550e+02
6.900000e-06	-6.615009e-06	-1.521062e-09	-3.563949e+01	-3.759614e+02
6.910000e-06	-6.637764e-06	-1.523737e-09	-3.576208e+01	-3.768511e+02
6.920000e-06	-6.659973e-06	-1.525815e-09	-3.588174e+01	-3.777235e+02
6.930000e-06	-6.681431e-06	-1.527346e-09	-3.599734e+01	-3.785784e+02
6.940000e-06	-6.702064e-06	-1.529545e-09	-3.610851e+01	-3.794154e+02
6.950000e-06	-6.722351e-06	-1.532567e-09	-3.621781e+01	-3.802342e+02
6.960000e-06	-6.742385e-06	-1.535144e-09	-3.632575e+01	-3.810344e+02
6.970000e-06	-6.762023e-06	-1.537242e-09	-3.643155e+01	-3.818157e+02
6.980000e-06	-6.781158e-06	-1.539449e-09	-3.653464e+01	-3.825777e+02
6.990000e-06	-6.799722e-06	-1.541027e-09	-3.663466e+01	-3.833203e+02
7.000000e-06	-6.817867e-06	-1.541973e-09	-3.673242e+01	-3.840432e+02
7.010000e-06	-6.835656e-06	-1.544394e-09	-3.682826e+01	-3.847464e+02
7.020000e-06	-6.852946e-06	-1.547567e-09	-3.692141e+01	-3.854297e+02
7.030000e-06	-6.869714e-06	-1.549380e-09	-3.701175e+01	-3.860930e+02
7.040000e-06	-6.886119e-06	-1.550911e-09	-3.710014e+01	-3.867365e+02
7.050000e-06	-6.902167e-06	-1.553086e-09	-3.718660e+01	-3.873603e+02
7.060000e-06	-6.917836e-06	-1.555570e-09	-3.727102e+01	-3.879645e+02
7.070000e-06	-6.933091e-06	-1.557603e-09	-3.735321e+01	-3.885492e+02
7.080000e-06	-6.947576e-06	-1.558165e-09	-3.743125e+01	-3.891148e+02
7.090000e-06	-6.961138e-06	-1.559166e-09	-3.750431e+01	-3.896616e+02
7.100000e-06	-6.973974e-06	-1.561979e-09	-3.757347e+01	-3.901898e+02
7.110000e-06	-6.986291e-06	-1.564381e-09	-3.763983e+01	-3.906997e+02
7.120000e-06	-6.998146e-06	-1.565444e-09	-3.770370e+01	-3.911918e+02
7.130000e-06	-7.009551e-06	-1.566186e-09	-3.776515e+01	-3.916662e+02
7.140000e-06	-7.020441e-06	-1.567667e-09	-3.782382e+01	-3.921234e+02
7.150000e-06	-7.030698e-06	-1.569032e-09	-3.787908e+01	-3.925636e+02
7.160000e-06	-7.040466e-06	-1.569822e-09	-3.793171e+01	-3.929869e+02
7.170000e-06	-7.049805e-06	-1.571229e-09	-3.798202e+01	-3.933937e+02
7.180000e-06	-7.058681e-06	-1.572644e-09	-3.802984e+01	-3.937841e+02
7.190000e-06	-7.067150e-06	-1.573450e-09	-3.807547e+01	-3.941580e+02
7.200000e-06	-7.075280e-06	-1.574912e-09	-3.811927e+01	-3.945156e+02
7.210000e-06	-7.083104e-06	-1.575723e-09	-3.816143e+01	-3.948567e+02
7.220000e-06	-7.090358e-06	-1.574739e-09	-3.820051e+01	-3.951813e+02
7.230000e-06	-7.096832e-06	-1.574061e-09	-3.823539e+01	-3.954891e+02
7.240000e-06	-7.102668e-06	-1.574259e-09	-3.826683e+01	-3.957799e+02
7.250000e-06	-7.107830e-06	-1.574833e-09	-3.829464e+01	-3.960534e+02
7.260000e-06	-7.112328e-06	-1.575981e-09	-3.831888e+01	-3.963092e+02
7.270000e-06	-7.116419e-06	-1.575841e-09	-3.834092e+01	-3.965470e+02
7.280000e-06	-7.120204e-06	-1.575515e-09	-3.836131e+01	-3.967664e+02
7.290000e-06	-7.123560e-06	-1.576081e-09	-3.837939e+01	-3.969668e+02
7.300000e-06	-7.126425e-06	-1.576010e-09	-3.839483e+01	-3.971480e+02
7.310000e-06	-7.128807e-06	-1.575684e-09	-3.840766e+01	-3.973094e+02
7.320000e-06	-7.130708e-06	-1.575722e-09	-3.841790e+01	-3.974509e+02
7.330000e-06	-7.132143e-06	-1.576139e-09	-3.842563e+01	-3.975719e+02
7.340000e-06	-7.133001e-06	-1.577006e-09	-3.843026e+01	-3.976722e+02
