# Temperatura_=_9.5
# Concentracion g/m^3_=_7400.0
# C_Vs_to_Am_M_A/Vsm_=_254322799225.57578
# pendiente_HvsI_1/m_=_3716.3
# ordenada_HvsI_A/m_=_1297.0
# frecuencia_Hz_=_136106.68984524577

Tiempo_(s)	Campo_(V.s)	Magnetizacion_(V.s)	Campo_(kA/m)	Magnetizacion_(A/m)
0.000000e+00	-7.116031e-06	-1.396904e-09	-3.842436e+01	-3.519308e+02
1.000000e-08	-7.116323e-06	-1.395682e-09	-3.842593e+01	-3.519106e+02
2.000000e-08	-7.116225e-06	-1.395472e-09	-3.842541e+01	-3.518721e+02
3.000000e-08	-7.115627e-06	-1.395059e-09	-3.842218e+01	-3.518158e+02
4.000000e-08	-7.114263e-06	-1.393676e-09	-3.841481e+01	-3.517421e+02
5.000000e-08	-7.112148e-06	-1.391588e-09	-3.840339e+01	-3.516514e+02
6.000000e-08	-7.109476e-06	-1.389883e-09	-3.838896e+01	-3.515444e+02
7.000000e-08	-7.106245e-06	-1.388951e-09	-3.837151e+01	-3.514217e+02
8.000000e-08	-7.102684e-06	-1.390925e-09	-3.835229e+01	-3.512839e+02
9.000000e-08	-7.098629e-06	-1.395254e-09	-3.833039e+01	-3.511319e+02
1.000000e-07	-7.093747e-06	-1.381196e-09	-3.830403e+01	-3.509664e+02
1.100000e-07	-7.088229e-06	-1.345282e-09	-3.827424e+01	-3.507883e+02
1.200000e-07	-7.082348e-06	-1.359441e-09	-3.824248e+01	-3.505984e+02
1.300000e-07	-7.076191e-06	-1.435950e-09	-3.820923e+01	-3.503977e+02
1.400000e-07	-7.069628e-06	-1.430907e-09	-3.817380e+01	-3.501872e+02
1.500000e-07	-7.062549e-06	-1.326118e-09	-3.813557e+01	-3.499678e+02
1.600000e-07	-7.055003e-06	-1.323446e-09	-3.809483e+01	-3.497404e+02
1.700000e-07	-7.047050e-06	-1.441717e-09	-3.805188e+01	-3.495061e+02
1.800000e-07	-7.038541e-06	-1.425804e-09	-3.800593e+01	-3.492658e+02
1.900000e-07	-7.029322e-06	-1.274096e-09	-3.795616e+01	-3.490204e+02
2.000000e-07	-7.019552e-06	-1.298623e-09	-3.790340e+01	-3.487708e+02
2.100000e-07	-7.009276e-06	-1.468654e-09	-3.784792e+01	-3.485178e+02
2.200000e-07	-6.998412e-06	-1.436406e-09	-3.778925e+01	-3.482621e+02
2.300000e-07	-6.986855e-06	-1.267947e-09	-3.772685e+01	-3.480044e+02
2.400000e-07	-6.974706e-06	-1.306890e-09	-3.766125e+01	-3.477452e+02
2.500000e-07	-6.962101e-06	-1.439915e-09	-3.759318e+01	-3.474850e+02
2.600000e-07	-6.948946e-06	-1.372593e-09	-3.752215e+01	-3.472241e+02
2.700000e-07	-6.935089e-06	-1.276187e-09	-3.744733e+01	-3.469629e+02
2.800000e-07	-6.920590e-06	-1.364552e-09	-3.736904e+01	-3.467014e+02
2.900000e-07	-6.905465e-06	-1.411959e-09	-3.728737e+01	-3.464395e+02
3.000000e-07	-6.889598e-06	-1.311996e-09	-3.720169e+01	-3.461772e+02
3.100000e-07	-6.873238e-06	-1.313199e-09	-3.711335e+01	-3.459142e+02
3.200000e-07	-6.856421e-06	-1.396159e-09	-3.702254e+01	-3.456501e+02
3.300000e-07	-6.839121e-06	-1.334213e-09	-3.692913e+01	-3.453843e+02
3.400000e-07	-6.821436e-06	-1.276415e-09	-3.683364e+01	-3.451164e+02
3.500000e-07	-6.803407e-06	-1.383052e-09	-3.673629e+01	-3.448455e+02
3.600000e-07	-6.784859e-06	-1.398906e-09	-3.663613e+01	-3.445709e+02
3.700000e-07	-6.765762e-06	-1.267407e-09	-3.653301e+01	-3.442917e+02
3.800000e-07	-6.746311e-06	-1.288306e-09	-3.642799e+01	-3.440069e+02
3.900000e-07	-6.726474e-06	-1.399523e-09	-3.632087e+01	-3.437156e+02
4.000000e-07	-6.706237e-06	-1.334575e-09	-3.621160e+01	-3.434167e+02
4.100000e-07	-6.685567e-06	-1.263057e-09	-3.609998e+01	-3.431092e+02
4.200000e-07	-6.664391e-06	-1.351485e-09	-3.598564e+01	-3.427920e+02
4.300000e-07	-6.642773e-06	-1.369906e-09	-3.586891e+01	-3.424641e+02
4.400000e-07	-6.620616e-06	-1.281699e-09	-3.574927e+01	-3.421245e+02
4.500000e-07	-6.597986e-06	-1.303982e-09	-3.562707e+01	-3.417721e+02
4.600000e-07	-6.574987e-06	-1.352161e-09	-3.550289e+01	-3.414062e+02
4.700000e-07	-6.551604e-06	-1.293272e-09	-3.537663e+01	-3.410257e+02
4.800000e-07	-6.527927e-06	-1.286877e-09	-3.524878e+01	-3.406301e+02
4.900000e-07	-6.503815e-06	-1.350231e-09	-3.511858e+01	-3.402185e+02
5.000000e-07	-6.479048e-06	-1.316079e-09	-3.498485e+01	-3.397904e+02
5.100000e-07	-6.453471e-06	-1.265173e-09	-3.484674e+01	-3.393452e+02
5.200000e-07	-6.427148e-06	-1.309385e-09	-3.470460e+01	-3.388827e+02
5.300000e-07	-6.400265e-06	-1.320826e-09	-3.455944e+01	-3.384025e+02
5.400000e-07	-6.373002e-06	-1.272792e-09	-3.441223e+01	-3.379044e+02
5.500000e-07	-6.345387e-06	-1.282967e-09	-3.426312e+01	-3.373883e+02
5.600000e-07	-6.317349e-06	-1.309155e-09	-3.411172e+01	-3.368542e+02
5.700000e-07	-6.288902e-06	-1.282054e-09	-3.395812e+01	-3.363022e+02
5.800000e-07	-6.260003e-06	-1.271500e-09	-3.380207e+01	-3.357324e+02
5.900000e-07	-6.230641e-06	-1.289653e-09	-3.364353e+01	-3.351451e+02
6.000000e-07	-6.200957e-06	-1.278495e-09	-3.348324e+01	-3.345405e+02
6.100000e-07	-6.170788e-06	-1.265124e-09	-3.332034e+01	-3.339190e+02
6.200000e-07	-6.140025e-06	-1.277226e-09	-3.315423e+01	-3.332809e+02
6.300000e-07	-6.108977e-06	-1.277091e-09	-3.298658e+01	-3.326266e+02
6.400000e-07	-6.077572e-06	-1.261924e-09	-3.281700e+01	-3.319564e+02
6.500000e-07	-6.045816e-06	-1.258454e-09	-3.264553e+01	-3.312707e+02
6.600000e-07	-6.013885e-06	-1.260094e-09	-3.247311e+01	-3.305699e+02
6.700000e-07	-5.981539e-06	-1.255520e-09	-3.229845e+01	-3.298543e+02
6.800000e-07	-5.948606e-06	-1.250940e-09	-3.212063e+01	-3.291242e+02
6.900000e-07	-5.914981e-06	-1.249779e-09	-3.193906e+01	-3.283798e+02
7.000000e-07	-5.880682e-06	-1.247784e-09	-3.175386e+01	-3.276213e+02
7.100000e-07	-5.845797e-06	-1.240737e-09	-3.156549e+01	-3.268488e+02
7.200000e-07	-5.810504e-06	-1.234364e-09	-3.137492e+01	-3.260624e+02
7.300000e-07	-5.774988e-06	-1.233733e-09	-3.118314e+01	-3.252621e+02
7.400000e-07	-5.739163e-06	-1.230488e-09	-3.098970e+01	-3.244479e+02
7.500000e-07	-5.703002e-06	-1.223964e-09	-3.079444e+01	-3.236197e+02
7.600000e-07	-5.666457e-06	-1.222142e-09	-3.059711e+01	-3.227773e+02
7.700000e-07	-5.629469e-06	-1.221625e-09	-3.039738e+01	-3.219206e+02
7.800000e-07	-5.592098e-06	-1.216528e-09	-3.019560e+01	-3.210492e+02
7.900000e-07	-5.554238e-06	-1.210911e-09	-2.999116e+01	-3.201629e+02
8.000000e-07	-5.515850e-06	-1.206251e-09	-2.978388e+01	-3.192615e+02
8.100000e-07	-5.477058e-06	-1.200031e-09	-2.957442e+01	-3.183445e+02
8.200000e-07	-5.437923e-06	-1.195352e-09	-2.936310e+01	-3.174118e+02
8.300000e-07	-5.398512e-06	-1.192546e-09	-2.915029e+01	-3.164630e+02
8.400000e-07	-5.358884e-06	-1.187583e-09	-2.893631e+01	-3.154979e+02
8.500000e-07	-5.319056e-06	-1.181482e-09	-2.872125e+01	-3.145161e+02
8.600000e-07	-5.278943e-06	-1.177474e-09	-2.850465e+01	-3.135175e+02
8.700000e-07	-5.238354e-06	-1.174333e-09	-2.828548e+01	-3.125019e+02
8.800000e-07	-5.197296e-06	-1.170081e-09	-2.806378e+01	-3.114692e+02
8.900000e-07	-5.155748e-06	-1.163870e-09	-2.783944e+01	-3.104193e+02
9.000000e-07	-5.113537e-06	-1.157428e-09	-2.761151e+01	-3.093522e+02
9.100000e-07	-5.070717e-06	-1.153082e-09	-2.738030e+01	-3.082680e+02
9.200000e-07	-5.027459e-06	-1.148978e-09	-2.714672e+01	-3.071666e+02
9.300000e-07	-4.983955e-06	-1.143553e-09	-2.691181e+01	-3.060484e+02
9.400000e-07	-4.940145e-06	-1.137748e-09	-2.667525e+01	-3.049134e+02
9.500000e-07	-4.896043e-06	-1.132914e-09	-2.643711e+01	-3.037618e+02
9.600000e-07	-4.851658e-06	-1.128652e-09	-2.619745e+01	-3.025940e+02
9.700000e-07	-4.806944e-06	-1.124411e-09	-2.595600e+01	-3.014103e+02
9.800000e-07	-4.761957e-06	-1.119346e-09	-2.571309e+01	-3.002108e+02
9.900000e-07	-4.716633e-06	-1.112295e-09	-2.546835e+01	-2.989958e+02
1.000000e-06	-4.670865e-06	-1.105756e-09	-2.522122e+01	-2.977657e+02
1.010000e-06	-4.624704e-06	-1.100705e-09	-2.497196e+01	-2.965206e+02
1.020000e-06	-4.578125e-06	-1.095622e-09	-2.472045e+01	-2.952606e+02
1.030000e-06	-4.531188e-06	-1.090064e-09	-2.446701e+01	-2.939860e+02
1.040000e-06	-4.484128e-06	-1.084021e-09	-2.421290e+01	-2.926966e+02
1.050000e-06	-4.436832e-06	-1.079090e-09	-2.395752e+01	-2.913924e+02
1.060000e-06	-4.389231e-06	-1.075232e-09	-2.370048e+01	-2.900732e+02
1.070000e-06	-4.341433e-06	-1.070897e-09	-2.344239e+01	-2.887388e+02
1.080000e-06	-4.293426e-06	-1.064971e-09	-2.318317e+01	-2.873887e+02
1.090000e-06	-4.245036e-06	-1.057368e-09	-2.292187e+01	-2.860224e+02
1.100000e-06	-4.196259e-06	-1.050639e-09	-2.265850e+01	-2.846392e+02
1.110000e-06	-4.146978e-06	-1.045682e-09	-2.239239e+01	-2.832383e+02
1.120000e-06	-4.097080e-06	-1.040388e-09	-2.212296e+01	-2.818189e+02
1.130000e-06	-4.046623e-06	-1.033887e-09	-2.185051e+01	-2.803798e+02
1.140000e-06	-3.995945e-06	-1.027107e-09	-2.157686e+01	-2.789200e+02
1.150000e-06	-3.945109e-06	-1.022175e-09	-2.130236e+01	-2.774380e+02
1.160000e-06	-3.893849e-06	-1.017896e-09	-2.102558e+01	-2.759327e+02
1.170000e-06	-3.842240e-06	-1.011426e-09	-2.074690e+01	-2.744026e+02
1.180000e-06	-3.790364e-06	-1.004268e-09	-2.046679e+01	-2.728462e+02
1.190000e-06	-3.738232e-06	-9.978756e-10	-2.018529e+01	-2.712620e+02
1.200000e-06	-3.685816e-06	-9.917917e-10	-1.990226e+01	-2.696485e+02
1.210000e-06	-3.633036e-06	-9.857990e-10	-1.961727e+01	-2.680042e+02
1.220000e-06	-3.579929e-06	-9.787622e-10	-1.933050e+01	-2.663276e+02
1.230000e-06	-3.526616e-06	-9.701061e-10	-1.904263e+01	-2.646172e+02
1.240000e-06	-3.473079e-06	-9.619707e-10	-1.875355e+01	-2.628717e+02
1.250000e-06	-3.419323e-06	-9.565525e-10	-1.846328e+01	-2.610899e+02
1.260000e-06	-3.365371e-06	-9.520174e-10	-1.817196e+01	-2.592706e+02
1.270000e-06	-3.311217e-06	-9.444974e-10	-1.787954e+01	-2.574128e+02
1.280000e-06	-3.256789e-06	-9.351644e-10	-1.758565e+01	-2.555157e+02
1.290000e-06	-3.202095e-06	-9.272348e-10	-1.729032e+01	-2.535786e+02
1.300000e-06	-3.147273e-06	-9.207933e-10	-1.699430e+01	-2.516010e+02
1.310000e-06	-3.092207e-06	-9.131158e-10	-1.669696e+01	-2.495826e+02
1.320000e-06	-3.036850e-06	-9.037052e-10	-1.639805e+01	-2.475233e+02
1.330000e-06	-2.981387e-06	-8.950345e-10	-1.609856e+01	-2.454231e+02
1.340000e-06	-2.925842e-06	-8.869609e-10	-1.579864e+01	-2.432824e+02
1.350000e-06	-2.870200e-06	-8.795078e-10	-1.549819e+01	-2.411014e+02
1.360000e-06	-2.814436e-06	-8.723641e-10	-1.519708e+01	-2.388810e+02
1.370000e-06	-2.758556e-06	-8.646232e-10	-1.489535e+01	-2.366216e+02
1.380000e-06	-2.702517e-06	-8.566734e-10	-1.459275e+01	-2.343243e+02
1.390000e-06	-2.646198e-06	-8.485988e-10	-1.428865e+01	-2.319900e+02
1.400000e-06	-2.589627e-06	-8.407920e-10	-1.398318e+01	-2.296198e+02
1.410000e-06	-2.532902e-06	-8.316123e-10	-1.367688e+01	-2.272148e+02
1.420000e-06	-2.475974e-06	-8.210709e-10	-1.336949e+01	-2.247760e+02
1.430000e-06	-2.418713e-06	-8.118752e-10	-1.306030e+01	-2.223046e+02
1.440000e-06	-2.361066e-06	-8.040831e-10	-1.274902e+01	-2.198016e+02
1.450000e-06	-2.303076e-06	-7.953687e-10	-1.243590e+01	-2.172681e+02
1.460000e-06	-2.244791e-06	-7.851751e-10	-1.212117e+01	-2.147048e+02
1.470000e-06	-2.186295e-06	-7.744762e-10	-1.180531e+01	-2.121124e+02
1.480000e-06	-2.127649e-06	-7.641420e-10	-1.148864e+01	-2.094916e+02
1.490000e-06	-2.068773e-06	-7.545610e-10	-1.117073e+01	-2.068426e+02
1.500000e-06	-2.009669e-06	-7.439470e-10	-1.085159e+01	-2.041654e+02
1.510000e-06	-1.950357e-06	-7.317970e-10	-1.053132e+01	-2.014598e+02
1.520000e-06	-1.890879e-06	-7.197961e-10	-1.021016e+01	-1.987255e+02
1.530000e-06	-1.831417e-06	-7.105503e-10	-9.889084e+00	-1.959615e+02
1.540000e-06	-1.771911e-06	-7.027019e-10	-9.567771e+00	-1.931668e+02
1.550000e-06	-1.712306e-06	-6.923768e-10	-9.245923e+00	-1.903400e+02
1.560000e-06	-1.652631e-06	-6.800767e-10	-8.923692e+00	-1.874794e+02
1.570000e-06	-1.592841e-06	-6.679219e-10	-8.600845e+00	-1.845829e+02
1.580000e-06	-1.532932e-06	-6.574710e-10	-8.277357e+00	-1.816482e+02
1.590000e-06	-1.472952e-06	-6.473650e-10	-7.953484e+00	-1.786725e+02
1.600000e-06	-1.412969e-06	-6.358607e-10	-7.629596e+00	-1.756532e+02
1.610000e-06	-1.352945e-06	-6.238369e-10	-7.305481e+00	-1.725869e+02
1.620000e-06	-1.292847e-06	-6.117413e-10	-6.980973e+00	-1.694704e+02
1.630000e-06	-1.232699e-06	-5.997778e-10	-6.656192e+00	-1.663001e+02
1.640000e-06	-1.172467e-06	-5.872969e-10	-6.330959e+00	-1.630723e+02
1.650000e-06	-1.112152e-06	-5.733949e-10	-6.005277e+00	-1.597834e+02
1.660000e-06	-1.051763e-06	-5.596840e-10	-5.679193e+00	-1.564296e+02
1.670000e-06	-9.913500e-07	-5.479246e-10	-5.352982e+00	-1.530070e+02
1.680000e-06	-9.309950e-07	-5.372129e-10	-5.027084e+00	-1.495120e+02
1.690000e-06	-8.705741e-07	-5.247096e-10	-4.700830e+00	-1.459409e+02
1.700000e-06	-8.099620e-07	-5.101266e-10	-4.373543e+00	-1.422903e+02
1.710000e-06	-7.492490e-07	-4.957254e-10	-4.045712e+00	-1.385569e+02
1.720000e-06	-6.885567e-07	-4.824570e-10	-3.717992e+00	-1.347378e+02
1.730000e-06	-6.277921e-07	-4.698644e-10	-3.389883e+00	-1.308303e+02
1.740000e-06	-5.669305e-07	-4.562814e-10	-3.061249e+00	-1.268321e+02
1.750000e-06	-5.060031e-07	-4.413650e-10	-2.732260e+00	-1.227412e+02
1.760000e-06	-4.450500e-07	-4.262800e-10	-2.403132e+00	-1.185562e+02
1.770000e-06	-3.840284e-07	-4.113280e-10	-2.073634e+00	-1.142761e+02
1.780000e-06	-3.229702e-07	-3.956617e-10	-1.743939e+00	-1.099003e+02
1.790000e-06	-2.619343e-07	-3.785972e-10	-1.414364e+00	-1.054288e+02
1.800000e-06	-2.008682e-07	-3.605076e-10	-1.084626e+00	-1.008622e+02
1.810000e-06	-1.398201e-07	-3.428544e-10	-7.549851e-01	-9.620153e+01
1.820000e-06	-7.880875e-08	-3.264424e-10	-4.255428e-01	-9.144844e+01
1.830000e-06	-1.781656e-08	-3.096789e-10	-9.620388e-02	-8.660509e+01
1.840000e-06	4.317697e-08	-2.917286e-10	2.331423e-01	-8.167421e+01
1.850000e-06	1.042081e-07	-2.732609e-10	5.626915e-01	-7.665904e+01
1.860000e-06	1.651680e-07	-2.548054e-10	8.918562e-01	-7.156333e+01
1.870000e-06	2.260745e-07	-2.364519e-10	1.220732e+00	-6.639133e+01
1.880000e-06	2.871195e-07	-2.172746e-10	1.550356e+00	-6.114771e+01
1.890000e-06	3.482203e-07	-1.968298e-10	1.880281e+00	-5.583757e+01
1.900000e-06	4.092595e-07	-1.764338e-10	2.209874e+00	-5.046641e+01
1.910000e-06	4.702707e-07	-1.563839e-10	2.539316e+00	-4.504003e+01
1.920000e-06	5.312686e-07	-1.365606e-10	2.868686e+00	-3.956452e+01
1.930000e-06	5.922050e-07	-1.178671e-10	3.197723e+00	-3.404623e+01
1.940000e-06	6.530736e-07	-9.831444e-11	3.526394e+00	-2.849168e+01
1.950000e-06	7.138741e-07	-7.702040e-11	3.854699e+00	-2.290751e+01
1.960000e-06	7.745665e-07	-5.515713e-11	4.182419e+00	-1.730046e+01
1.970000e-06	8.351265e-07	-3.323338e-11	4.509424e+00	-1.167730e+01
1.980000e-06	8.956070e-07	-1.156863e-11	4.836000e+00	-6.044761e+00
1.990000e-06	9.560479e-07	9.997842e-12	5.162362e+00	-4.095139e-01
2.000000e-06	1.016425e-06	3.038358e-11	5.488382e+00	5.221899e+00
2.010000e-06	1.076771e-06	4.984076e-11	5.814229e+00	1.084310e+01
2.020000e-06	1.137079e-06	6.910758e-11	6.139875e+00	1.644793e+01
2.030000e-06	1.197297e-06	8.828666e-11	6.465031e+00	2.203046e+01
2.040000e-06	1.257378e-06	1.082101e-10	6.789452e+00	2.758506e+01
2.050000e-06	1.317365e-06	1.290431e-10	7.113361e+00	3.310640e+01
2.060000e-06	1.377343e-06	1.499289e-10	7.437227e+00	3.858952e+01
2.070000e-06	1.437284e-06	1.699727e-10	7.760889e+00	4.402979e+01
2.080000e-06	1.497086e-06	1.893815e-10	8.083798e+00	4.942297e+01
2.090000e-06	1.556782e-06	2.080467e-10	8.406140e+00	5.476520e+01
2.100000e-06	1.616410e-06	2.261969e-10	8.728112e+00	6.005303e+01
2.110000e-06	1.675959e-06	2.451562e-10	9.049660e+00	6.528340e+01
2.120000e-06	1.735468e-06	2.643570e-10	9.370990e+00	7.045365e+01
2.130000e-06	1.794919e-06	2.830574e-10	9.692007e+00	7.556152e+01
2.140000e-06	1.854340e-06	3.011839e-10	1.001286e+01	8.060510e+01
2.150000e-06	1.913648e-06	3.187187e-10	1.033311e+01	8.558286e+01
2.160000e-06	1.972759e-06	3.364953e-10	1.065229e+01	9.049363e+01
2.170000e-06	2.031824e-06	3.539459e-10	1.097122e+01	9.533656e+01
2.180000e-06	2.090859e-06	3.698485e-10	1.128999e+01	1.001111e+02
2.190000e-06	2.149738e-06	3.850685e-10	1.160792e+01	1.048169e+02
2.200000e-06	2.208290e-06	4.015249e-10	1.192408e+01	1.094541e+02
2.210000e-06	2.266488e-06	4.186756e-10	1.223833e+01	1.140228e+02
2.220000e-06	2.324451e-06	4.353248e-10	1.255131e+01	1.185233e+02
2.230000e-06	2.381997e-06	4.510384e-10	1.286204e+01	1.229564e+02
2.240000e-06	2.439136e-06	4.661902e-10	1.317057e+01	1.273227e+02
2.250000e-06	2.496054e-06	4.818989e-10	1.347792e+01	1.316230e+02
2.260000e-06	2.552758e-06	4.975031e-10	1.378410e+01	1.358582e+02
2.270000e-06	2.609261e-06	5.124444e-10	1.408920e+01	1.400293e+02
2.280000e-06	2.665568e-06	5.268410e-10	1.439324e+01	1.441374e+02
2.290000e-06	2.721671e-06	5.403114e-10	1.469618e+01	1.481834e+02
2.300000e-06	2.777567e-06	5.535339e-10	1.499800e+01	1.521684e+02
2.310000e-06	2.833267e-06	5.676019e-10	1.529876e+01	1.560934e+02
2.320000e-06	2.888798e-06	5.821230e-10	1.559861e+01	1.599594e+02
2.330000e-06	2.944186e-06	5.968533e-10	1.589769e+01	1.637674e+02
2.340000e-06	2.999476e-06	6.113463e-10	1.619624e+01	1.675181e+02
2.350000e-06	3.054618e-06	6.253039e-10	1.649399e+01	1.712126e+02
2.360000e-06	3.109577e-06	6.382540e-10	1.679075e+01	1.748515e+02
2.370000e-06	3.164343e-06	6.499348e-10	1.708647e+01	1.784355e+02
2.380000e-06	3.218927e-06	6.610898e-10	1.738121e+01	1.819654e+02
2.390000e-06	3.273264e-06	6.725766e-10	1.767461e+01	1.854416e+02
2.400000e-06	3.327309e-06	6.856231e-10	1.796644e+01	1.888647e+02
2.410000e-06	3.381159e-06	6.992929e-10	1.825721e+01	1.922353e+02
2.420000e-06	3.434896e-06	7.123442e-10	1.854737e+01	1.955536e+02
2.430000e-06	3.488423e-06	7.249024e-10	1.883640e+01	1.988201e+02
2.440000e-06	3.541719e-06	7.367779e-10	1.912418e+01	2.020352e+02
2.450000e-06	3.594729e-06	7.481692e-10	1.941042e+01	2.051992e+02
2.460000e-06	3.647369e-06	7.594435e-10	1.969466e+01	2.083123e+02
2.470000e-06	3.699741e-06	7.705833e-10	1.997745e+01	2.113751e+02
2.480000e-06	3.751830e-06	7.811952e-10	2.025872e+01	2.143877e+02
2.490000e-06	3.803685e-06	7.918959e-10	2.053872e+01	2.173505e+02
2.500000e-06	3.855181e-06	8.033087e-10	2.081678e+01	2.202639e+02
2.510000e-06	3.906306e-06	8.146144e-10	2.109284e+01	2.231283e+02
2.520000e-06	3.957202e-06	8.251774e-10	2.136766e+01	2.259440e+02
2.530000e-06	4.007804e-06	8.351181e-10	2.164090e+01	2.287115e+02
2.540000e-06	4.057840e-06	8.446000e-10	2.191108e+01	2.314313e+02
2.550000e-06	4.107278e-06	8.537599e-10	2.217803e+01	2.341040e+02
2.560000e-06	4.156281e-06	8.627100e-10	2.244263e+01	2.367300e+02
2.570000e-06	4.204872e-06	8.719679e-10	2.270500e+01	2.393101e+02
2.580000e-06	4.253156e-06	8.815441e-10	2.296572e+01	2.418447e+02
2.590000e-06	4.301098e-06	8.908062e-10	2.322460e+01	2.443346e+02
2.600000e-06	4.348745e-06	9.010909e-10	2.348187e+01	2.467804e+02
2.610000e-06	4.396185e-06	9.118469e-10	2.373803e+01	2.491829e+02
2.620000e-06	4.443437e-06	9.206023e-10	2.399318e+01	2.515428e+02
2.630000e-06	4.490431e-06	9.273704e-10	2.424693e+01	2.538607e+02
2.640000e-06	4.537086e-06	9.349173e-10	2.449886e+01	2.561375e+02
2.650000e-06	4.583306e-06	9.440925e-10	2.474843e+01	2.583737e+02
2.660000e-06	4.629170e-06	9.525445e-10	2.499608e+01	2.605702e+02
2.670000e-06	4.674815e-06	9.598556e-10	2.524255e+01	2.627275e+02
2.680000e-06	4.720128e-06	9.671577e-10	2.548722e+01	2.648463e+02
2.690000e-06	4.765179e-06	9.749306e-10	2.573049e+01	2.669272e+02
2.700000e-06	4.809947e-06	9.824865e-10	2.597222e+01	2.689707e+02
2.710000e-06	4.854378e-06	9.894891e-10	2.621213e+01	2.709773e+02
2.720000e-06	4.898487e-06	9.969816e-10	2.645031e+01	2.729476e+02
2.730000e-06	4.942290e-06	1.004947e-09	2.668683e+01	2.748819e+02
2.740000e-06	4.985853e-06	1.012835e-09	2.692206e+01	2.767805e+02
2.750000e-06	5.029254e-06	1.020437e-09	2.715641e+01	2.786437e+02
2.760000e-06	5.072462e-06	1.027470e-09	2.738972e+01	2.804718e+02
2.770000e-06	5.115238e-06	1.033918e-09	2.762070e+01	2.822650e+02
2.780000e-06	5.157406e-06	1.040840e-09	2.784839e+01	2.840234e+02
2.790000e-06	5.198857e-06	1.048778e-09	2.807222e+01	2.857472e+02
2.800000e-06	5.239557e-06	1.056861e-09	2.829198e+01	2.874364e+02
2.810000e-06	5.279718e-06	1.064019e-09	2.850884e+01	2.890911e+02
2.820000e-06	5.319533e-06	1.069932e-09	2.872382e+01	2.907113e+02
2.830000e-06	5.359090e-06	1.075800e-09	2.893742e+01	2.922972e+02
2.840000e-06	5.398496e-06	1.081909e-09	2.915020e+01	2.938487e+02
2.850000e-06	5.437613e-06	1.087400e-09	2.936142e+01	2.953659e+02
2.860000e-06	5.476409e-06	1.092396e-09	2.957091e+01	2.968489e+02
2.870000e-06	5.514792e-06	1.097629e-09	2.977816e+01	2.982979e+02
2.880000e-06	5.552690e-06	1.103498e-09	2.998280e+01	2.997131e+02
2.890000e-06	5.590182e-06	1.109999e-09	3.018525e+01	3.010946e+02
2.900000e-06	5.627337e-06	1.116149e-09	3.038588e+01	3.024428e+02
2.910000e-06	5.664210e-06	1.120928e-09	3.058497e+01	3.037580e+02
2.920000e-06	5.700676e-06	1.125203e-09	3.078188e+01	3.050408e+02
2.930000e-06	5.736750e-06	1.130812e-09	3.097667e+01	3.062916e+02
2.940000e-06	5.772455e-06	1.137831e-09	3.116947e+01	3.075110e+02
2.950000e-06	5.807873e-06	1.143802e-09	3.136071e+01	3.086998e+02
2.960000e-06	5.843100e-06	1.147920e-09	3.155093e+01	3.098588e+02
2.970000e-06	5.877973e-06	1.152328e-09	3.173923e+01	3.109887e+02
2.980000e-06	5.912316e-06	1.157791e-09	3.192467e+01	3.120906e+02
2.990000e-06	5.945968e-06	1.162647e-09	3.210638e+01	3.131656e+02
3.000000e-06	5.978864e-06	1.166983e-09	3.228401e+01	3.142146e+02
3.010000e-06	6.011131e-06	1.171530e-09	3.245824e+01	3.152389e+02
3.020000e-06	6.042935e-06	1.176279e-09	3.262997e+01	3.162397e+02
3.030000e-06	6.074505e-06	1.182069e-09	3.280044e+01	3.172182e+02
3.040000e-06	6.105849e-06	1.187865e-09	3.296969e+01	3.181757e+02
3.050000e-06	6.136790e-06	1.192132e-09	3.313676e+01	3.191135e+02
3.060000e-06	6.167233e-06	1.196166e-09	3.330114e+01	3.200329e+02
3.070000e-06	6.197234e-06	1.200879e-09	3.346314e+01	3.209352e+02
3.080000e-06	6.226813e-06	1.204690e-09	3.362286e+01	3.218216e+02
3.090000e-06	6.255865e-06	1.208329e-09	3.377973e+01	3.226934e+02
3.100000e-06	6.284433e-06	1.213157e-09	3.393399e+01	3.235517e+02
3.110000e-06	6.312737e-06	1.218273e-09	3.408682e+01	3.243976e+02
3.120000e-06	6.340765e-06	1.222756e-09	3.423816e+01	3.252322e+02
3.130000e-06	6.368469e-06	1.227168e-09	3.438775e+01	3.260563e+02
3.140000e-06	6.395868e-06	1.231197e-09	3.453570e+01	3.268709e+02
3.150000e-06	6.422892e-06	1.234073e-09	3.468162e+01	3.276767e+02
3.160000e-06	6.449340e-06	1.236903e-09	3.482444e+01	3.284743e+02
3.170000e-06	6.475041e-06	1.240978e-09	3.496321e+01	3.292642e+02
3.180000e-06	6.499905e-06	1.245871e-09	3.509747e+01	3.300468e+02
3.190000e-06	6.524045e-06	1.249808e-09	3.522782e+01	3.308224e+02
3.200000e-06	6.547815e-06	1.252210e-09	3.535617e+01	3.315911e+02
3.210000e-06	6.571285e-06	1.254547e-09	3.548290e+01	3.323529e+02
3.220000e-06	6.594358e-06	1.257493e-09	3.560749e+01	3.331079e+02
3.230000e-06	6.616919e-06	1.260722e-09	3.572931e+01	3.338557e+02
3.240000e-06	6.638961e-06	1.264933e-09	3.584833e+01	3.345962e+02
3.250000e-06	6.660594e-06	1.269198e-09	3.596514e+01	3.353288e+02
3.260000e-06	6.681848e-06	1.271991e-09	3.607991e+01	3.360533e+02
3.270000e-06	6.702535e-06	1.275484e-09	3.619161e+01	3.367689e+02
3.280000e-06	6.722643e-06	1.280451e-09	3.630019e+01	3.374751e+02
3.290000e-06	6.742446e-06	1.284146e-09	3.640712e+01	3.381714e+02
3.300000e-06	6.762004e-06	1.287272e-09	3.651272e+01	3.388568e+02
3.310000e-06	6.781257e-06	1.291207e-09	3.661668e+01	3.395308e+02
3.320000e-06	6.800084e-06	1.294753e-09	3.671834e+01	3.401927e+02
3.330000e-06	6.818439e-06	1.297843e-09	3.681745e+01	3.408415e+02
3.340000e-06	6.836219e-06	1.299527e-09	3.691346e+01	3.414767e+02
3.350000e-06	6.853358e-06	1.300419e-09	3.700600e+01	3.420975e+02
3.360000e-06	6.870085e-06	1.303357e-09	3.709632e+01	3.427032e+02
3.370000e-06	6.886427e-06	1.307136e-09	3.718457e+01	3.432931e+02
3.380000e-06	6.902369e-06	1.310735e-09	3.727065e+01	3.438666e+02
3.390000e-06	6.917712e-06	1.313622e-09	3.735350e+01	3.444231e+02
3.400000e-06	6.932256e-06	1.315900e-09	3.743203e+01	3.449621e+02
3.410000e-06	6.946155e-06	1.319624e-09	3.750708e+01	3.454831e+02
3.420000e-06	6.959560e-06	1.323475e-09	3.757946e+01	3.459856e+02
3.430000e-06	6.972464e-06	1.326152e-09	3.764914e+01	3.464693e+02
3.440000e-06	6.984874e-06	1.328656e-09	3.771615e+01	3.469338e+02
3.450000e-06	6.996846e-06	1.331752e-09	3.778079e+01	3.473789e+02
3.460000e-06	7.008391e-06	1.336335e-09	3.784313e+01	3.478043e+02
3.470000e-06	7.019484e-06	1.341021e-09	3.790303e+01	3.482098e+02
3.480000e-06	7.029803e-06	1.342686e-09	3.795875e+01	3.485953e+02
3.490000e-06	7.039259e-06	1.342555e-09	3.800981e+01	3.489606e+02
3.500000e-06	7.047896e-06	1.343028e-09	3.805645e+01	3.493058e+02
3.510000e-06	7.055879e-06	1.345121e-09	3.809956e+01	3.496307e+02
3.520000e-06	7.063562e-06	1.348382e-09	3.814104e+01	3.499353e+02
3.530000e-06	7.071007e-06	1.350136e-09	3.818124e+01	3.502196e+02
3.540000e-06	7.078035e-06	1.350709e-09	3.821919e+01	3.504837e+02
3.550000e-06	7.084435e-06	1.352891e-09	3.825375e+01	3.507274e+02
3.560000e-06	7.090227e-06	1.356523e-09	3.828502e+01	3.509509e+02
3.570000e-06	7.095646e-06	1.359069e-09	3.831428e+01	3.511543e+02
3.580000e-06	7.100663e-06	1.359653e-09	3.834137e+01	3.513375e+02
3.590000e-06	7.105039e-06	1.359701e-09	3.836501e+01	3.515006e+02
3.600000e-06	7.108952e-06	1.360537e-09	3.838613e+01	3.516436e+02
3.610000e-06	7.112611e-06	1.363138e-09	3.840589e+01	3.517668e+02
3.620000e-06	7.115877e-06	1.366031e-09	3.842353e+01	3.518701e+02
3.630000e-06	7.118618e-06	1.366734e-09	3.843833e+01	3.519536e+02
3.640000e-06	7.120695e-06	1.367186e-09	3.844954e+01	3.520176e+02
3.650000e-06	7.122028e-06	1.368715e-09	3.845674e+01	3.520621e+02
3.660000e-06	7.122632e-06	1.370190e-09	3.846000e+01	3.520874e+02
3.670000e-06	7.122623e-06	1.370991e-09	3.845995e+01	3.520936e+02
3.680000e-06	7.122260e-06	1.371112e-09	3.845799e+01	3.520812e+02
3.690000e-06	7.121596e-06	1.370552e-09	3.845441e+01	3.520503e+02
3.700000e-06	7.120484e-06	1.370646e-09	3.844840e+01	3.520013e+02
3.710000e-06	7.118913e-06	1.372091e-09	3.843992e+01	3.519348e+02
3.720000e-06	7.116969e-06	1.373363e-09	3.842943e+01	3.518511e+02
3.730000e-06	7.114525e-06	1.374723e-09	3.841623e+01	3.517508e+02
3.740000e-06	7.111519e-06	1.375424e-09	3.839999e+01	3.516346e+02
3.750000e-06	7.108063e-06	1.369322e-09	3.838133e+01	3.515030e+02
3.760000e-06	7.104138e-06	1.365072e-09	3.836014e+01	3.513568e+02
3.770000e-06	7.099501e-06	1.398531e-09	3.833510e+01	3.511969e+02
3.780000e-06	7.093905e-06	1.434669e-09	3.830488e+01	3.510239e+02
3.790000e-06	7.087760e-06	1.369323e-09	3.827170e+01	3.508388e+02
3.800000e-06	7.081507e-06	1.287874e-09	3.823794e+01	3.506425e+02
3.810000e-06	7.074916e-06	1.363554e-09	3.820235e+01	3.504360e+02
3.820000e-06	7.067723e-06	1.464217e-09	3.816351e+01	3.502201e+02
3.830000e-06	7.059830e-06	1.384056e-09	3.812089e+01	3.499959e+02
3.840000e-06	7.051486e-06	1.272856e-09	3.807584e+01	3.497644e+02
3.850000e-06	7.042798e-06	1.376745e-09	3.802892e+01	3.495265e+02
3.860000e-06	7.033547e-06	1.512493e-09	3.797897e+01	3.492831e+02
3.870000e-06	7.023691e-06	1.379343e-09	3.792575e+01	3.490352e+02
3.880000e-06	7.013414e-06	1.216124e-09	3.787026e+01	3.487835e+02
3.890000e-06	7.002821e-06	1.362606e-09	3.781306e+01	3.485288e+02
3.900000e-06	6.991725e-06	1.530014e-09	3.775315e+01	3.482718e+02
3.910000e-06	6.980014e-06	1.377059e-09	3.768991e+01	3.480132e+02
3.920000e-06	6.967725e-06	1.241209e-09	3.762355e+01	3.477534e+02
3.930000e-06	6.954806e-06	1.411878e-09	3.755379e+01	3.474928e+02
3.940000e-06	6.941110e-06	1.495035e-09	3.747984e+01	3.472317e+02
3.950000e-06	6.926765e-06	1.298465e-09	3.740238e+01	3.469702e+02
3.960000e-06	6.911794e-06	1.269535e-09	3.732154e+01	3.467085e+02
3.970000e-06	6.896129e-06	1.470764e-09	3.723695e+01	3.464464e+02
3.980000e-06	6.879959e-06	1.443694e-09	3.714964e+01	3.461838e+02
3.990000e-06	6.863444e-06	1.271383e-09	3.706046e+01	3.459201e+02
4.000000e-06	6.846510e-06	1.363692e-09	3.696903e+01	3.456552e+02
4.010000e-06	6.829095e-06	1.478528e-09	3.687499e+01	3.453882e+02
4.020000e-06	6.811258e-06	1.322260e-09	3.677868e+01	3.451187e+02
4.030000e-06	6.793010e-06	1.274034e-09	3.668014e+01	3.448457e+02
4.040000e-06	6.774321e-06	1.460701e-09	3.657923e+01	3.445685e+02
4.050000e-06	6.755077e-06	1.441061e-09	3.647532e+01	3.442862e+02
4.060000e-06	6.735297e-06	1.274545e-09	3.636851e+01	3.439977e+02
4.070000e-06	6.715199e-06	1.361018e-09	3.625999e+01	3.437021e+02
4.080000e-06	6.694868e-06	1.468482e-09	3.615021e+01	3.433983e+02
4.090000e-06	6.674187e-06	1.334130e-09	3.603854e+01	3.430853e+02
4.100000e-06	6.652925e-06	1.301010e-09	3.592373e+01	3.427620e+02
4.110000e-06	6.630909e-06	1.440006e-09	3.580485e+01	3.424273e+02
4.120000e-06	6.608003e-06	1.402072e-09	3.568116e+01	3.420804e+02
4.130000e-06	6.584390e-06	1.303771e-09	3.555366e+01	3.417202e+02
4.140000e-06	6.560314e-06	1.388006e-09	3.542366e+01	3.413459e+02
4.150000e-06	6.535871e-06	1.416761e-09	3.529167e+01	3.409567e+02
4.160000e-06	6.511208e-06	1.318535e-09	3.515850e+01	3.405518e+02
4.170000e-06	6.486218e-06	1.348679e-09	3.502356e+01	3.401306e+02
4.180000e-06	6.460749e-06	1.418677e-09	3.488604e+01	3.396926e+02
4.190000e-06	6.434770e-06	1.355684e-09	3.474576e+01	3.392374e+02
4.200000e-06	6.408258e-06	1.331335e-09	3.460260e+01	3.387646e+02
4.210000e-06	6.381172e-06	1.387394e-09	3.445635e+01	3.382739e+02
4.220000e-06	6.353578e-06	1.365915e-09	3.430735e+01	3.377653e+02
4.230000e-06	6.325660e-06	1.332756e-09	3.415660e+01	3.372387e+02
4.240000e-06	6.297490e-06	1.369080e-09	3.400449e+01	3.366942e+02
4.250000e-06	6.269034e-06	1.373860e-09	3.385084e+01	3.361318e+02
4.260000e-06	6.240322e-06	1.346491e-09	3.369580e+01	3.355517e+02
4.270000e-06	6.211018e-06	1.356260e-09	3.353757e+01	3.349543e+02
4.280000e-06	6.181011e-06	1.362728e-09	3.337554e+01	3.343398e+02
4.290000e-06	6.150370e-06	1.346680e-09	3.321009e+01	3.337086e+02
4.300000e-06	6.118970e-06	1.342945e-09	3.304054e+01	3.330610e+02
4.310000e-06	6.087062e-06	1.345492e-09	3.286825e+01	3.323973e+02
4.320000e-06	6.054830e-06	1.346329e-09	3.269420e+01	3.317181e+02
4.330000e-06	6.022283e-06	1.343958e-09	3.251846e+01	3.310236e+02
4.340000e-06	5.989307e-06	1.333265e-09	3.234040e+01	3.303141e+02
4.350000e-06	5.955661e-06	1.332957e-09	3.215872e+01	3.295900e+02
4.360000e-06	5.921545e-06	1.337841e-09	3.197450e+01	3.288515e+02
4.370000e-06	5.887192e-06	1.328232e-09	3.178901e+01	3.280988e+02
4.380000e-06	5.852583e-06	1.327883e-09	3.160213e+01	3.273321e+02
4.390000e-06	5.817636e-06	1.336309e-09	3.141343e+01	3.265515e+02
4.400000e-06	5.782255e-06	1.324367e-09	3.122238e+01	3.257571e+02
4.410000e-06	5.746524e-06	1.315948e-09	3.102945e+01	3.249487e+02
4.420000e-06	5.710440e-06	1.325525e-09	3.083460e+01	3.241263e+02
4.430000e-06	5.674089e-06	1.321032e-09	3.063832e+01	3.232899e+02
4.440000e-06	5.637438e-06	1.310060e-09	3.044041e+01	3.224391e+02
4.450000e-06	5.600330e-06	1.314892e-09	3.024005e+01	3.215739e+02
4.460000e-06	5.562599e-06	1.317002e-09	3.003631e+01	3.206938e+02
4.470000e-06	5.524233e-06	1.308710e-09	2.982914e+01	3.197987e+02
4.480000e-06	5.485275e-06	1.303376e-09	2.961878e+01	3.188883e+02
4.490000e-06	5.445679e-06	1.299980e-09	2.940497e+01	3.179622e+02
4.500000e-06	5.405632e-06	1.295545e-09	2.918874e+01	3.170201e+02
4.510000e-06	5.365308e-06	1.293709e-09	2.897100e+01	3.160618e+02
4.520000e-06	5.324776e-06	1.293126e-09	2.875214e+01	3.150870e+02
4.530000e-06	5.284014e-06	1.290996e-09	2.853203e+01	3.140954e+02
4.540000e-06	5.242985e-06	1.285903e-09	2.831049e+01	3.130869e+02
4.550000e-06	5.201591e-06	1.281066e-09	2.808698e+01	3.120614e+02
4.560000e-06	5.159744e-06	1.280342e-09	2.786102e+01	3.110187e+02
4.570000e-06	5.117547e-06	1.278112e-09	2.763316e+01	3.099587e+02
4.580000e-06	5.075051e-06	1.271396e-09	2.740370e+01	3.088816e+02
4.590000e-06	5.032144e-06	1.266225e-09	2.717202e+01	3.077874e+02
4.600000e-06	4.988752e-06	1.264722e-09	2.693771e+01	3.066761e+02
4.610000e-06	4.945097e-06	1.262679e-09	2.670199e+01	3.055481e+02
4.620000e-06	4.901215e-06	1.257643e-09	2.646504e+01	3.044034e+02
4.630000e-06	4.857018e-06	1.252841e-09	2.622639e+01	3.032423e+02
4.640000e-06	4.812673e-06	1.250765e-09	2.598694e+01	3.020652e+02
4.650000e-06	4.768118e-06	1.248402e-09	2.574636e+01	3.008722e+02
4.660000e-06	4.723221e-06	1.243160e-09	2.550392e+01	2.996637e+02
4.670000e-06	4.677956e-06	1.236468e-09	2.525951e+01	2.984399e+02
4.680000e-06	4.632322e-06	1.229607e-09	2.501310e+01	2.972010e+02
4.690000e-06	4.586416e-06	1.224177e-09	2.476522e+01	2.959472e+02
4.700000e-06	4.540069e-06	1.221644e-09	2.451496e+01	2.946786e+02
4.710000e-06	4.493278e-06	1.219043e-09	2.426231e+01	2.933954e+02
4.720000e-06	4.446234e-06	1.214348e-09	2.400828e+01	2.920973e+02
4.730000e-06	4.398877e-06	1.208562e-09	2.375257e+01	2.907844e+02
4.740000e-06	4.351322e-06	1.202285e-09	2.349579e+01	2.894564e+02
4.750000e-06	4.303566e-06	1.197862e-09	2.323792e+01	2.881129e+02
4.760000e-06	4.255383e-06	1.194279e-09	2.297775e+01	2.867534e+02
4.770000e-06	4.206707e-06	1.188009e-09	2.271491e+01	2.853774e+02
4.780000e-06	4.157597e-06	1.181941e-09	2.244973e+01	2.839840e+02
4.790000e-06	4.108128e-06	1.178557e-09	2.218261e+01	2.825724e+02
4.800000e-06	4.058383e-06	1.174837e-09	2.191401e+01	2.811416e+02
4.810000e-06	4.008319e-06	1.169263e-09	2.164368e+01	2.796906e+02
4.820000e-06	3.958074e-06	1.162984e-09	2.137237e+01	2.782180e+02
4.830000e-06	3.907589e-06	1.157185e-09	2.109977e+01	2.767226e+02
4.840000e-06	3.856657e-06	1.152424e-09	2.082475e+01	2.752030e+02
4.850000e-06	3.805374e-06	1.147126e-09	2.054784e+01	2.736578e+02
4.860000e-06	3.753824e-06	1.140247e-09	2.026948e+01	2.720853e+02
4.870000e-06	3.702025e-06	1.133246e-09	1.998978e+01	2.704842e+02
4.880000e-06	3.649974e-06	1.126462e-09	1.970873e+01	2.688529e+02
4.890000e-06	3.597594e-06	1.120205e-09	1.942589e+01	2.671899e+02
4.900000e-06	3.544915e-06	1.114359e-09	1.914144e+01	2.654938e+02
4.910000e-06	3.492039e-06	1.108475e-09	1.885593e+01	2.637631e+02
4.920000e-06	3.438809e-06	1.101603e-09	1.856850e+01	2.619965e+02
4.930000e-06	3.385226e-06	1.093335e-09	1.827917e+01	2.601930e+02
4.940000e-06	3.331373e-06	1.085771e-09	1.798838e+01	2.583513e+02
4.950000e-06	3.277212e-06	1.078961e-09	1.769593e+01	2.564707e+02
4.960000e-06	3.222680e-06	1.070646e-09	1.740147e+01	2.545503e+02
4.970000e-06	3.167693e-06	1.060995e-09	1.710456e+01	2.525896e+02
4.980000e-06	3.112387e-06	1.052223e-09	1.680592e+01	2.505883e+02
4.990000e-06	3.056772e-06	1.043940e-09	1.650562e+01	2.485460e+02
5.000000e-06	3.000836e-06	1.035002e-09	1.620358e+01	2.464629e+02
5.010000e-06	2.944713e-06	1.025836e-09	1.590053e+01	2.443390e+02
5.020000e-06	2.888410e-06	1.016621e-09	1.559652e+01	2.421747e+02
5.030000e-06	2.831992e-06	1.007302e-09	1.529188e+01	2.399706e+02
5.040000e-06	2.775565e-06	9.981273e-10	1.498719e+01	2.377274e+02
5.050000e-06	2.719069e-06	9.887495e-10	1.468213e+01	2.354458e+02
5.060000e-06	2.662354e-06	9.797511e-10	1.437589e+01	2.331268e+02
5.070000e-06	2.605451e-06	9.704938e-10	1.406862e+01	2.307714e+02
5.080000e-06	2.548486e-06	9.605358e-10	1.376103e+01	2.283807e+02
5.090000e-06	2.491399e-06	9.512491e-10	1.345278e+01	2.259559e+02
5.100000e-06	2.434080e-06	9.419540e-10	1.314328e+01	2.234979e+02
5.110000e-06	2.376540e-06	9.321240e-10	1.283258e+01	2.210080e+02
5.120000e-06	2.318702e-06	9.219742e-10	1.252027e+01	2.184871e+02
5.130000e-06	2.260687e-06	9.110626e-10	1.220701e+01	2.159361e+02
5.140000e-06	2.202596e-06	9.004912e-10	1.189333e+01	2.133558e+02
5.150000e-06	2.144388e-06	8.902487e-10	1.157903e+01	2.107468e+02
5.160000e-06	2.086092e-06	8.788604e-10	1.126425e+01	2.081094e+02
5.170000e-06	2.027566e-06	8.667249e-10	1.094823e+01	2.054440e+02
5.180000e-06	1.968761e-06	8.557141e-10	1.063070e+01	2.027503e+02
5.190000e-06	1.909822e-06	8.458341e-10	1.031245e+01	2.000280e+02
5.200000e-06	1.850806e-06	8.355601e-10	9.993778e+00	1.972765e+02
5.210000e-06	1.791618e-06	8.241393e-10	9.674180e+00	1.944948e+02
5.220000e-06	1.732243e-06	8.119410e-10	9.353576e+00	1.916816e+02
5.230000e-06	1.672785e-06	8.009081e-10	9.032522e+00	1.888353e+02
5.240000e-06	1.613208e-06	7.902073e-10	8.710820e+00	1.859540e+02
5.250000e-06	1.553492e-06	7.774767e-10	8.388377e+00	1.830355e+02
5.260000e-06	1.493747e-06	7.639921e-10	8.065767e+00	1.800772e+02
5.270000e-06	1.433902e-06	7.517786e-10	7.742628e+00	1.770764e+02
5.280000e-06	1.373926e-06	7.403126e-10	7.418776e+00	1.740301e+02
5.290000e-06	1.313909e-06	7.276307e-10	7.094702e+00	1.709349e+02
5.300000e-06	1.253817e-06	7.133985e-10	6.770225e+00	1.677875e+02
5.310000e-06	1.193639e-06	6.989114e-10	6.445281e+00	1.645841e+02
5.320000e-06	1.133431e-06	6.852244e-10	6.120173e+00	1.613212e+02
5.330000e-06	1.073200e-06	6.723402e-10	5.794947e+00	1.579948e+02
5.340000e-06	1.012904e-06	6.593448e-10	5.469368e+00	1.546013e+02
5.350000e-06	9.525165e-07	6.449665e-10	5.143293e+00	1.511370e+02
5.360000e-06	8.921521e-07	6.294224e-10	4.817344e+00	1.475980e+02
5.370000e-06	8.318196e-07	6.139676e-10	4.491568e+00	1.439809e+02
5.380000e-06	7.713871e-07	5.983610e-10	4.165251e+00	1.402824e+02
5.390000e-06	7.109442e-07	5.817955e-10	3.838878e+00	1.364994e+02
5.400000e-06	6.505201e-07	5.647677e-10	3.512606e+00	1.326290e+02
5.410000e-06	5.900492e-07	5.485495e-10	3.186082e+00	1.286688e+02
5.420000e-06	5.294499e-07	5.330253e-10	2.858865e+00	1.246167e+02
5.430000e-06	4.687863e-07	5.170755e-10	2.531301e+00	1.204711e+02
5.440000e-06	4.081974e-07	4.999511e-10	2.204139e+00	1.162307e+02
5.450000e-06	3.475729e-07	4.807099e-10	1.876786e+00	1.118948e+02
5.460000e-06	2.868915e-07	4.604159e-10	1.549125e+00	1.074632e+02
5.470000e-06	2.262298e-07	4.408489e-10	1.221570e+00	1.029361e+02
5.480000e-06	1.655096e-07	4.214089e-10	8.937003e-01	9.831446e+01
5.490000e-06	1.047377e-07	4.014149e-10	5.655513e-01	9.359964e+01
5.500000e-06	4.404019e-08	3.814161e-10	2.378034e-01	8.879360e+01
5.510000e-06	-1.657676e-08	3.610591e-10	-8.950934e-02	8.389883e+01
5.520000e-06	-7.718765e-08	3.398146e-10	-4.167894e-01	7.891835e+01
5.530000e-06	-1.378200e-07	3.183976e-10	-7.441850e-01	7.385571e+01
5.540000e-06	-1.984875e-07	2.966711e-10	-1.071771e+00	6.871495e+01
5.550000e-06	-2.591947e-07	2.750851e-10	-1.399571e+00	6.350057e+01
5.560000e-06	-3.198676e-07	2.536050e-10	-1.727185e+00	5.821750e+01
5.570000e-06	-3.804877e-07	2.312616e-10	-2.054516e+00	5.287108e+01
5.580000e-06	-4.410593e-07	2.080551e-10	-2.381584e+00	4.746698e+01
5.590000e-06	-5.015269e-07	1.841182e-10	-2.708090e+00	4.201118e+01
5.600000e-06	-5.619471e-07	1.608358e-10	-3.034340e+00	3.650994e+01
5.610000e-06	-6.223690e-07	1.382394e-10	-3.360599e+00	3.096969e+01
5.620000e-06	-6.828110e-07	1.152272e-10	-3.686968e+00	2.539704e+01
5.630000e-06	-7.432180e-07	9.163771e-11	-4.013146e+00	1.979870e+01
5.640000e-06	-8.035612e-07	6.753731e-11	-4.338981e+00	1.418143e+01
5.650000e-06	-8.639127e-07	4.307242e-11	-4.664860e+00	8.551984e+00
5.660000e-06	-9.242362e-07	1.808069e-11	-4.990589e+00	2.917061e+00
5.670000e-06	-9.845208e-07	-6.654831e-12	-5.316106e+00	-2.716736e+00
5.680000e-06	-1.044720e-06	-2.973295e-11	-5.641163e+00	-8.342956e+00
5.690000e-06	-1.104851e-06	-5.095628e-11	-5.965854e+00	-1.395534e+01
5.700000e-06	-1.164926e-06	-7.299595e-11	-6.290239e+00	-1.954786e+01
5.710000e-06	-1.224925e-06	-9.653039e-11	-6.614215e+00	-2.511477e+01
5.720000e-06	-1.284931e-06	-1.202414e-10	-6.938229e+00	-3.065060e+01
5.730000e-06	-1.344881e-06	-1.430405e-10	-7.261942e+00	-3.615023e+01
5.740000e-06	-1.404693e-06	-1.647144e-10	-7.584907e+00	-4.160889e+01
5.750000e-06	-1.464445e-06	-1.871309e-10	-7.907550e+00	-4.702218e+01
5.760000e-06	-1.524141e-06	-2.108526e-10	-8.229887e+00	-5.238608e+01
5.770000e-06	-1.583705e-06	-2.343964e-10	-8.551513e+00	-5.769698e+01
5.780000e-06	-1.643118e-06	-2.566912e-10	-8.872328e+00	-6.295164e+01
5.790000e-06	-1.702383e-06	-2.782622e-10	-9.192338e+00	-6.814724e+01
5.800000e-06	-1.761503e-06	-3.008051e-10	-9.511572e+00	-7.328135e+01
5.810000e-06	-1.820513e-06	-3.236693e-10	-9.830207e+00	-7.835192e+01
5.820000e-06	-1.879395e-06	-3.450796e-10	-1.014815e+01	-8.335728e+01
5.830000e-06	-1.938146e-06	-3.660668e-10	-1.046539e+01	-8.829609e+01
5.840000e-06	-1.996787e-06	-3.875773e-10	-1.078203e+01	-9.316737e+01
5.850000e-06	-2.055358e-06	-4.094514e-10	-1.109829e+01	-9.797044e+01
5.860000e-06	-2.113758e-06	-4.305790e-10	-1.141364e+01	-1.027049e+02
5.870000e-06	-2.171890e-06	-4.500767e-10	-1.172753e+01	-1.073707e+02
5.880000e-06	-2.229892e-06	-4.691058e-10	-1.204072e+01	-1.119679e+02
5.890000e-06	-2.287742e-06	-4.879060e-10	-1.235309e+01	-1.164968e+02
5.900000e-06	-2.345373e-06	-5.064697e-10	-1.266429e+01	-1.209579e+02
5.910000e-06	-2.402794e-06	-5.258514e-10	-1.297434e+01	-1.253519e+02
5.920000e-06	-2.460007e-06	-5.451537e-10	-1.328328e+01	-1.296796e+02
5.930000e-06	-2.517155e-06	-5.634366e-10	-1.359185e+01	-1.339418e+02
5.940000e-06	-2.574190e-06	-5.812611e-10	-1.389983e+01	-1.381395e+02
5.950000e-06	-2.630911e-06	-5.998261e-10	-1.420610e+01	-1.422737e+02
5.960000e-06	-2.687417e-06	-6.181597e-10	-1.451122e+01	-1.463454e+02
5.970000e-06	-2.743851e-06	-6.352446e-10	-1.481594e+01	-1.503557e+02
5.980000e-06	-2.800198e-06	-6.520906e-10	-1.512020e+01	-1.543056e+02
5.990000e-06	-2.856454e-06	-6.685260e-10	-1.542397e+01	-1.581961e+02
6.000000e-06	-2.912568e-06	-6.848434e-10	-1.572697e+01	-1.620281e+02
6.010000e-06	-2.968539e-06	-7.009257e-10	-1.602919e+01	-1.658026e+02
6.020000e-06	-3.024289e-06	-7.160375e-10	-1.633022e+01	-1.695205e+02
6.030000e-06	-3.079828e-06	-7.307938e-10	-1.663011e+01	-1.731824e+02
6.040000e-06	-3.135105e-06	-7.460684e-10	-1.692859e+01	-1.767892e+02
6.050000e-06	-3.190071e-06	-7.610615e-10	-1.722539e+01	-1.803416e+02
6.060000e-06	-3.244698e-06	-7.753930e-10	-1.752036e+01	-1.838401e+02
6.070000e-06	-3.298843e-06	-7.894461e-10	-1.781273e+01	-1.872853e+02
6.080000e-06	-3.352538e-06	-8.033807e-10	-1.810266e+01	-1.906777e+02
6.090000e-06	-3.405833e-06	-8.181791e-10	-1.839044e+01	-1.940177e+02
6.100000e-06	-3.458796e-06	-8.340193e-10	-1.867643e+01	-1.973058e+02
6.110000e-06	-3.511417e-06	-8.487852e-10	-1.896056e+01	-2.005422e+02
6.120000e-06	-3.563716e-06	-8.617543e-10	-1.924296e+01	-2.037275e+02
6.130000e-06	-3.615881e-06	-8.740753e-10	-1.952464e+01	-2.068618e+02
6.140000e-06	-3.667965e-06	-8.864076e-10	-1.980587e+01	-2.099455e+02
6.150000e-06	-3.719852e-06	-8.993114e-10	-2.008605e+01	-2.129790e+02
6.160000e-06	-3.771438e-06	-9.124942e-10	-2.036460e+01	-2.159625e+02
6.170000e-06	-3.822799e-06	-9.254150e-10	-2.064193e+01	-2.188964e+02
6.180000e-06	-3.873859e-06	-9.371000e-10	-2.091763e+01	-2.217812e+02
6.190000e-06	-3.924363e-06	-9.474708e-10	-2.119034e+01	-2.246171e+02
6.200000e-06	-3.974411e-06	-9.579057e-10	-2.146059e+01	-2.274047e+02
6.210000e-06	-4.024238e-06	-9.693877e-10	-2.172964e+01	-2.301443e+02
6.220000e-06	-4.073788e-06	-9.808718e-10	-2.199719e+01	-2.328366e+02
6.230000e-06	-4.122871e-06	-9.913702e-10	-2.226222e+01	-2.354819e+02
6.240000e-06	-4.171635e-06	-1.001688e-09	-2.252553e+01	-2.380811e+02
6.250000e-06	-4.220060e-06	-1.012698e-09	-2.278701e+01	-2.406345e+02
6.260000e-06	-4.267934e-06	-1.023305e-09	-2.304552e+01	-2.431430e+02
6.270000e-06	-4.315372e-06	-1.032577e-09	-2.330167e+01	-2.456071e+02
6.280000e-06	-4.362594e-06	-1.042116e-09	-2.355665e+01	-2.480276e+02
6.290000e-06	-4.409484e-06	-1.053495e-09	-2.380984e+01	-2.504051e+02
6.300000e-06	-4.456059e-06	-1.065603e-09	-2.406133e+01	-2.527404e+02
6.310000e-06	-4.502506e-06	-1.076517e-09	-2.431214e+01	-2.550343e+02
6.320000e-06	-4.548699e-06	-1.085664e-09	-2.456156e+01	-2.572873e+02
6.330000e-06	-4.594505e-06	-1.093990e-09	-2.480890e+01	-2.595003e+02
6.340000e-06	-4.640003e-06	-1.103010e-09	-2.505457e+01	-2.616738e+02
6.350000e-06	-4.685226e-06	-1.112617e-09	-2.529876e+01	-2.638086e+02
6.360000e-06	-4.730074e-06	-1.121438e-09	-2.554093e+01	-2.659052e+02
6.370000e-06	-4.774639e-06	-1.128460e-09	-2.578157e+01	-2.679642e+02
6.380000e-06	-4.818996e-06	-1.135230e-09	-2.602108e+01	-2.699862e+02
6.390000e-06	-4.863141e-06	-1.143144e-09	-2.625945e+01	-2.719715e+02
6.400000e-06	-4.907113e-06	-1.151054e-09	-2.649689e+01	-2.739208e+02
6.410000e-06	-4.950800e-06	-1.158536e-09	-2.673278e+01	-2.758342e+02
6.420000e-06	-4.994079e-06	-1.165700e-09	-2.696648e+01	-2.777121e+02
6.430000e-06	-5.036955e-06	-1.172939e-09	-2.719799e+01	-2.795548e+02
6.440000e-06	-5.079428e-06	-1.181208e-09	-2.742734e+01	-2.813626e+02
6.450000e-06	-5.121590e-06	-1.189415e-09	-2.765499e+01	-2.831354e+02
6.460000e-06	-5.163383e-06	-1.196783e-09	-2.788067e+01	-2.848736e+02
6.470000e-06	-5.204843e-06	-1.203486e-09	-2.810453e+01	-2.865772e+02
6.480000e-06	-5.246053e-06	-1.209339e-09	-2.832706e+01	-2.882463e+02
6.490000e-06	-5.286763e-06	-1.216031e-09	-2.854688e+01	-2.898809e+02
6.500000e-06	-5.327028e-06	-1.223526e-09	-2.876430e+01	-2.914811e+02
6.510000e-06	-5.367076e-06	-1.229741e-09	-2.898055e+01	-2.930469e+02
6.520000e-06	-5.406954e-06	-1.235038e-09	-2.919588e+01	-2.945784e+02
6.530000e-06	-5.446547e-06	-1.239112e-09	-2.940966e+01	-2.960756e+02
6.540000e-06	-5.485695e-06	-1.242552e-09	-2.962105e+01	-2.975388e+02
6.550000e-06	-5.524413e-06	-1.247288e-09	-2.983012e+01	-2.989680e+02
6.560000e-06	-5.562429e-06	-1.253431e-09	-3.003539e+01	-3.003635e+02
6.570000e-06	-5.599671e-06	-1.259784e-09	-3.023649e+01	-3.017256e+02
6.580000e-06	-5.636380e-06	-1.264796e-09	-3.043470e+01	-3.030545e+02
6.590000e-06	-5.672739e-06	-1.269144e-09	-3.063103e+01	-3.043507e+02
6.600000e-06	-5.708889e-06	-1.273480e-09	-3.082623e+01	-3.056148e+02
6.610000e-06	-5.744817e-06	-1.277494e-09	-3.102023e+01	-3.068472e+02
6.620000e-06	-5.780394e-06	-1.281333e-09	-3.121233e+01	-3.080487e+02
6.630000e-06	-5.815488e-06	-1.285772e-09	-3.140183e+01	-3.092200e+02
6.640000e-06	-5.850145e-06	-1.290725e-09	-3.158897e+01	-3.103619e+02
6.650000e-06	-5.884394e-06	-1.295100e-09	-3.177390e+01	-3.114754e+02
6.660000e-06	-5.918250e-06	-1.298405e-09	-3.195671e+01	-3.125614e+02
6.670000e-06	-5.951697e-06	-1.300463e-09	-3.213732e+01	-3.136211e+02
6.680000e-06	-5.984709e-06	-1.302156e-09	-3.231557e+01	-3.146556e+02
6.690000e-06	-6.017333e-06	-1.305121e-09	-3.249173e+01	-3.156660e+02
6.700000e-06	-6.049573e-06	-1.310138e-09	-3.266582e+01	-3.166537e+02
6.710000e-06	-6.081513e-06	-1.314542e-09	-3.283828e+01	-3.176198e+02
6.720000e-06	-6.113137e-06	-1.317251e-09	-3.300904e+01	-3.185656e+02
6.730000e-06	-6.144220e-06	-1.319916e-09	-3.317688e+01	-3.194925e+02
6.740000e-06	-6.174501e-06	-1.321924e-09	-3.334039e+01	-3.204018e+02
6.750000e-06	-6.203982e-06	-1.324203e-09	-3.349957e+01	-3.212947e+02
6.760000e-06	-6.232895e-06	-1.327801e-09	-3.365570e+01	-3.221724e+02
6.770000e-06	-6.261422e-06	-1.331041e-09	-3.380973e+01	-3.230362e+02
6.780000e-06	-6.289747e-06	-1.334030e-09	-3.396268e+01	-3.238871e+02
6.790000e-06	-6.317777e-06	-1.337568e-09	-3.411404e+01	-3.247263e+02
6.800000e-06	-6.345403e-06	-1.339548e-09	-3.426321e+01	-3.255547e+02
6.810000e-06	-6.372608e-06	-1.340579e-09	-3.441010e+01	-3.263732e+02
6.820000e-06	-6.399392e-06	-1.341613e-09	-3.455473e+01	-3.271826e+02
6.830000e-06	-6.425707e-06	-1.343551e-09	-3.469683e+01	-3.279835e+02
6.840000e-06	-6.451346e-06	-1.346887e-09	-3.483527e+01	-3.287765e+02
6.850000e-06	-6.476375e-06	-1.349009e-09	-3.497041e+01	-3.295621e+02
6.860000e-06	-6.501106e-06	-1.350415e-09	-3.510395e+01	-3.303406e+02
6.870000e-06	-6.525660e-06	-1.352050e-09	-3.523654e+01	-3.311122e+02
6.880000e-06	-6.549994e-06	-1.354189e-09	-3.536793e+01	-3.318769e+02
6.890000e-06	-6.573969e-06	-1.357921e-09	-3.549739e+01	-3.326347e+02
6.900000e-06	-6.597344e-06	-1.362256e-09	-3.562361e+01	-3.333856e+02
6.910000e-06	-6.620034e-06	-1.364802e-09	-3.574613e+01	-3.341291e+02
6.920000e-06	-6.641976e-06	-1.365649e-09	-3.586461e+01	-3.348651e+02
6.930000e-06	-6.663180e-06	-1.367276e-09	-3.597910e+01	-3.355930e+02
6.940000e-06	-6.683851e-06	-1.369832e-09	-3.609072e+01	-3.363124e+02
6.950000e-06	-6.704199e-06	-1.371985e-09	-3.620059e+01	-3.370226e+02
6.960000e-06	-6.724250e-06	-1.374070e-09	-3.630886e+01	-3.377231e+02
6.970000e-06	-6.743929e-06	-1.376509e-09	-3.641512e+01	-3.384131e+02
6.980000e-06	-6.763101e-06	-1.379604e-09	-3.651865e+01	-3.390920e+02
6.990000e-06	-6.781770e-06	-1.382170e-09	-3.661945e+01	-3.397590e+02
7.000000e-06	-6.799974e-06	-1.383385e-09	-3.671775e+01	-3.404134e+02
7.010000e-06	-6.817689e-06	-1.384125e-09	-3.681341e+01	-3.410543e+02
7.020000e-06	-6.834803e-06	-1.385071e-09	-3.690581e+01	-3.416812e+02
7.030000e-06	-6.851538e-06	-1.386926e-09	-3.699618e+01	-3.422933e+02
7.040000e-06	-6.868040e-06	-1.389358e-09	-3.708529e+01	-3.428899e+02
7.050000e-06	-6.884260e-06	-1.390840e-09	-3.717287e+01	-3.434703e+02
7.060000e-06	-6.900121e-06	-1.391454e-09	-3.725851e+01	-3.440339e+02
7.070000e-06	-6.915333e-06	-1.392738e-09	-3.734065e+01	-3.445803e+02
7.080000e-06	-6.929760e-06	-1.394443e-09	-3.741855e+01	-3.451088e+02
7.090000e-06	-6.943197e-06	-1.395994e-09	-3.749111e+01	-3.456191e+02
7.100000e-06	-6.955944e-06	-1.397370e-09	-3.755994e+01	-3.461107e+02
7.110000e-06	-6.968307e-06	-1.398938e-09	-3.762669e+01	-3.465832e+02
7.120000e-06	-6.980171e-06	-1.400943e-09	-3.769076e+01	-3.470364e+02
7.130000e-06	-6.991528e-06	-1.403084e-09	-3.775208e+01	-3.474700e+02
7.140000e-06	-7.002394e-06	-1.404798e-09	-3.781075e+01	-3.478838e+02
7.150000e-06	-7.012785e-06	-1.404391e-09	-3.786686e+01	-3.482777e+02
7.160000e-06	-7.022682e-06	-1.403202e-09	-3.792030e+01	-3.486514e+02
7.170000e-06	-7.032052e-06	-1.403750e-09	-3.797090e+01	-3.490050e+02
7.180000e-06	-7.040927e-06	-1.404668e-09	-3.801882e+01	-3.493384e+02
7.190000e-06	-7.049436e-06	-1.404490e-09	-3.806477e+01	-3.496514e+02
7.200000e-06	-7.057668e-06	-1.403861e-09	-3.810922e+01	-3.499442e+02
7.210000e-06	-7.065570e-06	-1.403206e-09	-3.815188e+01	-3.502167e+02
7.220000e-06	-7.072970e-06	-1.402504e-09	-3.819184e+01	-3.504689e+02
7.230000e-06	-7.079576e-06	-1.401896e-09	-3.822751e+01	-3.507009e+02
7.240000e-06	-7.085214e-06	-1.401252e-09	-3.825796e+01	-3.509126e+02
7.250000e-06	-7.090147e-06	-1.400720e-09	-3.828459e+01	-3.511042e+02
7.260000e-06	-7.094684e-06	-1.400735e-09	-3.830909e+01	-3.512757e+02
7.270000e-06	-7.098922e-06	-1.401047e-09	-3.833197e+01	-3.514271e+02
7.280000e-06	-7.102813e-06	-1.401206e-09	-3.835299e+01	-3.515585e+02
7.290000e-06	-7.106161e-06	-1.400679e-09	-3.837107e+01	-3.516700e+02
7.300000e-06	-7.109008e-06	-1.399432e-09	-3.838644e+01	-3.517618e+02
7.310000e-06	-7.111426e-06	-1.399018e-09	-3.839949e+01	-3.518339e+02
7.320000e-06	-7.113334e-06	-1.399233e-09	-3.840979e+01	-3.518865e+02
7.330000e-06	-7.114688e-06	-1.399436e-09	-3.841710e+01	-3.519198e+02
7.340000e-06	-7.115513e-06	-1.398753e-09	-3.842156e+01	-3.519339e+02
