# Temperatura_=_19.5
# Concentracion g/m^3_=_7400.0
# C_Vs_to_Am_M_A/Vsm_=_254322799225.57578
# pendiente_HvsI_1/m_=_3716.3
# ordenada_HvsI_A/m_=_1297.0
# frecuencia_Hz_=_136118.716833554

Tiempo_(s)	Campo_(V.s)	Magnetizacion_(V.s)	Campo_(kA/m)	Magnetizacion_(A/m)
0.000000e+00	-7.111084e-06	-1.653477e-09	-3.842853e+01	-4.162152e+02
1.000000e-08	-7.111235e-06	-1.652157e-09	-3.842934e+01	-4.162834e+02
2.000000e-08	-7.111109e-06	-1.652059e-09	-3.842866e+01	-4.163348e+02
3.000000e-08	-7.110323e-06	-1.651381e-09	-3.842441e+01	-4.163692e+02
4.000000e-08	-7.108721e-06	-1.649383e-09	-3.841575e+01	-4.163865e+02
5.000000e-08	-7.106402e-06	-1.647308e-09	-3.840323e+01	-4.163863e+02
6.000000e-08	-7.103430e-06	-1.646179e-09	-3.838716e+01	-4.163685e+02
7.000000e-08	-7.100008e-06	-1.647622e-09	-3.836867e+01	-4.163327e+02
8.000000e-08	-7.096222e-06	-1.651788e-09	-3.834821e+01	-4.162787e+02
9.000000e-08	-7.091888e-06	-1.647324e-09	-3.832479e+01	-4.162064e+02
1.000000e-07	-7.086791e-06	-1.615196e-09	-3.829724e+01	-4.161155e+02
1.100000e-07	-7.080984e-06	-1.594120e-09	-3.826586e+01	-4.160059e+02
1.200000e-07	-7.074965e-06	-1.654266e-09	-3.823334e+01	-4.158777e+02
1.300000e-07	-7.068881e-06	-1.715180e-09	-3.820046e+01	-4.157308e+02
1.400000e-07	-7.062151e-06	-1.645900e-09	-3.816409e+01	-4.155654e+02
1.500000e-07	-7.054708e-06	-1.560477e-09	-3.812387e+01	-4.153818e+02
1.600000e-07	-7.046962e-06	-1.638569e-09	-3.808201e+01	-4.151801e+02
1.700000e-07	-7.038974e-06	-1.727625e-09	-3.803884e+01	-4.149609e+02
1.800000e-07	-7.030432e-06	-1.614754e-09	-3.799268e+01	-4.147246e+02
1.900000e-07	-7.021066e-06	-1.508429e-09	-3.794206e+01	-4.144718e+02
2.000000e-07	-7.011096e-06	-1.642003e-09	-3.788819e+01	-4.142032e+02
2.100000e-07	-7.000606e-06	-1.757117e-09	-3.783150e+01	-4.139195e+02
2.200000e-07	-6.989534e-06	-1.615444e-09	-3.777166e+01	-4.136214e+02
2.300000e-07	-6.977813e-06	-1.510943e-09	-3.770832e+01	-4.133097e+02
2.400000e-07	-6.965515e-06	-1.638222e-09	-3.764186e+01	-4.129854e+02
2.500000e-07	-6.952662e-06	-1.697123e-09	-3.757241e+01	-4.126492e+02
2.600000e-07	-6.939241e-06	-1.573336e-09	-3.749988e+01	-4.123019e+02
2.700000e-07	-6.925314e-06	-1.561284e-09	-3.742462e+01	-4.119445e+02
2.800000e-07	-6.910888e-06	-1.667284e-09	-3.734666e+01	-4.115775e+02
2.900000e-07	-6.895472e-06	-1.629337e-09	-3.726335e+01	-4.112017e+02
3.000000e-07	-6.879067e-06	-1.547221e-09	-3.717470e+01	-4.108177e+02
3.100000e-07	-6.862395e-06	-1.610853e-09	-3.708460e+01	-4.104259e+02
3.200000e-07	-6.845479e-06	-1.636263e-09	-3.699319e+01	-4.100268e+02
3.300000e-07	-6.828103e-06	-1.541098e-09	-3.689928e+01	-4.096206e+02
3.400000e-07	-6.810373e-06	-1.572496e-09	-3.680347e+01	-4.092073e+02
3.500000e-07	-6.792294e-06	-1.671594e-09	-3.670577e+01	-4.087871e+02
3.600000e-07	-6.773607e-06	-1.586996e-09	-3.660479e+01	-4.083597e+02
3.700000e-07	-6.754354e-06	-1.496989e-09	-3.650074e+01	-4.079248e+02
3.800000e-07	-6.734766e-06	-1.598354e-09	-3.639489e+01	-4.074821e+02
3.900000e-07	-6.714863e-06	-1.636213e-09	-3.628733e+01	-4.070309e+02
4.000000e-07	-6.694474e-06	-1.527663e-09	-3.617715e+01	-4.065706e+02
4.100000e-07	-6.673624e-06	-1.541968e-09	-3.606448e+01	-4.061005e+02
4.200000e-07	-6.652392e-06	-1.629921e-09	-3.594974e+01	-4.056196e+02
4.300000e-07	-6.630642e-06	-1.573623e-09	-3.583220e+01	-4.051272e+02
4.400000e-07	-6.608362e-06	-1.523861e-09	-3.571180e+01	-4.046221e+02
4.500000e-07	-6.585564e-06	-1.586531e-09	-3.558860e+01	-4.041035e+02
4.600000e-07	-6.562262e-06	-1.574272e-09	-3.546267e+01	-4.035703e+02
4.700000e-07	-6.538640e-06	-1.517733e-09	-3.533502e+01	-4.030217e+02
4.800000e-07	-6.514780e-06	-1.568699e-09	-3.520608e+01	-4.024566e+02
4.900000e-07	-6.490532e-06	-1.591030e-09	-3.507504e+01	-4.018743e+02
5.000000e-07	-6.465636e-06	-1.517047e-09	-3.494050e+01	-4.012739e+02
5.100000e-07	-6.439854e-06	-1.521412e-09	-3.480118e+01	-4.006549e+02
5.200000e-07	-6.413234e-06	-1.572781e-09	-3.465732e+01	-4.000167e+02
5.300000e-07	-6.386095e-06	-1.534704e-09	-3.451066e+01	-3.993588e+02
5.400000e-07	-6.358621e-06	-1.507453e-09	-3.436219e+01	-3.986811e+02
5.500000e-07	-6.330819e-06	-1.547087e-09	-3.421195e+01	-3.979834e+02
5.600000e-07	-6.302660e-06	-1.538856e-09	-3.405977e+01	-3.972657e+02
5.700000e-07	-6.274200e-06	-1.505531e-09	-3.390598e+01	-3.965282e+02
5.800000e-07	-6.245346e-06	-1.523603e-09	-3.375005e+01	-3.957711e+02
5.900000e-07	-6.215970e-06	-1.526847e-09	-3.359130e+01	-3.949950e+02
6.000000e-07	-6.186177e-06	-1.497754e-09	-3.343030e+01	-3.942004e+02
6.100000e-07	-6.156014e-06	-1.504963e-09	-3.326729e+01	-3.933878e+02
6.200000e-07	-6.125528e-06	-1.518786e-09	-3.310255e+01	-3.925581e+02
6.300000e-07	-6.094628e-06	-1.498847e-09	-3.293556e+01	-3.917119e+02
6.400000e-07	-6.063278e-06	-1.489692e-09	-3.276615e+01	-3.908500e+02
6.500000e-07	-6.031636e-06	-1.497171e-09	-3.259515e+01	-3.899733e+02
6.600000e-07	-5.999709e-06	-1.488802e-09	-3.242262e+01	-3.890825e+02
6.700000e-07	-5.967430e-06	-1.481058e-09	-3.224818e+01	-3.881784e+02
6.800000e-07	-5.934504e-06	-1.484763e-09	-3.207025e+01	-3.872615e+02
6.900000e-07	-5.900650e-06	-1.479681e-09	-3.188730e+01	-3.863324e+02
7.000000e-07	-5.866008e-06	-1.469381e-09	-3.170010e+01	-3.853916e+02
7.100000e-07	-5.830800e-06	-1.465406e-09	-3.150983e+01	-3.844392e+02
7.200000e-07	-5.795270e-06	-1.462059e-09	-3.131782e+01	-3.834755e+02
7.300000e-07	-5.759604e-06	-1.456705e-09	-3.112509e+01	-3.825003e+02
7.400000e-07	-5.723753e-06	-1.452283e-09	-3.093135e+01	-3.815134e+02
7.500000e-07	-5.687708e-06	-1.448842e-09	-3.073656e+01	-3.805145e+02
7.600000e-07	-5.651257e-06	-1.446524e-09	-3.053957e+01	-3.795028e+02
7.700000e-07	-5.614263e-06	-1.443329e-09	-3.033965e+01	-3.784777e+02
7.800000e-07	-5.576846e-06	-1.436371e-09	-3.013745e+01	-3.774381e+02
7.900000e-07	-5.539006e-06	-1.427432e-09	-2.993296e+01	-3.763830e+02
8.000000e-07	-5.500744e-06	-1.420756e-09	-2.972620e+01	-3.753111e+02
8.100000e-07	-5.461878e-06	-1.416540e-09	-2.951616e+01	-3.742211e+02
8.200000e-07	-5.422507e-06	-1.413346e-09	-2.930340e+01	-3.731115e+02
8.300000e-07	-5.382972e-06	-1.408856e-09	-2.908975e+01	-3.719808e+02
8.400000e-07	-5.343335e-06	-1.402353e-09	-2.887555e+01	-3.708275e+02
8.500000e-07	-5.303449e-06	-1.395925e-09	-2.866001e+01	-3.696500e+02
8.600000e-07	-5.263138e-06	-1.390831e-09	-2.844217e+01	-3.684469e+02
8.700000e-07	-5.222482e-06	-1.385279e-09	-2.822246e+01	-3.672167e+02
8.800000e-07	-5.181342e-06	-1.378340e-09	-2.800014e+01	-3.659580e+02
8.900000e-07	-5.139580e-06	-1.370581e-09	-2.777446e+01	-3.646698e+02
9.000000e-07	-5.097231e-06	-1.363195e-09	-2.754560e+01	-3.633507e+02
9.100000e-07	-5.054269e-06	-1.357392e-09	-2.731343e+01	-3.620001e+02
9.200000e-07	-5.010871e-06	-1.352156e-09	-2.707891e+01	-3.606173e+02
9.300000e-07	-4.967256e-06	-1.346076e-09	-2.684321e+01	-3.592016e+02
9.400000e-07	-4.923477e-06	-1.339932e-09	-2.660663e+01	-3.577529e+02
9.500000e-07	-4.879361e-06	-1.334596e-09	-2.636822e+01	-3.562712e+02
9.600000e-07	-4.834907e-06	-1.328911e-09	-2.612799e+01	-3.547566e+02
9.700000e-07	-4.790200e-06	-1.321647e-09	-2.588639e+01	-3.532096e+02
9.800000e-07	-4.745060e-06	-1.313681e-09	-2.564246e+01	-3.516307e+02
9.900000e-07	-4.699553e-06	-1.306491e-09	-2.539654e+01	-3.500209e+02
1.000000e-06	-4.653780e-06	-1.300561e-09	-2.514918e+01	-3.483811e+02
1.010000e-06	-4.607654e-06	-1.295504e-09	-2.489991e+01	-3.467124e+02
1.020000e-06	-4.561211e-06	-1.289760e-09	-2.464893e+01	-3.450162e+02
1.030000e-06	-4.514454e-06	-1.282593e-09	-2.439625e+01	-3.432938e+02
1.040000e-06	-4.467323e-06	-1.275438e-09	-2.414156e+01	-3.415465e+02
1.050000e-06	-4.419914e-06	-1.270008e-09	-2.388535e+01	-3.397758e+02
1.060000e-06	-4.372272e-06	-1.264495e-09	-2.362790e+01	-3.379832e+02
1.070000e-06	-4.324375e-06	-1.257764e-09	-2.336906e+01	-3.361699e+02
1.080000e-06	-4.276315e-06	-1.250425e-09	-2.310934e+01	-3.343371e+02
1.090000e-06	-4.227914e-06	-1.242590e-09	-2.284778e+01	-3.324860e+02
1.100000e-06	-4.179029e-06	-1.235191e-09	-2.258361e+01	-3.306175e+02
1.110000e-06	-4.129781e-06	-1.227997e-09	-2.231747e+01	-3.287324e+02
1.120000e-06	-4.080049e-06	-1.219908e-09	-2.204871e+01	-3.268312e+02
1.130000e-06	-4.029620e-06	-1.212259e-09	-2.177619e+01	-3.249142e+02
1.140000e-06	-3.978609e-06	-1.205739e-09	-2.150053e+01	-3.229814e+02
1.150000e-06	-3.927398e-06	-1.200083e-09	-2.122378e+01	-3.210327e+02
1.160000e-06	-3.875988e-06	-1.193657e-09	-2.094596e+01	-3.190675e+02
1.170000e-06	-3.824285e-06	-1.185278e-09	-2.066656e+01	-3.170852e+02
1.180000e-06	-3.772356e-06	-1.176922e-09	-2.038593e+01	-3.150848e+02
1.190000e-06	-3.720156e-06	-1.169466e-09	-2.010384e+01	-3.130651e+02
1.200000e-06	-3.667546e-06	-1.162070e-09	-1.981953e+01	-3.110247e+02
1.210000e-06	-3.614636e-06	-1.154485e-09	-1.953361e+01	-3.089620e+02
1.220000e-06	-3.561585e-06	-1.146300e-09	-1.924692e+01	-3.068754e+02
1.230000e-06	-3.508272e-06	-1.137675e-09	-1.895881e+01	-3.047630e+02
1.240000e-06	-3.454682e-06	-1.129619e-09	-1.866921e+01	-3.026229e+02
1.250000e-06	-3.400863e-06	-1.122843e-09	-1.837837e+01	-3.004532e+02
1.260000e-06	-3.346833e-06	-1.115842e-09	-1.808639e+01	-2.982520e+02
1.270000e-06	-3.292519e-06	-1.106140e-09	-1.779288e+01	-2.960175e+02
1.280000e-06	-3.237933e-06	-1.095375e-09	-1.749789e+01	-2.937478e+02
1.290000e-06	-3.183164e-06	-1.086384e-09	-1.720192e+01	-2.914413e+02
1.300000e-06	-3.128125e-06	-1.078334e-09	-1.690449e+01	-2.890966e+02
1.310000e-06	-3.072913e-06	-1.069301e-09	-1.660612e+01	-2.867124e+02
1.320000e-06	-3.017623e-06	-1.059880e-09	-1.630733e+01	-2.842876e+02
1.330000e-06	-2.962202e-06	-1.050206e-09	-1.600783e+01	-2.818214e+02
1.340000e-06	-2.906593e-06	-1.039669e-09	-1.570732e+01	-2.793132e+02
1.350000e-06	-2.850811e-06	-1.029298e-09	-1.540587e+01	-2.767627e+02
1.360000e-06	-2.794977e-06	-1.019305e-09	-1.510415e+01	-2.741699e+02
1.370000e-06	-2.739143e-06	-1.009074e-09	-1.480242e+01	-2.715350e+02
1.380000e-06	-2.683218e-06	-9.993120e-10	-1.450020e+01	-2.688584e+02
1.390000e-06	-2.627063e-06	-9.895085e-10	-1.419673e+01	-2.661407e+02
1.400000e-06	-2.570624e-06	-9.793637e-10	-1.389173e+01	-2.633828e+02
1.410000e-06	-2.513907e-06	-9.685913e-10	-1.358524e+01	-2.605856e+02
1.420000e-06	-2.456974e-06	-9.577703e-10	-1.327757e+01	-2.577501e+02
1.430000e-06	-2.399712e-06	-9.480857e-10	-1.296812e+01	-2.548776e+02
1.440000e-06	-2.342073e-06	-9.383277e-10	-1.265663e+01	-2.519690e+02
1.450000e-06	-2.284054e-06	-9.273612e-10	-1.234310e+01	-2.490255e+02
1.460000e-06	-2.225720e-06	-9.153654e-10	-1.202786e+01	-2.460481e+02
1.470000e-06	-2.167208e-06	-9.032514e-10	-1.171166e+01	-2.430375e+02
1.480000e-06	-2.108432e-06	-8.916005e-10	-1.139403e+01	-2.399943e+02
1.490000e-06	-2.049478e-06	-8.801212e-10	-1.107544e+01	-2.369188e+02
1.500000e-06	-1.990407e-06	-8.684700e-10	-1.075623e+01	-2.338111e+02
1.510000e-06	-1.931214e-06	-8.562797e-10	-1.043634e+01	-2.306708e+02
1.520000e-06	-1.871892e-06	-8.440010e-10	-1.011576e+01	-2.274971e+02
1.530000e-06	-1.812424e-06	-8.325969e-10	-9.794398e+00	-2.242889e+02
1.540000e-06	-1.752916e-06	-8.212933e-10	-9.472814e+00	-2.210445e+02
1.550000e-06	-1.693354e-06	-8.088991e-10	-9.150938e+00	-2.177619e+02
1.560000e-06	-1.633717e-06	-7.955113e-10	-8.828660e+00	-2.144385e+02
1.570000e-06	-1.574024e-06	-7.824314e-10	-8.506077e+00	-2.110712e+02
1.580000e-06	-1.514261e-06	-7.698443e-10	-8.183115e+00	-2.076567e+02
1.590000e-06	-1.454366e-06	-7.566654e-10	-7.859442e+00	-2.041909e+02
1.600000e-06	-1.394358e-06	-7.430361e-10	-7.535153e+00	-2.006697e+02
1.610000e-06	-1.334311e-06	-7.298280e-10	-7.210660e+00	-1.970883e+02
1.620000e-06	-1.274304e-06	-7.165255e-10	-6.886379e+00	-1.934419e+02
1.630000e-06	-1.214322e-06	-7.029647e-10	-6.562234e+00	-1.897252e+02
1.640000e-06	-1.154189e-06	-6.891381e-10	-6.237276e+00	-1.859329e+02
1.650000e-06	-1.093834e-06	-6.747422e-10	-5.911115e+00	-1.820596e+02
1.660000e-06	-1.033400e-06	-6.605813e-10	-5.584525e+00	-1.780999e+02
1.670000e-06	-9.730134e-07	-6.468538e-10	-5.258195e+00	-1.740483e+02
1.680000e-06	-9.125865e-07	-6.327656e-10	-4.931647e+00	-1.698997e+02
1.690000e-06	-8.520730e-07	-6.171014e-10	-4.604630e+00	-1.656490e+02
1.700000e-06	-7.914640e-07	-6.011818e-10	-4.277097e+00	-1.612916e+02
1.710000e-06	-7.307310e-07	-5.865566e-10	-3.948894e+00	-1.568232e+02
1.720000e-06	-6.700377e-07	-5.718039e-10	-3.620905e+00	-1.522401e+02
1.730000e-06	-6.094186e-07	-5.559130e-10	-3.293318e+00	-1.475389e+02
1.740000e-06	-5.487139e-07	-5.393087e-10	-2.965267e+00	-1.427172e+02
1.750000e-06	-4.878866e-07	-5.218084e-10	-2.636555e+00	-1.377730e+02
1.760000e-06	-4.270582e-07	-5.035131e-10	-2.307836e+00	-1.327051e+02
1.770000e-06	-3.661429e-07	-4.851030e-10	-1.978648e+00	-1.275131e+02
1.780000e-06	-3.051115e-07	-4.657884e-10	-1.648832e+00	-1.221975e+02
1.790000e-06	-2.441702e-07	-4.453656e-10	-1.319504e+00	-1.167595e+02
1.800000e-06	-1.832883e-07	-4.248889e-10	-9.904956e-01	-1.112011e+02
1.810000e-06	-1.224024e-07	-4.041710e-10	-6.614666e-01	-1.055253e+02
1.820000e-06	-6.153816e-08	-3.826546e-10	-3.325542e-01	-9.973585e+01
1.830000e-06	-6.359527e-10	-3.595079e-10	-3.436709e-03	-9.383730e+01
1.840000e-06	6.041051e-08	-3.347479e-10	3.264603e-01	-8.783497e+01
1.850000e-06	1.214745e-07	-3.105829e-10	6.564523e-01	-8.173491e+01
1.860000e-06	1.824142e-07	-2.872060e-10	9.857723e-01	-7.554386e+01
1.870000e-06	2.434170e-07	-2.631428e-10	1.315433e+00	-6.926913e+01
1.880000e-06	3.045433e-07	-2.375059e-10	1.645761e+00	-6.291862e+01
1.890000e-06	3.656103e-07	-2.115890e-10	1.975770e+00	-5.650066e+01
1.900000e-06	4.265696e-07	-1.862526e-10	2.305196e+00	-5.002400e+01
1.910000e-06	4.875013e-07	-1.601456e-10	2.634473e+00	-4.349767e+01
1.920000e-06	5.484174e-07	-1.339219e-10	2.963665e+00	-3.693093e+01
1.930000e-06	6.092124e-07	-1.085081e-10	3.292203e+00	-3.033318e+01
1.940000e-06	6.698682e-07	-8.300709e-11	3.619989e+00	-2.371385e+01
1.950000e-06	7.305247e-07	-5.661895e-11	3.947779e+00	-1.708234e+01
1.960000e-06	7.912133e-07	-2.985973e-11	4.275742e+00	-1.044793e+01
1.970000e-06	8.518094e-07	-3.543456e-12	4.603205e+00	-3.819705e+00
1.980000e-06	9.123310e-07	2.171127e-11	4.930266e+00	2.793522e+00
1.990000e-06	9.727857e-07	4.599445e-11	5.256965e+00	9.383281e+00
2.000000e-06	1.033194e-06	7.047192e-11	5.583414e+00	1.594150e+01
2.010000e-06	1.093562e-06	9.542865e-11	5.909646e+00	2.246055e+01
2.020000e-06	1.153830e-06	1.204751e-10	6.235332e+00	2.893332e+01
2.030000e-06	1.214030e-06	1.457001e-10	6.560658e+00	3.535321e+01
2.040000e-06	1.274193e-06	1.698739e-10	6.885780e+00	4.171420e+01
2.050000e-06	1.334277e-06	1.931101e-10	7.210474e+00	4.801087e+01
2.060000e-06	1.394276e-06	2.164019e-10	7.534711e+00	5.423836e+01
2.070000e-06	1.454184e-06	2.392889e-10	7.858454e+00	6.039246e+01
2.080000e-06	1.513989e-06	2.613415e-10	8.181647e+00	6.646954e+01
2.090000e-06	1.573722e-06	2.828527e-10	8.504446e+00	7.246656e+01
2.100000e-06	1.633349e-06	3.046077e-10	8.826670e+00	7.838108e+01
2.110000e-06	1.692902e-06	3.269793e-10	9.148498e+00	8.421119e+01
2.120000e-06	1.752458e-06	3.491249e-10	9.470340e+00	8.995554e+01
2.130000e-06	1.811965e-06	3.694901e-10	9.791919e+00	9.561325e+01
2.140000e-06	1.871355e-06	3.888368e-10	1.011286e+01	1.011839e+02
2.150000e-06	1.930655e-06	4.079901e-10	1.043332e+01	1.066676e+02
2.160000e-06	1.989807e-06	4.284003e-10	1.075298e+01	1.120647e+02
2.170000e-06	2.048896e-06	4.500526e-10	1.107230e+01	1.173759e+02
2.180000e-06	2.107906e-06	4.704998e-10	1.139119e+01	1.226024e+02
2.190000e-06	2.166709e-06	4.892385e-10	1.170896e+01	1.277454e+02
2.200000e-06	2.225171e-06	5.076695e-10	1.202489e+01	1.328066e+02
2.210000e-06	2.283180e-06	5.261663e-10	1.233838e+01	1.377876e+02
2.220000e-06	2.340842e-06	5.437651e-10	1.264999e+01	1.426904e+02
2.230000e-06	2.398310e-06	5.606829e-10	1.296054e+01	1.475169e+02
2.240000e-06	2.455587e-06	5.783769e-10	1.327007e+01	1.522692e+02
2.250000e-06	2.512600e-06	5.970842e-10	1.357817e+01	1.569494e+02
2.260000e-06	2.569306e-06	6.148980e-10	1.388461e+01	1.615597e+02
2.270000e-06	2.625771e-06	6.308428e-10	1.418975e+01	1.661022e+02
2.280000e-06	2.682131e-06	6.454147e-10	1.449432e+01	1.705789e+02
2.290000e-06	2.738213e-06	6.595157e-10	1.479739e+01	1.749920e+02
2.300000e-06	2.793956e-06	6.741171e-10	1.509863e+01	1.793434e+02
2.310000e-06	2.849595e-06	6.905277e-10	1.539930e+01	1.836350e+02
2.320000e-06	2.905178e-06	7.080622e-10	1.569968e+01	1.878686e+02
2.330000e-06	2.960612e-06	7.247815e-10	1.599924e+01	1.920460e+02
2.340000e-06	3.015881e-06	7.402513e-10	1.629792e+01	1.961686e+02
2.350000e-06	3.070946e-06	7.544979e-10	1.659549e+01	2.002381e+02
2.360000e-06	3.125814e-06	7.670066e-10	1.689200e+01	2.042558e+02
2.370000e-06	3.180451e-06	7.785654e-10	1.718726e+01	2.082228e+02
2.380000e-06	3.234868e-06	7.908376e-10	1.748133e+01	2.121405e+02
2.390000e-06	3.289077e-06	8.039689e-10	1.777428e+01	2.160097e+02
2.400000e-06	3.343087e-06	8.191095e-10	1.806615e+01	2.198313e+02
2.410000e-06	3.396907e-06	8.352223e-10	1.835699e+01	2.236062e+02
2.420000e-06	3.450517e-06	8.494680e-10	1.864670e+01	2.273349e+02
2.430000e-06	3.503920e-06	8.625240e-10	1.893530e+01	2.310181e+02
2.440000e-06	3.556968e-06	8.756872e-10	1.922197e+01	2.346561e+02
2.450000e-06	3.609695e-06	8.890741e-10	1.950691e+01	2.382493e+02
2.460000e-06	3.662147e-06	9.019646e-10	1.979036e+01	2.417979e+02
2.470000e-06	3.714257e-06	9.140277e-10	2.007196e+01	2.453020e+02
2.480000e-06	3.766152e-06	9.255428e-10	2.035240e+01	2.487617e+02
2.490000e-06	3.817795e-06	9.375597e-10	2.063149e+01	2.521769e+02
2.500000e-06	3.869010e-06	9.499671e-10	2.090826e+01	2.555475e+02
2.510000e-06	3.920007e-06	9.619260e-10	2.118384e+01	2.588733e+02
2.520000e-06	3.970728e-06	9.738409e-10	2.145794e+01	2.621540e+02
2.530000e-06	4.020973e-06	9.859552e-10	2.172947e+01	2.653893e+02
2.540000e-06	4.070732e-06	9.980380e-10	2.199837e+01	2.685788e+02
2.550000e-06	4.119964e-06	1.009634e-09	2.226442e+01	2.717222e+02
2.560000e-06	4.168918e-06	1.020946e-09	2.252897e+01	2.748189e+02
2.570000e-06	4.217494e-06	1.030747e-09	2.279147e+01	2.778686e+02
2.580000e-06	4.265576e-06	1.039577e-09	2.305131e+01	2.808708e+02
2.590000e-06	4.313406e-06	1.049719e-09	2.330979e+01	2.838250e+02
2.600000e-06	4.361073e-06	1.061178e-09	2.356738e+01	2.867309e+02
2.610000e-06	4.408493e-06	1.072812e-09	2.382364e+01	2.895879e+02
2.620000e-06	4.455556e-06	1.083323e-09	2.407797e+01	2.923958e+02
2.630000e-06	4.502361e-06	1.092713e-09	2.433090e+01	2.951543e+02
2.640000e-06	4.548733e-06	1.102421e-09	2.458150e+01	2.978630e+02
2.650000e-06	4.594819e-06	1.112327e-09	2.483055e+01	3.005219e+02
2.660000e-06	4.640737e-06	1.120962e-09	2.507869e+01	3.031308e+02
2.670000e-06	4.686274e-06	1.128293e-09	2.532477e+01	3.056897e+02
2.680000e-06	4.731566e-06	1.136148e-09	2.556954e+01	3.081988e+02
2.690000e-06	4.776521e-06	1.145782e-09	2.581247e+01	3.106583e+02
2.700000e-06	4.821079e-06	1.155047e-09	2.605326e+01	3.130683e+02
2.710000e-06	4.865379e-06	1.163233e-09	2.629266e+01	3.154294e+02
2.720000e-06	4.909404e-06	1.171865e-09	2.653058e+01	3.177422e+02
2.730000e-06	4.953164e-06	1.181229e-09	2.676706e+01	3.200071e+02
2.740000e-06	4.996742e-06	1.190925e-09	2.700255e+01	3.222250e+02
2.750000e-06	5.040131e-06	1.199524e-09	2.723703e+01	3.243967e+02
2.760000e-06	5.083221e-06	1.206958e-09	2.746989e+01	3.265231e+02
2.770000e-06	5.125784e-06	1.214102e-09	2.769990e+01	3.286053e+02
2.780000e-06	5.167543e-06	1.222354e-09	2.792557e+01	3.306443e+02
2.790000e-06	5.208587e-06	1.231663e-09	2.814737e+01	3.326414e+02
2.800000e-06	5.249092e-06	1.240029e-09	2.836626e+01	3.345977e+02
2.810000e-06	5.289154e-06	1.247968e-09	2.858276e+01	3.365144e+02
2.820000e-06	5.329010e-06	1.255739e-09	2.879814e+01	3.383930e+02
2.830000e-06	5.368713e-06	1.263403e-09	2.901269e+01	3.402346e+02
2.840000e-06	5.408240e-06	1.270875e-09	2.922630e+01	3.420407e+02
2.850000e-06	5.447497e-06	1.277368e-09	2.943845e+01	3.438125e+02
2.860000e-06	5.486294e-06	1.282820e-09	2.964811e+01	3.455513e+02
2.870000e-06	5.524521e-06	1.288363e-09	2.985469e+01	3.472584e+02
2.880000e-06	5.562378e-06	1.295310e-09	3.005927e+01	3.489350e+02
2.890000e-06	5.599898e-06	1.302830e-09	3.026203e+01	3.505822e+02
2.900000e-06	5.636925e-06	1.309520e-09	3.046212e+01	3.522012e+02
2.910000e-06	5.673489e-06	1.315592e-09	3.065971e+01	3.537930e+02
2.920000e-06	5.709679e-06	1.322552e-09	3.085529e+01	3.553587e+02
2.930000e-06	5.745597e-06	1.330755e-09	3.104939e+01	3.568990e+02
2.940000e-06	5.781252e-06	1.338275e-09	3.124207e+01	3.584149e+02
2.950000e-06	5.816650e-06	1.343683e-09	3.143336e+01	3.599071e+02
2.960000e-06	5.851680e-06	1.348362e-09	3.162267e+01	3.613763e+02
2.970000e-06	5.886244e-06	1.354501e-09	3.180945e+01	3.628231e+02
2.980000e-06	5.920145e-06	1.361603e-09	3.199265e+01	3.642481e+02
2.990000e-06	5.953242e-06	1.367601e-09	3.217151e+01	3.656517e+02
3.000000e-06	5.985678e-06	1.372901e-09	3.234679e+01	3.670345e+02
3.010000e-06	6.017679e-06	1.378788e-09	3.251973e+01	3.683968e+02
3.020000e-06	6.049453e-06	1.385122e-09	3.269144e+01	3.697389e+02
3.030000e-06	6.080932e-06	1.391963e-09	3.286155e+01	3.710612e+02
3.040000e-06	6.112060e-06	1.398527e-09	3.302977e+01	3.723640e+02
3.050000e-06	6.142788e-06	1.403773e-09	3.319582e+01	3.736475e+02
3.060000e-06	6.172948e-06	1.409721e-09	3.335881e+01	3.749120e+02
3.070000e-06	6.202595e-06	1.416229e-09	3.351902e+01	3.761578e+02
3.080000e-06	6.231867e-06	1.420874e-09	3.367721e+01	3.773850e+02
3.090000e-06	6.260764e-06	1.425065e-09	3.383337e+01	3.785939e+02
3.100000e-06	6.289281e-06	1.430408e-09	3.398747e+01	3.797847e+02
3.110000e-06	6.317441e-06	1.436583e-09	3.413965e+01	3.809577e+02
3.120000e-06	6.345320e-06	1.442457e-09	3.429031e+01	3.821130e+02
3.130000e-06	6.372962e-06	1.447592e-09	3.443969e+01	3.832510e+02
3.140000e-06	6.400249e-06	1.452580e-09	3.458715e+01	3.843718e+02
3.150000e-06	6.426906e-06	1.456955e-09	3.473120e+01	3.854755e+02
3.160000e-06	6.452891e-06	1.461541e-09	3.487163e+01	3.865625e+02
3.170000e-06	6.478307e-06	1.466784e-09	3.500898e+01	3.876329e+02
3.180000e-06	6.503061e-06	1.472014e-09	3.514275e+01	3.886868e+02
3.190000e-06	6.527124e-06	1.476193e-09	3.527279e+01	3.897244e+02
3.200000e-06	6.550680e-06	1.479688e-09	3.540008e+01	3.907457e+02
3.210000e-06	6.573860e-06	1.484479e-09	3.552535e+01	3.917508e+02
3.220000e-06	6.596600e-06	1.489606e-09	3.564823e+01	3.927397e+02
3.230000e-06	6.618949e-06	1.494196e-09	3.576901e+01	3.937124e+02
3.240000e-06	6.640950e-06	1.498885e-09	3.588790e+01	3.946687e+02
3.250000e-06	6.662562e-06	1.503302e-09	3.600470e+01	3.956085e+02
3.260000e-06	6.683671e-06	1.507676e-09	3.611877e+01	3.965316e+02
3.270000e-06	6.704222e-06	1.511701e-09	3.622983e+01	3.974376e+02
3.280000e-06	6.724334e-06	1.515044e-09	3.633852e+01	3.983264e+02
3.290000e-06	6.744116e-06	1.518458e-09	3.644542e+01	3.991975e+02
3.300000e-06	6.763665e-06	1.522520e-09	3.655106e+01	4.000505e+02
3.310000e-06	6.782884e-06	1.526667e-09	3.665492e+01	4.008850e+02
3.320000e-06	6.801475e-06	1.529879e-09	3.675539e+01	4.017004e+02
3.330000e-06	6.819370e-06	1.532138e-09	3.685209e+01	4.024963e+02
3.340000e-06	6.836826e-06	1.534242e-09	3.694643e+01	4.032721e+02
3.350000e-06	6.853890e-06	1.538616e-09	3.703864e+01	4.040273e+02
3.360000e-06	6.870505e-06	1.544544e-09	3.712843e+01	4.047615e+02
3.370000e-06	6.886690e-06	1.549046e-09	3.721589e+01	4.054739e+02
3.380000e-06	6.902396e-06	1.552551e-09	3.730077e+01	4.061643e+02
3.390000e-06	6.917382e-06	1.555715e-09	3.738175e+01	4.068322e+02
3.400000e-06	6.931588e-06	1.559615e-09	3.745852e+01	4.074771e+02
3.410000e-06	6.945202e-06	1.564641e-09	3.753209e+01	4.080987e+02
3.420000e-06	6.958398e-06	1.569089e-09	3.760340e+01	4.086969e+02
3.430000e-06	6.971190e-06	1.572299e-09	3.767253e+01	4.092713e+02
3.440000e-06	6.983455e-06	1.574458e-09	3.773881e+01	4.098218e+02
3.450000e-06	6.995175e-06	1.577648e-09	3.780215e+01	4.103485e+02
3.460000e-06	7.006445e-06	1.582480e-09	3.786305e+01	4.108514e+02
3.470000e-06	7.017154e-06	1.586864e-09	3.792092e+01	4.113306e+02
3.480000e-06	7.027111e-06	1.589638e-09	3.797473e+01	4.117862e+02
3.490000e-06	7.036269e-06	1.591921e-09	3.802422e+01	4.122187e+02
3.500000e-06	7.044728e-06	1.595710e-09	3.806994e+01	4.126282e+02
3.510000e-06	7.052802e-06	1.599887e-09	3.811356e+01	4.130153e+02
3.520000e-06	7.060498e-06	1.602152e-09	3.815516e+01	4.133804e+02
3.530000e-06	7.067808e-06	1.602798e-09	3.819466e+01	4.137240e+02
3.540000e-06	7.074683e-06	1.604942e-09	3.823181e+01	4.140467e+02
3.550000e-06	7.080957e-06	1.609690e-09	3.826572e+01	4.143489e+02
3.560000e-06	7.086654e-06	1.613177e-09	3.829650e+01	4.146312e+02
3.570000e-06	7.091864e-06	1.614330e-09	3.832466e+01	4.148942e+02
3.580000e-06	7.096609e-06	1.615387e-09	3.835030e+01	4.151383e+02
3.590000e-06	7.100908e-06	1.617809e-09	3.837353e+01	4.153642e+02
3.600000e-06	7.104783e-06	1.621581e-09	3.839447e+01	4.155722e+02
3.610000e-06	7.108243e-06	1.624524e-09	3.841317e+01	4.157627e+02
3.620000e-06	7.111293e-06	1.624749e-09	3.842965e+01	4.159361e+02
3.630000e-06	7.113737e-06	1.624790e-09	3.844286e+01	4.160926e+02
3.640000e-06	7.115475e-06	1.626976e-09	3.845225e+01	4.162324e+02
3.650000e-06	7.116529e-06	1.629560e-09	3.845795e+01	4.163557e+02
3.660000e-06	7.116908e-06	1.631702e-09	3.846000e+01	4.164625e+02
3.670000e-06	7.116799e-06	1.633121e-09	3.845941e+01	4.165528e+02
3.680000e-06	7.116348e-06	1.632715e-09	3.845697e+01	4.166266e+02
3.690000e-06	7.115471e-06	1.632589e-09	3.845223e+01	4.166837e+02
3.700000e-06	7.114126e-06	1.634736e-09	3.844496e+01	4.167238e+02
3.710000e-06	7.112370e-06	1.636167e-09	3.843547e+01	4.167469e+02
3.720000e-06	7.110140e-06	1.636305e-09	3.842342e+01	4.167527e+02
3.730000e-06	7.107429e-06	1.635842e-09	3.840877e+01	4.167408e+02
3.740000e-06	7.104274e-06	1.630967e-09	3.839173e+01	4.167111e+02
3.750000e-06	7.100645e-06	1.622630e-09	3.837211e+01	4.166633e+02
3.760000e-06	7.096559e-06	1.638961e-09	3.835003e+01	4.165972e+02
3.770000e-06	7.091673e-06	1.690217e-09	3.832362e+01	4.165126e+02
3.780000e-06	7.085935e-06	1.684968e-09	3.829262e+01	4.164093e+02
3.790000e-06	7.079726e-06	1.576301e-09	3.825906e+01	4.162874e+02
3.800000e-06	7.073336e-06	1.560278e-09	3.822453e+01	4.161468e+02
3.810000e-06	7.066624e-06	1.691640e-09	3.818826e+01	4.159876e+02
3.820000e-06	7.059085e-06	1.717906e-09	3.814752e+01	4.158101e+02
3.830000e-06	7.050895e-06	1.572057e-09	3.810326e+01	4.156145e+02
3.840000e-06	7.042486e-06	1.548615e-09	3.805782e+01	4.154012e+02
3.850000e-06	7.033761e-06	1.733266e-09	3.801067e+01	4.151706e+02
3.860000e-06	7.024367e-06	1.754589e-09	3.795990e+01	4.149233e+02
3.870000e-06	7.014376e-06	1.527848e-09	3.790591e+01	4.146599e+02
3.880000e-06	7.004226e-06	1.496533e-09	3.785106e+01	4.143812e+02
3.890000e-06	6.993734e-06	1.739142e-09	3.779436e+01	4.140879e+02
3.900000e-06	6.982416e-06	1.762892e-09	3.773320e+01	4.137807e+02
3.910000e-06	6.970459e-06	1.533378e-09	3.766859e+01	4.134606e+02
3.920000e-06	6.958056e-06	1.549980e-09	3.760156e+01	4.131284e+02
3.930000e-06	6.944919e-06	1.762679e-09	3.753056e+01	4.127848e+02
3.940000e-06	6.930988e-06	1.684046e-09	3.745528e+01	4.124307e+02
3.950000e-06	6.916415e-06	1.492333e-09	3.737653e+01	4.120669e+02
3.960000e-06	6.901290e-06	1.621130e-09	3.729479e+01	4.116941e+02
3.970000e-06	6.885486e-06	1.769545e-09	3.720939e+01	4.113128e+02
3.980000e-06	6.869132e-06	1.608168e-09	3.712101e+01	4.109236e+02
3.990000e-06	6.852555e-06	1.533471e-09	3.703142e+01	4.105270e+02
4.000000e-06	6.835627e-06	1.711151e-09	3.693995e+01	4.101232e+02
4.010000e-06	6.818054e-06	1.687536e-09	3.684498e+01	4.097124e+02
4.020000e-06	6.799972e-06	1.510997e-09	3.674726e+01	4.092945e+02
4.030000e-06	6.781664e-06	1.618842e-09	3.664833e+01	4.088696e+02
4.040000e-06	6.762837e-06	1.760593e-09	3.654659e+01	4.084374e+02
4.050000e-06	6.743405e-06	1.603132e-09	3.644157e+01	4.079974e+02
4.060000e-06	6.723587e-06	1.533472e-09	3.633448e+01	4.075492e+02
4.070000e-06	6.703447e-06	1.700229e-09	3.622564e+01	4.070921e+02
4.080000e-06	6.682940e-06	1.674524e-09	3.611482e+01	4.066254e+02
4.090000e-06	6.661943e-06	1.529701e-09	3.600135e+01	4.061483e+02
4.100000e-06	6.640405e-06	1.626611e-09	3.588496e+01	4.056599e+02
4.110000e-06	6.618188e-06	1.709639e-09	3.576490e+01	4.051592e+02
4.120000e-06	6.595129e-06	1.584756e-09	3.564029e+01	4.046453e+02
4.130000e-06	6.571429e-06	1.582006e-09	3.551221e+01	4.041171e+02
4.140000e-06	6.547310e-06	1.684461e-09	3.538187e+01	4.035738e+02
4.150000e-06	6.522888e-06	1.611315e-09	3.524989e+01	4.030144e+02
4.160000e-06	6.498181e-06	1.554947e-09	3.511638e+01	4.024380e+02
4.170000e-06	6.473054e-06	1.654377e-09	3.498059e+01	4.018438e+02
4.180000e-06	6.447507e-06	1.648228e-09	3.484253e+01	4.012311e+02
4.190000e-06	6.421479e-06	1.565828e-09	3.470188e+01	4.005994e+02
4.200000e-06	6.394899e-06	1.614375e-09	3.455824e+01	3.999482e+02
4.210000e-06	6.367770e-06	1.643976e-09	3.441163e+01	3.992773e+02
4.220000e-06	6.340218e-06	1.577358e-09	3.426274e+01	3.985863e+02
4.230000e-06	6.312336e-06	1.590255e-09	3.411207e+01	3.978753e+02
4.240000e-06	6.284109e-06	1.633909e-09	3.395952e+01	3.971444e+02
4.250000e-06	6.255635e-06	1.594694e-09	3.380565e+01	3.963939e+02
4.260000e-06	6.226682e-06	1.582265e-09	3.364919e+01	3.956242e+02
4.270000e-06	6.197143e-06	1.616131e-09	3.348956e+01	3.948357e+02
4.280000e-06	6.167024e-06	1.597273e-09	3.332680e+01	3.940291e+02
4.290000e-06	6.136101e-06	1.573147e-09	3.315969e+01	3.932051e+02
4.300000e-06	6.104533e-06	1.591153e-09	3.298909e+01	3.923644e+02
4.310000e-06	6.072570e-06	1.593658e-09	3.281636e+01	3.915077e+02
4.320000e-06	6.040283e-06	1.580112e-09	3.264188e+01	3.906360e+02
4.330000e-06	6.007624e-06	1.581433e-09	3.246539e+01	3.897499e+02
4.340000e-06	5.974560e-06	1.579312e-09	3.228671e+01	3.888502e+02
4.350000e-06	5.941158e-06	1.570459e-09	3.210621e+01	3.879375e+02
4.360000e-06	5.907329e-06	1.568494e-09	3.192340e+01	3.870126e+02
4.370000e-06	5.873048e-06	1.569543e-09	3.173814e+01	3.860757e+02
4.380000e-06	5.838409e-06	1.569535e-09	3.155095e+01	3.851272e+02
4.390000e-06	5.803483e-06	1.564332e-09	3.136221e+01	3.841673e+02
4.400000e-06	5.768123e-06	1.556731e-09	3.117112e+01	3.831960e+02
4.410000e-06	5.732238e-06	1.556555e-09	3.097720e+01	3.822132e+02
4.420000e-06	5.696056e-06	1.555477e-09	3.078167e+01	3.812184e+02
4.430000e-06	5.659648e-06	1.545809e-09	3.058492e+01	3.802111e+02
4.440000e-06	5.622933e-06	1.540831e-09	3.038651e+01	3.791906e+02
4.450000e-06	5.585909e-06	1.543155e-09	3.018643e+01	3.781561e+02
4.460000e-06	5.548352e-06	1.541516e-09	2.998347e+01	3.771063e+02
4.470000e-06	5.509922e-06	1.536160e-09	2.977579e+01	3.760403e+02
4.480000e-06	5.470849e-06	1.531623e-09	2.956464e+01	3.749565e+02
4.490000e-06	5.431299e-06	1.526715e-09	2.935091e+01	3.738537e+02
4.500000e-06	5.391306e-06	1.522022e-09	2.913479e+01	3.727303e+02
4.510000e-06	5.351117e-06	1.519740e-09	2.891761e+01	3.715848e+02
4.520000e-06	5.310702e-06	1.518794e-09	2.869920e+01	3.704156e+02
4.530000e-06	5.269921e-06	1.514587e-09	2.847882e+01	3.692213e+02
4.540000e-06	5.228827e-06	1.508674e-09	2.825675e+01	3.680003e+02
4.550000e-06	5.187340e-06	1.505341e-09	2.803255e+01	3.667514e+02
4.560000e-06	5.145387e-06	1.501780e-09	2.780583e+01	3.654732e+02
4.570000e-06	5.103075e-06	1.495065e-09	2.757718e+01	3.641646e+02
4.580000e-06	5.060445e-06	1.487463e-09	2.734680e+01	3.628247e+02
4.590000e-06	5.017454e-06	1.481833e-09	2.711448e+01	3.614527e+02
4.600000e-06	4.974104e-06	1.478884e-09	2.688022e+01	3.600481e+02
4.610000e-06	4.930349e-06	1.475308e-09	2.664376e+01	3.586105e+02
4.620000e-06	4.886266e-06	1.470598e-09	2.640554e+01	3.571398e+02
4.630000e-06	4.842040e-06	1.467222e-09	2.616654e+01	3.556362e+02
4.640000e-06	4.797601e-06	1.462522e-09	2.592639e+01	3.541000e+02
4.650000e-06	4.752985e-06	1.455069e-09	2.568528e+01	3.525318e+02
4.660000e-06	4.708150e-06	1.446731e-09	2.544299e+01	3.509322e+02
4.670000e-06	4.662777e-06	1.438540e-09	2.519779e+01	3.493024e+02
4.680000e-06	4.616970e-06	1.431088e-09	2.495025e+01	3.476433e+02
4.690000e-06	4.570913e-06	1.425464e-09	2.470136e+01	3.459562e+02
4.700000e-06	4.524469e-06	1.421992e-09	2.445037e+01	3.442424e+02
4.710000e-06	4.477659e-06	1.418562e-09	2.419741e+01	3.425033e+02
4.720000e-06	4.430557e-06	1.412107e-09	2.394287e+01	3.407404e+02
4.730000e-06	4.383155e-06	1.401610e-09	2.368671e+01	3.389550e+02
4.740000e-06	4.335422e-06	1.390568e-09	2.342876e+01	3.371485e+02
4.750000e-06	4.287442e-06	1.383373e-09	2.316947e+01	3.353221e+02
4.760000e-06	4.239334e-06	1.377589e-09	2.290950e+01	3.334771e+02
4.770000e-06	4.190796e-06	1.370520e-09	2.264720e+01	3.316144e+02
4.780000e-06	4.141612e-06	1.364336e-09	2.238140e+01	3.297349e+02
4.790000e-06	4.091931e-06	1.359714e-09	2.211293e+01	3.278390e+02
4.800000e-06	4.041990e-06	1.353808e-09	2.184304e+01	3.259274e+02
4.810000e-06	3.991846e-06	1.345319e-09	2.157206e+01	3.239999e+02
4.820000e-06	3.941459e-06	1.335986e-09	2.129977e+01	3.220566e+02
4.830000e-06	3.890772e-06	1.327341e-09	2.102586e+01	3.200971e+02
4.840000e-06	3.839781e-06	1.319755e-09	2.075030e+01	3.181206e+02
4.850000e-06	3.788515e-06	1.313141e-09	2.047326e+01	3.161264e+02
4.860000e-06	3.736875e-06	1.305776e-09	2.019419e+01	3.141134e+02
4.870000e-06	3.684975e-06	1.297701e-09	1.991372e+01	3.120801e+02
4.880000e-06	3.632816e-06	1.290374e-09	1.963185e+01	3.100251e+02
4.890000e-06	3.580400e-06	1.283848e-09	1.934860e+01	3.079468e+02
4.900000e-06	3.527777e-06	1.277049e-09	1.906422e+01	3.058432e+02
4.910000e-06	3.474844e-06	1.268020e-09	1.877817e+01	3.037127e+02
4.920000e-06	3.421489e-06	1.256806e-09	1.848983e+01	3.015531e+02
4.930000e-06	3.367824e-06	1.245287e-09	1.819983e+01	2.993627e+02
4.940000e-06	3.313862e-06	1.235954e-09	1.790822e+01	2.971396e+02
4.950000e-06	3.259332e-06	1.227717e-09	1.761353e+01	2.948819e+02
4.960000e-06	3.204324e-06	1.218761e-09	1.731627e+01	2.925879e+02
4.970000e-06	3.149051e-06	1.210266e-09	1.701757e+01	2.902562e+02
4.980000e-06	3.093439e-06	1.201483e-09	1.671704e+01	2.878853e+02
4.990000e-06	3.037573e-06	1.191553e-09	1.641514e+01	2.854742e+02
5.000000e-06	2.981552e-06	1.180706e-09	1.611240e+01	2.830220e+02
5.010000e-06	2.925366e-06	1.168519e-09	1.580877e+01	2.805279e+02
5.020000e-06	2.869098e-06	1.156571e-09	1.550470e+01	2.779916e+02
5.030000e-06	2.812744e-06	1.147208e-09	1.520016e+01	2.754130e+02
5.040000e-06	2.756302e-06	1.139551e-09	1.489514e+01	2.727922e+02
5.050000e-06	2.699837e-06	1.130292e-09	1.459001e+01	2.701295e+02
5.060000e-06	2.643183e-06	1.119465e-09	1.428384e+01	2.674255e+02
5.070000e-06	2.586316e-06	1.108370e-09	1.397653e+01	2.646809e+02
5.080000e-06	2.529261e-06	1.096920e-09	1.366821e+01	2.618968e+02
5.090000e-06	2.471923e-06	1.084798e-09	1.335835e+01	2.590740e+02
5.100000e-06	2.414442e-06	1.071842e-09	1.304772e+01	2.562138e+02
5.110000e-06	2.356912e-06	1.058936e-09	1.273683e+01	2.533172e+02
5.120000e-06	2.299347e-06	1.047146e-09	1.242575e+01	2.503853e+02
5.130000e-06	2.241529e-06	1.036211e-09	1.211329e+01	2.474191e+02
5.140000e-06	2.183301e-06	1.024544e-09	1.179863e+01	2.444196e+02
5.150000e-06	2.124863e-06	1.011889e-09	1.148283e+01	2.413872e+02
5.160000e-06	2.066319e-06	9.988413e-10	1.116645e+01	2.383226e+02
5.170000e-06	2.007675e-06	9.855646e-10	1.084954e+01	2.352257e+02
5.180000e-06	1.948903e-06	9.726168e-10	1.053193e+01	2.320964e+02
5.190000e-06	1.890003e-06	9.598734e-10	1.021364e+01	2.289340e+02
5.200000e-06	1.830982e-06	9.464197e-10	9.894683e+00	2.257376e+02
5.210000e-06	1.771755e-06	9.320704e-10	9.574618e+00	2.225055e+02
5.220000e-06	1.712311e-06	9.176782e-10	9.253384e+00	2.192360e+02
5.230000e-06	1.652746e-06	9.039960e-10	8.931493e+00	2.159266e+02
5.240000e-06	1.593154e-06	8.894159e-10	8.609455e+00	2.125744e+02
5.250000e-06	1.533493e-06	8.739520e-10	8.287043e+00	2.091761e+02
5.260000e-06	1.473700e-06	8.599397e-10	7.963924e+00	2.057280e+02
5.270000e-06	1.413772e-06	8.458188e-10	7.640070e+00	2.022258e+02
5.280000e-06	1.353878e-06	8.296434e-10	7.316398e+00	1.986651e+02
5.290000e-06	1.293977e-06	8.122933e-10	6.992694e+00	1.950409e+02
5.300000e-06	1.233955e-06	7.948233e-10	6.668331e+00	1.913483e+02
5.310000e-06	1.173848e-06	7.781219e-10	6.343513e+00	1.875819e+02
5.320000e-06	1.113662e-06	7.620673e-10	6.018267e+00	1.837363e+02
5.330000e-06	1.053447e-06	7.459811e-10	5.692864e+00	1.798061e+02
5.340000e-06	9.931671e-07	7.295586e-10	5.367107e+00	1.757858e+02
5.350000e-06	9.328943e-07	7.125947e-10	5.041391e+00	1.716702e+02
5.360000e-06	8.726479e-07	6.945980e-10	4.715817e+00	1.674541e+02
5.370000e-06	8.123298e-07	6.759692e-10	4.389856e+00	1.631328e+02
5.380000e-06	7.519669e-07	6.570888e-10	4.063653e+00	1.587020e+02
5.390000e-06	6.916467e-07	6.373616e-10	3.737681e+00	1.541575e+02
5.400000e-06	6.312916e-07	6.167262e-10	3.411520e+00	1.494961e+02
5.410000e-06	5.708625e-07	5.966365e-10	3.084959e+00	1.447149e+02
5.420000e-06	5.104479e-07	5.776727e-10	2.758477e+00	1.398118e+02
5.430000e-06	4.500237e-07	5.580599e-10	2.431942e+00	1.347852e+02
5.440000e-06	3.895043e-07	5.380541e-10	2.104894e+00	1.296347e+02
5.450000e-06	3.289116e-07	5.169159e-10	1.777449e+00	1.243603e+02
5.460000e-06	2.683396e-07	4.937750e-10	1.450116e+00	1.189629e+02
5.470000e-06	2.078527e-07	4.696832e-10	1.123243e+00	1.134445e+02
5.480000e-06	1.473365e-07	4.452124e-10	7.962109e-01	1.078075e+02
5.490000e-06	8.666729e-08	4.210133e-10	4.683528e-01	1.020556e+02
5.500000e-06	2.601720e-08	3.972419e-10	1.405978e-01	9.619290e+01
5.510000e-06	-3.453706e-08	3.733502e-10	-1.866394e-01	9.022460e+01
5.520000e-06	-9.513187e-08	3.492662e-10	-5.140957e-01	8.415648e+01
5.530000e-06	-1.557501e-07	3.250889e-10	-8.416783e-01	7.799504e+01
5.540000e-06	-2.163447e-07	3.001400e-10	-1.169134e+00	7.174743e+01
5.550000e-06	-2.768669e-07	2.747884e-10	-1.496198e+00	6.542135e+01
5.560000e-06	-3.373303e-07	2.486696e-10	-1.822944e+00	5.902499e+01
5.570000e-06	-3.978575e-07	2.218107e-10	-2.150035e+00	5.256698e+01
5.580000e-06	-4.583642e-07	1.953227e-10	-2.477015e+00	4.605626e+01
5.590000e-06	-5.187638e-07	1.684962e-10	-2.803416e+00	3.950203e+01
5.600000e-06	-5.791500e-07	1.422175e-10	-3.129745e+00	3.291364e+01
5.610000e-06	-6.395301e-07	1.171786e-10	-3.456041e+00	2.630053e+01
5.620000e-06	-6.998635e-07	9.149222e-11	-3.782085e+00	1.967211e+01
5.630000e-06	-7.601690e-07	6.479968e-11	-4.107977e+00	1.303773e+01
5.640000e-06	-8.204317e-07	3.755756e-11	-4.433639e+00	6.406523e+00
5.650000e-06	-8.806869e-07	9.903467e-12	-4.759260e+00	-2.125881e-01
5.660000e-06	-9.409554e-07	-1.749547e-11	-5.084953e+00	-6.811014e+00
5.670000e-06	-1.001200e-06	-4.373235e-11	-5.410518e+00	-1.338054e+01
5.680000e-06	-1.061405e-06	-6.892451e-11	-5.735869e+00	-1.991339e+01
5.690000e-06	-1.121568e-06	-9.430944e-11	-6.060991e+00	-2.640227e+01
5.700000e-06	-1.181654e-06	-1.204591e-10	-6.385697e+00	-3.284041e+01
5.710000e-06	-1.241687e-06	-1.461137e-10	-6.710115e+00	-3.922160e+01
5.720000e-06	-1.301678e-06	-1.702913e-10	-7.034307e+00	-4.554020e+01
5.730000e-06	-1.361685e-06	-1.942624e-10	-7.358589e+00	-5.179117e+01
5.740000e-06	-1.421625e-06	-2.193220e-10	-7.682505e+00	-5.797010e+01
5.750000e-06	-1.481368e-06	-2.449820e-10	-8.005358e+00	-6.407314e+01
5.760000e-06	-1.541000e-06	-2.707129e-10	-8.327615e+00	-7.009707e+01
5.770000e-06	-1.600605e-06	-2.958894e-10	-8.649720e+00	-7.603926e+01
5.780000e-06	-1.660091e-06	-3.211411e-10	-8.971186e+00	-8.189761e+01
5.790000e-06	-1.719368e-06	-3.467060e-10	-9.291520e+00	-8.767059e+01
5.800000e-06	-1.778457e-06	-3.716109e-10	-9.610841e+00	-9.335717e+01
5.810000e-06	-1.837449e-06	-3.950225e-10	-9.929636e+00	-9.895680e+01
5.820000e-06	-1.896454e-06	-4.166081e-10	-1.024850e+01	-1.044694e+02
5.830000e-06	-1.955273e-06	-4.393704e-10	-1.056636e+01	-1.098952e+02
5.840000e-06	-2.013820e-06	-4.636312e-10	-1.088275e+01	-1.152348e+02
5.850000e-06	-2.072191e-06	-4.864374e-10	-1.119819e+01	-1.204894e+02
5.860000e-06	-2.130417e-06	-5.075525e-10	-1.151284e+01	-1.256600e+02
5.870000e-06	-2.188478e-06	-5.288401e-10	-1.182661e+01	-1.307482e+02
5.880000e-06	-2.246372e-06	-5.504437e-10	-1.213947e+01	-1.357556e+02
5.890000e-06	-2.304081e-06	-5.713321e-10	-1.245132e+01	-1.406842e+02
5.900000e-06	-2.361594e-06	-5.919526e-10	-1.276213e+01	-1.455358e+02
5.910000e-06	-2.418875e-06	-6.121962e-10	-1.307168e+01	-1.503125e+02
5.920000e-06	-2.475962e-06	-6.313780e-10	-1.338018e+01	-1.550165e+02
5.930000e-06	-2.532892e-06	-6.511077e-10	-1.368783e+01	-1.596498e+02
5.940000e-06	-2.589602e-06	-6.724140e-10	-1.399429e+01	-1.642146e+02
5.950000e-06	-2.646142e-06	-6.934774e-10	-1.429984e+01	-1.687129e+02
5.960000e-06	-2.702595e-06	-7.127484e-10	-1.460491e+01	-1.731469e+02
5.970000e-06	-2.758964e-06	-7.313063e-10	-1.490953e+01	-1.775186e+02
5.980000e-06	-2.815231e-06	-7.495464e-10	-1.521360e+01	-1.818298e+02
5.990000e-06	-2.871430e-06	-7.670678e-10	-1.551730e+01	-1.860825e+02
6.000000e-06	-2.927583e-06	-7.849923e-10	-1.582075e+01	-1.902784e+02
6.010000e-06	-2.983712e-06	-8.030720e-10	-1.612407e+01	-1.944190e+02
6.020000e-06	-3.039647e-06	-8.203346e-10	-1.642635e+01	-1.985060e+02
6.030000e-06	-3.095221e-06	-8.377715e-10	-1.672667e+01	-2.025407e+02
6.040000e-06	-3.150432e-06	-8.560520e-10	-1.702504e+01	-2.065244e+02
6.050000e-06	-3.205277e-06	-8.732431e-10	-1.732142e+01	-2.104583e+02
6.060000e-06	-3.259684e-06	-8.889566e-10	-1.761544e+01	-2.143435e+02
6.070000e-06	-3.313656e-06	-9.048580e-10	-1.790710e+01	-2.181808e+02
6.080000e-06	-3.367152e-06	-9.209375e-10	-1.819620e+01	-2.219711e+02
6.090000e-06	-3.420191e-06	-9.367499e-10	-1.848282e+01	-2.257151e+02
6.100000e-06	-3.473036e-06	-9.529493e-10	-1.876840e+01	-2.294133e+02
6.110000e-06	-3.525703e-06	-9.684642e-10	-1.905301e+01	-2.330663e+02
6.120000e-06	-3.578116e-06	-9.827684e-10	-1.933625e+01	-2.366743e+02
6.130000e-06	-3.630311e-06	-9.967565e-10	-1.961831e+01	-2.402377e+02
6.140000e-06	-3.682273e-06	-1.010973e-09	-1.989912e+01	-2.437566e+02
6.150000e-06	-3.733916e-06	-1.026710e-09	-2.017820e+01	-2.472310e+02
6.160000e-06	-3.785209e-06	-1.043506e-09	-2.045539e+01	-2.506610e+02
6.170000e-06	-3.836240e-06	-1.059136e-09	-2.073116e+01	-2.540464e+02
6.180000e-06	-3.887008e-06	-1.073117e-09	-2.100552e+01	-2.573870e+02
6.190000e-06	-3.937477e-06	-1.085949e-09	-2.127825e+01	-2.606827e+02
6.200000e-06	-3.987665e-06	-1.098213e-09	-2.154947e+01	-2.639331e+02
6.210000e-06	-4.037530e-06	-1.110283e-09	-2.181894e+01	-2.671379e+02
6.220000e-06	-4.086944e-06	-1.122879e-09	-2.208598e+01	-2.702966e+02
6.230000e-06	-4.135971e-06	-1.136027e-09	-2.235092e+01	-2.734088e+02
6.240000e-06	-4.184612e-06	-1.149325e-09	-2.261378e+01	-2.764742e+02
6.250000e-06	-4.232662e-06	-1.163515e-09	-2.287344e+01	-2.794922e+02
6.260000e-06	-4.280305e-06	-1.177600e-09	-2.313090e+01	-2.824624e+02
6.270000e-06	-4.327730e-06	-1.189760e-09	-2.338719e+01	-2.853843e+02
6.280000e-06	-4.374801e-06	-1.200665e-09	-2.364156e+01	-2.882576e+02
6.290000e-06	-4.421598e-06	-1.212544e-09	-2.389446e+01	-2.910819e+02
6.300000e-06	-4.468205e-06	-1.224611e-09	-2.414632e+01	-2.938567e+02
6.310000e-06	-4.514475e-06	-1.235758e-09	-2.439637e+01	-2.965820e+02
6.320000e-06	-4.560472e-06	-1.246467e-09	-2.464494e+01	-2.992574e+02
6.330000e-06	-4.606277e-06	-1.256834e-09	-2.489247e+01	-3.018829e+02
6.340000e-06	-4.651731e-06	-1.268091e-09	-2.513810e+01	-3.044585e+02
6.350000e-06	-4.696800e-06	-1.280279e-09	-2.538166e+01	-3.069841e+02
6.360000e-06	-4.741494e-06	-1.291115e-09	-2.562318e+01	-3.094599e+02
6.370000e-06	-4.785899e-06	-1.300507e-09	-2.586315e+01	-3.118863e+02
6.380000e-06	-4.830194e-06	-1.309827e-09	-2.610252e+01	-3.142637e+02
6.390000e-06	-4.874311e-06	-1.318876e-09	-2.634093e+01	-3.165924e+02
6.400000e-06	-4.918137e-06	-1.327795e-09	-2.657777e+01	-3.188731e+02
6.410000e-06	-4.961558e-06	-1.336554e-09	-2.681241e+01	-3.211065e+02
6.420000e-06	-5.004603e-06	-1.345295e-09	-2.704504e+01	-3.232934e+02
6.430000e-06	-5.047388e-06	-1.354409e-09	-2.727624e+01	-3.254348e+02
6.440000e-06	-5.089669e-06	-1.363831e-09	-2.750474e+01	-3.275315e+02
6.450000e-06	-5.131630e-06	-1.372602e-09	-2.773149e+01	-3.295847e+02
6.460000e-06	-5.173365e-06	-1.380194e-09	-2.795703e+01	-3.315956e+02
6.470000e-06	-5.214591e-06	-1.387352e-09	-2.817981e+01	-3.335652e+02
6.480000e-06	-5.255422e-06	-1.394866e-09	-2.840047e+01	-3.354949e+02
6.490000e-06	-5.295912e-06	-1.403467e-09	-2.861928e+01	-3.373860e+02
6.500000e-06	-5.336104e-06	-1.412205e-09	-2.883648e+01	-3.392397e+02
6.510000e-06	-5.376222e-06	-1.419587e-09	-2.905327e+01	-3.410574e+02
6.520000e-06	-5.416107e-06	-1.425656e-09	-2.926882e+01	-3.428404e+02
6.530000e-06	-5.455592e-06	-1.431875e-09	-2.948219e+01	-3.445900e+02
6.540000e-06	-5.494603e-06	-1.438744e-09	-2.969301e+01	-3.463075e+02
6.550000e-06	-5.532838e-06	-1.445576e-09	-2.989963e+01	-3.479940e+02
6.560000e-06	-5.570428e-06	-1.452838e-09	-3.010277e+01	-3.496508e+02
6.570000e-06	-5.607497e-06	-1.461020e-09	-3.030309e+01	-3.512791e+02
6.580000e-06	-5.644116e-06	-1.468514e-09	-3.050098e+01	-3.528798e+02
6.590000e-06	-5.680464e-06	-1.474494e-09	-3.069741e+01	-3.544539e+02
6.600000e-06	-5.716470e-06	-1.479835e-09	-3.089198e+01	-3.560025e+02
6.610000e-06	-5.752228e-06	-1.484605e-09	-3.108522e+01	-3.575264e+02
6.620000e-06	-5.787649e-06	-1.489433e-09	-3.127664e+01	-3.590263e+02
6.630000e-06	-5.822532e-06	-1.495238e-09	-3.146515e+01	-3.605031e+02
6.640000e-06	-5.857024e-06	-1.500721e-09	-3.165154e+01	-3.619572e+02
6.650000e-06	-5.891223e-06	-1.505436e-09	-3.183636e+01	-3.633893e+02
6.660000e-06	-5.925035e-06	-1.509549e-09	-3.201908e+01	-3.647999e+02
6.670000e-06	-5.958321e-06	-1.513659e-09	-3.219896e+01	-3.661895e+02
6.680000e-06	-5.991129e-06	-1.518369e-09	-3.237625e+01	-3.675585e+02
6.690000e-06	-6.023569e-06	-1.522939e-09	-3.255156e+01	-3.689073e+02
6.700000e-06	-6.055741e-06	-1.527983e-09	-3.272542e+01	-3.702361e+02
6.710000e-06	-6.087652e-06	-1.533200e-09	-3.289786e+01	-3.715453e+02
6.720000e-06	-6.119040e-06	-1.537529e-09	-3.306749e+01	-3.728351e+02
6.730000e-06	-6.149772e-06	-1.540766e-09	-3.323357e+01	-3.741059e+02
6.740000e-06	-6.179782e-06	-1.543679e-09	-3.339574e+01	-3.753578e+02
6.750000e-06	-6.209054e-06	-1.547211e-09	-3.355393e+01	-3.765911e+02
6.760000e-06	-6.237756e-06	-1.551106e-09	-3.370903e+01	-3.778060e+02
6.770000e-06	-6.266141e-06	-1.554496e-09	-3.386243e+01	-3.790027e+02
6.780000e-06	-6.294349e-06	-1.558264e-09	-3.401486e+01	-3.801815e+02
6.790000e-06	-6.322283e-06	-1.563118e-09	-3.416582e+01	-3.813427e+02
6.800000e-06	-6.349877e-06	-1.566984e-09	-3.431494e+01	-3.824863e+02
6.810000e-06	-6.376951e-06	-1.570136e-09	-3.446124e+01	-3.836127e+02
6.820000e-06	-6.403509e-06	-1.573228e-09	-3.460477e+01	-3.847221e+02
6.830000e-06	-6.429712e-06	-1.575849e-09	-3.474637e+01	-3.858146e+02
6.840000e-06	-6.455397e-06	-1.578872e-09	-3.488517e+01	-3.868904e+02
6.850000e-06	-6.480464e-06	-1.581801e-09	-3.502064e+01	-3.879497e+02
6.860000e-06	-6.505035e-06	-1.585531e-09	-3.515342e+01	-3.889926e+02
6.870000e-06	-6.529333e-06	-1.589739e-09	-3.528472e+01	-3.900193e+02
6.880000e-06	-6.553507e-06	-1.594305e-09	-3.541536e+01	-3.910297e+02
6.890000e-06	-6.577439e-06	-1.600751e-09	-3.554469e+01	-3.920240e+02
6.900000e-06	-6.600807e-06	-1.605818e-09	-3.567097e+01	-3.930020e+02
6.910000e-06	-6.623403e-06	-1.607841e-09	-3.579308e+01	-3.939637e+02
6.920000e-06	-6.645170e-06	-1.608745e-09	-3.591071e+01	-3.949089e+02
6.930000e-06	-6.666142e-06	-1.609844e-09	-3.602404e+01	-3.958375e+02
6.940000e-06	-6.686609e-06	-1.612519e-09	-3.613465e+01	-3.967492e+02
6.950000e-06	-6.706861e-06	-1.616073e-09	-3.624409e+01	-3.976437e+02
6.960000e-06	-6.726888e-06	-1.619430e-09	-3.635232e+01	-3.985207e+02
6.970000e-06	-6.746437e-06	-1.623241e-09	-3.645796e+01	-3.993797e+02
6.980000e-06	-6.765377e-06	-1.626048e-09	-3.656031e+01	-4.002203e+02
6.990000e-06	-6.783875e-06	-1.627381e-09	-3.666027e+01	-4.010421e+02
7.000000e-06	-6.801992e-06	-1.629039e-09	-3.675818e+01	-4.018444e+02
7.010000e-06	-6.819669e-06	-1.630855e-09	-3.685371e+01	-4.026269e+02
7.020000e-06	-6.836877e-06	-1.632157e-09	-3.694670e+01	-4.033890e+02
7.030000e-06	-6.853552e-06	-1.634366e-09	-3.703681e+01	-4.041301e+02
7.040000e-06	-6.869900e-06	-1.638467e-09	-3.712516e+01	-4.048498e+02
7.050000e-06	-6.886020e-06	-1.642124e-09	-3.721227e+01	-4.055475e+02
7.060000e-06	-6.901645e-06	-1.644088e-09	-3.729671e+01	-4.062229e+02
7.070000e-06	-6.916605e-06	-1.645497e-09	-3.737755e+01	-4.068754e+02
7.080000e-06	-6.930739e-06	-1.646255e-09	-3.745393e+01	-4.075048e+02
7.090000e-06	-6.944018e-06	-1.646463e-09	-3.752569e+01	-4.081107e+02
7.100000e-06	-6.956664e-06	-1.647380e-09	-3.759403e+01	-4.086929e+02
7.110000e-06	-6.968807e-06	-1.649478e-09	-3.765965e+01	-4.092514e+02
7.120000e-06	-6.980376e-06	-1.650651e-09	-3.772217e+01	-4.097860e+02
7.130000e-06	-6.991408e-06	-1.650727e-09	-3.778179e+01	-4.102967e+02
7.140000e-06	-7.002060e-06	-1.651359e-09	-3.783935e+01	-4.107837e+02
7.150000e-06	-7.012342e-06	-1.651644e-09	-3.789492e+01	-4.112471e+02
7.160000e-06	-7.022051e-06	-1.652210e-09	-3.794739e+01	-4.116871e+02
7.170000e-06	-7.031101e-06	-1.653980e-09	-3.799630e+01	-4.121042e+02
7.180000e-06	-7.039650e-06	-1.655831e-09	-3.804249e+01	-4.124987e+02
7.190000e-06	-7.047947e-06	-1.656463e-09	-3.808733e+01	-4.128710e+02
7.200000e-06	-7.056103e-06	-1.655997e-09	-3.813140e+01	-4.132216e+02
7.210000e-06	-7.063905e-06	-1.655235e-09	-3.817357e+01	-4.135511e+02
7.220000e-06	-7.070963e-06	-1.653459e-09	-3.821171e+01	-4.138600e+02
7.230000e-06	-7.077037e-06	-1.651436e-09	-3.824454e+01	-4.141488e+02
7.240000e-06	-7.082289e-06	-1.650866e-09	-3.827292e+01	-4.144181e+02
7.250000e-06	-7.087054e-06	-1.650950e-09	-3.829867e+01	-4.146684e+02
7.260000e-06	-7.091450e-06	-1.651422e-09	-3.832242e+01	-4.149002e+02
7.270000e-06	-7.095463e-06	-1.651865e-09	-3.834411e+01	-4.151140e+02
7.280000e-06	-7.099091e-06	-1.652460e-09	-3.836372e+01	-4.153103e+02
7.290000e-06	-7.102259e-06	-1.653586e-09	-3.838083e+01	-4.154892e+02
7.300000e-06	-7.104950e-06	-1.654090e-09	-3.839538e+01	-4.156512e+02
7.310000e-06	-7.107201e-06	-1.653634e-09	-3.840754e+01	-4.157965e+02
7.320000e-06	-7.109032e-06	-1.653599e-09	-3.841743e+01	-4.159253e+02
7.330000e-06	-7.110269e-06	-1.655052e-09	-3.842412e+01	-4.160375e+02
7.340000e-06	-7.110839e-06	-1.655361e-09	-3.842720e+01	-4.161333e+02
