# Temperatura_=_14.2
# Concentracion g/m^3_=_7400.0
# C_Vs_to_Am_M_A/Vsm_=_254322799225.57578
# pendiente_HvsI_1/m_=_3716.3
# ordenada_HvsI_A/m_=_1297.0
# frecuencia_Hz_=_136108.6755323638

Tiempo_(s)	Campo_(V.s)	Magnetizacion_(V.s)	Campo_(kA/m)	Magnetizacion_(A/m)
0.000000e+00	-7.125898e-06	-1.522684e-09	-3.842351e+01	-3.826814e+02
1.000000e-08	-7.126175e-06	-1.521456e-09	-3.842500e+01	-3.827223e+02
2.000000e-08	-7.126075e-06	-1.520870e-09	-3.842446e+01	-3.827454e+02
3.000000e-08	-7.125444e-06	-1.520381e-09	-3.842106e+01	-3.827508e+02
4.000000e-08	-7.124033e-06	-1.519549e-09	-3.841346e+01	-3.827387e+02
5.000000e-08	-7.121784e-06	-1.518134e-09	-3.840133e+01	-3.827093e+02
6.000000e-08	-7.118940e-06	-1.516083e-09	-3.838599e+01	-3.826630e+02
7.000000e-08	-7.115631e-06	-1.511138e-09	-3.836815e+01	-3.825999e+02
8.000000e-08	-7.111875e-06	-1.513325e-09	-3.834790e+01	-3.825207e+02
9.000000e-08	-7.107490e-06	-1.532119e-09	-3.832425e+01	-3.824258e+02
1.000000e-07	-7.102452e-06	-1.531094e-09	-3.829709e+01	-3.823157e+02
1.100000e-07	-7.096899e-06	-1.477967e-09	-3.826714e+01	-3.821911e+02
1.200000e-07	-7.090827e-06	-1.466422e-09	-3.823440e+01	-3.820527e+02
1.300000e-07	-7.084249e-06	-1.539835e-09	-3.819893e+01	-3.819012e+02
1.400000e-07	-7.077305e-06	-1.566518e-09	-3.816149e+01	-3.817374e+02
1.500000e-07	-7.070015e-06	-1.471122e-09	-3.812218e+01	-3.815620e+02
1.600000e-07	-7.062440e-06	-1.437482e-09	-3.808134e+01	-3.813759e+02
1.700000e-07	-7.054534e-06	-1.553484e-09	-3.803871e+01	-3.811797e+02
1.800000e-07	-7.045865e-06	-1.574538e-09	-3.799197e+01	-3.809744e+02
1.900000e-07	-7.036466e-06	-1.437466e-09	-3.794129e+01	-3.807607e+02
2.000000e-07	-7.026483e-06	-1.412085e-09	-3.788746e+01	-3.805392e+02
2.100000e-07	-7.015999e-06	-1.557364e-09	-3.783092e+01	-3.803106e+02
2.200000e-07	-7.004908e-06	-1.572059e-09	-3.777112e+01	-3.800754e+02
2.300000e-07	-6.993282e-06	-1.436436e-09	-3.770844e+01	-3.798343e+02
2.400000e-07	-6.981118e-06	-1.436687e-09	-3.764284e+01	-3.795875e+02
2.500000e-07	-6.968228e-06	-1.545324e-09	-3.757334e+01	-3.793353e+02
2.600000e-07	-6.954700e-06	-1.512878e-09	-3.750040e+01	-3.790780e+02
2.700000e-07	-6.940634e-06	-1.430246e-09	-3.742455e+01	-3.788156e+02
2.800000e-07	-6.925875e-06	-1.482363e-09	-3.734497e+01	-3.785480e+02
2.900000e-07	-6.910360e-06	-1.521472e-09	-3.726131e+01	-3.782751e+02
3.000000e-07	-6.894425e-06	-1.454276e-09	-3.717539e+01	-3.779966e+02
3.100000e-07	-6.877963e-06	-1.456096e-09	-3.708662e+01	-3.777121e+02
3.200000e-07	-6.860951e-06	-1.519863e-09	-3.699489e+01	-3.774210e+02
3.300000e-07	-6.843661e-06	-1.465572e-09	-3.690166e+01	-3.771228e+02
3.400000e-07	-6.825959e-06	-1.409073e-09	-3.680621e+01	-3.768167e+02
3.500000e-07	-6.807730e-06	-1.492196e-09	-3.670792e+01	-3.765020e+02
3.600000e-07	-6.789029e-06	-1.521365e-09	-3.660708e+01	-3.761777e+02
3.700000e-07	-6.769806e-06	-1.421134e-09	-3.650343e+01	-3.758429e+02
3.800000e-07	-6.750241e-06	-1.417417e-09	-3.639793e+01	-3.754968e+02
3.900000e-07	-6.730233e-06	-1.501533e-09	-3.629005e+01	-3.751384e+02
4.000000e-07	-6.709624e-06	-1.467157e-09	-3.617892e+01	-3.747666e+02
4.100000e-07	-6.688566e-06	-1.405347e-09	-3.606538e+01	-3.743806e+02
4.200000e-07	-6.667261e-06	-1.456063e-09	-3.595050e+01	-3.739793e+02
4.300000e-07	-6.645487e-06	-1.475105e-09	-3.583309e+01	-3.735621e+02
4.400000e-07	-6.623093e-06	-1.418977e-09	-3.571234e+01	-3.731280e+02
4.500000e-07	-6.600173e-06	-1.431601e-09	-3.558875e+01	-3.726765e+02
4.600000e-07	-6.576896e-06	-1.465720e-09	-3.546324e+01	-3.722068e+02
4.700000e-07	-6.553417e-06	-1.419504e-09	-3.533664e+01	-3.717184e+02
4.800000e-07	-6.529653e-06	-1.404020e-09	-3.520850e+01	-3.712111e+02
4.900000e-07	-6.505381e-06	-1.452158e-09	-3.507762e+01	-3.706845e+02
5.000000e-07	-6.480522e-06	-1.438086e-09	-3.494359e+01	-3.701385e+02
5.100000e-07	-6.454929e-06	-1.395039e-09	-3.480558e+01	-3.695732e+02
5.200000e-07	-6.428514e-06	-1.419745e-09	-3.466315e+01	-3.689886e+02
5.300000e-07	-6.401564e-06	-1.434056e-09	-3.451783e+01	-3.683851e+02
5.400000e-07	-6.374171e-06	-1.397986e-09	-3.437013e+01	-3.677629e+02
5.500000e-07	-6.346376e-06	-1.398059e-09	-3.422025e+01	-3.671227e+02
5.600000e-07	-6.318268e-06	-1.420748e-09	-3.406869e+01	-3.664649e+02
5.700000e-07	-6.289779e-06	-1.401787e-09	-3.391508e+01	-3.657903e+02
5.800000e-07	-6.260855e-06	-1.388128e-09	-3.375912e+01	-3.650995e+02
5.900000e-07	-6.231524e-06	-1.404210e-09	-3.360096e+01	-3.643934e+02
6.000000e-07	-6.201801e-06	-1.395842e-09	-3.344069e+01	-3.636727e+02
6.100000e-07	-6.171655e-06	-1.375886e-09	-3.327814e+01	-3.629383e+02
6.200000e-07	-6.140935e-06	-1.383494e-09	-3.311250e+01	-3.621911e+02
6.300000e-07	-6.109804e-06	-1.388302e-09	-3.294464e+01	-3.614318e+02
6.400000e-07	-6.078427e-06	-1.373817e-09	-3.277545e+01	-3.606611e+02
6.500000e-07	-6.046766e-06	-1.370971e-09	-3.260473e+01	-3.598797e+02
6.600000e-07	-6.014766e-06	-1.375172e-09	-3.243218e+01	-3.590882e+02
6.700000e-07	-5.982370e-06	-1.365763e-09	-3.225750e+01	-3.582871e+02
6.800000e-07	-5.949347e-06	-1.356836e-09	-3.207944e+01	-3.574769e+02
6.900000e-07	-5.915504e-06	-1.358703e-09	-3.189695e+01	-3.566576e+02
7.000000e-07	-5.881056e-06	-1.355098e-09	-3.171120e+01	-3.558296e+02
7.100000e-07	-5.846108e-06	-1.346186e-09	-3.152276e+01	-3.549927e+02
7.200000e-07	-5.810716e-06	-1.343052e-09	-3.133193e+01	-3.541468e+02
7.300000e-07	-5.775035e-06	-1.342672e-09	-3.113953e+01	-3.532916e+02
7.400000e-07	-5.739060e-06	-1.337652e-09	-3.094555e+01	-3.524267e+02
7.500000e-07	-5.702808e-06	-1.332860e-09	-3.075007e+01	-3.515515e+02
7.600000e-07	-5.666191e-06	-1.329935e-09	-3.055263e+01	-3.506654e+02
7.700000e-07	-5.629115e-06	-1.325920e-09	-3.035272e+01	-3.497675e+02
7.800000e-07	-5.591556e-06	-1.321309e-09	-3.015019e+01	-3.488569e+02
7.900000e-07	-5.553534e-06	-1.316880e-09	-2.994518e+01	-3.479327e+02
8.000000e-07	-5.515068e-06	-1.310902e-09	-2.973777e+01	-3.469938e+02
8.100000e-07	-5.476337e-06	-1.303847e-09	-2.952892e+01	-3.460392e+02
8.200000e-07	-5.437315e-06	-1.298616e-09	-2.931851e+01	-3.450677e+02
8.300000e-07	-5.397948e-06	-1.295616e-09	-2.910624e+01	-3.440782e+02
8.400000e-07	-5.358385e-06	-1.292996e-09	-2.889291e+01	-3.430697e+02
8.500000e-07	-5.318609e-06	-1.288722e-09	-2.867844e+01	-3.420410e+02
8.600000e-07	-5.278436e-06	-1.284296e-09	-2.846182e+01	-3.409912e+02
8.700000e-07	-5.237742e-06	-1.280431e-09	-2.824239e+01	-3.399194e+02
8.800000e-07	-5.196663e-06	-1.275980e-09	-2.802089e+01	-3.388247e+02
8.900000e-07	-5.155062e-06	-1.268587e-09	-2.779658e+01	-3.377063e+02
9.000000e-07	-5.112704e-06	-1.260849e-09	-2.756818e+01	-3.365638e+02
9.100000e-07	-5.069718e-06	-1.256452e-09	-2.733639e+01	-3.353965e+02
9.200000e-07	-5.026363e-06	-1.253640e-09	-2.710262e+01	-3.342042e+02
9.300000e-07	-4.982819e-06	-1.248768e-09	-2.686783e+01	-3.329866e+02
9.400000e-07	-4.939091e-06	-1.242516e-09	-2.663204e+01	-3.317437e+02
9.500000e-07	-4.895030e-06	-1.236043e-09	-2.639446e+01	-3.304754e+02
9.600000e-07	-4.850609e-06	-1.230717e-09	-2.615494e+01	-3.291820e+02
9.700000e-07	-4.805756e-06	-1.226576e-09	-2.591309e+01	-3.278637e+02
9.800000e-07	-4.760536e-06	-1.221972e-09	-2.566926e+01	-3.265210e+02
9.900000e-07	-4.714946e-06	-1.215554e-09	-2.542343e+01	-3.251542e+02
1.000000e-06	-4.669004e-06	-1.208916e-09	-2.517571e+01	-3.237639e+02
1.010000e-06	-4.622929e-06	-1.203584e-09	-2.492727e+01	-3.223508e+02
1.020000e-06	-4.576598e-06	-1.199025e-09	-2.467744e+01	-3.209153e+02
1.030000e-06	-4.529751e-06	-1.193297e-09	-2.442485e+01	-3.194582e+02
1.040000e-06	-4.482568e-06	-1.186088e-09	-2.417043e+01	-3.179799e+02
1.050000e-06	-4.435246e-06	-1.180408e-09	-2.391526e+01	-3.164812e+02
1.060000e-06	-4.387746e-06	-1.175672e-09	-2.365914e+01	-3.149624e+02
1.070000e-06	-4.340046e-06	-1.170316e-09	-2.340193e+01	-3.134241e+02
1.080000e-06	-4.292003e-06	-1.164236e-09	-2.314288e+01	-3.118665e+02
1.090000e-06	-4.243550e-06	-1.156382e-09	-2.288162e+01	-3.102898e+02
1.100000e-06	-4.194610e-06	-1.148942e-09	-2.261773e+01	-3.086941e+02
1.110000e-06	-4.145005e-06	-1.143787e-09	-2.235026e+01	-3.070793e+02
1.120000e-06	-4.094960e-06	-1.138254e-09	-2.208041e+01	-3.054453e+02
1.130000e-06	-4.044556e-06	-1.131119e-09	-2.180862e+01	-3.037916e+02
1.140000e-06	-3.993649e-06	-1.123408e-09	-2.153413e+01	-3.021177e+02
1.150000e-06	-3.942450e-06	-1.116313e-09	-2.125806e+01	-3.004231e+02
1.160000e-06	-3.891132e-06	-1.110259e-09	-2.098135e+01	-2.987067e+02
1.170000e-06	-3.839560e-06	-1.104406e-09	-2.070327e+01	-2.969677e+02
1.180000e-06	-3.787706e-06	-1.097808e-09	-2.042366e+01	-2.952051e+02
1.190000e-06	-3.735496e-06	-1.090463e-09	-2.014215e+01	-2.934175e+02
1.200000e-06	-3.682845e-06	-1.083283e-09	-1.985825e+01	-2.916038e+02
1.210000e-06	-3.629902e-06	-1.076652e-09	-1.957277e+01	-2.897625e+02
1.220000e-06	-3.576716e-06	-1.068853e-09	-1.928599e+01	-2.878924e+02
1.230000e-06	-3.523349e-06	-1.060527e-09	-1.899823e+01	-2.859919e+02
1.240000e-06	-3.469769e-06	-1.052390e-09	-1.870932e+01	-2.840598e+02
1.250000e-06	-3.415976e-06	-1.045859e-09	-1.841926e+01	-2.820946e+02
1.260000e-06	-3.362014e-06	-1.040603e-09	-1.812829e+01	-2.800951e+02
1.270000e-06	-3.307729e-06	-1.032217e-09	-1.783558e+01	-2.780600e+02
1.280000e-06	-3.253067e-06	-1.022018e-09	-1.754084e+01	-2.759882e+02
1.290000e-06	-3.198170e-06	-1.013617e-09	-1.724484e+01	-2.738788e+02
1.300000e-06	-3.143073e-06	-1.005696e-09	-1.694775e+01	-2.717308e+02
1.310000e-06	-3.087822e-06	-9.966138e-10	-1.664983e+01	-2.695437e+02
1.320000e-06	-3.032456e-06	-9.880690e-10	-1.635129e+01	-2.673170e+02
1.330000e-06	-2.976922e-06	-9.801566e-10	-1.605184e+01	-2.650503e+02
1.340000e-06	-2.921231e-06	-9.706180e-10	-1.575155e+01	-2.627435e+02
1.350000e-06	-2.865486e-06	-9.609364e-10	-1.545097e+01	-2.603967e+02
1.360000e-06	-2.809673e-06	-9.527732e-10	-1.515002e+01	-2.580101e+02
1.370000e-06	-2.753741e-06	-9.444310e-10	-1.484843e+01	-2.555841e+02
1.380000e-06	-2.697689e-06	-9.355572e-10	-1.454619e+01	-2.531193e+02
1.390000e-06	-2.641467e-06	-9.268107e-10	-1.424304e+01	-2.506163e+02
1.400000e-06	-2.584946e-06	-9.179404e-10	-1.393827e+01	-2.480760e+02
1.410000e-06	-2.528106e-06	-9.075245e-10	-1.363178e+01	-2.454991e+02
1.420000e-06	-2.471070e-06	-8.964217e-10	-1.332424e+01	-2.428867e+02
1.430000e-06	-2.413699e-06	-8.861985e-10	-1.301489e+01	-2.402397e+02
1.440000e-06	-2.355959e-06	-8.766034e-10	-1.270355e+01	-2.375589e+02
1.450000e-06	-2.297746e-06	-8.669096e-10	-1.238966e+01	-2.348452e+02
1.460000e-06	-2.239237e-06	-8.560499e-10	-1.207418e+01	-2.320994e+02
1.470000e-06	-2.180570e-06	-8.440250e-10	-1.175784e+01	-2.293220e+02
1.480000e-06	-2.121708e-06	-8.316790e-10	-1.144045e+01	-2.265135e+02
1.490000e-06	-2.062814e-06	-8.202080e-10	-1.112289e+01	-2.236742e+02
1.500000e-06	-2.003727e-06	-8.100576e-10	-1.080428e+01	-2.208040e+02
1.510000e-06	-1.944383e-06	-7.994446e-10	-1.048429e+01	-2.179025e+02
1.520000e-06	-1.884892e-06	-7.883982e-10	-1.016351e+01	-2.149692e+02
1.530000e-06	-1.825323e-06	-7.783253e-10	-9.842311e+00	-2.120032e+02
1.540000e-06	-1.765591e-06	-7.674302e-10	-9.520230e+00	-2.090032e+02
1.550000e-06	-1.705850e-06	-7.544151e-10	-9.198106e+00	-2.059675e+02
1.560000e-06	-1.646206e-06	-7.410267e-10	-8.876497e+00	-2.028941e+02
1.570000e-06	-1.586589e-06	-7.289884e-10	-8.555038e+00	-1.997808e+02
1.580000e-06	-1.526871e-06	-7.181020e-10	-8.233032e+00	-1.966248e+02
1.590000e-06	-1.466959e-06	-7.067109e-10	-7.909981e+00	-1.934230e+02
1.600000e-06	-1.406989e-06	-6.941434e-10	-7.586615e+00	-1.901722e+02
1.610000e-06	-1.346893e-06	-6.812492e-10	-7.262572e+00	-1.868687e+02
1.620000e-06	-1.286732e-06	-6.683640e-10	-6.938180e+00	-1.835085e+02
1.630000e-06	-1.226578e-06	-6.553973e-10	-6.613822e+00	-1.800877e+02
1.640000e-06	-1.166222e-06	-6.421516e-10	-6.288379e+00	-1.766020e+02
1.650000e-06	-1.105728e-06	-6.289212e-10	-5.962187e+00	-1.730469e+02
1.660000e-06	-1.045229e-06	-6.160035e-10	-5.635970e+00	-1.694181e+02
1.670000e-06	-9.846610e-07	-6.034760e-10	-5.309385e+00	-1.657111e+02
1.680000e-06	-9.240243e-07	-5.903685e-10	-4.982426e+00	-1.619216e+02
1.690000e-06	-8.634197e-07	-5.753386e-10	-4.655640e+00	-1.580453e+02
1.700000e-06	-8.027680e-07	-5.607977e-10	-4.328600e+00	-1.540781e+02
1.710000e-06	-7.419979e-07	-5.479350e-10	-4.000922e+00	-1.500164e+02
1.720000e-06	-6.811333e-07	-5.337393e-10	-3.672735e+00	-1.458565e+02
1.730000e-06	-6.202022e-07	-5.188636e-10	-3.344188e+00	-1.415954e+02
1.740000e-06	-5.592727e-07	-5.042184e-10	-3.015651e+00	-1.372304e+02
1.750000e-06	-4.982128e-07	-4.886979e-10	-2.686410e+00	-1.327593e+02
1.760000e-06	-4.371108e-07	-4.720727e-10	-2.356943e+00	-1.281805e+02
1.770000e-06	-3.760564e-07	-4.539426e-10	-2.027732e+00	-1.234929e+02
1.780000e-06	-3.149464e-07	-4.353643e-10	-1.698220e+00	-1.186961e+02
1.790000e-06	-2.538244e-07	-4.174820e-10	-1.368645e+00	-1.137903e+02
1.800000e-06	-1.927204e-07	-3.991607e-10	-1.039167e+00	-1.087763e+02
1.810000e-06	-1.315834e-07	-3.794855e-10	-7.095100e-01	-1.036556e+02
1.820000e-06	-7.043122e-08	-3.597899e-10	-3.797717e-01	-9.843049e+01
1.830000e-06	-9.238362e-09	-3.396773e-10	-4.981411e-02	-9.310388e+01
1.840000e-06	5.196692e-08	-3.185829e-10	2.802105e-01	-8.767934e+01
1.850000e-06	1.131207e-07	-2.978814e-10	6.099574e-01	-8.216111e+01
1.860000e-06	1.743130e-07	-2.778939e-10	9.399122e-01	-7.655405e+01
1.870000e-06	2.354057e-07	-2.576514e-10	1.269330e+00	-7.086361e+01
1.880000e-06	2.964045e-07	-2.355689e-10	1.598241e+00	-6.509582e+01
1.890000e-06	3.574570e-07	-2.122647e-10	1.927442e+00	-5.925716e+01
1.900000e-06	4.185274e-07	-1.900514e-10	2.256739e+00	-5.335461e+01
1.910000e-06	4.795596e-07	-1.673136e-10	2.585830e+00	-4.739550e+01
1.920000e-06	5.405561e-07	-1.438935e-10	2.914729e+00	-4.138751e+01
1.930000e-06	6.015290e-07	-1.220331e-10	3.243501e+00	-3.533857e+01
1.940000e-06	6.624438e-07	-1.003086e-10	3.571959e+00	-2.925679e+01
1.950000e-06	7.232794e-07	-7.668001e-11	3.899991e+00	-2.315041e+01
1.960000e-06	7.840742e-07	-5.218412e-11	4.227801e+00	-1.702771e+01
1.970000e-06	8.448158e-07	-2.856054e-11	4.555326e+00	-1.089694e+01
1.980000e-06	9.054893e-07	-6.349518e-12	4.882483e+00	-4.766266e+00
1.990000e-06	9.660795e-07	1.554781e-11	5.209191e+00	1.356323e+00
2.000000e-06	1.026552e-06	3.825991e-11	5.535266e+00	7.463055e+00
2.010000e-06	1.087025e-06	6.064765e-11	5.861339e+00	1.354645e+01
2.020000e-06	1.147471e-06	8.309826e-11	6.187271e+00	1.959936e+01
2.030000e-06	1.207786e-06	1.065541e-10	6.512496e+00	2.561505e+01
2.040000e-06	1.268033e-06	1.292382e-10	6.837355e+00	3.158721e+01
2.050000e-06	1.328228e-06	1.509220e-10	7.161932e+00	3.751000e+01
2.060000e-06	1.388283e-06	1.727885e-10	7.485752e+00	4.337811e+01
2.070000e-06	1.448246e-06	1.942828e-10	7.809079e+00	4.918673e+01
2.080000e-06	1.508130e-06	2.140692e-10	8.131978e+00	5.493162e+01
2.090000e-06	1.567904e-06	2.331872e-10	8.454288e+00	6.060909e+01
2.100000e-06	1.627659e-06	2.539250e-10	8.776488e+00	6.621601e+01
2.110000e-06	1.687328e-06	2.757594e-10	9.098233e+00	7.174981e+01
2.120000e-06	1.746844e-06	2.970558e-10	9.419147e+00	7.720846e+01
2.130000e-06	1.806360e-06	3.176738e-10	9.740061e+00	8.259048e+01
2.140000e-06	1.865781e-06	3.374282e-10	1.006046e+01	8.789486e+01
2.150000e-06	1.925063e-06	3.552390e-10	1.038012e+01	9.312110e+01
2.160000e-06	1.984381e-06	3.721996e-10	1.069997e+01	9.826914e+01
2.170000e-06	2.043599e-06	3.891786e-10	1.101928e+01	1.033393e+02
2.180000e-06	2.102608e-06	4.066293e-10	1.133746e+01	1.083323e+02
2.190000e-06	2.161410e-06	4.252482e-10	1.165453e+01	1.132493e+02
2.200000e-06	2.220015e-06	4.443929e-10	1.197053e+01	1.180914e+02
2.210000e-06	2.278218e-06	4.629374e-10	1.228437e+01	1.228604e+02
2.220000e-06	2.335907e-06	4.802552e-10	1.259543e+01	1.275578e+02
2.230000e-06	2.393543e-06	4.955531e-10	1.290621e+01	1.321858e+02
2.240000e-06	2.451094e-06	5.104498e-10	1.321653e+01	1.367462e+02
2.250000e-06	2.508391e-06	5.271601e-10	1.352548e+01	1.412411e+02
2.260000e-06	2.565438e-06	5.446440e-10	1.383308e+01	1.456726e+02
2.270000e-06	2.622232e-06	5.613706e-10	1.413932e+01	1.500429e+02
2.280000e-06	2.678760e-06	5.768292e-10	1.444412e+01	1.543538e+02
2.290000e-06	2.734923e-06	5.911893e-10	1.474696e+01	1.586073e+02
2.300000e-06	2.790909e-06	6.055887e-10	1.504884e+01	1.628053e+02
2.310000e-06	2.846762e-06	6.206627e-10	1.535001e+01	1.669494e+02
2.320000e-06	2.902433e-06	6.356492e-10	1.565019e+01	1.710411e+02
2.330000e-06	2.957882e-06	6.518821e-10	1.594918e+01	1.750818e+02
2.340000e-06	3.013116e-06	6.682479e-10	1.624700e+01	1.790728e+02
2.350000e-06	3.068200e-06	6.827870e-10	1.654402e+01	1.830148e+02
2.360000e-06	3.123260e-06	6.954944e-10	1.684091e+01	1.869089e+02
2.370000e-06	3.178237e-06	7.061190e-10	1.713735e+01	1.907555e+02
2.380000e-06	3.232830e-06	7.167839e-10	1.743172e+01	1.945550e+02
2.390000e-06	3.287063e-06	7.303582e-10	1.772415e+01	1.983079e+02
2.400000e-06	3.341168e-06	7.464331e-10	1.801589e+01	2.020140e+02
2.410000e-06	3.395088e-06	7.626357e-10	1.830663e+01	2.056735e+02
2.420000e-06	3.448732e-06	7.777507e-10	1.859588e+01	2.092860e+02
2.430000e-06	3.502167e-06	7.911088e-10	1.888401e+01	2.128512e+02
2.440000e-06	3.555444e-06	8.036161e-10	1.917129e+01	2.163689e+02
2.450000e-06	3.608440e-06	8.159958e-10	1.945705e+01	2.198384e+02
2.460000e-06	3.661195e-06	8.274032e-10	1.974151e+01	2.232592e+02
2.470000e-06	3.713631e-06	8.390222e-10	2.002425e+01	2.266308e+02
2.480000e-06	3.765608e-06	8.506800e-10	2.030451e+01	2.299526e+02
2.490000e-06	3.817211e-06	8.621981e-10	2.058276e+01	2.332240e+02
2.500000e-06	3.868607e-06	8.741756e-10	2.085989e+01	2.364444e+02
2.510000e-06	3.919745e-06	8.858978e-10	2.113563e+01	2.396133e+02
2.520000e-06	3.970452e-06	8.970731e-10	2.140905e+01	2.427303e+02
2.530000e-06	4.020888e-06	9.081048e-10	2.168100e+01	2.457949e+02
2.540000e-06	4.071070e-06	9.200411e-10	2.195159e+01	2.488069e+02
2.550000e-06	4.120696e-06	9.311175e-10	2.221918e+01	2.517659e+02
2.560000e-06	4.169741e-06	9.408498e-10	2.248364e+01	2.546719e+02
2.570000e-06	4.218533e-06	9.496676e-10	2.274673e+01	2.575248e+02
2.580000e-06	4.266930e-06	9.583395e-10	2.300769e+01	2.603248e+02
2.590000e-06	4.314815e-06	9.687266e-10	2.326589e+01	2.630719e+02
2.600000e-06	4.362439e-06	9.799834e-10	2.352268e+01	2.657664e+02
2.610000e-06	4.409803e-06	9.904966e-10	2.377807e+01	2.684088e+02
2.620000e-06	4.456972e-06	9.997576e-10	2.403241e+01	2.709995e+02
2.630000e-06	4.503865e-06	1.008443e-09	2.428527e+01	2.735391e+02
2.640000e-06	4.550437e-06	1.017036e-09	2.453638e+01	2.760282e+02
2.650000e-06	4.596849e-06	1.025626e-09	2.478664e+01	2.784676e+02
2.660000e-06	4.642770e-06	1.034065e-09	2.503425e+01	2.808581e+02
2.670000e-06	4.688174e-06	1.040462e-09	2.527908e+01	2.832004e+02
2.680000e-06	4.733343e-06	1.046778e-09	2.552263e+01	2.854955e+02
2.690000e-06	4.778310e-06	1.056153e-09	2.576510e+01	2.877444e+02
2.700000e-06	4.822970e-06	1.065640e-09	2.600591e+01	2.899479e+02
2.710000e-06	4.867305e-06	1.073075e-09	2.624496e+01	2.921072e+02
2.720000e-06	4.911348e-06	1.081152e-09	2.648245e+01	2.942231e+02
2.730000e-06	4.955127e-06	1.090967e-09	2.671851e+01	2.962966e+02
2.740000e-06	4.998685e-06	1.100051e-09	2.695338e+01	2.983288e+02
2.750000e-06	5.042041e-06	1.107645e-09	2.718716e+01	3.003205e+02
2.760000e-06	5.085042e-06	1.113949e-09	2.741902e+01	3.022729e+02
2.770000e-06	5.127548e-06	1.119267e-09	2.764822e+01	3.041867e+02
2.780000e-06	5.169551e-06	1.126117e-09	2.787470e+01	3.060630e+02
2.790000e-06	5.210971e-06	1.135184e-09	2.809805e+01	3.079026e+02
2.800000e-06	5.251815e-06	1.143794e-09	2.831828e+01	3.097063e+02
2.810000e-06	5.292234e-06	1.151252e-09	2.853622e+01	3.114751e+02
2.820000e-06	5.332208e-06	1.157703e-09	2.875176e+01	3.132096e+02
2.830000e-06	5.371841e-06	1.163917e-09	2.896547e+01	3.149108e+02
2.840000e-06	5.411277e-06	1.170623e-09	2.917811e+01	3.165793e+02
2.850000e-06	5.450504e-06	1.177078e-09	2.938963e+01	3.182160e+02
2.860000e-06	5.489388e-06	1.182805e-09	2.959929e+01	3.198215e+02
2.870000e-06	5.527859e-06	1.187683e-09	2.980673e+01	3.213966e+02
2.880000e-06	5.566008e-06	1.193962e-09	3.001244e+01	3.229420e+02
2.890000e-06	5.603704e-06	1.202257e-09	3.021570e+01	3.244583e+02
2.900000e-06	5.640975e-06	1.209564e-09	3.041667e+01	3.259464e+02
2.910000e-06	5.677822e-06	1.214806e-09	3.061535e+01	3.274068e+02
2.920000e-06	5.714267e-06	1.220173e-09	3.081187e+01	3.288404e+02
2.930000e-06	5.750321e-06	1.227571e-09	3.100627e+01	3.302477e+02
2.940000e-06	5.786113e-06	1.235407e-09	3.119926e+01	3.316296e+02
2.950000e-06	5.821718e-06	1.240392e-09	3.139125e+01	3.329868e+02
2.960000e-06	5.856918e-06	1.243772e-09	3.158105e+01	3.343199e+02
2.970000e-06	5.891593e-06	1.248887e-09	3.176802e+01	3.356297e+02
2.980000e-06	5.925795e-06	1.255364e-09	3.195244e+01	3.369169e+02
2.990000e-06	5.959470e-06	1.261683e-09	3.213402e+01	3.381822e+02
3.000000e-06	5.992486e-06	1.266593e-09	3.231204e+01	3.394263e+02
3.010000e-06	6.024827e-06	1.271039e-09	3.248643e+01	3.406500e+02
3.020000e-06	6.056694e-06	1.276362e-09	3.265826e+01	3.418538e+02
3.030000e-06	6.088231e-06	1.283406e-09	3.282831e+01	3.430386e+02
3.040000e-06	6.119494e-06	1.290928e-09	3.299689e+01	3.442048e+02
3.050000e-06	6.150400e-06	1.295751e-09	3.316354e+01	3.453531e+02
3.060000e-06	6.180813e-06	1.300326e-09	3.332753e+01	3.464841e+02
3.070000e-06	6.210848e-06	1.306520e-09	3.348948e+01	3.475982e+02
3.080000e-06	6.240404e-06	1.311863e-09	3.364884e+01	3.486959e+02
3.090000e-06	6.269526e-06	1.316840e-09	3.380587e+01	3.497776e+02
3.100000e-06	6.298189e-06	1.322220e-09	3.396043e+01	3.508437e+02
3.110000e-06	6.326388e-06	1.327033e-09	3.411248e+01	3.518945e+02
3.120000e-06	6.354308e-06	1.331418e-09	3.426303e+01	3.529301e+02
3.130000e-06	6.381979e-06	1.336434e-09	3.441223e+01	3.539508e+02
3.140000e-06	6.409363e-06	1.341512e-09	3.455989e+01	3.549566e+02
3.150000e-06	6.436269e-06	1.344819e-09	3.470497e+01	3.559475e+02
3.160000e-06	6.462677e-06	1.348267e-09	3.484736e+01	3.569236e+02
3.170000e-06	6.488395e-06	1.353885e-09	3.498603e+01	3.578846e+02
3.180000e-06	6.513225e-06	1.359866e-09	3.511992e+01	3.588306e+02
3.190000e-06	6.537386e-06	1.364045e-09	3.525020e+01	3.597612e+02
3.200000e-06	6.561127e-06	1.366798e-09	3.537821e+01	3.606761e+02
3.210000e-06	6.584517e-06	1.370531e-09	3.550433e+01	3.615752e+02
3.220000e-06	6.607458e-06	1.375077e-09	3.562804e+01	3.624580e+02
3.230000e-06	6.629899e-06	1.379908e-09	3.574904e+01	3.633243e+02
3.240000e-06	6.651813e-06	1.384676e-09	3.586720e+01	3.641735e+02
3.250000e-06	6.673322e-06	1.387918e-09	3.598318e+01	3.650054e+02
3.260000e-06	6.694568e-06	1.390698e-09	3.609774e+01	3.658196e+02
3.270000e-06	6.715410e-06	1.395443e-09	3.621012e+01	3.666156e+02
3.280000e-06	6.735731e-06	1.400595e-09	3.631970e+01	3.673931e+02
3.290000e-06	6.755589e-06	1.403709e-09	3.642677e+01	3.681518e+02
3.300000e-06	6.775049e-06	1.406562e-09	3.653170e+01	3.688913e+02
3.310000e-06	6.794104e-06	1.410533e-09	3.663444e+01	3.696114e+02
3.320000e-06	6.812743e-06	1.414501e-09	3.673495e+01	3.703118e+02
3.330000e-06	6.830907e-06	1.416792e-09	3.683289e+01	3.709924e+02
3.340000e-06	6.848480e-06	1.417495e-09	3.692765e+01	3.716529e+02
3.350000e-06	6.865631e-06	1.419734e-09	3.702013e+01	3.722934e+02
3.360000e-06	6.882372e-06	1.423475e-09	3.711039e+01	3.729136e+02
3.370000e-06	6.898546e-06	1.426530e-09	3.719761e+01	3.735138e+02
3.380000e-06	6.914156e-06	1.430397e-09	3.728178e+01	3.740938e+02
3.390000e-06	6.929114e-06	1.433932e-09	3.736244e+01	3.746539e+02
3.400000e-06	6.943511e-06	1.436697e-09	3.744006e+01	3.751941e+02
3.410000e-06	6.957370e-06	1.441248e-09	3.751479e+01	3.757147e+02
3.420000e-06	6.970601e-06	1.445913e-09	3.758613e+01	3.762158e+02
3.430000e-06	6.983370e-06	1.448072e-09	3.765499e+01	3.766977e+02
3.440000e-06	6.995764e-06	1.449184e-09	3.772182e+01	3.771607e+02
3.450000e-06	7.007619e-06	1.452438e-09	3.778574e+01	3.776050e+02
3.460000e-06	7.019077e-06	1.457155e-09	3.784752e+01	3.780310e+02
3.470000e-06	7.030087e-06	1.460192e-09	3.790689e+01	3.784388e+02
3.480000e-06	7.040295e-06	1.460793e-09	3.796193e+01	3.788288e+02
3.490000e-06	7.049654e-06	1.460562e-09	3.801240e+01	3.792012e+02
3.500000e-06	7.058306e-06	1.462340e-09	3.805905e+01	3.795563e+02
3.510000e-06	7.066447e-06	1.467181e-09	3.810295e+01	3.798942e+02
3.520000e-06	7.074163e-06	1.472152e-09	3.814455e+01	3.802151e+02
3.530000e-06	7.081459e-06	1.473814e-09	3.818389e+01	3.805192e+02
3.540000e-06	7.088297e-06	1.474500e-09	3.822076e+01	3.808065e+02
3.550000e-06	7.094754e-06	1.477994e-09	3.825558e+01	3.810772e+02
3.560000e-06	7.100710e-06	1.481575e-09	3.828769e+01	3.813311e+02
3.570000e-06	7.106035e-06	1.483759e-09	3.831641e+01	3.815684e+02
3.580000e-06	7.110867e-06	1.485264e-09	3.834246e+01	3.817889e+02
3.590000e-06	7.115244e-06	1.486560e-09	3.836606e+01	3.819926e+02
3.600000e-06	7.119224e-06	1.489629e-09	3.838752e+01	3.821794e+02
3.610000e-06	7.122844e-06	1.494354e-09	3.840704e+01	3.823492e+02
3.620000e-06	7.126070e-06	1.497675e-09	3.842444e+01	3.825017e+02
3.630000e-06	7.128778e-06	1.498344e-09	3.843904e+01	3.826369e+02
3.640000e-06	7.130839e-06	1.498550e-09	3.845015e+01	3.827546e+02
3.650000e-06	7.132112e-06	1.498906e-09	3.845702e+01	3.828547e+02
3.660000e-06	7.132665e-06	1.500230e-09	3.846000e+01	3.829371e+02
3.670000e-06	7.132649e-06	1.502234e-09	3.845991e+01	3.830018e+02
3.680000e-06	7.132245e-06	1.503530e-09	3.845774e+01	3.830486e+02
3.690000e-06	7.131407e-06	1.504204e-09	3.845322e+01	3.830777e+02
3.700000e-06	7.129990e-06	1.505978e-09	3.844557e+01	3.830891e+02
3.710000e-06	7.128223e-06	1.508095e-09	3.843605e+01	3.830828e+02
3.720000e-06	7.126088e-06	1.508503e-09	3.842453e+01	3.830593e+02
3.730000e-06	7.123442e-06	1.511354e-09	3.841027e+01	3.830186e+02
3.740000e-06	7.120312e-06	1.518986e-09	3.839339e+01	3.829611e+02
3.750000e-06	7.116727e-06	1.505539e-09	3.837406e+01	3.828873e+02
3.760000e-06	7.112566e-06	1.473102e-09	3.835162e+01	3.827975e+02
3.770000e-06	7.107827e-06	1.507711e-09	3.832607e+01	3.826925e+02
3.780000e-06	7.102301e-06	1.574354e-09	3.829627e+01	3.825727e+02
3.790000e-06	7.096233e-06	1.536155e-09	3.826355e+01	3.824389e+02
3.800000e-06	7.089995e-06	1.438665e-09	3.822992e+01	3.822918e+02
3.810000e-06	7.083325e-06	1.470106e-09	3.819395e+01	3.821320e+02
3.820000e-06	7.076009e-06	1.589072e-09	3.815451e+01	3.819604e+02
3.830000e-06	7.068074e-06	1.545153e-09	3.811172e+01	3.817778e+02
3.840000e-06	7.059692e-06	1.405834e-09	3.806652e+01	3.815850e+02
3.850000e-06	7.050876e-06	1.467724e-09	3.801899e+01	3.813827e+02
3.860000e-06	7.041516e-06	1.630736e-09	3.796851e+01	3.811717e+02
3.870000e-06	7.031704e-06	1.560511e-09	3.791561e+01	3.809528e+02
3.880000e-06	7.021481e-06	1.379649e-09	3.786049e+01	3.807265e+02
3.890000e-06	7.010809e-06	1.459180e-09	3.780294e+01	3.804936e+02
3.900000e-06	6.999529e-06	1.633847e-09	3.774212e+01	3.802544e+02
3.910000e-06	6.987665e-06	1.537035e-09	3.767814e+01	3.800095e+02
3.920000e-06	6.975153e-06	1.389447e-09	3.761068e+01	3.797591e+02
3.930000e-06	6.961959e-06	1.514060e-09	3.753954e+01	3.795036e+02
3.940000e-06	6.948147e-06	1.623656e-09	3.746506e+01	3.792429e+02
3.950000e-06	6.933736e-06	1.474951e-09	3.738736e+01	3.789771e+02
3.960000e-06	6.918726e-06	1.411965e-09	3.730642e+01	3.787061e+02
3.970000e-06	6.903087e-06	1.562775e-09	3.722209e+01	3.784295e+02
3.980000e-06	6.886983e-06	1.562106e-09	3.713526e+01	3.781471e+02
3.990000e-06	6.870464e-06	1.422588e-09	3.704619e+01	3.778584e+02
4.000000e-06	6.853443e-06	1.490168e-09	3.695441e+01	3.775627e+02
4.010000e-06	6.835879e-06	1.599345e-09	3.685970e+01	3.772593e+02
4.020000e-06	6.817944e-06	1.476633e-09	3.676300e+01	3.769476e+02
4.030000e-06	6.799562e-06	1.412273e-09	3.666388e+01	3.766267e+02
4.040000e-06	6.780529e-06	1.559452e-09	3.656125e+01	3.762956e+02
4.050000e-06	6.761093e-06	1.566923e-09	3.645645e+01	3.759534e+02
4.060000e-06	6.741472e-06	1.430785e-09	3.635065e+01	3.755992e+02
4.070000e-06	6.721449e-06	1.479469e-09	3.624269e+01	3.752320e+02
4.080000e-06	6.701122e-06	1.574135e-09	3.613308e+01	3.748509e+02
4.090000e-06	6.680364e-06	1.481771e-09	3.602115e+01	3.744549e+02
4.100000e-06	6.658746e-06	1.442424e-09	3.590459e+01	3.740431e+02
4.110000e-06	6.636294e-06	1.540657e-09	3.578352e+01	3.736148e+02
4.120000e-06	6.613246e-06	1.521409e-09	3.565924e+01	3.731692e+02
4.130000e-06	6.589583e-06	1.444627e-09	3.553165e+01	3.727056e+02
4.140000e-06	6.565463e-06	1.506652e-09	3.540159e+01	3.722236e+02
4.150000e-06	6.541071e-06	1.539780e-09	3.527007e+01	3.717227e+02
4.160000e-06	6.516343e-06	1.460451e-09	3.513673e+01	3.712026e+02
4.170000e-06	6.491237e-06	1.465745e-09	3.500136e+01	3.706632e+02
4.180000e-06	6.465735e-06	1.525346e-09	3.486385e+01	3.701043e+02
4.190000e-06	6.439698e-06	1.486367e-09	3.472346e+01	3.695262e+02
4.200000e-06	6.413033e-06	1.458835e-09	3.457968e+01	3.689290e+02
4.210000e-06	6.385848e-06	1.505563e-09	3.443309e+01	3.683131e+02
4.220000e-06	6.358251e-06	1.497547e-09	3.428429e+01	3.676788e+02
4.230000e-06	6.330314e-06	1.457450e-09	3.413365e+01	3.670269e+02
4.240000e-06	6.302101e-06	1.482480e-09	3.398152e+01	3.663578e+02
4.250000e-06	6.273643e-06	1.498709e-09	3.382807e+01	3.656724e+02
4.260000e-06	6.244774e-06	1.464732e-09	3.367241e+01	3.649713e+02
4.270000e-06	6.215293e-06	1.465161e-09	3.351345e+01	3.642555e+02
4.280000e-06	6.185086e-06	1.488586e-09	3.335057e+01	3.635256e+02
4.290000e-06	6.154135e-06	1.473313e-09	3.318367e+01	3.627826e+02
4.300000e-06	6.122563e-06	1.456660e-09	3.301343e+01	3.620273e+02
4.310000e-06	6.090584e-06	1.468648e-09	3.284100e+01	3.612604e+02
4.320000e-06	6.058233e-06	1.468235e-09	3.266656e+01	3.604825e+02
4.330000e-06	6.025538e-06	1.454183e-09	3.249026e+01	3.596944e+02
4.340000e-06	5.992398e-06	1.457357e-09	3.231157e+01	3.588965e+02
4.350000e-06	5.958771e-06	1.462986e-09	3.213025e+01	3.580894e+02
4.360000e-06	5.924730e-06	1.451953e-09	3.194670e+01	3.572731e+02
4.370000e-06	5.890377e-06	1.445726e-09	3.176147e+01	3.564481e+02
4.380000e-06	5.855683e-06	1.451062e-09	3.157439e+01	3.556142e+02
4.390000e-06	5.820548e-06	1.448594e-09	3.138494e+01	3.547714e+02
4.400000e-06	5.785033e-06	1.440737e-09	3.119344e+01	3.539194e+02
4.410000e-06	5.749161e-06	1.441604e-09	3.100002e+01	3.530578e+02
4.420000e-06	5.713035e-06	1.444237e-09	3.080522e+01	3.521862e+02
4.430000e-06	5.676661e-06	1.439889e-09	3.060909e+01	3.513038e+02
4.440000e-06	5.639919e-06	1.433178e-09	3.041097e+01	3.504100e+02
4.450000e-06	5.602641e-06	1.430423e-09	3.020996e+01	3.495038e+02
4.460000e-06	5.564796e-06	1.429731e-09	3.000590e+01	3.485843e+02
4.470000e-06	5.526325e-06	1.426351e-09	2.979846e+01	3.476505e+02
4.480000e-06	5.487137e-06	1.421542e-09	2.958716e+01	3.467013e+02
4.490000e-06	5.447408e-06	1.418853e-09	2.937293e+01	3.457356e+02
4.500000e-06	5.407460e-06	1.414779e-09	2.915753e+01	3.447523e+02
4.510000e-06	5.367267e-06	1.408605e-09	2.894081e+01	3.437503e+02
4.520000e-06	5.326798e-06	1.406352e-09	2.872259e+01	3.427285e+02
4.530000e-06	5.285981e-06	1.405176e-09	2.850250e+01	3.416859e+02
4.540000e-06	5.244850e-06	1.399990e-09	2.828072e+01	3.406215e+02
4.550000e-06	5.203426e-06	1.395523e-09	2.805736e+01	3.395346e+02
4.560000e-06	5.161515e-06	1.393844e-09	2.783137e+01	3.384242e+02
4.570000e-06	5.119206e-06	1.389600e-09	2.760324e+01	3.372899e+02
4.580000e-06	5.076516e-06	1.382477e-09	2.737305e+01	3.361309e+02
4.590000e-06	5.033431e-06	1.374801e-09	2.714073e+01	3.349471e+02
4.600000e-06	4.990020e-06	1.369552e-09	2.690665e+01	3.337380e+02
4.610000e-06	4.946293e-06	1.367760e-09	2.667088e+01	3.325035e+02
4.620000e-06	4.902255e-06	1.366416e-09	2.643342e+01	3.312437e+02
4.630000e-06	4.857976e-06	1.363123e-09	2.619466e+01	3.299587e+02
4.640000e-06	4.813417e-06	1.357294e-09	2.595439e+01	3.286488e+02
4.650000e-06	4.768554e-06	1.349955e-09	2.571249e+01	3.273142e+02
4.660000e-06	4.723449e-06	1.343288e-09	2.546928e+01	3.259554e+02
4.670000e-06	4.678035e-06	1.336956e-09	2.522440e+01	3.245729e+02
4.680000e-06	4.632267e-06	1.330262e-09	2.497762e+01	3.231674e+02
4.690000e-06	4.586153e-06	1.323574e-09	2.472897e+01	3.217393e+02
4.700000e-06	4.539667e-06	1.318667e-09	2.447831e+01	3.202894e+02
4.710000e-06	4.492899e-06	1.315535e-09	2.422613e+01	3.188182e+02
4.720000e-06	4.445931e-06	1.312251e-09	2.397288e+01	3.173263e+02
4.730000e-06	4.398633e-06	1.306080e-09	2.371784e+01	3.158142e+02
4.740000e-06	4.350836e-06	1.297335e-09	2.346012e+01	3.142824e+02
4.750000e-06	4.302655e-06	1.291012e-09	2.320032e+01	3.127312e+02
4.760000e-06	4.254208e-06	1.287056e-09	2.293909e+01	3.111609e+02
4.770000e-06	4.205435e-06	1.281212e-09	2.267610e+01	3.095716e+02
4.780000e-06	4.156221e-06	1.274003e-09	2.241073e+01	3.079632e+02
4.790000e-06	4.106657e-06	1.268694e-09	2.214348e+01	3.063357e+02
4.800000e-06	4.056837e-06	1.264296e-09	2.187484e+01	3.046887e+02
4.810000e-06	4.006655e-06	1.258593e-09	2.160426e+01	3.030217e+02
4.820000e-06	3.956110e-06	1.251806e-09	2.133172e+01	3.013341e+02
4.830000e-06	3.905296e-06	1.244342e-09	2.105772e+01	2.996251e+02
4.840000e-06	3.854202e-06	1.236943e-09	2.078222e+01	2.978938e+02
4.850000e-06	3.802789e-06	1.230582e-09	2.050500e+01	2.961392e+02
4.860000e-06	3.751035e-06	1.223831e-09	2.022593e+01	2.943602e+02
4.870000e-06	3.699032e-06	1.215948e-09	1.994553e+01	2.925553e+02
4.880000e-06	3.646889e-06	1.208167e-09	1.966437e+01	2.907235e+02
4.890000e-06	3.594605e-06	1.202206e-09	1.938245e+01	2.888632e+02
4.900000e-06	3.542034e-06	1.197089e-09	1.909898e+01	2.869730e+02
4.910000e-06	3.489059e-06	1.190561e-09	1.881334e+01	2.850517e+02
4.920000e-06	3.435737e-06	1.182258e-09	1.852582e+01	2.830977e+02
4.930000e-06	3.382115e-06	1.173293e-09	1.823668e+01	2.811098e+02
4.940000e-06	3.328093e-06	1.164843e-09	1.794539e+01	2.790867e+02
4.950000e-06	3.273667e-06	1.156559e-09	1.765192e+01	2.770274e+02
4.960000e-06	3.218850e-06	1.147007e-09	1.735634e+01	2.749306e+02
4.970000e-06	3.163734e-06	1.137040e-09	1.705915e+01	2.727956e+02
4.980000e-06	3.108288e-06	1.128079e-09	1.676018e+01	2.706217e+02
4.990000e-06	3.052442e-06	1.119696e-09	1.645905e+01	2.684083e+02
5.000000e-06	2.996430e-06	1.111221e-09	1.615703e+01	2.661550e+02
5.010000e-06	2.940272e-06	1.101422e-09	1.585422e+01	2.638616e+02
5.020000e-06	2.883975e-06	1.090724e-09	1.555067e+01	2.615282e+02
5.030000e-06	2.827548e-06	1.081127e-09	1.524640e+01	2.591549e+02
5.040000e-06	2.771014e-06	1.072990e-09	1.494157e+01	2.567420e+02
5.050000e-06	2.714323e-06	1.064786e-09	1.463589e+01	2.542901e+02
5.060000e-06	2.657460e-06	1.055484e-09	1.432928e+01	2.517998e+02
5.070000e-06	2.600348e-06	1.044269e-09	1.402132e+01	2.492719e+02
5.080000e-06	2.542993e-06	1.032468e-09	1.371206e+01	2.467072e+02
5.090000e-06	2.485442e-06	1.022207e-09	1.340174e+01	2.441065e+02
5.100000e-06	2.427747e-06	1.011941e-09	1.309064e+01	2.414710e+02
5.110000e-06	2.370018e-06	1.000009e-09	1.277936e+01	2.388014e+02
5.120000e-06	2.312085e-06	9.876097e-10	1.246698e+01	2.360986e+02
5.130000e-06	2.253973e-06	9.763185e-10	1.215364e+01	2.333635e+02
5.140000e-06	2.195797e-06	9.656324e-10	1.183994e+01	2.305966e+02
5.150000e-06	2.137445e-06	9.537802e-10	1.152531e+01	2.277986e+02
5.160000e-06	2.078827e-06	9.415484e-10	1.120923e+01	2.249696e+02
5.170000e-06	2.020154e-06	9.287697e-10	1.089286e+01	2.221097e+02
5.180000e-06	1.961384e-06	9.163871e-10	1.057596e+01	2.192187e+02
5.190000e-06	1.902313e-06	9.053394e-10	1.025745e+01	2.162962e+02
5.200000e-06	1.843100e-06	8.938042e-10	9.938169e+00	2.133413e+02
5.210000e-06	1.783824e-06	8.814091e-10	9.618547e+00	2.103528e+02
5.220000e-06	1.724382e-06	8.683422e-10	9.298030e+00	2.073292e+02
5.230000e-06	1.664818e-06	8.555612e-10	8.976857e+00	2.042687e+02
5.240000e-06	1.605136e-06	8.429170e-10	8.655046e+00	2.011690e+02
5.250000e-06	1.545296e-06	8.285848e-10	8.332380e+00	1.980276e+02
5.260000e-06	1.485400e-06	8.134376e-10	8.009417e+00	1.948415e+02
5.270000e-06	1.425421e-06	8.001075e-10	7.686005e+00	1.916075e+02
5.280000e-06	1.365355e-06	7.872284e-10	7.362121e+00	1.883220e+02
5.290000e-06	1.305170e-06	7.726962e-10	7.037601e+00	1.849813e+02
5.300000e-06	1.244906e-06	7.567785e-10	6.712650e+00	1.815812e+02
5.310000e-06	1.184703e-06	7.405894e-10	6.388028e+00	1.781176e+02
5.320000e-06	1.124503e-06	7.248265e-10	6.063423e+00	1.745862e+02
5.330000e-06	1.064196e-06	7.101459e-10	5.738245e+00	1.709825e+02
5.340000e-06	1.003935e-06	6.968703e-10	5.413312e+00	1.673021e+02
5.350000e-06	9.437154e-07	6.822145e-10	5.088602e+00	1.635407e+02
5.360000e-06	8.834380e-07	6.646076e-10	4.763581e+00	1.596938e+02
5.370000e-06	8.230311e-07	6.470518e-10	4.437861e+00	1.557574e+02
5.380000e-06	7.624665e-07	6.303267e-10	4.111291e+00	1.517276e+02
5.390000e-06	7.019047e-07	6.129423e-10	3.784736e+00	1.476008e+02
5.400000e-06	6.413327e-07	5.941420e-10	3.458126e+00	1.433738e+02
5.410000e-06	5.807159e-07	5.749250e-10	3.131275e+00	1.390438e+02
5.420000e-06	5.200862e-07	5.569110e-10	2.804354e+00	1.346084e+02
5.430000e-06	4.594424e-07	5.391155e-10	2.477357e+00	1.300657e+02
5.440000e-06	3.988153e-07	5.204507e-10	2.150450e+00	1.254145e+02
5.450000e-06	3.381461e-07	4.996051e-10	1.823315e+00	1.206542e+02
5.460000e-06	2.773940e-07	4.777708e-10	1.495734e+00	1.157847e+02
5.470000e-06	2.166834e-07	4.572967e-10	1.168377e+00	1.108066e+02
5.480000e-06	1.559968e-07	4.374135e-10	8.411491e-01	1.057213e+02
5.490000e-06	9.522656e-08	4.168218e-10	5.134705e-01	1.005308e+02
5.500000e-06	3.441880e-08	3.946506e-10	1.855894e-01	9.523769e+01
5.510000e-06	-2.630720e-08	3.708501e-10	-1.418509e-01	8.984540e+01
5.520000e-06	-8.697302e-08	3.470901e-10	-4.689667e-01	8.435794e+01
5.530000e-06	-1.477079e-07	3.248087e-10	-7.964546e-01	7.877997e+01
5.540000e-06	-2.085161e-07	3.025602e-10	-1.124338e+00	7.311673e+01
5.550000e-06	-2.691858e-07	2.798831e-10	-1.451475e+00	6.737408e+01
5.560000e-06	-3.296983e-07	2.567136e-10	-1.777764e+00	6.155834e+01
5.570000e-06	-3.902814e-07	2.326348e-10	-2.104434e+00	5.567634e+01
5.580000e-06	-4.509739e-07	2.077000e-10	-2.431693e+00	4.973530e+01
5.590000e-06	-5.116347e-07	1.817556e-10	-2.758782e+00	4.374278e+01
5.600000e-06	-5.721901e-07	1.565172e-10	-3.085303e+00	3.770665e+01
5.610000e-06	-6.326158e-07	1.314542e-10	-3.411124e+00	3.163495e+01
5.620000e-06	-6.929773e-07	1.065847e-10	-3.736598e+00	2.553591e+01
5.630000e-06	-7.534276e-07	8.265956e-11	-4.062553e+00	1.941778e+01
5.640000e-06	-8.138466e-07	5.773961e-11	-4.388337e+00	1.328883e+01
5.650000e-06	-8.742095e-07	3.149492e-11	-4.713820e+00	7.157278e+00
5.660000e-06	-9.345957e-07	5.516582e-12	-5.039428e+00	1.031168e+00
5.670000e-06	-9.950193e-07	-1.899753e-11	-5.365238e+00	-5.081646e+00
5.680000e-06	-1.055415e-06	-4.217738e-11	-5.690898e+00	-1.117358e+01
5.690000e-06	-1.115614e-06	-6.502088e-11	-6.015495e+00	-1.723737e+01
5.700000e-06	-1.175729e-06	-8.926318e-11	-6.339642e+00	-2.326614e+01
5.710000e-06	-1.235836e-06	-1.142760e-10	-6.663742e+00	-2.925343e+01
5.720000e-06	-1.295888e-06	-1.387287e-10	-6.987552e+00	-3.519325e+01
5.730000e-06	-1.355827e-06	-1.626048e-10	-7.310749e+00	-4.108009e+01
5.740000e-06	-1.415703e-06	-1.854303e-10	-7.633603e+00	-4.690899e+01
5.750000e-06	-1.475567e-06	-2.086724e-10	-7.956396e+00	-5.267551e+01
5.760000e-06	-1.535365e-06	-2.329526e-10	-8.278834e+00	-5.837577e+01
5.770000e-06	-1.595029e-06	-2.563549e-10	-8.600546e+00	-6.400647e+01
5.780000e-06	-1.654625e-06	-2.800287e-10	-8.921894e+00	-6.956485e+01
5.790000e-06	-1.714105e-06	-3.049841e-10	-9.242614e+00	-7.504869e+01
5.800000e-06	-1.773357e-06	-3.294566e-10	-9.562109e+00	-8.045634e+01
5.810000e-06	-1.832418e-06	-3.522111e-10	-9.880569e+00	-8.578663e+01
5.820000e-06	-1.891422e-06	-3.730488e-10	-1.019872e+01	-9.103890e+01
5.830000e-06	-1.950434e-06	-3.932662e-10	-1.051693e+01	-9.621293e+01
5.840000e-06	-2.009279e-06	-4.150521e-10	-1.083422e+01	-1.013089e+02
5.850000e-06	-2.067887e-06	-4.382255e-10	-1.115024e+01	-1.063275e+02
5.860000e-06	-2.126329e-06	-4.600495e-10	-1.146536e+01	-1.112696e+02
5.870000e-06	-2.184534e-06	-4.793230e-10	-1.177921e+01	-1.161365e+02
5.880000e-06	-2.242502e-06	-4.996361e-10	-1.209178e+01	-1.209296e+02
5.890000e-06	-2.300464e-06	-5.210908e-10	-1.240432e+01	-1.256507e+02
5.900000e-06	-2.358257e-06	-5.419741e-10	-1.271594e+01	-1.303015e+02
5.910000e-06	-2.415651e-06	-5.624878e-10	-1.302542e+01	-1.348841e+02
5.920000e-06	-2.472924e-06	-5.815069e-10	-1.333424e+01	-1.394006e+02
5.930000e-06	-2.530261e-06	-6.005021e-10	-1.364341e+01	-1.438530e+02
5.940000e-06	-2.587364e-06	-6.207390e-10	-1.395131e+01	-1.482434e+02
5.950000e-06	-2.644189e-06	-6.416618e-10	-1.425772e+01	-1.525738e+02
5.960000e-06	-2.700869e-06	-6.607190e-10	-1.456334e+01	-1.568462e+02
5.970000e-06	-2.757334e-06	-6.779986e-10	-1.486780e+01	-1.610624e+02
5.980000e-06	-2.813588e-06	-6.956093e-10	-1.517113e+01	-1.652243e+02
5.990000e-06	-2.869713e-06	-7.138366e-10	-1.547376e+01	-1.693332e+02
6.000000e-06	-2.925741e-06	-7.307040e-10	-1.577587e+01	-1.733908e+02
6.010000e-06	-2.981654e-06	-7.448822e-10	-1.607736e+01	-1.773981e+02
6.020000e-06	-3.037363e-06	-7.588835e-10	-1.637775e+01	-1.813564e+02
6.030000e-06	-3.092925e-06	-7.752324e-10	-1.667734e+01	-1.852663e+02
6.040000e-06	-3.148330e-06	-7.934309e-10	-1.697609e+01	-1.891286e+02
6.050000e-06	-3.203476e-06	-8.103749e-10	-1.727344e+01	-1.929437e+02
6.060000e-06	-3.258197e-06	-8.249080e-10	-1.756850e+01	-1.967121e+02
6.070000e-06	-3.312425e-06	-8.392520e-10	-1.786091e+01	-2.004338e+02
6.080000e-06	-3.366294e-06	-8.554435e-10	-1.815137e+01	-2.041087e+02
6.090000e-06	-3.419786e-06	-8.724795e-10	-1.843981e+01	-2.077368e+02
6.100000e-06	-3.472959e-06	-8.888263e-10	-1.872652e+01	-2.113178e+02
6.110000e-06	-3.525809e-06	-9.037546e-10	-1.901149e+01	-2.148514e+02
6.120000e-06	-3.578271e-06	-9.174943e-10	-1.929437e+01	-2.183369e+02
6.130000e-06	-3.630551e-06	-9.313894e-10	-1.957627e+01	-2.217740e+02
6.140000e-06	-3.682665e-06	-9.460187e-10	-1.985727e+01	-2.251620e+02
6.150000e-06	-3.734525e-06	-9.607484e-10	-2.013691e+01	-2.285004e+02
6.160000e-06	-3.786129e-06	-9.752356e-10	-2.041516e+01	-2.317886e+02
6.170000e-06	-3.837388e-06	-9.902170e-10	-2.069156e+01	-2.350260e+02
6.180000e-06	-3.888290e-06	-1.003817e-09	-2.096602e+01	-2.382121e+02
6.190000e-06	-3.938669e-06	-1.015170e-09	-2.123767e+01	-2.413464e+02
6.200000e-06	-3.988620e-06	-1.026348e-09	-2.150701e+01	-2.444285e+02
6.210000e-06	-4.038391e-06	-1.038093e-09	-2.177538e+01	-2.474580e+02
6.220000e-06	-4.087978e-06	-1.050665e-09	-2.204276e+01	-2.504346e+02
6.230000e-06	-4.136994e-06	-1.063547e-09	-2.230706e+01	-2.533582e+02
6.240000e-06	-4.185417e-06	-1.075548e-09	-2.256816e+01	-2.562288e+02
6.250000e-06	-4.233674e-06	-1.086850e-09	-2.282837e+01	-2.590463e+02
6.260000e-06	-4.281721e-06	-1.097878e-09	-2.308744e+01	-2.618110e+02
6.270000e-06	-4.329258e-06	-1.108722e-09	-2.334377e+01	-2.645230e+02
6.280000e-06	-4.376346e-06	-1.119878e-09	-2.359767e+01	-2.671826e+02
6.290000e-06	-4.423336e-06	-1.130989e-09	-2.385105e+01	-2.697905e+02
6.300000e-06	-4.470149e-06	-1.142124e-09	-2.410346e+01	-2.723470e+02
6.310000e-06	-4.516615e-06	-1.153422e-09	-2.435401e+01	-2.748528e+02
6.320000e-06	-4.562815e-06	-1.163246e-09	-2.460313e+01	-2.773086e+02
6.330000e-06	-4.608787e-06	-1.171975e-09	-2.485101e+01	-2.797152e+02
6.340000e-06	-4.654435e-06	-1.181130e-09	-2.509715e+01	-2.820735e+02
6.350000e-06	-4.699691e-06	-1.190458e-09	-2.534117e+01	-2.843842e+02
6.360000e-06	-4.744575e-06	-1.200588e-09	-2.558319e+01	-2.866483e+02
6.370000e-06	-4.789115e-06	-1.210519e-09	-2.582336e+01	-2.888668e+02
6.380000e-06	-4.833363e-06	-1.218366e-09	-2.606195e+01	-2.910406e+02
6.390000e-06	-4.877404e-06	-1.225416e-09	-2.629942e+01	-2.931708e+02
6.400000e-06	-4.921223e-06	-1.232771e-09	-2.653570e+01	-2.952583e+02
6.410000e-06	-4.964802e-06	-1.241141e-09	-2.677068e+01	-2.973041e+02
6.420000e-06	-5.008098e-06	-1.251053e-09	-2.700413e+01	-2.993092e+02
6.430000e-06	-5.050980e-06	-1.260600e-09	-2.723536e+01	-3.012745e+02
6.440000e-06	-5.093523e-06	-1.269126e-09	-2.746475e+01	-3.032010e+02
6.450000e-06	-5.135725e-06	-1.276648e-09	-2.769231e+01	-3.050897e+02
6.460000e-06	-5.177544e-06	-1.283501e-09	-2.791780e+01	-3.069413e+02
6.470000e-06	-5.219063e-06	-1.291148e-09	-2.814168e+01	-3.087569e+02
6.480000e-06	-5.260157e-06	-1.297741e-09	-2.836326e+01	-3.105372e+02
6.490000e-06	-5.300903e-06	-1.303639e-09	-2.858297e+01	-3.122830e+02
6.500000e-06	-5.341390e-06	-1.311146e-09	-2.880128e+01	-3.139951e+02
6.510000e-06	-5.381639e-06	-1.319050e-09	-2.901830e+01	-3.156744e+02
6.520000e-06	-5.421600e-06	-1.325969e-09	-2.923378e+01	-3.173216e+02
6.530000e-06	-5.461131e-06	-1.330630e-09	-2.944693e+01	-3.189373e+02
6.540000e-06	-5.500305e-06	-1.333642e-09	-2.965816e+01	-3.205224e+02
6.550000e-06	-5.539014e-06	-1.339009e-09	-2.986688e+01	-3.220776e+02
6.560000e-06	-5.577129e-06	-1.347413e-09	-3.007240e+01	-3.236035e+02
6.570000e-06	-5.614614e-06	-1.355364e-09	-3.027453e+01	-3.251008e+02
6.580000e-06	-5.651494e-06	-1.361491e-09	-3.047338e+01	-3.265704e+02
6.590000e-06	-5.687950e-06	-1.366853e-09	-3.066996e+01	-3.280128e+02
6.600000e-06	-5.724133e-06	-1.372129e-09	-3.086506e+01	-3.294287e+02
6.610000e-06	-5.760000e-06	-1.376838e-09	-3.105846e+01	-3.308190e+02
6.620000e-06	-5.795557e-06	-1.380525e-09	-3.125019e+01	-3.321842e+02
6.630000e-06	-5.830683e-06	-1.384634e-09	-3.143959e+01	-3.335252e+02
6.640000e-06	-5.865332e-06	-1.389378e-09	-3.162642e+01	-3.348426e+02
6.650000e-06	-5.899601e-06	-1.394206e-09	-3.181120e+01	-3.361372e+02
6.660000e-06	-5.933456e-06	-1.399011e-09	-3.199375e+01	-3.374097e+02
6.670000e-06	-5.966933e-06	-1.402349e-09	-3.217426e+01	-3.386608e+02
6.680000e-06	-5.999924e-06	-1.404580e-09	-3.235215e+01	-3.398911e+02
6.690000e-06	-6.032219e-06	-1.408127e-09	-3.252629e+01	-3.411015e+02
6.700000e-06	-6.064200e-06	-1.414318e-09	-3.269874e+01	-3.422925e+02
6.710000e-06	-6.096090e-06	-1.420900e-09	-3.287069e+01	-3.434648e+02
6.720000e-06	-6.127580e-06	-1.425304e-09	-3.304049e+01	-3.446189e+02
6.730000e-06	-6.158542e-06	-1.428616e-09	-3.320744e+01	-3.457555e+02
6.740000e-06	-6.188785e-06	-1.432466e-09	-3.337051e+01	-3.468752e+02
6.750000e-06	-6.218349e-06	-1.436555e-09	-3.352992e+01	-3.479782e+02
6.760000e-06	-6.247380e-06	-1.440303e-09	-3.368646e+01	-3.490652e+02
6.770000e-06	-6.275936e-06	-1.443137e-09	-3.384043e+01	-3.501364e+02
6.780000e-06	-6.304151e-06	-1.444566e-09	-3.399257e+01	-3.511922e+02
6.790000e-06	-6.332118e-06	-1.447199e-09	-3.414338e+01	-3.522328e+02
6.800000e-06	-6.359629e-06	-1.449908e-09	-3.429172e+01	-3.532584e+02
6.810000e-06	-6.386658e-06	-1.451045e-09	-3.443746e+01	-3.542691e+02
6.820000e-06	-6.413292e-06	-1.452363e-09	-3.458107e+01	-3.552650e+02
6.830000e-06	-6.439473e-06	-1.455338e-09	-3.472224e+01	-3.562459e+02
6.840000e-06	-6.465200e-06	-1.461150e-09	-3.486097e+01	-3.572120e+02
6.850000e-06	-6.490468e-06	-1.465561e-09	-3.499721e+01	-3.581629e+02
6.860000e-06	-6.515313e-06	-1.466775e-09	-3.513118e+01	-3.590986e+02
6.870000e-06	-6.539754e-06	-1.467302e-09	-3.526297e+01	-3.600188e+02
6.880000e-06	-6.563913e-06	-1.468871e-09	-3.539323e+01	-3.609231e+02
6.890000e-06	-6.587832e-06	-1.473431e-09	-3.552221e+01	-3.618114e+02
6.900000e-06	-6.611308e-06	-1.479095e-09	-3.564879e+01	-3.626831e+02
6.910000e-06	-6.634038e-06	-1.482714e-09	-3.577135e+01	-3.635380e+02
6.920000e-06	-6.656024e-06	-1.484237e-09	-3.588991e+01	-3.643757e+02
6.930000e-06	-6.677302e-06	-1.485212e-09	-3.600464e+01	-3.651958e+02
6.940000e-06	-6.697910e-06	-1.486938e-09	-3.611576e+01	-3.659978e+02
6.950000e-06	-6.718137e-06	-1.489563e-09	-3.622483e+01	-3.667815e+02
6.960000e-06	-6.738089e-06	-1.492043e-09	-3.633241e+01	-3.675464e+02
6.970000e-06	-6.757613e-06	-1.494500e-09	-3.643768e+01	-3.682923e+02
6.980000e-06	-6.776755e-06	-1.497432e-09	-3.654090e+01	-3.690189e+02
6.990000e-06	-6.795517e-06	-1.499579e-09	-3.664207e+01	-3.697258e+02
7.000000e-06	-6.813675e-06	-1.501199e-09	-3.673997e+01	-3.704130e+02
7.010000e-06	-6.831236e-06	-1.502297e-09	-3.683466e+01	-3.710801e+02
7.020000e-06	-6.848429e-06	-1.503265e-09	-3.692737e+01	-3.717272e+02
7.030000e-06	-6.865328e-06	-1.505905e-09	-3.701849e+01	-3.723542e+02
7.040000e-06	-6.881874e-06	-1.508375e-09	-3.710771e+01	-3.729610e+02
7.050000e-06	-6.897964e-06	-1.509784e-09	-3.719447e+01	-3.735477e+02
7.060000e-06	-6.913525e-06	-1.511500e-09	-3.727838e+01	-3.741143e+02
7.070000e-06	-6.928508e-06	-1.513275e-09	-3.735916e+01	-3.746611e+02
7.080000e-06	-6.942688e-06	-1.514284e-09	-3.743563e+01	-3.751881e+02
7.090000e-06	-6.955958e-06	-1.515453e-09	-3.750718e+01	-3.756957e+02
7.100000e-06	-6.968516e-06	-1.517063e-09	-3.757489e+01	-3.761839e+02
7.110000e-06	-6.980609e-06	-1.518595e-09	-3.764010e+01	-3.766531e+02
7.120000e-06	-6.992349e-06	-1.520326e-09	-3.770340e+01	-3.771036e+02
7.130000e-06	-7.003635e-06	-1.521861e-09	-3.776426e+01	-3.775356e+02
7.140000e-06	-7.014343e-06	-1.522653e-09	-3.782200e+01	-3.779493e+02
7.150000e-06	-7.024489e-06	-1.522287e-09	-3.787671e+01	-3.783452e+02
7.160000e-06	-7.034179e-06	-1.522953e-09	-3.792896e+01	-3.787234e+02
7.170000e-06	-7.043507e-06	-1.524545e-09	-3.797925e+01	-3.790842e+02
7.180000e-06	-7.052383e-06	-1.525425e-09	-3.802711e+01	-3.794277e+02
7.190000e-06	-7.060890e-06	-1.526073e-09	-3.807298e+01	-3.797543e+02
7.200000e-06	-7.068981e-06	-1.525946e-09	-3.811661e+01	-3.800639e+02
7.210000e-06	-7.076553e-06	-1.525687e-09	-3.815744e+01	-3.803567e+02
7.220000e-06	-7.083583e-06	-1.525032e-09	-3.819534e+01	-3.806329e+02
7.230000e-06	-7.090013e-06	-1.523485e-09	-3.823002e+01	-3.808924e+02
7.240000e-06	-7.095637e-06	-1.523335e-09	-3.826034e+01	-3.811352e+02
7.250000e-06	-7.100553e-06	-1.524050e-09	-3.828685e+01	-3.813612e+02
7.260000e-06	-7.105142e-06	-1.524412e-09	-3.831159e+01	-3.815705e+02
7.270000e-06	-7.109352e-06	-1.524852e-09	-3.833429e+01	-3.817629e+02
7.280000e-06	-7.113071e-06	-1.525647e-09	-3.835435e+01	-3.819383e+02
7.290000e-06	-7.116315e-06	-1.525351e-09	-3.837184e+01	-3.820965e+02
7.300000e-06	-7.119161e-06	-1.524002e-09	-3.838719e+01	-3.822374e+02
7.310000e-06	-7.121500e-06	-1.523165e-09	-3.839980e+01	-3.823609e+02
7.320000e-06	-7.123366e-06	-1.522617e-09	-3.840986e+01	-3.824669e+02
7.330000e-06	-7.124688e-06	-1.522797e-09	-3.841699e+01	-3.825552e+02
7.340000e-06	-7.125428e-06	-1.523318e-09	-3.842098e+01	-3.826257e+02
