# Temperatura_=_2.4
# Concentracion g/m^3_=_7400.0
# C_Vs_to_Am_M_A/Vsm_=_254322799225.57578
# pendiente_HvsI_1/m_=_3716.3
# ordenada_HvsI_A/m_=_1297.0
# frecuencia_Hz_=_136111.80505997222

Tiempo_(s)	Campo_(V.s)	Magnetizacion_(V.s)	Campo_(kA/m)	Magnetizacion_(A/m)
0.000000e+00	-7.124221e-06	-1.363180e-09	-3.841881e+01	-3.434384e+02
1.000000e-08	-7.124223e-06	-1.362999e-09	-3.841882e+01	-3.434322e+02
2.000000e-08	-7.123887e-06	-1.364555e-09	-3.841701e+01	-3.434114e+02
3.000000e-08	-7.123066e-06	-1.364829e-09	-3.841258e+01	-3.433768e+02
4.000000e-08	-7.121563e-06	-1.363839e-09	-3.840447e+01	-3.433292e+02
5.000000e-08	-7.119342e-06	-1.362800e-09	-3.839250e+01	-3.432694e+02
6.000000e-08	-7.116472e-06	-1.362560e-09	-3.837702e+01	-3.431985e+02
7.000000e-08	-7.113087e-06	-1.362137e-09	-3.835877e+01	-3.431172e+02
8.000000e-08	-7.109213e-06	-1.360781e-09	-3.833788e+01	-3.430266e+02
9.000000e-08	-7.104742e-06	-1.361171e-09	-3.831376e+01	-3.429278e+02
1.000000e-07	-7.099524e-06	-1.351937e-09	-3.828562e+01	-3.428215e+02
1.100000e-07	-7.093745e-06	-1.330015e-09	-3.825446e+01	-3.427088e+02
1.200000e-07	-7.087748e-06	-1.347773e-09	-3.822212e+01	-3.425907e+02
1.300000e-07	-7.081486e-06	-1.393974e-09	-3.818835e+01	-3.424678e+02
1.400000e-07	-7.074780e-06	-1.378518e-09	-3.815219e+01	-3.423412e+02
1.500000e-07	-7.067532e-06	-1.310957e-09	-3.811310e+01	-3.422115e+02
1.600000e-07	-7.059892e-06	-1.325276e-09	-3.807190e+01	-3.420793e+02
1.700000e-07	-7.051877e-06	-1.405832e-09	-3.802868e+01	-3.419452e+02
1.800000e-07	-7.043186e-06	-1.373882e-09	-3.798181e+01	-3.418097e+02
1.900000e-07	-7.033848e-06	-1.277710e-09	-3.793145e+01	-3.416730e+02
2.000000e-07	-7.023969e-06	-1.317121e-09	-3.787818e+01	-3.415355e+02
2.100000e-07	-7.013477e-06	-1.424605e-09	-3.782160e+01	-3.413971e+02
2.200000e-07	-7.002159e-06	-1.371691e-09	-3.776056e+01	-3.412578e+02
2.300000e-07	-6.990286e-06	-1.266332e-09	-3.769654e+01	-3.411175e+02
2.400000e-07	-6.978092e-06	-1.320951e-09	-3.763078e+01	-3.409758e+02
2.500000e-07	-6.965277e-06	-1.402117e-09	-3.756167e+01	-3.408323e+02
2.600000e-07	-6.951825e-06	-1.335252e-09	-3.748913e+01	-3.406864e+02
2.700000e-07	-6.937786e-06	-1.284897e-09	-3.741342e+01	-3.405375e+02
2.800000e-07	-6.923127e-06	-1.357567e-09	-3.733437e+01	-3.403847e+02
2.900000e-07	-6.907726e-06	-1.367612e-09	-3.725132e+01	-3.402272e+02
3.000000e-07	-6.891691e-06	-1.296822e-09	-3.716485e+01	-3.400641e+02
3.100000e-07	-6.875165e-06	-1.317956e-09	-3.707572e+01	-3.398942e+02
3.200000e-07	-6.858204e-06	-1.368225e-09	-3.698426e+01	-3.397165e+02
3.300000e-07	-6.840802e-06	-1.305427e-09	-3.689041e+01	-3.395299e+02
3.400000e-07	-6.822937e-06	-1.285793e-09	-3.679407e+01	-3.393332e+02
3.500000e-07	-6.804494e-06	-1.370782e-09	-3.669462e+01	-3.391253e+02
3.600000e-07	-6.785551e-06	-1.353369e-09	-3.659246e+01	-3.389050e+02
3.700000e-07	-6.766201e-06	-1.261475e-09	-3.648811e+01	-3.386713e+02
3.800000e-07	-6.746412e-06	-1.305182e-09	-3.638140e+01	-3.384231e+02
3.900000e-07	-6.726371e-06	-1.368997e-09	-3.627332e+01	-3.381594e+02
4.000000e-07	-6.705907e-06	-1.299589e-09	-3.616297e+01	-3.378794e+02
4.100000e-07	-6.684853e-06	-1.271948e-09	-3.604943e+01	-3.375822e+02
4.200000e-07	-6.663400e-06	-1.342915e-09	-3.593374e+01	-3.372671e+02
4.300000e-07	-6.641542e-06	-1.327170e-09	-3.581586e+01	-3.369336e+02
4.400000e-07	-6.619161e-06	-1.272720e-09	-3.569517e+01	-3.365811e+02
4.500000e-07	-6.596393e-06	-1.313094e-09	-3.557239e+01	-3.362095e+02
4.600000e-07	-6.573228e-06	-1.325903e-09	-3.544746e+01	-3.358184e+02
4.700000e-07	-6.549616e-06	-1.271475e-09	-3.532013e+01	-3.354080e+02
4.800000e-07	-6.525646e-06	-1.290904e-09	-3.519087e+01	-3.349781e+02
4.900000e-07	-6.501220e-06	-1.328645e-09	-3.505915e+01	-3.345292e+02
5.000000e-07	-6.476193e-06	-1.280975e-09	-3.492418e+01	-3.340614e+02
5.100000e-07	-6.450533e-06	-1.263520e-09	-3.478581e+01	-3.335754e+02
5.200000e-07	-6.424143e-06	-1.303988e-09	-3.464350e+01	-3.330715e+02
5.300000e-07	-6.397129e-06	-1.287573e-09	-3.449782e+01	-3.325506e+02
5.400000e-07	-6.369664e-06	-1.258386e-09	-3.434971e+01	-3.320134e+02
5.500000e-07	-6.341840e-06	-1.285257e-09	-3.419966e+01	-3.314606e+02
5.600000e-07	-6.313693e-06	-1.286776e-09	-3.404787e+01	-3.308931e+02
5.700000e-07	-6.285175e-06	-1.258419e-09	-3.389408e+01	-3.303118e+02
5.800000e-07	-6.256264e-06	-1.269926e-09	-3.373817e+01	-3.297176e+02
5.900000e-07	-6.226869e-06	-1.277587e-09	-3.357966e+01	-3.291113e+02
6.000000e-07	-6.196877e-06	-1.253175e-09	-3.341792e+01	-3.284938e+02
6.100000e-07	-6.166483e-06	-1.253795e-09	-3.325401e+01	-3.278659e+02
6.200000e-07	-6.135819e-06	-1.265661e-09	-3.308865e+01	-3.272283e+02
6.300000e-07	-6.104686e-06	-1.252455e-09	-3.292076e+01	-3.265816e+02
6.400000e-07	-6.073203e-06	-1.247691e-09	-3.275098e+01	-3.259265e+02
6.500000e-07	-6.041492e-06	-1.255416e-09	-3.257997e+01	-3.252634e+02
6.600000e-07	-6.009368e-06	-1.246517e-09	-3.240674e+01	-3.245927e+02
6.700000e-07	-5.976761e-06	-1.239001e-09	-3.223090e+01	-3.239145e+02
6.800000e-07	-5.943611e-06	-1.242780e-09	-3.205213e+01	-3.232290e+02
6.900000e-07	-5.909622e-06	-1.238020e-09	-3.186884e+01	-3.225361e+02
7.000000e-07	-5.874845e-06	-1.230229e-09	-3.168130e+01	-3.218357e+02
7.100000e-07	-5.839675e-06	-1.228215e-09	-3.149163e+01	-3.211274e+02
7.200000e-07	-5.804180e-06	-1.223597e-09	-3.130022e+01	-3.204109e+02
7.300000e-07	-5.768416e-06	-1.219789e-09	-3.110736e+01	-3.196855e+02
7.400000e-07	-5.732418e-06	-1.219259e-09	-3.091323e+01	-3.189507e+02
7.500000e-07	-5.696015e-06	-1.215111e-09	-3.071692e+01	-3.182057e+02
7.600000e-07	-5.659123e-06	-1.210040e-09	-3.051797e+01	-3.174496e+02
7.700000e-07	-5.621764e-06	-1.207415e-09	-3.031650e+01	-3.166816e+02
7.800000e-07	-5.584128e-06	-1.203565e-09	-3.011354e+01	-3.159008e+02
7.900000e-07	-5.546183e-06	-1.197789e-09	-2.990892e+01	-3.151060e+02
8.000000e-07	-5.507646e-06	-1.191913e-09	-2.970110e+01	-3.142964e+02
8.100000e-07	-5.468707e-06	-1.185973e-09	-2.949111e+01	-3.134709e+02
8.200000e-07	-5.429493e-06	-1.181789e-09	-2.927964e+01	-3.126286e+02
8.300000e-07	-5.389907e-06	-1.179264e-09	-2.906617e+01	-3.117684e+02
8.400000e-07	-5.350121e-06	-1.176398e-09	-2.885161e+01	-3.108895e+02
8.500000e-07	-5.310170e-06	-1.171781e-09	-2.863617e+01	-3.099910e+02
8.600000e-07	-5.269848e-06	-1.166333e-09	-2.841873e+01	-3.090723e+02
8.700000e-07	-5.229026e-06	-1.161314e-09	-2.819859e+01	-3.081325e+02
8.800000e-07	-5.187730e-06	-1.156967e-09	-2.797589e+01	-3.071711e+02
8.900000e-07	-5.145896e-06	-1.151303e-09	-2.775029e+01	-3.061877e+02
9.000000e-07	-5.103414e-06	-1.144224e-09	-2.752120e+01	-3.051819e+02
9.100000e-07	-5.060310e-06	-1.139342e-09	-2.728875e+01	-3.041534e+02
9.200000e-07	-5.016734e-06	-1.136700e-09	-2.705376e+01	-3.031022e+02
9.300000e-07	-4.972911e-06	-1.131842e-09	-2.681743e+01	-3.020281e+02
9.400000e-07	-4.928938e-06	-1.124914e-09	-2.658030e+01	-3.009313e+02
9.500000e-07	-4.884692e-06	-1.118594e-09	-2.634169e+01	-2.998119e+02
9.600000e-07	-4.840082e-06	-1.113921e-09	-2.610112e+01	-2.986703e+02
9.700000e-07	-4.795208e-06	-1.110033e-09	-2.585913e+01	-2.975066e+02
9.800000e-07	-4.750008e-06	-1.105807e-09	-2.561538e+01	-2.963213e+02
9.900000e-07	-4.704349e-06	-1.101085e-09	-2.536916e+01	-2.951148e+02
1.000000e-06	-4.658314e-06	-1.096164e-09	-2.512091e+01	-2.938877e+02
1.010000e-06	-4.612141e-06	-1.090892e-09	-2.487191e+01	-2.926402e+02
1.020000e-06	-4.565680e-06	-1.085735e-09	-2.462136e+01	-2.913730e+02
1.030000e-06	-4.518646e-06	-1.080879e-09	-2.436772e+01	-2.900864e+02
1.040000e-06	-4.471295e-06	-1.075279e-09	-2.411236e+01	-2.887809e+02
1.050000e-06	-4.423740e-06	-1.070745e-09	-2.385591e+01	-2.874567e+02
1.060000e-06	-4.376022e-06	-1.066597e-09	-2.359859e+01	-2.861142e+02
1.070000e-06	-4.328208e-06	-1.061499e-09	-2.334074e+01	-2.847535e+02
1.080000e-06	-4.280171e-06	-1.054788e-09	-2.308169e+01	-2.833747e+02
1.090000e-06	-4.231778e-06	-1.047123e-09	-2.282072e+01	-2.819778e+02
1.100000e-06	-4.182772e-06	-1.041672e-09	-2.255645e+01	-2.805626e+02
1.110000e-06	-4.133091e-06	-1.038705e-09	-2.228853e+01	-2.791290e+02
1.120000e-06	-4.082973e-06	-1.035227e-09	-2.201826e+01	-2.776764e+02
1.130000e-06	-4.032509e-06	-1.029311e-09	-2.174612e+01	-2.762045e+02
1.140000e-06	-3.981705e-06	-1.021335e-09	-2.147215e+01	-2.747125e+02
1.150000e-06	-3.930598e-06	-1.014202e-09	-2.119655e+01	-2.731998e+02
1.160000e-06	-3.879169e-06	-1.008234e-09	-2.091921e+01	-2.716656e+02
1.170000e-06	-3.827392e-06	-1.002499e-09	-2.063999e+01	-2.701089e+02
1.180000e-06	-3.775381e-06	-9.970752e-10	-2.035951e+01	-2.685287e+02
1.190000e-06	-3.723100e-06	-9.914953e-10	-2.007757e+01	-2.669239e+02
1.200000e-06	-3.670455e-06	-9.855050e-10	-1.979367e+01	-2.652935e+02
1.210000e-06	-3.617386e-06	-9.787483e-10	-1.950749e+01	-2.636363e+02
1.220000e-06	-3.564026e-06	-9.708362e-10	-1.921973e+01	-2.619511e+02
1.230000e-06	-3.510591e-06	-9.625047e-10	-1.893157e+01	-2.602367e+02
1.240000e-06	-3.456874e-06	-9.557119e-10	-1.864190e+01	-2.584922e+02
1.250000e-06	-3.402868e-06	-9.504583e-10	-1.835066e+01	-2.567162e+02
1.260000e-06	-3.348743e-06	-9.450679e-10	-1.805878e+01	-2.549080e+02
1.270000e-06	-3.294211e-06	-9.374456e-10	-1.776470e+01	-2.530664e+02
1.280000e-06	-3.239260e-06	-9.287791e-10	-1.746837e+01	-2.511908e+02
1.290000e-06	-3.184286e-06	-9.204428e-10	-1.717191e+01	-2.492802e+02
1.300000e-06	-3.129302e-06	-9.116800e-10	-1.687540e+01	-2.473342e+02
1.310000e-06	-3.074113e-06	-9.028003e-10	-1.657778e+01	-2.453522e+02
1.320000e-06	-3.018682e-06	-8.949637e-10	-1.627885e+01	-2.433339e+02
1.330000e-06	-2.963051e-06	-8.878036e-10	-1.597885e+01	-2.412791e+02
1.340000e-06	-2.907323e-06	-8.802763e-10	-1.567833e+01	-2.391877e+02
1.350000e-06	-2.851491e-06	-8.719357e-10	-1.537724e+01	-2.370598e+02
1.360000e-06	-2.795522e-06	-8.627333e-10	-1.507542e+01	-2.348954e+02
1.370000e-06	-2.739417e-06	-8.540927e-10	-1.477286e+01	-2.326951e+02
1.380000e-06	-2.683071e-06	-8.467081e-10	-1.446901e+01	-2.304591e+02
1.390000e-06	-2.626536e-06	-8.389245e-10	-1.416413e+01	-2.281879e+02
1.400000e-06	-2.569885e-06	-8.301715e-10	-1.385862e+01	-2.258821e+02
1.410000e-06	-2.512942e-06	-8.205502e-10	-1.355155e+01	-2.235423e+02
1.420000e-06	-2.455581e-06	-8.108140e-10	-1.324222e+01	-2.211691e+02
1.430000e-06	-2.397947e-06	-8.022402e-10	-1.293142e+01	-2.187632e+02
1.440000e-06	-2.340139e-06	-7.935569e-10	-1.261968e+01	-2.163252e+02
1.450000e-06	-2.282038e-06	-7.833817e-10	-1.230635e+01	-2.138556e+02
1.460000e-06	-2.223485e-06	-7.724981e-10	-1.199060e+01	-2.113548e+02
1.470000e-06	-2.164685e-06	-7.622530e-10	-1.167350e+01	-2.088233e+02
1.480000e-06	-2.105786e-06	-7.527527e-10	-1.135588e+01	-2.062613e+02
1.490000e-06	-2.046729e-06	-7.431964e-10	-1.103740e+01	-2.036689e+02
1.500000e-06	-1.987542e-06	-7.333711e-10	-1.071822e+01	-2.010459e+02
1.510000e-06	-1.928173e-06	-7.227122e-10	-1.039806e+01	-1.983921e+02
1.520000e-06	-1.868639e-06	-7.121511e-10	-1.007701e+01	-1.957068e+02
1.530000e-06	-1.809085e-06	-7.036583e-10	-9.755860e+00	-1.929895e+02
1.540000e-06	-1.749479e-06	-6.946212e-10	-9.434422e+00	-1.902390e+02
1.550000e-06	-1.689782e-06	-6.827937e-10	-9.112491e+00	-1.874541e+02
1.560000e-06	-1.629994e-06	-6.708260e-10	-8.790072e+00	-1.846334e+02
1.570000e-06	-1.570163e-06	-6.612310e-10	-8.467424e+00	-1.817750e+02
1.580000e-06	-1.510319e-06	-6.522264e-10	-8.144701e+00	-1.788770e+02
1.590000e-06	-1.450400e-06	-6.405549e-10	-7.821579e+00	-1.759371e+02
1.600000e-06	-1.390397e-06	-6.277669e-10	-7.497998e+00	-1.729528e+02
1.610000e-06	-1.330169e-06	-6.167360e-10	-7.173204e+00	-1.699215e+02
1.620000e-06	-1.269825e-06	-6.063713e-10	-6.847790e+00	-1.668403e+02
1.630000e-06	-1.209488e-06	-5.951767e-10	-6.522410e+00	-1.637062e+02
1.640000e-06	-1.149137e-06	-5.826762e-10	-6.196954e+00	-1.605160e+02
1.650000e-06	-1.088819e-06	-5.693446e-10	-5.871680e+00	-1.572665e+02
1.660000e-06	-1.028444e-06	-5.567997e-10	-5.546091e+00	-1.539545e+02
1.670000e-06	-9.679724e-07	-5.459939e-10	-5.219988e+00	-1.505766e+02
1.680000e-06	-9.074013e-07	-5.344804e-10	-4.893346e+00	-1.471295e+02
1.690000e-06	-8.466939e-07	-5.205362e-10	-4.565969e+00	-1.436100e+02
1.700000e-06	-7.858800e-07	-5.066853e-10	-4.238017e+00	-1.400150e+02
1.710000e-06	-7.250029e-07	-4.943555e-10	-3.909725e+00	-1.363415e+02
1.720000e-06	-6.642016e-07	-4.820476e-10	-3.581842e+00	-1.325867e+02
1.730000e-06	-6.034621e-07	-4.682828e-10	-3.254292e+00	-1.287481e+02
1.740000e-06	-5.425889e-07	-4.531163e-10	-2.926021e+00	-1.248234e+02
1.750000e-06	-4.815361e-07	-4.379280e-10	-2.596781e+00	-1.208106e+02
1.760000e-06	-4.204930e-07	-4.234763e-10	-2.267594e+00	-1.167082e+02
1.770000e-06	-3.594197e-07	-4.086657e-10	-1.938244e+00	-1.125149e+02
1.780000e-06	-2.982775e-07	-3.926745e-10	-1.608522e+00	-1.082299e+02
1.790000e-06	-2.371518e-07	-3.757384e-10	-1.278889e+00	-1.038527e+02
1.800000e-06	-1.760424e-07	-3.589474e-10	-9.493443e-01	-9.938350e+01
1.810000e-06	-1.149854e-07	-3.427138e-10	-6.200822e-01	-9.482276e+01
1.820000e-06	-5.390984e-08	-3.265096e-10	-2.907198e-01	-9.017149e+01
1.830000e-06	7.226887e-09	-3.090253e-10	3.897246e-02	-8.543119e+01
1.840000e-06	6.836823e-08	-2.896576e-10	3.686896e-01	-8.060382e+01
1.850000e-06	1.295218e-07	-2.712449e-10	6.984724e-01	-7.569186e+01
1.860000e-06	1.906744e-07	-2.549385e-10	1.028251e+00	-7.069823e+01
1.870000e-06	2.518085e-07	-2.380624e-10	1.357929e+00	-6.562632e+01
1.880000e-06	3.129686e-07	-2.189141e-10	1.687746e+00	-6.047997e+01
1.890000e-06	3.741009e-07	-1.988401e-10	2.017415e+00	-5.526341e+01
1.900000e-06	4.352136e-07	-1.799596e-10	2.346978e+00	-4.998128e+01
1.910000e-06	4.962455e-07	-1.611805e-10	2.676105e+00	-4.463858e+01
1.920000e-06	5.572189e-07	-1.417989e-10	3.004916e+00	-3.924062e+01
1.930000e-06	6.181374e-07	-1.220739e-10	3.333431e+00	-3.379300e+01
1.940000e-06	6.789492e-07	-1.016819e-10	3.661371e+00	-2.830155e+01
1.950000e-06	7.396501e-07	-8.167575e-11	3.988713e+00	-2.277232e+01
1.960000e-06	8.002493e-07	-6.223134e-11	4.315507e+00	-1.721152e+01
1.970000e-06	8.609242e-07	-4.208694e-11	4.642708e+00	-1.162546e+01
1.980000e-06	9.216168e-07	-2.153979e-11	4.970006e+00	-6.020529e+00
1.990000e-06	9.821942e-07	-1.055899e-12	5.296681e+00	-4.031278e-01
2.000000e-06	1.042764e-06	1.979151e-11	5.623316e+00	5.220353e+00
2.010000e-06	1.103251e-06	4.043138e-11	5.949506e+00	1.084359e+01
2.020000e-06	1.163603e-06	6.137891e-11	6.274965e+00	1.646037e+01
2.030000e-06	1.223933e-06	8.237561e-11	6.600307e+00	2.206460e+01
2.040000e-06	1.284184e-06	1.021005e-10	6.925222e+00	2.765041e+01
2.050000e-06	1.344264e-06	1.211370e-10	7.249218e+00	3.321211e+01
2.060000e-06	1.404194e-06	1.406353e-10	7.572402e+00	3.874426e+01
2.070000e-06	1.464081e-06	1.610668e-10	7.895356e+00	4.424172e+01
2.080000e-06	1.523968e-06	1.819142e-10	8.218309e+00	4.969960e+01
2.090000e-06	1.583788e-06	2.014895e-10	8.540901e+00	5.511338e+01
2.100000e-06	1.643522e-06	2.197927e-10	8.863027e+00	6.047882e+01
2.110000e-06	1.703212e-06	2.391100e-10	9.184918e+00	6.579206e+01
2.120000e-06	1.762829e-06	2.592731e-10	9.506412e+00	7.104958e+01
2.130000e-06	1.822280e-06	2.786690e-10	9.827013e+00	7.624822e+01
2.140000e-06	1.881576e-06	2.965101e-10	1.014678e+01	8.138516e+01
2.150000e-06	1.940819e-06	3.129561e-10	1.046626e+01	8.645796e+01
2.160000e-06	2.000048e-06	3.300951e-10	1.078567e+01	9.146450e+01
2.170000e-06	2.059210e-06	3.483889e-10	1.110471e+01	9.640300e+01
2.180000e-06	2.118257e-06	3.657438e-10	1.142313e+01	1.012720e+02
2.190000e-06	2.177052e-06	3.823092e-10	1.174020e+01	1.060704e+02
2.200000e-06	2.235537e-06	3.993238e-10	1.205559e+01	1.107974e+02
2.210000e-06	2.293750e-06	4.167546e-10	1.236951e+01	1.154522e+02
2.220000e-06	2.351586e-06	4.337379e-10	1.268140e+01	1.200347e+02
2.230000e-06	2.409068e-06	4.488622e-10	1.299139e+01	1.245447e+02
2.240000e-06	2.466308e-06	4.638594e-10	1.330007e+01	1.289823e+02
2.250000e-06	2.523289e-06	4.800125e-10	1.360735e+01	1.333477e+02
2.260000e-06	2.580024e-06	4.961291e-10	1.391331e+01	1.376415e+02
2.270000e-06	2.636520e-06	5.118038e-10	1.421797e+01	1.418642e+02
2.280000e-06	2.692787e-06	5.266180e-10	1.452140e+01	1.460164e+02
2.290000e-06	2.748923e-06	5.402818e-10	1.482412e+01	1.500989e+02
2.300000e-06	2.804888e-06	5.540751e-10	1.512593e+01	1.541126e+02
2.310000e-06	2.860667e-06	5.694653e-10	1.542673e+01	1.580584e+02
2.320000e-06	2.916326e-06	5.857242e-10	1.572688e+01	1.619371e+02
2.330000e-06	2.971798e-06	6.017184e-10	1.602602e+01	1.657497e+02
2.340000e-06	3.027215e-06	6.163393e-10	1.632487e+01	1.694972e+02
2.350000e-06	3.082476e-06	6.294927e-10	1.662288e+01	1.731803e+02
2.360000e-06	3.137408e-06	6.409494e-10	1.691911e+01	1.768001e+02
2.370000e-06	3.192141e-06	6.506325e-10	1.721427e+01	1.803573e+02
2.380000e-06	3.246627e-06	6.605402e-10	1.750810e+01	1.838529e+02
2.390000e-06	3.300964e-06	6.731533e-10	1.780112e+01	1.872875e+02
2.400000e-06	3.355177e-06	6.884742e-10	1.809347e+01	1.906620e+02
2.410000e-06	3.409087e-06	7.035687e-10	1.838419e+01	1.939770e+02
2.420000e-06	3.462614e-06	7.168901e-10	1.867285e+01	1.972331e+02
2.430000e-06	3.515896e-06	7.288276e-10	1.896018e+01	2.004310e+02
2.440000e-06	3.569089e-06	7.401256e-10	1.924704e+01	2.035712e+02
2.450000e-06	3.622088e-06	7.509214e-10	1.953285e+01	2.066544e+02
2.460000e-06	3.674733e-06	7.611488e-10	1.981674e+01	2.096809e+02
2.470000e-06	3.726982e-06	7.714474e-10	2.009851e+01	2.126512e+02
2.480000e-06	3.778946e-06	7.814978e-10	2.037873e+01	2.155659e+02
2.490000e-06	3.830611e-06	7.919329e-10	2.065735e+01	2.184254e+02
2.500000e-06	3.881938e-06	8.029966e-10	2.093414e+01	2.212302e+02
2.510000e-06	3.932955e-06	8.127979e-10	2.120926e+01	2.239808e+02
2.520000e-06	3.983566e-06	8.217040e-10	2.148219e+01	2.266776e+02
2.530000e-06	4.033798e-06	8.313546e-10	2.175308e+01	2.293211e+02
2.540000e-06	4.083563e-06	8.416167e-10	2.202144e+01	2.319120e+02
2.550000e-06	4.132773e-06	8.507503e-10	2.228682e+01	2.344507e+02
2.560000e-06	4.181545e-06	8.587665e-10	2.254983e+01	2.369379e+02
2.570000e-06	4.229977e-06	8.662143e-10	2.281101e+01	2.393743e+02
2.580000e-06	4.278153e-06	8.741210e-10	2.307081e+01	2.417605e+02
2.590000e-06	4.326038e-06	8.832458e-10	2.332904e+01	2.440973e+02
2.600000e-06	4.373663e-06	8.924567e-10	2.358587e+01	2.463855e+02
2.610000e-06	4.421089e-06	9.013045e-10	2.384162e+01	2.486259e+02
2.620000e-06	4.468283e-06	9.098936e-10	2.409612e+01	2.508194e+02
2.630000e-06	4.515180e-06	9.181519e-10	2.434902e+01	2.529669e+02
2.640000e-06	4.561657e-06	9.260380e-10	2.459966e+01	2.550693e+02
2.650000e-06	4.607835e-06	9.326319e-10	2.484869e+01	2.571278e+02
2.660000e-06	4.653728e-06	9.383145e-10	2.509617e+01	2.591432e+02
2.670000e-06	4.699240e-06	9.442673e-10	2.534161e+01	2.611167e+02
2.680000e-06	4.744392e-06	9.507251e-10	2.558510e+01	2.630493e+02
2.690000e-06	4.789308e-06	9.581423e-10	2.582732e+01	2.649422e+02
2.700000e-06	4.834080e-06	9.652949e-10	2.606876e+01	2.667963e+02
2.710000e-06	4.878521e-06	9.722143e-10	2.630842e+01	2.686128e+02
2.720000e-06	4.922639e-06	9.802786e-10	2.654633e+01	2.703928e+02
2.730000e-06	4.966450e-06	9.884122e-10	2.678259e+01	2.721373e+02
2.740000e-06	5.009929e-06	9.958339e-10	2.701706e+01	2.738474e+02
2.750000e-06	5.053069e-06	1.002640e-09	2.724970e+01	2.755242e+02
2.760000e-06	5.095869e-06	1.008445e-09	2.748051e+01	2.771685e+02
2.770000e-06	5.138222e-06	1.013920e-09	2.770890e+01	2.787815e+02
2.780000e-06	5.179957e-06	1.020684e-09	2.793397e+01	2.803640e+02
2.790000e-06	5.221077e-06	1.028498e-09	2.815572e+01	2.819169e+02
2.800000e-06	5.261571e-06	1.035207e-09	2.837409e+01	2.834410e+02
2.810000e-06	5.301679e-06	1.041211e-09	2.859038e+01	2.849372e+02
2.820000e-06	5.341646e-06	1.047693e-09	2.880591e+01	2.864062e+02
2.830000e-06	5.381370e-06	1.053785e-09	2.902013e+01	2.878487e+02
2.840000e-06	5.420824e-06	1.058668e-09	2.923289e+01	2.892653e+02
2.850000e-06	5.460027e-06	1.063242e-09	2.944430e+01	2.906566e+02
2.860000e-06	5.498826e-06	1.067250e-09	2.965354e+01	2.920232e+02
2.870000e-06	5.537161e-06	1.070946e-09	2.986026e+01	2.933656e+02
2.880000e-06	5.575089e-06	1.076750e-09	3.006480e+01	2.946843e+02
2.890000e-06	5.612485e-06	1.083513e-09	3.026647e+01	2.959797e+02
2.900000e-06	5.649395e-06	1.088829e-09	3.046551e+01	2.972521e+02
2.910000e-06	5.686049e-06	1.093866e-09	3.066317e+01	2.985020e+02
2.920000e-06	5.722385e-06	1.100159e-09	3.085912e+01	2.997296e+02
2.930000e-06	5.758387e-06	1.107480e-09	3.105327e+01	3.009352e+02
2.940000e-06	5.794179e-06	1.113726e-09	3.124629e+01	3.021191e+02
2.950000e-06	5.829732e-06	1.118043e-09	3.143802e+01	3.032817e+02
2.960000e-06	5.864814e-06	1.121884e-09	3.162720e+01	3.044230e+02
2.970000e-06	5.899334e-06	1.126791e-09	3.181336e+01	3.055434e+02
2.980000e-06	5.933267e-06	1.132142e-09	3.199635e+01	3.066430e+02
2.990000e-06	5.966402e-06	1.136339e-09	3.217504e+01	3.077221e+02
3.000000e-06	5.998908e-06	1.140921e-09	3.235033e+01	3.087808e+02
3.010000e-06	6.031067e-06	1.146237e-09	3.252375e+01	3.098195e+02
3.020000e-06	6.062887e-06	1.151205e-09	3.269535e+01	3.108383e+02
3.030000e-06	6.094460e-06	1.156874e-09	3.286562e+01	3.118374e+02
3.040000e-06	6.125654e-06	1.162344e-09	3.303384e+01	3.128170e+02
3.050000e-06	6.156274e-06	1.166418e-09	3.319896e+01	3.137775e+02
3.060000e-06	6.186413e-06	1.172186e-09	3.336149e+01	3.147190e+02
3.070000e-06	6.216199e-06	1.178989e-09	3.352212e+01	3.156417e+02
3.080000e-06	6.245595e-06	1.183221e-09	3.368064e+01	3.165460e+02
3.090000e-06	6.274626e-06	1.186672e-09	3.383719e+01	3.174321e+02
3.100000e-06	6.303322e-06	1.191232e-09	3.399195e+01	3.183003e+02
3.110000e-06	6.331584e-06	1.195189e-09	3.414435e+01	3.191509e+02
3.120000e-06	6.359483e-06	1.199008e-09	3.429480e+01	3.199842e+02
3.130000e-06	6.387189e-06	1.204068e-09	3.444422e+01	3.208004e+02
3.140000e-06	6.414571e-06	1.208377e-09	3.459188e+01	3.215999e+02
3.150000e-06	6.441354e-06	1.211328e-09	3.473631e+01	3.223829e+02
3.160000e-06	6.467389e-06	1.215289e-09	3.487671e+01	3.231499e+02
3.170000e-06	6.492747e-06	1.219993e-09	3.501346e+01	3.239010e+02
3.180000e-06	6.517470e-06	1.223798e-09	3.514678e+01	3.246367e+02
3.190000e-06	6.541547e-06	1.226500e-09	3.527662e+01	3.253572e+02
3.200000e-06	6.565256e-06	1.228463e-09	3.540447e+01	3.260629e+02
3.210000e-06	6.588665e-06	1.231779e-09	3.553072e+01	3.267540e+02
3.220000e-06	6.611560e-06	1.236118e-09	3.565418e+01	3.274308e+02
3.230000e-06	6.633918e-06	1.239263e-09	3.577475e+01	3.280936e+02
3.240000e-06	6.655834e-06	1.241514e-09	3.589293e+01	3.287427e+02
3.250000e-06	6.677351e-06	1.244389e-09	3.600897e+01	3.293783e+02
3.260000e-06	6.698414e-06	1.248765e-09	3.612256e+01	3.300007e+02
3.270000e-06	6.719007e-06	1.253538e-09	3.623361e+01	3.306101e+02
3.280000e-06	6.739152e-06	1.256693e-09	3.634225e+01	3.312066e+02
3.290000e-06	6.759020e-06	1.258354e-09	3.644939e+01	3.317906e+02
3.300000e-06	6.778652e-06	1.260339e-09	3.655526e+01	3.323620e+02
3.310000e-06	6.797803e-06	1.263948e-09	3.665853e+01	3.329212e+02
3.320000e-06	6.816338e-06	1.268176e-09	3.675849e+01	3.334681e+02
3.330000e-06	6.834307e-06	1.270995e-09	3.685539e+01	3.340028e+02
3.340000e-06	6.851860e-06	1.272966e-09	3.695005e+01	3.345254e+02
3.350000e-06	6.868985e-06	1.275905e-09	3.704240e+01	3.350359e+02
3.360000e-06	6.885606e-06	1.279231e-09	3.713203e+01	3.355342e+02
3.370000e-06	6.901795e-06	1.281886e-09	3.721933e+01	3.360204e+02
3.380000e-06	6.917501e-06	1.284697e-09	3.730403e+01	3.364942e+02
3.390000e-06	6.932529e-06	1.287803e-09	3.738507e+01	3.369557e+02
3.400000e-06	6.946946e-06	1.290954e-09	3.746281e+01	3.374046e+02
3.410000e-06	6.960806e-06	1.295646e-09	3.753756e+01	3.378407e+02
3.420000e-06	6.974091e-06	1.299653e-09	3.760920e+01	3.382638e+02
3.430000e-06	6.986837e-06	1.301444e-09	3.767794e+01	3.386737e+02
3.440000e-06	6.999100e-06	1.303486e-09	3.774407e+01	3.390701e+02
3.450000e-06	7.010885e-06	1.306738e-09	3.780762e+01	3.394526e+02
3.460000e-06	7.022188e-06	1.311293e-09	3.786857e+01	3.398209e+02
3.470000e-06	7.032891e-06	1.314126e-09	3.792629e+01	3.401747e+02
3.480000e-06	7.042760e-06	1.314133e-09	3.797952e+01	3.405136e+02
3.490000e-06	7.051857e-06	1.313824e-09	3.802857e+01	3.408372e+02
3.500000e-06	7.060323e-06	1.315538e-09	3.807422e+01	3.411452e+02
3.510000e-06	7.068344e-06	1.318584e-09	3.811748e+01	3.414371e+02
3.520000e-06	7.075993e-06	1.321092e-09	3.815873e+01	3.417127e+02
3.530000e-06	7.083226e-06	1.323227e-09	3.819773e+01	3.419716e+02
3.540000e-06	7.089971e-06	1.325707e-09	3.823411e+01	3.422134e+02
3.550000e-06	7.096155e-06	1.328833e-09	3.826746e+01	3.424379e+02
3.560000e-06	7.101805e-06	1.331965e-09	3.829793e+01	3.426449e+02
3.570000e-06	7.106884e-06	1.333753e-09	3.832531e+01	3.428341e+02
3.580000e-06	7.111514e-06	1.334337e-09	3.835028e+01	3.430053e+02
3.590000e-06	7.115809e-06	1.336517e-09	3.837344e+01	3.431585e+02
3.600000e-06	7.119755e-06	1.339316e-09	3.839473e+01	3.432937e+02
3.610000e-06	7.123340e-06	1.340650e-09	3.841406e+01	3.434108e+02
3.620000e-06	7.126484e-06	1.340829e-09	3.843101e+01	3.435101e+02
3.630000e-06	7.129002e-06	1.340851e-09	3.844459e+01	3.435916e+02
3.640000e-06	7.130720e-06	1.342130e-09	3.845386e+01	3.436558e+02
3.650000e-06	7.131635e-06	1.343426e-09	3.845879e+01	3.437029e+02
3.660000e-06	7.131859e-06	1.345192e-09	3.846000e+01	3.437333e+02
3.670000e-06	7.131641e-06	1.347490e-09	3.845882e+01	3.437477e+02
3.680000e-06	7.131173e-06	1.347793e-09	3.845630e+01	3.437465e+02
3.690000e-06	7.130278e-06	1.346834e-09	3.845147e+01	3.437305e+02
3.700000e-06	7.128925e-06	1.346035e-09	3.844418e+01	3.437004e+02
3.710000e-06	7.127214e-06	1.345716e-09	3.843495e+01	3.436571e+02
3.720000e-06	7.124990e-06	1.346297e-09	3.842296e+01	3.436013e+02
3.730000e-06	7.122218e-06	1.347931e-09	3.840801e+01	3.435339e+02
3.740000e-06	7.119007e-06	1.348904e-09	3.839069e+01	3.434560e+02
3.750000e-06	7.115366e-06	1.345368e-09	3.837106e+01	3.433684e+02
3.760000e-06	7.111129e-06	1.343618e-09	3.834821e+01	3.432722e+02
3.770000e-06	7.106076e-06	1.365531e-09	3.832096e+01	3.431683e+02
3.780000e-06	7.100377e-06	1.390828e-09	3.829023e+01	3.430577e+02
3.790000e-06	7.094276e-06	1.337484e-09	3.825732e+01	3.429413e+02
3.800000e-06	7.087852e-06	1.289225e-09	3.822268e+01	3.428199e+02
3.810000e-06	7.081015e-06	1.351545e-09	3.818581e+01	3.426945e+02
3.820000e-06	7.073551e-06	1.412162e-09	3.814556e+01	3.425657e+02
3.830000e-06	7.065536e-06	1.345416e-09	3.810234e+01	3.424343e+02
3.840000e-06	7.057106e-06	1.275668e-09	3.805688e+01	3.423008e+02
3.850000e-06	7.048220e-06	1.363469e-09	3.800896e+01	3.421657e+02
3.860000e-06	7.038811e-06	1.442613e-09	3.795822e+01	3.420294e+02
3.870000e-06	7.028930e-06	1.331984e-09	3.790493e+01	3.418921e+02
3.880000e-06	7.018598e-06	1.236122e-09	3.784922e+01	3.417540e+02
3.890000e-06	7.007804e-06	1.363335e-09	3.779101e+01	3.416151e+02
3.900000e-06	6.996506e-06	1.457174e-09	3.773008e+01	3.414751e+02
3.910000e-06	6.984633e-06	1.324124e-09	3.766605e+01	3.413339e+02
3.920000e-06	6.972148e-06	1.254123e-09	3.759872e+01	3.411911e+02
3.930000e-06	6.958930e-06	1.401119e-09	3.752744e+01	3.410461e+02
3.940000e-06	6.944951e-06	1.430173e-09	3.745206e+01	3.408983e+02
3.950000e-06	6.930115e-06	1.275638e-09	3.737205e+01	3.407469e+02
3.960000e-06	6.914521e-06	1.292146e-09	3.728796e+01	3.405911e+02
3.970000e-06	6.898510e-06	1.440682e-09	3.720162e+01	3.404299e+02
3.980000e-06	6.882174e-06	1.383220e-09	3.711352e+01	3.402624e+02
3.990000e-06	6.865397e-06	1.266887e-09	3.702305e+01	3.400874e+02
4.000000e-06	6.848211e-06	1.371671e-09	3.693037e+01	3.399039e+02
4.010000e-06	6.830602e-06	1.431118e-09	3.683541e+01	3.397107e+02
4.020000e-06	6.812533e-06	1.291727e-09	3.673797e+01	3.395067e+02
4.030000e-06	6.794025e-06	1.297144e-09	3.663816e+01	3.392907e+02
4.040000e-06	6.774969e-06	1.442515e-09	3.653539e+01	3.390616e+02
4.050000e-06	6.755463e-06	1.380405e-09	3.643020e+01	3.388183e+02
4.060000e-06	6.735622e-06	1.268135e-09	3.632321e+01	3.385599e+02
4.070000e-06	6.715448e-06	1.375194e-09	3.621442e+01	3.382854e+02
4.080000e-06	6.694957e-06	1.424574e-09	3.610392e+01	3.379940e+02
4.090000e-06	6.673953e-06	1.297898e-09	3.599065e+01	3.376850e+02
4.100000e-06	6.652154e-06	1.318696e-09	3.587309e+01	3.373577e+02
4.110000e-06	6.629592e-06	1.421703e-09	3.575142e+01	3.370116e+02
4.120000e-06	6.606430e-06	1.348471e-09	3.562651e+01	3.366464e+02
4.130000e-06	6.582714e-06	1.302379e-09	3.549862e+01	3.362618e+02
4.140000e-06	6.558610e-06	1.394222e-09	3.536864e+01	3.358578e+02
4.150000e-06	6.534156e-06	1.371759e-09	3.523677e+01	3.354344e+02
4.160000e-06	6.509290e-06	1.294670e-09	3.510267e+01	3.349918e+02
4.170000e-06	6.483987e-06	1.359276e-09	3.496622e+01	3.345303e+02
4.180000e-06	6.458167e-06	1.387482e-09	3.482698e+01	3.340503e+02
4.190000e-06	6.431900e-06	1.313543e-09	3.468532e+01	3.335523e+02
4.200000e-06	6.405230e-06	1.333462e-09	3.454151e+01	3.330370e+02
4.210000e-06	6.378098e-06	1.375451e-09	3.439519e+01	3.325051e+02
4.220000e-06	6.350474e-06	1.322165e-09	3.424622e+01	3.319575e+02
4.230000e-06	6.322499e-06	1.319039e-09	3.409536e+01	3.313948e+02
4.240000e-06	6.294196e-06	1.364912e-09	3.394273e+01	3.308180e+02
4.250000e-06	6.265648e-06	1.335531e-09	3.378878e+01	3.302280e+02
4.260000e-06	6.236676e-06	1.316937e-09	3.363254e+01	3.296256e+02
4.270000e-06	6.207043e-06	1.351238e-09	3.347274e+01	3.290118e+02
4.280000e-06	6.176615e-06	1.337930e-09	3.330865e+01	3.283872e+02
4.290000e-06	6.145397e-06	1.314233e-09	3.314030e+01	3.277528e+02
4.300000e-06	6.113729e-06	1.333236e-09	3.296953e+01	3.271091e+02
4.310000e-06	6.081721e-06	1.331941e-09	3.279691e+01	3.264568e+02
4.320000e-06	6.049388e-06	1.316399e-09	3.262255e+01	3.257963e+02
4.330000e-06	6.016627e-06	1.326430e-09	3.244588e+01	3.251281e+02
4.340000e-06	5.983330e-06	1.324911e-09	3.226632e+01	3.244524e+02
4.350000e-06	5.949635e-06	1.312035e-09	3.208461e+01	3.237693e+02
4.360000e-06	5.915669e-06	1.316787e-09	3.190144e+01	3.230789e+02
4.370000e-06	5.881304e-06	1.317627e-09	3.171612e+01	3.223810e+02
4.380000e-06	5.846522e-06	1.310728e-09	3.152856e+01	3.216754e+02
4.390000e-06	5.811397e-06	1.312028e-09	3.133914e+01	3.209617e+02
4.400000e-06	5.775822e-06	1.309064e-09	3.114729e+01	3.202393e+02
4.410000e-06	5.739914e-06	1.303722e-09	3.095365e+01	3.195077e+02
4.420000e-06	5.703771e-06	1.306432e-09	3.075874e+01	3.187662e+02
4.430000e-06	5.667322e-06	1.303212e-09	3.056218e+01	3.180139e+02
4.440000e-06	5.630509e-06	1.295191e-09	3.036367e+01	3.172500e+02
4.450000e-06	5.593182e-06	1.295978e-09	3.016237e+01	3.164736e+02
4.460000e-06	5.555158e-06	1.297527e-09	2.995732e+01	3.156836e+02
4.470000e-06	5.516348e-06	1.292814e-09	2.974803e+01	3.148791e+02
4.480000e-06	5.476928e-06	1.288906e-09	2.953544e+01	3.140590e+02
4.490000e-06	5.437106e-06	1.286232e-09	2.932070e+01	3.132224e+02
4.500000e-06	5.397061e-06	1.282758e-09	2.910475e+01	3.123682e+02
4.510000e-06	5.356794e-06	1.280894e-09	2.888760e+01	3.114957e+02
4.520000e-06	5.316222e-06	1.280246e-09	2.866881e+01	3.106038e+02
4.530000e-06	5.275336e-06	1.278194e-09	2.844832e+01	3.096919e+02
4.540000e-06	5.234003e-06	1.275108e-09	2.822543e+01	3.087592e+02
4.550000e-06	5.192236e-06	1.272605e-09	2.800019e+01	3.078051e+02
4.560000e-06	5.150136e-06	1.270575e-09	2.777315e+01	3.068291e+02
4.570000e-06	5.107756e-06	1.266417e-09	2.754461e+01	3.058308e+02
4.580000e-06	5.065004e-06	1.259740e-09	2.731406e+01	3.048099e+02
4.590000e-06	5.021808e-06	1.253103e-09	2.708112e+01	3.037662e+02
4.600000e-06	4.978268e-06	1.249862e-09	2.684632e+01	3.026998e+02
4.610000e-06	4.934428e-06	1.248409e-09	2.660990e+01	3.016106e+02
4.620000e-06	4.890361e-06	1.245737e-09	2.637227e+01	3.004987e+02
4.630000e-06	4.846140e-06	1.242794e-09	2.613379e+01	2.993644e+02
4.640000e-06	4.801714e-06	1.239879e-09	2.589422e+01	2.982080e+02
4.650000e-06	4.756972e-06	1.235647e-09	2.565294e+01	2.970299e+02
4.660000e-06	4.711817e-06	1.229955e-09	2.540943e+01	2.958305e+02
4.670000e-06	4.666274e-06	1.223446e-09	2.516383e+01	2.946102e+02
4.680000e-06	4.620411e-06	1.217219e-09	2.491651e+01	2.933694e+02
4.690000e-06	4.574069e-06	1.212441e-09	2.466660e+01	2.921088e+02
4.700000e-06	4.527401e-06	1.208967e-09	2.441493e+01	2.908286e+02
4.710000e-06	4.480590e-06	1.206440e-09	2.416249e+01	2.895293e+02
4.720000e-06	4.433458e-06	1.203035e-09	2.390832e+01	2.882114e+02
4.730000e-06	4.385974e-06	1.196388e-09	2.365225e+01	2.868749e+02
4.740000e-06	4.338084e-06	1.188915e-09	2.339400e+01	2.855203e+02
4.750000e-06	4.289763e-06	1.184229e-09	2.313342e+01	2.841475e+02
4.760000e-06	4.241159e-06	1.179793e-09	2.287131e+01	2.827567e+02
4.770000e-06	4.192254e-06	1.173973e-09	2.260758e+01	2.813476e+02
4.780000e-06	4.142922e-06	1.169076e-09	2.234155e+01	2.799202e+02
4.790000e-06	4.093232e-06	1.165025e-09	2.207359e+01	2.784740e+02
4.800000e-06	4.043207e-06	1.160057e-09	2.180381e+01	2.770085e+02
4.810000e-06	3.992849e-06	1.154601e-09	2.153225e+01	2.755233e+02
4.820000e-06	3.942301e-06	1.148767e-09	2.125966e+01	2.740177e+02
4.830000e-06	3.891482e-06	1.142772e-09	2.098561e+01	2.724907e+02
4.840000e-06	3.840349e-06	1.136890e-09	2.070986e+01	2.709416e+02
4.850000e-06	3.788937e-06	1.130668e-09	2.043261e+01	2.693693e+02
4.860000e-06	3.737177e-06	1.124044e-09	2.015349e+01	2.677729e+02
4.870000e-06	3.685232e-06	1.118342e-09	1.987336e+01	2.661512e+02
4.880000e-06	3.633164e-06	1.113305e-09	1.959258e+01	2.645030e+02
4.890000e-06	3.580732e-06	1.107255e-09	1.930982e+01	2.628273e+02
4.900000e-06	3.527867e-06	1.101056e-09	1.902474e+01	2.611228e+02
4.910000e-06	3.474720e-06	1.095027e-09	1.873813e+01	2.593884e+02
4.920000e-06	3.421354e-06	1.087968e-09	1.845035e+01	2.576231e+02
4.930000e-06	3.367512e-06	1.080185e-09	1.815999e+01	2.558257e+02
4.940000e-06	3.313041e-06	1.072966e-09	1.786625e+01	2.539954e+02
4.950000e-06	3.258206e-06	1.066448e-09	1.757054e+01	2.521311e+02
4.960000e-06	3.203139e-06	1.058975e-09	1.727358e+01	2.502323e+02
4.970000e-06	3.147838e-06	1.050735e-09	1.697536e+01	2.482982e+02
4.980000e-06	3.092318e-06	1.043430e-09	1.667595e+01	2.463282e+02
4.990000e-06	3.036618e-06	1.036326e-09	1.637558e+01	2.443221e+02
5.000000e-06	2.980681e-06	1.028271e-09	1.607393e+01	2.422795e+02
5.010000e-06	2.924506e-06	1.018697e-09	1.577099e+01	2.402003e+02
5.020000e-06	2.868262e-06	1.008787e-09	1.546769e+01	2.380845e+02
5.030000e-06	2.811931e-06	1.000283e-09	1.516391e+01	2.359323e+02
5.040000e-06	2.755393e-06	9.926664e-10	1.485901e+01	2.337439e+02
5.050000e-06	2.698643e-06	9.851906e-10	1.455298e+01	2.315197e+02
5.060000e-06	2.641772e-06	9.780458e-10	1.424629e+01	2.292602e+02
5.070000e-06	2.584714e-06	9.698596e-10	1.393859e+01	2.269659e+02
5.080000e-06	2.527390e-06	9.604961e-10	1.362946e+01	2.246374e+02
5.090000e-06	2.470032e-06	9.504654e-10	1.332015e+01	2.222752e+02
5.100000e-06	2.412591e-06	9.400594e-10	1.301039e+01	2.198802e+02
5.110000e-06	2.354922e-06	9.294613e-10	1.269940e+01	2.174528e+02
5.120000e-06	2.297076e-06	9.185648e-10	1.238745e+01	2.149937e+02
5.130000e-06	2.239055e-06	9.085160e-10	1.207456e+01	2.125033e+02
5.140000e-06	2.180787e-06	8.995282e-10	1.176034e+01	2.099820e+02
5.150000e-06	2.122303e-06	8.893036e-10	1.144495e+01	2.074302e+02
5.160000e-06	2.063834e-06	8.777235e-10	1.112964e+01	2.048479e+02
5.170000e-06	2.005131e-06	8.657831e-10	1.081308e+01	2.022351e+02
5.180000e-06	1.946045e-06	8.538373e-10	1.049444e+01	1.995916e+02
5.190000e-06	1.886869e-06	8.427128e-10	1.017532e+01	1.969169e+02
5.200000e-06	1.827574e-06	8.315734e-10	9.855566e+00	1.942104e+02
5.210000e-06	1.768133e-06	8.192063e-10	9.535018e+00	1.914711e+02
5.220000e-06	1.708659e-06	8.062828e-10	9.214291e+00	1.886978e+02
5.230000e-06	1.649153e-06	7.951841e-10	8.893393e+00	1.858892e+02
5.240000e-06	1.589544e-06	7.845784e-10	8.571939e+00	1.830436e+02
5.250000e-06	1.529842e-06	7.719367e-10	8.249982e+00	1.801590e+02
5.260000e-06	1.470067e-06	7.597205e-10	7.927632e+00	1.772333e+02
5.270000e-06	1.410178e-06	7.484653e-10	7.604672e+00	1.742641e+02
5.280000e-06	1.350230e-06	7.356782e-10	7.281389e+00	1.712488e+02
5.290000e-06	1.290218e-06	7.211467e-10	6.957761e+00	1.681846e+02
5.300000e-06	1.230119e-06	7.058594e-10	6.633664e+00	1.650685e+02
5.310000e-06	1.169988e-06	6.914530e-10	6.309396e+00	1.618973e+02
5.320000e-06	1.109812e-06	6.784824e-10	5.984888e+00	1.586680e+02
5.330000e-06	1.049599e-06	6.661546e-10	5.660178e+00	1.553772e+02
5.340000e-06	9.893765e-07	6.542477e-10	5.335414e+00	1.520216e+02
5.350000e-06	9.290760e-07	6.413941e-10	5.010231e+00	1.485980e+02
5.360000e-06	8.687220e-07	6.266073e-10	4.684760e+00	1.451030e+02
5.370000e-06	8.083554e-07	6.110678e-10	4.359221e+00	1.415335e+02
5.380000e-06	7.480087e-07	5.952445e-10	4.033789e+00	1.378864e+02
5.390000e-06	6.875982e-07	5.793039e-10	3.708013e+00	1.341590e+02
5.400000e-06	6.271171e-07	5.628508e-10	3.381856e+00	1.303486e+02
5.410000e-06	5.667112e-07	5.464409e-10	3.056105e+00	1.264529e+02
5.420000e-06	5.062513e-07	5.310304e-10	2.730063e+00	1.224697e+02
5.430000e-06	4.455883e-07	5.158912e-10	2.402925e+00	1.183973e+02
5.440000e-06	3.848777e-07	4.992547e-10	2.075531e+00	1.142344e+02
5.450000e-06	3.241223e-07	4.806879e-10	1.747895e+00	1.099800e+02
5.460000e-06	2.633567e-07	4.615416e-10	1.420204e+00	1.056336e+02
5.470000e-06	2.026771e-07	4.419527e-10	1.092977e+00	1.011951e+02
5.480000e-06	1.420092e-07	4.218868e-10	7.658133e-01	9.666476e+01
5.490000e-06	8.139217e-08	4.017700e-10	4.389238e-01	9.204353e+01
5.500000e-06	2.070455e-08	3.815342e-10	1.116535e-01	8.733272e+01
5.510000e-06	-4.003190e-08	3.609613e-10	-2.158801e-01	8.253413e+01
5.520000e-06	-1.007422e-07	3.406550e-10	-5.432726e-01	7.765007e+01
5.530000e-06	-1.615283e-07	3.211187e-10	-8.710742e-01	7.268331e+01
5.540000e-06	-2.224208e-07	3.009768e-10	-1.199449e+00	6.763710e+01
5.550000e-06	-2.833346e-07	2.796332e-10	-1.527939e+00	6.251511e+01
5.560000e-06	-3.441232e-07	2.578578e-10	-1.855754e+00	5.732146e+01
5.570000e-06	-4.048205e-07	2.356157e-10	-2.183077e+00	5.206066e+01
5.580000e-06	-4.654885e-07	2.123979e-10	-2.510241e+00	4.673758e+01
5.590000e-06	-5.261809e-07	1.884835e-10	-2.837538e+00	4.135744e+01
5.600000e-06	-5.868696e-07	1.653032e-10	-3.164814e+00	3.592574e+01
5.610000e-06	-6.474724e-07	1.425927e-10	-3.491626e+00	3.044824e+01
5.620000e-06	-7.079624e-07	1.196565e-10	-3.817831e+00	2.493093e+01
5.630000e-06	-7.682844e-07	9.667599e-11	-4.143130e+00	1.937996e+01
5.640000e-06	-8.285451e-07	7.294715e-11	-4.468098e+00	1.380162e+01
5.650000e-06	-8.888975e-07	4.847595e-11	-4.793560e+00	8.202274e+00
5.660000e-06	-9.492405e-07	2.418077e-11	-5.118972e+00	2.588323e+00
5.670000e-06	-1.009452e-06	8.888230e-13	-5.443675e+00	-3.033833e+00
5.680000e-06	-1.069593e-06	-2.149448e-11	-5.768000e+00	-8.657842e+00
5.690000e-06	-1.129665e-06	-4.405102e-11	-6.091948e+00	-1.427745e+01
5.700000e-06	-1.189725e-06	-6.770535e-11	-6.415833e+00	-1.988652e+01
5.710000e-06	-1.249839e-06	-9.186359e-11	-6.740012e+00	-2.547911e+01
5.720000e-06	-1.309889e-06	-1.143980e-10	-7.063840e+00	-3.104946e+01
5.730000e-06	-1.369853e-06	-1.359091e-10	-7.387211e+00	-3.659204e+01
5.740000e-06	-1.429742e-06	-1.582326e-10	-7.710173e+00	-4.210161e+01
5.750000e-06	-1.489604e-06	-1.815812e-10	-8.032990e+00	-4.757320e+01
5.760000e-06	-1.549402e-06	-2.059587e-10	-8.355467e+00	-5.300216e+01
5.770000e-06	-1.609116e-06	-2.298048e-10	-8.677486e+00	-5.838415e+01
5.780000e-06	-1.668795e-06	-2.534786e-10	-8.999314e+00	-6.371520e+01
5.790000e-06	-1.728258e-06	-2.782535e-10	-9.319980e+00	-6.899166e+01
5.800000e-06	-1.787525e-06	-3.032493e-10	-9.639591e+00	-7.421025e+01
5.810000e-06	-1.846665e-06	-3.267922e-10	-9.958518e+00	-7.936804e+01
5.820000e-06	-1.905613e-06	-3.475107e-10	-1.027641e+01	-8.446246e+01
5.830000e-06	-1.964428e-06	-3.673974e-10	-1.059358e+01	-8.949129e+01
5.840000e-06	-2.023139e-06	-3.893651e-10	-1.091019e+01	-9.445265e+01
5.850000e-06	-2.081659e-06	-4.115357e-10	-1.122577e+01	-9.934497e+01
5.860000e-06	-2.140040e-06	-4.314200e-10	-1.154060e+01	-1.041670e+02
5.870000e-06	-2.198318e-06	-4.505404e-10	-1.185488e+01	-1.089178e+02
5.880000e-06	-2.256289e-06	-4.702501e-10	-1.216749e+01	-1.135968e+02
5.890000e-06	-2.314091e-06	-4.894834e-10	-1.247921e+01	-1.182034e+02
5.900000e-06	-2.371805e-06	-5.086532e-10	-1.279044e+01	-1.227375e+02
5.910000e-06	-2.429203e-06	-5.282955e-10	-1.309997e+01	-1.271992e+02
5.920000e-06	-2.486410e-06	-5.472394e-10	-1.340847e+01	-1.315887e+02
5.930000e-06	-2.543532e-06	-5.668240e-10	-1.371651e+01	-1.359063e+02
5.940000e-06	-2.600433e-06	-5.873716e-10	-1.402337e+01	-1.401526e+02
5.950000e-06	-2.657173e-06	-6.065655e-10	-1.432934e+01	-1.443282e+02
5.960000e-06	-2.713808e-06	-6.232427e-10	-1.463476e+01	-1.484339e+02
5.970000e-06	-2.770332e-06	-6.385327e-10	-1.493958e+01	-1.524704e+02
5.980000e-06	-2.826743e-06	-6.546344e-10	-1.524379e+01	-1.564387e+02
5.990000e-06	-2.883037e-06	-6.719256e-10	-1.554736e+01	-1.603397e+02
6.000000e-06	-2.939146e-06	-6.893814e-10	-1.584994e+01	-1.641742e+02
6.010000e-06	-2.995074e-06	-7.056503e-10	-1.615154e+01	-1.679433e+02
6.020000e-06	-3.050789e-06	-7.201082e-10	-1.645200e+01	-1.716477e+02
6.030000e-06	-3.106139e-06	-7.345124e-10	-1.675048e+01	-1.752885e+02
6.040000e-06	-3.161136e-06	-7.496377e-10	-1.704707e+01	-1.788665e+02
6.050000e-06	-3.215908e-06	-7.645891e-10	-1.734244e+01	-1.823825e+02
6.060000e-06	-3.270468e-06	-7.789706e-10	-1.763666e+01	-1.858374e+02
6.070000e-06	-3.324559e-06	-7.928739e-10	-1.792836e+01	-1.892318e+02
6.080000e-06	-3.378163e-06	-8.075341e-10	-1.821743e+01	-1.925666e+02
6.090000e-06	-3.431481e-06	-8.234503e-10	-1.850496e+01	-1.958422e+02
6.100000e-06	-3.484588e-06	-8.387369e-10	-1.879135e+01	-1.990595e+02
6.110000e-06	-3.537347e-06	-8.508899e-10	-1.907586e+01	-2.022189e+02
6.120000e-06	-3.589767e-06	-8.615625e-10	-1.935855e+01	-2.053210e+02
6.130000e-06	-3.641964e-06	-8.739556e-10	-1.964003e+01	-2.083663e+02
6.140000e-06	-3.693868e-06	-8.875385e-10	-1.991993e+01	-2.113553e+02
6.150000e-06	-3.745485e-06	-9.012608e-10	-2.019829e+01	-2.142885e+02
6.160000e-06	-3.796932e-06	-9.146475e-10	-2.047573e+01	-2.171663e+02
6.170000e-06	-3.848123e-06	-9.270396e-10	-2.075179e+01	-2.199893e+02
6.180000e-06	-3.898928e-06	-9.374057e-10	-2.102576e+01	-2.227579e+02
6.190000e-06	-3.949467e-06	-9.470613e-10	-2.129830e+01	-2.254725e+02
6.200000e-06	-3.999867e-06	-9.579100e-10	-2.157009e+01	-2.281338e+02
6.210000e-06	-4.049806e-06	-9.682512e-10	-2.183940e+01	-2.307421e+02
6.220000e-06	-4.099253e-06	-9.779833e-10	-2.210606e+01	-2.332982e+02
6.230000e-06	-4.148436e-06	-9.883595e-10	-2.237128e+01	-2.358025e+02
6.240000e-06	-4.197159e-06	-9.988167e-10	-2.263403e+01	-2.382557e+02
6.250000e-06	-4.245411e-06	-1.008751e-09	-2.289424e+01	-2.406586e+02
6.260000e-06	-4.293316e-06	-1.017981e-09	-2.315258e+01	-2.430117e+02
6.270000e-06	-4.340761e-06	-1.026799e-09	-2.340844e+01	-2.453160e+02
6.280000e-06	-4.388008e-06	-1.036451e-09	-2.366323e+01	-2.475722e+02
6.290000e-06	-4.435085e-06	-1.047771e-09	-2.391710e+01	-2.497812e+02
6.300000e-06	-4.481718e-06	-1.058807e-09	-2.416858e+01	-2.519440e+02
6.310000e-06	-4.528025e-06	-1.067617e-09	-2.441830e+01	-2.540613e+02
6.320000e-06	-4.574005e-06	-1.075337e-09	-2.466625e+01	-2.561343e+02
6.330000e-06	-4.619634e-06	-1.082931e-09	-2.491231e+01	-2.581640e+02
6.340000e-06	-4.664908e-06	-1.091365e-09	-2.515646e+01	-2.601513e+02
6.350000e-06	-4.709931e-06	-1.100279e-09	-2.539926e+01	-2.620975e+02
6.360000e-06	-4.754624e-06	-1.107915e-09	-2.564027e+01	-2.640034e+02
6.370000e-06	-4.799044e-06	-1.115012e-09	-2.587982e+01	-2.658703e+02
6.380000e-06	-4.843335e-06	-1.122908e-09	-2.611867e+01	-2.676992e+02
6.390000e-06	-4.887411e-06	-1.130483e-09	-2.635636e+01	-2.694913e+02
6.400000e-06	-4.931279e-06	-1.136032e-09	-2.659292e+01	-2.712475e+02
6.410000e-06	-4.974874e-06	-1.141289e-09	-2.682802e+01	-2.729690e+02
6.420000e-06	-5.018018e-06	-1.148824e-09	-2.706068e+01	-2.746567e+02
6.430000e-06	-5.060763e-06	-1.157599e-09	-2.729119e+01	-2.763118e+02
6.440000e-06	-5.103176e-06	-1.165221e-09	-2.751991e+01	-2.779351e+02
6.450000e-06	-5.145310e-06	-1.171407e-09	-2.774713e+01	-2.795276e+02
6.460000e-06	-5.187103e-06	-1.177266e-09	-2.797251e+01	-2.810903e+02
6.470000e-06	-5.228420e-06	-1.184034e-09	-2.819532e+01	-2.826239e+02
6.480000e-06	-5.269280e-06	-1.191201e-09	-2.841566e+01	-2.841293e+02
6.490000e-06	-5.309786e-06	-1.197525e-09	-2.863410e+01	-2.856073e+02
6.500000e-06	-5.350129e-06	-1.203029e-09	-2.885166e+01	-2.870585e+02
6.510000e-06	-5.390261e-06	-1.208164e-09	-2.906808e+01	-2.884837e+02
6.520000e-06	-5.430181e-06	-1.213695e-09	-2.928335e+01	-2.898834e+02
6.530000e-06	-5.469707e-06	-1.218355e-09	-2.949651e+01	-2.912582e+02
6.540000e-06	-5.508693e-06	-1.221786e-09	-2.970675e+01	-2.926086e+02
6.550000e-06	-5.547244e-06	-1.225922e-09	-2.991464e+01	-2.939351e+02
6.560000e-06	-5.585180e-06	-1.231545e-09	-3.011922e+01	-2.952382e+02
6.570000e-06	-5.622473e-06	-1.237600e-09	-3.032033e+01	-2.965182e+02
6.580000e-06	-5.659209e-06	-1.242665e-09	-3.051843e+01	-2.977756e+02
6.590000e-06	-5.695520e-06	-1.246840e-09	-3.071425e+01	-2.990105e+02
6.600000e-06	-5.731572e-06	-1.250433e-09	-3.090867e+01	-3.002234e+02
6.610000e-06	-5.767356e-06	-1.253975e-09	-3.110164e+01	-3.014146e+02
6.620000e-06	-5.802771e-06	-1.258147e-09	-3.129262e+01	-3.025842e+02
6.630000e-06	-5.837718e-06	-1.262952e-09	-3.148108e+01	-3.037326e+02
6.640000e-06	-5.872295e-06	-1.266468e-09	-3.166754e+01	-3.048599e+02
6.650000e-06	-5.906509e-06	-1.269736e-09	-3.185205e+01	-3.059664e+02
6.660000e-06	-5.940177e-06	-1.273909e-09	-3.203361e+01	-3.070523e+02
6.670000e-06	-5.973257e-06	-1.276853e-09	-3.221200e+01	-3.081178e+02
6.680000e-06	-6.006048e-06	-1.279342e-09	-3.238883e+01	-3.091632e+02
6.690000e-06	-6.038597e-06	-1.282446e-09	-3.256436e+01	-3.101886e+02
6.700000e-06	-6.070875e-06	-1.286124e-09	-3.273842e+01	-3.111942e+02
6.710000e-06	-6.102851e-06	-1.290037e-09	-3.291086e+01	-3.121803e+02
6.720000e-06	-6.134303e-06	-1.293159e-09	-3.308048e+01	-3.131471e+02
6.730000e-06	-6.165177e-06	-1.294999e-09	-3.324697e+01	-3.140949e+02
6.740000e-06	-6.195394e-06	-1.295982e-09	-3.340992e+01	-3.150238e+02
6.750000e-06	-6.224829e-06	-1.298543e-09	-3.356865e+01	-3.159343e+02
6.760000e-06	-6.253691e-06	-1.303221e-09	-3.372430e+01	-3.168264e+02
6.770000e-06	-6.282232e-06	-1.306300e-09	-3.387821e+01	-3.177005e+02
6.780000e-06	-6.310436e-06	-1.307257e-09	-3.403031e+01	-3.185569e+02
6.790000e-06	-6.338324e-06	-1.308167e-09	-3.418070e+01	-3.193959e+02
6.800000e-06	-6.365928e-06	-1.309154e-09	-3.432956e+01	-3.202178e+02
6.810000e-06	-6.393118e-06	-1.311432e-09	-3.447619e+01	-3.210228e+02
6.820000e-06	-6.419685e-06	-1.314275e-09	-3.461946e+01	-3.218113e+02
6.830000e-06	-6.445699e-06	-1.316487e-09	-3.475974e+01	-3.225836e+02
6.840000e-06	-6.471314e-06	-1.319547e-09	-3.489787e+01	-3.233400e+02
6.850000e-06	-6.496562e-06	-1.321931e-09	-3.503403e+01	-3.240808e+02
6.860000e-06	-6.521303e-06	-1.322499e-09	-3.516745e+01	-3.248063e+02
6.870000e-06	-6.545694e-06	-1.322765e-09	-3.529899e+01	-3.255169e+02
6.880000e-06	-6.569893e-06	-1.323906e-09	-3.542948e+01	-3.262128e+02
6.890000e-06	-6.593639e-06	-1.327294e-09	-3.555754e+01	-3.268943e+02
6.900000e-06	-6.616801e-06	-1.331168e-09	-3.568244e+01	-3.275617e+02
6.910000e-06	-6.639218e-06	-1.332687e-09	-3.580333e+01	-3.282154e+02
6.920000e-06	-6.660811e-06	-1.333563e-09	-3.591977e+01	-3.288554e+02
6.930000e-06	-6.681735e-06	-1.335201e-09	-3.603261e+01	-3.294822e+02
6.940000e-06	-6.702241e-06	-1.336679e-09	-3.614320e+01	-3.300959e+02
6.950000e-06	-6.722457e-06	-1.338379e-09	-3.625221e+01	-3.306967e+02
6.960000e-06	-6.742235e-06	-1.341077e-09	-3.635887e+01	-3.312848e+02
6.970000e-06	-6.761521e-06	-1.343148e-09	-3.646288e+01	-3.318604e+02
6.980000e-06	-6.780327e-06	-1.344345e-09	-3.656429e+01	-3.324236e+02
6.990000e-06	-6.798780e-06	-1.346133e-09	-3.666380e+01	-3.329746e+02
7.000000e-06	-6.816804e-06	-1.347194e-09	-3.676100e+01	-3.335134e+02
7.010000e-06	-6.834223e-06	-1.347834e-09	-3.685493e+01	-3.340400e+02
7.020000e-06	-6.851110e-06	-1.349509e-09	-3.694600e+01	-3.345545e+02
7.030000e-06	-6.867609e-06	-1.351793e-09	-3.703498e+01	-3.350569e+02
7.040000e-06	-6.883887e-06	-1.353368e-09	-3.712276e+01	-3.355471e+02
7.050000e-06	-6.899900e-06	-1.353952e-09	-3.720911e+01	-3.360251e+02
7.060000e-06	-6.915447e-06	-1.354717e-09	-3.729295e+01	-3.364907e+02
7.070000e-06	-6.930377e-06	-1.355674e-09	-3.737347e+01	-3.369438e+02
7.080000e-06	-6.944412e-06	-1.356694e-09	-3.744915e+01	-3.373842e+02
7.090000e-06	-6.957560e-06	-1.358430e-09	-3.752006e+01	-3.378117e+02
7.100000e-06	-6.970286e-06	-1.360910e-09	-3.758868e+01	-3.382260e+02
7.110000e-06	-6.982525e-06	-1.363258e-09	-3.765468e+01	-3.386269e+02
7.120000e-06	-6.994158e-06	-1.364487e-09	-3.771742e+01	-3.390140e+02
7.130000e-06	-7.005290e-06	-1.365061e-09	-3.777745e+01	-3.393871e+02
7.140000e-06	-7.015788e-06	-1.365302e-09	-3.783406e+01	-3.397458e+02
7.150000e-06	-7.025802e-06	-1.364725e-09	-3.788806e+01	-3.400897e+02
7.160000e-06	-7.035463e-06	-1.364978e-09	-3.794016e+01	-3.404184e+02
7.170000e-06	-7.044637e-06	-1.366593e-09	-3.798964e+01	-3.407316e+02
7.180000e-06	-7.053248e-06	-1.367752e-09	-3.803607e+01	-3.410290e+02
7.190000e-06	-7.061544e-06	-1.367797e-09	-3.808081e+01	-3.413101e+02
7.200000e-06	-7.069643e-06	-1.367930e-09	-3.812449e+01	-3.415745e+02
7.210000e-06	-7.077249e-06	-1.368228e-09	-3.816550e+01	-3.418221e+02
7.220000e-06	-7.084194e-06	-1.367607e-09	-3.820296e+01	-3.420524e+02
7.230000e-06	-7.090468e-06	-1.367034e-09	-3.823679e+01	-3.422652e+02
7.240000e-06	-7.095953e-06	-1.366844e-09	-3.826637e+01	-3.424603e+02
7.250000e-06	-7.100732e-06	-1.366874e-09	-3.829214e+01	-3.426375e+02
7.260000e-06	-7.105088e-06	-1.367852e-09	-3.831563e+01	-3.427968e+02
7.270000e-06	-7.109054e-06	-1.367988e-09	-3.833702e+01	-3.429379e+02
7.280000e-06	-7.112726e-06	-1.367356e-09	-3.835682e+01	-3.430611e+02
7.290000e-06	-7.115964e-06	-1.366596e-09	-3.837428e+01	-3.431663e+02
7.300000e-06	-7.118534e-06	-1.365479e-09	-3.838814e+01	-3.432537e+02
7.310000e-06	-7.120568e-06	-1.365676e-09	-3.839911e+01	-3.433236e+02
7.320000e-06	-7.122045e-06	-1.366263e-09	-3.840708e+01	-3.433763e+02
7.330000e-06	-7.123108e-06	-1.366525e-09	-3.841281e+01	-3.434123e+02
7.340000e-06	-7.123867e-06	-1.365542e-09	-3.841690e+01	-3.434319e+02
