# Temperatura_=_8.7
# Concentracion g/m^3_=_7400.0
# C_Vs_to_Am_M_A/Vsm_=_254322799225.57578
# pendiente_HvsI_1/m_=_3716.3
# ordenada_HvsI_A/m_=_1297.0
# frecuencia_Hz_=_136113.50786856483

Tiempo_(s)	Campo_(V.s)	Magnetizacion_(V.s)	Campo_(kA/m)	Magnetizacion_(A/m)
0.000000e+00	-7.116972e-06	-1.368809e-09	-3.841650e+01	-3.466739e+02
1.000000e-08	-7.117376e-06	-1.367973e-09	-3.841868e+01	-3.467303e+02
2.000000e-08	-7.117571e-06	-1.367911e-09	-3.841972e+01	-3.467677e+02
3.000000e-08	-7.117304e-06	-1.367839e-09	-3.841829e+01	-3.467859e+02
4.000000e-08	-7.116365e-06	-1.367447e-09	-3.841322e+01	-3.467852e+02
5.000000e-08	-7.114562e-06	-1.366903e-09	-3.840348e+01	-3.467657e+02
6.000000e-08	-7.111991e-06	-1.366012e-09	-3.838961e+01	-3.467277e+02
7.000000e-08	-7.108843e-06	-1.365176e-09	-3.837262e+01	-3.466718e+02
8.000000e-08	-7.105221e-06	-1.366234e-09	-3.835306e+01	-3.465987e+02
9.000000e-08	-7.100970e-06	-1.365520e-09	-3.833012e+01	-3.465090e+02
1.000000e-07	-7.095915e-06	-1.354453e-09	-3.830283e+01	-3.464037e+02
1.100000e-07	-7.090245e-06	-1.335394e-09	-3.827222e+01	-3.462838e+02
1.200000e-07	-7.084311e-06	-1.344816e-09	-3.824019e+01	-3.461503e+02
1.300000e-07	-7.078162e-06	-1.384411e-09	-3.820700e+01	-3.460044e+02
1.400000e-07	-7.071601e-06	-1.390797e-09	-3.817158e+01	-3.458472e+02
1.500000e-07	-7.064515e-06	-1.337426e-09	-3.813334e+01	-3.456799e+02
1.600000e-07	-7.056964e-06	-1.319493e-09	-3.809258e+01	-3.455036e+02
1.700000e-07	-7.049187e-06	-1.377011e-09	-3.805060e+01	-3.453195e+02
1.800000e-07	-7.041040e-06	-1.386795e-09	-3.800662e+01	-3.451286e+02
1.900000e-07	-7.032064e-06	-1.314173e-09	-3.795817e+01	-3.449321e+02
2.000000e-07	-7.022295e-06	-1.300145e-09	-3.790544e+01	-3.447307e+02
2.100000e-07	-7.012083e-06	-1.387152e-09	-3.785032e+01	-3.445253e+02
2.200000e-07	-7.001310e-06	-1.403316e-09	-3.779216e+01	-3.443166e+02
2.300000e-07	-6.989915e-06	-1.311496e-09	-3.773066e+01	-3.441052e+02
2.400000e-07	-6.977975e-06	-1.291322e-09	-3.766620e+01	-3.438913e+02
2.500000e-07	-6.965460e-06	-1.367716e-09	-3.759865e+01	-3.436752e+02
2.600000e-07	-6.952212e-06	-1.372063e-09	-3.752714e+01	-3.434571e+02
2.700000e-07	-6.938305e-06	-1.308225e-09	-3.745207e+01	-3.432367e+02
2.800000e-07	-6.923818e-06	-1.321282e-09	-3.737387e+01	-3.430139e+02
2.900000e-07	-6.908716e-06	-1.366372e-09	-3.729235e+01	-3.427883e+02
3.000000e-07	-6.892890e-06	-1.334491e-09	-3.720693e+01	-3.425593e+02
3.100000e-07	-6.876313e-06	-1.302520e-09	-3.711745e+01	-3.423263e+02
3.200000e-07	-6.859160e-06	-1.337390e-09	-3.702486e+01	-3.420885e+02
3.300000e-07	-6.841751e-06	-1.338562e-09	-3.693089e+01	-3.418449e+02
3.400000e-07	-6.824154e-06	-1.298791e-09	-3.683590e+01	-3.415947e+02
3.500000e-07	-6.806087e-06	-1.326527e-09	-3.673838e+01	-3.413369e+02
3.600000e-07	-6.787603e-06	-1.358692e-09	-3.663860e+01	-3.410702e+02
3.700000e-07	-6.768715e-06	-1.304305e-09	-3.653665e+01	-3.407938e+02
3.800000e-07	-6.749330e-06	-1.276068e-09	-3.643201e+01	-3.405066e+02
3.900000e-07	-6.729464e-06	-1.333836e-09	-3.632478e+01	-3.402074e+02
4.000000e-07	-6.709272e-06	-1.338549e-09	-3.621578e+01	-3.398953e+02
4.100000e-07	-6.688589e-06	-1.284372e-09	-3.610414e+01	-3.395695e+02
4.200000e-07	-6.667332e-06	-1.302552e-09	-3.598940e+01	-3.392290e+02
4.300000e-07	-6.645625e-06	-1.338429e-09	-3.587223e+01	-3.388731e+02
4.400000e-07	-6.623509e-06	-1.300425e-09	-3.575284e+01	-3.385012e+02
4.500000e-07	-6.600949e-06	-1.280221e-09	-3.563107e+01	-3.381128e+02
4.600000e-07	-6.577995e-06	-1.310837e-09	-3.550717e+01	-3.377076e+02
4.700000e-07	-6.554704e-06	-1.299349e-09	-3.538144e+01	-3.372853e+02
4.800000e-07	-6.530978e-06	-1.278602e-09	-3.525338e+01	-3.368457e+02
4.900000e-07	-6.506682e-06	-1.306629e-09	-3.512223e+01	-3.363891e+02
5.000000e-07	-6.481906e-06	-1.306683e-09	-3.498849e+01	-3.359154e+02
5.100000e-07	-6.456509e-06	-1.269401e-09	-3.485140e+01	-3.354249e+02
5.200000e-07	-6.430340e-06	-1.279531e-09	-3.471014e+01	-3.349182e+02
5.300000e-07	-6.403529e-06	-1.298299e-09	-3.456542e+01	-3.343957e+02
5.400000e-07	-6.376237e-06	-1.273901e-09	-3.441810e+01	-3.338579e+02
5.500000e-07	-6.348566e-06	-1.268340e-09	-3.426874e+01	-3.333055e+02
5.600000e-07	-6.320541e-06	-1.287414e-09	-3.411746e+01	-3.327392e+02
5.700000e-07	-6.292163e-06	-1.275162e-09	-3.396428e+01	-3.321597e+02
5.800000e-07	-6.263342e-06	-1.262543e-09	-3.380871e+01	-3.315678e+02
5.900000e-07	-6.234113e-06	-1.273253e-09	-3.365094e+01	-3.309643e+02
6.000000e-07	-6.204366e-06	-1.266061e-09	-3.349037e+01	-3.303497e+02
6.100000e-07	-6.174179e-06	-1.253522e-09	-3.332742e+01	-3.297249e+02
6.200000e-07	-6.143687e-06	-1.262340e-09	-3.316283e+01	-3.290904e+02
6.300000e-07	-6.112859e-06	-1.261407e-09	-3.299642e+01	-3.284468e+02
6.400000e-07	-6.081685e-06	-1.247996e-09	-3.282815e+01	-3.277944e+02
6.500000e-07	-6.050256e-06	-1.248934e-09	-3.265850e+01	-3.271338e+02
6.600000e-07	-6.018494e-06	-1.249477e-09	-3.248705e+01	-3.264650e+02
6.700000e-07	-5.986213e-06	-1.241574e-09	-3.231281e+01	-3.257883e+02
6.800000e-07	-5.953286e-06	-1.241523e-09	-3.213507e+01	-3.251036e+02
6.900000e-07	-5.919705e-06	-1.240619e-09	-3.195380e+01	-3.244108e+02
7.000000e-07	-5.885550e-06	-1.231197e-09	-3.176944e+01	-3.237097e+02
7.100000e-07	-5.850756e-06	-1.227468e-09	-3.158163e+01	-3.230000e+02
7.200000e-07	-5.815445e-06	-1.226092e-09	-3.139102e+01	-3.222811e+02
7.300000e-07	-5.779868e-06	-1.221105e-09	-3.119898e+01	-3.215526e+02
7.400000e-07	-5.744037e-06	-1.218885e-09	-3.100557e+01	-3.208137e+02
7.500000e-07	-5.707901e-06	-1.217422e-09	-3.081051e+01	-3.200637e+02
7.600000e-07	-5.671395e-06	-1.212978e-09	-3.061346e+01	-3.193019e+02
7.700000e-07	-5.634483e-06	-1.211226e-09	-3.041421e+01	-3.185274e+02
7.800000e-07	-5.597090e-06	-1.208998e-09	-3.021237e+01	-3.177392e+02
7.900000e-07	-5.559200e-06	-1.201683e-09	-3.000784e+01	-3.169364e+02
8.000000e-07	-5.520892e-06	-1.194750e-09	-2.980106e+01	-3.161183e+02
8.100000e-07	-5.482170e-06	-1.190824e-09	-2.959204e+01	-3.152837e+02
8.200000e-07	-5.443136e-06	-1.187111e-09	-2.938135e+01	-3.144320e+02
8.300000e-07	-5.403917e-06	-1.184090e-09	-2.916964e+01	-3.135622e+02
8.400000e-07	-5.364442e-06	-1.180750e-09	-2.895656e+01	-3.126735e+02
8.500000e-07	-5.324627e-06	-1.176012e-09	-2.874165e+01	-3.117653e+02
8.600000e-07	-5.284434e-06	-1.171855e-09	-2.852469e+01	-3.108369e+02
8.700000e-07	-5.243772e-06	-1.167676e-09	-2.830520e+01	-3.098878e+02
8.800000e-07	-5.202712e-06	-1.162495e-09	-2.808357e+01	-3.089176e+02
8.900000e-07	-5.161198e-06	-1.156541e-09	-2.785948e+01	-3.079258e+02
9.000000e-07	-5.119022e-06	-1.150028e-09	-2.763182e+01	-3.069122e+02
9.100000e-07	-5.076230e-06	-1.144356e-09	-2.740083e+01	-3.058766e+02
9.200000e-07	-5.032970e-06	-1.140428e-09	-2.716732e+01	-3.048191e+02
9.300000e-07	-4.989443e-06	-1.135578e-09	-2.693237e+01	-3.037395e+02
9.400000e-07	-4.945693e-06	-1.129365e-09	-2.669621e+01	-3.026381e+02
9.500000e-07	-4.901498e-06	-1.123643e-09	-2.645765e+01	-3.015149e+02
9.600000e-07	-4.857025e-06	-1.119639e-09	-2.621759e+01	-3.003704e+02
9.700000e-07	-4.812323e-06	-1.116126e-09	-2.597630e+01	-2.992046e+02
9.800000e-07	-4.767286e-06	-1.111126e-09	-2.573319e+01	-2.980181e+02
9.900000e-07	-4.721906e-06	-1.104941e-09	-2.548824e+01	-2.968111e+02
1.000000e-06	-4.676178e-06	-1.099683e-09	-2.524140e+01	-2.955841e+02
1.010000e-06	-4.630157e-06	-1.095491e-09	-2.499299e+01	-2.943374e+02
1.020000e-06	-4.583783e-06	-1.091993e-09	-2.474267e+01	-2.930714e+02
1.030000e-06	-4.537041e-06	-1.087350e-09	-2.449036e+01	-2.917864e+02
1.040000e-06	-4.490050e-06	-1.081322e-09	-2.423671e+01	-2.904827e+02
1.050000e-06	-4.442828e-06	-1.076443e-09	-2.398181e+01	-2.891605e+02
1.060000e-06	-4.395276e-06	-1.072919e-09	-2.372513e+01	-2.878201e+02
1.070000e-06	-4.347503e-06	-1.068944e-09	-2.346726e+01	-2.864614e+02
1.080000e-06	-4.299388e-06	-1.063426e-09	-2.320754e+01	-2.850845e+02
1.090000e-06	-4.250912e-06	-1.056712e-09	-2.294587e+01	-2.836892e+02
1.100000e-06	-4.202174e-06	-1.050397e-09	-2.268279e+01	-2.822754e+02
1.110000e-06	-4.152962e-06	-1.044918e-09	-2.241715e+01	-2.808428e+02
1.120000e-06	-4.103272e-06	-1.039123e-09	-2.214893e+01	-2.793910e+02
1.130000e-06	-4.053205e-06	-1.032588e-09	-2.187868e+01	-2.779195e+02
1.140000e-06	-4.002752e-06	-1.025840e-09	-2.160634e+01	-2.764276e+02
1.150000e-06	-3.952004e-06	-1.020574e-09	-2.133241e+01	-2.749148e+02
1.160000e-06	-3.900793e-06	-1.016461e-09	-2.105597e+01	-2.733801e+02
1.170000e-06	-3.849204e-06	-1.011341e-09	-2.077750e+01	-2.718228e+02
1.180000e-06	-3.797400e-06	-1.004879e-09	-2.049787e+01	-2.702420e+02
1.190000e-06	-3.745232e-06	-9.978699e-10	-2.021628e+01	-2.686367e+02
1.200000e-06	-3.692704e-06	-9.910504e-10	-1.993274e+01	-2.670059e+02
1.210000e-06	-3.639929e-06	-9.846407e-10	-1.964786e+01	-2.653486e+02
1.220000e-06	-3.586955e-06	-9.775368e-10	-1.936192e+01	-2.636637e+02
1.230000e-06	-3.533713e-06	-9.698941e-10	-1.907453e+01	-2.619502e+02
1.240000e-06	-3.480192e-06	-9.621038e-10	-1.878563e+01	-2.602072e+02
1.250000e-06	-3.426461e-06	-9.555024e-10	-1.849559e+01	-2.584336e+02
1.260000e-06	-3.372645e-06	-9.496960e-10	-1.820510e+01	-2.566285e+02
1.270000e-06	-3.318648e-06	-9.419774e-10	-1.791363e+01	-2.547910e+02
1.280000e-06	-3.264375e-06	-9.330131e-10	-1.762067e+01	-2.529204e+02
1.290000e-06	-3.209796e-06	-9.251088e-10	-1.732607e+01	-2.510160e+02
1.300000e-06	-3.154982e-06	-9.184749e-10	-1.703018e+01	-2.490772e+02
1.310000e-06	-3.099952e-06	-9.115425e-10	-1.673314e+01	-2.471034e+02
1.320000e-06	-3.044679e-06	-9.035257e-10	-1.643479e+01	-2.450943e+02
1.330000e-06	-2.989260e-06	-8.947482e-10	-1.613564e+01	-2.430496e+02
1.340000e-06	-2.933736e-06	-8.862773e-10	-1.583593e+01	-2.409691e+02
1.350000e-06	-2.878022e-06	-8.791302e-10	-1.553519e+01	-2.388527e+02
1.360000e-06	-2.822100e-06	-8.718368e-10	-1.523333e+01	-2.367005e+02
1.370000e-06	-2.766072e-06	-8.633056e-10	-1.493090e+01	-2.345126e+02
1.380000e-06	-2.709917e-06	-8.550005e-10	-1.462778e+01	-2.322892e+02
1.390000e-06	-2.653543e-06	-8.466444e-10	-1.432348e+01	-2.300305e+02
1.400000e-06	-2.596886e-06	-8.377926e-10	-1.401766e+01	-2.277370e+02
1.410000e-06	-2.540034e-06	-8.283844e-10	-1.371078e+01	-2.254089e+02
1.420000e-06	-2.483018e-06	-8.190360e-10	-1.340301e+01	-2.230467e+02
1.430000e-06	-2.425756e-06	-8.102890e-10	-1.309391e+01	-2.206509e+02
1.440000e-06	-2.368235e-06	-8.018345e-10	-1.278343e+01	-2.182216e+02
1.450000e-06	-2.310439e-06	-7.927097e-10	-1.247145e+01	-2.157594e+02
1.460000e-06	-2.252366e-06	-7.825500e-10	-1.215798e+01	-2.132645e+02
1.470000e-06	-2.193952e-06	-7.721417e-10	-1.184267e+01	-2.107370e+02
1.480000e-06	-2.135233e-06	-7.614956e-10	-1.152571e+01	-2.081770e+02
1.490000e-06	-2.076370e-06	-7.510136e-10	-1.120798e+01	-2.055845e+02
1.500000e-06	-2.017268e-06	-7.415495e-10	-1.088895e+01	-2.029592e+02
1.510000e-06	-1.958059e-06	-7.317421e-10	-1.056935e+01	-2.003007e+02
1.520000e-06	-1.898846e-06	-7.200467e-10	-1.024972e+01	-1.976084e+02
1.530000e-06	-1.839446e-06	-7.089930e-10	-9.929093e+00	-1.948816e+02
1.540000e-06	-1.779930e-06	-6.990181e-10	-9.607831e+00	-1.921192e+02
1.550000e-06	-1.720338e-06	-6.881215e-10	-9.286162e+00	-1.893199e+02
1.560000e-06	-1.660651e-06	-6.765283e-10	-8.963978e+00	-1.864823e+02
1.570000e-06	-1.600944e-06	-6.653355e-10	-8.641690e+00	-1.836045e+02
1.580000e-06	-1.541194e-06	-6.544363e-10	-8.319165e+00	-1.806848e+02
1.590000e-06	-1.481351e-06	-6.428268e-10	-7.996140e+00	-1.777207e+02
1.600000e-06	-1.421378e-06	-6.302035e-10	-7.672412e+00	-1.747100e+02
1.610000e-06	-1.361269e-06	-6.172010e-10	-7.347952e+00	-1.716499e+02
1.620000e-06	-1.301074e-06	-6.052612e-10	-7.023026e+00	-1.685377e+02
1.630000e-06	-1.240884e-06	-5.942031e-10	-6.698129e+00	-1.653704e+02
1.640000e-06	-1.180669e-06	-5.833207e-10	-6.373100e+00	-1.621448e+02
1.650000e-06	-1.120336e-06	-5.718621e-10	-6.047428e+00	-1.588577e+02
1.660000e-06	-1.059934e-06	-5.594912e-10	-5.721384e+00	-1.555058e+02
1.670000e-06	-9.994119e-07	-5.471071e-10	-5.394696e+00	-1.520859e+02
1.680000e-06	-9.388009e-07	-5.341469e-10	-5.067526e+00	-1.485945e+02
1.690000e-06	-8.782460e-07	-5.195496e-10	-4.740658e+00	-1.450284e+02
1.700000e-06	-8.176623e-07	-5.050343e-10	-4.413635e+00	-1.413845e+02
1.710000e-06	-7.570359e-07	-4.930066e-10	-4.086382e+00	-1.376597e+02
1.720000e-06	-6.964026e-07	-4.816526e-10	-3.759091e+00	-1.338512e+02
1.730000e-06	-6.356235e-07	-4.700583e-10	-3.431013e+00	-1.299565e+02
1.740000e-06	-5.747705e-07	-4.574866e-10	-3.102537e+00	-1.259732e+02
1.750000e-06	-5.139165e-07	-4.422948e-10	-2.774055e+00	-1.218994e+02
1.760000e-06	-4.530153e-07	-4.254811e-10	-2.445318e+00	-1.177335e+02
1.770000e-06	-3.920688e-07	-4.086927e-10	-2.116336e+00	-1.134742e+02
1.780000e-06	-3.311030e-07	-3.923075e-10	-1.787251e+00	-1.091210e+02
1.790000e-06	-2.701886e-07	-3.757670e-10	-1.458443e+00	-1.046736e+02
1.800000e-06	-2.092900e-07	-3.598918e-10	-1.129720e+00	-1.001322e+02
1.810000e-06	-1.483725e-07	-3.443717e-10	-8.008956e-01	-9.549765e+01
1.820000e-06	-8.750317e-08	-3.283111e-10	-4.723308e-01	-9.077128e+01
1.830000e-06	-2.660515e-08	-3.107602e-10	-1.436112e-01	-8.595502e+01
1.840000e-06	3.441975e-08	-2.908064e-10	1.857934e-01	-8.105132e+01
1.850000e-06	9.545911e-08	-2.705875e-10	5.152759e-01	-7.606322e+01
1.860000e-06	1.565000e-07	-2.520399e-10	8.447666e-01	-7.099427e+01
1.870000e-06	2.175813e-07	-2.345931e-10	1.174476e+00	-6.584859e+01
1.880000e-06	2.785784e-07	-2.163656e-10	1.503730e+00	-6.063076e+01
1.890000e-06	3.394676e-07	-1.971563e-10	1.832402e+00	-5.534588e+01
1.900000e-06	4.003678e-07	-1.778862e-10	2.161134e+00	-4.999945e+01
1.910000e-06	4.613250e-07	-1.576492e-10	2.490173e+00	-4.459738e+01
1.920000e-06	5.222766e-07	-1.374373e-10	2.819182e+00	-3.914593e+01
1.930000e-06	5.832148e-07	-1.190049e-10	3.148118e+00	-3.365167e+01
1.940000e-06	6.441000e-07	-1.003606e-10	3.476769e+00	-2.812137e+01
1.950000e-06	7.049115e-07	-7.925208e-11	3.805021e+00	-2.256203e+01
1.960000e-06	7.656109e-07	-5.690550e-11	4.132668e+00	-1.698074e+01
1.970000e-06	8.261903e-07	-3.566455e-11	4.459668e+00	-1.138466e+01
1.980000e-06	8.867653e-07	-1.597526e-11	4.786644e+00	-5.780947e+00
1.990000e-06	9.472812e-07	2.998068e-12	5.113301e+00	-1.766791e-01
2.000000e-06	1.007673e-06	2.249785e-11	5.439288e+00	5.421182e+00
2.010000e-06	1.067999e-06	4.291581e-11	5.764921e+00	1.100586e+01
2.020000e-06	1.128318e-06	6.352436e-11	6.090517e+00	1.657084e+01
2.030000e-06	1.188597e-06	8.441886e-11	6.415891e+00	2.210988e+01
2.040000e-06	1.248776e-06	1.048516e-10	6.740734e+00	2.761709e+01
2.050000e-06	1.308840e-06	1.245044e-10	7.064950e+00	3.308697e+01
2.060000e-06	1.368777e-06	1.449590e-10	7.388479e+00	3.851444e+01
2.070000e-06	1.428656e-06	1.655525e-10	7.711702e+00	4.389486e+01
2.080000e-06	1.488428e-06	1.843294e-10	8.034341e+00	4.922407e+01
2.090000e-06	1.548124e-06	2.019271e-10	8.356572e+00	5.449842e+01
2.100000e-06	1.607852e-06	2.202487e-10	8.678977e+00	5.971474e+01
2.110000e-06	1.667510e-06	2.387285e-10	9.001003e+00	6.487036e+01
2.120000e-06	1.727070e-06	2.563473e-10	9.322498e+00	6.996311e+01
2.130000e-06	1.786594e-06	2.739952e-10	9.643801e+00	7.499133e+01
2.140000e-06	1.846088e-06	2.922322e-10	9.964944e+00	7.995379e+01
2.150000e-06	1.905504e-06	3.096672e-10	1.028566e+01	8.484974e+01
2.160000e-06	1.964865e-06	3.268434e-10	1.060609e+01	8.967881e+01
2.170000e-06	2.024103e-06	3.445070e-10	1.092585e+01	9.444102e+01
2.180000e-06	2.083097e-06	3.610339e-10	1.124429e+01	9.913676e+01
2.190000e-06	2.141804e-06	3.771673e-10	1.156118e+01	1.037667e+02
2.200000e-06	2.200336e-06	3.938389e-10	1.187713e+01	1.083317e+02
2.210000e-06	2.258799e-06	4.106050e-10	1.219271e+01	1.128329e+02
2.220000e-06	2.316887e-06	4.273295e-10	1.250625e+01	1.172717e+02
2.230000e-06	2.374524e-06	4.430119e-10	1.281737e+01	1.216494e+02
2.240000e-06	2.431906e-06	4.578453e-10	1.312711e+01	1.259675e+02
2.250000e-06	2.489064e-06	4.737164e-10	1.343565e+01	1.302275e+02
2.260000e-06	2.546013e-06	4.897367e-10	1.374305e+01	1.344309e+02
2.270000e-06	2.602678e-06	5.038732e-10	1.404892e+01	1.385791e+02
2.280000e-06	2.659013e-06	5.177607e-10	1.435301e+01	1.426735e+02
2.290000e-06	2.715054e-06	5.326738e-10	1.465551e+01	1.467153e+02
2.300000e-06	2.770883e-06	5.468236e-10	1.495687e+01	1.507056e+02
2.310000e-06	2.826577e-06	5.607600e-10	1.525750e+01	1.546452e+02
2.320000e-06	2.882195e-06	5.760931e-10	1.555771e+01	1.585350e+02
2.330000e-06	2.937717e-06	5.916837e-10	1.585742e+01	1.623755e+02
2.340000e-06	2.993032e-06	6.063756e-10	1.615600e+01	1.661671e+02
2.350000e-06	3.048163e-06	6.209086e-10	1.645359e+01	1.699099e+02
2.360000e-06	3.103152e-06	6.346518e-10	1.675041e+01	1.736039e+02
2.370000e-06	3.158116e-06	6.462609e-10	1.704710e+01	1.772490e+02
2.380000e-06	3.212914e-06	6.570166e-10	1.734290e+01	1.808447e+02
2.390000e-06	3.267350e-06	6.694030e-10	1.763673e+01	1.843906e+02
2.400000e-06	3.321524e-06	6.835727e-10	1.792916e+01	1.878861e+02
2.410000e-06	3.375557e-06	6.970598e-10	1.822082e+01	1.913305e+02
2.420000e-06	3.429431e-06	7.099596e-10	1.851163e+01	1.947230e+02
2.430000e-06	3.483010e-06	7.228402e-10	1.880084e+01	1.980629e+02
2.440000e-06	3.536312e-06	7.353634e-10	1.908856e+01	2.013493e+02
2.450000e-06	3.589384e-06	7.484325e-10	1.937503e+01	2.045814e+02
2.460000e-06	3.642303e-06	7.610439e-10	1.966068e+01	2.077585e+02
2.470000e-06	3.694928e-06	7.726380e-10	1.994474e+01	2.108799e+02
2.480000e-06	3.747121e-06	7.833624e-10	2.022647e+01	2.139450e+02
2.490000e-06	3.798977e-06	7.939881e-10	2.050639e+01	2.169533e+02
2.500000e-06	3.850491e-06	8.040287e-10	2.078445e+01	2.199045e+02
2.510000e-06	3.901698e-06	8.136644e-10	2.106086e+01	2.227985e+02
2.520000e-06	3.952601e-06	8.233838e-10	2.133563e+01	2.256351e+02
2.530000e-06	4.003149e-06	8.326256e-10	2.160848e+01	2.284145e+02
2.540000e-06	4.053417e-06	8.430531e-10	2.187982e+01	2.311370e+02
2.550000e-06	4.103291e-06	8.541511e-10	2.214903e+01	2.338030e+02
2.560000e-06	4.152477e-06	8.637916e-10	2.241453e+01	2.364133e+02
2.570000e-06	4.201095e-06	8.718288e-10	2.267697e+01	2.389685e+02
2.580000e-06	4.249474e-06	8.801976e-10	2.293811e+01	2.414696e+02
2.590000e-06	4.297592e-06	8.894045e-10	2.319785e+01	2.439176e+02
2.600000e-06	4.345386e-06	8.987372e-10	2.345583e+01	2.463138e+02
2.610000e-06	4.392918e-06	9.078675e-10	2.371240e+01	2.486593e+02
2.620000e-06	4.440170e-06	9.155960e-10	2.396746e+01	2.509554e+02
2.630000e-06	4.486971e-06	9.224756e-10	2.422009e+01	2.532037e+02
2.640000e-06	4.533444e-06	9.310144e-10	2.447094e+01	2.554053e+02
2.650000e-06	4.579765e-06	9.398206e-10	2.472098e+01	2.575618e+02
2.660000e-06	4.625749e-06	9.468367e-10	2.496919e+01	2.596745e+02
2.670000e-06	4.671416e-06	9.528379e-10	2.521570e+01	2.617448e+02
2.680000e-06	4.716821e-06	9.593791e-10	2.546079e+01	2.637740e+02
2.690000e-06	4.761834e-06	9.664672e-10	2.570376e+01	2.657632e+02
2.700000e-06	4.806486e-06	9.732719e-10	2.594479e+01	2.677137e+02
2.710000e-06	4.850922e-06	9.802105e-10	2.618465e+01	2.696264e+02
2.720000e-06	4.895057e-06	9.873101e-10	2.642289e+01	2.715022e+02
2.730000e-06	4.938795e-06	9.950996e-10	2.665898e+01	2.733421e+02
2.740000e-06	4.982303e-06	1.003924e-09	2.689383e+01	2.751467e+02
2.750000e-06	5.025735e-06	1.012275e-09	2.712827e+01	2.769166e+02
2.760000e-06	5.069009e-06	1.019485e-09	2.736186e+01	2.786523e+02
2.770000e-06	5.111846e-06	1.025960e-09	2.759308e+01	2.803542e+02
2.780000e-06	5.153956e-06	1.032727e-09	2.782039e+01	2.820227e+02
2.790000e-06	5.195499e-06	1.039634e-09	2.804463e+01	2.836579e+02
2.800000e-06	5.236522e-06	1.045467e-09	2.826607e+01	2.852600e+02
2.810000e-06	5.276977e-06	1.050652e-09	2.848444e+01	2.868292e+02
2.820000e-06	5.317024e-06	1.056186e-09	2.870061e+01	2.883656e+02
2.830000e-06	5.356720e-06	1.062557e-09	2.891488e+01	2.898693e+02
2.840000e-06	5.396229e-06	1.069018e-09	2.912814e+01	2.913404e+02
2.850000e-06	5.435568e-06	1.075330e-09	2.934049e+01	2.927790e+02
2.860000e-06	5.474592e-06	1.080914e-09	2.955114e+01	2.941853e+02
2.870000e-06	5.513143e-06	1.085641e-09	2.975923e+01	2.955596e+02
2.880000e-06	5.551187e-06	1.090553e-09	2.996459e+01	2.969022e+02
2.890000e-06	5.588871e-06	1.095561e-09	3.016800e+01	2.982135e+02
2.900000e-06	5.626080e-06	1.101230e-09	3.036885e+01	2.994940e+02
2.910000e-06	5.662856e-06	1.107637e-09	3.056736e+01	3.007443e+02
2.920000e-06	5.699320e-06	1.113757e-09	3.076419e+01	3.019650e+02
2.930000e-06	5.735393e-06	1.119937e-09	3.095891e+01	3.031570e+02
2.940000e-06	5.771205e-06	1.126150e-09	3.115222e+01	3.043212e+02
2.950000e-06	5.806821e-06	1.130184e-09	3.134447e+01	3.054586e+02
2.960000e-06	5.842107e-06	1.132349e-09	3.153494e+01	3.065701e+02
2.970000e-06	5.877020e-06	1.136428e-09	3.172340e+01	3.076571e+02
2.980000e-06	5.911239e-06	1.142056e-09	3.190810e+01	3.087207e+02
2.990000e-06	5.944716e-06	1.147093e-09	3.208881e+01	3.097621e+02
3.000000e-06	5.977593e-06	1.151627e-09	3.226627e+01	3.107826e+02
3.010000e-06	6.009842e-06	1.156727e-09	3.244035e+01	3.117835e+02
3.020000e-06	6.041717e-06	1.161599e-09	3.261240e+01	3.127661e+02
3.030000e-06	6.073371e-06	1.166015e-09	3.278327e+01	3.137316e+02
3.040000e-06	6.104734e-06	1.171648e-09	3.295256e+01	3.146812e+02
3.050000e-06	6.135752e-06	1.176878e-09	3.312000e+01	3.156159e+02
3.060000e-06	6.166273e-06	1.181733e-09	3.328475e+01	3.165369e+02
3.070000e-06	6.196236e-06	1.187135e-09	3.344648e+01	3.174451e+02
3.080000e-06	6.225796e-06	1.191454e-09	3.360604e+01	3.183411e+02
3.090000e-06	6.254971e-06	1.195172e-09	3.376353e+01	3.192258e+02
3.100000e-06	6.283762e-06	1.199864e-09	3.391893e+01	3.200996e+02
3.110000e-06	6.312090e-06	1.204763e-09	3.407185e+01	3.209630e+02
3.120000e-06	6.340030e-06	1.208531e-09	3.422266e+01	3.218161e+02
3.130000e-06	6.367680e-06	1.212041e-09	3.437191e+01	3.226591e+02
3.140000e-06	6.395016e-06	1.216306e-09	3.451947e+01	3.234919e+02
3.150000e-06	6.421908e-06	1.220667e-09	3.466463e+01	3.243143e+02
3.160000e-06	6.448191e-06	1.224624e-09	3.480650e+01	3.251261e+02
3.170000e-06	6.473716e-06	1.228109e-09	3.494428e+01	3.259267e+02
3.180000e-06	6.498566e-06	1.231596e-09	3.507842e+01	3.267157e+02
3.190000e-06	6.522860e-06	1.235643e-09	3.520956e+01	3.274925e+02
3.200000e-06	6.546694e-06	1.239480e-09	3.533821e+01	3.282563e+02
3.210000e-06	6.570210e-06	1.242296e-09	3.546514e+01	3.290065e+02
3.220000e-06	6.593294e-06	1.245327e-09	3.558975e+01	3.297423e+02
3.230000e-06	6.616022e-06	1.249721e-09	3.571243e+01	3.304630e+02
3.240000e-06	6.638295e-06	1.254590e-09	3.583266e+01	3.311679e+02
3.250000e-06	6.660017e-06	1.257942e-09	3.594991e+01	3.318562e+02
3.260000e-06	6.681315e-06	1.259468e-09	3.606487e+01	3.325274e+02
3.270000e-06	6.702154e-06	1.261473e-09	3.617736e+01	3.331808e+02
3.280000e-06	6.722488e-06	1.264018e-09	3.628712e+01	3.338161e+02
3.290000e-06	6.742440e-06	1.266962e-09	3.639482e+01	3.344327e+02
3.300000e-06	6.762132e-06	1.270663e-09	3.650111e+01	3.350306e+02
3.310000e-06	6.781433e-06	1.273158e-09	3.660530e+01	3.356094e+02
3.320000e-06	6.800278e-06	1.274512e-09	3.670702e+01	3.361693e+02
3.330000e-06	6.818530e-06	1.276311e-09	3.680554e+01	3.367104e+02
3.340000e-06	6.836240e-06	1.278569e-09	3.690114e+01	3.372327e+02
3.350000e-06	6.853570e-06	1.281341e-09	3.699468e+01	3.377368e+02
3.360000e-06	6.870627e-06	1.284278e-09	3.708676e+01	3.382230e+02
3.370000e-06	6.887129e-06	1.286200e-09	3.717583e+01	3.386918e+02
3.380000e-06	6.903059e-06	1.288925e-09	3.726182e+01	3.391439e+02
3.390000e-06	6.918426e-06	1.292068e-09	3.734477e+01	3.395800e+02
3.400000e-06	6.932940e-06	1.293842e-09	3.742311e+01	3.400009e+02
3.410000e-06	6.946854e-06	1.296951e-09	3.749822e+01	3.404071e+02
3.420000e-06	6.960337e-06	1.301416e-09	3.757100e+01	3.407997e+02
3.430000e-06	6.973330e-06	1.304254e-09	3.764113e+01	3.411792e+02
3.440000e-06	6.985808e-06	1.305703e-09	3.770849e+01	3.415465e+02
3.450000e-06	6.997744e-06	1.307862e-09	3.777291e+01	3.419021e+02
3.460000e-06	7.009199e-06	1.311840e-09	3.783475e+01	3.422468e+02
3.470000e-06	7.020162e-06	1.316108e-09	3.789393e+01	3.425811e+02
3.480000e-06	7.030577e-06	1.318513e-09	3.795014e+01	3.429054e+02
3.490000e-06	7.040283e-06	1.320228e-09	3.800254e+01	3.432200e+02
3.500000e-06	7.049172e-06	1.321894e-09	3.805052e+01	3.435252e+02
3.510000e-06	7.057443e-06	1.323560e-09	3.809516e+01	3.438210e+02
3.520000e-06	7.065251e-06	1.325918e-09	3.813731e+01	3.441074e+02
3.530000e-06	7.072618e-06	1.328189e-09	3.817708e+01	3.443842e+02
3.540000e-06	7.079432e-06	1.330667e-09	3.821386e+01	3.446513e+02
3.550000e-06	7.085828e-06	1.334428e-09	3.824838e+01	3.449081e+02
3.560000e-06	7.091855e-06	1.338444e-09	3.828092e+01	3.451542e+02
3.570000e-06	7.097369e-06	1.341765e-09	3.831068e+01	3.453890e+02
3.580000e-06	7.102313e-06	1.343461e-09	3.833736e+01	3.456118e+02
3.590000e-06	7.106725e-06	1.344164e-09	3.836118e+01	3.458219e+02
3.600000e-06	7.110702e-06	1.345890e-09	3.838265e+01	3.460186e+02
3.610000e-06	7.114367e-06	1.348089e-09	3.840243e+01	3.462009e+02
3.620000e-06	7.117704e-06	1.349622e-09	3.842045e+01	3.463682e+02
3.630000e-06	7.120501e-06	1.350668e-09	3.843554e+01	3.465197e+02
3.640000e-06	7.122666e-06	1.352176e-09	3.844723e+01	3.466545e+02
3.650000e-06	7.124132e-06	1.353230e-09	3.845514e+01	3.467722e+02
3.660000e-06	7.124897e-06	1.354225e-09	3.845927e+01	3.468720e+02
3.670000e-06	7.125032e-06	1.355595e-09	3.846000e+01	3.469534e+02
3.680000e-06	7.124740e-06	1.356762e-09	3.845843e+01	3.470162e+02
3.690000e-06	7.124119e-06	1.357474e-09	3.845507e+01	3.470600e+02
3.700000e-06	7.122992e-06	1.358159e-09	3.844899e+01	3.470847e+02
3.710000e-06	7.121300e-06	1.360156e-09	3.843985e+01	3.470903e+02
3.720000e-06	7.119198e-06	1.361362e-09	3.842851e+01	3.470771e+02
3.730000e-06	7.116621e-06	1.361417e-09	3.841460e+01	3.470453e+02
3.740000e-06	7.113493e-06	1.360742e-09	3.839771e+01	3.469954e+02
3.750000e-06	7.109994e-06	1.355610e-09	3.837883e+01	3.469280e+02
3.760000e-06	7.106089e-06	1.357719e-09	3.835775e+01	3.468438e+02
3.770000e-06	7.101498e-06	1.381369e-09	3.833297e+01	3.467437e+02
3.780000e-06	7.095972e-06	1.394363e-09	3.830314e+01	3.466286e+02
3.790000e-06	7.089874e-06	1.364108e-09	3.827022e+01	3.464996e+02
3.800000e-06	7.083707e-06	1.314636e-09	3.823693e+01	3.463577e+02
3.810000e-06	7.077165e-06	1.341774e-09	3.820162e+01	3.462042e+02
3.820000e-06	7.069879e-06	1.408277e-09	3.816229e+01	3.460402e+02
3.830000e-06	7.061934e-06	1.379320e-09	3.811941e+01	3.458668e+02
3.840000e-06	7.053608e-06	1.312472e-09	3.807446e+01	3.456853e+02
3.850000e-06	7.044917e-06	1.351498e-09	3.802755e+01	3.454966e+02
3.860000e-06	7.035657e-06	1.430727e-09	3.797756e+01	3.453020e+02
3.870000e-06	7.025879e-06	1.381719e-09	3.792479e+01	3.451022e+02
3.880000e-06	7.015701e-06	1.277977e-09	3.786985e+01	3.448981e+02
3.890000e-06	7.005176e-06	1.324532e-09	3.781304e+01	3.446905e+02
3.900000e-06	6.994132e-06	1.438873e-09	3.775342e+01	3.444800e+02
3.910000e-06	6.982487e-06	1.396929e-09	3.769056e+01	3.442669e+02
3.920000e-06	6.970330e-06	1.295731e-09	3.762494e+01	3.440516e+02
3.930000e-06	6.957521e-06	1.346248e-09	3.755580e+01	3.438342e+02
3.940000e-06	6.943846e-06	1.427798e-09	3.748198e+01	3.436147e+02
3.950000e-06	6.929440e-06	1.355229e-09	3.740422e+01	3.433929e+02
3.960000e-06	6.914382e-06	1.294743e-09	3.732294e+01	3.431683e+02
3.970000e-06	6.898716e-06	1.381514e-09	3.723838e+01	3.429406e+02
3.980000e-06	6.882657e-06	1.418451e-09	3.715169e+01	3.427091e+02
3.990000e-06	6.866288e-06	1.328301e-09	3.706333e+01	3.424730e+02
4.000000e-06	6.849423e-06	1.322603e-09	3.697230e+01	3.422315e+02
4.010000e-06	6.832030e-06	1.404261e-09	3.687841e+01	3.419837e+02
4.020000e-06	6.814074e-06	1.366670e-09	3.678149e+01	3.417286e+02
4.030000e-06	6.795583e-06	1.301032e-09	3.668168e+01	3.414650e+02
4.040000e-06	6.776734e-06	1.374647e-09	3.657993e+01	3.411921e+02
4.050000e-06	6.757467e-06	1.418164e-09	3.647593e+01	3.409086e+02
4.060000e-06	6.737751e-06	1.328775e-09	3.636951e+01	3.406136e+02
4.070000e-06	6.717635e-06	1.315959e-09	3.626092e+01	3.403060e+02
4.080000e-06	6.697240e-06	1.398009e-09	3.615083e+01	3.399849e+02
4.090000e-06	6.676478e-06	1.368182e-09	3.603876e+01	3.396494e+02
4.100000e-06	6.655314e-06	1.307947e-09	3.592452e+01	3.392988e+02
4.110000e-06	6.633488e-06	1.367580e-09	3.580671e+01	3.389324e+02
4.120000e-06	6.610746e-06	1.393066e-09	3.568395e+01	3.385496e+02
4.130000e-06	6.587248e-06	1.324617e-09	3.555711e+01	3.381501e+02
4.140000e-06	6.563306e-06	1.336298e-09	3.542787e+01	3.377336e+02
4.150000e-06	6.539032e-06	1.383621e-09	3.529685e+01	3.372998e+02
4.160000e-06	6.514350e-06	1.337884e-09	3.516362e+01	3.368489e+02
4.170000e-06	6.489277e-06	1.320770e-09	3.502828e+01	3.363809e+02
4.180000e-06	6.463801e-06	1.373719e-09	3.489076e+01	3.358961e+02
4.190000e-06	6.437885e-06	1.354440e-09	3.475087e+01	3.353948e+02
4.200000e-06	6.411491e-06	1.315966e-09	3.460840e+01	3.348776e+02
4.210000e-06	6.384501e-06	1.352050e-09	3.446271e+01	3.343448e+02
4.220000e-06	6.357021e-06	1.354039e-09	3.431437e+01	3.337973e+02
4.230000e-06	6.329154e-06	1.316158e-09	3.416395e+01	3.332356e+02
4.240000e-06	6.300977e-06	1.340506e-09	3.401186e+01	3.326605e+02
4.250000e-06	6.272529e-06	1.356977e-09	3.385830e+01	3.320728e+02
4.260000e-06	6.243706e-06	1.321680e-09	3.370272e+01	3.314731e+02
4.270000e-06	6.214459e-06	1.325794e-09	3.354485e+01	3.308622e+02
4.280000e-06	6.184558e-06	1.343229e-09	3.338345e+01	3.302408e+02
4.290000e-06	6.153889e-06	1.318270e-09	3.321789e+01	3.296095e+02
4.300000e-06	6.122586e-06	1.316366e-09	3.304893e+01	3.289690e+02
4.310000e-06	6.090860e-06	1.336050e-09	3.287767e+01	3.283195e+02
4.320000e-06	6.058763e-06	1.322147e-09	3.270442e+01	3.276617e+02
4.330000e-06	6.026215e-06	1.315009e-09	3.252873e+01	3.269957e+02
4.340000e-06	5.993252e-06	1.325908e-09	3.235080e+01	3.263216e+02
4.350000e-06	5.959893e-06	1.313930e-09	3.217073e+01	3.256397e+02
4.360000e-06	5.926140e-06	1.305476e-09	3.198854e+01	3.249497e+02
4.370000e-06	5.891969e-06	1.315993e-09	3.180408e+01	3.242515e+02
4.380000e-06	5.857346e-06	1.311883e-09	3.161720e+01	3.235447e+02
4.390000e-06	5.822376e-06	1.305093e-09	3.142843e+01	3.228290e+02
4.400000e-06	5.786972e-06	1.308769e-09	3.123732e+01	3.221038e+02
4.410000e-06	5.751233e-06	1.302873e-09	3.104441e+01	3.213686e+02
4.420000e-06	5.715310e-06	1.296486e-09	3.085050e+01	3.206225e+02
4.430000e-06	5.679053e-06	1.299275e-09	3.065479e+01	3.198647e+02
4.440000e-06	5.642476e-06	1.294582e-09	3.045736e+01	3.190946e+02
4.450000e-06	5.605432e-06	1.289143e-09	3.025740e+01	3.183111e+02
4.460000e-06	5.567744e-06	1.292060e-09	3.005396e+01	3.175134e+02
4.470000e-06	5.529494e-06	1.290133e-09	2.984749e+01	3.167005e+02
4.480000e-06	5.490720e-06	1.283966e-09	2.963820e+01	3.158716e+02
4.490000e-06	5.451307e-06	1.282184e-09	2.942545e+01	3.150258e+02
4.500000e-06	5.411522e-06	1.280106e-09	2.921069e+01	3.141621e+02
4.510000e-06	5.371525e-06	1.277304e-09	2.899480e+01	3.132799e+02
4.520000e-06	5.331125e-06	1.276128e-09	2.877672e+01	3.123784e+02
4.530000e-06	5.290352e-06	1.273167e-09	2.855663e+01	3.114568e+02
4.540000e-06	5.249231e-06	1.269545e-09	2.833467e+01	3.105148e+02
4.550000e-06	5.207865e-06	1.267088e-09	2.811138e+01	3.095517e+02
4.560000e-06	5.166207e-06	1.264424e-09	2.788652e+01	3.085671e+02
4.570000e-06	5.124138e-06	1.261710e-09	2.765943e+01	3.075609e+02
4.580000e-06	5.081694e-06	1.258228e-09	2.743032e+01	3.065327e+02
4.590000e-06	5.038962e-06	1.252245e-09	2.719967e+01	3.054826e+02
4.600000e-06	4.995855e-06	1.246990e-09	2.696698e+01	3.044104e+02
4.610000e-06	4.952238e-06	1.243908e-09	2.673154e+01	3.033163e+02
4.620000e-06	4.908266e-06	1.240679e-09	2.649418e+01	3.022005e+02
4.630000e-06	4.864133e-06	1.237759e-09	2.625596e+01	3.010631e+02
4.640000e-06	4.819743e-06	1.235679e-09	2.601635e+01	2.999044e+02
4.650000e-06	4.775014e-06	1.231973e-09	2.577491e+01	2.987248e+02
4.660000e-06	4.730035e-06	1.226624e-09	2.553212e+01	2.975247e+02
4.670000e-06	4.684768e-06	1.220338e-09	2.528777e+01	2.963044e+02
4.680000e-06	4.639217e-06	1.213294e-09	2.504189e+01	2.950643e+02
4.690000e-06	4.593399e-06	1.207495e-09	2.479457e+01	2.938047e+02
4.700000e-06	4.547119e-06	1.203786e-09	2.454476e+01	2.925261e+02
4.710000e-06	4.500473e-06	1.200825e-09	2.429297e+01	2.912287e+02
4.720000e-06	4.453485e-06	1.197481e-09	2.403934e+01	2.899127e+02
4.730000e-06	4.406235e-06	1.192576e-09	2.378429e+01	2.885784e+02
4.740000e-06	4.358713e-06	1.185062e-09	2.352777e+01	2.872258e+02
4.750000e-06	4.310762e-06	1.177663e-09	2.326893e+01	2.858551e+02
4.760000e-06	4.262571e-06	1.172541e-09	2.300881e+01	2.844660e+02
4.770000e-06	4.213973e-06	1.166603e-09	2.274648e+01	2.830585e+02
4.780000e-06	4.164968e-06	1.160868e-09	2.248196e+01	2.816323e+02
4.790000e-06	4.115607e-06	1.157291e-09	2.221551e+01	2.801870e+02
4.800000e-06	4.065825e-06	1.152969e-09	2.194680e+01	2.787222e+02
4.810000e-06	4.015789e-06	1.147482e-09	2.167671e+01	2.772372e+02
4.820000e-06	3.965500e-06	1.142174e-09	2.140525e+01	2.757315e+02
4.830000e-06	3.914908e-06	1.137798e-09	2.113217e+01	2.742043e+02
4.840000e-06	3.863992e-06	1.133176e-09	2.085733e+01	2.726547e+02
4.850000e-06	3.812787e-06	1.127686e-09	2.058093e+01	2.710819e+02
4.860000e-06	3.761322e-06	1.121003e-09	2.030313e+01	2.694849e+02
4.870000e-06	3.709519e-06	1.114128e-09	2.002350e+01	2.678628e+02
4.880000e-06	3.657569e-06	1.109248e-09	1.974309e+01	2.662145e+02
4.890000e-06	3.605427e-06	1.103942e-09	1.946163e+01	2.645390e+02
4.900000e-06	3.552888e-06	1.096938e-09	1.917803e+01	2.628352e+02
4.910000e-06	3.499990e-06	1.090768e-09	1.889249e+01	2.611022e+02
4.920000e-06	3.446733e-06	1.085412e-09	1.860502e+01	2.593389e+02
4.930000e-06	3.393215e-06	1.078165e-09	1.831614e+01	2.575445e+02
4.940000e-06	3.339345e-06	1.069474e-09	1.802535e+01	2.557180e+02
4.950000e-06	3.285054e-06	1.061303e-09	1.773229e+01	2.538586e+02
4.960000e-06	3.230545e-06	1.053090e-09	1.743806e+01	2.519656e+02
4.970000e-06	3.175702e-06	1.045945e-09	1.714203e+01	2.500384e+02
4.980000e-06	3.120426e-06	1.039574e-09	1.684366e+01	2.480764e+02
4.990000e-06	3.064890e-06	1.031902e-09	1.654388e+01	2.460791e+02
5.000000e-06	3.009069e-06	1.023270e-09	1.624256e+01	2.440464e+02
5.010000e-06	2.952966e-06	1.014468e-09	1.593973e+01	2.419779e+02
5.020000e-06	2.896655e-06	1.005948e-09	1.563577e+01	2.398735e+02
5.030000e-06	2.840213e-06	9.979285e-10	1.533110e+01	2.377333e+02
5.040000e-06	2.783680e-06	9.903930e-10	1.502595e+01	2.355573e+02
5.050000e-06	2.727017e-06	9.823243e-10	1.472008e+01	2.333458e+02
5.060000e-06	2.670244e-06	9.730514e-10	1.441363e+01	2.310989e+02
5.070000e-06	2.613368e-06	9.629295e-10	1.410662e+01	2.288170e+02
5.080000e-06	2.556418e-06	9.530308e-10	1.379921e+01	2.265005e+02
5.090000e-06	2.499302e-06	9.433452e-10	1.349091e+01	2.241497e+02
5.100000e-06	2.441896e-06	9.331532e-10	1.318104e+01	2.217651e+02
5.110000e-06	2.384338e-06	9.229686e-10	1.287035e+01	2.193470e+02
5.120000e-06	2.326621e-06	9.135058e-10	1.255880e+01	2.168958e+02
5.130000e-06	2.268707e-06	9.041498e-10	1.224618e+01	2.144118e+02
5.140000e-06	2.210546e-06	8.945755e-10	1.193224e+01	2.118952e+02
5.150000e-06	2.152229e-06	8.848705e-10	1.161745e+01	2.093462e+02
5.160000e-06	2.093922e-06	8.743359e-10	1.130272e+01	2.067646e+02
5.170000e-06	2.035425e-06	8.623930e-10	1.098696e+01	2.041503e+02
5.180000e-06	1.976680e-06	8.508163e-10	1.066986e+01	2.015030e+02
5.190000e-06	1.917820e-06	8.403366e-10	1.035214e+01	1.988221e+02
5.200000e-06	1.858795e-06	8.294952e-10	1.003353e+01	1.961070e+02
5.210000e-06	1.799529e-06	8.182358e-10	9.713627e+00	1.933566e+02
5.220000e-06	1.740142e-06	8.065106e-10	9.393063e+00	1.905699e+02
5.230000e-06	1.680645e-06	7.948929e-10	9.071902e+00	1.877453e+02
5.240000e-06	1.621091e-06	7.829334e-10	8.750442e+00	1.848812e+02
5.250000e-06	1.561444e-06	7.695630e-10	8.428472e+00	1.819757e+02
5.260000e-06	1.501678e-06	7.558738e-10	8.105865e+00	1.790267e+02
5.270000e-06	1.441827e-06	7.439539e-10	7.782795e+00	1.760319e+02
5.280000e-06	1.381874e-06	7.326371e-10	7.459179e+00	1.729887e+02
5.290000e-06	1.321922e-06	7.201259e-10	7.135562e+00	1.698942e+02
5.300000e-06	1.261861e-06	7.072202e-10	6.811364e+00	1.667457e+02
5.310000e-06	1.201775e-06	6.932242e-10	6.487026e+00	1.635399e+02
5.320000e-06	1.141693e-06	6.788703e-10	6.162709e+00	1.602737e+02
5.330000e-06	1.081494e-06	6.657658e-10	5.837764e+00	1.569439e+02
5.340000e-06	1.021260e-06	6.533392e-10	5.512629e+00	1.535471e+02
5.350000e-06	9.609544e-07	6.410439e-10	5.187107e+00	1.500799e+02
5.360000e-06	9.005838e-07	6.269253e-10	4.861235e+00	1.465392e+02
5.370000e-06	8.402469e-07	6.105768e-10	4.535544e+00	1.429216e+02
5.380000e-06	7.799336e-07	5.943770e-10	4.209980e+00	1.392242e+02
5.390000e-06	7.195090e-07	5.786817e-10	3.883816e+00	1.354440e+02
5.400000e-06	6.589599e-07	5.623435e-10	3.556980e+00	1.315783e+02
5.410000e-06	5.984454e-07	5.451939e-10	3.230331e+00	1.276249e+02
5.420000e-06	5.379332e-07	5.280295e-10	2.903694e+00	1.235815e+02
5.430000e-06	4.773361e-07	5.113910e-10	2.576598e+00	1.194465e+02
5.440000e-06	4.166733e-07	4.945763e-10	2.249149e+00	1.152185e+02
5.450000e-06	3.560146e-07	4.760461e-10	1.921721e+00	1.108968e+02
5.460000e-06	2.954332e-07	4.560949e-10	1.594710e+00	1.064808e+02
5.470000e-06	2.348800e-07	4.358593e-10	1.267852e+00	1.019707e+02
5.480000e-06	1.743123e-07	4.164019e-10	9.409152e-01	9.736716e+01
5.490000e-06	1.137560e-07	3.981780e-10	6.140403e-01	9.267128e+01
5.500000e-06	5.321825e-08	3.796078e-10	2.872652e-01	8.788480e+01
5.510000e-06	-7.320792e-09	3.587516e-10	-3.951669e-02	8.301000e+01
5.520000e-06	-6.785916e-08	3.359816e-10	-3.662950e-01	7.804973e+01
5.530000e-06	-1.284004e-07	3.139756e-10	-6.930886e-01	7.300737e+01
5.540000e-06	-1.889357e-07	2.935803e-10	-1.019850e+00	6.788684e+01
5.550000e-06	-2.495616e-07	2.734048e-10	-1.347101e+00	6.269259e+01
5.560000e-06	-3.103184e-07	2.516994e-10	-1.675059e+00	5.742953e+01
5.570000e-06	-3.710429e-07	2.286682e-10	-2.002841e+00	5.210304e+01
5.580000e-06	-4.317159e-07	2.057376e-10	-2.330346e+00	4.671891e+01
5.590000e-06	-4.923775e-07	1.823766e-10	-2.657790e+00	4.128327e+01
5.600000e-06	-5.530667e-07	1.586903e-10	-2.985383e+00	3.580260e+01
5.610000e-06	-6.136979e-07	1.352614e-10	-3.312662e+00	3.028361e+01
5.620000e-06	-6.741975e-07	1.126533e-10	-3.639231e+00	2.473323e+01
5.630000e-06	-7.346889e-07	9.078654e-11	-3.965755e+00	1.915853e+01
5.640000e-06	-7.951786e-07	6.766818e-11	-4.292271e+00	1.356665e+01
5.650000e-06	-8.556226e-07	4.282308e-11	-4.618540e+00	7.964755e+00
5.660000e-06	-9.159863e-07	1.757971e-11	-4.944375e+00	2.359956e+00
5.670000e-06	-9.762357e-07	-6.249321e-12	-5.269594e+00	-3.240738e+00
5.680000e-06	-1.036412e-06	-2.775108e-11	-5.594420e+00	-8.830486e+00
5.690000e-06	-1.096641e-06	-4.858778e-11	-5.919524e+00	-1.440267e+01
5.700000e-06	-1.156925e-06	-7.126877e-11	-6.244929e+00	-1.995097e+01
5.710000e-06	-1.217069e-06	-9.497895e-11	-6.569580e+00	-2.546935e+01
5.720000e-06	-1.277112e-06	-1.174031e-10	-6.893685e+00	-3.095220e+01
5.730000e-06	-1.337118e-06	-1.393282e-10	-7.217590e+00	-3.639427e+01
5.740000e-06	-1.397099e-06	-1.612628e-10	-7.541358e+00	-4.179079e+01
5.750000e-06	-1.457007e-06	-1.826303e-10	-7.864734e+00	-4.713744e+01
5.760000e-06	-1.516747e-06	-2.056019e-10	-8.187201e+00	-5.243039e+01
5.770000e-06	-1.576465e-06	-2.292573e-10	-8.509554e+00	-5.766631e+01
5.780000e-06	-1.636098e-06	-2.526448e-10	-8.831444e+00	-6.284236e+01
5.790000e-06	-1.695539e-06	-2.758725e-10	-9.152299e+00	-6.795622e+01
5.800000e-06	-1.754828e-06	-2.981586e-10	-9.472334e+00	-7.300604e+01
5.810000e-06	-1.814015e-06	-3.189883e-10	-9.791818e+00	-7.799046e+01
5.820000e-06	-1.873050e-06	-3.372758e-10	-1.011048e+01	-8.290857e+01
5.830000e-06	-1.931905e-06	-3.556681e-10	-1.042817e+01	-8.775988e+01
5.840000e-06	-1.990651e-06	-3.771578e-10	-1.074527e+01	-9.254429e+01
5.850000e-06	-2.049246e-06	-4.014895e-10	-1.106157e+01	-9.726206e+01
5.860000e-06	-2.107652e-06	-4.241143e-10	-1.137683e+01	-1.019138e+02
5.870000e-06	-2.165879e-06	-4.432249e-10	-1.169113e+01	-1.065002e+02
5.880000e-06	-2.223926e-06	-4.613947e-10	-1.200446e+01	-1.110225e+02
5.890000e-06	-2.281862e-06	-4.792413e-10	-1.231720e+01	-1.154819e+02
5.900000e-06	-2.339602e-06	-4.962594e-10	-1.262887e+01	-1.198797e+02
5.910000e-06	-2.397136e-06	-5.132986e-10	-1.293943e+01	-1.242175e+02
5.920000e-06	-2.454592e-06	-5.313898e-10	-1.324957e+01	-1.284966e+02
5.930000e-06	-2.511853e-06	-5.508987e-10	-1.355866e+01	-1.327186e+02
5.940000e-06	-2.568898e-06	-5.718686e-10	-1.386658e+01	-1.368850e+02
5.950000e-06	-2.625722e-06	-5.921392e-10	-1.417331e+01	-1.409971e+02
5.960000e-06	-2.682350e-06	-6.097201e-10	-1.447898e+01	-1.450563e+02
5.970000e-06	-2.738835e-06	-6.255508e-10	-1.478388e+01	-1.490635e+02
5.980000e-06	-2.795187e-06	-6.416193e-10	-1.508806e+01	-1.530199e+02
5.990000e-06	-2.851475e-06	-6.581276e-10	-1.539189e+01	-1.569262e+02
6.000000e-06	-2.907554e-06	-6.736469e-10	-1.569460e+01	-1.607830e+02
6.010000e-06	-2.963465e-06	-6.883306e-10	-1.599640e+01	-1.645908e+02
6.020000e-06	-3.019330e-06	-7.030606e-10	-1.629795e+01	-1.683498e+02
6.030000e-06	-3.074955e-06	-7.188905e-10	-1.659821e+01	-1.720600e+02
6.040000e-06	-3.130335e-06	-7.364572e-10	-1.689714e+01	-1.757214e+02
6.050000e-06	-3.185499e-06	-7.531618e-10	-1.719491e+01	-1.793335e+02
6.060000e-06	-3.240222e-06	-7.681811e-10	-1.749030e+01	-1.828960e+02
6.070000e-06	-3.294468e-06	-7.828262e-10	-1.778311e+01	-1.864083e+02
6.080000e-06	-3.348247e-06	-7.977493e-10	-1.807341e+01	-1.898698e+02
6.090000e-06	-3.401663e-06	-8.122817e-10	-1.836174e+01	-1.932796e+02
6.100000e-06	-3.454840e-06	-8.260503e-10	-1.864878e+01	-1.966371e+02
6.110000e-06	-3.507697e-06	-8.395412e-10	-1.893410e+01	-1.999413e+02
6.120000e-06	-3.560356e-06	-8.524300e-10	-1.921834e+01	-2.031916e+02
6.130000e-06	-3.612805e-06	-8.662456e-10	-1.950145e+01	-2.063870e+02
6.140000e-06	-3.664914e-06	-8.806386e-10	-1.978273e+01	-2.095270e+02
6.150000e-06	-3.716714e-06	-8.934142e-10	-2.006234e+01	-2.126108e+02
6.160000e-06	-3.768260e-06	-9.053149e-10	-2.034058e+01	-2.156380e+02
6.170000e-06	-3.819526e-06	-9.174313e-10	-2.061730e+01	-2.186083e+02
6.180000e-06	-3.870528e-06	-9.296965e-10	-2.089261e+01	-2.215212e+02
6.190000e-06	-3.921196e-06	-9.406387e-10	-2.116611e+01	-2.243769e+02
6.200000e-06	-3.971484e-06	-9.505242e-10	-2.143756e+01	-2.271752e+02
6.210000e-06	-4.021556e-06	-9.613157e-10	-2.170784e+01	-2.299166e+02
6.220000e-06	-4.071211e-06	-9.735639e-10	-2.197587e+01	-2.326013e+02
6.230000e-06	-4.120317e-06	-9.864984e-10	-2.224094e+01	-2.352300e+02
6.240000e-06	-4.169076e-06	-9.977627e-10	-2.250413e+01	-2.378034e+02
6.250000e-06	-4.217377e-06	-1.006788e-09	-2.276485e+01	-2.403224e+02
6.260000e-06	-4.265244e-06	-1.015743e-09	-2.302324e+01	-2.427880e+02
6.270000e-06	-4.312736e-06	-1.025709e-09	-2.327959e+01	-2.452012e+02
6.280000e-06	-4.359882e-06	-1.035345e-09	-2.353408e+01	-2.475634e+02
6.290000e-06	-4.406826e-06	-1.044390e-09	-2.378748e+01	-2.498758e+02
6.300000e-06	-4.453551e-06	-1.054134e-09	-2.403969e+01	-2.521398e+02
6.310000e-06	-4.500008e-06	-1.064562e-09	-2.429046e+01	-2.543567e+02
6.320000e-06	-4.546254e-06	-1.074242e-09	-2.454009e+01	-2.565280e+02
6.330000e-06	-4.592255e-06	-1.083108e-09	-2.478840e+01	-2.586551e+02
6.340000e-06	-4.637688e-06	-1.090581e-09	-2.503364e+01	-2.607394e+02
6.350000e-06	-4.682608e-06	-1.097078e-09	-2.527611e+01	-2.627820e+02
6.360000e-06	-4.727321e-06	-1.104446e-09	-2.551746e+01	-2.647844e+02
6.370000e-06	-4.771914e-06	-1.112557e-09	-2.575817e+01	-2.667476e+02
6.380000e-06	-4.816321e-06	-1.121319e-09	-2.599788e+01	-2.686727e+02
6.390000e-06	-4.860428e-06	-1.128716e-09	-2.623596e+01	-2.705607e+02
6.400000e-06	-4.904265e-06	-1.134860e-09	-2.647259e+01	-2.724124e+02
6.410000e-06	-4.947855e-06	-1.142498e-09	-2.670788e+01	-2.742286e+02
6.420000e-06	-4.991074e-06	-1.151165e-09	-2.694117e+01	-2.760099e+02
6.430000e-06	-5.033895e-06	-1.158301e-09	-2.717231e+01	-2.777569e+02
6.440000e-06	-5.076348e-06	-1.164122e-09	-2.740147e+01	-2.794700e+02
6.450000e-06	-5.118463e-06	-1.170344e-09	-2.762880e+01	-2.811495e+02
6.460000e-06	-5.160248e-06	-1.176968e-09	-2.785435e+01	-2.827957e+02
6.470000e-06	-5.201703e-06	-1.184407e-09	-2.807812e+01	-2.844088e+02
6.480000e-06	-5.242813e-06	-1.191512e-09	-2.830003e+01	-2.859889e+02
6.490000e-06	-5.283518e-06	-1.197239e-09	-2.851975e+01	-2.875361e+02
6.500000e-06	-5.323907e-06	-1.203026e-09	-2.873776e+01	-2.890506e+02
6.510000e-06	-5.364125e-06	-1.209266e-09	-2.895485e+01	-2.905325e+02
6.520000e-06	-5.404188e-06	-1.215291e-09	-2.917111e+01	-2.919818e+02
6.530000e-06	-5.443851e-06	-1.220436e-09	-2.938520e+01	-2.933988e+02
6.540000e-06	-5.483104e-06	-1.224308e-09	-2.959709e+01	-2.947837e+02
6.550000e-06	-5.521823e-06	-1.229430e-09	-2.980609e+01	-2.961368e+02
6.560000e-06	-5.559704e-06	-1.237852e-09	-3.001056e+01	-2.974584e+02
6.570000e-06	-5.596973e-06	-1.245732e-09	-3.021174e+01	-2.987491e+02
6.580000e-06	-5.633868e-06	-1.249893e-09	-3.041089e+01	-3.000092e+02
6.590000e-06	-5.670378e-06	-1.252583e-09	-3.060797e+01	-3.012397e+02
6.600000e-06	-5.706548e-06	-1.256763e-09	-3.080321e+01	-3.024411e+02
6.610000e-06	-5.742531e-06	-1.261663e-09	-3.099744e+01	-3.036144e+02
6.620000e-06	-5.778187e-06	-1.265148e-09	-3.118990e+01	-3.047605e+02
6.630000e-06	-5.813252e-06	-1.268320e-09	-3.137918e+01	-3.058805e+02
6.640000e-06	-5.847867e-06	-1.271783e-09	-3.156603e+01	-3.069755e+02
6.650000e-06	-5.882049e-06	-1.275519e-09	-3.175054e+01	-3.080467e+02
6.660000e-06	-5.915811e-06	-1.279687e-09	-3.193278e+01	-3.090952e+02
6.670000e-06	-5.949344e-06	-1.284156e-09	-3.211379e+01	-3.101225e+02
6.680000e-06	-5.982441e-06	-1.287850e-09	-3.229244e+01	-3.111298e+02
6.690000e-06	-6.015026e-06	-1.289740e-09	-3.246833e+01	-3.121183e+02
6.700000e-06	-6.047356e-06	-1.292717e-09	-3.264285e+01	-3.130892e+02
6.710000e-06	-6.079482e-06	-1.297319e-09	-3.281626e+01	-3.140439e+02
6.720000e-06	-6.111179e-06	-1.300645e-09	-3.298736e+01	-3.149834e+02
6.730000e-06	-6.142311e-06	-1.302661e-09	-3.315540e+01	-3.159088e+02
6.740000e-06	-6.172725e-06	-1.304869e-09	-3.331957e+01	-3.168211e+02
6.750000e-06	-6.202369e-06	-1.308103e-09	-3.347959e+01	-3.177210e+02
6.760000e-06	-6.231480e-06	-1.311955e-09	-3.363672e+01	-3.186094e+02
6.770000e-06	-6.260143e-06	-1.314790e-09	-3.379144e+01	-3.194867e+02
6.780000e-06	-6.288415e-06	-1.316100e-09	-3.394405e+01	-3.203534e+02
6.790000e-06	-6.316481e-06	-1.317610e-09	-3.409555e+01	-3.212099e+02
6.800000e-06	-6.344238e-06	-1.319582e-09	-3.424538e+01	-3.220562e+02
6.810000e-06	-6.371455e-06	-1.320955e-09	-3.439229e+01	-3.228923e+02
6.820000e-06	-6.398235e-06	-1.321540e-09	-3.453684e+01	-3.237182e+02
6.830000e-06	-6.424491e-06	-1.322784e-09	-3.467857e+01	-3.245335e+02
6.840000e-06	-6.450253e-06	-1.326070e-09	-3.481763e+01	-3.253378e+02
6.850000e-06	-6.475606e-06	-1.329605e-09	-3.495448e+01	-3.261307e+02
6.860000e-06	-6.500470e-06	-1.332422e-09	-3.508870e+01	-3.269115e+02
6.870000e-06	-6.524953e-06	-1.334564e-09	-3.522085e+01	-3.276797e+02
6.880000e-06	-6.549212e-06	-1.336417e-09	-3.535180e+01	-3.284345e+02
6.890000e-06	-6.573231e-06	-1.339681e-09	-3.548145e+01	-3.291751e+02
6.900000e-06	-6.596780e-06	-1.343372e-09	-3.560856e+01	-3.299009e+02
6.910000e-06	-6.619661e-06	-1.344486e-09	-3.573207e+01	-3.306110e+02
6.920000e-06	-6.641739e-06	-1.343899e-09	-3.585125e+01	-3.313049e+02
6.930000e-06	-6.662981e-06	-1.344478e-09	-3.596591e+01	-3.319817e+02
6.940000e-06	-6.683643e-06	-1.346505e-09	-3.607744e+01	-3.326411e+02
6.950000e-06	-6.703989e-06	-1.349344e-09	-3.618727e+01	-3.332823e+02
6.960000e-06	-6.724083e-06	-1.352222e-09	-3.629573e+01	-3.339052e+02
6.970000e-06	-6.743821e-06	-1.354164e-09	-3.640228e+01	-3.345093e+02
6.980000e-06	-6.763087e-06	-1.354831e-09	-3.650627e+01	-3.350944e+02
6.990000e-06	-6.781885e-06	-1.354971e-09	-3.660774e+01	-3.356605e+02
7.000000e-06	-6.800282e-06	-1.355926e-09	-3.670704e+01	-3.362078e+02
7.010000e-06	-6.818204e-06	-1.357010e-09	-3.680378e+01	-3.367363e+02
7.020000e-06	-6.835547e-06	-1.357624e-09	-3.689740e+01	-3.372463e+02
7.030000e-06	-6.852419e-06	-1.358428e-09	-3.698847e+01	-3.377383e+02
7.040000e-06	-6.868906e-06	-1.360075e-09	-3.707746e+01	-3.382128e+02
7.050000e-06	-6.885105e-06	-1.362269e-09	-3.716490e+01	-3.386704e+02
7.060000e-06	-6.900916e-06	-1.363969e-09	-3.725025e+01	-3.391117e+02
7.070000e-06	-6.915953e-06	-1.365456e-09	-3.733142e+01	-3.395375e+02
7.080000e-06	-6.930187e-06	-1.365743e-09	-3.740825e+01	-3.399484e+02
7.090000e-06	-6.943831e-06	-1.365113e-09	-3.748190e+01	-3.403454e+02
7.100000e-06	-6.956750e-06	-1.365133e-09	-3.755164e+01	-3.407291e+02
7.110000e-06	-6.969081e-06	-1.365449e-09	-3.761820e+01	-3.411003e+02
7.120000e-06	-6.980979e-06	-1.365680e-09	-3.768242e+01	-3.414597e+02
7.130000e-06	-6.992282e-06	-1.366351e-09	-3.774344e+01	-3.418079e+02
7.140000e-06	-7.003088e-06	-1.367648e-09	-3.780176e+01	-3.421456e+02
7.150000e-06	-7.013512e-06	-1.367876e-09	-3.785803e+01	-3.424731e+02
7.160000e-06	-7.023640e-06	-1.367216e-09	-3.791270e+01	-3.427908e+02
7.170000e-06	-7.033271e-06	-1.367282e-09	-3.796469e+01	-3.430990e+02
7.180000e-06	-7.042175e-06	-1.368484e-09	-3.801275e+01	-3.433979e+02
7.190000e-06	-7.050603e-06	-1.369184e-09	-3.805824e+01	-3.436874e+02
7.200000e-06	-7.058730e-06	-1.369540e-09	-3.810211e+01	-3.439674e+02
7.210000e-06	-7.066450e-06	-1.370468e-09	-3.814378e+01	-3.442377e+02
7.220000e-06	-7.073738e-06	-1.370052e-09	-3.818312e+01	-3.444979e+02
7.230000e-06	-7.080342e-06	-1.368319e-09	-3.821877e+01	-3.447476e+02
7.240000e-06	-7.086030e-06	-1.367288e-09	-3.824947e+01	-3.449861e+02
7.250000e-06	-7.091008e-06	-1.367405e-09	-3.827634e+01	-3.452130e+02
7.260000e-06	-7.095489e-06	-1.367917e-09	-3.830053e+01	-3.454273e+02
7.270000e-06	-7.099639e-06	-1.368342e-09	-3.832293e+01	-3.456285e+02
7.280000e-06	-7.103386e-06	-1.368006e-09	-3.834316e+01	-3.458156e+02
7.290000e-06	-7.106700e-06	-1.367682e-09	-3.836105e+01	-3.459879e+02
7.300000e-06	-7.109623e-06	-1.367536e-09	-3.837682e+01	-3.461447e+02
7.310000e-06	-7.112092e-06	-1.367107e-09	-3.839015e+01	-3.462851e+02
7.320000e-06	-7.114016e-06	-1.366602e-09	-3.840054e+01	-3.464085e+02
7.330000e-06	-7.115420e-06	-1.367228e-09	-3.840812e+01	-3.465142e+02
7.340000e-06	-7.116390e-06	-1.368755e-09	-3.841335e+01	-3.466018e+02
