# Temperatura_=_17.3
# Concentracion g/m^3_=_7400.0
# C_Vs_to_Am_M_A/Vsm_=_254322799225.57578
# pendiente_HvsI_1/m_=_3716.3
# ordenada_HvsI_A/m_=_1297.0
# frecuencia_Hz_=_136113.32142506063

Tiempo_(s)	Campo_(V.s)	Magnetizacion_(V.s)	Campo_(kA/m)	Magnetizacion_(A/m)
0.000000e+00	-7.103389e-06	-1.603351e-09	-3.842356e+01	-4.045052e+02
1.000000e-08	-7.103616e-06	-1.602490e-09	-3.842478e+01	-4.045962e+02
2.000000e-08	-7.103538e-06	-1.602960e-09	-3.842436e+01	-4.046611e+02
3.000000e-08	-7.102885e-06	-1.603048e-09	-3.842083e+01	-4.046999e+02
4.000000e-08	-7.101455e-06	-1.602524e-09	-3.841310e+01	-4.047123e+02
5.000000e-08	-7.099275e-06	-1.601541e-09	-3.840130e+01	-4.046983e+02
6.000000e-08	-7.096531e-06	-1.600053e-09	-3.838646e+01	-4.046580e+02
7.000000e-08	-7.093300e-06	-1.598033e-09	-3.836898e+01	-4.045915e+02
8.000000e-08	-7.089623e-06	-1.601527e-09	-3.834909e+01	-4.044993e+02
9.000000e-08	-7.085457e-06	-1.613277e-09	-3.832656e+01	-4.043818e+02
1.000000e-07	-7.080592e-06	-1.598787e-09	-3.830024e+01	-4.042396e+02
1.100000e-07	-7.074949e-06	-1.546550e-09	-3.826972e+01	-4.040733e+02
1.200000e-07	-7.068874e-06	-1.567493e-09	-3.823686e+01	-4.038840e+02
1.300000e-07	-7.062678e-06	-1.659162e-09	-3.820334e+01	-4.036725e+02
1.400000e-07	-7.056061e-06	-1.644198e-09	-3.816755e+01	-4.034399e+02
1.500000e-07	-7.048841e-06	-1.521752e-09	-3.812850e+01	-4.031874e+02
1.600000e-07	-7.041154e-06	-1.536117e-09	-3.808692e+01	-4.029163e+02
1.700000e-07	-7.033157e-06	-1.684611e-09	-3.804366e+01	-4.026278e+02
1.800000e-07	-7.024707e-06	-1.644205e-09	-3.799795e+01	-4.023234e+02
1.900000e-07	-7.015543e-06	-1.467847e-09	-3.794838e+01	-4.020044e+02
2.000000e-07	-7.005623e-06	-1.520542e-09	-3.789472e+01	-4.016723e+02
2.100000e-07	-6.995140e-06	-1.710372e-09	-3.783801e+01	-4.013284e+02
2.200000e-07	-6.984126e-06	-1.639418e-09	-3.777844e+01	-4.009742e+02
2.300000e-07	-6.972431e-06	-1.460098e-09	-3.771518e+01	-4.006109e+02
2.400000e-07	-6.960233e-06	-1.538653e-09	-3.764920e+01	-4.002399e+02
2.500000e-07	-6.947685e-06	-1.672589e-09	-3.758132e+01	-3.998623e+02
2.600000e-07	-6.934532e-06	-1.568375e-09	-3.751017e+01	-3.994791e+02
2.700000e-07	-6.920737e-06	-1.484951e-09	-3.743556e+01	-3.990914e+02
2.800000e-07	-6.906474e-06	-1.601807e-09	-3.735840e+01	-3.986999e+02
2.900000e-07	-6.891367e-06	-1.619685e-09	-3.727669e+01	-3.983054e+02
3.000000e-07	-6.875438e-06	-1.504603e-09	-3.719053e+01	-3.979083e+02
3.100000e-07	-6.859003e-06	-1.541066e-09	-3.710162e+01	-3.975092e+02
3.200000e-07	-6.842118e-06	-1.623311e-09	-3.701029e+01	-3.971081e+02
3.300000e-07	-6.824754e-06	-1.521079e-09	-3.691637e+01	-3.967052e+02
3.400000e-07	-6.806927e-06	-1.482471e-09	-3.681994e+01	-3.963004e+02
3.500000e-07	-6.788749e-06	-1.619212e-09	-3.672161e+01	-3.958934e+02
3.600000e-07	-6.769999e-06	-1.600580e-09	-3.662019e+01	-3.954839e+02
3.700000e-07	-6.750643e-06	-1.454513e-09	-3.651549e+01	-3.950713e+02
3.800000e-07	-6.730989e-06	-1.514181e-09	-3.640917e+01	-3.946551e+02
3.900000e-07	-6.711068e-06	-1.618694e-09	-3.630142e+01	-3.942345e+02
4.000000e-07	-6.690772e-06	-1.520440e-09	-3.619163e+01	-3.938088e+02
4.100000e-07	-6.669996e-06	-1.470489e-09	-3.607925e+01	-3.933770e+02
4.200000e-07	-6.648743e-06	-1.574638e-09	-3.596429e+01	-3.929382e+02
4.300000e-07	-6.626972e-06	-1.561342e-09	-3.584653e+01	-3.924916e+02
4.400000e-07	-6.604707e-06	-1.477084e-09	-3.572609e+01	-3.920360e+02
4.500000e-07	-6.581975e-06	-1.528322e-09	-3.560313e+01	-3.915706e+02
4.600000e-07	-6.558799e-06	-1.557165e-09	-3.547777e+01	-3.910945e+02
4.700000e-07	-6.535292e-06	-1.482614e-09	-3.535061e+01	-3.906067e+02
4.800000e-07	-6.511484e-06	-1.500075e-09	-3.522183e+01	-3.901065e+02
4.900000e-07	-6.487177e-06	-1.559237e-09	-3.509035e+01	-3.895929e+02
5.000000e-07	-6.462338e-06	-1.502813e-09	-3.495599e+01	-3.890655e+02
5.100000e-07	-6.436799e-06	-1.466996e-09	-3.481784e+01	-3.885235e+02
5.200000e-07	-6.410347e-06	-1.520555e-09	-3.467476e+01	-3.879665e+02
5.300000e-07	-6.383294e-06	-1.513210e-09	-3.452842e+01	-3.873940e+02
5.400000e-07	-6.355812e-06	-1.468249e-09	-3.437977e+01	-3.868057e+02
5.500000e-07	-6.327965e-06	-1.490369e-09	-3.422914e+01	-3.862014e+02
5.600000e-07	-6.299866e-06	-1.502945e-09	-3.407715e+01	-3.855808e+02
5.700000e-07	-6.271482e-06	-1.471451e-09	-3.392362e+01	-3.849440e+02
5.800000e-07	-6.242764e-06	-1.473816e-09	-3.376827e+01	-3.842909e+02
5.900000e-07	-6.213655e-06	-1.488142e-09	-3.361082e+01	-3.836216e+02
6.000000e-07	-6.184115e-06	-1.468022e-09	-3.345103e+01	-3.829361e+02
6.100000e-07	-6.154100e-06	-1.459292e-09	-3.328867e+01	-3.822346e+02
6.200000e-07	-6.123566e-06	-1.470758e-09	-3.312351e+01	-3.815171e+02
6.300000e-07	-6.092637e-06	-1.465840e-09	-3.295621e+01	-3.807838e+02
6.400000e-07	-6.061406e-06	-1.455430e-09	-3.278727e+01	-3.800347e+02
6.500000e-07	-6.029847e-06	-1.455075e-09	-3.261656e+01	-3.792700e+02
6.600000e-07	-5.997992e-06	-1.452050e-09	-3.244426e+01	-3.784895e+02
6.700000e-07	-5.965735e-06	-1.447140e-09	-3.226978e+01	-3.776934e+02
6.800000e-07	-5.932810e-06	-1.445069e-09	-3.209167e+01	-3.768814e+02
6.900000e-07	-5.899097e-06	-1.442307e-09	-3.190932e+01	-3.760533e+02
7.000000e-07	-5.864694e-06	-1.437663e-09	-3.172322e+01	-3.752089e+02
7.100000e-07	-5.829761e-06	-1.429918e-09	-3.153426e+01	-3.743477e+02
7.200000e-07	-5.794441e-06	-1.422982e-09	-3.134321e+01	-3.734694e+02
7.300000e-07	-5.758858e-06	-1.423718e-09	-3.115073e+01	-3.725734e+02
7.400000e-07	-5.722920e-06	-1.421288e-09	-3.095634e+01	-3.716590e+02
7.500000e-07	-5.686647e-06	-1.412224e-09	-3.076013e+01	-3.707255e+02
7.600000e-07	-5.650103e-06	-1.408536e-09	-3.056246e+01	-3.697722e+02
7.700000e-07	-5.613145e-06	-1.407626e-09	-3.036255e+01	-3.687983e+02
7.800000e-07	-5.575711e-06	-1.401358e-09	-3.016006e+01	-3.678030e+02
7.900000e-07	-5.537957e-06	-1.393965e-09	-2.995584e+01	-3.667854e+02
8.000000e-07	-5.499831e-06	-1.387644e-09	-2.974961e+01	-3.657446e+02
8.100000e-07	-5.461235e-06	-1.380471e-09	-2.954084e+01	-3.646799e+02
8.200000e-07	-5.422210e-06	-1.376491e-09	-2.932974e+01	-3.635905e+02
8.300000e-07	-5.382817e-06	-1.374163e-09	-2.911666e+01	-3.624757e+02
8.400000e-07	-5.343132e-06	-1.368904e-09	-2.890200e+01	-3.613348e+02
8.500000e-07	-5.303253e-06	-1.361282e-09	-2.868628e+01	-3.601674e+02
8.600000e-07	-5.263165e-06	-1.355908e-09	-2.846944e+01	-3.589730e+02
8.700000e-07	-5.222661e-06	-1.352688e-09	-2.825035e+01	-3.577513e+02
8.800000e-07	-5.181616e-06	-1.348281e-09	-2.802833e+01	-3.565024e+02
8.900000e-07	-5.140164e-06	-1.340672e-09	-2.780410e+01	-3.552261e+02
9.000000e-07	-5.098210e-06	-1.331684e-09	-2.757717e+01	-3.539226e+02
9.100000e-07	-5.055421e-06	-1.325370e-09	-2.734571e+01	-3.525923e+02
9.200000e-07	-5.012057e-06	-1.321290e-09	-2.711115e+01	-3.512357e+02
9.300000e-07	-4.968454e-06	-1.315886e-09	-2.687529e+01	-3.498533e+02
9.400000e-07	-4.924613e-06	-1.309325e-09	-2.663815e+01	-3.484461e+02
9.500000e-07	-4.880481e-06	-1.302643e-09	-2.639943e+01	-3.470148e+02
9.600000e-07	-4.836057e-06	-1.297122e-09	-2.615913e+01	-3.455605e+02
9.700000e-07	-4.791398e-06	-1.292065e-09	-2.591757e+01	-3.440843e+02
9.800000e-07	-4.746402e-06	-1.285508e-09	-2.567417e+01	-3.425872e+02
9.900000e-07	-4.700992e-06	-1.277429e-09	-2.542854e+01	-3.410706e+02
1.000000e-06	-4.655260e-06	-1.270320e-09	-2.518117e+01	-3.395356e+02
1.010000e-06	-4.609253e-06	-1.265194e-09	-2.493231e+01	-3.379833e+02
1.020000e-06	-4.562918e-06	-1.260326e-09	-2.468167e+01	-3.364149e+02
1.030000e-06	-4.516220e-06	-1.253903e-09	-2.442908e+01	-3.348315e+02
1.040000e-06	-4.469287e-06	-1.246367e-09	-2.417521e+01	-3.332339e+02
1.050000e-06	-4.422106e-06	-1.241116e-09	-2.392000e+01	-3.316229e+02
1.060000e-06	-4.374609e-06	-1.236635e-09	-2.366307e+01	-3.299992e+02
1.070000e-06	-4.326843e-06	-1.231323e-09	-2.340470e+01	-3.283632e+02
1.080000e-06	-4.278838e-06	-1.224903e-09	-2.314503e+01	-3.267151e+02
1.090000e-06	-4.230558e-06	-1.216886e-09	-2.288388e+01	-3.250550e+02
1.100000e-06	-4.182060e-06	-1.209251e-09	-2.262154e+01	-3.233826e+02
1.110000e-06	-4.133096e-06	-1.202848e-09	-2.235668e+01	-3.216974e+02
1.120000e-06	-4.083516e-06	-1.195907e-09	-2.208850e+01	-3.199988e+02
1.130000e-06	-4.033399e-06	-1.188000e-09	-2.181740e+01	-3.182858e+02
1.140000e-06	-3.982730e-06	-1.180598e-09	-2.154333e+01	-3.165571e+02
1.150000e-06	-3.931722e-06	-1.175143e-09	-2.126741e+01	-3.148115e+02
1.160000e-06	-3.880425e-06	-1.170060e-09	-2.098994e+01	-3.130472e+02
1.170000e-06	-3.828871e-06	-1.163486e-09	-2.071108e+01	-3.112625e+02
1.180000e-06	-3.776989e-06	-1.155843e-09	-2.043044e+01	-3.094553e+02
1.190000e-06	-3.724840e-06	-1.148238e-09	-2.014835e+01	-3.076238e+02
1.200000e-06	-3.672408e-06	-1.140512e-09	-1.986474e+01	-3.057655e+02
1.210000e-06	-3.619695e-06	-1.132536e-09	-1.957961e+01	-3.038785e+02
1.220000e-06	-3.566802e-06	-1.124640e-09	-1.929350e+01	-3.019603e+02
1.230000e-06	-3.513607e-06	-1.116379e-09	-1.900575e+01	-3.000088e+02
1.240000e-06	-3.460022e-06	-1.107758e-09	-1.871590e+01	-2.980218e+02
1.250000e-06	-3.406181e-06	-1.101244e-09	-1.842467e+01	-2.959973e+02
1.260000e-06	-3.352247e-06	-1.096029e-09	-1.813293e+01	-2.939333e+02
1.270000e-06	-3.298149e-06	-1.087464e-09	-1.784030e+01	-2.918281e+02
1.280000e-06	-3.243825e-06	-1.077034e-09	-1.754645e+01	-2.896800e+02
1.290000e-06	-3.189357e-06	-1.068355e-09	-1.725183e+01	-2.874878e+02
1.300000e-06	-3.134703e-06	-1.060803e-09	-1.695619e+01	-2.852504e+02
1.310000e-06	-3.079844e-06	-1.051880e-09	-1.665945e+01	-2.829669e+02
1.320000e-06	-3.024695e-06	-1.042638e-09	-1.636114e+01	-2.806368e+02
1.330000e-06	-2.969117e-06	-1.033756e-09	-1.606051e+01	-2.782599e+02
1.340000e-06	-2.913357e-06	-1.024571e-09	-1.575889e+01	-2.758360e+02
1.350000e-06	-2.857517e-06	-1.016094e-09	-1.545684e+01	-2.733656e+02
1.360000e-06	-2.801599e-06	-1.007192e-09	-1.515437e+01	-2.708492e+02
1.370000e-06	-2.745649e-06	-9.965651e-10	-1.485173e+01	-2.682875e+02
1.380000e-06	-2.689537e-06	-9.862495e-10	-1.454820e+01	-2.656816e+02
1.390000e-06	-2.633242e-06	-9.771547e-10	-1.424370e+01	-2.630325e+02
1.400000e-06	-2.576851e-06	-9.680813e-10	-1.393867e+01	-2.603417e+02
1.410000e-06	-2.520391e-06	-9.576075e-10	-1.363327e+01	-2.576105e+02
1.420000e-06	-2.463724e-06	-9.470833e-10	-1.332674e+01	-2.548404e+02
1.430000e-06	-2.406686e-06	-9.379967e-10	-1.301821e+01	-2.520329e+02
1.440000e-06	-2.349432e-06	-9.285864e-10	-1.270852e+01	-2.491894e+02
1.450000e-06	-2.291946e-06	-9.181716e-10	-1.239756e+01	-2.463112e+02
1.460000e-06	-2.234037e-06	-9.069762e-10	-1.208432e+01	-2.433995e+02
1.470000e-06	-2.175774e-06	-8.951128e-10	-1.176917e+01	-2.404553e+02
1.480000e-06	-2.117255e-06	-8.829907e-10	-1.145263e+01	-2.374793e+02
1.490000e-06	-2.058571e-06	-8.713924e-10	-1.113520e+01	-2.344720e+02
1.500000e-06	-1.999682e-06	-8.606277e-10	-1.081665e+01	-2.314334e+02
1.510000e-06	-1.940529e-06	-8.491307e-10	-1.049668e+01	-2.283634e+02
1.520000e-06	-1.881219e-06	-8.366843e-10	-1.017587e+01	-2.252613e+02
1.530000e-06	-1.821779e-06	-8.256505e-10	-9.854341e+00	-2.221261e+02
1.540000e-06	-1.762284e-06	-8.150683e-10	-9.532522e+00	-2.189561e+02
1.550000e-06	-1.702713e-06	-8.022698e-10	-9.210292e+00	-2.157496e+02
1.560000e-06	-1.643047e-06	-7.883923e-10	-8.887548e+00	-2.125041e+02
1.570000e-06	-1.583301e-06	-7.760410e-10	-8.564370e+00	-2.092169e+02
1.580000e-06	-1.523502e-06	-7.648031e-10	-8.240906e+00	-2.058847e+02
1.590000e-06	-1.463675e-06	-7.524940e-10	-7.917289e+00	-2.025039e+02
1.600000e-06	-1.403755e-06	-7.389190e-10	-7.593174e+00	-1.990705e+02
1.610000e-06	-1.343798e-06	-7.255297e-10	-7.268853e+00	-1.955804e+02
1.620000e-06	-1.283797e-06	-7.116080e-10	-6.944298e+00	-1.920289e+02
1.630000e-06	-1.223694e-06	-6.973305e-10	-6.619189e+00	-1.884113e+02
1.640000e-06	-1.163471e-06	-6.841539e-10	-6.293431e+00	-1.847228e+02
1.650000e-06	-1.103118e-06	-6.706820e-10	-5.966970e+00	-1.809583e+02
1.660000e-06	-1.042743e-06	-6.570078e-10	-5.640390e+00	-1.771130e+02
1.670000e-06	-9.823997e-07	-6.441876e-10	-5.313983e+00	-1.731817e+02
1.680000e-06	-9.220296e-07	-6.299713e-10	-4.987430e+00	-1.691598e+02
1.690000e-06	-8.616058e-07	-6.127785e-10	-4.660586e+00	-1.650427e+02
1.700000e-06	-8.011004e-07	-5.958162e-10	-4.333302e+00	-1.608261e+02
1.710000e-06	-7.405020e-07	-5.807875e-10	-4.005513e+00	-1.565059e+02
1.720000e-06	-6.798601e-07	-5.660034e-10	-3.677490e+00	-1.520787e+02
1.730000e-06	-6.192126e-07	-5.516438e-10	-3.349436e+00	-1.475414e+02
1.740000e-06	-5.584444e-07	-5.365351e-10	-3.020730e+00	-1.428914e+02
1.750000e-06	-4.975265e-07	-5.186309e-10	-2.691213e+00	-1.381268e+02
1.760000e-06	-4.366918e-07	-4.998623e-10	-2.362147e+00	-1.332464e+02
1.770000e-06	-3.758543e-07	-4.815700e-10	-2.033066e+00	-1.282494e+02
1.780000e-06	-3.149773e-07	-4.631233e-10	-1.703771e+00	-1.231360e+02
1.790000e-06	-2.541033e-07	-4.441514e-10	-1.374492e+00	-1.179069e+02
1.800000e-06	-1.932208e-07	-4.242673e-10	-1.045167e+00	-1.125637e+02
1.810000e-06	-1.323309e-07	-4.037816e-10	-7.158026e-01	-1.071087e+02
1.820000e-06	-7.131495e-08	-3.829049e-10	-3.857559e-01	-1.015449e+02
1.830000e-06	-1.027517e-08	-3.605468e-10	-5.558030e-02	-9.587598e+01
1.840000e-06	5.066598e-08	-3.369917e-10	2.740617e-01	-9.010637e+01
1.850000e-06	1.116007e-07	-3.136734e-10	6.036690e-01	-8.424117e+01
1.860000e-06	1.725609e-07	-2.907195e-10	9.334142e-01	-7.828606e+01
1.870000e-06	2.335613e-07	-2.683595e-10	1.263377e+00	-7.224732e+01
1.880000e-06	2.945384e-07	-2.450985e-10	1.593213e+00	-6.613174e+01
1.890000e-06	3.554175e-07	-2.201380e-10	1.922520e+00	-5.994658e+01
1.900000e-06	4.162510e-07	-1.950116e-10	2.251579e+00	-5.369948e+01
1.910000e-06	4.770791e-07	-1.689963e-10	2.580610e+00	-4.739842e+01
1.920000e-06	5.379407e-07	-1.442225e-10	2.909822e+00	-4.105164e+01
1.930000e-06	5.987187e-07	-1.222599e-10	3.238581e+00	-3.466755e+01
1.940000e-06	6.593887e-07	-9.925888e-11	3.566756e+00	-2.825469e+01
1.950000e-06	7.199996e-07	-7.319588e-11	3.894612e+00	-2.182164e+01
1.960000e-06	7.805933e-07	-4.607890e-11	4.222374e+00	-1.537694e+01
1.970000e-06	8.411155e-07	-2.000744e-11	4.549751e+00	-8.929025e+00
1.980000e-06	9.014960e-07	3.757058e-12	4.876360e+00	-2.486184e+00
1.990000e-06	9.618476e-07	2.633945e-11	5.202813e+00	3.943535e+00
2.000000e-06	1.022230e-06	4.999017e-11	5.529435e+00	1.035237e+01
2.010000e-06	1.082507e-06	7.413766e-11	5.855483e+00	1.673288e+01
2.020000e-06	1.142785e-06	9.787529e-11	6.181538e+00	2.307804e+01
2.030000e-06	1.203003e-06	1.220926e-10	6.507269e+00	2.938122e+01
2.040000e-06	1.263043e-06	1.471351e-10	6.832033e+00	3.563626e+01
2.050000e-06	1.323050e-06	1.715822e-10	7.156626e+00	4.183750e+01
2.060000e-06	1.383008e-06	1.940990e-10	7.480948e+00	4.797976e+01
2.070000e-06	1.442975e-06	2.155228e-10	7.805319e+00	5.405841e+01
2.080000e-06	1.502892e-06	2.375228e-10	8.129425e+00	6.006934e+01
2.090000e-06	1.562681e-06	2.584913e-10	8.452832e+00	6.600896e+01
2.100000e-06	1.622469e-06	2.785750e-10	8.776237e+00	7.187422e+01
2.110000e-06	1.682179e-06	2.997535e-10	9.099220e+00	7.766259e+01
2.120000e-06	1.741715e-06	3.207678e-10	9.421263e+00	8.337204e+01
2.130000e-06	1.801133e-06	3.408614e-10	9.742666e+00	8.900101e+01
2.140000e-06	1.860456e-06	3.602811e-10	1.006355e+01	9.454841e+01
2.150000e-06	1.919633e-06	3.794651e-10	1.038366e+01	1.000136e+02
2.160000e-06	1.978674e-06	3.990215e-10	1.070302e+01	1.053962e+02
2.170000e-06	2.037640e-06	4.181138e-10	1.102197e+01	1.106965e+02
2.180000e-06	2.096392e-06	4.368257e-10	1.133978e+01	1.159148e+02
2.190000e-06	2.154829e-06	4.556968e-10	1.165587e+01	1.210519e+02
2.200000e-06	2.213037e-06	4.745630e-10	1.197073e+01	1.261087e+02
2.210000e-06	2.271133e-06	4.932692e-10	1.228498e+01	1.310864e+02
2.220000e-06	2.328951e-06	5.109451e-10	1.259773e+01	1.359865e+02
2.230000e-06	2.386284e-06	5.272589e-10	1.290786e+01	1.408104e+02
2.240000e-06	2.443244e-06	5.446994e-10	1.321596e+01	1.455599e+02
2.250000e-06	2.500047e-06	5.635937e-10	1.352322e+01	1.502366e+02
2.260000e-06	2.556651e-06	5.805933e-10	1.382940e+01	1.548424e+02
2.270000e-06	2.613056e-06	5.955239e-10	1.413451e+01	1.593789e+02
2.280000e-06	2.669294e-06	6.104594e-10	1.443871e+01	1.638482e+02
2.290000e-06	2.725335e-06	6.254658e-10	1.474185e+01	1.682518e+02
2.300000e-06	2.781277e-06	6.405099e-10	1.504445e+01	1.725916e+02
2.310000e-06	2.837018e-06	6.571305e-10	1.534596e+01	1.768692e+02
2.320000e-06	2.892535e-06	6.744109e-10	1.564626e+01	1.810863e+02
2.330000e-06	2.947887e-06	6.915861e-10	1.594567e+01	1.852442e+02
2.340000e-06	3.003140e-06	7.077700e-10	1.624455e+01	1.893445e+02
2.350000e-06	3.058278e-06	7.217694e-10	1.654280e+01	1.933884e+02
2.360000e-06	3.113205e-06	7.340577e-10	1.683991e+01	1.973772e+02
2.370000e-06	3.167922e-06	7.456379e-10	1.713588e+01	2.013118e+02
2.380000e-06	3.222335e-06	7.571645e-10	1.743021e+01	2.051933e+02
2.390000e-06	3.276492e-06	7.703219e-10	1.772315e+01	2.090226e+02
2.400000e-06	3.330452e-06	7.861810e-10	1.801503e+01	2.128004e+02
2.410000e-06	3.384165e-06	8.021898e-10	1.830558e+01	2.165273e+02
2.420000e-06	3.437635e-06	8.175000e-10	1.859481e+01	2.202040e+02
2.430000e-06	3.490930e-06	8.321416e-10	1.888309e+01	2.238309e+02
2.440000e-06	3.544075e-06	8.454130e-10	1.917056e+01	2.274084e+02
2.450000e-06	3.596965e-06	8.583400e-10	1.945666e+01	2.309369e+02
2.460000e-06	3.649536e-06	8.708364e-10	1.974102e+01	2.344166e+02
2.470000e-06	3.701834e-06	8.825900e-10	2.002391e+01	2.378478e+02
2.480000e-06	3.753781e-06	8.944115e-10	2.030490e+01	2.412307e+02
2.490000e-06	3.805335e-06	9.069254e-10	2.058377e+01	2.445653e+02
2.500000e-06	3.856615e-06	9.198325e-10	2.086115e+01	2.478518e+02
2.510000e-06	3.907616e-06	9.318926e-10	2.113703e+01	2.510904e+02
2.520000e-06	3.958209e-06	9.433942e-10	2.141069e+01	2.542810e+02
2.530000e-06	4.008371e-06	9.546748e-10	2.168203e+01	2.574238e+02
2.540000e-06	4.058146e-06	9.661679e-10	2.195127e+01	2.605189e+02
2.550000e-06	4.107484e-06	9.771827e-10	2.221814e+01	2.635663e+02
2.560000e-06	4.156286e-06	9.872993e-10	2.248213e+01	2.665661e+02
2.570000e-06	4.204680e-06	9.967996e-10	2.274390e+01	2.695185e+02
2.580000e-06	4.252938e-06	1.006329e-09	2.300494e+01	2.724236e+02
2.590000e-06	4.300953e-06	1.016796e-09	2.326465e+01	2.752814e+02
2.600000e-06	4.348634e-06	1.027718e-09	2.352257e+01	2.780923e+02
2.610000e-06	4.396054e-06	1.037663e-09	2.377908e+01	2.808563e+02
2.620000e-06	4.443261e-06	1.047044e-09	2.403443e+01	2.835737e+02
2.630000e-06	4.490164e-06	1.056686e-09	2.428813e+01	2.862447e+02
2.640000e-06	4.536624e-06	1.066284e-09	2.453944e+01	2.888696e+02
2.650000e-06	4.582763e-06	1.075442e-09	2.478902e+01	2.914487e+02
2.660000e-06	4.628606e-06	1.084174e-09	2.503699e+01	2.939822e+02
2.670000e-06	4.674087e-06	1.091933e-09	2.528301e+01	2.964706e+02
2.680000e-06	4.719324e-06	1.098304e-09	2.552770e+01	2.989141e+02
2.690000e-06	4.764222e-06	1.106294e-09	2.577057e+01	3.013131e+02
2.700000e-06	4.808684e-06	1.115340e-09	2.601107e+01	3.036681e+02
2.710000e-06	4.852932e-06	1.123488e-09	2.625041e+01	3.059793e+02
2.720000e-06	4.897048e-06	1.132463e-09	2.648904e+01	3.082474e+02
2.730000e-06	4.940905e-06	1.141995e-09	2.672628e+01	3.104726e+02
2.740000e-06	4.984448e-06	1.151048e-09	2.696181e+01	3.126555e+02
2.750000e-06	5.027793e-06	1.159283e-09	2.719627e+01	3.147965e+02
2.760000e-06	5.070831e-06	1.166062e-09	2.742907e+01	3.168961e+02
2.770000e-06	5.113247e-06	1.172691e-09	2.765851e+01	3.189548e+02
2.780000e-06	5.155087e-06	1.180724e-09	2.788483e+01	3.209732e+02
2.790000e-06	5.196354e-06	1.189390e-09	2.810805e+01	3.229517e+02
2.800000e-06	5.237044e-06	1.197183e-09	2.832815e+01	3.248909e+02
2.810000e-06	5.277284e-06	1.204339e-09	2.854581e+01	3.267913e+02
2.820000e-06	5.317133e-06	1.211298e-09	2.876137e+01	3.286535e+02
2.830000e-06	5.356762e-06	1.218014e-09	2.897572e+01	3.304782e+02
2.840000e-06	5.396191e-06	1.224533e-09	2.918900e+01	3.322659e+02
2.850000e-06	5.435284e-06	1.230884e-09	2.940047e+01	3.340172e+02
2.860000e-06	5.473967e-06	1.236630e-09	2.960971e+01	3.357328e+02
2.870000e-06	5.512212e-06	1.242403e-09	2.981658e+01	3.374133e+02
2.880000e-06	5.550022e-06	1.249622e-09	3.002111e+01	3.390594e+02
2.890000e-06	5.587345e-06	1.256948e-09	3.022299e+01	3.406719e+02
2.900000e-06	5.624251e-06	1.263227e-09	3.042262e+01	3.422514e+02
2.910000e-06	5.660873e-06	1.269310e-09	3.062072e+01	3.437987e+02
2.920000e-06	5.697135e-06	1.276101e-09	3.081687e+01	3.453145e+02
2.930000e-06	5.733024e-06	1.284138e-09	3.101099e+01	3.467997e+02
2.940000e-06	5.768723e-06	1.292543e-09	3.120410e+01	3.482550e+02
2.950000e-06	5.804240e-06	1.298726e-09	3.139622e+01	3.496813e+02
2.960000e-06	5.839443e-06	1.303511e-09	3.158663e+01	3.510793e+02
2.970000e-06	5.874122e-06	1.309883e-09	3.177422e+01	3.524500e+02
2.980000e-06	5.908246e-06	1.316842e-09	3.195880e+01	3.537942e+02
2.990000e-06	5.941719e-06	1.322495e-09	3.213986e+01	3.551128e+02
3.000000e-06	5.974417e-06	1.327403e-09	3.231673e+01	3.564066e+02
3.010000e-06	6.006539e-06	1.332735e-09	3.249049e+01	3.576764e+02
3.020000e-06	6.038263e-06	1.338999e-09	3.266209e+01	3.589233e+02
3.030000e-06	6.069724e-06	1.346417e-09	3.283227e+01	3.601479e+02
3.040000e-06	6.100906e-06	1.353527e-09	3.300094e+01	3.613512e+02
3.050000e-06	6.131756e-06	1.359232e-09	3.316781e+01	3.625339e+02
3.060000e-06	6.162233e-06	1.366361e-09	3.333267e+01	3.636969e+02
3.070000e-06	6.192215e-06	1.373977e-09	3.349485e+01	3.648409e+02
3.080000e-06	6.221707e-06	1.377954e-09	3.365437e+01	3.659667e+02
3.090000e-06	6.250817e-06	1.380599e-09	3.381183e+01	3.670749e+02
3.100000e-06	6.279560e-06	1.385760e-09	3.396731e+01	3.681661e+02
3.110000e-06	6.307913e-06	1.392771e-09	3.412068e+01	3.692410e+02
3.120000e-06	6.335901e-06	1.398890e-09	3.427207e+01	3.703002e+02
3.130000e-06	6.363527e-06	1.403953e-09	3.442151e+01	3.713440e+02
3.140000e-06	6.390814e-06	1.408642e-09	3.456911e+01	3.723729e+02
3.150000e-06	6.417713e-06	1.412918e-09	3.471460e+01	3.733873e+02
3.160000e-06	6.444043e-06	1.418136e-09	3.485703e+01	3.743875e+02
3.170000e-06	6.469572e-06	1.423842e-09	3.499512e+01	3.753738e+02
3.180000e-06	6.494245e-06	1.429611e-09	3.512858e+01	3.763462e+02
3.190000e-06	6.518293e-06	1.433984e-09	3.525866e+01	3.773051e+02
3.200000e-06	6.541967e-06	1.436899e-09	3.538672e+01	3.782503e+02
3.210000e-06	6.565232e-06	1.441411e-09	3.551256e+01	3.791821e+02
3.220000e-06	6.588088e-06	1.446899e-09	3.563620e+01	3.801002e+02
3.230000e-06	6.610593e-06	1.451587e-09	3.575793e+01	3.810047e+02
3.240000e-06	6.632563e-06	1.455844e-09	3.587677e+01	3.818955e+02
3.250000e-06	6.654025e-06	1.460279e-09	3.599286e+01	3.827723e+02
3.260000e-06	6.674995e-06	1.464519e-09	3.610629e+01	3.836351e+02
3.270000e-06	6.695561e-06	1.468878e-09	3.621754e+01	3.844836e+02
3.280000e-06	6.715820e-06	1.472697e-09	3.632712e+01	3.853176e+02
3.290000e-06	6.735702e-06	1.476656e-09	3.643466e+01	3.861369e+02
3.300000e-06	6.755308e-06	1.481962e-09	3.654072e+01	3.869413e+02
3.310000e-06	6.774472e-06	1.486257e-09	3.664438e+01	3.877306e+02
3.320000e-06	6.792977e-06	1.489142e-09	3.674448e+01	3.885045e+02
3.330000e-06	6.810912e-06	1.491632e-09	3.684149e+01	3.892629e+02
3.340000e-06	6.828440e-06	1.493802e-09	3.693631e+01	3.900055e+02
3.350000e-06	6.845608e-06	1.496855e-09	3.702917e+01	3.907321e+02
3.360000e-06	6.862153e-06	1.501142e-09	3.711867e+01	3.914428e+02
3.370000e-06	6.878126e-06	1.504541e-09	3.720506e+01	3.921372e+02
3.380000e-06	6.893708e-06	1.507870e-09	3.728935e+01	3.928153e+02
3.390000e-06	6.908629e-06	1.511737e-09	3.737006e+01	3.934771e+02
3.400000e-06	6.922815e-06	1.515601e-09	3.744679e+01	3.941223e+02
3.410000e-06	6.936524e-06	1.520215e-09	3.752095e+01	3.947511e+02
3.420000e-06	6.949860e-06	1.523160e-09	3.759309e+01	3.953633e+02
3.430000e-06	6.962748e-06	1.524291e-09	3.766280e+01	3.959589e+02
3.440000e-06	6.975130e-06	1.526307e-09	3.772978e+01	3.965379e+02
3.450000e-06	6.986959e-06	1.530834e-09	3.779376e+01	3.971003e+02
3.460000e-06	6.998359e-06	1.536145e-09	3.785543e+01	3.976459e+02
3.470000e-06	7.009241e-06	1.539253e-09	3.791429e+01	3.981748e+02
3.480000e-06	7.019420e-06	1.540388e-09	3.796935e+01	3.986868e+02
3.490000e-06	7.028709e-06	1.542369e-09	3.801960e+01	3.991818e+02
3.500000e-06	7.037147e-06	1.545936e-09	3.806524e+01	3.996597e+02
3.510000e-06	7.045109e-06	1.549584e-09	3.810831e+01	4.001203e+02
3.520000e-06	7.052739e-06	1.551804e-09	3.814958e+01	4.005634e+02
3.530000e-06	7.059942e-06	1.553321e-09	3.818854e+01	4.009887e+02
3.540000e-06	7.066710e-06	1.556433e-09	3.822515e+01	4.013958e+02
3.550000e-06	7.073066e-06	1.559887e-09	3.825953e+01	4.017844e+02
3.560000e-06	7.078872e-06	1.562732e-09	3.829094e+01	4.021541e+02
3.570000e-06	7.084177e-06	1.565251e-09	3.831964e+01	4.025044e+02
3.580000e-06	7.089033e-06	1.566855e-09	3.834590e+01	4.028349e+02
3.590000e-06	7.093394e-06	1.569302e-09	3.836949e+01	4.031448e+02
3.600000e-06	7.097322e-06	1.573693e-09	3.839074e+01	4.034338e+02
3.610000e-06	7.100922e-06	1.577933e-09	3.841021e+01	4.037011e+02
3.620000e-06	7.104004e-06	1.580116e-09	3.842688e+01	4.039462e+02
3.630000e-06	7.106473e-06	1.581825e-09	3.844023e+01	4.041684e+02
3.640000e-06	7.108424e-06	1.583580e-09	3.845079e+01	4.043673e+02
3.650000e-06	7.109660e-06	1.584811e-09	3.845748e+01	4.045421e+02
3.660000e-06	7.110127e-06	1.585986e-09	3.846000e+01	4.046923e+02
3.670000e-06	7.110105e-06	1.586974e-09	3.845988e+01	4.048174e+02
3.680000e-06	7.109795e-06	1.587708e-09	3.845821e+01	4.049171e+02
3.690000e-06	7.109093e-06	1.588233e-09	3.845441e+01	4.049909e+02
3.700000e-06	7.107828e-06	1.589918e-09	3.844757e+01	4.050385e+02
3.710000e-06	7.106044e-06	1.591866e-09	3.843792e+01	4.050598e+02
3.720000e-06	7.103882e-06	1.592782e-09	3.842622e+01	4.050547e+02
3.730000e-06	7.101303e-06	1.595514e-09	3.841227e+01	4.050232e+02
3.740000e-06	7.098205e-06	1.598722e-09	3.839552e+01	4.049656e+02
3.750000e-06	7.094676e-06	1.584404e-09	3.837642e+01	4.048820e+02
3.760000e-06	7.090801e-06	1.567325e-09	3.835547e+01	4.047729e+02
3.770000e-06	7.086267e-06	1.616806e-09	3.833094e+01	4.046390e+02
3.780000e-06	7.080700e-06	1.673807e-09	3.830083e+01	4.044808e+02
3.790000e-06	7.074422e-06	1.586986e-09	3.826687e+01	4.042991e+02
3.800000e-06	7.067934e-06	1.495378e-09	3.823177e+01	4.040950e+02
3.810000e-06	7.061148e-06	1.595417e-09	3.819507e+01	4.038694e+02
3.820000e-06	7.053755e-06	1.707973e-09	3.815508e+01	4.036235e+02
3.830000e-06	7.045804e-06	1.591147e-09	3.811206e+01	4.033586e+02
3.840000e-06	7.037506e-06	1.457276e-09	3.806718e+01	4.030758e+02
3.850000e-06	7.028882e-06	1.609224e-09	3.802053e+01	4.027767e+02
3.860000e-06	7.019720e-06	1.763155e-09	3.797097e+01	4.024625e+02
3.870000e-06	7.009969e-06	1.576684e-09	3.791823e+01	4.021347e+02
3.880000e-06	6.999776e-06	1.401261e-09	3.786309e+01	4.017947e+02
3.890000e-06	6.989136e-06	1.609358e-09	3.780554e+01	4.014439e+02
3.900000e-06	6.977868e-06	1.773542e-09	3.774459e+01	4.010836e+02
3.910000e-06	6.966022e-06	1.551822e-09	3.768051e+01	4.007151e+02
3.920000e-06	6.953710e-06	1.431763e-09	3.761391e+01	4.003396e+02
3.930000e-06	6.940623e-06	1.670488e-09	3.754312e+01	3.999583e+02
3.940000e-06	6.926658e-06	1.719042e-09	3.746759e+01	3.995721e+02
3.950000e-06	6.912051e-06	1.465314e-09	3.738857e+01	3.991819e+02
3.960000e-06	6.896891e-06	1.486639e-09	3.730657e+01	3.987884e+02
3.970000e-06	6.881251e-06	1.720568e-09	3.722197e+01	3.983923e+02
3.980000e-06	6.865165e-06	1.625713e-09	3.713496e+01	3.979939e+02
3.990000e-06	6.848621e-06	1.445615e-09	3.704547e+01	3.975935e+02
4.000000e-06	6.831594e-06	1.613444e-09	3.695336e+01	3.971913e+02
4.010000e-06	6.814006e-06	1.704774e-09	3.685823e+01	3.967873e+02
4.020000e-06	6.796017e-06	1.482140e-09	3.676092e+01	3.963811e+02
4.030000e-06	6.777677e-06	1.484130e-09	3.666172e+01	3.959726e+02
4.040000e-06	6.758754e-06	1.706755e-09	3.655936e+01	3.955612e+02
4.050000e-06	6.739356e-06	1.615674e-09	3.645443e+01	3.951464e+02
4.060000e-06	6.719597e-06	1.443671e-09	3.634755e+01	3.947275e+02
4.070000e-06	6.699459e-06	1.596867e-09	3.623862e+01	3.943037e+02
4.080000e-06	6.679017e-06	1.674984e-09	3.612805e+01	3.938741e+02
4.090000e-06	6.658287e-06	1.493246e-09	3.601592e+01	3.934379e+02
4.100000e-06	6.636958e-06	1.511805e-09	3.590054e+01	3.929941e+02
4.110000e-06	6.614811e-06	1.658972e-09	3.578074e+01	3.925417e+02
4.120000e-06	6.592008e-06	1.564473e-09	3.565740e+01	3.920798e+02
4.130000e-06	6.568503e-06	1.491118e-09	3.553026e+01	3.916074e+02
4.140000e-06	6.544490e-06	1.614111e-09	3.540037e+01	3.911237e+02
4.150000e-06	6.520221e-06	1.599245e-09	3.526909e+01	3.906278e+02
4.160000e-06	6.495688e-06	1.492701e-09	3.513639e+01	3.901189e+02
4.170000e-06	6.470672e-06	1.563467e-09	3.500107e+01	3.895963e+02
4.180000e-06	6.445061e-06	1.614356e-09	3.486254e+01	3.890593e+02
4.190000e-06	6.418938e-06	1.528676e-09	3.472123e+01	3.885074e+02
4.200000e-06	6.392253e-06	1.535503e-09	3.457689e+01	3.879402e+02
4.210000e-06	6.365080e-06	1.592239e-09	3.442990e+01	3.873573e+02
4.220000e-06	6.337459e-06	1.544675e-09	3.428050e+01	3.867585e+02
4.230000e-06	6.309512e-06	1.524500e-09	3.412933e+01	3.861435e+02
4.240000e-06	6.281316e-06	1.569232e-09	3.397681e+01	3.855122e+02
4.250000e-06	6.252800e-06	1.556224e-09	3.382256e+01	3.848646e+02
4.260000e-06	6.223954e-06	1.532201e-09	3.366653e+01	3.842008e+02
4.270000e-06	6.194697e-06	1.554194e-09	3.350827e+01	3.835208e+02
4.280000e-06	6.164813e-06	1.554123e-09	3.334662e+01	3.828247e+02
4.290000e-06	6.134112e-06	1.535599e-09	3.318055e+01	3.821126e+02
4.300000e-06	6.102698e-06	1.536047e-09	3.301063e+01	3.813847e+02
4.310000e-06	6.070779e-06	1.536587e-09	3.283798e+01	3.806409e+02
4.320000e-06	6.038488e-06	1.535404e-09	3.266331e+01	3.798815e+02
4.330000e-06	6.005920e-06	1.535032e-09	3.248714e+01	3.791064e+02
4.340000e-06	5.973003e-06	1.527914e-09	3.230909e+01	3.783156e+02
4.350000e-06	5.939680e-06	1.529820e-09	3.212884e+01	3.775090e+02
4.360000e-06	5.905911e-06	1.531509e-09	3.194617e+01	3.766864e+02
4.370000e-06	5.871721e-06	1.520443e-09	3.176123e+01	3.758476e+02
4.380000e-06	5.837145e-06	1.521314e-09	3.157420e+01	3.749922e+02
4.390000e-06	5.802166e-06	1.526544e-09	3.138500e+01	3.741198e+02
4.400000e-06	5.766659e-06	1.513995e-09	3.119293e+01	3.732298e+02
4.410000e-06	5.730743e-06	1.510612e-09	3.099866e+01	3.723217e+02
4.420000e-06	5.694690e-06	1.520257e-09	3.080364e+01	3.713947e+02
4.430000e-06	5.658450e-06	1.513096e-09	3.060761e+01	3.704482e+02
4.440000e-06	5.621871e-06	1.502225e-09	3.040975e+01	3.694814e+02
4.450000e-06	5.584783e-06	1.505677e-09	3.020913e+01	3.684934e+02
4.460000e-06	5.547156e-06	1.506272e-09	3.000560e+01	3.674834e+02
4.470000e-06	5.508795e-06	1.499146e-09	2.979810e+01	3.664506e+02
4.480000e-06	5.469798e-06	1.494831e-09	2.958716e+01	3.653941e+02
4.490000e-06	5.430359e-06	1.492063e-09	2.937382e+01	3.643131e+02
4.500000e-06	5.390453e-06	1.487117e-09	2.915797e+01	3.632069e+02
4.510000e-06	5.350237e-06	1.482335e-09	2.894043e+01	3.620749e+02
4.520000e-06	5.309844e-06	1.480323e-09	2.872194e+01	3.609164e+02
4.530000e-06	5.269202e-06	1.477946e-09	2.850210e+01	3.597312e+02
4.540000e-06	5.228305e-06	1.472620e-09	2.828088e+01	3.585187e+02
4.550000e-06	5.187050e-06	1.468778e-09	2.805772e+01	3.572790e+02
4.560000e-06	5.145322e-06	1.467897e-09	2.783201e+01	3.560119e+02
4.570000e-06	5.103206e-06	1.462924e-09	2.760420e+01	3.547175e+02
4.580000e-06	5.060786e-06	1.454264e-09	2.737474e+01	3.533962e+02
4.590000e-06	5.017992e-06	1.447182e-09	2.714325e+01	3.520484e+02
4.600000e-06	4.974736e-06	1.442599e-09	2.690927e+01	3.506747e+02
4.610000e-06	4.931107e-06	1.438536e-09	2.667328e+01	3.492757e+02
4.620000e-06	4.887211e-06	1.433884e-09	2.643583e+01	3.478525e+02
4.630000e-06	4.843149e-06	1.429825e-09	2.619749e+01	3.464058e+02
4.640000e-06	4.798930e-06	1.426244e-09	2.595831e+01	3.449369e+02
4.650000e-06	4.754362e-06	1.421114e-09	2.571723e+01	3.434468e+02
4.660000e-06	4.709405e-06	1.413800e-09	2.547405e+01	3.419367e+02
4.670000e-06	4.664154e-06	1.405217e-09	2.522928e+01	3.404077e+02
4.680000e-06	4.618602e-06	1.397152e-09	2.498288e+01	3.388612e+02
4.690000e-06	4.572760e-06	1.391006e-09	2.473491e+01	3.372982e+02
4.700000e-06	4.526465e-06	1.386767e-09	2.448449e+01	3.357197e+02
4.710000e-06	4.479783e-06	1.382714e-09	2.423198e+01	3.341268e+02
4.720000e-06	4.432895e-06	1.376578e-09	2.397836e+01	3.325203e+02
4.730000e-06	4.385724e-06	1.368451e-09	2.372320e+01	3.309009e+02
4.740000e-06	4.338207e-06	1.359748e-09	2.346617e+01	3.292691e+02
4.750000e-06	4.290377e-06	1.353430e-09	2.320745e+01	3.276251e+02
4.760000e-06	4.242366e-06	1.348598e-09	2.294775e+01	3.259691e+02
4.770000e-06	4.194041e-06	1.341837e-09	2.268635e+01	3.243009e+02
4.780000e-06	4.145253e-06	1.336126e-09	2.242245e+01	3.226202e+02
4.790000e-06	4.096021e-06	1.333550e-09	2.215614e+01	3.209263e+02
4.800000e-06	4.046309e-06	1.328694e-09	2.188724e+01	3.192183e+02
4.810000e-06	3.996264e-06	1.320032e-09	2.161653e+01	3.174951e+02
4.820000e-06	3.945981e-06	1.311242e-09	2.134455e+01	3.157554e+02
4.830000e-06	3.895459e-06	1.303390e-09	2.107126e+01	3.139976e+02
4.840000e-06	3.844684e-06	1.296582e-09	2.079661e+01	3.122200e+02
4.850000e-06	3.793574e-06	1.289615e-09	2.052015e+01	3.104206e+02
4.860000e-06	3.742062e-06	1.281374e-09	2.024151e+01	3.085976e+02
4.870000e-06	3.690246e-06	1.274260e-09	1.996123e+01	3.067486e+02
4.880000e-06	3.638120e-06	1.267794e-09	1.967927e+01	3.048715e+02
4.890000e-06	3.585684e-06	1.260528e-09	1.939563e+01	3.029640e+02
4.900000e-06	3.533054e-06	1.253120e-09	1.911095e+01	3.010240e+02
4.910000e-06	3.480271e-06	1.245780e-09	1.882544e+01	2.990492e+02
4.920000e-06	3.427228e-06	1.238045e-09	1.853852e+01	2.970375e+02
4.930000e-06	3.373782e-06	1.229665e-09	1.824942e+01	2.949870e+02
4.940000e-06	3.320037e-06	1.221491e-09	1.795870e+01	2.928957e+02
4.950000e-06	3.265993e-06	1.214031e-09	1.766636e+01	2.907622e+02
4.960000e-06	3.211436e-06	1.205701e-09	1.737126e+01	2.885850e+02
4.970000e-06	3.156417e-06	1.196883e-09	1.707365e+01	2.863628e+02
4.980000e-06	3.101152e-06	1.188443e-09	1.677471e+01	2.840949e+02
4.990000e-06	3.045702e-06	1.179380e-09	1.647477e+01	2.817805e+02
5.000000e-06	2.989980e-06	1.169631e-09	1.617336e+01	2.794192e+02
5.010000e-06	2.933934e-06	1.158643e-09	1.587020e+01	2.770111e+02
5.020000e-06	2.877729e-06	1.147663e-09	1.556617e+01	2.745563e+02
5.030000e-06	2.821527e-06	1.138315e-09	1.526217e+01	2.720552e+02
5.040000e-06	2.765127e-06	1.130067e-09	1.495709e+01	2.695086e+02
5.050000e-06	2.708521e-06	1.121235e-09	1.465090e+01	2.669174e+02
5.060000e-06	2.651830e-06	1.112039e-09	1.434424e+01	2.642827e+02
5.070000e-06	2.595067e-06	1.101879e-09	1.403720e+01	2.616058e+02
5.080000e-06	2.538137e-06	1.090128e-09	1.372926e+01	2.588880e+02
5.090000e-06	2.480886e-06	1.078123e-09	1.341957e+01	2.561308e+02
5.100000e-06	2.423420e-06	1.066187e-09	1.310873e+01	2.533357e+02
5.110000e-06	2.365812e-06	1.053554e-09	1.279712e+01	2.505041e+02
5.120000e-06	2.308079e-06	1.041813e-09	1.248483e+01	2.476375e+02
5.130000e-06	2.250181e-06	1.031250e-09	1.217165e+01	2.447369e+02
5.140000e-06	2.192094e-06	1.020286e-09	1.185745e+01	2.418035e+02
5.150000e-06	2.133827e-06	1.007749e-09	1.154227e+01	2.388382e+02
5.160000e-06	2.075367e-06	9.939927e-10	1.122605e+01	2.358414e+02
5.170000e-06	2.016737e-06	9.806738e-10	1.090891e+01	2.328133e+02
5.180000e-06	1.958030e-06	9.680899e-10	1.059135e+01	2.297540e+02
5.190000e-06	1.899181e-06	9.552466e-10	1.027302e+01	2.266628e+02
5.200000e-06	1.840077e-06	9.416520e-10	9.953320e+00	2.235388e+02
5.210000e-06	1.780866e-06	9.272642e-10	9.633037e+00	2.203807e+02
5.220000e-06	1.721649e-06	9.120927e-10	9.312719e+00	2.171868e+02
5.230000e-06	1.662399e-06	8.982105e-10	8.992224e+00	2.139547e+02
5.240000e-06	1.603093e-06	8.850848e-10	8.671431e+00	2.106818e+02
5.250000e-06	1.543709e-06	8.706295e-10	8.350212e+00	2.073650e+02
5.260000e-06	1.484189e-06	8.557882e-10	8.028257e+00	2.040010e+02
5.270000e-06	1.424504e-06	8.416651e-10	7.705407e+00	2.005857e+02
5.280000e-06	1.364683e-06	8.268846e-10	7.381826e+00	1.971151e+02
5.290000e-06	1.304798e-06	8.109649e-10	7.057898e+00	1.935846e+02
5.300000e-06	1.244798e-06	7.939193e-10	6.733346e+00	1.899898e+02
5.310000e-06	1.184659e-06	7.772045e-10	6.408044e+00	1.863255e+02
5.320000e-06	1.124490e-06	7.619845e-10	6.082573e+00	1.825870e+02
5.330000e-06	1.064267e-06	7.468776e-10	5.756821e+00	1.787693e+02
5.340000e-06	1.004027e-06	7.314995e-10	5.430972e+00	1.748673e+02
5.350000e-06	9.438530e-07	7.154526e-10	5.105477e+00	1.708763e+02
5.360000e-06	8.836852e-07	6.976744e-10	4.780018e+00	1.667915e+02
5.370000e-06	8.234414e-07	6.791209e-10	4.454148e+00	1.626086e+02
5.380000e-06	7.631031e-07	6.605725e-10	4.127767e+00	1.583234e+02
5.390000e-06	7.027467e-07	6.417455e-10	3.801288e+00	1.539324e+02
5.400000e-06	6.423821e-07	6.218659e-10	3.474765e+00	1.494322e+02
5.410000e-06	5.819643e-07	6.014136e-10	3.147954e+00	1.448201e+02
5.420000e-06	5.215085e-07	5.821335e-10	2.820937e+00	1.400940e+02
5.430000e-06	4.609954e-07	5.627397e-10	2.493610e+00	1.352523e+02
5.440000e-06	4.004292e-07	5.424680e-10	2.165996e+00	1.302943e+02
5.450000e-06	3.398188e-07	5.209767e-10	1.838143e+00	1.252198e+02
5.460000e-06	2.791487e-07	4.982408e-10	1.509967e+00	1.200292e+02
5.470000e-06	2.185248e-07	4.758919e-10	1.182041e+00	1.147240e+02
5.480000e-06	1.579210e-07	4.542666e-10	8.542239e-01	1.093061e+02
5.490000e-06	9.732496e-08	4.318624e-10	5.264488e-01	1.037782e+02
5.500000e-06	3.676055e-08	4.087298e-10	1.988447e-01	9.814399e+01
5.510000e-06	-2.383665e-08	3.848348e-10	-1.289369e-01	9.240751e+01
5.520000e-06	-8.446818e-08	3.603851e-10	-4.569041e-01	8.657367e+01
5.530000e-06	-1.451134e-07	3.371393e-10	-7.849453e-01	8.064796e+01
5.540000e-06	-2.057539e-07	3.136370e-10	-1.112961e+00	7.463647e+01
5.550000e-06	-2.663562e-07	2.897313e-10	-1.440770e+00	6.854582e+01
5.560000e-06	-3.269810e-07	2.660905e-10	-1.768701e+00	6.238312e+01
5.570000e-06	-3.876389e-07	2.414197e-10	-2.096811e+00	5.615590e+01
5.580000e-06	-4.481742e-07	2.157175e-10	-2.424258e+00	4.987203e+01
5.590000e-06	-5.086636e-07	1.890107e-10	-2.751456e+00	4.353966e+01
5.600000e-06	-5.692105e-07	1.629070e-10	-3.078966e+00	3.716717e+01
5.610000e-06	-6.296653e-07	1.380619e-10	-3.405977e+00	3.076305e+01
5.620000e-06	-6.900232e-07	1.136869e-10	-3.732464e+00	2.433588e+01
5.630000e-06	-7.503548e-07	8.924003e-11	-4.058809e+00	1.789422e+01
5.640000e-06	-8.106338e-07	6.321956e-11	-4.384869e+00	1.144655e+01
5.650000e-06	-8.709606e-07	3.608352e-11	-4.711188e+00	5.001210e+00
5.660000e-06	-9.312677e-07	9.361525e-12	-5.037401e+00	-1.433659e+00
5.670000e-06	-9.914528e-07	-1.639720e-11	-5.362953e+00	-7.850194e+00
5.680000e-06	-1.051632e-06	-4.105470e-11	-5.688475e+00	-1.424085e+01
5.690000e-06	-1.111777e-06	-6.539775e-11	-6.013808e+00	-2.059845e+01
5.700000e-06	-1.171855e-06	-9.114607e-11	-6.338780e+00	-2.691623e+01
5.710000e-06	-1.231908e-06	-1.173033e-10	-6.663622e+00	-3.318787e+01
5.720000e-06	-1.291918e-06	-1.419727e-10	-6.988228e+00	-3.940754e+01
5.730000e-06	-1.351806e-06	-1.658255e-10	-7.312171e+00	-4.556990e+01
5.740000e-06	-1.411596e-06	-1.895487e-10	-7.635585e+00	-5.167013e+01
5.750000e-06	-1.471335e-06	-2.136339e-10	-7.958723e+00	-5.770396e+01
5.760000e-06	-1.530957e-06	-2.389862e-10	-8.281233e+00	-6.366761e+01
5.770000e-06	-1.590469e-06	-2.642461e-10	-8.603142e+00	-6.955786e+01
5.780000e-06	-1.649813e-06	-2.890686e-10	-8.924147e+00	-7.537201e+01
5.790000e-06	-1.708931e-06	-3.144343e-10	-9.243928e+00	-8.110786e+01
5.800000e-06	-1.767964e-06	-3.398486e-10	-9.563245e+00	-8.676369e+01
5.810000e-06	-1.826968e-06	-3.634537e-10	-9.882412e+00	-9.233828e+01
5.820000e-06	-1.885851e-06	-3.854676e-10	-1.020092e+01	-9.783080e+01
5.830000e-06	-1.944636e-06	-4.085334e-10	-1.051890e+01	-1.032409e+02
5.840000e-06	-2.003298e-06	-4.335194e-10	-1.083621e+01	-1.085685e+02
5.850000e-06	-2.061813e-06	-4.582313e-10	-1.115273e+01	-1.138139e+02
5.860000e-06	-2.120202e-06	-4.800134e-10	-1.146857e+01	-1.189779e+02
5.870000e-06	-2.178435e-06	-4.996605e-10	-1.178356e+01	-1.240612e+02
5.880000e-06	-2.236534e-06	-5.199604e-10	-1.209783e+01	-1.290650e+02
5.890000e-06	-2.294423e-06	-5.413407e-10	-1.241096e+01	-1.339907e+02
5.900000e-06	-2.352087e-06	-5.629798e-10	-1.272288e+01	-1.388398e+02
5.910000e-06	-2.409496e-06	-5.851264e-10	-1.303341e+01	-1.436138e+02
5.920000e-06	-2.466716e-06	-6.065294e-10	-1.334293e+01	-1.483145e+02
5.930000e-06	-2.523850e-06	-6.272341e-10	-1.365198e+01	-1.529436e+02
5.940000e-06	-2.580709e-06	-6.478661e-10	-1.395954e+01	-1.575029e+02
5.950000e-06	-2.637347e-06	-6.681160e-10	-1.426590e+01	-1.619943e+02
5.960000e-06	-2.693901e-06	-6.875265e-10	-1.457181e+01	-1.664195e+02
5.970000e-06	-2.750275e-06	-7.062700e-10	-1.487675e+01	-1.707803e+02
5.980000e-06	-2.806467e-06	-7.253025e-10	-1.518070e+01	-1.750783e+02
5.990000e-06	-2.862567e-06	-7.443752e-10	-1.548416e+01	-1.793153e+02
6.000000e-06	-2.918583e-06	-7.617586e-10	-1.578716e+01	-1.834927e+02
6.010000e-06	-2.974413e-06	-7.775050e-10	-1.608916e+01	-1.876119e+02
6.020000e-06	-3.029958e-06	-7.931279e-10	-1.638961e+01	-1.916744e+02
6.030000e-06	-3.085270e-06	-8.090951e-10	-1.668880e+01	-1.956813e+02
6.040000e-06	-3.140222e-06	-8.262456e-10	-1.698605e+01	-1.996338e+02
6.050000e-06	-3.194655e-06	-8.437028e-10	-1.728048e+01	-2.035328e+02
6.060000e-06	-3.248822e-06	-8.606232e-10	-1.757349e+01	-2.073793e+02
6.070000e-06	-3.302726e-06	-8.763793e-10	-1.786506e+01	-2.111740e+02
6.080000e-06	-3.356215e-06	-8.914399e-10	-1.815439e+01	-2.149177e+02
6.090000e-06	-3.409543e-06	-9.075706e-10	-1.844285e+01	-2.186110e+02
6.100000e-06	-3.462631e-06	-9.238754e-10	-1.873001e+01	-2.222543e+02
6.110000e-06	-3.515220e-06	-9.390229e-10	-1.901448e+01	-2.258482e+02
6.120000e-06	-3.567525e-06	-9.534880e-10	-1.929741e+01	-2.293929e+02
6.130000e-06	-3.619624e-06	-9.683676e-10	-1.957922e+01	-2.328887e+02
6.140000e-06	-3.671426e-06	-9.828898e-10	-1.985943e+01	-2.363360e+02
6.150000e-06	-3.722937e-06	-9.976031e-10	-2.013806e+01	-2.397348e+02
6.160000e-06	-3.774169e-06	-1.012809e-09	-2.041518e+01	-2.430854e+02
6.170000e-06	-3.825131e-06	-1.027596e-09	-2.069085e+01	-2.463879e+02
6.180000e-06	-3.875898e-06	-1.041470e-09	-2.096546e+01	-2.496423e+02
6.190000e-06	-3.926481e-06	-1.054267e-09	-2.123907e+01	-2.528488e+02
6.200000e-06	-3.976699e-06	-1.066833e-09	-2.151071e+01	-2.560074e+02
6.210000e-06	-4.026386e-06	-1.079115e-09	-2.177947e+01	-2.591183e+02
6.220000e-06	-4.075599e-06	-1.091430e-09	-2.204567e+01	-2.621815e+02
6.230000e-06	-4.124446e-06	-1.103944e-09	-2.230989e+01	-2.651971e+02
6.240000e-06	-4.172959e-06	-1.115643e-09	-2.257231e+01	-2.681651e+02
6.250000e-06	-4.221079e-06	-1.127263e-09	-2.283260e+01	-2.710859e+02
6.260000e-06	-4.268954e-06	-1.140159e-09	-2.309157e+01	-2.739593e+02
6.270000e-06	-4.316556e-06	-1.152422e-09	-2.334906e+01	-2.767857e+02
6.280000e-06	-4.363696e-06	-1.163200e-09	-2.360405e+01	-2.795652e+02
6.290000e-06	-4.410520e-06	-1.174580e-09	-2.385733e+01	-2.822980e+02
6.300000e-06	-4.457066e-06	-1.186005e-09	-2.410910e+01	-2.849844e+02
6.310000e-06	-4.503439e-06	-1.196667e-09	-2.435994e+01	-2.876245e+02
6.320000e-06	-4.549603e-06	-1.207443e-09	-2.460965e+01	-2.902187e+02
6.330000e-06	-4.595456e-06	-1.218710e-09	-2.485768e+01	-2.927673e+02
6.340000e-06	-4.640903e-06	-1.230102e-09	-2.510351e+01	-2.952706e+02
6.350000e-06	-4.685889e-06	-1.241424e-09	-2.534685e+01	-2.977289e+02
6.360000e-06	-4.730669e-06	-1.251429e-09	-2.558907e+01	-3.001426e+02
6.370000e-06	-4.775228e-06	-1.259347e-09	-2.583010e+01	-3.025121e+02
6.380000e-06	-4.819523e-06	-1.267913e-09	-2.606970e+01	-3.048378e+02
6.390000e-06	-4.863575e-06	-1.277591e-09	-2.630799e+01	-3.071201e+02
6.400000e-06	-4.907331e-06	-1.286167e-09	-2.654467e+01	-3.093595e+02
6.410000e-06	-4.950803e-06	-1.293285e-09	-2.677982e+01	-3.115563e+02
6.420000e-06	-4.993930e-06	-1.301738e-09	-2.701310e+01	-3.137111e+02
6.430000e-06	-5.036707e-06	-1.311934e-09	-2.724449e+01	-3.158244e+02
6.440000e-06	-5.079101e-06	-1.321523e-09	-2.747380e+01	-3.178966e+02
6.450000e-06	-5.121085e-06	-1.330148e-09	-2.770090e+01	-3.199282e+02
6.460000e-06	-5.162666e-06	-1.338640e-09	-2.792582e+01	-3.219198e+02
6.470000e-06	-5.203972e-06	-1.347288e-09	-2.814926e+01	-3.238720e+02
6.480000e-06	-5.244958e-06	-1.355332e-09	-2.837095e+01	-3.257851e+02
6.490000e-06	-5.285525e-06	-1.362811e-09	-2.859039e+01	-3.276600e+02
6.500000e-06	-5.325822e-06	-1.370471e-09	-2.880837e+01	-3.294970e+02
6.510000e-06	-5.365877e-06	-1.377760e-09	-2.902503e+01	-3.312968e+02
6.520000e-06	-5.405639e-06	-1.385217e-09	-2.924011e+01	-3.330601e+02
6.530000e-06	-5.444931e-06	-1.393047e-09	-2.945264e+01	-3.347874e+02
6.540000e-06	-5.483730e-06	-1.400136e-09	-2.966252e+01	-3.364794e+02
6.550000e-06	-5.522095e-06	-1.407015e-09	-2.987004e+01	-3.381368e+02
6.560000e-06	-5.559884e-06	-1.414365e-09	-3.007445e+01	-3.397603e+02
6.570000e-06	-5.596987e-06	-1.420421e-09	-3.027515e+01	-3.413507e+02
6.580000e-06	-5.633648e-06	-1.424715e-09	-3.047345e+01	-3.429085e+02
6.590000e-06	-5.669969e-06	-1.430199e-09	-3.066992e+01	-3.444346e+02
6.600000e-06	-5.705947e-06	-1.437173e-09	-3.086453e+01	-3.459298e+02
6.610000e-06	-5.741712e-06	-1.443796e-09	-3.105799e+01	-3.473949e+02
6.620000e-06	-5.777148e-06	-1.449765e-09	-3.124967e+01	-3.488307e+02
6.630000e-06	-5.812124e-06	-1.455667e-09	-3.143886e+01	-3.502379e+02
6.640000e-06	-5.846633e-06	-1.460635e-09	-3.162553e+01	-3.516176e+02
6.650000e-06	-5.880710e-06	-1.464935e-09	-3.180986e+01	-3.529704e+02
6.660000e-06	-5.914399e-06	-1.469574e-09	-3.199209e+01	-3.542973e+02
6.670000e-06	-5.947780e-06	-1.474450e-09	-3.217265e+01	-3.555991e+02
6.680000e-06	-5.980717e-06	-1.478590e-09	-3.235081e+01	-3.568768e+02
6.690000e-06	-6.013230e-06	-1.481695e-09	-3.252668e+01	-3.581311e+02
6.700000e-06	-6.045428e-06	-1.485870e-09	-3.270085e+01	-3.593629e+02
6.710000e-06	-6.077271e-06	-1.491291e-09	-3.287309e+01	-3.605731e+02
6.720000e-06	-6.108757e-06	-1.496162e-09	-3.304340e+01	-3.617625e+02
6.730000e-06	-6.139685e-06	-1.500073e-09	-3.321070e+01	-3.629319e+02
6.740000e-06	-6.169802e-06	-1.503153e-09	-3.337361e+01	-3.640821e+02
6.750000e-06	-6.199169e-06	-1.506126e-09	-3.353246e+01	-3.652137e+02
6.760000e-06	-6.228004e-06	-1.510153e-09	-3.368844e+01	-3.663276e+02
6.770000e-06	-6.256463e-06	-1.513649e-09	-3.384237e+01	-3.674243e+02
6.780000e-06	-6.284607e-06	-1.515868e-09	-3.399461e+01	-3.685045e+02
6.790000e-06	-6.312410e-06	-1.518630e-09	-3.414500e+01	-3.695687e+02
6.800000e-06	-6.339956e-06	-1.521912e-09	-3.429400e+01	-3.706175e+02
6.810000e-06	-6.367126e-06	-1.525194e-09	-3.444097e+01	-3.716512e+02
6.820000e-06	-6.393717e-06	-1.527904e-09	-3.458481e+01	-3.726704e+02
6.830000e-06	-6.419861e-06	-1.531072e-09	-3.472623e+01	-3.736752e+02
6.840000e-06	-6.445478e-06	-1.535128e-09	-3.486479e+01	-3.746659e+02
6.850000e-06	-6.470517e-06	-1.537161e-09	-3.500023e+01	-3.756429e+02
6.860000e-06	-6.495126e-06	-1.537867e-09	-3.513335e+01	-3.766062e+02
6.870000e-06	-6.519416e-06	-1.539367e-09	-3.526474e+01	-3.775558e+02
6.880000e-06	-6.543498e-06	-1.542278e-09	-3.539500e+01	-3.784920e+02
6.890000e-06	-6.567279e-06	-1.547218e-09	-3.552364e+01	-3.794146e+02
6.900000e-06	-6.590502e-06	-1.551264e-09	-3.564926e+01	-3.803235e+02
6.910000e-06	-6.612934e-06	-1.552629e-09	-3.577059e+01	-3.812188e+02
6.920000e-06	-6.634655e-06	-1.553783e-09	-3.588808e+01	-3.821001e+02
6.930000e-06	-6.655665e-06	-1.556296e-09	-3.600173e+01	-3.829675e+02
6.940000e-06	-6.676055e-06	-1.558882e-09	-3.611203e+01	-3.838207e+02
6.950000e-06	-6.696113e-06	-1.560990e-09	-3.622052e+01	-3.846595e+02
6.960000e-06	-6.716047e-06	-1.563493e-09	-3.632835e+01	-3.854836e+02
6.970000e-06	-6.735636e-06	-1.566305e-09	-3.643431e+01	-3.862929e+02
6.980000e-06	-6.754630e-06	-1.569210e-09	-3.653705e+01	-3.870872e+02
6.990000e-06	-6.773193e-06	-1.571204e-09	-3.663746e+01	-3.878661e+02
7.000000e-06	-6.791346e-06	-1.572691e-09	-3.673566e+01	-3.886296e+02
7.010000e-06	-6.809051e-06	-1.575254e-09	-3.683143e+01	-3.893773e+02
7.020000e-06	-6.826288e-06	-1.577365e-09	-3.692467e+01	-3.901092e+02
7.030000e-06	-6.843115e-06	-1.578263e-09	-3.701568e+01	-3.908251e+02
7.040000e-06	-6.859492e-06	-1.579344e-09	-3.710427e+01	-3.915249e+02
7.050000e-06	-6.875456e-06	-1.580269e-09	-3.719062e+01	-3.922083e+02
7.060000e-06	-6.891029e-06	-1.581097e-09	-3.727486e+01	-3.928754e+02
7.070000e-06	-6.905959e-06	-1.583998e-09	-3.735562e+01	-3.935261e+02
7.080000e-06	-6.920119e-06	-1.587840e-09	-3.743221e+01	-3.941603e+02
7.090000e-06	-6.933375e-06	-1.590949e-09	-3.750392e+01	-3.947779e+02
7.100000e-06	-6.945873e-06	-1.593706e-09	-3.757152e+01	-3.953790e+02
7.110000e-06	-6.957950e-06	-1.595174e-09	-3.763685e+01	-3.959634e+02
7.120000e-06	-6.969589e-06	-1.595314e-09	-3.769980e+01	-3.965312e+02
7.130000e-06	-6.980775e-06	-1.595586e-09	-3.776031e+01	-3.970823e+02
7.140000e-06	-6.991510e-06	-1.596361e-09	-3.781838e+01	-3.976167e+02
7.150000e-06	-7.001787e-06	-1.596836e-09	-3.787397e+01	-3.981342e+02
7.160000e-06	-7.011626e-06	-1.597756e-09	-3.792719e+01	-3.986348e+02
7.170000e-06	-7.021041e-06	-1.600142e-09	-3.797812e+01	-3.991183e+02
7.180000e-06	-7.029920e-06	-1.602375e-09	-3.802615e+01	-3.995846e+02
7.190000e-06	-7.038357e-06	-1.603326e-09	-3.807179e+01	-4.000335e+02
7.200000e-06	-7.046565e-06	-1.603921e-09	-3.811618e+01	-4.004646e+02
7.210000e-06	-7.054322e-06	-1.604169e-09	-3.815814e+01	-4.008777e+02
7.220000e-06	-7.061436e-06	-1.603821e-09	-3.819662e+01	-4.012725e+02
7.230000e-06	-7.067788e-06	-1.603282e-09	-3.823099e+01	-4.016484e+02
7.240000e-06	-7.073313e-06	-1.603131e-09	-3.826087e+01	-4.020052e+02
7.250000e-06	-7.078158e-06	-1.603790e-09	-3.828708e+01	-4.023422e+02
7.260000e-06	-7.082592e-06	-1.604688e-09	-3.831106e+01	-4.026589e+02
7.270000e-06	-7.086735e-06	-1.604639e-09	-3.833347e+01	-4.029548e+02
7.280000e-06	-7.090555e-06	-1.605064e-09	-3.835414e+01	-4.032293e+02
7.290000e-06	-7.093879e-06	-1.606233e-09	-3.837211e+01	-4.034818e+02
7.300000e-06	-7.096665e-06	-1.606554e-09	-3.838718e+01	-4.037116e+02
7.310000e-06	-7.099038e-06	-1.605955e-09	-3.840002e+01	-4.039182e+02
7.320000e-06	-7.100883e-06	-1.604145e-09	-3.841000e+01	-4.041010e+02
7.330000e-06	-7.102136e-06	-1.603616e-09	-3.841677e+01	-4.042594e+02
7.340000e-06	-7.102926e-06	-1.604379e-09	-3.842105e+01	-4.043928e+02
