# Temperatura_=_-17.4
# Concentracion g/m^3_=_7400.0
# C_Vs_to_Am_M_A/Vsm_=_254322799225.57578
# pendiente_HvsI_1/m_=_3716.3
# ordenada_HvsI_A/m_=_1297.0
# frecuencia_Hz_=_136118.3598931242

Tiempo_(s)	Campo_(V.s)	Magnetizacion_(V.s)	Campo_(kA/m)	Magnetizacion_(A/m)
0.000000e+00	-7.116390e-06	-1.269655e-09	-3.843083e+01	-3.220942e+02
1.000000e-08	-7.116706e-06	-1.269009e-09	-3.843254e+01	-3.220564e+02
2.000000e-08	-7.116657e-06	-1.270250e-09	-3.843228e+01	-3.220019e+02
3.000000e-08	-7.116052e-06	-1.270329e-09	-3.842901e+01	-3.219311e+02
4.000000e-08	-7.114606e-06	-1.268649e-09	-3.842120e+01	-3.218443e+02
5.000000e-08	-7.112320e-06	-1.266900e-09	-3.840886e+01	-3.217417e+02
6.000000e-08	-7.109441e-06	-1.266471e-09	-3.839331e+01	-3.216237e+02
7.000000e-08	-7.106049e-06	-1.265507e-09	-3.837499e+01	-3.214907e+02
8.000000e-08	-7.102281e-06	-1.268853e-09	-3.835464e+01	-3.213430e+02
9.000000e-08	-7.098064e-06	-1.275200e-09	-3.833187e+01	-3.211812e+02
1.000000e-07	-7.093133e-06	-1.252244e-09	-3.830524e+01	-3.210056e+02
1.100000e-07	-7.087431e-06	-1.210177e-09	-3.827445e+01	-3.208167e+02
1.200000e-07	-7.081398e-06	-1.251522e-09	-3.824187e+01	-3.206150e+02
1.300000e-07	-7.075270e-06	-1.333670e-09	-3.820877e+01	-3.204009e+02
1.400000e-07	-7.068657e-06	-1.285631e-09	-3.817306e+01	-3.201750e+02
1.500000e-07	-7.061380e-06	-1.173114e-09	-3.813376e+01	-3.199378e+02
1.600000e-07	-7.053750e-06	-1.226108e-09	-3.809256e+01	-3.196898e+02
1.700000e-07	-7.045891e-06	-1.354887e-09	-3.805012e+01	-3.194314e+02
1.800000e-07	-7.037385e-06	-1.268397e-09	-3.800418e+01	-3.191632e+02
1.900000e-07	-7.028096e-06	-1.116759e-09	-3.795402e+01	-3.188856e+02
2.000000e-07	-7.018019e-06	-1.223066e-09	-3.789960e+01	-3.185990e+02
2.100000e-07	-7.007482e-06	-1.383847e-09	-3.784270e+01	-3.183038e+02
2.200000e-07	-6.996544e-06	-1.261136e-09	-3.778363e+01	-3.180004e+02
2.300000e-07	-6.984790e-06	-1.113561e-09	-3.772015e+01	-3.176892e+02
2.400000e-07	-6.972444e-06	-1.235160e-09	-3.765348e+01	-3.173705e+02
2.500000e-07	-6.959770e-06	-1.336541e-09	-3.758504e+01	-3.170443e+02
2.600000e-07	-6.946474e-06	-1.206605e-09	-3.751323e+01	-3.167111e+02
2.700000e-07	-6.932368e-06	-1.158342e-09	-3.743706e+01	-3.163708e+02
2.800000e-07	-6.917732e-06	-1.282692e-09	-3.735802e+01	-3.160236e+02
2.900000e-07	-6.902468e-06	-1.268449e-09	-3.727559e+01	-3.156695e+02
3.000000e-07	-6.886407e-06	-1.163242e-09	-3.718885e+01	-3.153084e+02
3.100000e-07	-6.869807e-06	-1.222527e-09	-3.709921e+01	-3.149402e+02
3.200000e-07	-6.852899e-06	-1.275856e-09	-3.700790e+01	-3.145649e+02
3.300000e-07	-6.835684e-06	-1.166265e-09	-3.691493e+01	-3.141821e+02
3.400000e-07	-6.817982e-06	-1.170048e-09	-3.681934e+01	-3.137918e+02
3.500000e-07	-6.799671e-06	-1.297414e-09	-3.672045e+01	-3.133935e+02
3.600000e-07	-6.780849e-06	-1.233597e-09	-3.661881e+01	-3.129869e+02
3.700000e-07	-6.761604e-06	-1.112373e-09	-3.651487e+01	-3.125718e+02
3.800000e-07	-6.742013e-06	-1.210410e-09	-3.640908e+01	-3.121476e+02
3.900000e-07	-6.722053e-06	-1.280738e-09	-3.630129e+01	-3.117141e+02
4.000000e-07	-6.701550e-06	-1.162021e-09	-3.619056e+01	-3.112707e+02
4.100000e-07	-6.680652e-06	-1.147196e-09	-3.607771e+01	-3.108171e+02
4.200000e-07	-6.659357e-06	-1.247890e-09	-3.596271e+01	-3.103529e+02
4.300000e-07	-6.637476e-06	-1.206076e-09	-3.584454e+01	-3.098776e+02
4.400000e-07	-6.615149e-06	-1.144521e-09	-3.572397e+01	-3.093909e+02
4.500000e-07	-6.592432e-06	-1.208675e-09	-3.560129e+01	-3.088923e+02
4.600000e-07	-6.569299e-06	-1.207764e-09	-3.547637e+01	-3.083816e+02
4.700000e-07	-6.545831e-06	-1.142221e-09	-3.534963e+01	-3.078583e+02
4.800000e-07	-6.522022e-06	-1.186387e-09	-3.522106e+01	-3.073223e+02
4.900000e-07	-6.497681e-06	-1.219887e-09	-3.508961e+01	-3.067732e+02
5.000000e-07	-6.472715e-06	-1.148258e-09	-3.495478e+01	-3.062108e+02
5.100000e-07	-6.446969e-06	-1.141498e-09	-3.481575e+01	-3.056349e+02
5.200000e-07	-6.420394e-06	-1.193587e-09	-3.467223e+01	-3.050455e+02
5.300000e-07	-6.393250e-06	-1.166122e-09	-3.452564e+01	-3.044424e+02
5.400000e-07	-6.365751e-06	-1.136709e-09	-3.437714e+01	-3.038254e+02
5.500000e-07	-6.338030e-06	-1.165895e-09	-3.422744e+01	-3.031947e+02
5.600000e-07	-6.309969e-06	-1.159960e-09	-3.407590e+01	-3.025500e+02
5.700000e-07	-6.281436e-06	-1.135225e-09	-3.392181e+01	-3.018915e+02
5.800000e-07	-6.252516e-06	-1.150930e-09	-3.376564e+01	-3.012192e+02
5.900000e-07	-6.223230e-06	-1.151989e-09	-3.360748e+01	-3.005330e+02
6.000000e-07	-6.193550e-06	-1.130179e-09	-3.344720e+01	-2.998330e+02
6.100000e-07	-6.163333e-06	-1.136773e-09	-3.328401e+01	-2.991191e+02
6.200000e-07	-6.132562e-06	-1.143970e-09	-3.311784e+01	-2.983915e+02
6.300000e-07	-6.101408e-06	-1.130850e-09	-3.294960e+01	-2.976500e+02
6.400000e-07	-6.070004e-06	-1.127250e-09	-3.278001e+01	-2.968947e+02
6.500000e-07	-6.038399e-06	-1.127690e-09	-3.260933e+01	-2.961254e+02
6.600000e-07	-6.006498e-06	-1.120625e-09	-3.243706e+01	-2.953420e+02
6.700000e-07	-5.974115e-06	-1.120827e-09	-3.226218e+01	-2.945444e+02
6.800000e-07	-5.941083e-06	-1.120309e-09	-3.208379e+01	-2.937324e+02
6.900000e-07	-5.907353e-06	-1.111279e-09	-3.190164e+01	-2.929057e+02
7.000000e-07	-5.872850e-06	-1.106939e-09	-3.171531e+01	-2.920642e+02
7.100000e-07	-5.837738e-06	-1.104043e-09	-3.152570e+01	-2.912073e+02
7.200000e-07	-5.802358e-06	-1.097689e-09	-3.133463e+01	-2.903349e+02
7.300000e-07	-5.766728e-06	-1.096579e-09	-3.114222e+01	-2.894464e+02
7.400000e-07	-5.730843e-06	-1.094434e-09	-3.094843e+01	-2.885415e+02
7.500000e-07	-5.694654e-06	-1.086310e-09	-3.075300e+01	-2.876196e+02
7.600000e-07	-5.657966e-06	-1.083290e-09	-3.055487e+01	-2.866803e+02
7.700000e-07	-5.620851e-06	-1.083049e-09	-3.035444e+01	-2.857231e+02
7.800000e-07	-5.583451e-06	-1.075968e-09	-3.015246e+01	-2.847474e+02
7.900000e-07	-5.545568e-06	-1.068281e-09	-2.994788e+01	-2.837527e+02
8.000000e-07	-5.507166e-06	-1.063876e-09	-2.974050e+01	-2.827385e+02
8.100000e-07	-5.468351e-06	-1.058570e-09	-2.953089e+01	-2.817043e+02
8.200000e-07	-5.429119e-06	-1.053930e-09	-2.931902e+01	-2.806497e+02
8.300000e-07	-5.389693e-06	-1.050007e-09	-2.910611e+01	-2.795743e+02
8.400000e-07	-5.350092e-06	-1.044257e-09	-2.889225e+01	-2.784776e+02
8.500000e-07	-5.310150e-06	-1.037948e-09	-2.867655e+01	-2.773594e+02
8.600000e-07	-5.269755e-06	-1.034408e-09	-2.845840e+01	-2.762193e+02
8.700000e-07	-5.228967e-06	-1.031222e-09	-2.823813e+01	-2.750572e+02
8.800000e-07	-5.187846e-06	-1.025630e-09	-2.801607e+01	-2.738730e+02
8.900000e-07	-5.146157e-06	-1.017652e-09	-2.779093e+01	-2.726666e+02
9.000000e-07	-5.103695e-06	-1.009404e-09	-2.756162e+01	-2.714380e+02
9.100000e-07	-5.060604e-06	-1.003634e-09	-2.732892e+01	-2.701874e+02
9.200000e-07	-5.017176e-06	-1.000055e-09	-2.709439e+01	-2.689148e+02
9.300000e-07	-4.973566e-06	-9.951130e-10	-2.685888e+01	-2.676205e+02
9.400000e-07	-4.929702e-06	-9.885607e-10	-2.662201e+01	-2.663048e+02
9.500000e-07	-4.885527e-06	-9.827600e-10	-2.638345e+01	-2.649680e+02
9.600000e-07	-4.841051e-06	-9.775643e-10	-2.614326e+01	-2.636106e+02
9.700000e-07	-4.796248e-06	-9.713877e-10	-2.590131e+01	-2.622329e+02
9.800000e-07	-4.751089e-06	-9.643005e-10	-2.565744e+01	-2.608354e+02
9.900000e-07	-4.705489e-06	-9.575984e-10	-2.541118e+01	-2.594186e+02
1.000000e-06	-4.659612e-06	-9.524593e-10	-2.516343e+01	-2.579828e+02
1.010000e-06	-4.613609e-06	-9.486147e-10	-2.491500e+01	-2.565286e+02
1.020000e-06	-4.567315e-06	-9.440078e-10	-2.466500e+01	-2.550564e+02
1.030000e-06	-4.520524e-06	-9.371697e-10	-2.441231e+01	-2.535664e+02
1.040000e-06	-4.473432e-06	-9.289972e-10	-2.415800e+01	-2.520590e+02
1.050000e-06	-4.426053e-06	-9.228487e-10	-2.390213e+01	-2.505344e+02
1.060000e-06	-4.378382e-06	-9.188188e-10	-2.364470e+01	-2.489929e+02
1.070000e-06	-4.330622e-06	-9.148688e-10	-2.338678e+01	-2.474343e+02
1.080000e-06	-4.282585e-06	-9.101022e-10	-2.312736e+01	-2.458587e+02
1.090000e-06	-4.234151e-06	-9.038512e-10	-2.286580e+01	-2.442660e+02
1.100000e-06	-4.185341e-06	-8.964128e-10	-2.260221e+01	-2.426557e+02
1.110000e-06	-4.136034e-06	-8.893848e-10	-2.233594e+01	-2.410277e+02
1.120000e-06	-4.086154e-06	-8.826472e-10	-2.206657e+01	-2.393813e+02
1.130000e-06	-4.035725e-06	-8.757001e-10	-2.179424e+01	-2.377160e+02
1.140000e-06	-3.984844e-06	-8.694680e-10	-2.151946e+01	-2.360310e+02
1.150000e-06	-3.933572e-06	-8.647994e-10	-2.124258e+01	-2.343254e+02
1.160000e-06	-3.882074e-06	-8.597261e-10	-2.096447e+01	-2.325985e+02
1.170000e-06	-3.830433e-06	-8.528326e-10	-2.068559e+01	-2.308491e+02
1.180000e-06	-3.778486e-06	-8.454370e-10	-2.040506e+01	-2.290761e+02
1.190000e-06	-3.726296e-06	-8.382818e-10	-2.012322e+01	-2.272786e+02
1.200000e-06	-3.673809e-06	-8.313474e-10	-1.983977e+01	-2.254552e+02
1.210000e-06	-3.620947e-06	-8.246439e-10	-1.955430e+01	-2.236048e+02
1.220000e-06	-3.567835e-06	-8.172799e-10	-1.926747e+01	-2.217262e+02
1.230000e-06	-3.514511e-06	-8.092622e-10	-1.897951e+01	-2.198183e+02
1.240000e-06	-3.461011e-06	-8.012477e-10	-1.869059e+01	-2.178798e+02
1.250000e-06	-3.407304e-06	-7.946189e-10	-1.840056e+01	-2.159098e+02
1.260000e-06	-3.353402e-06	-7.885649e-10	-1.810947e+01	-2.139071e+02
1.270000e-06	-3.299163e-06	-7.803966e-10	-1.781656e+01	-2.118709e+02
1.280000e-06	-3.244516e-06	-7.718515e-10	-1.752145e+01	-2.098004e+02
1.290000e-06	-3.189685e-06	-7.646801e-10	-1.722535e+01	-2.076949e+02
1.300000e-06	-3.134689e-06	-7.574972e-10	-1.692835e+01	-2.055538e+02
1.310000e-06	-3.079461e-06	-7.481567e-10	-1.663010e+01	-2.033766e+02
1.320000e-06	-3.024061e-06	-7.377918e-10	-1.633092e+01	-2.011632e+02
1.330000e-06	-2.968606e-06	-7.284381e-10	-1.603144e+01	-1.989134e+02
1.340000e-06	-2.913042e-06	-7.199099e-10	-1.573138e+01	-1.966272e+02
1.350000e-06	-2.857305e-06	-7.119620e-10	-1.543038e+01	-1.943048e+02
1.360000e-06	-2.801520e-06	-7.040588e-10	-1.512913e+01	-1.919466e+02
1.370000e-06	-2.745617e-06	-6.956708e-10	-1.482723e+01	-1.895530e+02
1.380000e-06	-2.689484e-06	-6.866813e-10	-1.452409e+01	-1.871246e+02
1.390000e-06	-2.633127e-06	-6.770329e-10	-1.421975e+01	-1.846621e+02
1.400000e-06	-2.576550e-06	-6.674835e-10	-1.391422e+01	-1.821663e+02
1.410000e-06	-2.519750e-06	-6.572136e-10	-1.360748e+01	-1.796381e+02
1.420000e-06	-2.462662e-06	-6.471738e-10	-1.329918e+01	-1.770784e+02
1.430000e-06	-2.405319e-06	-6.388383e-10	-1.298951e+01	-1.744882e+02
1.440000e-06	-2.347735e-06	-6.301190e-10	-1.267854e+01	-1.718685e+02
1.450000e-06	-2.289843e-06	-6.198697e-10	-1.236590e+01	-1.692202e+02
1.460000e-06	-2.231557e-06	-6.086883e-10	-1.205114e+01	-1.665444e+02
1.470000e-06	-2.172902e-06	-5.974722e-10	-1.173438e+01	-1.638418e+02
1.480000e-06	-2.113971e-06	-5.868128e-10	-1.141613e+01	-1.611132e+02
1.490000e-06	-2.054823e-06	-5.763392e-10	-1.109672e+01	-1.583595e+02
1.500000e-06	-1.995513e-06	-5.655517e-10	-1.077642e+01	-1.555810e+02
1.510000e-06	-1.936150e-06	-5.540037e-10	-1.045585e+01	-1.527783e+02
1.520000e-06	-1.876815e-06	-5.425957e-10	-1.013542e+01	-1.499515e+02
1.530000e-06	-1.817402e-06	-5.329505e-10	-9.814563e+00	-1.471009e+02
1.540000e-06	-1.757899e-06	-5.233807e-10	-9.493231e+00	-1.442263e+02
1.550000e-06	-1.698344e-06	-5.122589e-10	-9.171613e+00	-1.413274e+02
1.560000e-06	-1.638699e-06	-5.007954e-10	-8.849513e+00	-1.384037e+02
1.570000e-06	-1.579030e-06	-4.903131e-10	-8.527281e+00	-1.354546e+02
1.580000e-06	-1.519285e-06	-4.800692e-10	-8.204634e+00	-1.324793e+02
1.590000e-06	-1.459433e-06	-4.684031e-10	-7.881414e+00	-1.294766e+02
1.600000e-06	-1.399462e-06	-4.560677e-10	-7.557555e+00	-1.264455e+02
1.610000e-06	-1.339363e-06	-4.442830e-10	-7.232997e+00	-1.233845e+02
1.620000e-06	-1.279222e-06	-4.329071e-10	-6.908217e+00	-1.202922e+02
1.630000e-06	-1.219109e-06	-4.214042e-10	-6.583588e+00	-1.171669e+02
1.640000e-06	-1.158942e-06	-4.091378e-10	-6.258668e+00	-1.140071e+02
1.650000e-06	-1.098649e-06	-3.962437e-10	-5.933063e+00	-1.108109e+02
1.660000e-06	-1.038249e-06	-3.833663e-10	-5.606883e+00	-1.075766e+02
1.670000e-06	-9.777606e-07	-3.716504e-10	-5.280227e+00	-1.043023e+02
1.680000e-06	-9.172109e-07	-3.605016e-10	-4.953239e+00	-1.009863e+02
1.690000e-06	-8.566737e-07	-3.476529e-10	-4.626319e+00	-9.762699e+01
1.700000e-06	-7.961291e-07	-3.345513e-10	-4.299358e+00	-9.422263e+01
1.710000e-06	-7.354394e-07	-3.231637e-10	-3.971613e+00	-9.077175e+01
1.720000e-06	-6.746885e-07	-3.115045e-10	-3.643539e+00	-8.727301e+01
1.730000e-06	-6.139086e-07	-2.988681e-10	-3.315308e+00	-8.372523e+01
1.740000e-06	-5.530085e-07	-2.863421e-10	-2.986427e+00	-8.012743e+01
1.750000e-06	-4.919637e-07	-2.734286e-10	-2.656765e+00	-7.647886e+01
1.760000e-06	-4.308608e-07	-2.595202e-10	-2.326789e+00	-7.277903e+01
1.770000e-06	-3.697799e-07	-2.453135e-10	-1.996933e+00	-6.902769e+01
1.780000e-06	-3.087702e-07	-2.316178e-10	-1.667460e+00	-6.522489e+01
1.790000e-06	-2.477975e-07	-2.179066e-10	-1.338188e+00	-6.137095e+01
1.800000e-06	-1.868470e-07	-2.032941e-10	-1.009035e+00	-5.746652e+01
1.810000e-06	-1.259287e-07	-1.883469e-10	-6.800563e-01	-5.351252e+01
1.820000e-06	-6.497176e-08	-1.740612e-10	-3.508688e-01	-4.951019e+01
1.830000e-06	-3.983492e-09	-1.593075e-10	-2.151216e-02	-4.546107e+01
1.840000e-06	5.698355e-08	-1.436527e-10	3.077299e-01	-4.136699e+01
1.850000e-06	1.179807e-07	-1.282833e-10	6.371342e-01	-3.723006e+01
1.860000e-06	1.789958e-07	-1.135199e-10	9.666361e-01	-3.305266e+01
1.870000e-06	2.399627e-07	-9.914285e-11	1.295877e+00	-2.883743e+01
1.880000e-06	3.009853e-07	-8.447646e-11	1.625419e+00	-2.458724e+01
1.890000e-06	3.620616e-07	-6.889592e-11	1.955251e+00	-2.030515e+01
1.900000e-06	4.231340e-07	-5.333162e-11	2.285062e+00	-1.599445e+01
1.910000e-06	4.841756e-07	-3.811799e-11	2.614707e+00	-1.165856e+01
1.920000e-06	5.451537e-07	-2.327056e-11	2.944008e+00	-7.301053e+00
1.930000e-06	6.060858e-07	-8.997311e-12	3.273062e+00	-2.925598e+00
1.940000e-06	6.668260e-07	5.856299e-12	3.601079e+00	1.464041e+00
1.950000e-06	7.273532e-07	2.214805e-11	3.927946e+00	5.864052e+00
1.960000e-06	7.878337e-07	3.905791e-11	4.254560e+00	1.027059e+01
1.970000e-06	8.484011e-07	5.551343e-11	4.581644e+00	1.467982e+01
1.980000e-06	9.090398e-07	7.107086e-11	4.909113e+00	1.908792e+01
1.990000e-06	9.695303e-07	8.612358e-11	5.235781e+00	2.349112e+01
2.000000e-06	1.029923e-06	1.016639e-10	5.561923e+00	2.788573e+01
2.010000e-06	1.090198e-06	1.171782e-10	5.887427e+00	3.226813e+01
2.020000e-06	1.150343e-06	1.328201e-10	6.212228e+00	3.663485e+01
2.030000e-06	1.210476e-06	1.489069e-10	6.536966e+00	4.098250e+01
2.040000e-06	1.270573e-06	1.646500e-10	6.861511e+00	4.530786e+01
2.050000e-06	1.330648e-06	1.802085e-10	7.185936e+00	4.960787e+01
2.060000e-06	1.390600e-06	1.954061e-10	7.509695e+00	5.387963e+01
2.070000e-06	1.450387e-06	2.098514e-10	7.832564e+00	5.812039e+01
2.080000e-06	1.510025e-06	2.239583e-10	8.154631e+00	6.232761e+01
2.090000e-06	1.569618e-06	2.374719e-10	8.476453e+00	6.649893e+01
2.100000e-06	1.629231e-06	2.508588e-10	8.798380e+00	7.063214e+01
2.110000e-06	1.688819e-06	2.652462e-10	9.120177e+00	7.472525e+01
2.120000e-06	1.748406e-06	2.798964e-10	9.441964e+00	7.877645e+01
2.130000e-06	1.807943e-06	2.946194e-10	9.763486e+00	8.278409e+01
2.140000e-06	1.867403e-06	3.085764e-10	1.008459e+01	8.674671e+01
2.150000e-06	1.926814e-06	3.212753e-10	1.040543e+01	9.066303e+01
2.160000e-06	1.986071e-06	3.346197e-10	1.072544e+01	9.453190e+01
2.170000e-06	2.045100e-06	3.484808e-10	1.104421e+01	9.835238e+01
2.180000e-06	2.104073e-06	3.617915e-10	1.136268e+01	1.021236e+02
2.190000e-06	2.163020e-06	3.751072e-10	1.168102e+01	1.058450e+02
2.200000e-06	2.221821e-06	3.893077e-10	1.199856e+01	1.095160e+02
2.210000e-06	2.280260e-06	4.034276e-10	1.231415e+01	1.131362e+02
2.220000e-06	2.338203e-06	4.163032e-10	1.262706e+01	1.167052e+02
2.230000e-06	2.395719e-06	4.282022e-10	1.293767e+01	1.202230e+02
2.240000e-06	2.452853e-06	4.407580e-10	1.324621e+01	1.236896e+02
2.250000e-06	2.509618e-06	4.545456e-10	1.355276e+01	1.271049e+02
2.260000e-06	2.566055e-06	4.679164e-10	1.385754e+01	1.304691e+02
2.270000e-06	2.622310e-06	4.798534e-10	1.416133e+01	1.337825e+02
2.280000e-06	2.678448e-06	4.911408e-10	1.446450e+01	1.370454e+02
2.290000e-06	2.734506e-06	5.026522e-10	1.476723e+01	1.402583e+02
2.300000e-06	2.790424e-06	5.142543e-10	1.506920e+01	1.434216e+02
2.310000e-06	2.846141e-06	5.266142e-10	1.537009e+01	1.465359e+02
2.320000e-06	2.901754e-06	5.396989e-10	1.567042e+01	1.496019e+02
2.330000e-06	2.957272e-06	5.530603e-10	1.597024e+01	1.526203e+02
2.340000e-06	3.012590e-06	5.657715e-10	1.626897e+01	1.555919e+02
2.350000e-06	3.067796e-06	5.769309e-10	1.656710e+01	1.585175e+02
2.360000e-06	3.122867e-06	5.863196e-10	1.686450e+01	1.613980e+02
2.370000e-06	3.177569e-06	5.941137e-10	1.715992e+01	1.642344e+02
2.380000e-06	3.231946e-06	6.018168e-10	1.745357e+01	1.670276e+02
2.390000e-06	3.286172e-06	6.112244e-10	1.774641e+01	1.697787e+02
2.400000e-06	3.340210e-06	6.237666e-10	1.803823e+01	1.724887e+02
2.410000e-06	3.394051e-06	6.370154e-10	1.832899e+01	1.751587e+02
2.420000e-06	3.447720e-06	6.481253e-10	1.861882e+01	1.777899e+02
2.430000e-06	3.501167e-06	6.573135e-10	1.890745e+01	1.803833e+02
2.440000e-06	3.554419e-06	6.659777e-10	1.919503e+01	1.829401e+02
2.450000e-06	3.607445e-06	6.754831e-10	1.948138e+01	1.854615e+02
2.460000e-06	3.660146e-06	6.847492e-10	1.976599e+01	1.879484e+02
2.470000e-06	3.712431e-06	6.930192e-10	2.004834e+01	1.904020e+02
2.480000e-06	3.764437e-06	7.009797e-10	2.032919e+01	1.928235e+02
2.490000e-06	3.816146e-06	7.096317e-10	2.060844e+01	1.952137e+02
2.500000e-06	3.867495e-06	7.191706e-10	2.088574e+01	1.975738e+02
2.510000e-06	3.918618e-06	7.284580e-10	2.116182e+01	1.999047e+02
2.520000e-06	3.969434e-06	7.363705e-10	2.143624e+01	2.022072e+02
2.530000e-06	4.019794e-06	7.442250e-10	2.170820e+01	2.044823e+02
2.540000e-06	4.069757e-06	7.528000e-10	2.197802e+01	2.067306e+02
2.550000e-06	4.119442e-06	7.608942e-10	2.224633e+01	2.089528e+02
2.560000e-06	4.168526e-06	7.679987e-10	2.251141e+01	2.111496e+02
2.570000e-06	4.216910e-06	7.741669e-10	2.277270e+01	2.133215e+02
2.580000e-06	4.264895e-06	7.807720e-10	2.303183e+01	2.154689e+02
2.590000e-06	4.312658e-06	7.891335e-10	2.328977e+01	2.175922e+02
2.600000e-06	4.360292e-06	7.989959e-10	2.354701e+01	2.196916e+02
2.610000e-06	4.407678e-06	8.084316e-10	2.380290e+01	2.217675e+02
2.620000e-06	4.454862e-06	8.158784e-10	2.405771e+01	2.238198e+02
2.630000e-06	4.501810e-06	8.221200e-10	2.431125e+01	2.258486e+02
2.640000e-06	4.548331e-06	8.286513e-10	2.456248e+01	2.278538e+02
2.650000e-06	4.594459e-06	8.355197e-10	2.481158e+01	2.298355e+02
2.660000e-06	4.640248e-06	8.419138e-10	2.505886e+01	2.317934e+02
2.670000e-06	4.685693e-06	8.475190e-10	2.530428e+01	2.337272e+02
2.680000e-06	4.730849e-06	8.542679e-10	2.554813e+01	2.356368e+02
2.690000e-06	4.775784e-06	8.625749e-10	2.579080e+01	2.375218e+02
2.700000e-06	4.820435e-06	8.703675e-10	2.603193e+01	2.393819e+02
2.710000e-06	4.864753e-06	8.771267e-10	2.627126e+01	2.412167e+02
2.720000e-06	4.908838e-06	8.839601e-10	2.650933e+01	2.430260e+02
2.730000e-06	4.952656e-06	8.914463e-10	2.674596e+01	2.448093e+02
2.740000e-06	4.996216e-06	8.989103e-10	2.698120e+01	2.465663e+02
2.750000e-06	5.039561e-06	9.060442e-10	2.721528e+01	2.482967e+02
2.760000e-06	5.082612e-06	9.127090e-10	2.744777e+01	2.500003e+02
2.770000e-06	5.125245e-06	9.192237e-10	2.767800e+01	2.516767e+02
2.780000e-06	5.167400e-06	9.267940e-10	2.790565e+01	2.533257e+02
2.790000e-06	5.208718e-06	9.352680e-10	2.812878e+01	2.549473e+02
2.800000e-06	5.249200e-06	9.428891e-10	2.834740e+01	2.565413e+02
2.810000e-06	5.289342e-06	9.492311e-10	2.856418e+01	2.581077e+02
2.820000e-06	5.329188e-06	9.548485e-10	2.877936e+01	2.596465e+02
2.830000e-06	5.368747e-06	9.596709e-10	2.899299e+01	2.611579e+02
2.840000e-06	5.408092e-06	9.646601e-10	2.920547e+01	2.626421e+02
2.850000e-06	5.447144e-06	9.706994e-10	2.941636e+01	2.640992e+02
2.860000e-06	5.485837e-06	9.767051e-10	2.962532e+01	2.655296e+02
2.870000e-06	5.524087e-06	9.822872e-10	2.983188e+01	2.669338e+02
2.880000e-06	5.561940e-06	9.884987e-10	3.003630e+01	2.683122e+02
2.890000e-06	5.599486e-06	9.948433e-10	3.023906e+01	2.696653e+02
2.900000e-06	5.636556e-06	1.000113e-09	3.043925e+01	2.709938e+02
2.910000e-06	5.673183e-06	1.004663e-09	3.063704e+01	2.722982e+02
2.920000e-06	5.709417e-06	1.009850e-09	3.083272e+01	2.735792e+02
2.930000e-06	5.745292e-06	1.016610e-09	3.102646e+01	2.748376e+02
2.940000e-06	5.780946e-06	1.023642e-09	3.121900e+01	2.760742e+02
2.950000e-06	5.816416e-06	1.028670e-09	3.141055e+01	2.772897e+02
2.960000e-06	5.851572e-06	1.032867e-09	3.160041e+01	2.784848e+02
2.970000e-06	5.886289e-06	1.038439e-09	3.178789e+01	2.796605e+02
2.980000e-06	5.920343e-06	1.044726e-09	3.197179e+01	2.808175e+02
2.990000e-06	5.953618e-06	1.050172e-09	3.215148e+01	2.819565e+02
3.000000e-06	5.986278e-06	1.055116e-09	3.232786e+01	2.830784e+02
3.010000e-06	6.018405e-06	1.059832e-09	3.250136e+01	2.841838e+02
3.020000e-06	6.050130e-06	1.064110e-09	3.267268e+01	2.852735e+02
3.030000e-06	6.081602e-06	1.069553e-09	3.284264e+01	2.863482e+02
3.040000e-06	6.112806e-06	1.075418e-09	3.301115e+01	2.874083e+02
3.050000e-06	6.143624e-06	1.080364e-09	3.317758e+01	2.884545e+02
3.060000e-06	6.173963e-06	1.086581e-09	3.334142e+01	2.894873e+02
3.070000e-06	6.203820e-06	1.092700e-09	3.350266e+01	2.905070e+02
3.080000e-06	6.233268e-06	1.096209e-09	3.366169e+01	2.915140e+02
3.090000e-06	6.262291e-06	1.099856e-09	3.381842e+01	2.925087e+02
3.100000e-06	6.290946e-06	1.105194e-09	3.397317e+01	2.934912e+02
3.110000e-06	6.319246e-06	1.110799e-09	3.412600e+01	2.944616e+02
3.120000e-06	6.347139e-06	1.115499e-09	3.427663e+01	2.954201e+02
3.130000e-06	6.374732e-06	1.119811e-09	3.442564e+01	2.963667e+02
3.140000e-06	6.402062e-06	1.124045e-09	3.457323e+01	2.973012e+02
3.150000e-06	6.428918e-06	1.128037e-09	3.471826e+01	2.982236e+02
3.160000e-06	6.455130e-06	1.132637e-09	3.485982e+01	2.991337e+02
3.170000e-06	6.480640e-06	1.137661e-09	3.499758e+01	3.000313e+02
3.180000e-06	6.505463e-06	1.142918e-09	3.513163e+01	3.009160e+02
3.190000e-06	6.529641e-06	1.147534e-09	3.526220e+01	3.017875e+02
3.200000e-06	6.553323e-06	1.150756e-09	3.539009e+01	3.026455e+02
3.210000e-06	6.576720e-06	1.153695e-09	3.551644e+01	3.034896e+02
3.220000e-06	6.599641e-06	1.157212e-09	3.564022e+01	3.043193e+02
3.230000e-06	6.622026e-06	1.161041e-09	3.576111e+01	3.051341e+02
3.240000e-06	6.643989e-06	1.165068e-09	3.587971e+01	3.059337e+02
3.250000e-06	6.665465e-06	1.168987e-09	3.599569e+01	3.067175e+02
3.260000e-06	6.686433e-06	1.172200e-09	3.610893e+01	3.074851e+02
3.270000e-06	6.706915e-06	1.175881e-09	3.621953e+01	3.082359e+02
3.280000e-06	6.726928e-06	1.179795e-09	3.632762e+01	3.089697e+02
3.290000e-06	6.746646e-06	1.182574e-09	3.643410e+01	3.096859e+02
3.300000e-06	6.766098e-06	1.185215e-09	3.653914e+01	3.103840e+02
3.310000e-06	6.785262e-06	1.188235e-09	3.664264e+01	3.110638e+02
3.320000e-06	6.804079e-06	1.191643e-09	3.674426e+01	3.117248e+02
3.330000e-06	6.822375e-06	1.194519e-09	3.684306e+01	3.123668e+02
3.340000e-06	6.840045e-06	1.196233e-09	3.693848e+01	3.129893e+02
3.350000e-06	6.857017e-06	1.198067e-09	3.703014e+01	3.135922e+02
3.360000e-06	6.873469e-06	1.200555e-09	3.711898e+01	3.141752e+02
3.370000e-06	6.889589e-06	1.202827e-09	3.720604e+01	3.147382e+02
3.380000e-06	6.905249e-06	1.205007e-09	3.729061e+01	3.152809e+02
3.390000e-06	6.920268e-06	1.208262e-09	3.737171e+01	3.158033e+02
3.400000e-06	6.934674e-06	1.212438e-09	3.744951e+01	3.163052e+02
3.410000e-06	6.948563e-06	1.217016e-09	3.752451e+01	3.167867e+02
3.420000e-06	6.961949e-06	1.221095e-09	3.759680e+01	3.172477e+02
3.430000e-06	6.974768e-06	1.223570e-09	3.766603e+01	3.176882e+02
3.440000e-06	6.986948e-06	1.225007e-09	3.773181e+01	3.181083e+02
3.450000e-06	6.998633e-06	1.226920e-09	3.779491e+01	3.185080e+02
3.460000e-06	7.009942e-06	1.230558e-09	3.785598e+01	3.188874e+02
3.470000e-06	7.020786e-06	1.234757e-09	3.791454e+01	3.192466e+02
3.480000e-06	7.030945e-06	1.237095e-09	3.796941e+01	3.195857e+02
3.490000e-06	7.040246e-06	1.238993e-09	3.801963e+01	3.199048e+02
3.500000e-06	7.048801e-06	1.241457e-09	3.806583e+01	3.202041e+02
3.510000e-06	7.056798e-06	1.244055e-09	3.810902e+01	3.204837e+02
3.520000e-06	7.064413e-06	1.246330e-09	3.815014e+01	3.207438e+02
3.530000e-06	7.071722e-06	1.247478e-09	3.818961e+01	3.209845e+02
3.540000e-06	7.078710e-06	1.248509e-09	3.822735e+01	3.212059e+02
3.550000e-06	7.085213e-06	1.250883e-09	3.826247e+01	3.214082e+02
3.560000e-06	7.091106e-06	1.253735e-09	3.829429e+01	3.215916e+02
3.570000e-06	7.096374e-06	1.256439e-09	3.832274e+01	3.217561e+02
3.580000e-06	7.101100e-06	1.258664e-09	3.834826e+01	3.219020e+02
3.590000e-06	7.105308e-06	1.259931e-09	3.837099e+01	3.220293e+02
3.600000e-06	7.109124e-06	1.261128e-09	3.839160e+01	3.221383e+02
3.610000e-06	7.112682e-06	1.262527e-09	3.841081e+01	3.222290e+02
3.620000e-06	7.115816e-06	1.263435e-09	3.842773e+01	3.223016e+02
3.630000e-06	7.118440e-06	1.264295e-09	3.844191e+01	3.223563e+02
3.640000e-06	7.120369e-06	1.266409e-09	3.845232e+01	3.223932e+02
3.650000e-06	7.121410e-06	1.268256e-09	3.845795e+01	3.224126e+02
3.660000e-06	7.121790e-06	1.269545e-09	3.846000e+01	3.224145e+02
3.670000e-06	7.121735e-06	1.270910e-09	3.845970e+01	3.223993e+02
3.680000e-06	7.121356e-06	1.271217e-09	3.845765e+01	3.223671e+02
3.690000e-06	7.120531e-06	1.270757e-09	3.845320e+01	3.223181e+02
3.700000e-06	7.119144e-06	1.270850e-09	3.844571e+01	3.222527e+02
3.710000e-06	7.117387e-06	1.271524e-09	3.843622e+01	3.221712e+02
3.720000e-06	7.115134e-06	1.271170e-09	3.842405e+01	3.220737e+02
3.730000e-06	7.112422e-06	1.271884e-09	3.840941e+01	3.219608e+02
3.740000e-06	7.109236e-06	1.271925e-09	3.839220e+01	3.218327e+02
3.750000e-06	7.105606e-06	1.257502e-09	3.837260e+01	3.216899e+02
3.760000e-06	7.101539e-06	1.250578e-09	3.835064e+01	3.215327e+02
3.770000e-06	7.096695e-06	1.306486e-09	3.832448e+01	3.213616e+02
3.780000e-06	7.090892e-06	1.339743e-09	3.829314e+01	3.211771e+02
3.790000e-06	7.084634e-06	1.232589e-09	3.825934e+01	3.209796e+02
3.800000e-06	7.078440e-06	1.173119e-09	3.822589e+01	3.207696e+02
3.810000e-06	7.071972e-06	1.298421e-09	3.819096e+01	3.205476e+02
3.820000e-06	7.064690e-06	1.372459e-09	3.815164e+01	3.203141e+02
3.830000e-06	7.056603e-06	1.228108e-09	3.810797e+01	3.200696e+02
3.840000e-06	7.048158e-06	1.141790e-09	3.806236e+01	3.198146e+02
3.850000e-06	7.039403e-06	1.326638e-09	3.801508e+01	3.195495e+02
3.860000e-06	7.030044e-06	1.423083e-09	3.796454e+01	3.192750e+02
3.870000e-06	7.020091e-06	1.198287e-09	3.791079e+01	3.189913e+02
3.880000e-06	7.009795e-06	1.092934e-09	3.785519e+01	3.186989e+02
3.890000e-06	6.999149e-06	1.344609e-09	3.779770e+01	3.183982e+02
3.900000e-06	6.987907e-06	1.437222e-09	3.773699e+01	3.180896e+02
3.910000e-06	6.976087e-06	1.180489e-09	3.767315e+01	3.177733e+02
3.920000e-06	6.963815e-06	1.130018e-09	3.760688e+01	3.174496e+02
3.930000e-06	6.950875e-06	1.382407e-09	3.753700e+01	3.171187e+02
3.940000e-06	6.937090e-06	1.357789e-09	3.746256e+01	3.167807e+02
3.950000e-06	6.922716e-06	1.111193e-09	3.738493e+01	3.164358e+02
3.960000e-06	6.907905e-06	1.202313e-09	3.730495e+01	3.160839e+02
3.970000e-06	6.892299e-06	1.409354e-09	3.722067e+01	3.157251e+02
3.980000e-06	6.876067e-06	1.259669e-09	3.713301e+01	3.153593e+02
3.990000e-06	6.859540e-06	1.127063e-09	3.704376e+01	3.149864e+02
4.000000e-06	6.842439e-06	1.322801e-09	3.695141e+01	3.146061e+02
4.010000e-06	6.824714e-06	1.350318e-09	3.685569e+01	3.142183e+02
4.020000e-06	6.806681e-06	1.131647e-09	3.675831e+01	3.138226e+02
4.030000e-06	6.788358e-06	1.203879e-09	3.665936e+01	3.134188e+02
4.040000e-06	6.769468e-06	1.397369e-09	3.655734e+01	3.130066e+02
4.050000e-06	6.749926e-06	1.248625e-09	3.645181e+01	3.125854e+02
4.060000e-06	6.729982e-06	1.127224e-09	3.634410e+01	3.121551e+02
4.070000e-06	6.709767e-06	1.311020e-09	3.623494e+01	3.117150e+02
4.080000e-06	6.689290e-06	1.328442e-09	3.612436e+01	3.112649e+02
4.090000e-06	6.668466e-06	1.151596e-09	3.601190e+01	3.108042e+02
4.100000e-06	6.647131e-06	1.225769e-09	3.589669e+01	3.103326e+02
4.110000e-06	6.624903e-06	1.341610e-09	3.577664e+01	3.098497e+02
4.120000e-06	6.601757e-06	1.216104e-09	3.565165e+01	3.093551e+02
4.130000e-06	6.578108e-06	1.189495e-09	3.552394e+01	3.088485e+02
4.140000e-06	6.554082e-06	1.310827e-09	3.539419e+01	3.083294e+02
4.150000e-06	6.529723e-06	1.252255e-09	3.526264e+01	3.077976e+02
4.160000e-06	6.504949e-06	1.176502e-09	3.512886e+01	3.072529e+02
4.170000e-06	6.479746e-06	1.274450e-09	3.499275e+01	3.066949e+02
4.180000e-06	6.454155e-06	1.283497e-09	3.485455e+01	3.061235e+02
4.190000e-06	6.428067e-06	1.195955e-09	3.471367e+01	3.055386e+02
4.200000e-06	6.401477e-06	1.234895e-09	3.457007e+01	3.049400e+02
4.210000e-06	6.374391e-06	1.269720e-09	3.442380e+01	3.043277e+02
4.220000e-06	6.346823e-06	1.209784e-09	3.427492e+01	3.037015e+02
4.230000e-06	6.318934e-06	1.220388e-09	3.412431e+01	3.030615e+02
4.240000e-06	6.290769e-06	1.258705e-09	3.397221e+01	3.024076e+02
4.250000e-06	6.262328e-06	1.222153e-09	3.381862e+01	3.017398e+02
4.260000e-06	6.233539e-06	1.214052e-09	3.366315e+01	3.010582e+02
4.270000e-06	6.204131e-06	1.241790e-09	3.350434e+01	3.003628e+02
4.280000e-06	6.173918e-06	1.223150e-09	3.334118e+01	2.996536e+02
4.290000e-06	6.142869e-06	1.210205e-09	3.317351e+01	2.989305e+02
4.300000e-06	6.111185e-06	1.223053e-09	3.300240e+01	2.981936e+02
4.310000e-06	6.079190e-06	1.216002e-09	3.282962e+01	2.974429e+02
4.320000e-06	6.046963e-06	1.211871e-09	3.265558e+01	2.966782e+02
4.330000e-06	6.014452e-06	1.215476e-09	3.248001e+01	2.958995e+02
4.340000e-06	5.981466e-06	1.202993e-09	3.230188e+01	2.951066e+02
4.350000e-06	5.947863e-06	1.199991e-09	3.212041e+01	2.942995e+02
4.360000e-06	5.913793e-06	1.205333e-09	3.193642e+01	2.934777e+02
4.370000e-06	5.879417e-06	1.197835e-09	3.175078e+01	2.926411e+02
4.380000e-06	5.844716e-06	1.196879e-09	3.156338e+01	2.917894e+02
4.390000e-06	5.809602e-06	1.198973e-09	3.137375e+01	2.909222e+02
4.400000e-06	5.774105e-06	1.186532e-09	3.118206e+01	2.900391e+02
4.410000e-06	5.738287e-06	1.183615e-09	3.098863e+01	2.891397e+02
4.420000e-06	5.702164e-06	1.189476e-09	3.079355e+01	2.882235e+02
4.430000e-06	5.665805e-06	1.179573e-09	3.059720e+01	2.872900e+02
4.440000e-06	5.629206e-06	1.170944e-09	3.039956e+01	2.863388e+02
4.450000e-06	5.592186e-06	1.175202e-09	3.019964e+01	2.853693e+02
4.460000e-06	5.554472e-06	1.174913e-09	2.999597e+01	2.843809e+02
4.470000e-06	5.516001e-06	1.168769e-09	2.978821e+01	2.833733e+02
4.480000e-06	5.476818e-06	1.164745e-09	2.957661e+01	2.823458e+02
4.490000e-06	5.437065e-06	1.161061e-09	2.936193e+01	2.812981e+02
4.500000e-06	5.397019e-06	1.157392e-09	2.914567e+01	2.802296e+02
4.510000e-06	5.356752e-06	1.154014e-09	2.892822e+01	2.791400e+02
4.520000e-06	5.316285e-06	1.150672e-09	2.870968e+01	2.780290e+02
4.530000e-06	5.275563e-06	1.146404e-09	2.848977e+01	2.768962e+02
4.540000e-06	5.234476e-06	1.140781e-09	2.826789e+01	2.757414e+02
4.550000e-06	5.192913e-06	1.137425e-09	2.804343e+01	2.745646e+02
4.560000e-06	5.150940e-06	1.137035e-09	2.781676e+01	2.733656e+02
4.570000e-06	5.108712e-06	1.132568e-09	2.758872e+01	2.721443e+02
4.580000e-06	5.066198e-06	1.124469e-09	2.735913e+01	2.709010e+02
4.590000e-06	5.023286e-06	1.118165e-09	2.712739e+01	2.696357e+02
4.600000e-06	4.979812e-06	1.114256e-09	2.689262e+01	2.683485e+02
4.610000e-06	4.935892e-06	1.109959e-09	2.665543e+01	2.670399e+02
4.620000e-06	4.891789e-06	1.105125e-09	2.641726e+01	2.657101e+02
4.630000e-06	4.847587e-06	1.102117e-09	2.617856e+01	2.643595e+02
4.640000e-06	4.803242e-06	1.099273e-09	2.593908e+01	2.629885e+02
4.650000e-06	4.758592e-06	1.093980e-09	2.569795e+01	2.615976e+02
4.660000e-06	4.713538e-06	1.087114e-09	2.545465e+01	2.601871e+02
4.670000e-06	4.668137e-06	1.079318e-09	2.520947e+01	2.587576e+02
4.680000e-06	4.622451e-06	1.071169e-09	2.496275e+01	2.573095e+02
4.690000e-06	4.576443e-06	1.064815e-09	2.471429e+01	2.558432e+02
4.700000e-06	4.530083e-06	1.060645e-09	2.446393e+01	2.543590e+02
4.710000e-06	4.483259e-06	1.057072e-09	2.421107e+01	2.528574e+02
4.720000e-06	4.436131e-06	1.051963e-09	2.395656e+01	2.513385e+02
4.730000e-06	4.388720e-06	1.044283e-09	2.370053e+01	2.498026e+02
4.740000e-06	4.341075e-06	1.035381e-09	2.344323e+01	2.482497e+02
4.750000e-06	4.293326e-06	1.028848e-09	2.318537e+01	2.466797e+02
4.760000e-06	4.245221e-06	1.023266e-09	2.292559e+01	2.450927e+02
4.770000e-06	4.196519e-06	1.015931e-09	2.266258e+01	2.434883e+02
4.780000e-06	4.147290e-06	1.009573e-09	2.239672e+01	2.418662e+02
4.790000e-06	4.097705e-06	1.005852e-09	2.212895e+01	2.402260e+02
4.800000e-06	4.047855e-06	1.001520e-09	2.185974e+01	2.385670e+02
4.810000e-06	3.997801e-06	9.944778e-10	2.158943e+01	2.368887e+02
4.820000e-06	3.947506e-06	9.867704e-10	2.131783e+01	2.351900e+02
4.830000e-06	3.897002e-06	9.799837e-10	2.104509e+01	2.334703e+02
4.840000e-06	3.846158e-06	9.732025e-10	2.077051e+01	2.317285e+02
4.850000e-06	3.794827e-06	9.663054e-10	2.049331e+01	2.299635e+02
4.860000e-06	3.743143e-06	9.593361e-10	2.021420e+01	2.281743e+02
4.870000e-06	3.691301e-06	9.523181e-10	1.993423e+01	2.263596e+02
4.880000e-06	3.639177e-06	9.448826e-10	1.965275e+01	2.245183e+02
4.890000e-06	3.586783e-06	9.382201e-10	1.936980e+01	2.226493e+02
4.900000e-06	3.534215e-06	9.324868e-10	1.908592e+01	2.207512e+02
4.910000e-06	3.481376e-06	9.254745e-10	1.880057e+01	2.188230e+02
4.920000e-06	3.428167e-06	9.172107e-10	1.851322e+01	2.168636e+02
4.930000e-06	3.374602e-06	9.087011e-10	1.822396e+01	2.148719e+02
4.940000e-06	3.320652e-06	9.006043e-10	1.793261e+01	2.128470e+02
4.950000e-06	3.266169e-06	8.931461e-10	1.763838e+01	2.107880e+02
4.960000e-06	3.211404e-06	8.849173e-10	1.734263e+01	2.086941e+02
4.970000e-06	3.156346e-06	8.752554e-10	1.704530e+01	2.065649e+02
4.980000e-06	3.100803e-06	8.657225e-10	1.674535e+01	2.043998e+02
4.990000e-06	3.044965e-06	8.574237e-10	1.644381e+01	2.021985e+02
5.000000e-06	2.988977e-06	8.489956e-10	1.614145e+01	1.999608e+02
5.010000e-06	2.932870e-06	8.385744e-10	1.583846e+01	1.976867e+02
5.020000e-06	2.876581e-06	8.274044e-10	1.553448e+01	1.953763e+02
5.030000e-06	2.820162e-06	8.171260e-10	1.522980e+01	1.930300e+02
5.040000e-06	2.763632e-06	8.085775e-10	1.492452e+01	1.906481e+02
5.050000e-06	2.707020e-06	8.007552e-10	1.461879e+01	1.882312e+02
5.060000e-06	2.650254e-06	7.918562e-10	1.431224e+01	1.857799e+02
5.070000e-06	2.593291e-06	7.813762e-10	1.400462e+01	1.832951e+02
5.080000e-06	2.536086e-06	7.704275e-10	1.369570e+01	1.807776e+02
5.090000e-06	2.478680e-06	7.598421e-10	1.338568e+01	1.782282e+02
5.100000e-06	2.421166e-06	7.489718e-10	1.307509e+01	1.756481e+02
5.110000e-06	2.363454e-06	7.374569e-10	1.276343e+01	1.730381e+02
5.120000e-06	2.305590e-06	7.259876e-10	1.245094e+01	1.703992e+02
5.130000e-06	2.247623e-06	7.147722e-10	1.213790e+01	1.677324e+02
5.140000e-06	2.189498e-06	7.040350e-10	1.182401e+01	1.650386e+02
5.150000e-06	2.131144e-06	6.932074e-10	1.150887e+01	1.623186e+02
5.160000e-06	2.072567e-06	6.813578e-10	1.119254e+01	1.595732e+02
5.170000e-06	2.013886e-06	6.681869e-10	1.087564e+01	1.568029e+02
5.180000e-06	1.955093e-06	6.552088e-10	1.055814e+01	1.540082e+02
5.190000e-06	1.896063e-06	6.436846e-10	1.023936e+01	1.511894e+02
5.200000e-06	1.836945e-06	6.322082e-10	9.920103e+00	1.483467e+02
5.210000e-06	1.777781e-06	6.205399e-10	9.600597e+00	1.454801e+02
5.220000e-06	1.718515e-06	6.087056e-10	9.280545e+00	1.425893e+02
5.230000e-06	1.659104e-06	5.970730e-10	8.959703e+00	1.396739e+02
5.240000e-06	1.599475e-06	5.852114e-10	8.637691e+00	1.367334e+02
5.250000e-06	1.539696e-06	5.721851e-10	8.314861e+00	1.337669e+02
5.260000e-06	1.479830e-06	5.585901e-10	7.991565e+00	1.307734e+02
5.270000e-06	1.419833e-06	5.452313e-10	7.667561e+00	1.277519e+02
5.280000e-06	1.359750e-06	5.318492e-10	7.343094e+00	1.247010e+02
5.290000e-06	1.299629e-06	5.173618e-10	7.018425e+00	1.216193e+02
5.300000e-06	1.239451e-06	5.022905e-10	6.693443e+00	1.185052e+02
5.310000e-06	1.179262e-06	4.885740e-10	6.368402e+00	1.153570e+02
5.320000e-06	1.119033e-06	4.751544e-10	6.043146e+00	1.121731e+02
5.330000e-06	1.058770e-06	4.617536e-10	5.717704e+00	1.089517e+02
5.340000e-06	9.984846e-07	4.499624e-10	5.392144e+00	1.056909e+02
5.350000e-06	9.381871e-07	4.376571e-10	5.066517e+00	1.023890e+02
5.360000e-06	8.779015e-07	4.230424e-10	4.740955e+00	9.904431e+01
5.370000e-06	8.176030e-07	4.085535e-10	4.415324e+00	9.565510e+01
5.380000e-06	7.572717e-07	3.950684e-10	4.089515e+00	9.221987e+01
5.390000e-06	6.969136e-07	3.806960e-10	3.763561e+00	8.873720e+01
5.400000e-06	6.365073e-07	3.651932e-10	3.437348e+00	8.520586e+01
5.410000e-06	5.760192e-07	3.497645e-10	3.110692e+00	8.162480e+01
5.420000e-06	5.154610e-07	3.348940e-10	2.783658e+00	7.799321e+01
5.430000e-06	4.548747e-07	3.197754e-10	2.456472e+00	7.431048e+01
5.440000e-06	3.943165e-07	3.044873e-10	2.129438e+00	7.057630e+01
5.450000e-06	3.337369e-07	2.883791e-10	1.802288e+00	6.679061e+01
5.460000e-06	2.731314e-07	2.708868e-10	1.474999e+00	6.295364e+01
5.470000e-06	2.125152e-07	2.538988e-10	1.147652e+00	5.906593e+01
5.480000e-06	1.519436e-07	2.388223e-10	8.205454e-01	5.512831e+01
5.490000e-06	9.137516e-08	2.237210e-10	4.934558e-01	5.114191e+01
5.500000e-06	3.076672e-08	2.070147e-10	1.661504e-01	4.710817e+01
5.510000e-06	-2.979162e-08	1.887535e-10	-1.608845e-01	4.302884e+01
5.520000e-06	-9.037682e-08	1.701574e-10	-4.880644e-01	3.890592e+01
5.530000e-06	-1.508862e-07	1.527546e-10	-8.148347e-01	3.474171e+01
5.540000e-06	-2.113459e-07	1.360845e-10	-1.141337e+00	3.053876e+01
5.550000e-06	-2.718896e-07	1.199642e-10	-1.468293e+00	2.629987e+01
5.560000e-06	-3.323792e-07	1.028154e-10	-1.794956e+00	2.202804e+01
5.570000e-06	-3.928309e-07	8.438143e-11	-2.121416e+00	1.772648e+01
5.580000e-06	-4.533176e-07	6.602899e-11	-2.448063e+00	1.339858e+01
5.590000e-06	-5.137697e-07	4.687167e-11	-2.774524e+00	9.047848e+00
5.600000e-06	-5.741660e-07	2.771036e-11	-3.100685e+00	4.677939e+00
5.610000e-06	-6.346406e-07	9.191109e-12	-3.427267e+00	2.925842e-01
5.620000e-06	-6.950960e-07	-9.342118e-12	-3.753746e+00	-4.104417e+00
5.630000e-06	-7.554491e-07	-2.796777e-11	-4.079673e+00	-8.509231e+00
5.640000e-06	-8.157966e-07	-4.744126e-11	-4.405569e+00	-1.291801e+01
5.650000e-06	-8.761095e-07	-6.713001e-11	-4.731278e+00	-1.732693e+01
5.660000e-06	-9.363940e-07	-8.631809e-11	-5.056834e+00	-2.173220e+01
5.670000e-06	-9.966746e-07	-1.053607e-10	-5.382369e+00	-2.613010e+01
5.680000e-06	-1.056881e-06	-1.233278e-10	-5.707501e+00	-3.051699e+01
5.690000e-06	-1.117039e-06	-1.412510e-10	-6.032377e+00	-3.488933e+01
5.700000e-06	-1.177216e-06	-1.607253e-10	-6.357353e+00	-3.924372e+01
5.710000e-06	-1.237386e-06	-1.801539e-10	-6.682290e+00	-4.357689e+01
5.720000e-06	-1.297376e-06	-1.987399e-10	-7.006258e+00	-4.788570e+01
5.730000e-06	-1.357271e-06	-2.167144e-10	-7.329709e+00	-5.216721e+01
5.740000e-06	-1.417141e-06	-2.335967e-10	-7.653023e+00	-5.641862e+01
5.750000e-06	-1.476854e-06	-2.508391e-10	-7.975495e+00	-6.063732e+01
5.760000e-06	-1.536513e-06	-2.701525e-10	-8.297675e+00	-6.482087e+01
5.770000e-06	-1.596145e-06	-2.901187e-10	-8.619703e+00	-6.896704e+01
5.780000e-06	-1.655716e-06	-3.092212e-10	-8.941407e+00	-7.307375e+01
5.790000e-06	-1.715175e-06	-3.274299e-10	-9.262509e+00	-7.713913e+01
5.800000e-06	-1.774429e-06	-3.450203e-10	-9.582497e+00	-8.116148e+01
5.810000e-06	-1.833500e-06	-3.616129e-10	-9.901498e+00	-8.513928e+01
5.820000e-06	-1.892449e-06	-3.776262e-10	-1.021985e+01	-8.907119e+01
5.830000e-06	-1.951169e-06	-3.946119e-10	-1.053695e+01	-9.295602e+01
5.840000e-06	-2.009688e-06	-4.123037e-10	-1.085297e+01	-9.679275e+01
5.850000e-06	-2.068128e-06	-4.292828e-10	-1.116857e+01	-1.005805e+02
5.860000e-06	-2.126433e-06	-4.453348e-10	-1.148343e+01	-1.043186e+02
5.870000e-06	-2.184602e-06	-4.609398e-10	-1.179757e+01	-1.080065e+02
5.880000e-06	-2.242593e-06	-4.763168e-10	-1.211074e+01	-1.116436e+02
5.890000e-06	-2.300363e-06	-4.911541e-10	-1.242271e+01	-1.152298e+02
5.900000e-06	-2.357971e-06	-5.056307e-10	-1.273382e+01	-1.187647e+02
5.910000e-06	-2.415348e-06	-5.202713e-10	-1.304367e+01	-1.222483e+02
5.920000e-06	-2.472537e-06	-5.347404e-10	-1.335251e+01	-1.256807e+02
5.930000e-06	-2.529632e-06	-5.492757e-10	-1.366084e+01	-1.290620e+02
5.940000e-06	-2.586551e-06	-5.645089e-10	-1.396822e+01	-1.323923e+02
5.950000e-06	-2.643295e-06	-5.803451e-10	-1.427466e+01	-1.356720e+02
5.960000e-06	-2.699850e-06	-5.955406e-10	-1.458007e+01	-1.389015e+02
5.970000e-06	-2.756257e-06	-6.090434e-10	-1.488469e+01	-1.420813e+02
5.980000e-06	-2.812594e-06	-6.214349e-10	-1.518893e+01	-1.452119e+02
5.990000e-06	-2.868856e-06	-6.335866e-10	-1.549276e+01	-1.482940e+02
6.000000e-06	-2.925034e-06	-6.460284e-10	-1.579614e+01	-1.513282e+02
6.010000e-06	-2.980919e-06	-6.589170e-10	-1.609794e+01	-1.543153e+02
6.020000e-06	-3.036627e-06	-6.701838e-10	-1.639878e+01	-1.572562e+02
6.030000e-06	-3.092271e-06	-6.802653e-10	-1.669928e+01	-1.601516e+02
6.040000e-06	-3.147596e-06	-6.918838e-10	-1.699805e+01	-1.630026e+02
6.050000e-06	-3.202489e-06	-7.046292e-10	-1.729449e+01	-1.658101e+02
6.060000e-06	-3.257036e-06	-7.166997e-10	-1.758906e+01	-1.685752e+02
6.070000e-06	-3.311240e-06	-7.275283e-10	-1.788178e+01	-1.712988e+02
6.080000e-06	-3.364975e-06	-7.385015e-10	-1.817197e+01	-1.739820e+02
6.090000e-06	-3.418254e-06	-7.503874e-10	-1.845969e+01	-1.766261e+02
6.100000e-06	-3.471110e-06	-7.629226e-10	-1.874513e+01	-1.792320e+02
6.110000e-06	-3.523690e-06	-7.744916e-10	-1.902908e+01	-1.818009e+02
6.120000e-06	-3.576133e-06	-7.839216e-10	-1.931229e+01	-1.843339e+02
6.130000e-06	-3.628417e-06	-7.930540e-10	-1.959464e+01	-1.868322e+02
6.140000e-06	-3.680431e-06	-8.028704e-10	-1.987553e+01	-1.892969e+02
6.150000e-06	-3.732023e-06	-8.138049e-10	-2.015415e+01	-1.917289e+02
6.160000e-06	-3.783305e-06	-8.250433e-10	-2.043109e+01	-1.941295e+02
6.170000e-06	-3.834295e-06	-8.354098e-10	-2.070645e+01	-1.964996e+02
6.180000e-06	-3.884957e-06	-8.446613e-10	-2.098004e+01	-1.988401e+02
6.190000e-06	-3.935368e-06	-8.525633e-10	-2.125227e+01	-2.011520e+02
6.200000e-06	-3.985545e-06	-8.610384e-10	-2.152325e+01	-2.034361e+02
6.210000e-06	-4.035578e-06	-8.695582e-10	-2.179344e+01	-2.056933e+02
6.220000e-06	-4.085290e-06	-8.776123e-10	-2.206190e+01	-2.079242e+02
6.230000e-06	-4.134432e-06	-8.859950e-10	-2.232728e+01	-2.101294e+02
6.240000e-06	-4.183175e-06	-8.947890e-10	-2.259051e+01	-2.123095e+02
6.250000e-06	-4.231574e-06	-9.043926e-10	-2.285188e+01	-2.144651e+02
6.260000e-06	-4.279403e-06	-9.136755e-10	-2.311018e+01	-2.165964e+02
6.270000e-06	-4.326727e-06	-9.212906e-10	-2.336574e+01	-2.187038e+02
6.280000e-06	-4.373727e-06	-9.285710e-10	-2.361956e+01	-2.207875e+02
6.290000e-06	-4.420586e-06	-9.379632e-10	-2.387261e+01	-2.228477e+02
6.300000e-06	-4.467298e-06	-9.482843e-10	-2.412487e+01	-2.248843e+02
6.310000e-06	-4.513734e-06	-9.576001e-10	-2.437564e+01	-2.268975e+02
6.320000e-06	-4.559863e-06	-9.654038e-10	-2.462475e+01	-2.288870e+02
6.330000e-06	-4.605625e-06	-9.736738e-10	-2.487188e+01	-2.308529e+02
6.340000e-06	-4.651050e-06	-9.826366e-10	-2.511719e+01	-2.327948e+02
6.350000e-06	-4.696098e-06	-9.907256e-10	-2.536047e+01	-2.347125e+02
6.360000e-06	-4.740821e-06	-9.981916e-10	-2.560198e+01	-2.366057e+02
6.370000e-06	-4.785308e-06	-1.004522e-09	-2.584223e+01	-2.384742e+02
6.380000e-06	-4.829570e-06	-1.011303e-09	-2.608126e+01	-2.403175e+02
6.390000e-06	-4.873613e-06	-1.019463e-09	-2.631911e+01	-2.421354e+02
6.400000e-06	-4.917415e-06	-1.026960e-09	-2.655565e+01	-2.439274e+02
6.410000e-06	-4.960953e-06	-1.033333e-09	-2.679077e+01	-2.456932e+02
6.420000e-06	-5.004103e-06	-1.040539e-09	-2.702380e+01	-2.474326e+02
6.430000e-06	-5.046843e-06	-1.048505e-09	-2.725461e+01	-2.491451e+02
6.440000e-06	-5.089232e-06	-1.056047e-09	-2.748352e+01	-2.508306e+02
6.450000e-06	-5.131301e-06	-1.063122e-09	-2.771071e+01	-2.524888e+02
6.460000e-06	-5.173018e-06	-1.069526e-09	-2.793599e+01	-2.541196e+02
6.470000e-06	-5.214278e-06	-1.075898e-09	-2.815881e+01	-2.557228e+02
6.480000e-06	-5.255170e-06	-1.082646e-09	-2.837964e+01	-2.572984e+02
6.490000e-06	-5.295799e-06	-1.088921e-09	-2.859905e+01	-2.588465e+02
6.500000e-06	-5.336123e-06	-1.094573e-09	-2.881681e+01	-2.603670e+02
6.510000e-06	-5.376234e-06	-1.100383e-09	-2.903342e+01	-2.618602e+02
6.520000e-06	-5.416203e-06	-1.106453e-09	-2.924927e+01	-2.633264e+02
6.530000e-06	-5.455733e-06	-1.111952e-09	-2.946274e+01	-2.647657e+02
6.540000e-06	-5.494661e-06	-1.116506e-09	-2.967297e+01	-2.661786e+02
6.550000e-06	-5.533067e-06	-1.121010e-09	-2.988038e+01	-2.675656e+02
6.560000e-06	-5.570857e-06	-1.126288e-09	-3.008445e+01	-2.689271e+02
6.570000e-06	-5.607976e-06	-1.131655e-09	-3.028491e+01	-2.702637e+02
6.580000e-06	-5.644599e-06	-1.137034e-09	-3.048268e+01	-2.715760e+02
6.590000e-06	-5.680927e-06	-1.142562e-09	-3.067887e+01	-2.728648e+02
6.600000e-06	-5.717047e-06	-1.147447e-09	-3.087393e+01	-2.741307e+02
6.610000e-06	-5.752830e-06	-1.150677e-09	-3.106716e+01	-2.753745e+02
6.620000e-06	-5.788177e-06	-1.153361e-09	-3.125805e+01	-2.765969e+02
6.630000e-06	-5.823161e-06	-1.157481e-09	-3.144698e+01	-2.777988e+02
6.640000e-06	-5.857725e-06	-1.161951e-09	-3.163363e+01	-2.789809e+02
6.650000e-06	-5.891983e-06	-1.165745e-09	-3.181864e+01	-2.801440e+02
6.660000e-06	-5.925745e-06	-1.168936e-09	-3.200097e+01	-2.812890e+02
6.670000e-06	-5.958901e-06	-1.172160e-09	-3.218002e+01	-2.824165e+02
6.680000e-06	-5.991796e-06	-1.175838e-09	-3.235766e+01	-2.835274e+02
6.690000e-06	-6.024303e-06	-1.179146e-09	-3.253321e+01	-2.846223e+02
6.700000e-06	-6.056431e-06	-1.182228e-09	-3.270671e+01	-2.857019e+02
6.710000e-06	-6.088385e-06	-1.185446e-09	-3.287927e+01	-2.867668e+02
6.720000e-06	-6.119948e-06	-1.189196e-09	-3.304972e+01	-2.878176e+02
6.730000e-06	-6.150881e-06	-1.193720e-09	-3.321677e+01	-2.888548e+02
6.740000e-06	-6.181047e-06	-1.197382e-09	-3.337968e+01	-2.898789e+02
6.750000e-06	-6.210563e-06	-1.200322e-09	-3.353907e+01	-2.908901e+02
6.760000e-06	-6.239604e-06	-1.203793e-09	-3.369591e+01	-2.918889e+02
6.770000e-06	-6.268185e-06	-1.207347e-09	-3.385025e+01	-2.928754e+02
6.780000e-06	-6.296418e-06	-1.209216e-09	-3.400272e+01	-2.938499e+02
6.790000e-06	-6.324478e-06	-1.210128e-09	-3.415425e+01	-2.948124e+02
6.800000e-06	-6.352106e-06	-1.211484e-09	-3.430345e+01	-2.957630e+02
6.810000e-06	-6.379084e-06	-1.213611e-09	-3.444914e+01	-2.967016e+02
6.820000e-06	-6.405632e-06	-1.216335e-09	-3.459251e+01	-2.976281e+02
6.830000e-06	-6.431801e-06	-1.218937e-09	-3.473383e+01	-2.985423e+02
6.840000e-06	-6.457540e-06	-1.221574e-09	-3.487283e+01	-2.994441e+02
6.850000e-06	-6.482696e-06	-1.223272e-09	-3.500868e+01	-3.003332e+02
6.860000e-06	-6.507297e-06	-1.224791e-09	-3.514154e+01	-3.012091e+02
6.870000e-06	-6.531642e-06	-1.227276e-09	-3.527300e+01	-3.020717e+02
6.880000e-06	-6.555830e-06	-1.230259e-09	-3.540363e+01	-3.029205e+02
6.890000e-06	-6.579769e-06	-1.233463e-09	-3.553291e+01	-3.037550e+02
6.900000e-06	-6.603159e-06	-1.235684e-09	-3.565922e+01	-3.045749e+02
6.910000e-06	-6.625806e-06	-1.236403e-09	-3.578152e+01	-3.053796e+02
6.920000e-06	-6.647557e-06	-1.236799e-09	-3.589899e+01	-3.061687e+02
6.930000e-06	-6.668514e-06	-1.237315e-09	-3.601216e+01	-3.069418e+02
6.940000e-06	-6.689064e-06	-1.239421e-09	-3.612314e+01	-3.076983e+02
6.950000e-06	-6.709356e-06	-1.242709e-09	-3.623272e+01	-3.084379e+02
6.960000e-06	-6.729387e-06	-1.245921e-09	-3.634089e+01	-3.091600e+02
6.970000e-06	-6.749009e-06	-1.249965e-09	-3.644686e+01	-3.098642e+02
6.980000e-06	-6.768067e-06	-1.253104e-09	-3.654978e+01	-3.105502e+02
6.990000e-06	-6.786668e-06	-1.253186e-09	-3.665023e+01	-3.112175e+02
7.000000e-06	-6.804916e-06	-1.252423e-09	-3.674878e+01	-3.118659e+02
7.010000e-06	-6.822636e-06	-1.253576e-09	-3.684447e+01	-3.124949e+02
7.020000e-06	-6.839860e-06	-1.256103e-09	-3.693748e+01	-3.131044e+02
7.030000e-06	-6.856692e-06	-1.258257e-09	-3.702838e+01	-3.136941e+02
7.040000e-06	-6.873152e-06	-1.260898e-09	-3.711727e+01	-3.142638e+02
7.050000e-06	-6.889302e-06	-1.263850e-09	-3.720449e+01	-3.148133e+02
7.060000e-06	-6.905098e-06	-1.265801e-09	-3.728979e+01	-3.153425e+02
7.070000e-06	-6.920085e-06	-1.267644e-09	-3.737073e+01	-3.158513e+02
7.080000e-06	-6.934039e-06	-1.269061e-09	-3.744608e+01	-3.163396e+02
7.090000e-06	-6.947296e-06	-1.269784e-09	-3.751767e+01	-3.168075e+02
7.100000e-06	-6.960017e-06	-1.270269e-09	-3.758637e+01	-3.172548e+02
7.110000e-06	-6.972323e-06	-1.271091e-09	-3.765283e+01	-3.176817e+02
7.120000e-06	-6.984038e-06	-1.272566e-09	-3.771609e+01	-3.180882e+02
7.130000e-06	-6.995094e-06	-1.273878e-09	-3.777580e+01	-3.184744e+02
7.140000e-06	-7.005692e-06	-1.275174e-09	-3.783303e+01	-3.188403e+02
7.150000e-06	-7.015925e-06	-1.275426e-09	-3.788829e+01	-3.191861e+02
7.160000e-06	-7.025648e-06	-1.275839e-09	-3.794080e+01	-3.195119e+02
7.170000e-06	-7.034785e-06	-1.277871e-09	-3.799014e+01	-3.198179e+02
7.180000e-06	-7.043540e-06	-1.278402e-09	-3.803742e+01	-3.201040e+02
7.190000e-06	-7.051946e-06	-1.277809e-09	-3.808282e+01	-3.203706e+02
7.200000e-06	-7.060064e-06	-1.277924e-09	-3.812666e+01	-3.206178e+02
7.210000e-06	-7.067887e-06	-1.278075e-09	-3.816890e+01	-3.208456e+02
7.220000e-06	-7.075083e-06	-1.277087e-09	-3.820777e+01	-3.210543e+02
7.230000e-06	-7.081352e-06	-1.275407e-09	-3.824162e+01	-3.212440e+02
7.240000e-06	-7.086785e-06	-1.275078e-09	-3.827096e+01	-3.214148e+02
7.250000e-06	-7.091633e-06	-1.275896e-09	-3.829714e+01	-3.215669e+02
7.260000e-06	-7.096082e-06	-1.275731e-09	-3.832117e+01	-3.217004e+02
7.270000e-06	-7.100213e-06	-1.274866e-09	-3.834348e+01	-3.218155e+02
7.280000e-06	-7.103858e-06	-1.274306e-09	-3.836316e+01	-3.219123e+02
7.290000e-06	-7.106939e-06	-1.273329e-09	-3.837980e+01	-3.219909e+02
7.300000e-06	-7.109687e-06	-1.273018e-09	-3.839464e+01	-3.220516e+02
7.310000e-06	-7.112071e-06	-1.273009e-09	-3.840751e+01	-3.220945e+02
7.320000e-06	-7.113948e-06	-1.272288e-09	-3.841765e+01	-3.221197e+02
7.330000e-06	-7.115189e-06	-1.272273e-09	-3.842435e+01	-3.221274e+02
7.340000e-06	-7.115900e-06	-1.271723e-09	-3.842819e+01	-3.221179e+02
