# Temperatura_=_-9.5
# Concentracion g/m^3_=_7400.0
# C_Vs_to_Am_M_A/Vsm_=_254322799225.57578
# pendiente_HvsI_1/m_=_3716.3
# ordenada_HvsI_A/m_=_1297.0
# frecuencia_Hz_=_136116.81933909009

Tiempo_(s)	Campo_(V.s)	Magnetizacion_(V.s)	Campo_(kA/m)	Magnetizacion_(A/m)
0.000000e+00	-7.103345e-06	-1.256297e-09	-3.842082e+01	-3.194703e+02
1.000000e-08	-7.103623e-06	-1.254903e-09	-3.842232e+01	-3.194633e+02
2.000000e-08	-7.103535e-06	-1.255529e-09	-3.842185e+01	-3.194364e+02
3.000000e-08	-7.103002e-06	-1.256043e-09	-3.841897e+01	-3.193899e+02
4.000000e-08	-7.101907e-06	-1.255401e-09	-3.841304e+01	-3.193241e+02
5.000000e-08	-7.100093e-06	-1.254671e-09	-3.840323e+01	-3.192391e+02
6.000000e-08	-7.097482e-06	-1.254286e-09	-3.838911e+01	-3.191355e+02
7.000000e-08	-7.094250e-06	-1.252538e-09	-3.837163e+01	-3.190134e+02
8.000000e-08	-7.090623e-06	-1.250966e-09	-3.835201e+01	-3.188735e+02
9.000000e-08	-7.086527e-06	-1.258968e-09	-3.832986e+01	-3.187160e+02
1.000000e-07	-7.081784e-06	-1.259792e-09	-3.830420e+01	-3.185416e+02
1.100000e-07	-7.076248e-06	-1.221349e-09	-3.827426e+01	-3.183507e+02
1.200000e-07	-7.070222e-06	-1.208624e-09	-3.824167e+01	-3.181438e+02
1.300000e-07	-7.064010e-06	-1.285113e-09	-3.820806e+01	-3.179216e+02
1.400000e-07	-7.057418e-06	-1.314280e-09	-3.817241e+01	-3.176846e+02
1.500000e-07	-7.050289e-06	-1.209484e-09	-3.813385e+01	-3.174335e+02
1.600000e-07	-7.042755e-06	-1.167824e-09	-3.809310e+01	-3.171688e+02
1.700000e-07	-7.034889e-06	-1.292242e-09	-3.805055e+01	-3.168911e+02
1.800000e-07	-7.026546e-06	-1.325924e-09	-3.800543e+01	-3.166011e+02
1.900000e-07	-7.017419e-06	-1.164870e-09	-3.795606e+01	-3.162994e+02
2.000000e-07	-7.007634e-06	-1.135694e-09	-3.790314e+01	-3.159865e+02
2.100000e-07	-6.997288e-06	-1.317931e-09	-3.784718e+01	-3.156630e+02
2.200000e-07	-6.986320e-06	-1.332335e-09	-3.778785e+01	-3.153294e+02
2.300000e-07	-6.974704e-06	-1.145492e-09	-3.772502e+01	-3.149863e+02
2.400000e-07	-6.962502e-06	-1.148679e-09	-3.765903e+01	-3.146342e+02
2.500000e-07	-6.949898e-06	-1.308692e-09	-3.759085e+01	-3.142734e+02
2.600000e-07	-6.936738e-06	-1.264926e-09	-3.751967e+01	-3.139044e+02
2.700000e-07	-6.922934e-06	-1.136390e-09	-3.744501e+01	-3.135275e+02
2.800000e-07	-6.908429e-06	-1.215374e-09	-3.736655e+01	-3.131430e+02
2.900000e-07	-6.893218e-06	-1.293321e-09	-3.728428e+01	-3.127511e+02
3.000000e-07	-6.877417e-06	-1.187519e-09	-3.719881e+01	-3.123521e+02
3.100000e-07	-6.861050e-06	-1.166247e-09	-3.711029e+01	-3.119460e+02
3.200000e-07	-6.844139e-06	-1.270206e-09	-3.701882e+01	-3.115329e+02
3.300000e-07	-6.826924e-06	-1.217112e-09	-3.692571e+01	-3.111129e+02
3.400000e-07	-6.809306e-06	-1.126615e-09	-3.683041e+01	-3.106859e+02
3.500000e-07	-6.791298e-06	-1.236124e-09	-3.673301e+01	-3.102518e+02
3.600000e-07	-6.772846e-06	-1.284062e-09	-3.663321e+01	-3.098105e+02
3.700000e-07	-6.753761e-06	-1.135683e-09	-3.652998e+01	-3.093618e+02
3.800000e-07	-6.734222e-06	-1.131842e-09	-3.642429e+01	-3.089055e+02
3.900000e-07	-6.714337e-06	-1.266796e-09	-3.631674e+01	-3.084413e+02
4.000000e-07	-6.694038e-06	-1.210399e-09	-3.620694e+01	-3.079689e+02
4.100000e-07	-6.673251e-06	-1.112499e-09	-3.609451e+01	-3.074880e+02
4.200000e-07	-6.652046e-06	-1.202494e-09	-3.597982e+01	-3.069982e+02
4.300000e-07	-6.630399e-06	-1.236180e-09	-3.586273e+01	-3.064992e+02
4.400000e-07	-6.608251e-06	-1.138223e-09	-3.574294e+01	-3.059906e+02
4.500000e-07	-6.585687e-06	-1.159818e-09	-3.562089e+01	-3.054721e+02
4.600000e-07	-6.562715e-06	-1.218828e-09	-3.549664e+01	-3.049433e+02
4.700000e-07	-6.539332e-06	-1.148364e-09	-3.537017e+01	-3.044039e+02
4.800000e-07	-6.515631e-06	-1.135536e-09	-3.524197e+01	-3.038534e+02
4.900000e-07	-6.491578e-06	-1.211454e-09	-3.511188e+01	-3.032916e+02
5.000000e-07	-6.466960e-06	-1.172205e-09	-3.497872e+01	-3.027182e+02
5.100000e-07	-6.441560e-06	-1.112352e-09	-3.484134e+01	-3.021328e+02
5.200000e-07	-6.415420e-06	-1.165873e-09	-3.469995e+01	-3.015354e+02
5.300000e-07	-6.388647e-06	-1.175901e-09	-3.455514e+01	-3.009256e+02
5.400000e-07	-6.361358e-06	-1.120223e-09	-3.440754e+01	-3.003032e+02
5.500000e-07	-6.333710e-06	-1.139500e-09	-3.425799e+01	-2.996681e+02
5.600000e-07	-6.305706e-06	-1.164963e-09	-3.410652e+01	-2.990202e+02
5.700000e-07	-6.277350e-06	-1.127030e-09	-3.395315e+01	-2.983594e+02
5.800000e-07	-6.248611e-06	-1.126495e-09	-3.379770e+01	-2.976856e+02
5.900000e-07	-6.219407e-06	-1.150062e-09	-3.363975e+01	-2.969987e+02
6.000000e-07	-6.189824e-06	-1.124067e-09	-3.347974e+01	-2.962987e+02
6.100000e-07	-6.159818e-06	-1.112377e-09	-3.331744e+01	-2.955856e+02
6.200000e-07	-6.129275e-06	-1.134132e-09	-3.315224e+01	-2.948593e+02
6.300000e-07	-6.098370e-06	-1.125172e-09	-3.298508e+01	-2.941198e+02
6.400000e-07	-6.067052e-06	-1.110193e-09	-3.281568e+01	-2.933671e+02
6.500000e-07	-6.035393e-06	-1.118576e-09	-3.264445e+01	-2.926010e+02
6.600000e-07	-6.003606e-06	-1.113291e-09	-3.247251e+01	-2.918217e+02
6.700000e-07	-5.971490e-06	-1.102117e-09	-3.229880e+01	-2.910289e+02
6.800000e-07	-5.938803e-06	-1.106377e-09	-3.212201e+01	-2.902225e+02
6.900000e-07	-5.905382e-06	-1.102464e-09	-3.194124e+01	-2.894025e+02
7.000000e-07	-5.871230e-06	-1.091260e-09	-3.175652e+01	-2.885685e+02
7.100000e-07	-5.836442e-06	-1.089826e-09	-3.156835e+01	-2.877204e+02
7.200000e-07	-5.801202e-06	-1.087037e-09	-3.137775e+01	-2.868578e+02
7.300000e-07	-5.765749e-06	-1.080860e-09	-3.118598e+01	-2.859806e+02
7.400000e-07	-5.730050e-06	-1.079447e-09	-3.099289e+01	-2.850883e+02
7.500000e-07	-5.694032e-06	-1.074908e-09	-3.079808e+01	-2.841805e+02
7.600000e-07	-5.657475e-06	-1.068109e-09	-3.060035e+01	-2.832568e+02
7.700000e-07	-5.620399e-06	-1.067848e-09	-3.039981e+01	-2.823167e+02
7.800000e-07	-5.583065e-06	-1.065428e-09	-3.019787e+01	-2.813597e+02
7.900000e-07	-5.545391e-06	-1.056248e-09	-2.999411e+01	-2.803853e+02
8.000000e-07	-5.507223e-06	-1.049548e-09	-2.978766e+01	-2.793929e+02
8.100000e-07	-5.468530e-06	-1.045728e-09	-2.957838e+01	-2.783821e+02
8.200000e-07	-5.429384e-06	-1.041328e-09	-2.936664e+01	-2.773522e+02
8.300000e-07	-5.390022e-06	-1.037413e-09	-2.915374e+01	-2.763027e+02
8.400000e-07	-5.350496e-06	-1.032877e-09	-2.893995e+01	-2.752330e+02
8.500000e-07	-5.310721e-06	-1.027728e-09	-2.872481e+01	-2.741427e+02
8.600000e-07	-5.270665e-06	-1.023702e-09	-2.850816e+01	-2.730312e+02
8.700000e-07	-5.230160e-06	-1.020025e-09	-2.828907e+01	-2.718982e+02
8.800000e-07	-5.189127e-06	-1.015644e-09	-2.806713e+01	-2.707432e+02
8.900000e-07	-5.147489e-06	-1.008640e-09	-2.784192e+01	-2.695658e+02
9.000000e-07	-5.105259e-06	-1.000428e-09	-2.761350e+01	-2.683658e+02
9.100000e-07	-5.062420e-06	-9.949827e-10	-2.738179e+01	-2.671429e+02
9.200000e-07	-5.019122e-06	-9.908890e-10	-2.714760e+01	-2.658970e+02
9.300000e-07	-4.975650e-06	-9.840810e-10	-2.691247e+01	-2.646280e+02
9.400000e-07	-4.931940e-06	-9.761479e-10	-2.667605e+01	-2.633358e+02
9.500000e-07	-4.887975e-06	-9.711947e-10	-2.643825e+01	-2.620205e+02
9.600000e-07	-4.843733e-06	-9.684274e-10	-2.619895e+01	-2.606822e+02
9.700000e-07	-4.799083e-06	-9.658097e-10	-2.595745e+01	-2.593209e+02
9.800000e-07	-4.754095e-06	-9.613497e-10	-2.571412e+01	-2.579370e+02
9.900000e-07	-4.708800e-06	-9.535835e-10	-2.546912e+01	-2.565306e+02
1.000000e-06	-4.663230e-06	-9.454184e-10	-2.522264e+01	-2.551021e+02
1.010000e-06	-4.617230e-06	-9.391674e-10	-2.497383e+01	-2.536517e+02
1.020000e-06	-4.570803e-06	-9.330297e-10	-2.472272e+01	-2.521798e+02
1.030000e-06	-4.524128e-06	-9.255329e-10	-2.447026e+01	-2.506867e+02
1.040000e-06	-4.476954e-06	-9.186942e-10	-2.421510e+01	-2.491728e+02
1.050000e-06	-4.429389e-06	-9.153294e-10	-2.395784e+01	-2.476383e+02
1.060000e-06	-4.381795e-06	-9.127698e-10	-2.370040e+01	-2.460835e+02
1.070000e-06	-4.334146e-06	-9.084217e-10	-2.344268e+01	-2.445088e+02
1.080000e-06	-4.286246e-06	-9.031010e-10	-2.318360e+01	-2.429142e+02
1.090000e-06	-4.238039e-06	-8.964775e-10	-2.292285e+01	-2.412999e+02
1.100000e-06	-4.189547e-06	-8.885958e-10	-2.266057e+01	-2.396660e+02
1.110000e-06	-4.140540e-06	-8.811397e-10	-2.239550e+01	-2.380125e+02
1.120000e-06	-4.091010e-06	-8.742857e-10	-2.212760e+01	-2.363392e+02
1.130000e-06	-4.041085e-06	-8.672520e-10	-2.185756e+01	-2.346460e+02
1.140000e-06	-3.990598e-06	-8.606429e-10	-2.158448e+01	-2.329327e+02
1.150000e-06	-3.939607e-06	-8.553915e-10	-2.130868e+01	-2.311989e+02
1.160000e-06	-3.888347e-06	-8.498678e-10	-2.103143e+01	-2.294442e+02
1.170000e-06	-3.836818e-06	-8.422984e-10	-2.075271e+01	-2.276680e+02
1.180000e-06	-3.785032e-06	-8.342566e-10	-2.047261e+01	-2.258698e+02
1.190000e-06	-3.733042e-06	-8.271264e-10	-2.019141e+01	-2.240488e+02
1.200000e-06	-3.680814e-06	-8.206055e-10	-1.990892e+01	-2.222044e+02
1.210000e-06	-3.628196e-06	-8.134790e-10	-1.962432e+01	-2.203358e+02
1.220000e-06	-3.575191e-06	-8.050270e-10	-1.933762e+01	-2.184422e+02
1.230000e-06	-3.521986e-06	-7.963343e-10	-1.904984e+01	-2.165227e+02
1.240000e-06	-3.468627e-06	-7.884141e-10	-1.876123e+01	-2.145764e+02
1.250000e-06	-3.415085e-06	-7.824440e-10	-1.847163e+01	-2.126025e+02
1.260000e-06	-3.361361e-06	-7.773038e-10	-1.818105e+01	-2.106003e+02
1.270000e-06	-3.307369e-06	-7.693494e-10	-1.788901e+01	-2.085688e+02
1.280000e-06	-3.253103e-06	-7.599382e-10	-1.759550e+01	-2.065073e+02
1.290000e-06	-3.198656e-06	-7.517797e-10	-1.730100e+01	-2.044150e+02
1.300000e-06	-3.143817e-06	-7.446621e-10	-1.700439e+01	-2.022915e+02
1.310000e-06	-3.088667e-06	-7.367173e-10	-1.670609e+01	-2.001361e+02
1.320000e-06	-3.033383e-06	-7.269934e-10	-1.640707e+01	-1.979483e+02
1.330000e-06	-2.977960e-06	-7.175226e-10	-1.610729e+01	-1.957277e+02
1.340000e-06	-2.922411e-06	-7.091122e-10	-1.580684e+01	-1.934743e+02
1.350000e-06	-2.866784e-06	-7.015618e-10	-1.550596e+01	-1.911876e+02
1.360000e-06	-2.811115e-06	-6.934397e-10	-1.520486e+01	-1.888678e+02
1.370000e-06	-2.755278e-06	-6.836722e-10	-1.490285e+01	-1.865149e+02
1.380000e-06	-2.699347e-06	-6.742268e-10	-1.460032e+01	-1.841290e+02
1.390000e-06	-2.643316e-06	-6.659306e-10	-1.429726e+01	-1.817104e+02
1.400000e-06	-2.587109e-06	-6.578639e-10	-1.399324e+01	-1.792594e+02
1.410000e-06	-2.530651e-06	-6.486139e-10	-1.368787e+01	-1.767766e+02
1.420000e-06	-2.473826e-06	-6.384496e-10	-1.338052e+01	-1.742623e+02
1.430000e-06	-2.416706e-06	-6.291029e-10	-1.307156e+01	-1.717171e+02
1.440000e-06	-2.359135e-06	-6.205833e-10	-1.276017e+01	-1.691417e+02
1.450000e-06	-2.301337e-06	-6.117312e-10	-1.244755e+01	-1.665365e+02
1.460000e-06	-2.243402e-06	-6.013775e-10	-1.213419e+01	-1.639023e+02
1.470000e-06	-2.185153e-06	-5.900396e-10	-1.181913e+01	-1.612395e+02
1.480000e-06	-2.126597e-06	-5.783124e-10	-1.150241e+01	-1.585488e+02
1.490000e-06	-2.067704e-06	-5.672622e-10	-1.118387e+01	-1.558307e+02
1.500000e-06	-2.008687e-06	-5.579045e-10	-1.086466e+01	-1.530855e+02
1.510000e-06	-1.949483e-06	-5.480276e-10	-1.054443e+01	-1.503136e+02
1.520000e-06	-1.890063e-06	-5.368540e-10	-1.022304e+01	-1.475154e+02
1.530000e-06	-1.830560e-06	-5.271608e-10	-9.901197e+00	-1.446908e+02
1.540000e-06	-1.771069e-06	-5.183818e-10	-9.579421e+00	-1.418399e+02
1.550000e-06	-1.711625e-06	-5.077589e-10	-9.257898e+00	-1.389626e+02
1.560000e-06	-1.652151e-06	-4.956656e-10	-8.936210e+00	-1.360586e+02
1.570000e-06	-1.592561e-06	-4.836190e-10	-8.613899e+00	-1.331275e+02
1.580000e-06	-1.532857e-06	-4.727280e-10	-8.290968e+00	-1.301688e+02
1.590000e-06	-1.473055e-06	-4.621776e-10	-7.967512e+00	-1.271818e+02
1.600000e-06	-1.413212e-06	-4.511275e-10	-7.643828e+00	-1.241657e+02
1.610000e-06	-1.353375e-06	-4.397546e-10	-7.320182e+00	-1.211195e+02
1.620000e-06	-1.293422e-06	-4.280522e-10	-6.995906e+00	-1.180421e+02
1.630000e-06	-1.233281e-06	-4.164593e-10	-6.670612e+00	-1.149325e+02
1.640000e-06	-1.173125e-06	-4.048212e-10	-6.345238e+00	-1.117893e+02
1.650000e-06	-1.112982e-06	-3.922994e-10	-6.019936e+00	-1.086113e+02
1.660000e-06	-1.052719e-06	-3.793413e-10	-5.693982e+00	-1.053971e+02
1.670000e-06	-9.923777e-07	-3.676113e-10	-5.367607e+00	-1.021454e+02
1.680000e-06	-9.319259e-07	-3.568927e-10	-5.040634e+00	-9.885478e+01
1.690000e-06	-8.714024e-07	-3.447514e-10	-4.713272e+00	-9.552390e+01
1.700000e-06	-8.108642e-07	-3.321127e-10	-4.385831e+00	-9.215147e+01
1.710000e-06	-7.502531e-07	-3.203643e-10	-4.057995e+00	-8.873630e+01
1.720000e-06	-6.896832e-07	-3.078547e-10	-3.730383e+00	-8.527729e+01
1.730000e-06	-6.291193e-07	-2.950396e-10	-3.402803e+00	-8.177344e+01
1.740000e-06	-5.683568e-07	-2.829972e-10	-3.074148e+00	-7.822395e+01
1.750000e-06	-5.075861e-07	-2.706860e-10	-2.745450e+00	-7.462814e+01
1.760000e-06	-4.468634e-07	-2.569276e-10	-2.417010e+00	-7.098556e+01
1.770000e-06	-3.859447e-07	-2.428958e-10	-2.087511e+00	-6.729595e+01
1.780000e-06	-3.248833e-07	-2.296264e-10	-1.757240e+00	-6.355928e+01
1.790000e-06	-2.638034e-07	-2.163280e-10	-1.426869e+00	-5.977574e+01
1.800000e-06	-2.028238e-07	-2.024116e-10	-1.097041e+00	-5.594581e+01
1.810000e-06	-1.418306e-07	-1.877138e-10	-7.671380e-01	-5.207018e+01
1.820000e-06	-8.077462e-08	-1.735038e-10	-4.368966e-01	-4.814982e+01
1.830000e-06	-1.991608e-08	-1.596725e-10	-1.077228e-01	-4.418594e+01
1.840000e-06	4.082310e-08	-1.448513e-10	2.208054e-01	-4.018004e+01
1.850000e-06	1.016744e-07	-1.293552e-10	5.499401e-01	-3.613385e+01
1.860000e-06	1.626036e-07	-1.145044e-10	8.794959e-01	-3.204934e+01
1.870000e-06	2.235047e-07	-1.009037e-10	1.208900e+00	-2.792872e+01
1.880000e-06	2.843331e-07	-8.719143e-11	1.537911e+00	-2.377442e+01
1.890000e-06	3.451545e-07	-7.253344e-11	1.866884e+00	-1.958908e+01
1.900000e-06	4.059808e-07	-5.755112e-11	2.195883e+00	-1.537553e+01
1.910000e-06	4.667419e-07	-4.199475e-11	2.524530e+00	-1.113676e+01
1.920000e-06	5.274270e-07	-2.630047e-11	2.852766e+00	-6.875912e+00
1.930000e-06	5.881177e-07	-1.190875e-11	3.181031e+00	-2.596262e+00
1.940000e-06	6.488536e-07	2.175698e-12	3.509542e+00	1.698814e+00
1.950000e-06	7.094978e-07	1.784202e-11	3.837556e+00	6.005854e+00
1.960000e-06	7.700087e-07	3.447312e-11	4.164850e+00	1.032134e+01
1.970000e-06	8.304427e-07	5.059369e-11	4.491727e+00	1.464170e+01
1.980000e-06	8.907419e-07	6.526653e-11	4.817876e+00	1.896338e+01
1.990000e-06	9.509559e-07	7.943620e-11	5.143563e+00	2.328279e+01
2.000000e-06	1.011139e-06	9.498447e-11	5.469085e+00	2.759640e+01
2.010000e-06	1.071297e-06	1.109508e-10	5.794468e+00	3.190072e+01
2.020000e-06	1.131528e-06	1.263437e-10	6.120245e+00	3.619231e+01
2.030000e-06	1.191695e-06	1.419263e-10	6.445684e+00	4.046784e+01
2.040000e-06	1.251674e-06	1.576514e-10	6.770098e+00	4.472405e+01
2.050000e-06	1.311570e-06	1.730095e-10	7.094065e+00	4.895780e+01
2.060000e-06	1.371450e-06	1.880534e-10	7.417946e+00	5.316610e+01
2.070000e-06	1.431271e-06	2.027856e-10	7.741509e+00	5.734606e+01
2.080000e-06	1.491019e-06	2.169493e-10	8.064673e+00	6.149496e+01
2.090000e-06	1.550681e-06	2.303606e-10	8.387376e+00	6.561023e+01
2.100000e-06	1.610284e-06	2.440771e-10	8.709762e+00	6.968946e+01
2.110000e-06	1.669866e-06	2.586579e-10	9.032030e+00	7.373039e+01
2.120000e-06	1.729383e-06	2.728374e-10	9.353949e+00	7.773096e+01
2.130000e-06	1.788779e-06	2.865849e-10	9.675212e+00	8.168927e+01
2.140000e-06	1.848100e-06	3.002912e-10	9.996071e+00	8.560357e+01
2.150000e-06	1.907387e-06	3.134808e-10	1.031674e+01	8.947231e+01
2.160000e-06	1.966614e-06	3.270836e-10	1.063709e+01	9.329411e+01
2.170000e-06	2.025679e-06	3.411346e-10	1.095657e+01	9.706776e+01
2.180000e-06	2.084504e-06	3.542531e-10	1.127474e+01	1.007922e+02
2.190000e-06	2.143113e-06	3.669940e-10	1.159175e+01	1.044666e+02
2.200000e-06	2.201499e-06	3.805974e-10	1.190755e+01	1.080902e+02
2.210000e-06	2.259681e-06	3.942235e-10	1.222224e+01	1.116626e+02
2.220000e-06	2.317615e-06	4.068631e-10	1.253560e+01	1.151832e+02
2.230000e-06	2.375155e-06	4.186809e-10	1.284682e+01	1.186518e+02
2.240000e-06	2.432268e-06	4.307115e-10	1.315574e+01	1.220685e+02
2.250000e-06	2.488993e-06	4.439004e-10	1.346255e+01	1.254331e+02
2.260000e-06	2.545436e-06	4.571314e-10	1.376784e+01	1.287460e+02
2.270000e-06	2.601768e-06	4.694147e-10	1.407253e+01	1.320074e+02
2.280000e-06	2.657944e-06	4.812835e-10	1.437638e+01	1.352179e+02
2.290000e-06	2.713900e-06	4.928796e-10	1.467904e+01	1.383779e+02
2.300000e-06	2.769702e-06	5.042854e-10	1.498086e+01	1.414881e+02
2.310000e-06	2.825391e-06	5.161821e-10	1.528207e+01	1.445494e+02
2.320000e-06	2.880986e-06	5.283651e-10	1.558278e+01	1.475626e+02
2.330000e-06	2.936447e-06	5.408741e-10	1.588276e+01	1.505287e+02
2.340000e-06	2.991790e-06	5.535650e-10	1.618210e+01	1.534488e+02
2.350000e-06	3.047068e-06	5.657643e-10	1.648109e+01	1.563239e+02
2.360000e-06	3.102145e-06	5.762753e-10	1.677899e+01	1.591553e+02
2.370000e-06	3.156954e-06	5.843489e-10	1.707544e+01	1.619443e+02
2.380000e-06	3.211460e-06	5.911906e-10	1.737026e+01	1.646920e+02
2.390000e-06	3.265768e-06	5.994080e-10	1.766400e+01	1.673998e+02
2.400000e-06	3.319988e-06	6.105676e-10	1.795727e+01	1.700690e+02
2.410000e-06	3.373929e-06	6.226116e-10	1.824902e+01	1.727010e+02
2.420000e-06	3.427515e-06	6.342242e-10	1.853887e+01	1.752970e+02
2.430000e-06	3.480849e-06	6.450424e-10	1.882734e+01	1.778585e+02
2.440000e-06	3.533943e-06	6.546165e-10	1.911451e+01	1.803867e+02
2.450000e-06	3.586842e-06	6.637804e-10	1.940064e+01	1.828828e+02
2.460000e-06	3.639579e-06	6.727962e-10	1.968588e+01	1.853481e+02
2.470000e-06	3.691952e-06	6.811887e-10	1.996916e+01	1.877837e+02
2.480000e-06	3.743918e-06	6.887582e-10	2.025024e+01	1.901907e+02
2.490000e-06	3.795667e-06	6.971144e-10	2.053014e+01	1.925701e+02
2.500000e-06	3.847074e-06	7.065943e-10	2.080819e+01	1.949229e+02
2.510000e-06	3.898120e-06	7.158503e-10	2.108429e+01	1.972498e+02
2.520000e-06	3.948938e-06	7.240924e-10	2.135915e+01	1.995517e+02
2.530000e-06	3.999493e-06	7.312478e-10	2.163260e+01	2.018292e+02
2.540000e-06	4.049638e-06	7.391048e-10	2.190382e+01	2.040829e+02
2.550000e-06	4.099153e-06	7.476218e-10	2.217164e+01	2.063131e+02
2.560000e-06	4.148054e-06	7.558612e-10	2.243614e+01	2.085203e+02
2.570000e-06	4.196608e-06	7.626806e-10	2.269876e+01	2.107047e+02
2.580000e-06	4.244890e-06	7.688694e-10	2.295991e+01	2.128665e+02
2.590000e-06	4.292802e-06	7.766364e-10	2.321906e+01	2.150057e+02
2.600000e-06	4.340379e-06	7.856402e-10	2.347640e+01	2.171223e+02
2.610000e-06	4.387735e-06	7.943221e-10	2.373254e+01	2.192162e+02
2.620000e-06	4.434875e-06	8.013308e-10	2.398750e+01	2.212873e+02
2.630000e-06	4.481781e-06	8.076079e-10	2.424121e+01	2.233353e+02
2.640000e-06	4.528255e-06	8.153280e-10	2.449259e+01	2.253599e+02
2.650000e-06	4.574405e-06	8.244684e-10	2.474220e+01	2.273608e+02
2.660000e-06	4.620367e-06	8.323566e-10	2.499080e+01	2.293377e+02
2.670000e-06	4.665910e-06	8.378523e-10	2.523714e+01	2.312900e+02
2.680000e-06	4.711156e-06	8.431978e-10	2.548187e+01	2.332175e+02
2.690000e-06	4.755975e-06	8.506772e-10	2.572428e+01	2.351197e+02
2.700000e-06	4.800342e-06	8.590734e-10	2.596426e+01	2.369962e+02
2.710000e-06	4.844573e-06	8.662407e-10	2.620350e+01	2.388466e+02
2.720000e-06	4.888645e-06	8.731093e-10	2.644188e+01	2.406706e+02
2.730000e-06	4.932460e-06	8.806242e-10	2.667886e+01	2.424679e+02
2.740000e-06	4.975997e-06	8.886718e-10	2.691435e+01	2.442382e+02
2.750000e-06	5.019248e-06	8.966239e-10	2.714828e+01	2.459812e+02
2.760000e-06	5.062187e-06	9.033326e-10	2.738053e+01	2.476968e+02
2.770000e-06	5.104672e-06	9.081665e-10	2.761033e+01	2.493849e+02
2.780000e-06	5.146690e-06	9.137853e-10	2.783760e+01	2.510454e+02
2.790000e-06	5.188085e-06	9.214469e-10	2.806149e+01	2.526783e+02
2.800000e-06	5.228764e-06	9.288674e-10	2.828152e+01	2.542836e+02
2.810000e-06	5.268947e-06	9.357234e-10	2.849887e+01	2.558616e+02
2.820000e-06	5.308855e-06	9.417826e-10	2.871472e+01	2.574124e+02
2.830000e-06	5.348575e-06	9.472979e-10	2.892956e+01	2.589363e+02
2.840000e-06	5.388009e-06	9.541194e-10	2.914285e+01	2.604335e+02
2.850000e-06	5.427158e-06	9.613515e-10	2.935460e+01	2.619045e+02
2.860000e-06	5.465907e-06	9.665592e-10	2.956419e+01	2.633495e+02
2.870000e-06	5.504326e-06	9.702145e-10	2.977199e+01	2.647691e+02
2.880000e-06	5.542419e-06	9.747404e-10	2.997803e+01	2.661637e+02
2.890000e-06	5.580003e-06	9.815351e-10	3.018132e+01	2.675338e+02
2.900000e-06	5.617231e-06	9.889628e-10	3.038268e+01	2.688799e+02
2.910000e-06	5.654112e-06	9.952239e-10	3.058216e+01	2.702025e+02
2.920000e-06	5.690558e-06	1.000691e-09	3.077929e+01	2.715021e+02
2.930000e-06	5.726594e-06	1.007473e-09	3.097420e+01	2.727793e+02
2.940000e-06	5.762316e-06	1.015523e-09	3.116742e+01	2.740346e+02
2.950000e-06	5.797707e-06	1.021428e-09	3.135884e+01	2.752683e+02
2.960000e-06	5.832798e-06	1.024659e-09	3.154864e+01	2.764811e+02
2.970000e-06	5.867457e-06	1.029196e-09	3.173611e+01	2.776734e+02
2.980000e-06	5.901591e-06	1.035865e-09	3.192073e+01	2.788455e+02
2.990000e-06	5.935109e-06	1.041578e-09	3.210203e+01	2.799979e+02
3.000000e-06	5.967821e-06	1.046299e-09	3.227896e+01	2.811309e+02
3.010000e-06	5.999923e-06	1.050938e-09	3.245259e+01	2.822449e+02
3.020000e-06	6.031677e-06	1.055235e-09	3.262434e+01	2.833401e+02
3.030000e-06	6.063206e-06	1.061065e-09	3.279488e+01	2.844169e+02
3.040000e-06	6.094401e-06	1.067801e-09	3.296361e+01	2.854754e+02
3.050000e-06	6.125228e-06	1.072311e-09	3.313035e+01	2.865158e+02
3.060000e-06	6.155579e-06	1.076944e-09	3.329451e+01	2.875385e+02
3.070000e-06	6.185480e-06	1.083039e-09	3.345624e+01	2.885434e+02
3.080000e-06	6.215045e-06	1.087467e-09	3.361615e+01	2.895307e+02
3.090000e-06	6.244125e-06	1.091561e-09	3.377344e+01	2.905007e+02
3.100000e-06	6.272832e-06	1.097226e-09	3.392871e+01	2.914533e+02
3.110000e-06	6.301105e-06	1.103051e-09	3.408163e+01	2.923886e+02
3.120000e-06	6.328934e-06	1.107893e-09	3.423216e+01	2.933069e+02
3.130000e-06	6.356569e-06	1.112711e-09	3.438163e+01	2.942081e+02
3.140000e-06	6.383935e-06	1.117481e-09	3.452965e+01	2.950924e+02
3.150000e-06	6.410961e-06	1.121008e-09	3.467583e+01	2.959599e+02
3.160000e-06	6.437468e-06	1.124784e-09	3.481920e+01	2.968107e+02
3.170000e-06	6.463075e-06	1.129659e-09	3.495770e+01	2.976448e+02
3.180000e-06	6.487877e-06	1.134215e-09	3.509185e+01	2.984626e+02
3.190000e-06	6.512178e-06	1.137578e-09	3.522330e+01	2.992639e+02
3.200000e-06	6.535971e-06	1.140411e-09	3.535199e+01	3.000491e+02
3.210000e-06	6.559324e-06	1.142959e-09	3.547830e+01	3.008183e+02
3.220000e-06	6.582347e-06	1.145901e-09	3.560283e+01	3.015717e+02
3.230000e-06	6.604862e-06	1.150110e-09	3.572461e+01	3.023094e+02
3.240000e-06	6.626812e-06	1.155051e-09	3.584333e+01	3.030316e+02
3.250000e-06	6.648352e-06	1.159292e-09	3.595984e+01	3.037386e+02
3.260000e-06	6.669479e-06	1.162361e-09	3.607411e+01	3.044305e+02
3.270000e-06	6.690168e-06	1.165570e-09	3.618602e+01	3.051074e+02
3.280000e-06	6.710404e-06	1.169112e-09	3.629547e+01	3.057697e+02
3.290000e-06	6.730342e-06	1.172323e-09	3.640331e+01	3.064174e+02
3.300000e-06	6.750028e-06	1.175537e-09	3.650979e+01	3.070508e+02
3.310000e-06	6.769340e-06	1.178565e-09	3.661424e+01	3.076700e+02
3.320000e-06	6.788297e-06	1.181027e-09	3.671678e+01	3.082751e+02
3.330000e-06	6.806696e-06	1.183009e-09	3.681630e+01	3.088662e+02
3.340000e-06	6.824331e-06	1.183930e-09	3.691168e+01	3.094435e+02
3.350000e-06	6.841365e-06	1.185341e-09	3.700381e+01	3.100069e+02
3.360000e-06	6.858029e-06	1.188453e-09	3.709394e+01	3.105566e+02
3.370000e-06	6.874431e-06	1.191421e-09	3.718266e+01	3.110925e+02
3.380000e-06	6.890418e-06	1.194223e-09	3.726913e+01	3.116146e+02
3.390000e-06	6.905603e-06	1.197222e-09	3.735127e+01	3.121228e+02
3.400000e-06	6.920033e-06	1.199547e-09	3.742932e+01	3.126170e+02
3.410000e-06	6.933935e-06	1.201935e-09	3.750451e+01	3.130972e+02
3.420000e-06	6.947349e-06	1.205370e-09	3.757707e+01	3.135631e+02
3.430000e-06	6.960300e-06	1.207947e-09	3.764711e+01	3.140145e+02
3.440000e-06	6.972760e-06	1.209306e-09	3.771451e+01	3.144513e+02
3.450000e-06	6.984710e-06	1.211405e-09	3.777914e+01	3.148732e+02
3.460000e-06	6.996138e-06	1.214710e-09	3.784095e+01	3.152799e+02
3.470000e-06	7.007108e-06	1.218398e-09	3.790029e+01	3.156711e+02
3.480000e-06	7.017426e-06	1.221091e-09	3.795610e+01	3.160465e+02
3.490000e-06	7.026772e-06	1.223074e-09	3.800665e+01	3.164057e+02
3.500000e-06	7.035390e-06	1.226226e-09	3.805326e+01	3.167485e+02
3.510000e-06	7.043557e-06	1.230369e-09	3.809744e+01	3.170745e+02
3.520000e-06	7.051301e-06	1.233015e-09	3.813932e+01	3.173834e+02
3.530000e-06	7.058638e-06	1.234061e-09	3.817901e+01	3.176747e+02
3.540000e-06	7.065503e-06	1.235322e-09	3.821614e+01	3.179481e+02
3.550000e-06	7.071930e-06	1.237755e-09	3.825090e+01	3.182034e+02
3.560000e-06	7.077895e-06	1.240570e-09	3.828317e+01	3.184402e+02
3.570000e-06	7.083362e-06	1.243006e-09	3.831274e+01	3.186581e+02
3.580000e-06	7.088261e-06	1.245273e-09	3.833923e+01	3.188570e+02
3.590000e-06	7.092529e-06	1.247725e-09	3.836232e+01	3.190365e+02
3.600000e-06	7.096373e-06	1.250233e-09	3.838311e+01	3.191965e+02
3.610000e-06	7.099961e-06	1.252553e-09	3.840252e+01	3.193367e+02
3.620000e-06	7.103264e-06	1.253863e-09	3.842038e+01	3.194569e+02
3.630000e-06	7.106209e-06	1.254543e-09	3.843631e+01	3.195571e+02
3.640000e-06	7.108485e-06	1.255903e-09	3.844862e+01	3.196372e+02
3.650000e-06	7.109870e-06	1.257792e-09	3.845611e+01	3.196971e+02
3.660000e-06	7.110470e-06	1.259498e-09	3.845936e+01	3.197369e+02
3.670000e-06	7.110589e-06	1.260425e-09	3.846000e+01	3.197565e+02
3.680000e-06	7.110407e-06	1.261102e-09	3.845902e+01	3.197561e+02
3.690000e-06	7.109798e-06	1.261163e-09	3.845573e+01	3.197359e+02
3.700000e-06	7.108623e-06	1.261648e-09	3.844937e+01	3.196959e+02
3.710000e-06	7.106891e-06	1.262464e-09	3.844000e+01	3.196365e+02
3.720000e-06	7.104795e-06	1.262540e-09	3.842866e+01	3.195579e+02
3.730000e-06	7.102273e-06	1.263572e-09	3.841502e+01	3.194604e+02
3.740000e-06	7.099208e-06	1.265410e-09	3.839844e+01	3.193445e+02
3.750000e-06	7.095680e-06	1.259274e-09	3.837936e+01	3.192105e+02
3.760000e-06	7.091726e-06	1.241366e-09	3.835798e+01	3.190588e+02
3.770000e-06	7.087041e-06	1.259340e-09	3.833263e+01	3.188900e+02
3.780000e-06	7.081571e-06	1.321708e-09	3.830305e+01	3.187045e+02
3.790000e-06	7.075731e-06	1.285539e-09	3.827146e+01	3.185029e+02
3.800000e-06	7.069650e-06	1.176059e-09	3.823857e+01	3.182857e+02
3.810000e-06	7.063064e-06	1.219184e-09	3.820294e+01	3.180536e+02
3.820000e-06	7.055693e-06	1.348666e-09	3.816308e+01	3.178072e+02
3.830000e-06	7.047633e-06	1.301962e-09	3.811948e+01	3.175469e+02
3.840000e-06	7.039245e-06	1.150892e-09	3.807411e+01	3.172735e+02
3.850000e-06	7.030548e-06	1.213175e-09	3.802707e+01	3.169876e+02
3.860000e-06	7.021272e-06	1.396848e-09	3.797690e+01	3.166897e+02
3.870000e-06	7.011459e-06	1.311319e-09	3.792382e+01	3.163804e+02
3.880000e-06	7.001346e-06	1.096272e-09	3.786912e+01	3.160604e+02
3.890000e-06	6.990853e-06	1.201160e-09	3.781237e+01	3.157302e+02
3.900000e-06	6.979763e-06	1.423733e-09	3.775239e+01	3.153902e+02
3.910000e-06	6.968118e-06	1.294206e-09	3.768940e+01	3.150411e+02
3.920000e-06	6.955922e-06	1.092574e-09	3.762343e+01	3.146831e+02
3.930000e-06	6.943107e-06	1.255221e-09	3.755412e+01	3.143168e+02
3.940000e-06	6.929657e-06	1.405912e-09	3.748137e+01	3.139425e+02
3.950000e-06	6.915466e-06	1.197040e-09	3.740462e+01	3.135605e+02
3.960000e-06	6.900508e-06	1.103167e-09	3.732371e+01	3.131711e+02
3.970000e-06	6.884940e-06	1.331029e-09	3.723951e+01	3.127744e+02
3.980000e-06	6.868898e-06	1.347236e-09	3.715273e+01	3.123707e+02
3.990000e-06	6.852462e-06	1.129486e-09	3.706384e+01	3.119600e+02
4.000000e-06	6.835633e-06	1.204812e-09	3.697281e+01	3.115423e+02
4.010000e-06	6.818410e-06	1.376407e-09	3.687965e+01	3.111176e+02
4.020000e-06	6.800683e-06	1.210988e-09	3.678377e+01	3.106859e+02
4.030000e-06	6.782492e-06	1.109264e-09	3.668538e+01	3.102471e+02
4.040000e-06	6.763849e-06	1.324817e-09	3.658454e+01	3.098009e+02
4.050000e-06	6.744614e-06	1.336725e-09	3.648050e+01	3.093471e+02
4.060000e-06	6.724833e-06	1.124490e-09	3.637351e+01	3.088856e+02
4.070000e-06	6.704735e-06	1.204682e-09	3.626481e+01	3.084159e+02
4.080000e-06	6.684423e-06	1.357737e-09	3.615494e+01	3.079379e+02
4.090000e-06	6.663674e-06	1.204714e-09	3.604271e+01	3.074511e+02
4.100000e-06	6.642303e-06	1.140088e-09	3.592712e+01	3.069553e+02
4.110000e-06	6.620186e-06	1.307169e-09	3.580749e+01	3.064499e+02
4.120000e-06	6.597383e-06	1.271650e-09	3.568416e+01	3.059348e+02
4.130000e-06	6.573892e-06	1.146271e-09	3.555710e+01	3.054095e+02
4.140000e-06	6.549798e-06	1.251891e-09	3.542677e+01	3.048736e+02
4.150000e-06	6.525379e-06	1.293635e-09	3.529470e+01	3.043268e+02
4.160000e-06	6.500718e-06	1.165343e-09	3.516131e+01	3.037689e+02
4.170000e-06	6.475755e-06	1.202419e-09	3.502629e+01	3.031993e+02
4.180000e-06	6.450341e-06	1.291203e-09	3.488883e+01	3.026180e+02
4.190000e-06	6.424386e-06	1.203736e-09	3.474844e+01	3.020247e+02
4.200000e-06	6.397987e-06	1.179893e-09	3.460566e+01	3.014190e+02
4.210000e-06	6.371047e-06	1.259644e-09	3.445994e+01	3.008008e+02
4.220000e-06	6.343506e-06	1.217661e-09	3.431097e+01	3.001700e+02
4.230000e-06	6.315564e-06	1.174499e-09	3.415984e+01	2.995264e+02
4.240000e-06	6.287403e-06	1.235459e-09	3.400753e+01	2.988699e+02
4.250000e-06	6.258964e-06	1.227953e-09	3.385370e+01	2.982005e+02
4.260000e-06	6.230175e-06	1.184009e-09	3.369799e+01	2.975179e+02
4.270000e-06	6.201069e-06	1.219559e-09	3.354056e+01	2.968223e+02
4.280000e-06	6.171299e-06	1.226273e-09	3.337954e+01	2.961136e+02
4.290000e-06	6.140688e-06	1.188318e-09	3.321397e+01	2.953917e+02
4.300000e-06	6.109416e-06	1.198894e-09	3.304483e+01	2.946566e+02
4.310000e-06	6.077526e-06	1.206983e-09	3.287233e+01	2.939083e+02
4.320000e-06	6.045328e-06	1.187297e-09	3.269818e+01	2.931467e+02
4.330000e-06	6.012933e-06	1.193665e-09	3.252296e+01	2.923718e+02
4.340000e-06	5.980054e-06	1.197891e-09	3.234513e+01	2.915835e+02
4.350000e-06	5.946619e-06	1.184424e-09	3.216428e+01	2.907817e+02
4.360000e-06	5.912656e-06	1.189074e-09	3.198058e+01	2.899662e+02
4.370000e-06	5.878384e-06	1.191179e-09	3.179521e+01	2.891369e+02
4.380000e-06	5.843923e-06	1.180438e-09	3.160881e+01	2.882936e+02
4.390000e-06	5.809123e-06	1.182095e-09	3.142059e+01	2.874359e+02
4.400000e-06	5.773770e-06	1.179292e-09	3.122937e+01	2.865636e+02
4.410000e-06	5.737923e-06	1.167373e-09	3.103548e+01	2.856764e+02
4.420000e-06	5.701808e-06	1.171000e-09	3.084014e+01	2.847738e+02
4.430000e-06	5.665488e-06	1.172658e-09	3.064369e+01	2.838554e+02
4.440000e-06	5.628954e-06	1.161179e-09	3.044608e+01	2.829209e+02
4.450000e-06	5.592161e-06	1.159893e-09	3.024708e+01	2.819696e+02
4.460000e-06	5.554886e-06	1.164052e-09	3.004546e+01	2.810010e+02
4.470000e-06	5.516767e-06	1.158286e-09	2.983928e+01	2.800147e+02
4.480000e-06	5.477817e-06	1.151903e-09	2.962861e+01	2.790101e+02
4.490000e-06	5.438354e-06	1.149396e-09	2.941516e+01	2.779867e+02
4.500000e-06	5.398529e-06	1.144402e-09	2.919975e+01	2.769437e+02
4.510000e-06	5.358397e-06	1.139796e-09	2.898268e+01	2.758809e+02
4.520000e-06	5.318078e-06	1.138547e-09	2.876461e+01	2.747975e+02
4.530000e-06	5.277425e-06	1.135909e-09	2.854472e+01	2.736932e+02
4.540000e-06	5.236378e-06	1.130882e-09	2.832271e+01	2.725674e+02
4.550000e-06	5.194998e-06	1.126810e-09	2.809889e+01	2.714197e+02
4.560000e-06	5.153177e-06	1.124837e-09	2.787268e+01	2.702498e+02
4.570000e-06	5.111036e-06	1.122195e-09	2.764475e+01	2.690574e+02
4.580000e-06	5.068617e-06	1.115145e-09	2.741531e+01	2.678422e+02
4.590000e-06	5.025873e-06	1.105401e-09	2.718412e+01	2.666040e+02
4.600000e-06	4.982722e-06	1.099363e-09	2.695072e+01	2.653427e+02
4.610000e-06	4.939154e-06	1.096821e-09	2.671507e+01	2.640582e+02
4.620000e-06	4.895284e-06	1.093165e-09	2.647778e+01	2.627506e+02
4.630000e-06	4.851153e-06	1.090305e-09	2.623909e+01	2.614200e+02
4.640000e-06	4.806871e-06	1.087927e-09	2.599957e+01	2.600663e+02
4.650000e-06	4.762396e-06	1.082218e-09	2.575901e+01	2.586900e+02
4.660000e-06	4.717720e-06	1.074945e-09	2.551737e+01	2.572910e+02
4.670000e-06	4.672777e-06	1.068093e-09	2.527428e+01	2.558699e+02
4.680000e-06	4.627442e-06	1.060938e-09	2.502907e+01	2.544268e+02
4.690000e-06	4.581635e-06	1.054378e-09	2.478131e+01	2.529620e+02
4.700000e-06	4.535317e-06	1.049250e-09	2.453078e+01	2.514760e+02
4.710000e-06	4.488687e-06	1.045625e-09	2.427857e+01	2.499689e+02
4.720000e-06	4.441721e-06	1.042044e-09	2.402454e+01	2.484413e+02
4.730000e-06	4.394438e-06	1.035602e-09	2.376879e+01	2.468933e+02
4.740000e-06	4.347071e-06	1.026346e-09	2.351259e+01	2.453251e+02
4.750000e-06	4.299454e-06	1.019333e-09	2.325503e+01	2.437371e+02
4.760000e-06	4.251431e-06	1.014624e-09	2.299529e+01	2.421294e+02
4.770000e-06	4.202963e-06	1.007321e-09	2.273313e+01	2.405021e+02
4.780000e-06	4.154046e-06	9.987875e-10	2.246855e+01	2.388551e+02
4.790000e-06	4.104744e-06	9.925635e-10	2.220188e+01	2.371884e+02
4.800000e-06	4.055056e-06	9.873007e-10	2.193313e+01	2.355019e+02
4.810000e-06	4.005121e-06	9.814192e-10	2.166304e+01	2.337954e+02
4.820000e-06	3.954900e-06	9.752245e-10	2.139140e+01	2.320685e+02
4.830000e-06	3.904404e-06	9.682083e-10	2.111828e+01	2.303208e+02
4.840000e-06	3.853623e-06	9.610509e-10	2.084361e+01	2.285518e+02
4.850000e-06	3.802455e-06	9.547079e-10	2.056685e+01	2.267610e+02
4.860000e-06	3.750949e-06	9.479629e-10	2.028827e+01	2.249477e+02
4.870000e-06	3.699114e-06	9.405282e-10	2.000790e+01	2.231112e+02
4.880000e-06	3.647100e-06	9.331438e-10	1.972656e+01	2.212508e+02
4.890000e-06	3.594871e-06	9.268275e-10	1.944406e+01	2.193656e+02
4.900000e-06	3.542398e-06	9.208565e-10	1.916025e+01	2.174548e+02
4.910000e-06	3.489721e-06	9.142124e-10	1.887532e+01	2.155176e+02
4.920000e-06	3.436793e-06	9.069639e-10	1.858905e+01	2.135530e+02
4.930000e-06	3.383544e-06	8.981117e-10	1.830103e+01	2.115603e+02
4.940000e-06	3.329803e-06	8.893520e-10	1.801035e+01	2.095386e+02
4.950000e-06	3.275710e-06	8.823168e-10	1.771778e+01	2.074872e+02
4.960000e-06	3.221254e-06	8.748344e-10	1.742323e+01	2.054053e+02
4.970000e-06	3.166269e-06	8.657974e-10	1.712583e+01	2.032923e+02
4.980000e-06	3.110984e-06	8.563366e-10	1.682680e+01	2.011476e+02
4.990000e-06	3.055460e-06	8.474873e-10	1.652648e+01	1.989706e+02
5.000000e-06	2.999657e-06	8.391230e-10	1.622465e+01	1.967610e+02
5.010000e-06	2.943655e-06	8.301076e-10	1.592174e+01	1.945186e+02
5.020000e-06	2.887479e-06	8.203529e-10	1.561790e+01	1.922430e+02
5.030000e-06	2.831219e-06	8.105310e-10	1.531359e+01	1.899342e+02
5.040000e-06	2.774802e-06	8.012846e-10	1.500845e+01	1.875923e+02
5.050000e-06	2.718186e-06	7.924606e-10	1.470222e+01	1.852174e+02
5.060000e-06	2.661451e-06	7.833378e-10	1.439535e+01	1.828097e+02
5.070000e-06	2.604649e-06	7.729250e-10	1.408812e+01	1.803695e+02
5.080000e-06	2.547720e-06	7.621683e-10	1.378020e+01	1.778973e+02
5.090000e-06	2.490557e-06	7.523949e-10	1.347101e+01	1.753934e+02
5.100000e-06	2.433190e-06	7.426576e-10	1.316072e+01	1.728585e+02
5.110000e-06	2.375681e-06	7.319979e-10	1.284967e+01	1.702931e+02
5.120000e-06	2.317994e-06	7.205119e-10	1.253765e+01	1.676977e+02
5.130000e-06	2.260083e-06	7.085877e-10	1.222441e+01	1.650731e+02
5.140000e-06	2.201902e-06	6.977788e-10	1.190973e+01	1.624198e+02
5.150000e-06	2.143552e-06	6.871466e-10	1.159412e+01	1.597384e+02
5.160000e-06	2.085173e-06	6.758586e-10	1.127836e+01	1.570294e+02
5.170000e-06	2.026720e-06	6.641904e-10	1.096220e+01	1.542931e+02
5.180000e-06	1.968067e-06	6.518294e-10	1.064495e+01	1.515302e+02
5.190000e-06	1.909152e-06	6.397599e-10	1.032629e+01	1.487407e+02
5.200000e-06	1.850158e-06	6.281582e-10	1.000720e+01	1.459248e+02
5.210000e-06	1.791145e-06	6.164675e-10	9.688007e+00	1.430827e+02
5.220000e-06	1.731993e-06	6.039714e-10	9.368062e+00	1.402143e+02
5.230000e-06	1.672632e-06	5.917132e-10	9.046988e+00	1.373192e+02
5.240000e-06	1.613162e-06	5.802177e-10	8.725326e+00	1.343973e+02
5.250000e-06	1.553555e-06	5.675788e-10	8.402923e+00	1.314478e+02
5.260000e-06	1.493798e-06	5.545618e-10	8.079709e+00	1.284704e+02
5.270000e-06	1.434012e-06	5.425675e-10	7.756335e+00	1.254640e+02
5.280000e-06	1.374096e-06	5.299851e-10	7.432258e+00	1.224280e+02
5.290000e-06	1.314026e-06	5.166174e-10	7.107352e+00	1.193611e+02
5.300000e-06	1.253917e-06	5.023608e-10	6.782230e+00	1.162624e+02
5.310000e-06	1.193808e-06	4.872924e-10	6.457113e+00	1.131306e+02
5.320000e-06	1.133615e-06	4.724918e-10	6.131537e+00	1.099643e+02
5.330000e-06	1.073333e-06	4.590150e-10	5.805483e+00	1.067624e+02
5.340000e-06	1.013025e-06	4.469247e-10	5.479284e+00	1.035233e+02
5.350000e-06	9.527226e-07	4.345851e-10	5.153119e+00	1.002458e+02
5.360000e-06	8.924507e-07	4.209423e-10	4.827119e+00	9.692852e+01
5.370000e-06	8.321933e-07	4.062431e-10	4.501196e+00	9.357008e+01
5.380000e-06	7.718348e-07	3.910424e-10	4.174727e+00	9.016930e+01
5.390000e-06	7.114102e-07	3.761072e-10	3.847901e+00	8.672502e+01
5.400000e-06	6.510033e-07	3.610601e-10	3.521170e+00	8.323623e+01
5.410000e-06	5.905650e-07	3.458578e-10	3.194268e+00	7.970204e+01
5.420000e-06	5.300863e-07	3.315137e-10	2.867149e+00	7.612175e+01
5.430000e-06	4.695856e-07	3.170838e-10	2.539911e+00	7.249480e+01
5.440000e-06	4.090449e-07	3.019906e-10	2.212456e+00	6.882089e+01
5.450000e-06	3.484532e-07	2.865492e-10	1.884726e+00	6.509990e+01
5.460000e-06	2.878189e-07	2.706443e-10	1.556765e+00	6.133196e+01
5.470000e-06	2.271828e-07	2.537130e-10	1.228794e+00	5.751744e+01
5.480000e-06	1.666385e-07	2.367808e-10	9.013204e-01	5.365695e+01
5.490000e-06	1.061873e-07	2.206920e-10	5.743496e-01	4.975139e+01
5.500000e-06	4.573664e-08	2.041861e-10	2.473819e-01	4.580187e+01
5.510000e-06	-1.481942e-08	1.865479e-10	-8.015581e-02	4.180981e+01
5.520000e-06	-7.537314e-08	1.685347e-10	-4.076809e-01	3.777685e+01
5.530000e-06	-1.358624e-07	1.510194e-10	-7.348571e-01	3.370489e+01
5.540000e-06	-1.963913e-07	1.339553e-10	-1.062248e+00	2.959605e+01
5.550000e-06	-2.569473e-07	1.174482e-10	-1.389786e+00	2.545270e+01
5.560000e-06	-3.174677e-07	1.008205e-10	-1.717130e+00	2.127742e+01
5.570000e-06	-3.779699e-07	8.318418e-11	-2.044377e+00	1.707295e+01
5.580000e-06	-4.384652e-07	6.492883e-11	-2.371586e+00	1.284226e+01
5.590000e-06	-4.988967e-07	4.573841e-11	-2.698450e+00	8.588418e+00
5.600000e-06	-5.593138e-07	2.634239e-11	-3.025236e+00	4.314674e+00
5.610000e-06	-6.197274e-07	7.798720e-12	-3.352003e+00	2.436742e-02
5.620000e-06	-6.800706e-07	-1.041450e-11	-3.678390e+00	-4.279064e+00
5.630000e-06	-7.404138e-07	-2.821081e-11	-4.004776e+00	-8.592118e+00
5.640000e-06	-8.007476e-07	-4.652356e-11	-4.331111e+00	-1.291124e+01
5.650000e-06	-8.609972e-07	-6.653493e-11	-4.656992e+00	-1.723287e+01
5.660000e-06	-9.212108e-07	-8.752797e-11	-4.982677e+00	-2.155342e+01
5.670000e-06	-9.814545e-07	-1.071016e-10	-5.308525e+00	-2.586935e+01
5.680000e-06	-1.041677e-06	-1.238894e-10	-5.634257e+00	-3.017715e+01
5.690000e-06	-1.101867e-06	-1.395956e-10	-5.959815e+00	-3.447335e+01
5.700000e-06	-1.162062e-06	-1.565926e-10	-6.285403e+00	-3.875459e+01
5.710000e-06	-1.222154e-06	-1.751489e-10	-6.610432e+00	-4.301758e+01
5.720000e-06	-1.282143e-06	-1.937646e-10	-6.934897e+00	-4.725915e+01
5.730000e-06	-1.342115e-06	-2.120279e-10	-7.259278e+00	-5.147625e+01
5.740000e-06	-1.401899e-06	-2.304973e-10	-7.582639e+00	-5.566596e+01
5.750000e-06	-1.461571e-06	-2.488001e-10	-7.905397e+00	-5.982550e+01
5.760000e-06	-1.521247e-06	-2.666606e-10	-8.228171e+00	-6.395224e+01
5.770000e-06	-1.580742e-06	-2.840153e-10	-8.549972e+00	-6.804373e+01
5.780000e-06	-1.640107e-06	-3.011537e-10	-8.871066e+00	-7.209766e+01
5.790000e-06	-1.699387e-06	-3.184556e-10	-9.191705e+00	-7.611190e+01
5.800000e-06	-1.758530e-06	-3.371820e-10	-9.511601e+00	-8.008449e+01
5.810000e-06	-1.817514e-06	-3.563527e-10	-9.830633e+00	-8.401363e+01
5.820000e-06	-1.876343e-06	-3.730773e-10	-1.014883e+01	-8.789771e+01
5.830000e-06	-1.935107e-06	-3.885948e-10	-1.046668e+01	-9.173529e+01
5.840000e-06	-1.993820e-06	-4.054915e-10	-1.078424e+01	-9.552511e+01
5.850000e-06	-2.052320e-06	-4.231435e-10	-1.110066e+01	-9.926606e+01
5.860000e-06	-2.110473e-06	-4.397715e-10	-1.141520e+01	-1.029572e+02
5.870000e-06	-2.168467e-06	-4.550174e-10	-1.172888e+01	-1.065978e+02
5.880000e-06	-2.226371e-06	-4.694905e-10	-1.204207e+01	-1.101873e+02
5.890000e-06	-2.284095e-06	-4.837498e-10	-1.235430e+01	-1.137252e+02
5.900000e-06	-2.341610e-06	-4.986377e-10	-1.266538e+01	-1.172111e+02
5.910000e-06	-2.398925e-06	-5.137881e-10	-1.297539e+01	-1.206451e+02
5.920000e-06	-2.455983e-06	-5.275283e-10	-1.328400e+01	-1.240271e+02
5.930000e-06	-2.512872e-06	-5.417930e-10	-1.359171e+01	-1.273572e+02
5.940000e-06	-2.569842e-06	-5.587361e-10	-1.389985e+01	-1.306357e+02
5.950000e-06	-2.626697e-06	-5.751354e-10	-1.420737e+01	-1.338631e+02
5.960000e-06	-2.683264e-06	-5.883808e-10	-1.451333e+01	-1.370398e+02
5.970000e-06	-2.739587e-06	-6.003644e-10	-1.481797e+01	-1.401665e+02
5.980000e-06	-2.795777e-06	-6.123574e-10	-1.512190e+01	-1.432440e+02
5.990000e-06	-2.851909e-06	-6.246379e-10	-1.542550e+01	-1.462732e+02
6.000000e-06	-2.908032e-06	-6.374292e-10	-1.572906e+01	-1.492549e+02
6.010000e-06	-2.964062e-06	-6.500974e-10	-1.603212e+01	-1.521901e+02
6.020000e-06	-3.019741e-06	-6.617185e-10	-1.633328e+01	-1.550801e+02
6.030000e-06	-3.075019e-06	-6.726929e-10	-1.663227e+01	-1.579260e+02
6.040000e-06	-3.129988e-06	-6.841777e-10	-1.692959e+01	-1.607289e+02
6.050000e-06	-3.184606e-06	-6.959093e-10	-1.722501e+01	-1.634902e+02
6.060000e-06	-3.238863e-06	-7.069246e-10	-1.751848e+01	-1.662111e+02
6.070000e-06	-3.292835e-06	-7.174936e-10	-1.781040e+01	-1.688931e+02
6.080000e-06	-3.346426e-06	-7.285005e-10	-1.810027e+01	-1.715373e+02
6.090000e-06	-3.399571e-06	-7.398422e-10	-1.838772e+01	-1.741452e+02
6.100000e-06	-3.452459e-06	-7.516648e-10	-1.867378e+01	-1.767180e+02
6.110000e-06	-3.505175e-06	-7.628936e-10	-1.895891e+01	-1.792571e+02
6.120000e-06	-3.557625e-06	-7.724358e-10	-1.924261e+01	-1.817638e+02
6.130000e-06	-3.609798e-06	-7.821634e-10	-1.952480e+01	-1.842392e+02
6.140000e-06	-3.661685e-06	-7.931074e-10	-1.980545e+01	-1.866846e+02
6.150000e-06	-3.713246e-06	-8.045603e-10	-2.008433e+01	-1.891010e+02
6.160000e-06	-3.764516e-06	-8.155958e-10	-2.036165e+01	-1.914895e+02
6.170000e-06	-3.815492e-06	-8.256478e-10	-2.063737e+01	-1.938511e+02
6.180000e-06	-3.866135e-06	-8.347973e-10	-2.091129e+01	-1.961865e+02
6.190000e-06	-3.916496e-06	-8.437034e-10	-2.118368e+01	-1.984967e+02
6.200000e-06	-3.966616e-06	-8.531599e-10	-2.145477e+01	-2.007822e+02
6.210000e-06	-4.016449e-06	-8.621180e-10	-2.172431e+01	-2.030437e+02
6.220000e-06	-4.065930e-06	-8.704208e-10	-2.199194e+01	-2.052817e+02
6.230000e-06	-4.114941e-06	-8.788084e-10	-2.225704e+01	-2.074966e+02
6.240000e-06	-4.163492e-06	-8.866624e-10	-2.251964e+01	-2.096885e+02
6.250000e-06	-4.211751e-06	-8.949329e-10	-2.278067e+01	-2.118578e+02
6.260000e-06	-4.259548e-06	-9.036747e-10	-2.303919e+01	-2.140045e+02
6.270000e-06	-4.306903e-06	-9.112256e-10	-2.329533e+01	-2.161287e+02
6.280000e-06	-4.354056e-06	-9.190436e-10	-2.355037e+01	-2.182302e+02
6.290000e-06	-4.400968e-06	-9.284323e-10	-2.380411e+01	-2.203089e+02
6.300000e-06	-4.447566e-06	-9.384186e-10	-2.405615e+01	-2.223646e+02
6.310000e-06	-4.493895e-06	-9.471927e-10	-2.430674e+01	-2.243971e+02
6.320000e-06	-4.540026e-06	-9.539966e-10	-2.455625e+01	-2.264059e+02
6.330000e-06	-4.585836e-06	-9.613027e-10	-2.480403e+01	-2.283908e+02
6.340000e-06	-4.631197e-06	-9.701160e-10	-2.504938e+01	-2.303513e+02
6.350000e-06	-4.676182e-06	-9.786440e-10	-2.529270e+01	-2.322871e+02
6.360000e-06	-4.720919e-06	-9.860517e-10	-2.553467e+01	-2.341978e+02
6.370000e-06	-4.765412e-06	-9.922843e-10	-2.577532e+01	-2.360829e+02
6.380000e-06	-4.809679e-06	-9.982110e-10	-2.601476e+01	-2.379421e+02
6.390000e-06	-4.853780e-06	-1.005700e-09	-2.625329e+01	-2.397749e+02
6.400000e-06	-4.897801e-06	-1.012880e-09	-2.649140e+01	-2.415811e+02
6.410000e-06	-4.941514e-06	-1.017999e-09	-2.672783e+01	-2.433604e+02
6.420000e-06	-4.984702e-06	-1.024254e-09	-2.696143e+01	-2.451126e+02
6.430000e-06	-5.027483e-06	-1.031879e-09	-2.719282e+01	-2.468373e+02
6.440000e-06	-5.069966e-06	-1.039089e-09	-2.742261e+01	-2.485346e+02
6.450000e-06	-5.112139e-06	-1.045711e-09	-2.765071e+01	-2.502042e+02
6.460000e-06	-5.153903e-06	-1.051256e-09	-2.787661e+01	-2.518463e+02
6.470000e-06	-5.195243e-06	-1.057688e-09	-2.810021e+01	-2.534608e+02
6.480000e-06	-5.236260e-06	-1.065652e-09	-2.832207e+01	-2.550479e+02
6.490000e-06	-5.276977e-06	-1.073316e-09	-2.854230e+01	-2.566077e+02
6.500000e-06	-5.317341e-06	-1.079813e-09	-2.876062e+01	-2.581405e+02
6.510000e-06	-5.357501e-06	-1.085082e-09	-2.897784e+01	-2.596466e+02
6.520000e-06	-5.397505e-06	-1.090748e-09	-2.919421e+01	-2.611263e+02
6.530000e-06	-5.437111e-06	-1.096022e-09	-2.940843e+01	-2.625799e+02
6.540000e-06	-5.476145e-06	-1.099794e-09	-2.961956e+01	-2.640079e+02
6.550000e-06	-5.514615e-06	-1.104404e-09	-2.982764e+01	-2.654108e+02
6.560000e-06	-5.552453e-06	-1.110477e-09	-3.003230e+01	-2.667890e+02
6.570000e-06	-5.589616e-06	-1.117042e-09	-3.023331e+01	-2.681430e+02
6.580000e-06	-5.626301e-06	-1.122884e-09	-3.043173e+01	-2.694734e+02
6.590000e-06	-5.662667e-06	-1.127417e-09	-3.062843e+01	-2.707806e+02
6.600000e-06	-5.698768e-06	-1.131855e-09	-3.082370e+01	-2.720652e+02
6.610000e-06	-5.734678e-06	-1.136102e-09	-3.101793e+01	-2.733277e+02
6.620000e-06	-5.770232e-06	-1.139126e-09	-3.121023e+01	-2.745686e+02
6.630000e-06	-5.805376e-06	-1.142306e-09	-3.140032e+01	-2.757883e+02
6.640000e-06	-5.840162e-06	-1.146604e-09	-3.158847e+01	-2.769873e+02
6.650000e-06	-5.874443e-06	-1.151581e-09	-3.177389e+01	-2.781661e+02
6.660000e-06	-5.908205e-06	-1.155885e-09	-3.195650e+01	-2.793250e+02
6.670000e-06	-5.941581e-06	-1.159013e-09	-3.213703e+01	-2.804644e+02
6.680000e-06	-5.974540e-06	-1.161431e-09	-3.231530e+01	-2.815847e+02
6.690000e-06	-6.007086e-06	-1.163295e-09	-3.249134e+01	-2.826862e+02
6.700000e-06	-6.039375e-06	-1.166882e-09	-3.266598e+01	-2.837690e+02
6.710000e-06	-6.071270e-06	-1.172055e-09	-3.283850e+01	-2.848336e+02
6.720000e-06	-6.102690e-06	-1.177182e-09	-3.300844e+01	-2.858801e+02
6.730000e-06	-6.133529e-06	-1.181283e-09	-3.317525e+01	-2.869086e+02
6.740000e-06	-6.163668e-06	-1.183134e-09	-3.333826e+01	-2.879194e+02
6.750000e-06	-6.193163e-06	-1.185049e-09	-3.349780e+01	-2.889126e+02
6.760000e-06	-6.222113e-06	-1.188724e-09	-3.365438e+01	-2.898883e+02
6.770000e-06	-6.250680e-06	-1.192171e-09	-3.380890e+01	-2.908466e+02
6.780000e-06	-6.278977e-06	-1.194467e-09	-3.396195e+01	-2.917877e+02
6.790000e-06	-6.307028e-06	-1.196435e-09	-3.411367e+01	-2.927117e+02
6.800000e-06	-6.334668e-06	-1.198567e-09	-3.426318e+01	-2.936186e+02
6.810000e-06	-6.361683e-06	-1.201463e-09	-3.440930e+01	-2.945085e+02
6.820000e-06	-6.388156e-06	-1.203830e-09	-3.455248e+01	-2.953816e+02
6.830000e-06	-6.414234e-06	-1.204913e-09	-3.469353e+01	-2.962379e+02
6.840000e-06	-6.439946e-06	-1.206412e-09	-3.483260e+01	-2.970776e+02
6.850000e-06	-6.465067e-06	-1.208372e-09	-3.496848e+01	-2.979007e+02
6.860000e-06	-6.489727e-06	-1.210957e-09	-3.510186e+01	-2.987075e+02
6.870000e-06	-6.514223e-06	-1.213371e-09	-3.523436e+01	-2.994981e+02
6.880000e-06	-6.538365e-06	-1.215258e-09	-3.536494e+01	-3.002726e+02
6.890000e-06	-6.562174e-06	-1.219128e-09	-3.549371e+01	-3.010312e+02
6.900000e-06	-6.585503e-06	-1.223444e-09	-3.561990e+01	-3.017741e+02
6.910000e-06	-6.608225e-06	-1.225377e-09	-3.574280e+01	-3.025015e+02
6.920000e-06	-6.630384e-06	-1.226302e-09	-3.586265e+01	-3.032135e+02
6.930000e-06	-6.651814e-06	-1.226707e-09	-3.597857e+01	-3.039104e+02
6.940000e-06	-6.672584e-06	-1.226938e-09	-3.609091e+01	-3.045923e+02
6.950000e-06	-6.692955e-06	-1.228759e-09	-3.620109e+01	-3.052594e+02
6.960000e-06	-6.713014e-06	-1.231299e-09	-3.630958e+01	-3.059120e+02
6.970000e-06	-6.732653e-06	-1.233851e-09	-3.641581e+01	-3.065501e+02
6.980000e-06	-6.751775e-06	-1.236152e-09	-3.651924e+01	-3.071740e+02
6.990000e-06	-6.770470e-06	-1.237436e-09	-3.662036e+01	-3.077838e+02
7.000000e-06	-6.788711e-06	-1.239005e-09	-3.671902e+01	-3.083795e+02
7.010000e-06	-6.806419e-06	-1.240744e-09	-3.681480e+01	-3.089614e+02
7.020000e-06	-6.823538e-06	-1.241664e-09	-3.690739e+01	-3.095294e+02
7.030000e-06	-6.840299e-06	-1.242311e-09	-3.699805e+01	-3.100837e+02
7.040000e-06	-6.856774e-06	-1.243657e-09	-3.708716e+01	-3.106242e+02
7.050000e-06	-6.872887e-06	-1.245421e-09	-3.717431e+01	-3.111508e+02
7.060000e-06	-6.888556e-06	-1.247238e-09	-3.725906e+01	-3.116637e+02
7.070000e-06	-6.903647e-06	-1.249551e-09	-3.734069e+01	-3.121626e+02
7.080000e-06	-6.918034e-06	-1.251270e-09	-3.741851e+01	-3.126474e+02
7.090000e-06	-6.931437e-06	-1.252571e-09	-3.749100e+01	-3.131181e+02
7.100000e-06	-6.944123e-06	-1.254867e-09	-3.755961e+01	-3.135744e+02
7.110000e-06	-6.956352e-06	-1.256844e-09	-3.762576e+01	-3.140161e+02
7.120000e-06	-6.968178e-06	-1.257459e-09	-3.768972e+01	-3.144429e+02
7.130000e-06	-6.979509e-06	-1.257982e-09	-3.775101e+01	-3.148547e+02
7.140000e-06	-6.990267e-06	-1.259327e-09	-3.780920e+01	-3.152511e+02
7.150000e-06	-7.000582e-06	-1.260340e-09	-3.786499e+01	-3.156318e+02
7.160000e-06	-7.010419e-06	-1.260340e-09	-3.791820e+01	-3.159965e+02
7.170000e-06	-7.019775e-06	-1.260605e-09	-3.796881e+01	-3.163448e+02
7.180000e-06	-7.028704e-06	-1.261776e-09	-3.801710e+01	-3.166764e+02
7.190000e-06	-7.037194e-06	-1.263015e-09	-3.806302e+01	-3.169910e+02
7.200000e-06	-7.045357e-06	-1.263013e-09	-3.810717e+01	-3.172882e+02
7.210000e-06	-7.053177e-06	-1.262185e-09	-3.814947e+01	-3.175676e+02
7.220000e-06	-7.060504e-06	-1.261768e-09	-3.818910e+01	-3.178290e+02
7.230000e-06	-7.067057e-06	-1.261664e-09	-3.822454e+01	-3.180719e+02
7.240000e-06	-7.072707e-06	-1.261344e-09	-3.825511e+01	-3.182962e+02
7.250000e-06	-7.077694e-06	-1.260068e-09	-3.828208e+01	-3.185014e+02
7.260000e-06	-7.082223e-06	-1.258736e-09	-3.830657e+01	-3.186874e+02
7.270000e-06	-7.086412e-06	-1.258043e-09	-3.832923e+01	-3.188539e+02
7.280000e-06	-7.090176e-06	-1.258600e-09	-3.834959e+01	-3.190007e+02
7.290000e-06	-7.093389e-06	-1.260970e-09	-3.836697e+01	-3.191276e+02
7.300000e-06	-7.096122e-06	-1.262297e-09	-3.838175e+01	-3.192345e+02
7.310000e-06	-7.098518e-06	-1.261475e-09	-3.839471e+01	-3.193213e+02
7.320000e-06	-7.100516e-06	-1.259795e-09	-3.840552e+01	-3.193879e+02
7.330000e-06	-7.101894e-06	-1.258593e-09	-3.841297e+01	-3.194344e+02
7.340000e-06	-7.102767e-06	-1.258012e-09	-3.841770e+01	-3.194607e+02
