# Temperatura_=_-1.6
# Concentracion g/m^3_=_7400.0
# C_Vs_to_Am_M_A/Vsm_=_254322799225.57578
# pendiente_HvsI_1/m_=_3716.3
# ordenada_HvsI_A/m_=_1297.0
# frecuencia_Hz_=_136117.84181645178

Tiempo_(s)	Campo_(V.s)	Magnetizacion_(V.s)	Campo_(kA/m)	Magnetizacion_(A/m)
0.000000e+00	-7.112837e-06	-1.332043e-09	-3.842951e+01	-3.360122e+02
1.000000e-08	-7.113084e-06	-1.331253e-09	-3.843085e+01	-3.359913e+02
2.000000e-08	-7.113065e-06	-1.331119e-09	-3.843074e+01	-3.359559e+02
3.000000e-08	-7.112510e-06	-1.330405e-09	-3.842775e+01	-3.359067e+02
4.000000e-08	-7.111150e-06	-1.329050e-09	-3.842040e+01	-3.358444e+02
5.000000e-08	-7.109003e-06	-1.328318e-09	-3.840880e+01	-3.357697e+02
6.000000e-08	-7.106157e-06	-1.328670e-09	-3.839342e+01	-3.356833e+02
7.000000e-08	-7.102807e-06	-1.330461e-09	-3.837532e+01	-3.355861e+02
8.000000e-08	-7.099041e-06	-1.332273e-09	-3.835498e+01	-3.354786e+02
9.000000e-08	-7.094658e-06	-1.325772e-09	-3.833130e+01	-3.353617e+02
1.000000e-07	-7.089393e-06	-1.305855e-09	-3.830285e+01	-3.352361e+02
1.100000e-07	-7.083384e-06	-1.300293e-09	-3.827039e+01	-3.351024e+02
1.200000e-07	-7.077193e-06	-1.335550e-09	-3.823693e+01	-3.349613e+02
1.300000e-07	-7.070905e-06	-1.365714e-09	-3.820296e+01	-3.348133e+02
1.400000e-07	-7.064145e-06	-1.328591e-09	-3.816644e+01	-3.346590e+02
1.500000e-07	-7.056783e-06	-1.281860e-09	-3.812666e+01	-3.344988e+02
1.600000e-07	-7.049063e-06	-1.319994e-09	-3.808495e+01	-3.343332e+02
1.700000e-07	-7.041100e-06	-1.367803e-09	-3.804193e+01	-3.341625e+02
1.800000e-07	-7.032640e-06	-1.314370e-09	-3.799622e+01	-3.339868e+02
1.900000e-07	-7.023298e-06	-1.255087e-09	-3.794575e+01	-3.338064e+02
2.000000e-07	-7.013182e-06	-1.318212e-09	-3.789109e+01	-3.336213e+02
2.100000e-07	-7.002549e-06	-1.387513e-09	-3.783365e+01	-3.334315e+02
2.200000e-07	-6.991477e-06	-1.321990e-09	-3.777382e+01	-3.332369e+02
2.300000e-07	-6.979851e-06	-1.251115e-09	-3.771101e+01	-3.330372e+02
2.400000e-07	-6.967602e-06	-1.305340e-09	-3.764483e+01	-3.328323e+02
2.500000e-07	-6.954955e-06	-1.354607e-09	-3.757650e+01	-3.326217e+02
2.600000e-07	-6.941740e-06	-1.302207e-09	-3.750510e+01	-3.324051e+02
2.700000e-07	-6.927871e-06	-1.274806e-09	-3.743017e+01	-3.321820e+02
2.800000e-07	-6.913407e-06	-1.321715e-09	-3.735202e+01	-3.319519e+02
2.900000e-07	-6.898097e-06	-1.323887e-09	-3.726931e+01	-3.317143e+02
3.000000e-07	-6.882054e-06	-1.280082e-09	-3.718263e+01	-3.314685e+02
3.100000e-07	-6.865666e-06	-1.289705e-09	-3.709409e+01	-3.312140e+02
3.200000e-07	-6.848884e-06	-1.308755e-09	-3.700342e+01	-3.309501e+02
3.300000e-07	-6.831588e-06	-1.277326e-09	-3.690997e+01	-3.306764e+02
3.400000e-07	-6.813788e-06	-1.279754e-09	-3.681380e+01	-3.303921e+02
3.500000e-07	-6.795491e-06	-1.324615e-09	-3.671494e+01	-3.300968e+02
3.600000e-07	-6.776686e-06	-1.299511e-09	-3.661334e+01	-3.297900e+02
3.700000e-07	-6.757433e-06	-1.244581e-09	-3.650932e+01	-3.294711e+02
3.800000e-07	-6.737878e-06	-1.275129e-09	-3.640367e+01	-3.291398e+02
3.900000e-07	-6.718037e-06	-1.312824e-09	-3.629647e+01	-3.287957e+02
4.000000e-07	-6.697678e-06	-1.270619e-09	-3.618648e+01	-3.284386e+02
4.100000e-07	-6.676838e-06	-1.251879e-09	-3.607388e+01	-3.280682e+02
4.200000e-07	-6.655549e-06	-1.292760e-09	-3.595886e+01	-3.276845e+02
4.300000e-07	-6.633673e-06	-1.286144e-09	-3.584067e+01	-3.272872e+02
4.400000e-07	-6.611399e-06	-1.247947e-09	-3.572032e+01	-3.268765e+02
4.500000e-07	-6.588701e-06	-1.259935e-09	-3.559769e+01	-3.264523e+02
4.600000e-07	-6.565440e-06	-1.270018e-09	-3.547202e+01	-3.260149e+02
4.700000e-07	-6.541844e-06	-1.245765e-09	-3.534453e+01	-3.255644e+02
4.800000e-07	-6.517951e-06	-1.253704e-09	-3.521544e+01	-3.251010e+02
4.900000e-07	-6.493604e-06	-1.271851e-09	-3.508390e+01	-3.246250e+02
5.000000e-07	-6.468695e-06	-1.244785e-09	-3.494932e+01	-3.241367e+02
5.100000e-07	-6.443036e-06	-1.230247e-09	-3.481068e+01	-3.236365e+02
5.200000e-07	-6.416579e-06	-1.251478e-09	-3.466774e+01	-3.231246e+02
5.300000e-07	-6.389488e-06	-1.245389e-09	-3.452137e+01	-3.226014e+02
5.400000e-07	-6.361992e-06	-1.225603e-09	-3.437282e+01	-3.220672e+02
5.500000e-07	-6.334275e-06	-1.236039e-09	-3.422307e+01	-3.215222e+02
5.600000e-07	-6.306204e-06	-1.241383e-09	-3.407141e+01	-3.209667e+02
5.700000e-07	-6.277653e-06	-1.226655e-09	-3.391715e+01	-3.204009e+02
5.800000e-07	-6.248722e-06	-1.225780e-09	-3.376084e+01	-3.198249e+02
5.900000e-07	-6.219404e-06	-1.228081e-09	-3.360244e+01	-3.192388e+02
6.000000e-07	-6.189643e-06	-1.216481e-09	-3.344164e+01	-3.186426e+02
6.100000e-07	-6.159411e-06	-1.215065e-09	-3.327831e+01	-3.180361e+02
6.200000e-07	-6.128720e-06	-1.221538e-09	-3.311249e+01	-3.174193e+02
6.300000e-07	-6.097696e-06	-1.213857e-09	-3.294487e+01	-3.167919e+02
6.400000e-07	-6.066305e-06	-1.206010e-09	-3.277527e+01	-3.161535e+02
6.500000e-07	-6.034560e-06	-1.207074e-09	-3.260376e+01	-3.155038e+02
6.600000e-07	-6.002578e-06	-1.204906e-09	-3.243096e+01	-3.148422e+02
6.700000e-07	-5.970267e-06	-1.201732e-09	-3.225639e+01	-3.141682e+02
6.800000e-07	-5.937214e-06	-1.201204e-09	-3.207781e+01	-3.134811e+02
6.900000e-07	-5.903215e-06	-1.196419e-09	-3.189412e+01	-3.127804e+02
7.000000e-07	-5.868693e-06	-1.190138e-09	-3.170760e+01	-3.120652e+02
7.100000e-07	-5.833740e-06	-1.187488e-09	-3.151876e+01	-3.113347e+02
7.200000e-07	-5.798367e-06	-1.183524e-09	-3.132765e+01	-3.105883e+02
7.300000e-07	-5.762728e-06	-1.178893e-09	-3.113509e+01	-3.098251e+02
7.400000e-07	-5.726851e-06	-1.176572e-09	-3.094125e+01	-3.090442e+02
7.500000e-07	-5.690686e-06	-1.174163e-09	-3.074586e+01	-3.082450e+02
7.600000e-07	-5.654028e-06	-1.172250e-09	-3.054780e+01	-3.074266e+02
7.700000e-07	-5.616946e-06	-1.171346e-09	-3.034745e+01	-3.065883e+02
7.800000e-07	-5.579565e-06	-1.166095e-09	-3.014549e+01	-3.057295e+02
7.900000e-07	-5.541720e-06	-1.157170e-09	-2.994102e+01	-3.048496e+02
8.000000e-07	-5.503325e-06	-1.151341e-09	-2.973358e+01	-3.039480e+02
8.100000e-07	-5.464454e-06	-1.147696e-09	-2.952357e+01	-3.030243e+02
8.200000e-07	-5.425182e-06	-1.143523e-09	-2.931139e+01	-3.020781e+02
8.300000e-07	-5.385676e-06	-1.139608e-09	-2.909794e+01	-3.011092e+02
8.400000e-07	-5.346031e-06	-1.135357e-09	-2.888375e+01	-3.001173e+02
8.500000e-07	-5.306153e-06	-1.131330e-09	-2.866829e+01	-2.991024e+02
8.600000e-07	-5.265781e-06	-1.127669e-09	-2.845017e+01	-2.980645e+02
8.700000e-07	-5.225059e-06	-1.123256e-09	-2.823015e+01	-2.970038e+02
8.800000e-07	-5.184032e-06	-1.117558e-09	-2.800849e+01	-2.959204e+02
8.900000e-07	-5.142388e-06	-1.110555e-09	-2.778349e+01	-2.948146e+02
9.000000e-07	-5.100002e-06	-1.104117e-09	-2.755449e+01	-2.936868e+02
9.100000e-07	-5.056938e-06	-1.099063e-09	-2.732182e+01	-2.925375e+02
9.200000e-07	-5.013486e-06	-1.093604e-09	-2.708706e+01	-2.913671e+02
9.300000e-07	-4.969856e-06	-1.086906e-09	-2.685133e+01	-2.901761e+02
9.400000e-07	-4.926066e-06	-1.081256e-09	-2.661474e+01	-2.889652e+02
9.500000e-07	-4.881940e-06	-1.077027e-09	-2.637634e+01	-2.877350e+02
9.600000e-07	-4.837447e-06	-1.072607e-09	-2.613595e+01	-2.864860e+02
9.700000e-07	-4.792625e-06	-1.066807e-09	-2.589378e+01	-2.852188e+02
9.800000e-07	-4.747428e-06	-1.059884e-09	-2.564959e+01	-2.839341e+02
9.900000e-07	-4.701972e-06	-1.053652e-09	-2.540400e+01	-2.826323e+02
1.000000e-06	-4.656298e-06	-1.048952e-09	-2.515723e+01	-2.813139e+02
1.010000e-06	-4.610268e-06	-1.044627e-09	-2.490854e+01	-2.799795e+02
1.020000e-06	-4.563867e-06	-1.039287e-09	-2.465784e+01	-2.786292e+02
1.030000e-06	-4.517005e-06	-1.033018e-09	-2.440465e+01	-2.772635e+02
1.040000e-06	-4.469762e-06	-1.027157e-09	-2.414940e+01	-2.758825e+02
1.050000e-06	-4.422270e-06	-1.022372e-09	-2.389281e+01	-2.744862e+02
1.060000e-06	-4.374481e-06	-1.017351e-09	-2.363462e+01	-2.730748e+02
1.070000e-06	-4.326589e-06	-1.012348e-09	-2.337586e+01	-2.716480e+02
1.080000e-06	-4.278640e-06	-1.007632e-09	-2.311680e+01	-2.702057e+02
1.090000e-06	-4.230344e-06	-1.001572e-09	-2.285587e+01	-2.687475e+02
1.100000e-06	-4.181613e-06	-9.945187e-10	-2.259258e+01	-2.672730e+02
1.110000e-06	-4.132407e-06	-9.878705e-10	-2.232673e+01	-2.657816e+02
1.120000e-06	-4.082605e-06	-9.814016e-10	-2.205766e+01	-2.642727e+02
1.130000e-06	-4.032324e-06	-9.747768e-10	-2.178600e+01	-2.627457e+02
1.140000e-06	-3.981676e-06	-9.684238e-10	-2.151236e+01	-2.611996e+02
1.150000e-06	-3.930656e-06	-9.631821e-10	-2.123670e+01	-2.596336e+02
1.160000e-06	-3.879258e-06	-9.583498e-10	-2.095901e+01	-2.580469e+02
1.170000e-06	-3.827565e-06	-9.519382e-10	-2.067972e+01	-2.564383e+02
1.180000e-06	-3.775639e-06	-9.444640e-10	-2.039917e+01	-2.548070e+02
1.190000e-06	-3.723470e-06	-9.375196e-10	-2.011731e+01	-2.531517e+02
1.200000e-06	-3.671018e-06	-9.314395e-10	-1.983392e+01	-2.514716e+02
1.210000e-06	-3.618234e-06	-9.250667e-10	-1.954873e+01	-2.497655e+02
1.220000e-06	-3.565206e-06	-9.182616e-10	-1.926223e+01	-2.480325e+02
1.230000e-06	-3.511888e-06	-9.117743e-10	-1.897417e+01	-2.462714e+02
1.240000e-06	-3.458297e-06	-9.046339e-10	-1.868462e+01	-2.444814e+02
1.250000e-06	-3.404513e-06	-8.978242e-10	-1.839404e+01	-2.426615e+02
1.260000e-06	-3.350453e-06	-8.917313e-10	-1.810196e+01	-2.408109e+02
1.270000e-06	-3.296186e-06	-8.844286e-10	-1.780876e+01	-2.389288e+02
1.280000e-06	-3.241780e-06	-8.764264e-10	-1.751482e+01	-2.370144e+02
1.290000e-06	-3.187052e-06	-8.693951e-10	-1.721913e+01	-2.350673e+02
1.300000e-06	-3.132010e-06	-8.629011e-10	-1.692175e+01	-2.330868e+02
1.310000e-06	-3.076853e-06	-8.554256e-10	-1.662374e+01	-2.310725e+02
1.320000e-06	-3.021475e-06	-8.474389e-10	-1.632454e+01	-2.290240e+02
1.330000e-06	-2.965901e-06	-8.399521e-10	-1.602429e+01	-2.269412e+02
1.340000e-06	-2.910290e-06	-8.317572e-10	-1.572383e+01	-2.248238e+02
1.350000e-06	-2.854631e-06	-8.226443e-10	-1.542311e+01	-2.226717e+02
1.360000e-06	-2.798865e-06	-8.147302e-10	-1.512182e+01	-2.204851e+02
1.370000e-06	-2.742902e-06	-8.080475e-10	-1.481946e+01	-2.182638e+02
1.380000e-06	-2.686751e-06	-8.007723e-10	-1.451608e+01	-2.160082e+02
1.390000e-06	-2.630434e-06	-7.924248e-10	-1.421181e+01	-2.137184e+02
1.400000e-06	-2.573980e-06	-7.835844e-10	-1.390680e+01	-2.113946e+02
1.410000e-06	-2.517238e-06	-7.743302e-10	-1.360023e+01	-2.090370e+02
1.420000e-06	-2.460167e-06	-7.644063e-10	-1.329189e+01	-2.066461e+02
1.430000e-06	-2.402939e-06	-7.541246e-10	-1.298269e+01	-2.042221e+02
1.440000e-06	-2.345371e-06	-7.441970e-10	-1.267166e+01	-2.017653e+02
1.450000e-06	-2.287532e-06	-7.348491e-10	-1.235917e+01	-1.992759e+02
1.460000e-06	-2.229641e-06	-7.249162e-10	-1.204639e+01	-1.967541e+02
1.470000e-06	-2.171461e-06	-7.142256e-10	-1.173205e+01	-1.942001e+02
1.480000e-06	-2.112899e-06	-7.039550e-10	-1.141565e+01	-1.916140e+02
1.490000e-06	-2.053953e-06	-6.943284e-10	-1.109718e+01	-1.889958e+02
1.500000e-06	-1.994728e-06	-6.848549e-10	-1.077719e+01	-1.863454e+02
1.510000e-06	-1.935394e-06	-6.746054e-10	-1.045662e+01	-1.836625e+02
1.520000e-06	-1.875961e-06	-6.639717e-10	-1.013551e+01	-1.809468e+02
1.530000e-06	-1.816430e-06	-6.542054e-10	-9.813878e+00	-1.781979e+02
1.540000e-06	-1.756860e-06	-6.444445e-10	-9.492032e+00	-1.754150e+02
1.550000e-06	-1.697269e-06	-6.334389e-10	-9.170070e+00	-1.725974e+02
1.560000e-06	-1.637547e-06	-6.218546e-10	-8.847403e+00	-1.697441e+02
1.570000e-06	-1.577778e-06	-6.103830e-10	-8.524481e+00	-1.668541e+02
1.580000e-06	-1.518034e-06	-5.993704e-10	-8.201694e+00	-1.639260e+02
1.590000e-06	-1.458131e-06	-5.883461e-10	-7.878045e+00	-1.609584e+02
1.600000e-06	-1.398157e-06	-5.767179e-10	-7.554019e+00	-1.579497e+02
1.610000e-06	-1.338156e-06	-5.647412e-10	-7.229841e+00	-1.548982e+02
1.620000e-06	-1.278020e-06	-5.522800e-10	-6.904938e+00	-1.518019e+02
1.630000e-06	-1.217875e-06	-5.397910e-10	-6.579981e+00	-1.486589e+02
1.640000e-06	-1.157670e-06	-5.275274e-10	-6.254702e+00	-1.454669e+02
1.650000e-06	-1.097452e-06	-5.155605e-10	-5.929357e+00	-1.422237e+02
1.660000e-06	-1.037246e-06	-5.040121e-10	-5.604074e+00	-1.389270e+02
1.670000e-06	-9.768825e-07	-4.924849e-10	-5.277939e+00	-1.355743e+02
1.680000e-06	-9.163972e-07	-4.801196e-10	-4.951147e+00	-1.321632e+02
1.690000e-06	-8.558832e-07	-4.665029e-10	-4.624199e+00	-1.286914e+02
1.700000e-06	-7.952981e-07	-4.536748e-10	-4.296867e+00	-1.251562e+02
1.710000e-06	-7.346214e-07	-4.415591e-10	-3.969041e+00	-1.215553e+02
1.720000e-06	-6.739186e-07	-4.275918e-10	-3.641074e+00	-1.178864e+02
1.730000e-06	-6.132454e-07	-4.136986e-10	-3.313266e+00	-1.141472e+02
1.740000e-06	-5.524918e-07	-4.013117e-10	-2.985024e+00	-1.103358e+02
1.750000e-06	-4.916515e-07	-3.876587e-10	-2.656314e+00	-1.064500e+02
1.760000e-06	-4.307197e-07	-3.717054e-10	-2.327109e+00	-1.024882e+02
1.770000e-06	-3.696892e-07	-3.551219e-10	-1.997371e+00	-9.844894e+01
1.780000e-06	-3.087307e-07	-3.393889e-10	-1.668022e+00	-9.433092e+01
1.790000e-06	-2.478272e-07	-3.244757e-10	-1.338970e+00	-9.013321e+01
1.800000e-06	-1.868597e-07	-3.091879e-10	-1.009573e+00	-8.585516e+01
1.810000e-06	-1.258662e-07	-2.932075e-10	-6.800349e-01	-8.149649e+01
1.820000e-06	-6.491830e-08	-2.773975e-10	-3.507431e-01	-7.705725e+01
1.830000e-06	-3.992120e-09	-2.616359e-10	-2.156878e-02	-7.253790e+01
1.840000e-06	5.692013e-08	-2.445454e-10	3.075303e-01	-6.793928e+01
1.850000e-06	1.178493e-07	-2.264230e-10	6.367210e-01	-6.326266e+01
1.860000e-06	1.789076e-07	-2.086992e-10	9.666092e-01	-5.850971e+01
1.870000e-06	2.399840e-07	-1.916108e-10	1.296595e+00	-5.368255e+01
1.880000e-06	3.009763e-07	-1.746069e-10	1.626126e+00	-4.878371e+01
1.890000e-06	3.619547e-07	-1.574338e-10	1.955583e+00	-4.381615e+01
1.900000e-06	4.229535e-07	-1.398157e-10	2.285150e+00	-3.878324e+01
1.910000e-06	4.838555e-07	-1.206151e-10	2.614193e+00	-3.368876e+01
1.920000e-06	5.446192e-07	-1.009638e-10	2.942490e+00	-2.853689e+01
1.930000e-06	6.053963e-07	-8.241951e-11	3.270859e+00	-2.333217e+01
1.940000e-06	6.661766e-07	-6.357038e-11	3.599245e+00	-1.807947e+01
1.950000e-06	7.268432e-07	-4.368892e-11	3.927017e+00	-1.278400e+01
1.960000e-06	7.873669e-07	-2.348471e-11	4.254017e+00	-7.451232e+00
1.970000e-06	8.478165e-07	-3.812244e-12	4.580616e+00	-2.086911e+00
1.980000e-06	9.082882e-07	1.434159e-11	4.907335e+00	3.303022e+00
1.990000e-06	9.687940e-07	3.204995e-11	5.234238e+00	8.712447e+00
2.000000e-06	1.029244e-06	5.157638e-11	5.560838e+00	1.413511e+01
2.010000e-06	1.089646e-06	7.184616e-11	5.887180e+00	1.956468e+01
2.020000e-06	1.149970e-06	9.158970e-11	6.213101e+00	2.499477e+01
2.030000e-06	1.210179e-06	1.114689e-10	6.538401e+00	3.041899e+01
2.040000e-06	1.270353e-06	1.315922e-10	6.863514e+00	3.583100e+01
2.050000e-06	1.330444e-06	1.518898e-10	7.188177e+00	4.122456e+01
2.060000e-06	1.390424e-06	1.716907e-10	7.512237e+00	4.659353e+01
2.070000e-06	1.450328e-06	1.910895e-10	7.835889e+00	5.193195e+01
2.080000e-06	1.510124e-06	2.103733e-10	8.158958e+00	5.723409e+01
2.090000e-06	1.569881e-06	2.292136e-10	8.481816e+00	6.249442e+01
2.100000e-06	1.629649e-06	2.475631e-10	8.804729e+00	6.770772e+01
2.110000e-06	1.689324e-06	2.659406e-10	9.127148e+00	7.286905e+01
2.120000e-06	1.748927e-06	2.844518e-10	9.449174e+00	7.797382e+01
2.130000e-06	1.808510e-06	3.030741e-10	9.771091e+00	8.301777e+01
2.140000e-06	1.867960e-06	3.211377e-10	1.009229e+01	8.799701e+01
2.150000e-06	1.927322e-06	3.381198e-10	1.041301e+01	9.290804e+01
2.160000e-06	1.986664e-06	3.548872e-10	1.073363e+01	9.774773e+01
2.170000e-06	2.045811e-06	3.716132e-10	1.105319e+01	1.025134e+02
2.180000e-06	2.104685e-06	3.880658e-10	1.137127e+01	1.072026e+02
2.190000e-06	2.163405e-06	4.041157e-10	1.168853e+01	1.118135e+02
2.200000e-06	2.222005e-06	4.198829e-10	1.200514e+01	1.163445e+02
2.210000e-06	2.280232e-06	4.357231e-10	1.231973e+01	1.207944e+02
2.220000e-06	2.338019e-06	4.516991e-10	1.263194e+01	1.251623e+02
2.230000e-06	2.395556e-06	4.670991e-10	1.294280e+01	1.294478e+02
2.240000e-06	2.452833e-06	4.818618e-10	1.325226e+01	1.336507e+02
2.250000e-06	2.509749e-06	4.966761e-10	1.355977e+01	1.377710e+02
2.260000e-06	2.566340e-06	5.114664e-10	1.386552e+01	1.418092e+02
2.270000e-06	2.622673e-06	5.255996e-10	1.416988e+01	1.457659e+02
2.280000e-06	2.678809e-06	5.394583e-10	1.447317e+01	1.496419e+02
2.290000e-06	2.734845e-06	5.528344e-10	1.477593e+01	1.534382e+02
2.300000e-06	2.790807e-06	5.646059e-10	1.507828e+01	1.571562e+02
2.310000e-06	2.846647e-06	5.770422e-10	1.537998e+01	1.607970e+02
2.320000e-06	2.902307e-06	5.916446e-10	1.568070e+01	1.643623e+02
2.330000e-06	2.957824e-06	6.078196e-10	1.598065e+01	1.678535e+02
2.340000e-06	3.013206e-06	6.226995e-10	1.627987e+01	1.712723e+02
2.350000e-06	3.068451e-06	6.350769e-10	1.657835e+01	1.746204e+02
2.360000e-06	3.123555e-06	6.459870e-10	1.687607e+01	1.778995e+02
2.370000e-06	3.178431e-06	6.550466e-10	1.717255e+01	1.811113e+02
2.380000e-06	3.233028e-06	6.633148e-10	1.746753e+01	1.842575e+02
2.390000e-06	3.287337e-06	6.731224e-10	1.776095e+01	1.873399e+02
2.400000e-06	3.341383e-06	6.858286e-10	1.805295e+01	1.903601e+02
2.410000e-06	3.395296e-06	6.996320e-10	1.834424e+01	1.933199e+02
2.420000e-06	3.449092e-06	7.135171e-10	1.863489e+01	1.962208e+02
2.430000e-06	3.502608e-06	7.271783e-10	1.892403e+01	1.990644e+02
2.440000e-06	3.555832e-06	7.392294e-10	1.921159e+01	2.018523e+02
2.450000e-06	3.608822e-06	7.492264e-10	1.949788e+01	2.045859e+02
2.460000e-06	3.661510e-06	7.579207e-10	1.978255e+01	2.072667e+02
2.470000e-06	3.713837e-06	7.660015e-10	2.006526e+01	2.098962e+02
2.480000e-06	3.765872e-06	7.738120e-10	2.034640e+01	2.124757e+02
2.490000e-06	3.817652e-06	7.820733e-10	2.062616e+01	2.150065e+02
2.500000e-06	3.869064e-06	7.909133e-10	2.090393e+01	2.174899e+02
2.510000e-06	3.920113e-06	8.002440e-10	2.117974e+01	2.199273e+02
2.520000e-06	3.970805e-06	8.100520e-10	2.145362e+01	2.223199e+02
2.530000e-06	4.021031e-06	8.195416e-10	2.172498e+01	2.246689e+02
2.540000e-06	4.070737e-06	8.286019e-10	2.199354e+01	2.269756e+02
2.550000e-06	4.119955e-06	8.368369e-10	2.225946e+01	2.292411e+02
2.560000e-06	4.168747e-06	8.435232e-10	2.252307e+01	2.314667e+02
2.570000e-06	4.217147e-06	8.493325e-10	2.278457e+01	2.336535e+02
2.580000e-06	4.265220e-06	8.556422e-10	2.304430e+01	2.358028e+02
2.590000e-06	4.313043e-06	8.633390e-10	2.330268e+01	2.379156e+02
2.600000e-06	4.360712e-06	8.725594e-10	2.356023e+01	2.399932e+02
2.610000e-06	4.408227e-06	8.815807e-10	2.381694e+01	2.420366e+02
2.620000e-06	4.455482e-06	8.896247e-10	2.407225e+01	2.440469e+02
2.630000e-06	4.502375e-06	8.971199e-10	2.432561e+01	2.460253e+02
2.640000e-06	4.548905e-06	9.037429e-10	2.457700e+01	2.479727e+02
2.650000e-06	4.595088e-06	9.098667e-10	2.482652e+01	2.498903e+02
2.660000e-06	4.640945e-06	9.155739e-10	2.507428e+01	2.517788e+02
2.670000e-06	4.686468e-06	9.204975e-10	2.532023e+01	2.536393e+02
2.680000e-06	4.731666e-06	9.254865e-10	2.556443e+01	2.554726e+02
2.690000e-06	4.776594e-06	9.320271e-10	2.580717e+01	2.572795e+02
2.700000e-06	4.821120e-06	9.393980e-10	2.604774e+01	2.590606e+02
2.710000e-06	4.865303e-06	9.469442e-10	2.628645e+01	2.608167e+02
2.720000e-06	4.909290e-06	9.550526e-10	2.652410e+01	2.625484e+02
2.730000e-06	4.953071e-06	9.627759e-10	2.676065e+01	2.642560e+02
2.740000e-06	4.996624e-06	9.696827e-10	2.699595e+01	2.659401e+02
2.750000e-06	5.039913e-06	9.762996e-10	2.722984e+01	2.676009e+02
2.760000e-06	5.082840e-06	9.828829e-10	2.746177e+01	2.692387e+02
2.770000e-06	5.125307e-06	9.885329e-10	2.769121e+01	2.708536e+02
2.780000e-06	5.167182e-06	9.943435e-10	2.791745e+01	2.724459e+02
2.790000e-06	5.208417e-06	1.001463e-09	2.814024e+01	2.740154e+02
2.800000e-06	5.249024e-06	1.007946e-09	2.835963e+01	2.755621e+02
2.810000e-06	5.289122e-06	1.013532e-09	2.857628e+01	2.770860e+02
2.820000e-06	5.328992e-06	1.018920e-09	2.879169e+01	2.785868e+02
2.830000e-06	5.368694e-06	1.025237e-09	2.900619e+01	2.800645e+02
2.840000e-06	5.408177e-06	1.032689e-09	2.921951e+01	2.815187e+02
2.850000e-06	5.447318e-06	1.040123e-09	2.943098e+01	2.829491e+02
2.860000e-06	5.486058e-06	1.046017e-09	2.964029e+01	2.843557e+02
2.870000e-06	5.524391e-06	1.050085e-09	2.984739e+01	2.857379e+02
2.880000e-06	5.562283e-06	1.054788e-09	3.005212e+01	2.870957e+02
2.890000e-06	5.599763e-06	1.060525e-09	3.025462e+01	2.884288e+02
2.900000e-06	5.636784e-06	1.065594e-09	3.045464e+01	2.897369e+02
2.910000e-06	5.673388e-06	1.070416e-09	3.065240e+01	2.910199e+02
2.920000e-06	5.709576e-06	1.076231e-09	3.084792e+01	2.922776e+02
2.930000e-06	5.745460e-06	1.083778e-09	3.104179e+01	2.935100e+02
2.940000e-06	5.781192e-06	1.090878e-09	3.123485e+01	2.947170e+02
2.950000e-06	5.816684e-06	1.094578e-09	3.142661e+01	2.958987e+02
2.960000e-06	5.851793e-06	1.096827e-09	3.161630e+01	2.970552e+02
2.970000e-06	5.886284e-06	1.101025e-09	3.180264e+01	2.981867e+02
2.980000e-06	5.920048e-06	1.107220e-09	3.198507e+01	2.992934e+02
2.990000e-06	5.953111e-06	1.112927e-09	3.216370e+01	3.003756e+02
3.000000e-06	5.985567e-06	1.117376e-09	3.233906e+01	3.014338e+02
3.010000e-06	6.017617e-06	1.121584e-09	3.251222e+01	3.024683e+02
3.020000e-06	6.049387e-06	1.126667e-09	3.268386e+01	3.034797e+02
3.030000e-06	6.080925e-06	1.132297e-09	3.285426e+01	3.044685e+02
3.040000e-06	6.112158e-06	1.137929e-09	3.302301e+01	3.054354e+02
3.050000e-06	6.142853e-06	1.143728e-09	3.318885e+01	3.063809e+02
3.060000e-06	6.173092e-06	1.150684e-09	3.335222e+01	3.073059e+02
3.070000e-06	6.202956e-06	1.157088e-09	3.351357e+01	3.082109e+02
3.080000e-06	6.232470e-06	1.161026e-09	3.367303e+01	3.090968e+02
3.090000e-06	6.261682e-06	1.165225e-09	3.383086e+01	3.099642e+02
3.100000e-06	6.290405e-06	1.170851e-09	3.398605e+01	3.108138e+02
3.110000e-06	6.318615e-06	1.176374e-09	3.413846e+01	3.116465e+02
3.120000e-06	6.346519e-06	1.180982e-09	3.428922e+01	3.124629e+02
3.130000e-06	6.374238e-06	1.185489e-09	3.443898e+01	3.132637e+02
3.140000e-06	6.401660e-06	1.189227e-09	3.458714e+01	3.140495e+02
3.150000e-06	6.428493e-06	1.191795e-09	3.473212e+01	3.148210e+02
3.160000e-06	6.454570e-06	1.195031e-09	3.487300e+01	3.155787e+02
3.170000e-06	6.479967e-06	1.199275e-09	3.501022e+01	3.163231e+02
3.180000e-06	6.504546e-06	1.203488e-09	3.514302e+01	3.170547e+02
3.190000e-06	6.528477e-06	1.207126e-09	3.527231e+01	3.177739e+02
3.200000e-06	6.552144e-06	1.210068e-09	3.540018e+01	3.184811e+02
3.210000e-06	6.575541e-06	1.213213e-09	3.552659e+01	3.191765e+02
3.220000e-06	6.598516e-06	1.217082e-09	3.565072e+01	3.198605e+02
3.230000e-06	6.620968e-06	1.221306e-09	3.577203e+01	3.205330e+02
3.240000e-06	6.642988e-06	1.225570e-09	3.589099e+01	3.211944e+02
3.250000e-06	6.664607e-06	1.229632e-09	3.600780e+01	3.218446e+02
3.260000e-06	6.685736e-06	1.233177e-09	3.612195e+01	3.224837e+02
3.270000e-06	6.706278e-06	1.236328e-09	3.623294e+01	3.231117e+02
3.280000e-06	6.726345e-06	1.238815e-09	3.634136e+01	3.237284e+02
3.290000e-06	6.746186e-06	1.240684e-09	3.644856e+01	3.243337e+02
3.300000e-06	6.765784e-06	1.243181e-09	3.655444e+01	3.249275e+02
3.310000e-06	6.784877e-06	1.246351e-09	3.665760e+01	3.255096e+02
3.320000e-06	6.803450e-06	1.249680e-09	3.675794e+01	3.260798e+02
3.330000e-06	6.821502e-06	1.252653e-09	3.685548e+01	3.266379e+02
3.340000e-06	6.838867e-06	1.254727e-09	3.694930e+01	3.271834e+02
3.350000e-06	6.855827e-06	1.257506e-09	3.704093e+01	3.277163e+02
3.360000e-06	6.872461e-06	1.261137e-09	3.713080e+01	3.282360e+02
3.370000e-06	6.888559e-06	1.262491e-09	3.721778e+01	3.287425e+02
3.380000e-06	6.904095e-06	1.263559e-09	3.730171e+01	3.292352e+02
3.390000e-06	6.918985e-06	1.266505e-09	3.738216e+01	3.297139e+02
3.400000e-06	6.933343e-06	1.270479e-09	3.745974e+01	3.301782e+02
3.410000e-06	6.947185e-06	1.275645e-09	3.753452e+01	3.306277e+02
3.420000e-06	6.960469e-06	1.279560e-09	3.760629e+01	3.310623e+02
3.430000e-06	6.973201e-06	1.281176e-09	3.767508e+01	3.314814e+02
3.440000e-06	6.985439e-06	1.282159e-09	3.774120e+01	3.318847e+02
3.450000e-06	6.997302e-06	1.284363e-09	3.780530e+01	3.322720e+02
3.460000e-06	7.008678e-06	1.287962e-09	3.786676e+01	3.326429e+02
3.470000e-06	7.019366e-06	1.291227e-09	3.792451e+01	3.329970e+02
3.480000e-06	7.029167e-06	1.292826e-09	3.797746e+01	3.333342e+02
3.490000e-06	7.038239e-06	1.293114e-09	3.802647e+01	3.336540e+02
3.500000e-06	7.046732e-06	1.294759e-09	3.807236e+01	3.339563e+02
3.510000e-06	7.054698e-06	1.297414e-09	3.811540e+01	3.342408e+02
3.520000e-06	7.062348e-06	1.299375e-09	3.815673e+01	3.345073e+02
3.530000e-06	7.069680e-06	1.300805e-09	3.819634e+01	3.347557e+02
3.540000e-06	7.076508e-06	1.302877e-09	3.823323e+01	3.349857e+02
3.550000e-06	7.082688e-06	1.307282e-09	3.826662e+01	3.351972e+02
3.560000e-06	7.088374e-06	1.311373e-09	3.829735e+01	3.353903e+02
3.570000e-06	7.093587e-06	1.312435e-09	3.832551e+01	3.355648e+02
3.580000e-06	7.098213e-06	1.311442e-09	3.835050e+01	3.357208e+02
3.590000e-06	7.102386e-06	1.311627e-09	3.837305e+01	3.358584e+02
3.600000e-06	7.106245e-06	1.314294e-09	3.839390e+01	3.359777e+02
3.610000e-06	7.109753e-06	1.317357e-09	3.841285e+01	3.360788e+02
3.620000e-06	7.112817e-06	1.319063e-09	3.842940e+01	3.361621e+02
3.630000e-06	7.115331e-06	1.319013e-09	3.844299e+01	3.362277e+02
3.640000e-06	7.117013e-06	1.318471e-09	3.845208e+01	3.362761e+02
3.650000e-06	7.117948e-06	1.318279e-09	3.845713e+01	3.363077e+02
3.660000e-06	7.118440e-06	1.319305e-09	3.845978e+01	3.363229e+02
3.670000e-06	7.118480e-06	1.320170e-09	3.846000e+01	3.363222e+02
3.680000e-06	7.118071e-06	1.319953e-09	3.845779e+01	3.363062e+02
3.690000e-06	7.117234e-06	1.321260e-09	3.845327e+01	3.362756e+02
3.700000e-06	7.115894e-06	1.324020e-09	3.844603e+01	3.362309e+02
3.710000e-06	7.114103e-06	1.325881e-09	3.843636e+01	3.361729e+02
3.720000e-06	7.111910e-06	1.325942e-09	3.842450e+01	3.361022e+02
3.730000e-06	7.109299e-06	1.325403e-09	3.841040e+01	3.360197e+02
3.740000e-06	7.106215e-06	1.322327e-09	3.839374e+01	3.359259e+02
3.750000e-06	7.102648e-06	1.319274e-09	3.837447e+01	3.358218e+02
3.760000e-06	7.098519e-06	1.334272e-09	3.835216e+01	3.357080e+02
3.770000e-06	7.093448e-06	1.361961e-09	3.832476e+01	3.355852e+02
3.780000e-06	7.087627e-06	1.352707e-09	3.829331e+01	3.354541e+02
3.790000e-06	7.081630e-06	1.294264e-09	3.826091e+01	3.353153e+02
3.800000e-06	7.075569e-06	1.280116e-09	3.822816e+01	3.351696e+02
3.810000e-06	7.069036e-06	1.350663e-09	3.819286e+01	3.350173e+02
3.820000e-06	7.061643e-06	1.371295e-09	3.815292e+01	3.348591e+02
3.830000e-06	7.053598e-06	1.292122e-09	3.810946e+01	3.346952e+02
3.840000e-06	7.045264e-06	1.274398e-09	3.806443e+01	3.345262e+02
3.850000e-06	7.036459e-06	1.370053e-09	3.801686e+01	3.343521e+02
3.860000e-06	7.027055e-06	1.389184e-09	3.796605e+01	3.341733e+02
3.870000e-06	7.017234e-06	1.269460e-09	3.791299e+01	3.339897e+02
3.880000e-06	7.007033e-06	1.237884e-09	3.785787e+01	3.338015e+02
3.890000e-06	6.996330e-06	1.366158e-09	3.780004e+01	3.336085e+02
3.900000e-06	6.984954e-06	1.402090e-09	3.773858e+01	3.334105e+02
3.910000e-06	6.973056e-06	1.282656e-09	3.767430e+01	3.332073e+02
3.920000e-06	6.960766e-06	1.264157e-09	3.760790e+01	3.329987e+02
3.930000e-06	6.947783e-06	1.374758e-09	3.753776e+01	3.327841e+02
3.940000e-06	6.933901e-06	1.361900e-09	3.746275e+01	3.325633e+02
3.950000e-06	6.919415e-06	1.256038e-09	3.738449e+01	3.323356e+02
3.960000e-06	6.904333e-06	1.293698e-09	3.730300e+01	3.321005e+02
3.970000e-06	6.888620e-06	1.385027e-09	3.721811e+01	3.318575e+02
3.980000e-06	6.872453e-06	1.331692e-09	3.713076e+01	3.316059e+02
3.990000e-06	6.855860e-06	1.272184e-09	3.704111e+01	3.313453e+02
4.000000e-06	6.838807e-06	1.341469e-09	3.694897e+01	3.310749e+02
4.010000e-06	6.821253e-06	1.357515e-09	3.685413e+01	3.307942e+02
4.020000e-06	6.803268e-06	1.274111e-09	3.675696e+01	3.305026e+02
4.030000e-06	6.784949e-06	1.297014e-09	3.665799e+01	3.301996e+02
4.040000e-06	6.766090e-06	1.380467e-09	3.655610e+01	3.298848e+02
4.050000e-06	6.746634e-06	1.329413e-09	3.645098e+01	3.295577e+02
4.060000e-06	6.726776e-06	1.264798e-09	3.634369e+01	3.292179e+02
4.070000e-06	6.706639e-06	1.330613e-09	3.623489e+01	3.288652e+02
4.080000e-06	6.686215e-06	1.357054e-09	3.612454e+01	3.284992e+02
4.090000e-06	6.665439e-06	1.285487e-09	3.601230e+01	3.281199e+02
4.100000e-06	6.644079e-06	1.296287e-09	3.589689e+01	3.277271e+02
4.110000e-06	6.621815e-06	1.356596e-09	3.577660e+01	3.273209e+02
4.120000e-06	6.598685e-06	1.319197e-09	3.565163e+01	3.269012e+02
4.130000e-06	6.574927e-06	1.285169e-09	3.552327e+01	3.264681e+02
4.140000e-06	6.550840e-06	1.329198e-09	3.539313e+01	3.260219e+02
4.150000e-06	6.526518e-06	1.322677e-09	3.526173e+01	3.255628e+02
4.160000e-06	6.501836e-06	1.279562e-09	3.512837e+01	3.250910e+02
4.170000e-06	6.476731e-06	1.311144e-09	3.499273e+01	3.246068e+02
4.180000e-06	6.451199e-06	1.337411e-09	3.485479e+01	3.241105e+02
4.190000e-06	6.425250e-06	1.299121e-09	3.471459e+01	3.236025e+02
4.200000e-06	6.398747e-06	1.295512e-09	3.457140e+01	3.230830e+02
4.210000e-06	6.371628e-06	1.319552e-09	3.442488e+01	3.225524e+02
4.220000e-06	6.344070e-06	1.298959e-09	3.427599e+01	3.220109e+02
4.230000e-06	6.316155e-06	1.288959e-09	3.412517e+01	3.214589e+02
4.240000e-06	6.287894e-06	1.311761e-09	3.397248e+01	3.208965e+02
4.250000e-06	6.259399e-06	1.305113e-09	3.381852e+01	3.203239e+02
4.260000e-06	6.230744e-06	1.292005e-09	3.366371e+01	3.197412e+02
4.270000e-06	6.201379e-06	1.306245e-09	3.350505e+01	3.191483e+02
4.280000e-06	6.171024e-06	1.304736e-09	3.334105e+01	3.185453e+02
4.290000e-06	6.140068e-06	1.289219e-09	3.317380e+01	3.179319e+02
4.300000e-06	6.108649e-06	1.293603e-09	3.300405e+01	3.173081e+02
4.310000e-06	6.076733e-06	1.295814e-09	3.283161e+01	3.166734e+02
4.320000e-06	6.044479e-06	1.287717e-09	3.265735e+01	3.160275e+02
4.330000e-06	6.011927e-06	1.288673e-09	3.248147e+01	3.153699e+02
4.340000e-06	5.978899e-06	1.286427e-09	3.230303e+01	3.147001e+02
4.350000e-06	5.945355e-06	1.279525e-09	3.212180e+01	3.140174e+02
4.360000e-06	5.911375e-06	1.282463e-09	3.193821e+01	3.133213e+02
4.370000e-06	5.877039e-06	1.282913e-09	3.175270e+01	3.126110e+02
4.380000e-06	5.842342e-06	1.276769e-09	3.156523e+01	3.118857e+02
4.390000e-06	5.807242e-06	1.275548e-09	3.137559e+01	3.111447e+02
4.400000e-06	5.771751e-06	1.272408e-09	3.118384e+01	3.103872e+02
4.410000e-06	5.735893e-06	1.267215e-09	3.099011e+01	3.096123e+02
4.420000e-06	5.699772e-06	1.268693e-09	3.079495e+01	3.088192e+02
4.430000e-06	5.663453e-06	1.266417e-09	3.059873e+01	3.080073e+02
4.440000e-06	5.626721e-06	1.258823e-09	3.040027e+01	3.071757e+02
4.450000e-06	5.589581e-06	1.258289e-09	3.019961e+01	3.063239e+02
4.460000e-06	5.551833e-06	1.259647e-09	2.999566e+01	3.054510e+02
4.470000e-06	5.513258e-06	1.254668e-09	2.978725e+01	3.045567e+02
4.480000e-06	5.474142e-06	1.248423e-09	2.957591e+01	3.036404e+02
4.490000e-06	5.434578e-06	1.244593e-09	2.936215e+01	3.027017e+02
4.500000e-06	5.394665e-06	1.241507e-09	2.914651e+01	3.017404e+02
4.510000e-06	5.354425e-06	1.239262e-09	2.892910e+01	3.007562e+02
4.520000e-06	5.313969e-06	1.237640e-09	2.871052e+01	2.997489e+02
4.530000e-06	5.273274e-06	1.234341e-09	2.849065e+01	2.987187e+02
4.540000e-06	5.232206e-06	1.230191e-09	2.826877e+01	2.976656e+02
4.550000e-06	5.190703e-06	1.227679e-09	2.804453e+01	2.965897e+02
4.560000e-06	5.148694e-06	1.225958e-09	2.781757e+01	2.954913e+02
4.570000e-06	5.106364e-06	1.221604e-09	2.758887e+01	2.943708e+02
4.580000e-06	5.063685e-06	1.214547e-09	2.735828e+01	2.932286e+02
4.590000e-06	5.020611e-06	1.208599e-09	2.712555e+01	2.920651e+02
4.600000e-06	4.977194e-06	1.205066e-09	2.689098e+01	2.908810e+02
4.610000e-06	4.933422e-06	1.201693e-09	2.665448e+01	2.896766e+02
4.620000e-06	4.889471e-06	1.197187e-09	2.641702e+01	2.884528e+02
4.630000e-06	4.845399e-06	1.193471e-09	2.617891e+01	2.872100e+02
4.640000e-06	4.801078e-06	1.190806e-09	2.593945e+01	2.859488e+02
4.650000e-06	4.756509e-06	1.186624e-09	2.569865e+01	2.846698e+02
4.660000e-06	4.711666e-06	1.180182e-09	2.545638e+01	2.833736e+02
4.670000e-06	4.666393e-06	1.172369e-09	2.521177e+01	2.820608e+02
4.680000e-06	4.620649e-06	1.165201e-09	2.496462e+01	2.807316e+02
4.690000e-06	4.574478e-06	1.160506e-09	2.471517e+01	2.793866e+02
4.700000e-06	4.527855e-06	1.157950e-09	2.446327e+01	2.780260e+02
4.710000e-06	4.480856e-06	1.155510e-09	2.420934e+01	2.766500e+02
4.720000e-06	4.433603e-06	1.151045e-09	2.395404e+01	2.752589e+02
4.730000e-06	4.386163e-06	1.144180e-09	2.369773e+01	2.738525e+02
4.740000e-06	4.338419e-06	1.135704e-09	2.343978e+01	2.724308e+02
4.750000e-06	4.290343e-06	1.129050e-09	2.318003e+01	2.709937e+02
4.760000e-06	4.242073e-06	1.124147e-09	2.291924e+01	2.695408e+02
4.770000e-06	4.193369e-06	1.118134e-09	2.265610e+01	2.680718e+02
4.780000e-06	4.144321e-06	1.112473e-09	2.239110e+01	2.665861e+02
4.790000e-06	4.095031e-06	1.107877e-09	2.212479e+01	2.650831e+02
4.800000e-06	4.045212e-06	1.102782e-09	2.185563e+01	2.635622e+02
4.810000e-06	3.994962e-06	1.096567e-09	2.158413e+01	2.620226e+02
4.820000e-06	3.944502e-06	1.090644e-09	2.131151e+01	2.604633e+02
4.830000e-06	3.893890e-06	1.085327e-09	2.103806e+01	2.588836e+02
4.840000e-06	3.843067e-06	1.080273e-09	2.076347e+01	2.572824e+02
4.850000e-06	3.791938e-06	1.075246e-09	2.048723e+01	2.556588e+02
4.860000e-06	3.740471e-06	1.068242e-09	2.020916e+01	2.540116e+02
4.870000e-06	3.688647e-06	1.061553e-09	1.992916e+01	2.523399e+02
4.880000e-06	3.636574e-06	1.056495e-09	1.964782e+01	2.506426e+02
4.890000e-06	3.584330e-06	1.050497e-09	1.936556e+01	2.489186e+02
4.900000e-06	3.531778e-06	1.043423e-09	1.908163e+01	2.471670e+02
4.910000e-06	3.478873e-06	1.036943e-09	1.879579e+01	2.453867e+02
4.920000e-06	3.425637e-06	1.030359e-09	1.850817e+01	2.435769e+02
4.930000e-06	3.371979e-06	1.021370e-09	1.821826e+01	2.417366e+02
4.940000e-06	3.317855e-06	1.012192e-09	1.792584e+01	2.398650e+02
4.950000e-06	3.263340e-06	1.004365e-09	1.763130e+01	2.379615e+02
4.960000e-06	3.208454e-06	9.959205e-10	1.733476e+01	2.360254e+02
4.970000e-06	3.153243e-06	9.885780e-10	1.703647e+01	2.340560e+02
4.980000e-06	3.097814e-06	9.825074e-10	1.673699e+01	2.320530e+02
4.990000e-06	3.042182e-06	9.750992e-10	1.643642e+01	2.300160e+02
5.000000e-06	2.986312e-06	9.665119e-10	1.613456e+01	2.279446e+02
5.010000e-06	2.930165e-06	9.571188e-10	1.583121e+01	2.258387e+02
5.020000e-06	2.873871e-06	9.476952e-10	1.552706e+01	2.236982e+02
5.030000e-06	2.817484e-06	9.391454e-10	1.522241e+01	2.215231e+02
5.040000e-06	2.761011e-06	9.308092e-10	1.491730e+01	2.193134e+02
5.050000e-06	2.704520e-06	9.225732e-10	1.461209e+01	2.170692e+02
5.060000e-06	2.647876e-06	9.148544e-10	1.430605e+01	2.147907e+02
5.070000e-06	2.590957e-06	9.061465e-10	1.399852e+01	2.124782e+02
5.080000e-06	2.533823e-06	8.958185e-10	1.368984e+01	2.101319e+02
5.090000e-06	2.476568e-06	8.846386e-10	1.338050e+01	2.077520e+02
5.100000e-06	2.419095e-06	8.729099e-10	1.306998e+01	2.053390e+02
5.110000e-06	2.361367e-06	8.622807e-10	1.275809e+01	2.028931e+02
5.120000e-06	2.303484e-06	8.532519e-10	1.244536e+01	2.004145e+02
5.130000e-06	2.245427e-06	8.437166e-10	1.213168e+01	1.979035e+02
5.140000e-06	2.187187e-06	8.335197e-10	1.181702e+01	1.953602e+02
5.150000e-06	2.128820e-06	8.228421e-10	1.150167e+01	1.927848e+02
5.160000e-06	2.070337e-06	8.118772e-10	1.118570e+01	1.901773e+02
5.170000e-06	2.011724e-06	8.005715e-10	1.086902e+01	1.875377e+02
5.180000e-06	1.952935e-06	7.894276e-10	1.055140e+01	1.848656e+02
5.190000e-06	1.893992e-06	7.793955e-10	1.023293e+01	1.821609e+02
5.200000e-06	1.835011e-06	7.695747e-10	9.914270e+00	1.794231e+02
5.210000e-06	1.775910e-06	7.593540e-10	9.594955e+00	1.766516e+02
5.220000e-06	1.716577e-06	7.481102e-10	9.274389e+00	1.738456e+02
5.230000e-06	1.657100e-06	7.357475e-10	8.953043e+00	1.710044e+02
5.240000e-06	1.597535e-06	7.224842e-10	8.631226e+00	1.681267e+02
5.250000e-06	1.537959e-06	7.087246e-10	8.309346e+00	1.652114e+02
5.260000e-06	1.478333e-06	6.961981e-10	7.987194e+00	1.622572e+02
5.270000e-06	1.418553e-06	6.849637e-10	7.664211e+00	1.592624e+02
5.280000e-06	1.358665e-06	6.727831e-10	7.340649e+00	1.562253e+02
5.290000e-06	1.298649e-06	6.584491e-10	7.016391e+00	1.531442e+02
5.300000e-06	1.238556e-06	6.433552e-10	6.691720e+00	1.500170e+02
5.310000e-06	1.178411e-06	6.292263e-10	6.366763e+00	1.468415e+02
5.320000e-06	1.118182e-06	6.158341e-10	6.041359e+00	1.436156e+02
5.330000e-06	1.057941e-06	6.026095e-10	5.715886e+00	1.403370e+02
5.340000e-06	9.977138e-07	5.899402e-10	5.390487e+00	1.370033e+02
5.350000e-06	9.374894e-07	5.772251e-10	5.065105e+00	1.336119e+02
5.360000e-06	8.771747e-07	5.623708e-10	4.739234e+00	1.301606e+02
5.370000e-06	8.168069e-07	5.462191e-10	4.413076e+00	1.266468e+02
5.380000e-06	7.563947e-07	5.302742e-10	4.086679e+00	1.230680e+02
5.390000e-06	6.959044e-07	5.143853e-10	3.759859e+00	1.194221e+02
5.400000e-06	6.353963e-07	4.983357e-10	3.432944e+00	1.157066e+02
5.410000e-06	5.748400e-07	4.825981e-10	3.105768e+00	1.119194e+02
5.420000e-06	5.142778e-07	4.675103e-10	2.778560e+00	1.080586e+02
5.430000e-06	4.537757e-07	4.515327e-10	2.451677e+00	1.041223e+02
5.440000e-06	3.932680e-07	4.342619e-10	2.124764e+00	1.001090e+02
5.450000e-06	3.327004e-07	4.160558e-10	1.797527e+00	9.601737e+01
5.460000e-06	2.720747e-07	3.982279e-10	1.469976e+00	9.184630e+01
5.470000e-06	2.113570e-07	3.808266e-10	1.141928e+00	8.759507e+01
5.480000e-06	1.505318e-07	3.624515e-10	8.132988e-01	8.326328e+01
5.490000e-06	8.972363e-08	3.433053e-10	4.847624e-01	7.885086e+01
5.500000e-06	2.903737e-08	3.243744e-10	1.568842e-01	7.435813e+01
5.510000e-06	-3.162649e-08	3.053110e-10	-1.708729e-01	6.978581e+01
5.520000e-06	-9.231072e-08	2.857287e-10	-4.987400e-01	6.513501e+01
5.530000e-06	-1.528746e-07	2.670099e-10	-8.259568e-01	6.040729e+01
5.540000e-06	-2.133498e-07	2.480127e-10	-1.152695e+00	5.560460e+01
5.550000e-06	-2.739225e-07	2.281201e-10	-1.479959e+00	5.072933e+01
5.560000e-06	-3.346056e-07	2.068928e-10	-1.807820e+00	4.578431e+01
5.570000e-06	-3.952256e-07	1.837815e-10	-2.135340e+00	4.077277e+01
5.580000e-06	-4.558004e-07	1.607895e-10	-2.462616e+00	3.569837e+01
5.590000e-06	-5.164139e-07	1.385916e-10	-2.790101e+00	3.056514e+01
5.600000e-06	-5.770502e-07	1.179151e-10	-3.117710e+00	2.537750e+01
5.610000e-06	-6.375841e-07	9.776248e-11	-3.444765e+00	2.014022e+01
5.620000e-06	-6.979807e-07	7.626460e-11	-3.771078e+00	1.485840e+01
5.630000e-06	-7.583645e-07	5.378821e-11	-4.097321e+00	9.537436e+00
5.640000e-06	-8.187107e-07	2.970740e-11	-4.423362e+00	4.182975e+00
5.650000e-06	-8.789931e-07	4.560205e-12	-4.749058e+00	-1.199101e+00
5.660000e-06	-9.392680e-07	-1.963505e-11	-5.074714e+00	-6.602725e+00
5.670000e-06	-9.995161e-07	-4.209119e-11	-5.400224e+00	-1.202169e+01
5.680000e-06	-1.059753e-06	-6.302055e-11	-5.725677e+00	-1.744967e+01
5.690000e-06	-1.120031e-06	-8.400059e-11	-6.051349e+00	-2.288030e+01
5.700000e-06	-1.180213e-06	-1.061443e-10	-6.376502e+00	-2.830719e+01
5.710000e-06	-1.240268e-06	-1.290996e-10	-6.700969e+00	-3.372398e+01
5.720000e-06	-1.300256e-06	-1.522708e-10	-7.025076e+00	-3.912439e+01
5.730000e-06	-1.360173e-06	-1.753092e-10	-7.348797e+00	-4.450223e+01
5.740000e-06	-1.420049e-06	-1.974894e-10	-7.672298e+00	-4.985149e+01
5.750000e-06	-1.479826e-06	-2.197218e-10	-7.995260e+00	-5.516636e+01
5.760000e-06	-1.539549e-06	-2.440519e-10	-8.317937e+00	-6.044123e+01
5.770000e-06	-1.599242e-06	-2.679280e-10	-8.640448e+00	-6.567078e+01
5.780000e-06	-1.658694e-06	-2.896565e-10	-8.961659e+00	-7.084997e+01
5.790000e-06	-1.717939e-06	-3.115384e-10	-9.281748e+00	-7.597409e+01
5.800000e-06	-1.777108e-06	-3.338056e-10	-9.601429e+00	-8.103877e+01
5.810000e-06	-1.836183e-06	-3.547954e-10	-9.920603e+00	-8.603999e+01
5.820000e-06	-1.895041e-06	-3.750003e-10	-1.023860e+01	-9.097413e+01
5.830000e-06	-1.953681e-06	-3.959845e-10	-1.055543e+01	-9.583794e+01
5.840000e-06	-2.012146e-06	-4.177819e-10	-1.087130e+01	-1.006285e+02
5.850000e-06	-2.070449e-06	-4.391829e-10	-1.118630e+01	-1.053435e+02
5.860000e-06	-2.128657e-06	-4.584577e-10	-1.150079e+01	-1.099807e+02
5.870000e-06	-2.186778e-06	-4.764225e-10	-1.181481e+01	-1.145385e+02
5.880000e-06	-2.244838e-06	-4.952624e-10	-1.212850e+01	-1.190155e+02
5.890000e-06	-2.302740e-06	-5.140572e-10	-1.244134e+01	-1.234109e+02
5.900000e-06	-2.360335e-06	-5.325755e-10	-1.275251e+01	-1.277239e+02
5.910000e-06	-2.417712e-06	-5.515985e-10	-1.306251e+01	-1.319543e+02
5.920000e-06	-2.475013e-06	-5.701459e-10	-1.337210e+01	-1.361021e+02
5.930000e-06	-2.532177e-06	-5.887118e-10	-1.368095e+01	-1.401676e+02
5.940000e-06	-2.589086e-06	-6.075596e-10	-1.398842e+01	-1.441514e+02
5.950000e-06	-2.645834e-06	-6.262164e-10	-1.429502e+01	-1.480542e+02
5.960000e-06	-2.702422e-06	-6.439930e-10	-1.460075e+01	-1.518770e+02
5.970000e-06	-2.758873e-06	-6.601033e-10	-1.490575e+01	-1.556209e+02
5.980000e-06	-2.815215e-06	-6.750094e-10	-1.521015e+01	-1.592873e+02
5.990000e-06	-2.871412e-06	-6.894595e-10	-1.551378e+01	-1.628776e+02
6.000000e-06	-2.927473e-06	-7.032907e-10	-1.581667e+01	-1.663934e+02
6.010000e-06	-2.983401e-06	-7.163718e-10	-1.611884e+01	-1.698361e+02
6.020000e-06	-3.039098e-06	-7.291788e-10	-1.641976e+01	-1.732076e+02
6.030000e-06	-3.094470e-06	-7.421747e-10	-1.671892e+01	-1.765095e+02
6.040000e-06	-3.149571e-06	-7.563400e-10	-1.701662e+01	-1.797435e+02
6.050000e-06	-3.204370e-06	-7.702631e-10	-1.731270e+01	-1.829114e+02
6.060000e-06	-3.258870e-06	-7.829443e-10	-1.760715e+01	-1.860149e+02
6.070000e-06	-3.312962e-06	-7.956589e-10	-1.789940e+01	-1.890557e+02
6.080000e-06	-3.366658e-06	-8.088440e-10	-1.818951e+01	-1.920355e+02
6.090000e-06	-3.419969e-06	-8.225961e-10	-1.847754e+01	-1.949558e+02
6.100000e-06	-3.472862e-06	-8.362071e-10	-1.876331e+01	-1.978183e+02
6.110000e-06	-3.525454e-06	-8.484228e-10	-1.904746e+01	-2.006246e+02
6.120000e-06	-3.577853e-06	-8.591361e-10	-1.933056e+01	-2.033762e+02
6.130000e-06	-3.630069e-06	-8.700743e-10	-1.961268e+01	-2.060745e+02
6.140000e-06	-3.681990e-06	-8.818954e-10	-1.989320e+01	-2.087209e+02
6.150000e-06	-3.733601e-06	-8.931489e-10	-2.017204e+01	-2.113169e+02
6.160000e-06	-3.784929e-06	-9.031481e-10	-2.044936e+01	-2.138638e+02
6.170000e-06	-3.835879e-06	-9.135058e-10	-2.072464e+01	-2.163629e+02
6.180000e-06	-3.886578e-06	-9.243836e-10	-2.099856e+01	-2.188155e+02
6.190000e-06	-3.937127e-06	-9.336652e-10	-2.127167e+01	-2.212229e+02
6.200000e-06	-3.987317e-06	-9.415865e-10	-2.154283e+01	-2.235863e+02
6.210000e-06	-4.037200e-06	-9.495143e-10	-2.181234e+01	-2.259069e+02
6.220000e-06	-4.086819e-06	-9.582159e-10	-2.208042e+01	-2.281860e+02
6.230000e-06	-4.135982e-06	-9.675237e-10	-2.234605e+01	-2.304248e+02
6.240000e-06	-4.184586e-06	-9.771050e-10	-2.260865e+01	-2.326245e+02
6.250000e-06	-4.232745e-06	-9.870331e-10	-2.286884e+01	-2.347861e+02
6.260000e-06	-4.280601e-06	-9.961867e-10	-2.312740e+01	-2.369110e+02
6.270000e-06	-4.327970e-06	-1.004386e-09	-2.338333e+01	-2.390002e+02
6.280000e-06	-4.375001e-06	-1.012633e-09	-2.363743e+01	-2.410548e+02
6.290000e-06	-4.421846e-06	-1.021513e-09	-2.389052e+01	-2.430761e+02
6.300000e-06	-4.468436e-06	-1.029981e-09	-2.414224e+01	-2.450650e+02
6.310000e-06	-4.514882e-06	-1.037523e-09	-2.439318e+01	-2.470227e+02
6.320000e-06	-4.561004e-06	-1.044949e-09	-2.464237e+01	-2.489501e+02
6.330000e-06	-4.606712e-06	-1.052740e-09	-2.488932e+01	-2.508482e+02
6.340000e-06	-4.652109e-06	-1.060769e-09	-2.513460e+01	-2.527179e+02
6.350000e-06	-4.697126e-06	-1.067921e-09	-2.537781e+01	-2.545602e+02
6.360000e-06	-4.741753e-06	-1.074195e-09	-2.561893e+01	-2.563758e+02
6.370000e-06	-4.786170e-06	-1.081019e-09	-2.585891e+01	-2.581655e+02
6.380000e-06	-4.830398e-06	-1.088922e-09	-2.609786e+01	-2.599299e+02
6.390000e-06	-4.874379e-06	-1.096717e-09	-2.633548e+01	-2.616696e+02
6.400000e-06	-4.918132e-06	-1.103553e-09	-2.657187e+01	-2.633852e+02
6.410000e-06	-4.961576e-06	-1.109924e-09	-2.680659e+01	-2.650771e+02
6.420000e-06	-5.004685e-06	-1.117281e-09	-2.703951e+01	-2.667456e+02
6.430000e-06	-5.047489e-06	-1.125121e-09	-2.727077e+01	-2.683911e+02
6.440000e-06	-5.089952e-06	-1.131624e-09	-2.750019e+01	-2.700136e+02
6.450000e-06	-5.131990e-06	-1.137304e-09	-2.772732e+01	-2.716135e+02
6.460000e-06	-5.173557e-06	-1.143568e-09	-2.795190e+01	-2.731905e+02
6.470000e-06	-5.214608e-06	-1.150797e-09	-2.817369e+01	-2.747449e+02
6.480000e-06	-5.255374e-06	-1.157787e-09	-2.839394e+01	-2.762764e+02
6.490000e-06	-5.296005e-06	-1.163440e-09	-2.861346e+01	-2.777850e+02
6.500000e-06	-5.336346e-06	-1.168136e-09	-2.883142e+01	-2.792704e+02
6.510000e-06	-5.376442e-06	-1.173366e-09	-2.904805e+01	-2.807324e+02
6.520000e-06	-5.416336e-06	-1.179699e-09	-2.926359e+01	-2.821708e+02
6.530000e-06	-5.455870e-06	-1.185092e-09	-2.947719e+01	-2.835854e+02
6.540000e-06	-5.494787e-06	-1.189199e-09	-2.968745e+01	-2.849758e+02
6.550000e-06	-5.532998e-06	-1.193941e-09	-2.989390e+01	-2.863418e+02
6.560000e-06	-5.570615e-06	-1.200018e-09	-3.009714e+01	-2.876831e+02
6.570000e-06	-5.607651e-06	-1.206787e-09	-3.029724e+01	-2.889995e+02
6.580000e-06	-5.644188e-06	-1.212933e-09	-3.049464e+01	-2.902909e+02
6.590000e-06	-5.680466e-06	-1.217776e-09	-3.069065e+01	-2.915571e+02
6.600000e-06	-5.716576e-06	-1.222439e-09	-3.088574e+01	-2.927979e+02
6.610000e-06	-5.752494e-06	-1.226942e-09	-3.107980e+01	-2.940134e+02
6.620000e-06	-5.788070e-06	-1.230878e-09	-3.127201e+01	-2.952036e+02
6.630000e-06	-5.823170e-06	-1.234961e-09	-3.146165e+01	-2.963685e+02
6.640000e-06	-5.857815e-06	-1.238445e-09	-3.164883e+01	-2.975083e+02
6.650000e-06	-5.891897e-06	-1.241951e-09	-3.183297e+01	-2.986232e+02
6.660000e-06	-5.925427e-06	-1.246631e-09	-3.201413e+01	-2.997136e+02
6.670000e-06	-5.958636e-06	-1.250551e-09	-3.219355e+01	-3.007797e+02
6.680000e-06	-5.991501e-06	-1.252770e-09	-3.237112e+01	-3.018220e+02
6.690000e-06	-6.023960e-06	-1.254680e-09	-3.254649e+01	-3.028411e+02
6.700000e-06	-6.056177e-06	-1.257679e-09	-3.272055e+01	-3.038374e+02
6.710000e-06	-6.088081e-06	-1.262787e-09	-3.289292e+01	-3.048115e+02
6.720000e-06	-6.119509e-06	-1.267465e-09	-3.306272e+01	-3.057641e+02
6.730000e-06	-6.150325e-06	-1.270355e-09	-3.322922e+01	-3.066958e+02
6.740000e-06	-6.180460e-06	-1.273285e-09	-3.339203e+01	-3.076074e+02
6.750000e-06	-6.209969e-06	-1.276400e-09	-3.355146e+01	-3.084996e+02
6.760000e-06	-6.238842e-06	-1.279424e-09	-3.370746e+01	-3.093731e+02
6.770000e-06	-6.267245e-06	-1.281595e-09	-3.386091e+01	-3.102286e+02
6.780000e-06	-6.295427e-06	-1.282552e-09	-3.401318e+01	-3.110669e+02
6.790000e-06	-6.323418e-06	-1.284108e-09	-3.416441e+01	-3.118886e+02
6.800000e-06	-6.350997e-06	-1.285246e-09	-3.431341e+01	-3.126946e+02
6.810000e-06	-6.378020e-06	-1.285647e-09	-3.445941e+01	-3.134853e+02
6.820000e-06	-6.404552e-06	-1.286376e-09	-3.460276e+01	-3.142615e+02
6.830000e-06	-6.430697e-06	-1.287459e-09	-3.474402e+01	-3.150237e+02
6.840000e-06	-6.456318e-06	-1.289672e-09	-3.488245e+01	-3.157725e+02
6.850000e-06	-6.481382e-06	-1.290724e-09	-3.501786e+01	-3.165084e+02
6.860000e-06	-6.506066e-06	-1.291184e-09	-3.515123e+01	-3.172317e+02
6.870000e-06	-6.530504e-06	-1.292405e-09	-3.528326e+01	-3.179428e+02
6.880000e-06	-6.554691e-06	-1.294471e-09	-3.541394e+01	-3.186422e+02
6.890000e-06	-6.578459e-06	-1.298548e-09	-3.554235e+01	-3.193299e+02
6.900000e-06	-6.601718e-06	-1.301685e-09	-3.566802e+01	-3.200062e+02
6.910000e-06	-6.624379e-06	-1.302128e-09	-3.579046e+01	-3.206713e+02
6.920000e-06	-6.646229e-06	-1.302232e-09	-3.590850e+01	-3.213253e+02
6.930000e-06	-6.667281e-06	-1.302909e-09	-3.602224e+01	-3.219681e+02
6.940000e-06	-6.687807e-06	-1.304376e-09	-3.613314e+01	-3.225998e+02
6.950000e-06	-6.707955e-06	-1.306852e-09	-3.624200e+01	-3.232202e+02
6.960000e-06	-6.727847e-06	-1.309339e-09	-3.634948e+01	-3.238294e+02
6.970000e-06	-6.747407e-06	-1.311711e-09	-3.645515e+01	-3.244271e+02
6.980000e-06	-6.766464e-06	-1.313634e-09	-3.655812e+01	-3.250131e+02
6.990000e-06	-6.784921e-06	-1.314599e-09	-3.665783e+01	-3.255873e+02
7.000000e-06	-6.802987e-06	-1.315660e-09	-3.675545e+01	-3.261495e+02
7.010000e-06	-6.820692e-06	-1.317278e-09	-3.685110e+01	-3.266992e+02
7.020000e-06	-6.837779e-06	-1.318459e-09	-3.694342e+01	-3.272363e+02
7.030000e-06	-6.854452e-06	-1.319303e-09	-3.703350e+01	-3.277605e+02
7.040000e-06	-6.870850e-06	-1.321098e-09	-3.712210e+01	-3.282714e+02
7.050000e-06	-6.887000e-06	-1.322521e-09	-3.720935e+01	-3.287687e+02
7.060000e-06	-6.902656e-06	-1.323138e-09	-3.729394e+01	-3.292522e+02
7.070000e-06	-6.917392e-06	-1.323498e-09	-3.737356e+01	-3.297213e+02
7.080000e-06	-6.931315e-06	-1.323903e-09	-3.744878e+01	-3.301758e+02
7.090000e-06	-6.944551e-06	-1.325468e-09	-3.752029e+01	-3.306154e+02
7.100000e-06	-6.957232e-06	-1.327352e-09	-3.758881e+01	-3.310397e+02
7.110000e-06	-6.969430e-06	-1.328982e-09	-3.765471e+01	-3.314484e+02
7.120000e-06	-6.981110e-06	-1.330954e-09	-3.771782e+01	-3.318410e+02
7.130000e-06	-6.992303e-06	-1.333311e-09	-3.777829e+01	-3.322174e+02
7.140000e-06	-7.002902e-06	-1.334473e-09	-3.783555e+01	-3.325772e+02
7.150000e-06	-7.012978e-06	-1.333685e-09	-3.788999e+01	-3.329200e+02
7.160000e-06	-7.022642e-06	-1.332849e-09	-3.794220e+01	-3.332457e+02
7.170000e-06	-7.031835e-06	-1.333061e-09	-3.799187e+01	-3.335539e+02
7.180000e-06	-7.040534e-06	-1.333794e-09	-3.803887e+01	-3.338443e+02
7.190000e-06	-7.048901e-06	-1.334477e-09	-3.808408e+01	-3.341169e+02
7.200000e-06	-7.056947e-06	-1.335282e-09	-3.812755e+01	-3.343713e+02
7.210000e-06	-7.064614e-06	-1.336008e-09	-3.816897e+01	-3.346074e+02
7.220000e-06	-7.071691e-06	-1.335640e-09	-3.820721e+01	-3.348252e+02
7.230000e-06	-7.077966e-06	-1.334872e-09	-3.824111e+01	-3.350244e+02
7.240000e-06	-7.083477e-06	-1.334907e-09	-3.827088e+01	-3.352051e+02
7.250000e-06	-7.088290e-06	-1.334813e-09	-3.829689e+01	-3.353673e+02
7.260000e-06	-7.092631e-06	-1.333539e-09	-3.832034e+01	-3.355110e+02
7.270000e-06	-7.096706e-06	-1.332302e-09	-3.834236e+01	-3.356364e+02
7.280000e-06	-7.100419e-06	-1.333011e-09	-3.836242e+01	-3.357436e+02
7.290000e-06	-7.103618e-06	-1.334950e-09	-3.837971e+01	-3.358328e+02
7.300000e-06	-7.106284e-06	-1.335246e-09	-3.839411e+01	-3.359042e+02
7.310000e-06	-7.108519e-06	-1.333508e-09	-3.840618e+01	-3.359584e+02
7.320000e-06	-7.110346e-06	-1.331772e-09	-3.841605e+01	-3.359955e+02
7.330000e-06	-7.111642e-06	-1.331674e-09	-3.842306e+01	-3.360161e+02
7.340000e-06	-7.112401e-06	-1.332443e-09	-3.842716e+01	-3.360206e+02
