# Temperatura_=_16.4
# Concentracion g/m^3_=_7400.0
# C_Vs_to_Am_M_A/Vsm_=_254322799225.57578
# pendiente_HvsI_1/m_=_3716.3
# ordenada_HvsI_A/m_=_1297.0
# frecuencia_Hz_=_136111.7068545042

Tiempo_(s)	Campo_(V.s)	Magnetizacion_(V.s)	Campo_(kA/m)	Magnetizacion_(A/m)
0.000000e+00	-7.126977e-06	-1.594011e-09	-3.842340e+01	-4.032684e+02
1.000000e-08	-7.126998e-06	-1.594298e-09	-3.842351e+01	-4.032894e+02
2.000000e-08	-7.126645e-06	-1.594523e-09	-3.842160e+01	-4.032914e+02
3.000000e-08	-7.125754e-06	-1.593714e-09	-3.841681e+01	-4.032747e+02
4.000000e-08	-7.124154e-06	-1.593104e-09	-3.840818e+01	-4.032395e+02
5.000000e-08	-7.121823e-06	-1.593237e-09	-3.839561e+01	-4.031863e+02
6.000000e-08	-7.118804e-06	-1.592147e-09	-3.837933e+01	-4.031153e+02
7.000000e-08	-7.115247e-06	-1.591686e-09	-3.836016e+01	-4.030267e+02
8.000000e-08	-7.111255e-06	-1.596443e-09	-3.833864e+01	-4.029208e+02
9.000000e-08	-7.106632e-06	-1.593212e-09	-3.831371e+01	-4.027980e+02
1.000000e-07	-7.101260e-06	-1.567853e-09	-3.828475e+01	-4.026585e+02
1.100000e-07	-7.095416e-06	-1.565215e-09	-3.825324e+01	-4.025027e+02
1.200000e-07	-7.089346e-06	-1.602138e-09	-3.822052e+01	-4.023309e+02
1.300000e-07	-7.082829e-06	-1.623630e-09	-3.818538e+01	-4.021437e+02
1.400000e-07	-7.075795e-06	-1.579973e-09	-3.814746e+01	-4.019413e+02
1.500000e-07	-7.068392e-06	-1.546527e-09	-3.810755e+01	-4.017243e+02
1.600000e-07	-7.060622e-06	-1.594133e-09	-3.806566e+01	-4.014933e+02
1.700000e-07	-7.052292e-06	-1.618935e-09	-3.802075e+01	-4.012488e+02
1.800000e-07	-7.043367e-06	-1.559825e-09	-3.797263e+01	-4.009915e+02
1.900000e-07	-7.033742e-06	-1.522972e-09	-3.792074e+01	-4.007219e+02
2.000000e-07	-7.023544e-06	-1.587557e-09	-3.786576e+01	-4.004409e+02
2.100000e-07	-7.012829e-06	-1.623330e-09	-3.780799e+01	-4.001491e+02
2.200000e-07	-7.001462e-06	-1.562025e-09	-3.774671e+01	-3.998474e+02
2.300000e-07	-6.989597e-06	-1.525172e-09	-3.768275e+01	-3.995363e+02
2.400000e-07	-6.977227e-06	-1.571498e-09	-3.761606e+01	-3.992167e+02
2.500000e-07	-6.964332e-06	-1.587623e-09	-3.754653e+01	-3.988892e+02
2.600000e-07	-6.950789e-06	-1.548867e-09	-3.747352e+01	-3.985546e+02
2.700000e-07	-6.936629e-06	-1.545548e-09	-3.739718e+01	-3.982135e+02
2.800000e-07	-6.921806e-06	-1.569259e-09	-3.731727e+01	-3.978664e+02
2.900000e-07	-6.906132e-06	-1.557211e-09	-3.723276e+01	-3.975139e+02
3.000000e-07	-6.889827e-06	-1.538460e-09	-3.714486e+01	-3.971563e+02
3.100000e-07	-6.873187e-06	-1.552904e-09	-3.705515e+01	-3.967939e+02
3.200000e-07	-6.856050e-06	-1.544194e-09	-3.696276e+01	-3.964269e+02
3.300000e-07	-6.838497e-06	-1.523676e-09	-3.686813e+01	-3.960555e+02
3.400000e-07	-6.820597e-06	-1.544114e-09	-3.677162e+01	-3.956794e+02
3.500000e-07	-6.802258e-06	-1.564863e-09	-3.667275e+01	-3.952986e+02
3.600000e-07	-6.783339e-06	-1.529769e-09	-3.657076e+01	-3.949128e+02
3.700000e-07	-6.763870e-06	-1.505789e-09	-3.646579e+01	-3.945214e+02
3.800000e-07	-6.743972e-06	-1.531809e-09	-3.635852e+01	-3.941240e+02
3.900000e-07	-6.723722e-06	-1.538785e-09	-3.624934e+01	-3.937198e+02
4.000000e-07	-6.703182e-06	-1.513744e-09	-3.613861e+01	-3.933081e+02
4.100000e-07	-6.682086e-06	-1.516424e-09	-3.602487e+01	-3.928880e+02
4.200000e-07	-6.660423e-06	-1.531580e-09	-3.590808e+01	-3.924586e+02
4.300000e-07	-6.638411e-06	-1.520644e-09	-3.578941e+01	-3.920189e+02
4.400000e-07	-6.615974e-06	-1.510730e-09	-3.566845e+01	-3.915679e+02
4.500000e-07	-6.593010e-06	-1.514819e-09	-3.554464e+01	-3.911044e+02
4.600000e-07	-6.569678e-06	-1.507753e-09	-3.541885e+01	-3.906274e+02
4.700000e-07	-6.545994e-06	-1.501283e-09	-3.529116e+01	-3.901359e+02
4.800000e-07	-6.521980e-06	-1.512141e-09	-3.516170e+01	-3.896289e+02
4.900000e-07	-6.497474e-06	-1.509935e-09	-3.502958e+01	-3.891054e+02
5.000000e-07	-6.472210e-06	-1.492924e-09	-3.489337e+01	-3.885647e+02
5.100000e-07	-6.446136e-06	-1.492517e-09	-3.475280e+01	-3.880058e+02
5.200000e-07	-6.419317e-06	-1.497777e-09	-3.460822e+01	-3.874283e+02
5.300000e-07	-6.392019e-06	-1.488293e-09	-3.446104e+01	-3.868315e+02
5.400000e-07	-6.364345e-06	-1.484558e-09	-3.431185e+01	-3.862151e+02
5.500000e-07	-6.336251e-06	-1.488256e-09	-3.416039e+01	-3.855788e+02
5.600000e-07	-6.307908e-06	-1.481441e-09	-3.400758e+01	-3.849225e+02
5.700000e-07	-6.279196e-06	-1.474689e-09	-3.385279e+01	-3.842462e+02
5.800000e-07	-6.250051e-06	-1.477424e-09	-3.369566e+01	-3.835501e+02
5.900000e-07	-6.220499e-06	-1.472038e-09	-3.353634e+01	-3.828344e+02
6.000000e-07	-6.190451e-06	-1.463466e-09	-3.337434e+01	-3.820995e+02
6.100000e-07	-6.159969e-06	-1.464948e-09	-3.321000e+01	-3.813460e+02
6.200000e-07	-6.129101e-06	-1.463561e-09	-3.304358e+01	-3.805743e+02
6.300000e-07	-6.097846e-06	-1.455217e-09	-3.287508e+01	-3.797852e+02
6.400000e-07	-6.066271e-06	-1.454457e-09	-3.270485e+01	-3.789793e+02
6.500000e-07	-6.034439e-06	-1.453848e-09	-3.253324e+01	-3.781574e+02
6.600000e-07	-6.002281e-06	-1.445457e-09	-3.235986e+01	-3.773200e+02
6.700000e-07	-5.969661e-06	-1.442031e-09	-3.218400e+01	-3.764680e+02
6.800000e-07	-5.936305e-06	-1.442670e-09	-3.200417e+01	-3.756020e+02
6.900000e-07	-5.902299e-06	-1.435385e-09	-3.182084e+01	-3.747225e+02
7.000000e-07	-5.867682e-06	-1.427691e-09	-3.163421e+01	-3.738299e+02
7.100000e-07	-5.832518e-06	-1.424836e-09	-3.144463e+01	-3.729248e+02
7.200000e-07	-5.797061e-06	-1.418953e-09	-3.125347e+01	-3.720073e+02
7.300000e-07	-5.761291e-06	-1.413826e-09	-3.106062e+01	-3.710774e+02
7.400000e-07	-5.725207e-06	-1.412548e-09	-3.086609e+01	-3.701353e+02
7.500000e-07	-5.688738e-06	-1.407807e-09	-3.066947e+01	-3.691808e+02
7.600000e-07	-5.651808e-06	-1.401640e-09	-3.047038e+01	-3.682134e+02
7.700000e-07	-5.614525e-06	-1.399222e-09	-3.026937e+01	-3.672327e+02
7.800000e-07	-5.576916e-06	-1.395324e-09	-3.006661e+01	-3.662382e+02
7.900000e-07	-5.538801e-06	-1.388142e-09	-2.986113e+01	-3.652290e+02
8.000000e-07	-5.500152e-06	-1.381404e-09	-2.965276e+01	-3.642044e+02
8.100000e-07	-5.461188e-06	-1.376200e-09	-2.944269e+01	-3.631633e+02
8.200000e-07	-5.421951e-06	-1.371540e-09	-2.923116e+01	-3.621047e+02
8.300000e-07	-5.382405e-06	-1.367822e-09	-2.901795e+01	-3.610275e+02
8.400000e-07	-5.342520e-06	-1.363098e-09	-2.880292e+01	-3.599306e+02
8.500000e-07	-5.302286e-06	-1.356797e-09	-2.858601e+01	-3.588128e+02
8.600000e-07	-5.261570e-06	-1.350195e-09	-2.836650e+01	-3.576731e+02
8.700000e-07	-5.220333e-06	-1.344720e-09	-2.814418e+01	-3.565103e+02
8.800000e-07	-5.178626e-06	-1.338803e-09	-2.791933e+01	-3.553235e+02
8.900000e-07	-5.136376e-06	-1.331775e-09	-2.769154e+01	-3.541117e+02
9.000000e-07	-5.093760e-06	-1.324939e-09	-2.746179e+01	-3.528741e+02
9.100000e-07	-5.050756e-06	-1.319751e-09	-2.722995e+01	-3.516101e+02
9.200000e-07	-5.007273e-06	-1.315036e-09	-2.699552e+01	-3.503191e+02
9.300000e-07	-4.963491e-06	-1.309226e-09	-2.675948e+01	-3.490008e+02
9.400000e-07	-4.919449e-06	-1.303026e-09	-2.652204e+01	-3.476550e+02
9.500000e-07	-4.875134e-06	-1.296953e-09	-2.628312e+01	-3.462816e+02
9.600000e-07	-4.830546e-06	-1.291027e-09	-2.604274e+01	-3.448809e+02
9.700000e-07	-4.785637e-06	-1.285637e-09	-2.580062e+01	-3.434530e+02
9.800000e-07	-4.740347e-06	-1.280078e-09	-2.555645e+01	-3.419986e+02
9.900000e-07	-4.694624e-06	-1.273672e-09	-2.530994e+01	-3.405181e+02
1.000000e-06	-4.648565e-06	-1.267052e-09	-2.506163e+01	-3.390123e+02
1.010000e-06	-4.602315e-06	-1.260953e-09	-2.481229e+01	-3.374820e+02
1.020000e-06	-4.555801e-06	-1.255264e-09	-2.456152e+01	-3.359281e+02
1.030000e-06	-4.508841e-06	-1.249110e-09	-2.430834e+01	-3.343515e+02
1.040000e-06	-4.461530e-06	-1.243230e-09	-2.405328e+01	-3.327532e+02
1.050000e-06	-4.413947e-06	-1.237174e-09	-2.379674e+01	-3.311340e+02
1.060000e-06	-4.366247e-06	-1.230677e-09	-2.353958e+01	-3.294949e+02
1.070000e-06	-4.318334e-06	-1.224678e-09	-2.328127e+01	-3.278366e+02
1.080000e-06	-4.269986e-06	-1.218643e-09	-2.302061e+01	-3.261598e+02
1.090000e-06	-4.221250e-06	-1.212299e-09	-2.275786e+01	-3.244649e+02
1.100000e-06	-4.172150e-06	-1.206116e-09	-2.249315e+01	-3.227525e+02
1.110000e-06	-4.122521e-06	-1.199384e-09	-2.222559e+01	-3.210226e+02
1.120000e-06	-4.072265e-06	-1.192994e-09	-2.195464e+01	-3.192753e+02
1.130000e-06	-4.021457e-06	-1.186552e-09	-2.168072e+01	-3.175102e+02
1.140000e-06	-3.970288e-06	-1.179567e-09	-2.140486e+01	-3.157269e+02
1.150000e-06	-3.918972e-06	-1.172675e-09	-2.112820e+01	-3.139247e+02
1.160000e-06	-3.867389e-06	-1.165835e-09	-2.085010e+01	-3.121027e+02
1.170000e-06	-3.815507e-06	-1.158740e-09	-2.057040e+01	-3.102598e+02
1.180000e-06	-3.763409e-06	-1.151629e-09	-2.028952e+01	-3.083945e+02
1.190000e-06	-3.711029e-06	-1.143879e-09	-2.000713e+01	-3.065053e+02
1.200000e-06	-3.658264e-06	-1.135221e-09	-1.972266e+01	-3.045907e+02
1.210000e-06	-3.605241e-06	-1.126954e-09	-1.943680e+01	-3.026487e+02
1.220000e-06	-3.551934e-06	-1.119972e-09	-1.914940e+01	-3.006774e+02
1.230000e-06	-3.498325e-06	-1.112137e-09	-1.886039e+01	-2.986749e+02
1.240000e-06	-3.444523e-06	-1.104085e-09	-1.857032e+01	-2.966391e+02
1.250000e-06	-3.390566e-06	-1.097853e-09	-1.827943e+01	-2.945681e+02
1.260000e-06	-3.336405e-06	-1.090475e-09	-1.798743e+01	-2.924600e+02
1.270000e-06	-3.281940e-06	-1.081147e-09	-1.769379e+01	-2.903130e+02
1.280000e-06	-3.227162e-06	-1.072194e-09	-1.739847e+01	-2.881253e+02
1.290000e-06	-3.172129e-06	-1.064065e-09	-1.710178e+01	-2.858954e+02
1.300000e-06	-3.117109e-06	-1.055527e-09	-1.680515e+01	-2.836220e+02
1.310000e-06	-3.061984e-06	-1.046967e-09	-1.650796e+01	-2.813040e+02
1.320000e-06	-3.006542e-06	-1.038262e-09	-1.620905e+01	-2.789405e+02
1.330000e-06	-2.950953e-06	-1.028319e-09	-1.590936e+01	-2.765311e+02
1.340000e-06	-2.895192e-06	-1.018106e-09	-1.560874e+01	-2.740753e+02
1.350000e-06	-2.839317e-06	-1.008863e-09	-1.530750e+01	-2.715732e+02
1.360000e-06	-2.783432e-06	-9.997396e-10	-1.500621e+01	-2.690250e+02
1.370000e-06	-2.727339e-06	-9.903169e-10	-1.470380e+01	-2.664313e+02
1.380000e-06	-2.671052e-06	-9.808558e-10	-1.440034e+01	-2.637927e+02
1.390000e-06	-2.614538e-06	-9.710144e-10	-1.409566e+01	-2.611104e+02
1.400000e-06	-2.557799e-06	-9.601694e-10	-1.378976e+01	-2.583854e+02
1.410000e-06	-2.501031e-06	-9.486445e-10	-1.348371e+01	-2.556192e+02
1.420000e-06	-2.444062e-06	-9.377571e-10	-1.317658e+01	-2.528131e+02
1.430000e-06	-2.386638e-06	-9.273128e-10	-1.286699e+01	-2.499687e+02
1.440000e-06	-2.328822e-06	-9.159561e-10	-1.255529e+01	-2.470874e+02
1.450000e-06	-2.270771e-06	-9.047481e-10	-1.224232e+01	-2.441707e+02
1.460000e-06	-2.212464e-06	-8.938399e-10	-1.192797e+01	-2.412201e+02
1.470000e-06	-2.153780e-06	-8.821395e-10	-1.161159e+01	-2.382367e+02
1.480000e-06	-2.094722e-06	-8.702866e-10	-1.129320e+01	-2.352215e+02
1.490000e-06	-2.035491e-06	-8.585819e-10	-1.097386e+01	-2.321753e+02
1.500000e-06	-1.976247e-06	-8.470086e-10	-1.065447e+01	-2.290985e+02
1.510000e-06	-1.916957e-06	-8.353335e-10	-1.033481e+01	-2.259912e+02
1.520000e-06	-1.857550e-06	-8.239319e-10	-1.001454e+01	-2.228530e+02
1.530000e-06	-1.797992e-06	-8.129939e-10	-9.693447e+00	-2.196833e+02
1.540000e-06	-1.738303e-06	-8.009378e-10	-9.371644e+00	-2.164808e+02
1.550000e-06	-1.678592e-06	-7.878193e-10	-9.049731e+00	-2.132440e+02
1.560000e-06	-1.618901e-06	-7.753778e-10	-8.727918e+00	-2.099706e+02
1.570000e-06	-1.559135e-06	-7.632238e-10	-8.405704e+00	-2.066581e+02
1.580000e-06	-1.499322e-06	-7.505461e-10	-8.083234e+00	-2.033035e+02
1.590000e-06	-1.439444e-06	-7.374954e-10	-7.760416e+00	-1.999034e+02
1.600000e-06	-1.379432e-06	-7.244283e-10	-7.436877e+00	-1.964537e+02
1.610000e-06	-1.319360e-06	-7.110117e-10	-7.113015e+00	-1.929503e+02
1.620000e-06	-1.259208e-06	-6.972745e-10	-6.788718e+00	-1.893887e+02
1.630000e-06	-1.198958e-06	-6.835186e-10	-6.463897e+00	-1.857640e+02
1.640000e-06	-1.138687e-06	-6.694938e-10	-6.138959e+00	-1.820712e+02
1.650000e-06	-1.078319e-06	-6.553036e-10	-5.813498e+00	-1.783053e+02
1.660000e-06	-1.017860e-06	-6.418509e-10	-5.487550e+00	-1.744610e+02
1.670000e-06	-9.573155e-07	-6.286260e-10	-5.161138e+00	-1.705332e+02
1.680000e-06	-8.966536e-07	-6.138136e-10	-4.834094e+00	-1.665169e+02
1.690000e-06	-8.358730e-07	-5.981878e-10	-4.506410e+00	-1.624073e+02
1.700000e-06	-7.751821e-07	-5.834582e-10	-4.179209e+00	-1.581998e+02
1.710000e-06	-7.146287e-07	-5.688529e-10	-3.852750e+00	-1.538902e+02
1.720000e-06	-6.538440e-07	-5.529548e-10	-3.525044e+00	-1.494747e+02
1.730000e-06	-5.928740e-07	-5.370138e-10	-3.196339e+00	-1.449500e+02
1.740000e-06	-5.319761e-07	-5.212238e-10	-2.868022e+00	-1.403134e+02
1.750000e-06	-4.710819e-07	-5.036748e-10	-2.539726e+00	-1.355629e+02
1.760000e-06	-4.099996e-07	-4.847698e-10	-2.210415e+00	-1.306969e+02
1.770000e-06	-3.489066e-07	-4.660919e-10	-1.881047e+00	-1.257149e+02
1.780000e-06	-2.878126e-07	-4.477022e-10	-1.551673e+00	-1.206168e+02
1.790000e-06	-2.267600e-07	-4.292122e-10	-1.222523e+00	-1.154035e+02
1.800000e-06	-1.658594e-07	-4.099924e-10	-8.941913e-01	-1.100765e+02
1.810000e-06	-1.048856e-07	-3.892657e-10	-5.654659e-01	-1.046383e+02
1.820000e-06	-4.389549e-08	-3.671342e-10	-2.366521e-01	-9.909203e+01
1.830000e-06	1.716769e-08	-3.448410e-10	9.255552e-02	-9.344160e+01
1.840000e-06	7.835996e-08	-3.229405e-10	4.224590e-01	-8.769165e+01
1.850000e-06	1.395345e-07	-3.009509e-10	7.522670e-01	-8.184753e+01
1.860000e-06	2.006665e-07	-2.784913e-10	1.081846e+00	-7.591522e+01
1.870000e-06	2.618592e-07	-2.559156e-10	1.411751e+00	-6.990127e+01
1.880000e-06	3.230106e-07	-2.327954e-10	1.741434e+00	-6.381279e+01
1.890000e-06	3.840335e-07	-2.090914e-10	2.070425e+00	-5.765731e+01
1.900000e-06	4.450724e-07	-1.855323e-10	2.399502e+00	-5.144277e+01
1.910000e-06	5.061554e-07	-1.609129e-10	2.728816e+00	-4.517741e+01
1.920000e-06	5.672679e-07	-1.359685e-10	3.058290e+00	-3.886971e+01
1.930000e-06	6.283395e-07	-1.125338e-10	3.387543e+00	-3.252827e+01
1.940000e-06	6.892600e-07	-8.952791e-11	3.715981e+00	-2.616181e+01
1.950000e-06	7.501333e-07	-6.538190e-11	4.044165e+00	-1.977900e+01
1.960000e-06	8.110205e-07	-4.095970e-11	4.372424e+00	-1.338844e+01
1.970000e-06	8.717655e-07	-1.702872e-11	4.699916e+00	-6.998592e+00
1.980000e-06	9.323370e-07	6.753329e-12	5.026473e+00	-6.176784e-01
1.990000e-06	9.928451e-07	3.027009e-11	5.352687e+00	5.746357e+00
2.000000e-06	1.053344e-06	5.403799e-11	5.678854e+00	1.208591e+01
2.010000e-06	1.113755e-06	7.903258e-11	6.004543e+00	1.839378e+01
2.020000e-06	1.174066e-06	1.041363e-10	6.329697e+00	2.466318e+01
2.030000e-06	1.234290e-06	1.270989e-10	6.654380e+00	3.088782e+01
2.040000e-06	1.294388e-06	1.492018e-10	6.978385e+00	3.706189e+01
2.050000e-06	1.354467e-06	1.722556e-10	7.302288e+00	4.318011e+01
2.060000e-06	1.414491e-06	1.949061e-10	7.625892e+00	4.923772e+01
2.070000e-06	1.474396e-06	2.170034e-10	7.948856e+00	5.523054e+01
2.080000e-06	1.534283e-06	2.387746e-10	8.271720e+00	6.115489e+01
2.090000e-06	1.594142e-06	2.596953e-10	8.594435e+00	6.700764e+01
2.100000e-06	1.653933e-06	2.806805e-10	8.916786e+00	7.278618e+01
2.110000e-06	1.713641e-06	3.019504e-10	9.238686e+00	7.848843e+01
2.120000e-06	1.773301e-06	3.221654e-10	9.560331e+00	8.411276e+01
2.130000e-06	1.832933e-06	3.408893e-10	9.881819e+00	8.965800e+01
2.140000e-06	1.892514e-06	3.595642e-10	1.020304e+01	9.512343e+01
2.150000e-06	1.952046e-06	3.781458e-10	1.052399e+01	1.005087e+02
2.160000e-06	2.011436e-06	3.967654e-10	1.084418e+01	1.058138e+02
2.170000e-06	2.070636e-06	4.164896e-10	1.116334e+01	1.110392e+02
2.180000e-06	2.129611e-06	4.357304e-10	1.148129e+01	1.161854e+02
2.190000e-06	2.188280e-06	4.544547e-10	1.179759e+01	1.212533e+02
2.200000e-06	2.246733e-06	4.738198e-10	1.211272e+01	1.262440e+02
2.210000e-06	2.304960e-06	4.929031e-10	1.242664e+01	1.311589e+02
2.220000e-06	2.362818e-06	5.100077e-10	1.273857e+01	1.359993e+02
2.230000e-06	2.420243e-06	5.256086e-10	1.304816e+01	1.407668e+02
2.240000e-06	2.477381e-06	5.421590e-10	1.335621e+01	1.454631e+02
2.250000e-06	2.534245e-06	5.600119e-10	1.366278e+01	1.500897e+02
2.260000e-06	2.590733e-06	5.775781e-10	1.396732e+01	1.546486e+02
2.270000e-06	2.646954e-06	5.936431e-10	1.427042e+01	1.591413e+02
2.280000e-06	2.703128e-06	6.089081e-10	1.457327e+01	1.635697e+02
2.290000e-06	2.759198e-06	6.238939e-10	1.487556e+01	1.679355e+02
2.300000e-06	2.815066e-06	6.393057e-10	1.517676e+01	1.722403e+02
2.310000e-06	2.870814e-06	6.556172e-10	1.547731e+01	1.764857e+02
2.320000e-06	2.926338e-06	6.719961e-10	1.577665e+01	1.806733e+02
2.330000e-06	2.981773e-06	6.883923e-10	1.607552e+01	1.848047e+02
2.340000e-06	3.037164e-06	7.033351e-10	1.637414e+01	1.888810e+02
2.350000e-06	3.092406e-06	7.162340e-10	1.667197e+01	1.929038e+02
2.360000e-06	3.147483e-06	7.280150e-10	1.696890e+01	1.968742e+02
2.370000e-06	3.202172e-06	7.393784e-10	1.726374e+01	2.007933e+02
2.380000e-06	3.256606e-06	7.520639e-10	1.755721e+01	2.046621e+02
2.390000e-06	3.310902e-06	7.672023e-10	1.784994e+01	2.084816e+02
2.400000e-06	3.364933e-06	7.840390e-10	1.814123e+01	2.122527e+02
2.410000e-06	3.418805e-06	8.002696e-10	1.843167e+01	2.159759e+02
2.420000e-06	3.472502e-06	8.139877e-10	1.872117e+01	2.196520e+02
2.430000e-06	3.525963e-06	8.262170e-10	1.900939e+01	2.232815e+02
2.440000e-06	3.579129e-06	8.385216e-10	1.929602e+01	2.268648e+02
2.450000e-06	3.632006e-06	8.508262e-10	1.958109e+01	2.304023e+02
2.460000e-06	3.684500e-06	8.625775e-10	1.986410e+01	2.338943e+02
2.470000e-06	3.736648e-06	8.742824e-10	2.014525e+01	2.373408e+02
2.480000e-06	3.788581e-06	8.868089e-10	2.042523e+01	2.407420e+02
2.490000e-06	3.840281e-06	8.999202e-10	2.070396e+01	2.440979e+02
2.500000e-06	3.891778e-06	9.132779e-10	2.098159e+01	2.474085e+02
2.510000e-06	3.942908e-06	9.257183e-10	2.125725e+01	2.506736e+02
2.520000e-06	3.993641e-06	9.366386e-10	2.153076e+01	2.538931e+02
2.530000e-06	4.043980e-06	9.470368e-10	2.180215e+01	2.570666e+02
2.540000e-06	4.093742e-06	9.576615e-10	2.207043e+01	2.601941e+02
2.550000e-06	4.142868e-06	9.679432e-10	2.233529e+01	2.632751e+02
2.560000e-06	4.191600e-06	9.774095e-10	2.259801e+01	2.663093e+02
2.570000e-06	4.240035e-06	9.867207e-10	2.285914e+01	2.692964e+02
2.580000e-06	4.288064e-06	9.977614e-10	2.311807e+01	2.722361e+02
2.590000e-06	4.335880e-06	1.010554e-09	2.337586e+01	2.751280e+02
2.600000e-06	4.383649e-06	1.023205e-09	2.363340e+01	2.779719e+02
2.610000e-06	4.431217e-06	1.034064e-09	2.388985e+01	2.807675e+02
2.620000e-06	4.478509e-06	1.042947e-09	2.414481e+01	2.835146e+02
2.630000e-06	4.525376e-06	1.051329e-09	2.439749e+01	2.862129e+02
2.640000e-06	4.571841e-06	1.060170e-09	2.464799e+01	2.888625e+02
2.650000e-06	4.617926e-06	1.069442e-09	2.489645e+01	2.914632e+02
2.660000e-06	4.663601e-06	1.077907e-09	2.514269e+01	2.940151e+02
2.670000e-06	4.709090e-06	1.085607e-09	2.538794e+01	2.965183e+02
2.680000e-06	4.754331e-06	1.094166e-09	2.563184e+01	2.989731e+02
2.690000e-06	4.799262e-06	1.103421e-09	2.587408e+01	3.013797e+02
2.700000e-06	4.843812e-06	1.112014e-09	2.611426e+01	3.037386e+02
2.710000e-06	4.888015e-06	1.120444e-09	2.635257e+01	3.060504e+02
2.720000e-06	4.932072e-06	1.129306e-09	2.659009e+01	3.083155e+02
2.730000e-06	4.975953e-06	1.138574e-09	2.682666e+01	3.105348e+02
2.740000e-06	5.019574e-06	1.147668e-09	2.706184e+01	3.127090e+02
2.750000e-06	5.062980e-06	1.155835e-09	2.729585e+01	3.148389e+02
2.760000e-06	5.105972e-06	1.163147e-09	2.752763e+01	3.169255e+02
2.770000e-06	5.148341e-06	1.170432e-09	2.775605e+01	3.189698e+02
2.780000e-06	5.190064e-06	1.178600e-09	2.798099e+01	3.209729e+02
2.790000e-06	5.231105e-06	1.186983e-09	2.820225e+01	3.229358e+02
2.800000e-06	5.271562e-06	1.194730e-09	2.842037e+01	3.248596e+02
2.810000e-06	5.311652e-06	1.201848e-09	2.863650e+01	3.267456e+02
2.820000e-06	5.351562e-06	1.209267e-09	2.885167e+01	3.285947e+02
2.830000e-06	5.391296e-06	1.217230e-09	2.906589e+01	3.304083e+02
2.840000e-06	5.430715e-06	1.225014e-09	2.927840e+01	3.321873e+02
2.850000e-06	5.469769e-06	1.232081e-09	2.948895e+01	3.339328e+02
2.860000e-06	5.508472e-06	1.237989e-09	2.969761e+01	3.356459e+02
2.870000e-06	5.546787e-06	1.244032e-09	2.990418e+01	3.373275e+02
2.880000e-06	5.584658e-06	1.251384e-09	3.010835e+01	3.389785e+02
2.890000e-06	5.622096e-06	1.258845e-09	3.031019e+01	3.405998e+02
2.900000e-06	5.659045e-06	1.265364e-09	3.050939e+01	3.421921e+02
2.910000e-06	5.695538e-06	1.271747e-09	3.070614e+01	3.437562e+02
2.920000e-06	5.731660e-06	1.279112e-09	3.090088e+01	3.452927e+02
2.930000e-06	5.767510e-06	1.287530e-09	3.109415e+01	3.468020e+02
2.940000e-06	5.803162e-06	1.294189e-09	3.128637e+01	3.482848e+02
2.950000e-06	5.838480e-06	1.298172e-09	3.147677e+01	3.497414e+02
2.960000e-06	5.873538e-06	1.302910e-09	3.166578e+01	3.511722e+02
2.970000e-06	5.908191e-06	1.309489e-09	3.185260e+01	3.525774e+02
2.980000e-06	5.942111e-06	1.316368e-09	3.203547e+01	3.539575e+02
2.990000e-06	5.975179e-06	1.322877e-09	3.221375e+01	3.553125e+02
3.000000e-06	6.007543e-06	1.328834e-09	3.238823e+01	3.566427e+02
3.010000e-06	6.039557e-06	1.334035e-09	3.256083e+01	3.579484e+02
3.020000e-06	6.071350e-06	1.340210e-09	3.273224e+01	3.592298e+02
3.030000e-06	6.102894e-06	1.347733e-09	3.290229e+01	3.604870e+02
3.040000e-06	6.134031e-06	1.354463e-09	3.307016e+01	3.617204e+02
3.050000e-06	6.164624e-06	1.360687e-09	3.323510e+01	3.629302e+02
3.060000e-06	6.194744e-06	1.367825e-09	3.339749e+01	3.641168e+02
3.070000e-06	6.224480e-06	1.373405e-09	3.355780e+01	3.652805e+02
3.080000e-06	6.253919e-06	1.376317e-09	3.371651e+01	3.664218e+02
3.090000e-06	6.283007e-06	1.380174e-09	3.387333e+01	3.675411e+02
3.100000e-06	6.311675e-06	1.385907e-09	3.402789e+01	3.686389e+02
3.110000e-06	6.339898e-06	1.391709e-09	3.418005e+01	3.697159e+02
3.120000e-06	6.367712e-06	1.396952e-09	3.433000e+01	3.707727e+02
3.130000e-06	6.395307e-06	1.401676e-09	3.447877e+01	3.718100e+02
3.140000e-06	6.422550e-06	1.406178e-09	3.462565e+01	3.728284e+02
3.150000e-06	6.449195e-06	1.410886e-09	3.476930e+01	3.738288e+02
3.160000e-06	6.475015e-06	1.415079e-09	3.490850e+01	3.748119e+02
3.170000e-06	6.500002e-06	1.419002e-09	3.504321e+01	3.757785e+02
3.180000e-06	6.524453e-06	1.423631e-09	3.517503e+01	3.767293e+02
3.190000e-06	6.548467e-06	1.427259e-09	3.530450e+01	3.776651e+02
3.200000e-06	6.572061e-06	1.429885e-09	3.543170e+01	3.785866e+02
3.210000e-06	6.595268e-06	1.433905e-09	3.555681e+01	3.794946e+02
3.220000e-06	6.617983e-06	1.439007e-09	3.567928e+01	3.803895e+02
3.230000e-06	6.640173e-06	1.444407e-09	3.579891e+01	3.812720e+02
3.240000e-06	6.661902e-06	1.449576e-09	3.591606e+01	3.821426e+02
3.250000e-06	6.683369e-06	1.453978e-09	3.603179e+01	3.830015e+02
3.260000e-06	6.704494e-06	1.457554e-09	3.614568e+01	3.838491e+02
3.270000e-06	6.725015e-06	1.460371e-09	3.625631e+01	3.846855e+02
3.280000e-06	6.745025e-06	1.463438e-09	3.636419e+01	3.855107e+02
3.290000e-06	6.764772e-06	1.467094e-09	3.647066e+01	3.863248e+02
3.300000e-06	6.784221e-06	1.470530e-09	3.657551e+01	3.871275e+02
3.310000e-06	6.803321e-06	1.474440e-09	3.667848e+01	3.879185e+02
3.320000e-06	6.821918e-06	1.478881e-09	3.677874e+01	3.886975e+02
3.330000e-06	6.839779e-06	1.482257e-09	3.687504e+01	3.894639e+02
3.340000e-06	6.857182e-06	1.484545e-09	3.696886e+01	3.902171e+02
3.350000e-06	6.874159e-06	1.488209e-09	3.706039e+01	3.909565e+02
3.360000e-06	6.890708e-06	1.492404e-09	3.714961e+01	3.916813e+02
3.370000e-06	6.906801e-06	1.495235e-09	3.723637e+01	3.923907e+02
3.380000e-06	6.922239e-06	1.498298e-09	3.731960e+01	3.930838e+02
3.390000e-06	6.936963e-06	1.501693e-09	3.739898e+01	3.937599e+02
3.400000e-06	6.950987e-06	1.506002e-09	3.747459e+01	3.944179e+02
3.410000e-06	6.964456e-06	1.510871e-09	3.754720e+01	3.950570e+02
3.420000e-06	6.977479e-06	1.513938e-09	3.761741e+01	3.956764e+02
3.430000e-06	6.990167e-06	1.515419e-09	3.768582e+01	3.962752e+02
3.440000e-06	7.002367e-06	1.517834e-09	3.775159e+01	3.968527e+02
3.450000e-06	7.014049e-06	1.522612e-09	3.781457e+01	3.974081e+02
3.460000e-06	7.025314e-06	1.528163e-09	3.787530e+01	3.979407e+02
3.470000e-06	7.035945e-06	1.531415e-09	3.793262e+01	3.984501e+02
3.480000e-06	7.045882e-06	1.533479e-09	3.798619e+01	3.989356e+02
3.490000e-06	7.054921e-06	1.536836e-09	3.803493e+01	3.993970e+02
3.500000e-06	7.063142e-06	1.540237e-09	3.807924e+01	3.998340e+02
3.510000e-06	7.071008e-06	1.542979e-09	3.812165e+01	4.002462e+02
3.520000e-06	7.078575e-06	1.544721e-09	3.816245e+01	4.006337e+02
3.530000e-06	7.085740e-06	1.546502e-09	3.820107e+01	4.009964e+02
3.540000e-06	7.092442e-06	1.549840e-09	3.823721e+01	4.013344e+02
3.550000e-06	7.098615e-06	1.553741e-09	3.827049e+01	4.016478e+02
3.560000e-06	7.104288e-06	1.556688e-09	3.830107e+01	4.019369e+02
3.570000e-06	7.109470e-06	1.558939e-09	3.832901e+01	4.022019e+02
3.580000e-06	7.114129e-06	1.561373e-09	3.835413e+01	4.024432e+02
3.590000e-06	7.118298e-06	1.564163e-09	3.837660e+01	4.026611e+02
3.600000e-06	7.122078e-06	1.566618e-09	3.839698e+01	4.028562e+02
3.610000e-06	7.125604e-06	1.567919e-09	3.841599e+01	4.030287e+02
3.620000e-06	7.128697e-06	1.568609e-09	3.843267e+01	4.031793e+02
3.630000e-06	7.131012e-06	1.570050e-09	3.844515e+01	4.033082e+02
3.640000e-06	7.132548e-06	1.571282e-09	3.845343e+01	4.034160e+02
3.650000e-06	7.133442e-06	1.572257e-09	3.845825e+01	4.035031e+02
3.660000e-06	7.133766e-06	1.574904e-09	3.846000e+01	4.035699e+02
3.670000e-06	7.133724e-06	1.577403e-09	3.845977e+01	4.036169e+02
3.680000e-06	7.133404e-06	1.578763e-09	3.845805e+01	4.036443e+02
3.690000e-06	7.132557e-06	1.579309e-09	3.845348e+01	4.036527e+02
3.700000e-06	7.131218e-06	1.579529e-09	3.844626e+01	4.036422e+02
3.710000e-06	7.129473e-06	1.580293e-09	3.843685e+01	4.036132e+02
3.720000e-06	7.127146e-06	1.580974e-09	3.842431e+01	4.035660e+02
3.730000e-06	7.124286e-06	1.582336e-09	3.840889e+01	4.035009e+02
3.740000e-06	7.120930e-06	1.578176e-09	3.839079e+01	4.034181e+02
3.750000e-06	7.117113e-06	1.568070e-09	3.837022e+01	4.033180e+02
3.760000e-06	7.112773e-06	1.581809e-09	3.834682e+01	4.032008e+02
3.770000e-06	7.107589e-06	1.615408e-09	3.831887e+01	4.030669e+02
3.780000e-06	7.101622e-06	1.595653e-09	3.828670e+01	4.029165e+02
3.790000e-06	7.095291e-06	1.544608e-09	3.825257e+01	4.027501e+02
3.800000e-06	7.088812e-06	1.543036e-09	3.821764e+01	4.025680e+02
3.810000e-06	7.081846e-06	1.606781e-09	3.818008e+01	4.023706e+02
3.820000e-06	7.074167e-06	1.610372e-09	3.813868e+01	4.021585e+02
3.830000e-06	7.066059e-06	1.536390e-09	3.809497e+01	4.019321e+02
3.840000e-06	7.057665e-06	1.542964e-09	3.804972e+01	4.016921e+02
3.850000e-06	7.048730e-06	1.625532e-09	3.800155e+01	4.014390e+02
3.860000e-06	7.039142e-06	1.620421e-09	3.794986e+01	4.011735e+02
3.870000e-06	7.029048e-06	1.518176e-09	3.789544e+01	4.008962e+02
3.880000e-06	7.018619e-06	1.515745e-09	3.783921e+01	4.006080e+02
3.890000e-06	7.007653e-06	1.616397e-09	3.778009e+01	4.003095e+02
3.900000e-06	6.996008e-06	1.622130e-09	3.771731e+01	4.000015e+02
3.910000e-06	6.983918e-06	1.534539e-09	3.765213e+01	3.996847e+02
3.920000e-06	6.971308e-06	1.548310e-09	3.758415e+01	3.993598e+02
3.930000e-06	6.957857e-06	1.619296e-09	3.751163e+01	3.990275e+02
3.940000e-06	6.943598e-06	1.585509e-09	3.743475e+01	3.986886e+02
3.950000e-06	6.928840e-06	1.525995e-09	3.735519e+01	3.983434e+02
3.960000e-06	6.913469e-06	1.573050e-09	3.727232e+01	3.979927e+02
3.970000e-06	6.897557e-06	1.615566e-09	3.718653e+01	3.976368e+02
3.980000e-06	6.881313e-06	1.564145e-09	3.709896e+01	3.972760e+02
3.990000e-06	6.864698e-06	1.550023e-09	3.700938e+01	3.969106e+02
4.000000e-06	6.847534e-06	1.596520e-09	3.691684e+01	3.965407e+02
4.010000e-06	6.829893e-06	1.579876e-09	3.682174e+01	3.961662e+02
4.020000e-06	6.811791e-06	1.534848e-09	3.672415e+01	3.957870e+02
4.030000e-06	6.793126e-06	1.570761e-09	3.662352e+01	3.954029e+02
4.040000e-06	6.773946e-06	1.607231e-09	3.652011e+01	3.950135e+02
4.050000e-06	6.754319e-06	1.564605e-09	3.641430e+01	3.946182e+02
4.060000e-06	6.734368e-06	1.546771e-09	3.630674e+01	3.942164e+02
4.070000e-06	6.714139e-06	1.583122e-09	3.619768e+01	3.938073e+02
4.080000e-06	6.693470e-06	1.574429e-09	3.608625e+01	3.933902e+02
4.090000e-06	6.672260e-06	1.543571e-09	3.597190e+01	3.929640e+02
4.100000e-06	6.650258e-06	1.561717e-09	3.585328e+01	3.925279e+02
4.110000e-06	6.627546e-06	1.579218e-09	3.573083e+01	3.920808e+02
4.120000e-06	6.604298e-06	1.556709e-09	3.560550e+01	3.916216e+02
4.130000e-06	6.580430e-06	1.553183e-09	3.547682e+01	3.911492e+02
4.140000e-06	6.556172e-06	1.569378e-09	3.534604e+01	3.906627e+02
4.150000e-06	6.531601e-06	1.556739e-09	3.521357e+01	3.901610e+02
4.160000e-06	6.506695e-06	1.546340e-09	3.507929e+01	3.896432e+02
4.170000e-06	6.481371e-06	1.562749e-09	3.494277e+01	3.891083e+02
4.180000e-06	6.455448e-06	1.561300e-09	3.480301e+01	3.885556e+02
4.190000e-06	6.428983e-06	1.546444e-09	3.466033e+01	3.879844e+02
4.200000e-06	6.402116e-06	1.553135e-09	3.451548e+01	3.873942e+02
4.210000e-06	6.374719e-06	1.554644e-09	3.436778e+01	3.867844e+02
4.220000e-06	6.346848e-06	1.539650e-09	3.421752e+01	3.861548e+02
4.230000e-06	6.318706e-06	1.543380e-09	3.406580e+01	3.855052e+02
4.240000e-06	6.290431e-06	1.553572e-09	3.391336e+01	3.848356e+02
4.250000e-06	6.261758e-06	1.542053e-09	3.375877e+01	3.841460e+02
4.260000e-06	6.232559e-06	1.538163e-09	3.360136e+01	3.834368e+02
4.270000e-06	6.202766e-06	1.546402e-09	3.344073e+01	3.827083e+02
4.280000e-06	6.172193e-06	1.536613e-09	3.327591e+01	3.819610e+02
4.290000e-06	6.140898e-06	1.527184e-09	3.310718e+01	3.811953e+02
4.300000e-06	6.109073e-06	1.535982e-09	3.293561e+01	3.804120e+02
4.310000e-06	6.076921e-06	1.532868e-09	3.276227e+01	3.796117e+02
4.320000e-06	6.044432e-06	1.522921e-09	3.258711e+01	3.787950e+02
4.330000e-06	6.011544e-06	1.528212e-09	3.240980e+01	3.779628e+02
4.340000e-06	5.978255e-06	1.526510e-09	3.223034e+01	3.771156e+02
4.350000e-06	5.944667e-06	1.515297e-09	3.204925e+01	3.762542e+02
4.360000e-06	5.910734e-06	1.518705e-09	3.186631e+01	3.753792e+02
4.370000e-06	5.876157e-06	1.521430e-09	3.167990e+01	3.744910e+02
4.380000e-06	5.841063e-06	1.512961e-09	3.149070e+01	3.735900e+02
4.390000e-06	5.805785e-06	1.511934e-09	3.130050e+01	3.726766e+02
4.400000e-06	5.770219e-06	1.511969e-09	3.110876e+01	3.717509e+02
4.410000e-06	5.734257e-06	1.503398e-09	3.091488e+01	3.708130e+02
4.420000e-06	5.698040e-06	1.500633e-09	3.071963e+01	3.698626e+02
4.430000e-06	5.661550e-06	1.500755e-09	3.052290e+01	3.688996e+02
4.440000e-06	5.624585e-06	1.494384e-09	3.032361e+01	3.679235e+02
4.450000e-06	5.587019e-06	1.492223e-09	3.012108e+01	3.669337e+02
4.460000e-06	5.548772e-06	1.492884e-09	2.991488e+01	3.659295e+02
4.470000e-06	5.509953e-06	1.487213e-09	2.970560e+01	3.649102e+02
4.480000e-06	5.470675e-06	1.481559e-09	2.949384e+01	3.638747e+02
4.490000e-06	5.430960e-06	1.479674e-09	2.927972e+01	3.628221e+02
4.500000e-06	5.390871e-06	1.475803e-09	2.906359e+01	3.617512e+02
4.510000e-06	5.350522e-06	1.472232e-09	2.884606e+01	3.606611e+02
4.520000e-06	5.309912e-06	1.469734e-09	2.862712e+01	3.595504e+02
4.530000e-06	5.268861e-06	1.465632e-09	2.840581e+01	3.584182e+02
4.540000e-06	5.227364e-06	1.462057e-09	2.818209e+01	3.572632e+02
4.550000e-06	5.185504e-06	1.458927e-09	2.795641e+01	3.560845e+02
4.560000e-06	5.143394e-06	1.454945e-09	2.772938e+01	3.548812e+02
4.570000e-06	5.100912e-06	1.450489e-09	2.750035e+01	3.536523e+02
4.580000e-06	5.057848e-06	1.444395e-09	2.726818e+01	3.523972e+02
4.590000e-06	5.014514e-06	1.438580e-09	2.703455e+01	3.511153e+02
4.600000e-06	4.971007e-06	1.434552e-09	2.680000e+01	3.498061e+02
4.610000e-06	4.927197e-06	1.430482e-09	2.656380e+01	3.484695e+02
4.620000e-06	4.883148e-06	1.426382e-09	2.632633e+01	3.471054e+02
4.630000e-06	4.838852e-06	1.423061e-09	2.608752e+01	3.457138e+02
4.640000e-06	4.794182e-06	1.419114e-09	2.584669e+01	3.442950e+02
4.650000e-06	4.749064e-06	1.413911e-09	2.560345e+01	3.428493e+02
4.660000e-06	4.703622e-06	1.407141e-09	2.535846e+01	3.413775e+02
4.670000e-06	4.657993e-06	1.398519e-09	2.511246e+01	3.398801e+02
4.680000e-06	4.612062e-06	1.390587e-09	2.486483e+01	3.383579e+02
4.690000e-06	4.565656e-06	1.384939e-09	2.461464e+01	3.368118e+02
4.700000e-06	4.518907e-06	1.380333e-09	2.436261e+01	3.352427e+02
4.710000e-06	4.471988e-06	1.376002e-09	2.410966e+01	3.336516e+02
4.720000e-06	4.424873e-06	1.369990e-09	2.385565e+01	3.320393e+02
4.730000e-06	4.377358e-06	1.361057e-09	2.359948e+01	3.304068e+02
4.740000e-06	4.329271e-06	1.352457e-09	2.334023e+01	3.287548e+02
4.750000e-06	4.280767e-06	1.346971e-09	2.307873e+01	3.270841e+02
4.760000e-06	4.232086e-06	1.341728e-09	2.281628e+01	3.253953e+02
4.770000e-06	4.183148e-06	1.334714e-09	2.255245e+01	3.236887e+02
4.780000e-06	4.133884e-06	1.329153e-09	2.228685e+01	3.219647e+02
4.790000e-06	4.084175e-06	1.324192e-09	2.201885e+01	3.202232e+02
4.800000e-06	4.033992e-06	1.318526e-09	2.174831e+01	3.184641e+02
4.810000e-06	3.983630e-06	1.312459e-09	2.147679e+01	3.166870e+02
4.820000e-06	3.933051e-06	1.305750e-09	2.120411e+01	3.148912e+02
4.830000e-06	3.882106e-06	1.298133e-09	2.092945e+01	3.130760e+02
4.840000e-06	3.830831e-06	1.290237e-09	2.065301e+01	3.112402e+02
4.850000e-06	3.779338e-06	1.283446e-09	2.037540e+01	3.093825e+02
4.860000e-06	3.727610e-06	1.276499e-09	2.009652e+01	3.075016e+02
4.870000e-06	3.675535e-06	1.268407e-09	1.981577e+01	3.055956e+02
4.880000e-06	3.623214e-06	1.261260e-09	1.953369e+01	3.036630e+02
4.890000e-06	3.570607e-06	1.254851e-09	1.925008e+01	3.017017e+02
4.900000e-06	3.517666e-06	1.247877e-09	1.896466e+01	2.997098e+02
4.910000e-06	3.464412e-06	1.240790e-09	1.867755e+01	2.976854e+02
4.920000e-06	3.410744e-06	1.232731e-09	1.838821e+01	2.956264e+02
4.930000e-06	3.356660e-06	1.223375e-09	1.809663e+01	2.935310e+02
4.940000e-06	3.302215e-06	1.214580e-09	1.780310e+01	2.913971e+02
4.950000e-06	3.247388e-06	1.205892e-09	1.750752e+01	2.892232e+02
4.960000e-06	3.192220e-06	1.195926e-09	1.721009e+01	2.870075e+02
4.970000e-06	3.136805e-06	1.186627e-09	1.691134e+01	2.847488e+02
4.980000e-06	3.081129e-06	1.178645e-09	1.661117e+01	2.824458e+02
4.990000e-06	3.025250e-06	1.170487e-09	1.630991e+01	2.800976e+02
5.000000e-06	2.969238e-06	1.161062e-09	1.600794e+01	2.777036e+02
5.010000e-06	2.913125e-06	1.149891e-09	1.570542e+01	2.752633e+02
5.020000e-06	2.856874e-06	1.138136e-09	1.540216e+01	2.727767e+02
5.030000e-06	2.800395e-06	1.127829e-09	1.509766e+01	2.702438e+02
5.040000e-06	2.743694e-06	1.118781e-09	1.479197e+01	2.676652e+02
5.050000e-06	2.686859e-06	1.109476e-09	1.448556e+01	2.650416e+02
5.060000e-06	2.629762e-06	1.099011e-09	1.417773e+01	2.623737e+02
5.070000e-06	2.572460e-06	1.087785e-09	1.386881e+01	2.596629e+02
5.080000e-06	2.515139e-06	1.077367e-09	1.355977e+01	2.569103e+02
5.090000e-06	2.457642e-06	1.066903e-09	1.324979e+01	2.541173e+02
5.100000e-06	2.399911e-06	1.054656e-09	1.293855e+01	2.512855e+02
5.110000e-06	2.341988e-06	1.041879e-09	1.262627e+01	2.484164e+02
5.120000e-06	2.283980e-06	1.029516e-09	1.231353e+01	2.455114e+02
5.130000e-06	2.225823e-06	1.017323e-09	1.199999e+01	2.425720e+02
5.140000e-06	2.167434e-06	1.005536e-09	1.168520e+01	2.395994e+02
5.150000e-06	2.108880e-06	9.937836e-10	1.136952e+01	2.365948e+02
5.160000e-06	2.050187e-06	9.810246e-10	1.105309e+01	2.335589e+02
5.170000e-06	1.991475e-06	9.676618e-10	1.073656e+01	2.304923e+02
5.180000e-06	1.932632e-06	9.548273e-10	1.041933e+01	2.273952e+02
5.190000e-06	1.873566e-06	9.420700e-10	1.010088e+01	2.242674e+02
5.200000e-06	1.814323e-06	9.279260e-10	9.781488e+00	2.211083e+02
5.210000e-06	1.754877e-06	9.129772e-10	9.461000e+00	2.179170e+02
5.220000e-06	1.695309e-06	8.991321e-10	9.139856e+00	2.146918e+02
5.230000e-06	1.635725e-06	8.858809e-10	8.818621e+00	2.114309e+02
5.240000e-06	1.576076e-06	8.719079e-10	8.497037e+00	2.081318e+02
5.250000e-06	1.516282e-06	8.568765e-10	8.174672e+00	2.047917e+02
5.260000e-06	1.456379e-06	8.419134e-10	7.851719e+00	2.014071e+02
5.270000e-06	1.396401e-06	8.281246e-10	7.528362e+00	1.979745e+02
5.280000e-06	1.336392e-06	8.141544e-10	7.204836e+00	1.944895e+02
5.290000e-06	1.276348e-06	7.987886e-10	6.881124e+00	1.909478e+02
5.300000e-06	1.216253e-06	7.816816e-10	6.557136e+00	1.873447e+02
5.310000e-06	1.156106e-06	7.645229e-10	6.232871e+00	1.836753e+02
5.320000e-06	1.095871e-06	7.487826e-10	5.908126e+00	1.799343e+02
5.330000e-06	1.035643e-06	7.339115e-10	5.583422e+00	1.761168e+02
5.340000e-06	9.753778e-07	7.190243e-10	5.258517e+00	1.722174e+02
5.350000e-06	9.150572e-07	7.024544e-10	4.933313e+00	1.682312e+02
5.360000e-06	8.548154e-07	6.842236e-10	4.608533e+00	1.641533e+02
5.370000e-06	7.944820e-07	6.668475e-10	4.283260e+00	1.599789e+02
5.380000e-06	7.340156e-07	6.501748e-10	3.957270e+00	1.557038e+02
5.390000e-06	6.734494e-07	6.317257e-10	3.630742e+00	1.513240e+02
5.400000e-06	6.127706e-07	6.116875e-10	3.303606e+00	1.468361e+02
5.410000e-06	5.521476e-07	5.917940e-10	2.976772e+00	1.422371e+02
5.420000e-06	4.916232e-07	5.726174e-10	2.650469e+00	1.375248e+02
5.430000e-06	4.311183e-07	5.534609e-10	2.324271e+00	1.326975e+02
5.440000e-06	3.706055e-07	5.333664e-10	1.998031e+00	1.277542e+02
5.450000e-06	3.099597e-07	5.118730e-10	1.671074e+00	1.226947e+02
5.460000e-06	2.492561e-07	4.904843e-10	1.343805e+00	1.175197e+02
5.470000e-06	1.886728e-07	4.698906e-10	1.017184e+00	1.122305e+02
5.480000e-06	1.280914e-07	4.488989e-10	6.905745e-01	1.068291e+02
5.490000e-06	6.751395e-08	4.264730e-10	3.639854e-01	1.013184e+02
5.500000e-06	6.928136e-09	4.022178e-10	3.735139e-02	9.570228e+01
5.510000e-06	-5.370405e-08	3.776051e-10	-2.895326e-01	8.998498e+01
5.520000e-06	-1.143154e-07	3.545594e-10	-6.163044e-01	8.417165e+01
5.530000e-06	-1.748691e-07	3.320041e-10	-9.427649e-01	7.826807e+01
5.540000e-06	-2.354218e-07	3.082659e-10	-1.269221e+00	7.228060e+01
5.550000e-06	-2.959857e-07	2.839633e-10	-1.595736e+00	6.621618e+01
5.560000e-06	-3.565268e-07	2.599827e-10	-1.922129e+00	6.008220e+01
5.570000e-06	-4.170334e-07	2.358953e-10	-2.248336e+00	5.388648e+01
5.580000e-06	-4.774993e-07	2.106413e-10	-2.574324e+00	4.763717e+01
5.590000e-06	-5.380305e-07	1.844410e-10	-2.900663e+00	4.134266e+01
5.600000e-06	-5.986697e-07	1.576878e-10	-3.227585e+00	3.501154e+01
5.610000e-06	-6.591671e-07	1.318460e-10	-3.553742e+00	2.865248e+01
5.620000e-06	-7.194406e-07	1.073772e-10	-3.878693e+00	2.227419e+01
5.630000e-06	-7.796731e-07	8.207579e-11	-4.203422e+00	1.588530e+01
5.640000e-06	-8.399249e-07	5.480929e-11	-4.528255e+00	9.494325e+00
5.650000e-06	-9.001946e-07	2.709552e-11	-4.853184e+00	3.109569e+00
5.660000e-06	-9.604426e-07	1.395456e-12	-5.177997e+00	-3.260921e+00
5.670000e-06	-1.020685e-06	-2.241246e-11	-5.502778e+00	-9.609424e+00
5.680000e-06	-1.080924e-06	-4.658769e-11	-5.827545e+00	-1.592860e+01
5.690000e-06	-1.141062e-06	-7.259019e-11	-6.151762e+00	-2.221151e+01
5.700000e-06	-1.201122e-06	-9.939711e-11	-6.475562e+00	-2.845171e+01
5.710000e-06	-1.261177e-06	-1.247732e-10	-6.799333e+00	-3.464321e+01
5.720000e-06	-1.321224e-06	-1.486238e-10	-7.123061e+00	-4.078057e+01
5.730000e-06	-1.381225e-06	-1.721630e-10	-7.446545e+00	-4.685884e+01
5.740000e-06	-1.441143e-06	-1.963788e-10	-7.769577e+00	-5.287366e+01
5.750000e-06	-1.501007e-06	-2.213380e-10	-8.092321e+00	-5.882117e+01
5.760000e-06	-1.560802e-06	-2.459057e-10	-8.414693e+00	-6.469807e+01
5.770000e-06	-1.620454e-06	-2.696935e-10	-8.736293e+00	-7.050157e+01
5.780000e-06	-1.680028e-06	-2.941319e-10	-9.057471e+00	-7.622942e+01
5.790000e-06	-1.739544e-06	-3.195808e-10	-9.378339e+00	-8.187984e+01
5.800000e-06	-1.798863e-06	-3.445450e-10	-9.698143e+00	-8.745151e+01
5.810000e-06	-1.858043e-06	-3.675720e-10	-1.001719e+01	-9.294357e+01
5.820000e-06	-1.917059e-06	-3.894603e-10	-1.033537e+01	-9.835554e+01
5.830000e-06	-1.975975e-06	-4.125761e-10	-1.065300e+01	-1.036873e+02
5.840000e-06	-2.034687e-06	-4.367690e-10	-1.096953e+01	-1.089392e+02
5.850000e-06	-2.093108e-06	-4.596111e-10	-1.128449e+01	-1.141116e+02
5.860000e-06	-2.151393e-06	-4.801110e-10	-1.159872e+01	-1.192055e+02
5.870000e-06	-2.209548e-06	-5.003857e-10	-1.191225e+01	-1.242218e+02
5.880000e-06	-2.267675e-06	-5.214580e-10	-1.222563e+01	-1.291618e+02
5.890000e-06	-2.325588e-06	-5.426079e-10	-1.253786e+01	-1.340268e+02
5.900000e-06	-2.383267e-06	-5.637296e-10	-1.284882e+01	-1.388184e+02
5.910000e-06	-2.440860e-06	-5.841019e-10	-1.315931e+01	-1.435382e+02
5.920000e-06	-2.498172e-06	-6.040617e-10	-1.346830e+01	-1.481878e+02
5.930000e-06	-2.555166e-06	-6.248596e-10	-1.377557e+01	-1.527691e+02
5.940000e-06	-2.611960e-06	-6.461939e-10	-1.408176e+01	-1.572836e+02
5.950000e-06	-2.668636e-06	-6.660109e-10	-1.438731e+01	-1.617332e+02
5.960000e-06	-2.725171e-06	-6.843799e-10	-1.469211e+01	-1.661196e+02
5.970000e-06	-2.781496e-06	-7.033449e-10	-1.499577e+01	-1.704445e+02
5.980000e-06	-2.837678e-06	-7.220583e-10	-1.529867e+01	-1.747095e+02
5.990000e-06	-2.893819e-06	-7.390273e-10	-1.560133e+01	-1.789162e+02
6.000000e-06	-2.949934e-06	-7.548959e-10	-1.590387e+01	-1.830661e+02
6.010000e-06	-3.005946e-06	-7.705522e-10	-1.620584e+01	-1.871607e+02
6.020000e-06	-3.061790e-06	-7.858792e-10	-1.650691e+01	-1.912011e+02
6.030000e-06	-3.117456e-06	-8.031046e-10	-1.680702e+01	-1.951888e+02
6.040000e-06	-3.172897e-06	-8.223170e-10	-1.710591e+01	-1.991248e+02
6.050000e-06	-3.228101e-06	-8.407616e-10	-1.740354e+01	-2.030103e+02
6.060000e-06	-3.282913e-06	-8.578264e-10	-1.769904e+01	-2.068461e+02
6.070000e-06	-3.337170e-06	-8.735619e-10	-1.799155e+01	-2.106332e+02
6.080000e-06	-3.390963e-06	-8.885230e-10	-1.828157e+01	-2.143722e+02
6.090000e-06	-3.444139e-06	-9.034202e-10	-1.856825e+01	-2.180640e+02
6.100000e-06	-3.496716e-06	-9.185865e-10	-1.885171e+01	-2.217089e+02
6.110000e-06	-3.549112e-06	-9.336116e-10	-1.913419e+01	-2.253075e+02
6.120000e-06	-3.601416e-06	-9.490240e-10	-1.941617e+01	-2.288603e+02
6.130000e-06	-3.653480e-06	-9.649178e-10	-1.969686e+01	-2.323673e+02
6.140000e-06	-3.705380e-06	-9.800488e-10	-1.997667e+01	-2.358289e+02
6.150000e-06	-3.756978e-06	-9.941641e-10	-2.025485e+01	-2.392452e+02
6.160000e-06	-3.808252e-06	-1.007456e-09	-2.053128e+01	-2.426162e+02
6.170000e-06	-3.859294e-06	-1.020539e-09	-2.080646e+01	-2.459419e+02
6.180000e-06	-3.909999e-06	-1.033740e-09	-2.107983e+01	-2.492221e+02
6.190000e-06	-3.960442e-06	-1.046852e-09	-2.135178e+01	-2.524568e+02
6.200000e-06	-4.010642e-06	-1.059958e-09	-2.162242e+01	-2.556456e+02
6.210000e-06	-4.060573e-06	-1.073165e-09	-2.189161e+01	-2.587885e+02
6.220000e-06	-4.109994e-06	-1.086128e-09	-2.215805e+01	-2.618849e+02
6.230000e-06	-4.159060e-06	-1.098475e-09	-2.242258e+01	-2.649347e+02
6.240000e-06	-4.207760e-06	-1.110876e-09	-2.268513e+01	-2.679376e+02
6.250000e-06	-4.255743e-06	-1.123567e-09	-2.294382e+01	-2.708931e+02
6.260000e-06	-4.303268e-06	-1.136154e-09	-2.320004e+01	-2.738009e+02
6.270000e-06	-4.350550e-06	-1.148250e-09	-2.345495e+01	-2.766608e+02
6.280000e-06	-4.397559e-06	-1.159918e-09	-2.370839e+01	-2.794725e+02
6.290000e-06	-4.444345e-06	-1.171486e-09	-2.396062e+01	-2.822357e+02
6.300000e-06	-4.490956e-06	-1.182873e-09	-2.421192e+01	-2.849503e+02
6.310000e-06	-4.537356e-06	-1.194124e-09	-2.446207e+01	-2.876161e+02
6.320000e-06	-4.583526e-06	-1.205037e-09	-2.471099e+01	-2.902330e+02
6.330000e-06	-4.629365e-06	-1.216196e-09	-2.495812e+01	-2.928011e+02
6.340000e-06	-4.674829e-06	-1.227540e-09	-2.520323e+01	-2.953205e+02
6.350000e-06	-4.719880e-06	-1.237668e-09	-2.544611e+01	-2.977914e+02
6.360000e-06	-4.764524e-06	-1.246309e-09	-2.568679e+01	-3.002140e+02
6.370000e-06	-4.808878e-06	-1.254565e-09	-2.592592e+01	-3.025888e+02
6.380000e-06	-4.853018e-06	-1.263648e-09	-2.616389e+01	-3.049162e+02
6.390000e-06	-4.897063e-06	-1.273543e-09	-2.640135e+01	-3.071967e+02
6.400000e-06	-4.940957e-06	-1.282444e-09	-2.663799e+01	-3.094312e+02
6.410000e-06	-4.984590e-06	-1.290788e-09	-2.687323e+01	-3.116202e+02
6.420000e-06	-5.027797e-06	-1.299731e-09	-2.710617e+01	-3.137648e+02
6.430000e-06	-5.070506e-06	-1.308435e-09	-2.733643e+01	-3.158657e+02
6.440000e-06	-5.112851e-06	-1.316635e-09	-2.756471e+01	-3.179239e+02
6.450000e-06	-5.154843e-06	-1.324392e-09	-2.779111e+01	-3.199406e+02
6.460000e-06	-5.196489e-06	-1.332600e-09	-2.801563e+01	-3.219167e+02
6.470000e-06	-5.237705e-06	-1.341644e-09	-2.823784e+01	-3.238534e+02
6.480000e-06	-5.278477e-06	-1.350514e-09	-2.845765e+01	-3.257519e+02
6.490000e-06	-5.318964e-06	-1.358397e-09	-2.867593e+01	-3.276131e+02
6.500000e-06	-5.359271e-06	-1.366084e-09	-2.889323e+01	-3.294384e+02
6.510000e-06	-5.399356e-06	-1.373104e-09	-2.910934e+01	-3.312287e+02
6.520000e-06	-5.439117e-06	-1.378586e-09	-2.932370e+01	-3.329853e+02
6.530000e-06	-5.478489e-06	-1.383620e-09	-2.953597e+01	-3.347090e+02
6.540000e-06	-5.517360e-06	-1.389495e-09	-2.974553e+01	-3.364010e+02
6.550000e-06	-5.555757e-06	-1.397504e-09	-2.995254e+01	-3.380620e+02
6.560000e-06	-5.593468e-06	-1.405784e-09	-3.015585e+01	-3.396931e+02
6.570000e-06	-5.630424e-06	-1.412562e-09	-3.035509e+01	-3.412950e+02
6.580000e-06	-5.666961e-06	-1.418851e-09	-3.055207e+01	-3.428684e+02
6.590000e-06	-5.703171e-06	-1.424544e-09	-3.074729e+01	-3.444140e+02
6.600000e-06	-5.739149e-06	-1.429522e-09	-3.094125e+01	-3.459323e+02
6.610000e-06	-5.774899e-06	-1.434361e-09	-3.113399e+01	-3.474238e+02
6.620000e-06	-5.810201e-06	-1.438913e-09	-3.132431e+01	-3.488891e+02
6.630000e-06	-5.845062e-06	-1.443456e-09	-3.151226e+01	-3.503284e+02
6.640000e-06	-5.879518e-06	-1.448031e-09	-3.169802e+01	-3.517421e+02
6.650000e-06	-5.913547e-06	-1.453254e-09	-3.188148e+01	-3.531305e+02
6.660000e-06	-5.947155e-06	-1.459054e-09	-3.206267e+01	-3.544938e+02
6.670000e-06	-5.980361e-06	-1.464037e-09	-3.224169e+01	-3.558322e+02
6.680000e-06	-6.013171e-06	-1.468573e-09	-3.241858e+01	-3.571460e+02
6.690000e-06	-6.045629e-06	-1.472957e-09	-3.259357e+01	-3.584355e+02
6.700000e-06	-6.077818e-06	-1.477835e-09	-3.276711e+01	-3.597007e+02
6.710000e-06	-6.109619e-06	-1.482626e-09	-3.293855e+01	-3.609419e+02
6.720000e-06	-6.141018e-06	-1.486516e-09	-3.310783e+01	-3.621596e+02
6.730000e-06	-6.171896e-06	-1.490595e-09	-3.327431e+01	-3.633538e+02
6.740000e-06	-6.202038e-06	-1.494816e-09	-3.343681e+01	-3.645250e+02
6.750000e-06	-6.231541e-06	-1.498933e-09	-3.359586e+01	-3.656737e+02
6.760000e-06	-6.260521e-06	-1.502357e-09	-3.375211e+01	-3.668002e+02
6.770000e-06	-6.288964e-06	-1.504190e-09	-3.390545e+01	-3.679051e+02
6.780000e-06	-6.317063e-06	-1.506230e-09	-3.405694e+01	-3.689890e+02
6.790000e-06	-6.344865e-06	-1.508902e-09	-3.420683e+01	-3.700524e+02
6.800000e-06	-6.372272e-06	-1.511678e-09	-3.435458e+01	-3.710961e+02
6.810000e-06	-6.399224e-06	-1.515315e-09	-3.449989e+01	-3.721207e+02
6.820000e-06	-6.425745e-06	-1.518400e-09	-3.464287e+01	-3.731269e+02
6.830000e-06	-6.451810e-06	-1.520829e-09	-3.478340e+01	-3.741157e+02
6.840000e-06	-6.477305e-06	-1.523585e-09	-3.492085e+01	-3.750876e+02
6.850000e-06	-6.502299e-06	-1.525823e-09	-3.505559e+01	-3.760436e+02
6.860000e-06	-6.526890e-06	-1.527701e-09	-3.518817e+01	-3.769843e+02
6.870000e-06	-6.551147e-06	-1.530319e-09	-3.531894e+01	-3.779105e+02
6.880000e-06	-6.575101e-06	-1.534706e-09	-3.544809e+01	-3.788229e+02
6.890000e-06	-6.598791e-06	-1.539706e-09	-3.557581e+01	-3.797220e+02
6.900000e-06	-6.622061e-06	-1.543044e-09	-3.570126e+01	-3.806086e+02
6.910000e-06	-6.644484e-06	-1.544778e-09	-3.582215e+01	-3.814830e+02
6.920000e-06	-6.665960e-06	-1.546092e-09	-3.593793e+01	-3.823458e+02
6.930000e-06	-6.686754e-06	-1.548213e-09	-3.605004e+01	-3.831971e+02
6.940000e-06	-6.707139e-06	-1.550236e-09	-3.615994e+01	-3.840371e+02
6.950000e-06	-6.727305e-06	-1.551793e-09	-3.626866e+01	-3.848661e+02
6.960000e-06	-6.747198e-06	-1.554194e-09	-3.637591e+01	-3.856839e+02
6.970000e-06	-6.766619e-06	-1.557254e-09	-3.648061e+01	-3.864904e+02
6.980000e-06	-6.785425e-06	-1.559413e-09	-3.658200e+01	-3.872853e+02
6.990000e-06	-6.803771e-06	-1.560917e-09	-3.668091e+01	-3.880683e+02
7.000000e-06	-6.821780e-06	-1.563162e-09	-3.677800e+01	-3.888389e+02
7.010000e-06	-6.839272e-06	-1.565300e-09	-3.687230e+01	-3.895966e+02
7.020000e-06	-6.856189e-06	-1.567474e-09	-3.696351e+01	-3.903406e+02
7.030000e-06	-6.872766e-06	-1.570251e-09	-3.705288e+01	-3.910703e+02
7.040000e-06	-6.889034e-06	-1.572681e-09	-3.714059e+01	-3.917849e+02
7.050000e-06	-6.905005e-06	-1.573990e-09	-3.722669e+01	-3.924835e+02
7.060000e-06	-6.920518e-06	-1.575950e-09	-3.731032e+01	-3.931653e+02
7.070000e-06	-6.935274e-06	-1.578910e-09	-3.738987e+01	-3.938294e+02
7.080000e-06	-6.949044e-06	-1.580836e-09	-3.746411e+01	-3.944749e+02
7.090000e-06	-6.962095e-06	-1.583377e-09	-3.753448e+01	-3.951009e+02
7.100000e-06	-6.974689e-06	-1.586128e-09	-3.760237e+01	-3.957067e+02
7.110000e-06	-6.986812e-06	-1.587500e-09	-3.766773e+01	-3.962913e+02
7.120000e-06	-6.998447e-06	-1.589126e-09	-3.773046e+01	-3.968541e+02
7.130000e-06	-7.009483e-06	-1.591456e-09	-3.778996e+01	-3.973943e+02
7.140000e-06	-7.020002e-06	-1.592216e-09	-3.784667e+01	-3.979115e+02
7.150000e-06	-7.030088e-06	-1.591220e-09	-3.790104e+01	-3.984050e+02
7.160000e-06	-7.039617e-06	-1.591818e-09	-3.795242e+01	-3.988744e+02
7.170000e-06	-7.048484e-06	-1.594871e-09	-3.800022e+01	-3.993195e+02
7.180000e-06	-7.057024e-06	-1.598497e-09	-3.804626e+01	-3.997400e+02
7.190000e-06	-7.065336e-06	-1.600334e-09	-3.809108e+01	-4.001357e+02
7.200000e-06	-7.073404e-06	-1.600472e-09	-3.813457e+01	-4.005066e+02
7.210000e-06	-7.081009e-06	-1.600385e-09	-3.817557e+01	-4.008528e+02
7.220000e-06	-7.087911e-06	-1.599017e-09	-3.821278e+01	-4.011744e+02
7.230000e-06	-7.094101e-06	-1.595936e-09	-3.824615e+01	-4.014715e+02
7.240000e-06	-7.099527e-06	-1.593774e-09	-3.827540e+01	-4.017444e+02
7.250000e-06	-7.104324e-06	-1.593827e-09	-3.830127e+01	-4.019936e+02
7.260000e-06	-7.108688e-06	-1.594851e-09	-3.832479e+01	-4.022192e+02
7.270000e-06	-7.112544e-06	-1.596265e-09	-3.834558e+01	-4.024218e+02
7.280000e-06	-7.115901e-06	-1.596688e-09	-3.836368e+01	-4.026018e+02
7.290000e-06	-7.118883e-06	-1.595226e-09	-3.837976e+01	-4.027596e+02
7.300000e-06	-7.121387e-06	-1.593531e-09	-3.839326e+01	-4.028956e+02
7.310000e-06	-7.123487e-06	-1.592399e-09	-3.840458e+01	-4.030104e+02
7.320000e-06	-7.125144e-06	-1.592317e-09	-3.841352e+01	-4.031043e+02
7.330000e-06	-7.126149e-06	-1.593391e-09	-3.841893e+01	-4.031778e+02
7.340000e-06	-7.126687e-06	-1.593977e-09	-3.842183e+01	-4.032313e+02
