# Temperatura_=_13.7
# Concentracion g/m^3_=_7400.0
# C_Vs_to_Am_M_A/Vsm_=_254322799225.57578
# pendiente_HvsI_1/m_=_3716.3
# ordenada_HvsI_A/m_=_1297.0
# frecuencia_Hz_=_136109.76459665838

Tiempo_(s)	Campo_(V.s)	Magnetizacion_(V.s)	Campo_(kA/m)	Magnetizacion_(A/m)
0.000000e+00	-7.129570e-06	-1.527656e-09	-3.843437e+01	-3.846722e+02
1.000000e-08	-7.129684e-06	-1.527729e-09	-3.843498e+01	-3.846624e+02
2.000000e-08	-7.129426e-06	-1.528101e-09	-3.843359e+01	-3.846392e+02
3.000000e-08	-7.128630e-06	-1.527009e-09	-3.842930e+01	-3.846026e+02
4.000000e-08	-7.127041e-06	-1.525592e-09	-3.842074e+01	-3.845531e+02
5.000000e-08	-7.124728e-06	-1.525010e-09	-3.840827e+01	-3.844907e+02
6.000000e-08	-7.121758e-06	-1.524747e-09	-3.839226e+01	-3.844156e+02
7.000000e-08	-7.118203e-06	-1.525882e-09	-3.837309e+01	-3.843281e+02
8.000000e-08	-7.114318e-06	-1.529997e-09	-3.835215e+01	-3.842283e+02
9.000000e-08	-7.109797e-06	-1.525916e-09	-3.832778e+01	-3.841164e+02
1.000000e-07	-7.104457e-06	-1.491593e-09	-3.829899e+01	-3.839927e+02
1.100000e-07	-7.098526e-06	-1.468955e-09	-3.826702e+01	-3.838573e+02
1.200000e-07	-7.092310e-06	-1.539226e-09	-3.823351e+01	-3.837105e+02
1.300000e-07	-7.086068e-06	-1.595969e-09	-3.819986e+01	-3.835526e+02
1.400000e-07	-7.079350e-06	-1.509010e-09	-3.816365e+01	-3.833838e+02
1.500000e-07	-7.071872e-06	-1.428433e-09	-3.812333e+01	-3.832045e+02
1.600000e-07	-7.064076e-06	-1.526763e-09	-3.808131e+01	-3.830149e+02
1.700000e-07	-7.056027e-06	-1.611957e-09	-3.803792e+01	-3.828155e+02
1.800000e-07	-7.047195e-06	-1.472461e-09	-3.799030e+01	-3.826066e+02
1.900000e-07	-7.037578e-06	-1.378444e-09	-3.793846e+01	-3.823886e+02
2.000000e-07	-7.027180e-06	-1.544645e-09	-3.788240e+01	-3.821618e+02
2.100000e-07	-7.016267e-06	-1.644035e-09	-3.782358e+01	-3.819266e+02
2.200000e-07	-7.005045e-06	-1.466851e-09	-3.776308e+01	-3.816833e+02
2.300000e-07	-6.993229e-06	-1.381554e-09	-3.769938e+01	-3.814324e+02
2.400000e-07	-6.980776e-06	-1.538492e-09	-3.763225e+01	-3.811740e+02
2.500000e-07	-6.967782e-06	-1.575184e-09	-3.756220e+01	-3.809085e+02
2.600000e-07	-6.954380e-06	-1.430739e-09	-3.748995e+01	-3.806360e+02
2.700000e-07	-6.940377e-06	-1.444819e-09	-3.741446e+01	-3.803568e+02
2.800000e-07	-6.925587e-06	-1.563046e-09	-3.733473e+01	-3.800709e+02
2.900000e-07	-6.910035e-06	-1.498731e-09	-3.725090e+01	-3.797783e+02
3.000000e-07	-6.893874e-06	-1.419622e-09	-3.716377e+01	-3.794791e+02
3.100000e-07	-6.877145e-06	-1.506864e-09	-3.707359e+01	-3.791731e+02
3.200000e-07	-6.860052e-06	-1.518739e-09	-3.698145e+01	-3.788601e+02
3.300000e-07	-6.842612e-06	-1.408937e-09	-3.688743e+01	-3.785399e+02
3.400000e-07	-6.824706e-06	-1.464501e-09	-3.679090e+01	-3.782121e+02
3.500000e-07	-6.806307e-06	-1.566555e-09	-3.669171e+01	-3.778762e+02
3.600000e-07	-6.787323e-06	-1.454702e-09	-3.658937e+01	-3.775318e+02
3.700000e-07	-6.767902e-06	-1.375218e-09	-3.648468e+01	-3.771783e+02
3.800000e-07	-6.748179e-06	-1.500958e-09	-3.637835e+01	-3.768152e+02
3.900000e-07	-6.728093e-06	-1.520507e-09	-3.627007e+01	-3.764417e+02
4.000000e-07	-6.707530e-06	-1.399711e-09	-3.615922e+01	-3.760571e+02
4.100000e-07	-6.686532e-06	-1.434621e-09	-3.604602e+01	-3.756607e+02
4.200000e-07	-6.665083e-06	-1.519953e-09	-3.593040e+01	-3.752518e+02
4.300000e-07	-6.643096e-06	-1.446657e-09	-3.581187e+01	-3.748295e+02
4.400000e-07	-6.620585e-06	-1.409037e-09	-3.569052e+01	-3.743932e+02
4.500000e-07	-6.597672e-06	-1.476983e-09	-3.556699e+01	-3.739421e+02
4.600000e-07	-6.574319e-06	-1.451467e-09	-3.544110e+01	-3.734756e+02
4.700000e-07	-6.550570e-06	-1.403096e-09	-3.531307e+01	-3.729930e+02
4.800000e-07	-6.526580e-06	-1.461991e-09	-3.518375e+01	-3.724936e+02
4.900000e-07	-6.502069e-06	-1.471367e-09	-3.505161e+01	-3.719771e+02
5.000000e-07	-6.476924e-06	-1.401590e-09	-3.491606e+01	-3.714429e+02
5.100000e-07	-6.451183e-06	-1.416006e-09	-3.477730e+01	-3.708906e+02
5.200000e-07	-6.424661e-06	-1.455165e-09	-3.463432e+01	-3.703200e+02
5.300000e-07	-6.397506e-06	-1.418231e-09	-3.448793e+01	-3.697309e+02
5.400000e-07	-6.369968e-06	-1.404013e-09	-3.433948e+01	-3.691231e+02
5.500000e-07	-6.342158e-06	-1.432672e-09	-3.418956e+01	-3.684968e+02
5.600000e-07	-6.314019e-06	-1.420446e-09	-3.403787e+01	-3.678518e+02
5.700000e-07	-6.285466e-06	-1.402620e-09	-3.388394e+01	-3.671885e+02
5.800000e-07	-6.256461e-06	-1.413384e-09	-3.372758e+01	-3.665069e+02
5.900000e-07	-6.227057e-06	-1.405882e-09	-3.356907e+01	-3.658075e+02
6.000000e-07	-6.197228e-06	-1.391247e-09	-3.340827e+01	-3.650905e+02
6.100000e-07	-6.166959e-06	-1.398132e-09	-3.324509e+01	-3.643563e+02
6.200000e-07	-6.136097e-06	-1.398189e-09	-3.307872e+01	-3.636054e+02
6.300000e-07	-6.104752e-06	-1.389529e-09	-3.290974e+01	-3.628382e+02
6.400000e-07	-6.073234e-06	-1.386862e-09	-3.273983e+01	-3.620552e+02
6.500000e-07	-6.041485e-06	-1.380222e-09	-3.256868e+01	-3.612569e+02
6.600000e-07	-6.009364e-06	-1.376264e-09	-3.239552e+01	-3.604436e+02
6.700000e-07	-5.976927e-06	-1.379117e-09	-3.222066e+01	-3.596157e+02
6.800000e-07	-5.943831e-06	-1.372214e-09	-3.204224e+01	-3.587736e+02
6.900000e-07	-5.909841e-06	-1.364763e-09	-3.185901e+01	-3.579177e+02
7.000000e-07	-5.875257e-06	-1.364843e-09	-3.167257e+01	-3.570481e+02
7.100000e-07	-5.840173e-06	-1.357009e-09	-3.148344e+01	-3.561650e+02
7.200000e-07	-5.804686e-06	-1.349153e-09	-3.129214e+01	-3.552684e+02
7.300000e-07	-5.768914e-06	-1.351986e-09	-3.109929e+01	-3.543585e+02
7.400000e-07	-5.732989e-06	-1.348290e-09	-3.090563e+01	-3.534351e+02
7.500000e-07	-5.696842e-06	-1.339865e-09	-3.071076e+01	-3.524980e+02
7.600000e-07	-5.660281e-06	-1.340405e-09	-3.051367e+01	-3.515470e+02
7.700000e-07	-5.623127e-06	-1.337777e-09	-3.031338e+01	-3.505817e+02
7.800000e-07	-5.585427e-06	-1.326928e-09	-3.011014e+01	-3.496019e+02
7.900000e-07	-5.547292e-06	-1.320021e-09	-2.990456e+01	-3.486069e+02
8.000000e-07	-5.508713e-06	-1.315588e-09	-2.969659e+01	-3.475964e+02
8.100000e-07	-5.469703e-06	-1.309511e-09	-2.948629e+01	-3.465697e+02
8.200000e-07	-5.430349e-06	-1.305986e-09	-2.927414e+01	-3.455263e+02
8.300000e-07	-5.390808e-06	-1.301906e-09	-2.906098e+01	-3.444656e+02
8.400000e-07	-5.351071e-06	-1.295005e-09	-2.884677e+01	-3.433869e+02
8.500000e-07	-5.311020e-06	-1.289483e-09	-2.863086e+01	-3.422897e+02
8.600000e-07	-5.270497e-06	-1.286112e-09	-2.841241e+01	-3.411734e+02
8.700000e-07	-5.229457e-06	-1.281428e-09	-2.819116e+01	-3.400375e+02
8.800000e-07	-5.187982e-06	-1.275347e-09	-2.796758e+01	-3.388815e+02
8.900000e-07	-5.145896e-06	-1.267542e-09	-2.774070e+01	-3.377049e+02
9.000000e-07	-5.103139e-06	-1.260003e-09	-2.751020e+01	-3.365073e+02
9.100000e-07	-5.059916e-06	-1.255052e-09	-2.727720e+01	-3.352885e+02
9.200000e-07	-5.016383e-06	-1.249942e-09	-2.704252e+01	-3.340483e+02
9.300000e-07	-4.972624e-06	-1.242630e-09	-2.680662e+01	-3.327864e+02
9.400000e-07	-4.928687e-06	-1.235529e-09	-2.656976e+01	-3.315028e+02
9.500000e-07	-4.884571e-06	-1.229910e-09	-2.633194e+01	-3.301975e+02
9.600000e-07	-4.840074e-06	-1.224852e-09	-2.609206e+01	-3.288705e+02
9.700000e-07	-4.795138e-06	-1.218802e-09	-2.584982e+01	-3.275221e+02
9.800000e-07	-4.749860e-06	-1.211884e-09	-2.560574e+01	-3.261522e+02
9.900000e-07	-4.704140e-06	-1.206532e-09	-2.535927e+01	-3.247612e+02
1.000000e-06	-4.658181e-06	-1.202543e-09	-2.511151e+01	-3.233493e+02
1.010000e-06	-4.611994e-06	-1.197785e-09	-2.486252e+01	-3.219167e+02
1.020000e-06	-4.565387e-06	-1.192517e-09	-2.461127e+01	-3.204637e+02
1.030000e-06	-4.518490e-06	-1.186810e-09	-2.435846e+01	-3.189906e+02
1.040000e-06	-4.471256e-06	-1.180447e-09	-2.410383e+01	-3.174974e+02
1.050000e-06	-4.423737e-06	-1.175280e-09	-2.384766e+01	-3.159844e+02
1.060000e-06	-4.375965e-06	-1.171106e-09	-2.359013e+01	-3.144517e+02
1.070000e-06	-4.327948e-06	-1.165910e-09	-2.333128e+01	-3.128992e+02
1.080000e-06	-4.279644e-06	-1.159185e-09	-2.307087e+01	-3.113268e+02
1.090000e-06	-4.230897e-06	-1.152425e-09	-2.280809e+01	-3.097343e+02
1.100000e-06	-4.181789e-06	-1.145988e-09	-2.254335e+01	-3.081215e+02
1.110000e-06	-4.132277e-06	-1.139730e-09	-2.227644e+01	-3.064879e+02
1.120000e-06	-4.082282e-06	-1.132980e-09	-2.200693e+01	-3.048330e+02
1.130000e-06	-4.031836e-06	-1.126008e-09	-2.173498e+01	-3.031561e+02
1.140000e-06	-3.980872e-06	-1.119656e-09	-2.146024e+01	-3.014564e+02
1.150000e-06	-3.929563e-06	-1.114189e-09	-2.118364e+01	-2.997330e+02
1.160000e-06	-3.878024e-06	-1.108465e-09	-2.090581e+01	-2.979850e+02
1.170000e-06	-3.826110e-06	-1.100920e-09	-2.062595e+01	-2.962112e+02
1.180000e-06	-3.773937e-06	-1.092809e-09	-2.034469e+01	-2.944104e+02
1.190000e-06	-3.721538e-06	-1.085948e-09	-2.006222e+01	-2.925816e+02
1.200000e-06	-3.668830e-06	-1.079240e-09	-1.977808e+01	-2.907233e+02
1.210000e-06	-3.615839e-06	-1.071743e-09	-1.949241e+01	-2.888343e+02
1.220000e-06	-3.562609e-06	-1.064060e-09	-1.920546e+01	-2.869134e+02
1.230000e-06	-3.509111e-06	-1.056458e-09	-1.891706e+01	-2.849593e+02
1.240000e-06	-3.455394e-06	-1.048742e-09	-1.862748e+01	-2.829708e+02
1.250000e-06	-3.401474e-06	-1.042247e-09	-1.833680e+01	-2.809468e+02
1.260000e-06	-3.347303e-06	-1.035527e-09	-1.804477e+01	-2.788862e+02
1.270000e-06	-3.292918e-06	-1.025909e-09	-1.775160e+01	-2.767882e+02
1.280000e-06	-3.238406e-06	-1.017082e-09	-1.745773e+01	-2.746520e+02
1.290000e-06	-3.183750e-06	-1.010417e-09	-1.716309e+01	-2.724770e+02
1.300000e-06	-3.128820e-06	-1.002833e-09	-1.686697e+01	-2.702628e+02
1.310000e-06	-3.073508e-06	-9.938724e-10	-1.656879e+01	-2.680090e+02
1.320000e-06	-3.017956e-06	-9.850860e-10	-1.626932e+01	-2.657156e+02
1.330000e-06	-2.962362e-06	-9.759952e-10	-1.596962e+01	-2.633827e+02
1.340000e-06	-2.906623e-06	-9.663475e-10	-1.566914e+01	-2.610105e+02
1.350000e-06	-2.850743e-06	-9.579050e-10	-1.536790e+01	-2.585996e+02
1.360000e-06	-2.794813e-06	-9.497424e-10	-1.506639e+01	-2.561505e+02
1.370000e-06	-2.738708e-06	-9.402138e-10	-1.476393e+01	-2.536640e+02
1.380000e-06	-2.682349e-06	-9.312381e-10	-1.446012e+01	-2.511410e+02
1.390000e-06	-2.625885e-06	-9.230457e-10	-1.415573e+01	-2.485825e+02
1.400000e-06	-2.569351e-06	-9.134637e-10	-1.385096e+01	-2.459895e+02
1.410000e-06	-2.512513e-06	-9.019989e-10	-1.354456e+01	-2.433631e+02
1.420000e-06	-2.455196e-06	-8.910419e-10	-1.323557e+01	-2.407044e+02
1.430000e-06	-2.397665e-06	-8.815176e-10	-1.292543e+01	-2.380146e+02
1.440000e-06	-2.339867e-06	-8.718463e-10	-1.261385e+01	-2.352945e+02
1.450000e-06	-2.281560e-06	-8.618732e-10	-1.229952e+01	-2.325451e+02
1.460000e-06	-2.222994e-06	-8.512269e-10	-1.198380e+01	-2.297671e+02
1.470000e-06	-2.164214e-06	-8.395035e-10	-1.166693e+01	-2.269610e+02
1.480000e-06	-2.105127e-06	-8.275963e-10	-1.134840e+01	-2.241272e+02
1.490000e-06	-2.045869e-06	-8.158853e-10	-1.102895e+01	-2.212656e+02
1.500000e-06	-1.986460e-06	-8.041076e-10	-1.070869e+01	-2.183762e+02
1.510000e-06	-1.926915e-06	-7.921776e-10	-1.038769e+01	-2.154582e+02
1.520000e-06	-1.867341e-06	-7.806930e-10	-1.006654e+01	-2.125108e+02
1.530000e-06	-1.807753e-06	-7.706755e-10	-9.745307e+00	-2.095327e+02
1.540000e-06	-1.748134e-06	-7.605721e-10	-9.423913e+00	-2.065223e+02
1.550000e-06	-1.688511e-06	-7.485472e-10	-9.102491e+00	-2.034775e+02
1.560000e-06	-1.628870e-06	-7.354905e-10	-8.780976e+00	-2.003960e+02
1.570000e-06	-1.569098e-06	-7.232881e-10	-8.458755e+00	-1.972749e+02
1.580000e-06	-1.509154e-06	-7.114495e-10	-8.135606e+00	-1.941111e+02
1.590000e-06	-1.449134e-06	-6.985339e-10	-7.812048e+00	-1.909012e+02
1.600000e-06	-1.389086e-06	-6.858685e-10	-7.488340e+00	-1.876414e+02
1.610000e-06	-1.328941e-06	-6.742591e-10	-7.164109e+00	-1.843276e+02
1.620000e-06	-1.268580e-06	-6.619740e-10	-6.838712e+00	-1.809555e+02
1.630000e-06	-1.208079e-06	-6.490069e-10	-6.512559e+00	-1.775208e+02
1.640000e-06	-1.147606e-06	-6.361479e-10	-6.186560e+00	-1.740188e+02
1.650000e-06	-1.087129e-06	-6.223085e-10	-5.860540e+00	-1.704448e+02
1.660000e-06	-1.026682e-06	-6.089781e-10	-5.534678e+00	-1.667942e+02
1.670000e-06	-9.661029e-07	-5.971115e-10	-5.208106e+00	-1.630623e+02
1.680000e-06	-9.054115e-07	-5.839631e-10	-4.880928e+00	-1.592446e+02
1.690000e-06	-8.447117e-07	-5.684385e-10	-4.553706e+00	-1.553368e+02
1.700000e-06	-7.839254e-07	-5.533337e-10	-4.226017e+00	-1.513348e+02
1.710000e-06	-7.231272e-07	-5.391422e-10	-3.898263e+00	-1.472348e+02
1.720000e-06	-6.623714e-07	-5.237266e-10	-3.570738e+00	-1.430334e+02
1.730000e-06	-6.015136e-07	-5.087181e-10	-3.242663e+00	-1.387276e+02
1.740000e-06	-5.404957e-07	-4.948370e-10	-2.913726e+00	-1.343149e+02
1.750000e-06	-4.794495e-07	-4.804979e-10	-2.584636e+00	-1.297934e+02
1.760000e-06	-4.184912e-07	-4.650458e-10	-2.256019e+00	-1.251617e+02
1.770000e-06	-3.575961e-07	-4.476255e-10	-1.927743e+00	-1.204190e+02
1.780000e-06	-2.966118e-07	-4.282352e-10	-1.598987e+00	-1.155653e+02
1.790000e-06	-2.355680e-07	-4.087767e-10	-1.269910e+00	-1.106011e+02
1.800000e-06	-1.744775e-07	-3.900116e-10	-9.405805e-01	-1.055277e+02
1.810000e-06	-1.133462e-07	-3.712932e-10	-6.110314e-01	-1.003470e+02
1.820000e-06	-5.219253e-08	-3.528127e-10	-2.813616e-01	-9.506173e+01
1.830000e-06	8.950419e-09	-3.335383e-10	4.825028e-02	-8.967523e+01
1.840000e-06	7.003169e-08	-3.125418e-10	3.775296e-01	-8.419152e+01
1.850000e-06	1.310741e-07	-2.907732e-10	7.065997e-01	-7.861525e+01
1.860000e-06	1.921541e-07	-2.696953e-10	1.035872e+00	-7.295170e+01
1.870000e-06	2.533195e-07	-2.487245e-10	1.365605e+00	-6.720672e+01
1.880000e-06	3.144761e-07	-2.260693e-10	1.695290e+00	-6.138668e+01
1.890000e-06	3.755627e-07	-2.030696e-10	2.024598e+00	-5.549841e+01
1.900000e-06	4.366929e-07	-1.813138e-10	2.354142e+00	-4.954916e+01
1.910000e-06	4.977697e-07	-1.590108e-10	2.683397e+00	-4.354654e+01
1.920000e-06	5.587275e-07	-1.362607e-10	3.012011e+00	-3.749843e+01
1.930000e-06	6.196711e-07	-1.143704e-10	3.340548e+00	-3.141291e+01
1.940000e-06	6.805971e-07	-9.245306e-11	3.668990e+00	-2.529823e+01
1.950000e-06	7.414240e-07	-6.978543e-11	3.996898e+00	-1.916270e+01
1.960000e-06	8.021760e-07	-4.640367e-11	4.324403e+00	-1.301463e+01
1.970000e-06	8.628825e-07	-2.361670e-11	4.651662e+00	-6.862247e+00
1.980000e-06	9.234499e-07	-1.245359e-12	4.978171e+00	-7.136737e-01
1.990000e-06	9.839709e-07	2.192892e-11	5.304430e+00	5.423189e+00
2.000000e-06	1.044551e-06	4.525696e-11	5.631008e+00	1.154070e+01
2.010000e-06	1.105089e-06	6.783053e-11	5.957357e+00	1.763152e+01
2.020000e-06	1.165475e-06	8.945826e-11	6.282887e+00	2.368869e+01
2.030000e-06	1.225795e-06	1.112492e-10	6.608066e+00	2.970566e+01
2.040000e-06	1.286104e-06	1.332866e-10	6.933182e+00	3.567634e+01
2.050000e-06	1.346398e-06	1.550566e-10	7.258214e+00	4.159510e+01
2.060000e-06	1.406550e-06	1.766708e-10	7.582488e+00	4.745685e+01
2.070000e-06	1.466513e-06	1.971269e-10	7.905739e+00	5.325701e+01
2.080000e-06	1.526374e-06	2.171451e-10	8.228436e+00	5.899154e+01
2.090000e-06	1.586198e-06	2.379064e-10	8.550938e+00	6.465695e+01
2.100000e-06	1.645966e-06	2.586366e-10	8.873140e+00	7.025031e+01
2.110000e-06	1.705603e-06	2.788629e-10	9.194634e+00	7.576920e+01
2.120000e-06	1.765129e-06	2.983754e-10	9.515527e+00	8.121176e+01
2.130000e-06	1.824692e-06	3.181935e-10	9.836621e+00	8.657659e+01
2.140000e-06	1.884251e-06	3.380874e-10	1.015769e+01	9.186282e+01
2.150000e-06	1.943628e-06	3.563040e-10	1.047779e+01	9.707000e+01
2.160000e-06	2.002950e-06	3.743622e-10	1.079759e+01	1.021981e+02
2.170000e-06	2.062127e-06	3.928984e-10	1.111660e+01	1.072475e+02
2.180000e-06	2.121061e-06	4.110875e-10	1.143430e+01	1.122190e+02
2.190000e-06	2.179761e-06	4.297374e-10	1.175075e+01	1.171135e+02
2.200000e-06	2.238199e-06	4.484293e-10	1.206577e+01	1.219323e+02
2.210000e-06	2.296432e-06	4.661643e-10	1.237970e+01	1.266770e+02
2.220000e-06	2.354283e-06	4.829724e-10	1.269156e+01	1.313492e+02
2.230000e-06	2.411797e-06	4.992167e-10	1.300161e+01	1.359508e+02
2.240000e-06	2.469135e-06	5.164231e-10	1.331071e+01	1.404838e+02
2.250000e-06	2.526154e-06	5.345167e-10	1.361809e+01	1.449501e+02
2.260000e-06	2.583033e-06	5.507413e-10	1.392472e+01	1.493517e+02
2.270000e-06	2.639706e-06	5.649897e-10	1.423023e+01	1.536908e+02
2.280000e-06	2.696007e-06	5.798100e-10	1.453374e+01	1.579692e+02
2.290000e-06	2.752106e-06	5.945260e-10	1.483616e+01	1.621890e+02
2.300000e-06	2.808064e-06	6.086429e-10	1.513782e+01	1.663518e+02
2.310000e-06	2.863910e-06	6.243054e-10	1.543888e+01	1.704596e+02
2.320000e-06	2.919593e-06	6.411017e-10	1.573906e+01	1.745138e+02
2.330000e-06	2.975147e-06	6.581056e-10	1.603854e+01	1.785160e+02
2.340000e-06	3.030583e-06	6.733597e-10	1.633739e+01	1.824674e+02
2.350000e-06	3.085872e-06	6.863161e-10	1.663545e+01	1.863692e+02
2.360000e-06	3.140929e-06	6.987057e-10	1.693224e+01	1.902224e+02
2.370000e-06	3.195812e-06	7.108981e-10	1.722811e+01	1.940279e+02
2.380000e-06	3.250516e-06	7.234514e-10	1.752301e+01	1.977863e+02
2.390000e-06	3.304880e-06	7.374884e-10	1.781608e+01	2.014981e+02
2.400000e-06	3.358966e-06	7.525406e-10	1.810765e+01	2.051639e+02
2.410000e-06	3.412816e-06	7.669129e-10	1.839795e+01	2.087838e+02
2.420000e-06	3.466431e-06	7.806670e-10	1.868697e+01	2.123580e+02
2.430000e-06	3.519816e-06	7.943427e-10	1.897477e+01	2.158865e+02
2.440000e-06	3.572913e-06	8.078814e-10	1.926100e+01	2.193693e+02
2.450000e-06	3.625760e-06	8.208186e-10	1.954589e+01	2.228064e+02
2.460000e-06	3.678395e-06	8.329666e-10	1.982964e+01	2.261974e+02
2.470000e-06	3.730734e-06	8.447286e-10	2.011179e+01	2.295423e+02
2.480000e-06	3.782648e-06	8.557439e-10	2.039165e+01	2.328406e+02
2.490000e-06	3.834250e-06	8.662234e-10	2.066983e+01	2.360923e+02
2.500000e-06	3.885748e-06	8.771272e-10	2.094744e+01	2.392969e+02
2.510000e-06	3.936986e-06	8.887208e-10	2.122366e+01	2.424542e+02
2.520000e-06	3.987873e-06	9.006729e-10	2.149799e+01	2.455639e+02
2.530000e-06	4.038377e-06	9.121778e-10	2.177024e+01	2.486259e+02
2.540000e-06	4.088377e-06	9.229137e-10	2.203979e+01	2.516399e+02
2.550000e-06	4.137940e-06	9.325914e-10	2.230697e+01	2.546059e+02
2.560000e-06	4.187031e-06	9.421711e-10	2.257162e+01	2.575236e+02
2.570000e-06	4.235540e-06	9.518757e-10	2.283312e+01	2.603931e+02
2.580000e-06	4.283675e-06	9.618294e-10	2.309261e+01	2.632145e+02
2.590000e-06	4.331581e-06	9.717099e-10	2.335086e+01	2.659876e+02
2.600000e-06	4.379233e-06	9.811335e-10	2.360774e+01	2.687128e+02
2.610000e-06	4.426711e-06	9.913397e-10	2.386369e+01	2.713901e+02
2.620000e-06	4.473924e-06	1.001734e-09	2.411821e+01	2.740197e+02
2.630000e-06	4.520759e-06	1.011379e-09	2.437069e+01	2.766021e+02
2.640000e-06	4.567304e-06	1.020631e-09	2.462161e+01	2.791374e+02
2.650000e-06	4.613512e-06	1.029841e-09	2.487070e+01	2.816260e+02
2.660000e-06	4.659347e-06	1.038664e-09	2.511780e+01	2.840683e+02
2.670000e-06	4.704850e-06	1.046041e-09	2.536310e+01	2.864647e+02
2.680000e-06	4.750103e-06	1.052885e-09	2.560704e+01	2.888156e+02
2.690000e-06	4.795104e-06	1.061404e-09	2.584964e+01	2.911215e+02
2.700000e-06	4.839820e-06	1.070410e-09	2.609070e+01	2.933829e+02
2.710000e-06	4.884226e-06	1.079531e-09	2.633008e+01	2.956001e+02
2.720000e-06	4.928269e-06	1.089656e-09	2.656751e+01	2.977737e+02
2.730000e-06	4.972024e-06	1.099220e-09	2.680339e+01	2.999040e+02
2.740000e-06	5.015524e-06	1.108095e-09	2.703789e+01	3.019916e+02
2.750000e-06	5.058763e-06	1.115795e-09	2.727098e+01	3.040369e+02
2.760000e-06	5.101660e-06	1.121777e-09	2.750223e+01	3.060403e+02
2.770000e-06	5.144202e-06	1.128611e-09	2.773157e+01	3.080023e+02
2.780000e-06	5.186052e-06	1.136860e-09	2.795718e+01	3.099233e+02
2.790000e-06	5.227150e-06	1.145266e-09	2.817873e+01	3.118037e+02
2.800000e-06	5.267777e-06	1.153068e-09	2.839774e+01	3.136439e+02
2.810000e-06	5.307932e-06	1.161605e-09	2.861421e+01	3.154444e+02
2.820000e-06	5.347765e-06	1.170254e-09	2.882895e+01	3.172057e+02
2.830000e-06	5.387388e-06	1.177023e-09	2.904254e+01	3.189281e+02
2.840000e-06	5.426774e-06	1.182736e-09	2.925487e+01	3.206121e+02
2.850000e-06	5.465890e-06	1.188126e-09	2.946574e+01	3.222583e+02
2.860000e-06	5.504665e-06	1.193916e-09	2.967477e+01	3.238672e+02
2.870000e-06	5.542920e-06	1.200420e-09	2.988100e+01	3.254393e+02
2.880000e-06	5.580832e-06	1.207499e-09	3.008537e+01	3.269752e+02
2.890000e-06	5.618475e-06	1.214606e-09	3.028830e+01	3.284757e+02
2.900000e-06	5.655579e-06	1.221412e-09	3.048832e+01	3.299413e+02
2.910000e-06	5.692209e-06	1.228282e-09	3.068579e+01	3.313730e+02
2.920000e-06	5.728483e-06	1.235035e-09	3.088134e+01	3.327714e+02
2.930000e-06	5.764442e-06	1.242217e-09	3.107518e+01	3.341376e+02
2.940000e-06	5.800193e-06	1.249106e-09	3.126792e+01	3.354723e+02
2.950000e-06	5.835719e-06	1.253904e-09	3.145943e+01	3.367767e+02
2.960000e-06	5.870883e-06	1.258173e-09	3.164899e+01	3.380518e+02
2.970000e-06	5.905551e-06	1.263941e-09	3.183588e+01	3.392987e+02
2.980000e-06	5.939611e-06	1.270149e-09	3.201949e+01	3.405186e+02
2.990000e-06	5.972818e-06	1.275603e-09	3.219851e+01	3.417127e+02
3.000000e-06	6.005219e-06	1.281072e-09	3.237318e+01	3.428823e+02
3.010000e-06	6.037257e-06	1.286622e-09	3.254589e+01	3.440286e+02
3.020000e-06	6.069028e-06	1.291866e-09	3.271716e+01	3.451530e+02
3.030000e-06	6.100545e-06	1.297565e-09	3.288706e+01	3.462567e+02
3.040000e-06	6.131803e-06	1.302972e-09	3.305557e+01	3.473411e+02
3.050000e-06	6.162600e-06	1.307828e-09	3.322159e+01	3.484074e+02
3.060000e-06	6.193065e-06	1.313847e-09	3.338582e+01	3.494570e+02
3.070000e-06	6.223111e-06	1.319267e-09	3.354779e+01	3.504911e+02
3.080000e-06	6.252601e-06	1.322564e-09	3.370677e+01	3.515109e+02
3.090000e-06	6.281649e-06	1.326345e-09	3.386337e+01	3.525174e+02
3.100000e-06	6.310316e-06	1.332223e-09	3.401791e+01	3.535118e+02
3.110000e-06	6.338626e-06	1.337899e-09	3.417052e+01	3.544949e+02
3.120000e-06	6.366527e-06	1.342165e-09	3.432093e+01	3.554677e+02
3.130000e-06	6.394143e-06	1.346025e-09	3.446980e+01	3.564308e+02
3.140000e-06	6.421489e-06	1.349541e-09	3.461722e+01	3.573849e+02
3.150000e-06	6.448213e-06	1.353592e-09	3.476129e+01	3.583305e+02
3.160000e-06	6.474164e-06	1.358221e-09	3.490118e+01	3.592679e+02
3.170000e-06	6.499277e-06	1.362300e-09	3.503656e+01	3.601974e+02
3.180000e-06	6.523695e-06	1.366066e-09	3.516819e+01	3.611190e+02
3.190000e-06	6.547715e-06	1.370048e-09	3.529768e+01	3.620328e+02
3.200000e-06	6.571420e-06	1.374675e-09	3.542547e+01	3.629385e+02
3.210000e-06	6.594775e-06	1.379457e-09	3.555138e+01	3.638358e+02
3.220000e-06	6.617703e-06	1.383256e-09	3.567498e+01	3.647243e+02
3.230000e-06	6.640222e-06	1.387129e-09	3.579637e+01	3.656033e+02
3.240000e-06	6.662229e-06	1.391445e-09	3.591501e+01	3.664723e+02
3.250000e-06	6.683705e-06	1.395552e-09	3.603078e+01	3.673305e+02
3.260000e-06	6.704751e-06	1.400057e-09	3.614424e+01	3.681769e+02
3.270000e-06	6.725334e-06	1.404903e-09	3.625520e+01	3.690106e+02
3.280000e-06	6.745416e-06	1.408893e-09	3.636346e+01	3.698307e+02
3.290000e-06	6.765175e-06	1.412379e-09	3.646997e+01	3.706361e+02
3.300000e-06	6.784675e-06	1.416543e-09	3.657510e+01	3.714257e+02
3.310000e-06	6.803663e-06	1.420746e-09	3.667746e+01	3.721984e+02
3.320000e-06	6.822119e-06	1.423812e-09	3.677696e+01	3.729532e+02
3.330000e-06	6.839986e-06	1.426058e-09	3.687327e+01	3.736890e+02
3.340000e-06	6.857296e-06	1.428490e-09	3.696659e+01	3.744047e+02
3.350000e-06	6.874184e-06	1.432436e-09	3.705763e+01	3.750994e+02
3.360000e-06	6.890576e-06	1.437230e-09	3.714599e+01	3.757722e+02
3.370000e-06	6.906552e-06	1.440662e-09	3.723212e+01	3.764223e+02
3.380000e-06	6.921977e-06	1.443366e-09	3.731527e+01	3.770488e+02
3.390000e-06	6.936677e-06	1.446609e-09	3.739452e+01	3.776511e+02
3.400000e-06	6.950827e-06	1.450513e-09	3.747080e+01	3.782287e+02
3.410000e-06	6.964526e-06	1.455000e-09	3.754465e+01	3.787812e+02
3.420000e-06	6.977808e-06	1.458063e-09	3.761624e+01	3.793081e+02
3.430000e-06	6.990582e-06	1.459531e-09	3.768511e+01	3.798093e+02
3.440000e-06	7.002763e-06	1.461764e-09	3.775078e+01	3.802847e+02
3.450000e-06	7.014419e-06	1.465131e-09	3.781361e+01	3.807343e+02
3.460000e-06	7.025648e-06	1.469107e-09	3.787415e+01	3.811582e+02
3.470000e-06	7.036297e-06	1.471814e-09	3.793155e+01	3.815566e+02
3.480000e-06	7.046029e-06	1.473444e-09	3.798402e+01	3.819298e+02
3.490000e-06	7.054988e-06	1.476224e-09	3.803231e+01	3.822783e+02
3.500000e-06	7.063414e-06	1.480081e-09	3.807774e+01	3.826025e+02
3.510000e-06	7.071359e-06	1.483813e-09	3.812056e+01	3.829030e+02
3.520000e-06	7.078948e-06	1.486451e-09	3.816148e+01	3.831804e+02
3.530000e-06	7.086208e-06	1.488612e-09	3.820062e+01	3.834352e+02
3.540000e-06	7.092900e-06	1.491344e-09	3.823669e+01	3.836683e+02
3.550000e-06	7.099072e-06	1.494356e-09	3.826996e+01	3.838803e+02
3.560000e-06	7.104887e-06	1.496277e-09	3.830131e+01	3.840719e+02
3.570000e-06	7.110139e-06	1.497728e-09	3.832962e+01	3.842439e+02
3.580000e-06	7.114718e-06	1.500074e-09	3.835431e+01	3.843968e+02
3.590000e-06	7.118726e-06	1.502609e-09	3.837591e+01	3.845315e+02
3.600000e-06	7.122436e-06	1.505064e-09	3.839591e+01	3.846486e+02
3.610000e-06	7.125936e-06	1.508162e-09	3.841478e+01	3.847487e+02
3.620000e-06	7.129054e-06	1.509387e-09	3.843159e+01	3.848323e+02
3.630000e-06	7.131558e-06	1.508522e-09	3.844509e+01	3.849000e+02
3.640000e-06	7.133209e-06	1.508173e-09	3.845399e+01	3.849523e+02
3.650000e-06	7.134067e-06	1.507563e-09	3.845861e+01	3.849897e+02
3.660000e-06	7.134324e-06	1.508268e-09	3.846000e+01	3.850126e+02
3.670000e-06	7.134239e-06	1.510082e-09	3.845954e+01	3.850212e+02
3.680000e-06	7.133825e-06	1.510615e-09	3.845731e+01	3.850160e+02
3.690000e-06	7.132962e-06	1.510742e-09	3.845266e+01	3.849972e+02
3.700000e-06	7.131588e-06	1.511933e-09	3.844525e+01	3.849651e+02
3.710000e-06	7.129723e-06	1.512818e-09	3.843520e+01	3.849198e+02
3.720000e-06	7.127427e-06	1.512836e-09	3.842282e+01	3.848617e+02
3.730000e-06	7.124687e-06	1.513091e-09	3.840805e+01	3.847908e+02
3.740000e-06	7.121430e-06	1.510763e-09	3.839049e+01	3.847074e+02
3.750000e-06	7.117581e-06	1.502751e-09	3.836974e+01	3.846117e+02
3.760000e-06	7.113212e-06	1.516885e-09	3.834619e+01	3.845038e+02
3.770000e-06	7.108208e-06	1.574301e-09	3.831921e+01	3.843840e+02
3.780000e-06	7.102326e-06	1.566808e-09	3.828750e+01	3.842525e+02
3.790000e-06	7.095961e-06	1.443603e-09	3.825319e+01	3.841095e+02
3.800000e-06	7.089488e-06	1.436512e-09	3.821830e+01	3.839552e+02
3.810000e-06	7.082495e-06	1.580216e-09	3.818060e+01	3.837901e+02
3.820000e-06	7.074719e-06	1.594922e-09	3.813868e+01	3.836142e+02
3.830000e-06	7.066472e-06	1.433695e-09	3.809422e+01	3.834280e+02
3.840000e-06	7.058067e-06	1.419658e-09	3.804891e+01	3.832319e+02
3.850000e-06	7.049344e-06	1.623605e-09	3.800189e+01	3.830261e+02
3.860000e-06	7.039974e-06	1.628486e-09	3.795137e+01	3.828111e+02
3.870000e-06	7.029997e-06	1.376117e-09	3.789759e+01	3.825872e+02
3.880000e-06	7.019654e-06	1.365071e-09	3.784183e+01	3.823547e+02
3.890000e-06	7.008929e-06	1.636924e-09	3.778402e+01	3.821141e+02
3.900000e-06	6.997559e-06	1.632585e-09	3.772272e+01	3.818657e+02
3.910000e-06	6.985569e-06	1.376086e-09	3.765809e+01	3.816098e+02
3.920000e-06	6.973005e-06	1.427558e-09	3.759035e+01	3.813466e+02
3.930000e-06	6.959750e-06	1.660865e-09	3.751890e+01	3.810764e+02
3.940000e-06	6.945684e-06	1.542844e-09	3.744307e+01	3.807994e+02
3.950000e-06	6.930946e-06	1.344245e-09	3.736362e+01	3.805158e+02
3.960000e-06	6.915690e-06	1.517517e-09	3.728138e+01	3.802254e+02
3.970000e-06	6.899780e-06	1.660196e-09	3.719561e+01	3.799284e+02
3.980000e-06	6.883481e-06	1.458651e-09	3.710774e+01	3.796247e+02
3.990000e-06	6.866880e-06	1.405004e-09	3.701825e+01	3.793141e+02
4.000000e-06	6.849750e-06	1.615491e-09	3.692591e+01	3.789963e+02
4.010000e-06	6.832072e-06	1.559354e-09	3.683061e+01	3.786710e+02
4.020000e-06	6.813910e-06	1.366341e-09	3.673270e+01	3.783379e+02
4.030000e-06	6.795342e-06	1.514067e-09	3.663260e+01	3.779964e+02
4.040000e-06	6.776377e-06	1.653191e-09	3.653036e+01	3.776461e+02
4.050000e-06	6.756851e-06	1.458284e-09	3.642510e+01	3.772862e+02
4.060000e-06	6.736840e-06	1.407713e-09	3.631723e+01	3.769162e+02
4.070000e-06	6.716541e-06	1.599831e-09	3.620780e+01	3.765354e+02
4.080000e-06	6.696026e-06	1.546614e-09	3.609721e+01	3.761430e+02
4.090000e-06	6.675099e-06	1.393171e-09	3.598439e+01	3.757384e+02
4.100000e-06	6.653457e-06	1.516922e-09	3.586772e+01	3.753206e+02
4.110000e-06	6.630894e-06	1.589610e-09	3.574609e+01	3.748891e+02
4.120000e-06	6.607509e-06	1.447977e-09	3.562002e+01	3.744430e+02
4.130000e-06	6.583648e-06	1.464386e-09	3.549140e+01	3.739817e+02
4.140000e-06	6.559471e-06	1.567841e-09	3.536106e+01	3.735045e+02
4.150000e-06	6.534955e-06	1.481607e-09	3.522890e+01	3.730108e+02
4.160000e-06	6.510059e-06	1.439677e-09	3.509469e+01	3.725001e+02
4.170000e-06	6.484734e-06	1.541319e-09	3.495816e+01	3.719718e+02
4.180000e-06	6.458980e-06	1.522350e-09	3.481933e+01	3.714256e+02
4.190000e-06	6.432773e-06	1.453018e-09	3.467805e+01	3.708611e+02
4.200000e-06	6.405912e-06	1.502944e-09	3.453325e+01	3.702782e+02
4.210000e-06	6.378482e-06	1.513716e-09	3.438537e+01	3.696767e+02
4.220000e-06	6.350672e-06	1.461293e-09	3.423546e+01	3.690565e+02
4.230000e-06	6.322604e-06	1.484450e-09	3.408415e+01	3.684177e+02
4.240000e-06	6.294380e-06	1.505255e-09	3.393200e+01	3.677605e+02
4.250000e-06	6.265830e-06	1.475052e-09	3.377809e+01	3.670850e+02
4.260000e-06	6.236644e-06	1.481377e-09	3.362075e+01	3.663915e+02
4.270000e-06	6.206780e-06	1.492017e-09	3.345976e+01	3.656803e+02
4.280000e-06	6.176198e-06	1.472557e-09	3.329490e+01	3.649518e+02
4.290000e-06	6.144763e-06	1.474642e-09	3.312544e+01	3.642064e+02
4.300000e-06	6.112948e-06	1.476369e-09	3.295392e+01	3.634446e+02
4.310000e-06	6.080983e-06	1.466812e-09	3.278160e+01	3.626669e+02
4.320000e-06	6.048601e-06	1.477065e-09	3.260704e+01	3.618736e+02
4.330000e-06	6.015788e-06	1.472005e-09	3.243015e+01	3.610652e+02
4.340000e-06	5.982581e-06	1.453911e-09	3.225114e+01	3.602421e+02
4.350000e-06	5.948987e-06	1.465332e-09	3.207004e+01	3.594048e+02
4.360000e-06	5.914972e-06	1.467321e-09	3.188667e+01	3.585534e+02
4.370000e-06	5.880532e-06	1.451034e-09	3.170101e+01	3.576884e+02
4.380000e-06	5.845574e-06	1.460052e-09	3.151256e+01	3.568097e+02
4.390000e-06	5.810193e-06	1.461966e-09	3.132182e+01	3.559177e+02
4.400000e-06	5.774552e-06	1.440279e-09	3.112968e+01	3.550122e+02
4.410000e-06	5.738636e-06	1.442930e-09	3.093607e+01	3.540933e+02
4.420000e-06	5.702441e-06	1.451825e-09	3.074095e+01	3.531608e+02
4.430000e-06	5.665928e-06	1.435621e-09	3.054411e+01	3.522144e+02
4.440000e-06	5.629153e-06	1.428966e-09	3.034586e+01	3.512540e+02
4.450000e-06	5.592007e-06	1.436285e-09	3.014561e+01	3.502791e+02
4.460000e-06	5.554055e-06	1.430997e-09	2.994102e+01	3.492892e+02
4.470000e-06	5.515343e-06	1.424033e-09	2.973233e+01	3.482839e+02
4.480000e-06	5.476141e-06	1.424023e-09	2.952100e+01	3.472627e+02
4.490000e-06	5.436439e-06	1.420797e-09	2.930698e+01	3.462249e+02
4.500000e-06	5.396439e-06	1.416551e-09	2.909134e+01	3.451700e+02
4.510000e-06	5.356235e-06	1.414391e-09	2.887461e+01	3.440974e+02
4.520000e-06	5.315739e-06	1.411539e-09	2.865630e+01	3.430065e+02
4.530000e-06	5.274946e-06	1.406518e-09	2.843639e+01	3.418966e+02
4.540000e-06	5.233708e-06	1.400395e-09	2.821408e+01	3.407673e+02
4.550000e-06	5.191893e-06	1.397423e-09	2.798866e+01	3.396180e+02
4.560000e-06	5.149748e-06	1.396806e-09	2.776147e+01	3.384483e+02
4.570000e-06	5.107343e-06	1.391082e-09	2.753287e+01	3.372578e+02
4.580000e-06	5.064543e-06	1.383505e-09	2.730214e+01	3.360461e+02
4.590000e-06	5.021350e-06	1.379450e-09	2.706930e+01	3.348130e+02
4.600000e-06	4.977784e-06	1.375633e-09	2.683444e+01	3.335584e+02
4.610000e-06	4.933966e-06	1.369890e-09	2.659822e+01	3.322820e+02
4.620000e-06	4.889946e-06	1.365679e-09	2.636092e+01	3.309839e+02
4.630000e-06	4.845737e-06	1.364023e-09	2.612259e+01	3.296642e+02
4.640000e-06	4.801337e-06	1.361107e-09	2.588324e+01	3.283229e+02
4.650000e-06	4.756641e-06	1.355729e-09	2.564229e+01	3.269601e+02
4.660000e-06	4.711659e-06	1.348552e-09	2.539980e+01	3.255761e+02
4.670000e-06	4.666352e-06	1.339640e-09	2.515556e+01	3.241712e+02
4.680000e-06	4.620517e-06	1.331708e-09	2.490847e+01	3.227455e+02
4.690000e-06	4.574118e-06	1.326974e-09	2.465834e+01	3.212993e+02
4.700000e-06	4.527356e-06	1.323973e-09	2.440625e+01	3.198328e+02
4.710000e-06	4.480409e-06	1.320659e-09	2.415317e+01	3.183463e+02
4.720000e-06	4.433283e-06	1.315452e-09	2.389912e+01	3.168399e+02
4.730000e-06	4.385909e-06	1.307969e-09	2.364374e+01	3.153137e+02
4.740000e-06	4.338153e-06	1.300587e-09	2.338629e+01	3.137678e+02
4.750000e-06	4.289896e-06	1.295698e-09	2.312614e+01	3.122021e+02
4.760000e-06	4.241193e-06	1.290313e-09	2.286360e+01	3.106163e+02
4.770000e-06	4.192280e-06	1.283017e-09	2.259991e+01	3.090104e+02
4.780000e-06	4.142968e-06	1.277720e-09	2.233408e+01	3.073838e+02
4.790000e-06	4.093125e-06	1.274015e-09	2.206538e+01	3.057360e+02
4.800000e-06	4.043109e-06	1.268339e-09	2.179575e+01	3.040665e+02
4.810000e-06	3.992945e-06	1.261505e-09	2.152533e+01	3.023745e+02
4.820000e-06	3.942505e-06	1.254781e-09	2.125341e+01	3.006591e+02
4.830000e-06	3.891752e-06	1.248492e-09	2.097981e+01	2.989194e+02
4.840000e-06	3.840722e-06	1.242442e-09	2.070472e+01	2.971543e+02
4.850000e-06	3.789369e-06	1.235896e-09	2.042788e+01	2.953627e+02
4.860000e-06	3.737638e-06	1.227755e-09	2.014901e+01	2.935434e+02
4.870000e-06	3.685648e-06	1.219957e-09	1.986874e+01	2.916950e+02
4.880000e-06	3.633547e-06	1.213830e-09	1.958787e+01	2.898165e+02
4.890000e-06	3.581281e-06	1.207939e-09	1.930611e+01	2.879063e+02
4.900000e-06	3.528659e-06	1.201265e-09	1.902243e+01	2.859634e+02
4.910000e-06	3.475622e-06	1.193819e-09	1.873652e+01	2.839865e+02
4.920000e-06	3.422261e-06	1.185641e-09	1.844886e+01	2.819744e+02
4.930000e-06	3.368449e-06	1.176450e-09	1.815877e+01	2.799262e+02
4.940000e-06	3.314197e-06	1.168095e-09	1.786631e+01	2.778408e+02
4.950000e-06	3.259381e-06	1.159928e-09	1.757080e+01	2.757174e+02
4.960000e-06	3.204074e-06	1.150389e-09	1.727265e+01	2.735554e+02
4.970000e-06	3.148591e-06	1.140802e-09	1.697355e+01	2.713542e+02
4.980000e-06	3.092900e-06	1.132555e-09	1.667333e+01	2.691136e+02
4.990000e-06	3.037039e-06	1.124434e-09	1.637219e+01	2.668334e+02
5.000000e-06	2.981037e-06	1.114591e-09	1.607029e+01	2.645137e+02
5.010000e-06	2.924893e-06	1.103140e-09	1.576763e+01	2.621546e+02
5.020000e-06	2.868557e-06	1.091781e-09	1.546393e+01	2.597565e+02
5.030000e-06	2.812118e-06	1.081677e-09	1.515968e+01	2.573201e+02
5.040000e-06	2.755595e-06	1.071922e-09	1.485497e+01	2.548459e+02
5.050000e-06	2.698842e-06	1.062113e-09	1.454903e+01	2.523350e+02
5.060000e-06	2.641987e-06	1.052779e-09	1.424253e+01	2.497882e+02
5.070000e-06	2.584997e-06	1.042856e-09	1.393530e+01	2.472066e+02
5.080000e-06	2.527728e-06	1.032478e-09	1.362658e+01	2.445912e+02
5.090000e-06	2.470304e-06	1.021577e-09	1.331701e+01	2.419432e+02
5.100000e-06	2.412760e-06	1.009313e-09	1.300680e+01	2.392636e+02
5.110000e-06	2.354998e-06	9.970969e-10	1.269542e+01	2.365535e+02
5.120000e-06	2.297014e-06	9.862766e-10	1.238284e+01	2.338138e+02
5.130000e-06	2.238792e-06	9.752355e-10	1.206897e+01	2.310452e+02
5.140000e-06	2.180369e-06	9.633659e-10	1.175402e+01	2.282484e+02
5.150000e-06	2.121884e-06	9.510297e-10	1.143874e+01	2.254238e+02
5.160000e-06	2.063239e-06	9.384855e-10	1.112259e+01	2.225716e+02
5.170000e-06	2.004452e-06	9.255973e-10	1.080568e+01	2.196915e+02
5.180000e-06	1.945426e-06	9.121920e-10	1.048748e+01	2.167831e+02
5.190000e-06	1.886270e-06	8.995624e-10	1.016858e+01	2.138456e+02
5.200000e-06	1.827073e-06	8.874587e-10	9.849461e+00	2.108779e+02
5.210000e-06	1.767683e-06	8.753862e-10	9.529299e+00	2.078785e+02
5.220000e-06	1.708225e-06	8.633793e-10	9.208766e+00	2.048454e+02
5.230000e-06	1.648691e-06	8.510566e-10	8.887830e+00	2.017764e+02
5.240000e-06	1.588969e-06	8.374837e-10	8.565878e+00	1.986688e+02
5.250000e-06	1.529091e-06	8.229977e-10	8.243085e+00	1.955197e+02
5.260000e-06	1.469198e-06	8.087968e-10	7.920212e+00	1.923255e+02
5.270000e-06	1.409262e-06	7.948824e-10	7.597104e+00	1.890828e+02
5.280000e-06	1.349240e-06	7.803252e-10	7.273534e+00	1.857875e+02
5.290000e-06	1.289203e-06	7.653854e-10	6.949886e+00	1.824353e+02
5.300000e-06	1.229085e-06	7.500953e-10	6.625798e+00	1.790220e+02
5.310000e-06	1.168880e-06	7.350713e-10	6.301247e+00	1.755429e+02
5.320000e-06	1.108633e-06	7.202746e-10	5.976464e+00	1.719934e+02
5.330000e-06	1.048357e-06	7.047980e-10	5.651526e+00	1.683689e+02
5.340000e-06	9.881299e-07	6.898056e-10	5.326850e+00	1.646646e+02
5.350000e-06	9.278679e-07	6.749576e-10	5.001987e+00	1.608760e+02
5.360000e-06	8.674562e-07	6.587370e-10	4.676318e+00	1.569987e+02
5.370000e-06	8.069299e-07	6.415537e-10	4.350030e+00	1.530285e+02
5.380000e-06	7.464651e-07	6.246997e-10	4.024074e+00	1.489616e+02
5.390000e-06	6.860517e-07	6.072356e-10	3.698395e+00	1.447943e+02
5.400000e-06	6.255381e-07	5.886202e-10	3.372176e+00	1.405236e+02
5.410000e-06	5.649551e-07	5.709160e-10	3.045583e+00	1.361468e+02
5.420000e-06	5.042239e-07	5.534273e-10	2.718191e+00	1.316618e+02
5.430000e-06	4.433870e-07	5.344527e-10	2.390228e+00	1.270669e+02
5.440000e-06	3.826187e-07	5.148274e-10	2.062636e+00	1.223613e+02
5.450000e-06	3.219068e-07	4.948160e-10	1.735348e+00	1.175446e+02
5.460000e-06	2.611710e-07	4.742257e-10	1.407931e+00	1.126171e+02
5.470000e-06	2.003746e-07	4.535344e-10	1.080187e+00	1.075799e+02
5.480000e-06	1.395822e-07	4.330615e-10	7.524651e-01	1.024347e+02
5.490000e-06	7.880300e-08	4.118121e-10	4.248144e-01	9.718397e+01
5.500000e-06	1.801707e-08	3.891377e-10	9.712717e-02	9.183081e+01
5.510000e-06	-4.259997e-08	3.650506e-10	-2.296496e-01	8.637902e+01
5.520000e-06	-1.031985e-07	3.410509e-10	-5.563268e-01	8.083305e+01
5.530000e-06	-1.639877e-07	3.182784e-10	-8.840317e-01	7.519797e+01
5.540000e-06	-2.247299e-07	2.958770e-10	-1.211483e+00	6.947945e+01
5.550000e-06	-2.854144e-07	2.733708e-10	-1.538623e+00	6.368369e+01
5.560000e-06	-3.460637e-07	2.502024e-10	-1.865574e+00	5.781738e+01
5.570000e-06	-4.066975e-07	2.259760e-10	-2.192441e+00	5.188763e+01
5.580000e-06	-4.673485e-07	2.004729e-10	-2.519401e+00	4.590194e+01
5.590000e-06	-5.278765e-07	1.741420e-10	-2.845698e+00	3.986811e+01
5.600000e-06	-5.883029e-07	1.489973e-10	-3.171447e+00	3.379415e+01
5.610000e-06	-6.487296e-07	1.249486e-10	-3.497198e+00	2.768827e+01
5.620000e-06	-7.091287e-07	1.005623e-10	-3.822799e+00	2.155877e+01
5.630000e-06	-7.694943e-07	7.577905e-11	-4.148221e+00	1.541395e+01
5.640000e-06	-8.298954e-07	5.032354e-11	-4.473834e+00	9.262102e+00
5.650000e-06	-8.902416e-07	2.386792e-11	-4.799150e+00	3.111372e+00
5.660000e-06	-9.505097e-07	-2.304328e-12	-5.124046e+00	-3.030257e+00
5.670000e-06	-1.010775e-06	-2.700467e-11	-5.448925e+00	-9.155045e+00
5.680000e-06	-1.071020e-06	-5.065512e-11	-5.773700e+00	-1.525555e+01
5.690000e-06	-1.131147e-06	-7.424653e-11	-6.097831e+00	-2.132469e+01
5.700000e-06	-1.191275e-06	-9.851712e-11	-6.421972e+00	-2.735576e+01
5.710000e-06	-1.251486e-06	-1.230621e-10	-6.746561e+00	-3.334252e+01
5.720000e-06	-1.311623e-06	-1.473812e-10	-7.070750e+00	-3.927918e+01
5.730000e-06	-1.371639e-06	-1.710579e-10	-7.394286e+00	-4.516046e+01
5.740000e-06	-1.431585e-06	-1.943279e-10	-7.717448e+00	-5.098162e+01
5.750000e-06	-1.491437e-06	-2.180824e-10	-8.040101e+00	-5.673844e+01
5.760000e-06	-1.551154e-06	-2.425397e-10	-8.362024e+00	-6.242725e+01
5.770000e-06	-1.610804e-06	-2.670651e-10	-8.683586e+00	-6.804492e+01
5.780000e-06	-1.670387e-06	-2.915029e-10	-9.004789e+00	-7.358887e+01
5.790000e-06	-1.729832e-06	-3.158991e-10	-9.325248e+00	-7.905704e+01
5.800000e-06	-1.789185e-06	-3.403581e-10	-9.645208e+00	-8.444790e+01
5.810000e-06	-1.848427e-06	-3.636537e-10	-9.964574e+00	-8.976040e+01
5.820000e-06	-1.907519e-06	-3.851374e-10	-1.028313e+01	-9.499396e+01
5.830000e-06	-1.966466e-06	-4.069175e-10	-1.060090e+01	-1.001484e+02
5.840000e-06	-2.025150e-06	-4.303114e-10	-1.091726e+01	-1.052240e+02
5.850000e-06	-2.083598e-06	-4.535650e-10	-1.123234e+01	-1.102213e+02
5.860000e-06	-2.141955e-06	-4.742046e-10	-1.154693e+01	-1.151413e+02
5.870000e-06	-2.200174e-06	-4.938581e-10	-1.186078e+01	-1.199852e+02
5.880000e-06	-2.258267e-06	-5.146384e-10	-1.217396e+01	-1.247544e+02
5.890000e-06	-2.316162e-06	-5.349194e-10	-1.248606e+01	-1.294506e+02
5.900000e-06	-2.373807e-06	-5.546953e-10	-1.279681e+01	-1.340756e+02
5.910000e-06	-2.431185e-06	-5.743841e-10	-1.310613e+01	-1.386312e+02
5.920000e-06	-2.488349e-06	-5.930643e-10	-1.341429e+01	-1.431195e+02
5.930000e-06	-2.545354e-06	-6.125447e-10	-1.372160e+01	-1.475424e+02
5.940000e-06	-2.602307e-06	-6.330143e-10	-1.402862e+01	-1.519021e+02
5.950000e-06	-2.659261e-06	-6.526750e-10	-1.433565e+01	-1.562006e+02
5.960000e-06	-2.715989e-06	-6.712255e-10	-1.464146e+01	-1.604397e+02
5.970000e-06	-2.772485e-06	-6.889376e-10	-1.494602e+01	-1.646213e+02
5.980000e-06	-2.828869e-06	-7.060331e-10	-1.524998e+01	-1.687472e+02
5.990000e-06	-2.885111e-06	-7.227795e-10	-1.555317e+01	-1.728191e+02
6.000000e-06	-2.941178e-06	-7.393172e-10	-1.585542e+01	-1.768385e+02
6.010000e-06	-2.997107e-06	-7.552662e-10	-1.615693e+01	-1.808067e+02
6.020000e-06	-3.052920e-06	-7.702731e-10	-1.645781e+01	-1.847249e+02
6.030000e-06	-3.108631e-06	-7.857377e-10	-1.675813e+01	-1.885942e+02
6.040000e-06	-3.164187e-06	-8.025793e-10	-1.705763e+01	-1.924155e+02
6.050000e-06	-3.219294e-06	-8.190431e-10	-1.735470e+01	-1.961895e+02
6.060000e-06	-3.273759e-06	-8.347733e-10	-1.764831e+01	-1.999168e+02
6.070000e-06	-3.327785e-06	-8.497889e-10	-1.793956e+01	-2.035979e+02
6.080000e-06	-3.381532e-06	-8.649909e-10	-1.822930e+01	-2.072331e+02
6.090000e-06	-3.435036e-06	-8.819984e-10	-1.851773e+01	-2.108225e+02
6.100000e-06	-3.488135e-06	-8.989998e-10	-1.880398e+01	-2.143662e+02
6.110000e-06	-3.540865e-06	-9.136995e-10	-1.908824e+01	-2.178643e+02
6.120000e-06	-3.593242e-06	-9.264173e-10	-1.937059e+01	-2.213167e+02
6.130000e-06	-3.645365e-06	-9.396364e-10	-1.965158e+01	-2.247231e+02
6.140000e-06	-3.697335e-06	-9.539603e-10	-1.993174e+01	-2.280833e+02
6.150000e-06	-3.748996e-06	-9.680198e-10	-2.021024e+01	-2.313972e+02
6.160000e-06	-3.800401e-06	-9.818531e-10	-2.048735e+01	-2.346644e+02
6.170000e-06	-3.851659e-06	-9.960617e-10	-2.076368e+01	-2.378847e+02
6.180000e-06	-3.902638e-06	-1.009247e-09	-2.103850e+01	-2.410578e+02
6.190000e-06	-3.953256e-06	-1.020869e-09	-2.131137e+01	-2.441834e+02
6.200000e-06	-4.003365e-06	-1.032367e-09	-2.158150e+01	-2.472614e+02
6.210000e-06	-4.053162e-06	-1.044203e-09	-2.184995e+01	-2.502914e+02
6.220000e-06	-4.102851e-06	-1.056215e-09	-2.211781e+01	-2.532734e+02
6.230000e-06	-4.152145e-06	-1.068588e-09	-2.238355e+01	-2.562072e+02
6.240000e-06	-4.200870e-06	-1.080811e-09	-2.264622e+01	-2.590928e+02
6.250000e-06	-4.249240e-06	-1.092557e-09	-2.290698e+01	-2.619302e+02
6.260000e-06	-4.297211e-06	-1.104117e-09	-2.316558e+01	-2.647194e+02
6.270000e-06	-4.344529e-06	-1.114716e-09	-2.342066e+01	-2.674605e+02
6.280000e-06	-4.391574e-06	-1.125222e-09	-2.367427e+01	-2.701537e+02
6.290000e-06	-4.438556e-06	-1.137049e-09	-2.392755e+01	-2.727993e+02
6.300000e-06	-4.485307e-06	-1.149016e-09	-2.417957e+01	-2.753973e+02
6.310000e-06	-4.531678e-06	-1.159669e-09	-2.442955e+01	-2.779483e+02
6.320000e-06	-4.577804e-06	-1.169619e-09	-2.467821e+01	-2.804524e+02
6.330000e-06	-4.623706e-06	-1.179909e-09	-2.492566e+01	-2.829101e+02
6.340000e-06	-4.669361e-06	-1.190903e-09	-2.517178e+01	-2.853218e+02
6.350000e-06	-4.714687e-06	-1.202019e-09	-2.541612e+01	-2.876878e+02
6.360000e-06	-4.759536e-06	-1.212172e-09	-2.565790e+01	-2.900087e+02
6.370000e-06	-4.804034e-06	-1.221070e-09	-2.589778e+01	-2.922848e+02
6.380000e-06	-4.848300e-06	-1.230000e-09	-2.613641e+01	-2.945167e+02
6.390000e-06	-4.892428e-06	-1.239269e-09	-2.637429e+01	-2.967048e+02
6.400000e-06	-4.936386e-06	-1.246671e-09	-2.661127e+01	-2.988495e+02
6.410000e-06	-4.979945e-06	-1.253220e-09	-2.684609e+01	-3.009513e+02
6.420000e-06	-5.022962e-06	-1.261607e-09	-2.707799e+01	-3.030106e+02
6.430000e-06	-5.065717e-06	-1.270931e-09	-2.730847e+01	-3.050279e+02
6.440000e-06	-5.108327e-06	-1.279981e-09	-2.753817e+01	-3.070037e+02
6.450000e-06	-5.150524e-06	-1.288283e-09	-2.776565e+01	-3.089383e+02
6.460000e-06	-5.192384e-06	-1.295626e-09	-2.799131e+01	-3.108322e+02
6.470000e-06	-5.233974e-06	-1.303403e-09	-2.821552e+01	-3.126857e+02
6.480000e-06	-5.275027e-06	-1.311419e-09	-2.843683e+01	-3.144994e+02
6.490000e-06	-5.315617e-06	-1.318838e-09	-2.865564e+01	-3.162737e+02
6.500000e-06	-5.355999e-06	-1.326055e-09	-2.887334e+01	-3.180090e+02
6.510000e-06	-5.396234e-06	-1.332539e-09	-2.909023e+01	-3.197058e+02
6.520000e-06	-5.436170e-06	-1.338319e-09	-2.930552e+01	-3.213645e+02
6.530000e-06	-5.475602e-06	-1.344047e-09	-2.951809e+01	-3.229858e+02
6.540000e-06	-5.514636e-06	-1.350162e-09	-2.972852e+01	-3.245701e+02
6.550000e-06	-5.553159e-06	-1.356474e-09	-2.993619e+01	-3.261180e+02
6.560000e-06	-5.590911e-06	-1.363249e-09	-3.013971e+01	-3.276302e+02
6.570000e-06	-5.627986e-06	-1.370081e-09	-3.033957e+01	-3.291074e+02
6.580000e-06	-5.664671e-06	-1.376818e-09	-3.053733e+01	-3.305503e+02
6.590000e-06	-5.701024e-06	-1.383156e-09	-3.073331e+01	-3.319597e+02
6.600000e-06	-5.737069e-06	-1.387473e-09	-3.092762e+01	-3.333365e+02
6.610000e-06	-5.772819e-06	-1.390551e-09	-3.112034e+01	-3.346816e+02
6.620000e-06	-5.808270e-06	-1.394789e-09	-3.131145e+01	-3.359960e+02
6.630000e-06	-5.843304e-06	-1.400198e-09	-3.150032e+01	-3.372807e+02
6.640000e-06	-5.877794e-06	-1.404378e-09	-3.168625e+01	-3.385369e+02
6.650000e-06	-5.911786e-06	-1.407901e-09	-3.186949e+01	-3.397657e+02
6.660000e-06	-5.945322e-06	-1.411864e-09	-3.205028e+01	-3.409682e+02
6.670000e-06	-5.978492e-06	-1.415367e-09	-3.222910e+01	-3.421458e+02
6.680000e-06	-6.011341e-06	-1.418927e-09	-3.240618e+01	-3.432998e+02
6.690000e-06	-6.043881e-06	-1.422608e-09	-3.258159e+01	-3.444313e+02
6.700000e-06	-6.076019e-06	-1.426230e-09	-3.275485e+01	-3.455417e+02
6.710000e-06	-6.107796e-06	-1.430150e-09	-3.292615e+01	-3.466324e+02
6.720000e-06	-6.139148e-06	-1.434599e-09	-3.309516e+01	-3.477046e+02
6.730000e-06	-6.169905e-06	-1.438958e-09	-3.326097e+01	-3.487597e+02
6.740000e-06	-6.199924e-06	-1.441022e-09	-3.342280e+01	-3.497988e+02
6.750000e-06	-6.229169e-06	-1.441877e-09	-3.358045e+01	-3.508232e+02
6.760000e-06	-6.257967e-06	-1.445369e-09	-3.373570e+01	-3.518341e+02
6.770000e-06	-6.286463e-06	-1.450268e-09	-3.388932e+01	-3.528324e+02
6.780000e-06	-6.314683e-06	-1.453666e-09	-3.404145e+01	-3.538191e+02
6.790000e-06	-6.342543e-06	-1.455590e-09	-3.419163e+01	-3.547953e+02
6.800000e-06	-6.369901e-06	-1.456319e-09	-3.433912e+01	-3.557615e+02
6.810000e-06	-6.396834e-06	-1.457187e-09	-3.448431e+01	-3.567185e+02
6.820000e-06	-6.423355e-06	-1.459095e-09	-3.462728e+01	-3.576669e+02
6.830000e-06	-6.449497e-06	-1.461942e-09	-3.476821e+01	-3.586070e+02
6.840000e-06	-6.475131e-06	-1.465362e-09	-3.490639e+01	-3.595391e+02
6.850000e-06	-6.500210e-06	-1.468129e-09	-3.504159e+01	-3.604634e+02
6.860000e-06	-6.524849e-06	-1.470374e-09	-3.517442e+01	-3.613798e+02
6.870000e-06	-6.549073e-06	-1.472988e-09	-3.530501e+01	-3.622882e+02
6.880000e-06	-6.573097e-06	-1.476399e-09	-3.543452e+01	-3.631884e+02
6.890000e-06	-6.596949e-06	-1.479797e-09	-3.556310e+01	-3.640799e+02
6.900000e-06	-6.620253e-06	-1.482452e-09	-3.568873e+01	-3.649621e+02
6.910000e-06	-6.642770e-06	-1.485068e-09	-3.581011e+01	-3.658346e+02
6.920000e-06	-6.664633e-06	-1.487374e-09	-3.592797e+01	-3.666964e+02
6.930000e-06	-6.685886e-06	-1.489397e-09	-3.604254e+01	-3.675468e+02
6.940000e-06	-6.706573e-06	-1.490964e-09	-3.615406e+01	-3.683849e+02
6.950000e-06	-6.726897e-06	-1.492889e-09	-3.626363e+01	-3.692096e+02
6.960000e-06	-6.746914e-06	-1.496096e-09	-3.637153e+01	-3.700200e+02
6.970000e-06	-6.766384e-06	-1.500292e-09	-3.647649e+01	-3.708150e+02
6.980000e-06	-6.785329e-06	-1.503635e-09	-3.657863e+01	-3.715935e+02
6.990000e-06	-6.803912e-06	-1.505144e-09	-3.667880e+01	-3.723544e+02
7.000000e-06	-6.822051e-06	-1.506500e-09	-3.677659e+01	-3.730966e+02
7.010000e-06	-6.839783e-06	-1.507717e-09	-3.687218e+01	-3.738191e+02
7.020000e-06	-6.857034e-06	-1.509040e-09	-3.696517e+01	-3.745210e+02
7.030000e-06	-6.873761e-06	-1.511663e-09	-3.705535e+01	-3.752012e+02
7.040000e-06	-6.890103e-06	-1.514834e-09	-3.714344e+01	-3.758589e+02
7.050000e-06	-6.906088e-06	-1.517848e-09	-3.722962e+01	-3.764933e+02
7.060000e-06	-6.921658e-06	-1.521772e-09	-3.731355e+01	-3.771038e+02
7.070000e-06	-6.936480e-06	-1.524683e-09	-3.739346e+01	-3.776897e+02
7.080000e-06	-6.950328e-06	-1.525471e-09	-3.746811e+01	-3.782506e+02
7.090000e-06	-6.963446e-06	-1.526939e-09	-3.753882e+01	-3.787860e+02
7.100000e-06	-6.976054e-06	-1.529277e-09	-3.760679e+01	-3.792958e+02
7.110000e-06	-6.988236e-06	-1.531791e-09	-3.767246e+01	-3.797798e+02
7.120000e-06	-6.999901e-06	-1.533272e-09	-3.773535e+01	-3.802380e+02
7.130000e-06	-7.010919e-06	-1.533527e-09	-3.779474e+01	-3.806704e+02
7.140000e-06	-7.021471e-06	-1.534450e-09	-3.785163e+01	-3.810773e+02
7.150000e-06	-7.031637e-06	-1.535633e-09	-3.790643e+01	-3.814589e+02
7.160000e-06	-7.041253e-06	-1.536420e-09	-3.795827e+01	-3.818156e+02
7.170000e-06	-7.050269e-06	-1.537691e-09	-3.800687e+01	-3.821478e+02
7.180000e-06	-7.058904e-06	-1.538407e-09	-3.805342e+01	-3.824561e+02
7.190000e-06	-7.067322e-06	-1.537377e-09	-3.809880e+01	-3.827411e+02
7.200000e-06	-7.075406e-06	-1.537026e-09	-3.814238e+01	-3.830034e+02
7.210000e-06	-7.083068e-06	-1.537870e-09	-3.818369e+01	-3.832437e+02
7.220000e-06	-7.090037e-06	-1.537040e-09	-3.822126e+01	-3.834626e+02
7.230000e-06	-7.096070e-06	-1.534813e-09	-3.825378e+01	-3.836609e+02
7.240000e-06	-7.101377e-06	-1.533918e-09	-3.828239e+01	-3.838394e+02
7.250000e-06	-7.106174e-06	-1.534554e-09	-3.830825e+01	-3.839986e+02
7.260000e-06	-7.110582e-06	-1.534471e-09	-3.833201e+01	-3.841393e+02
7.270000e-06	-7.114642e-06	-1.532907e-09	-3.835390e+01	-3.842622e+02
7.280000e-06	-7.118304e-06	-1.532993e-09	-3.837364e+01	-3.843678e+02
7.290000e-06	-7.121400e-06	-1.533682e-09	-3.839033e+01	-3.844569e+02
7.300000e-06	-7.123959e-06	-1.532651e-09	-3.840412e+01	-3.845298e+02
7.310000e-06	-7.126146e-06	-1.530528e-09	-3.841591e+01	-3.845872e+02
7.320000e-06	-7.127772e-06	-1.528010e-09	-3.842468e+01	-3.846296e+02
7.330000e-06	-7.128689e-06	-1.527675e-09	-3.842962e+01	-3.846572e+02
7.340000e-06	-7.129190e-06	-1.528188e-09	-3.843232e+01	-3.846706e+02
