# Temperatura_=_19.7
# Concentracion g/m^3_=_7400.0
# C_Vs_to_Am_M_A/Vsm_=_254322799225.57578
# pendiente_HvsI_1/m_=_3716.3
# ordenada_HvsI_A/m_=_1297.0
# frecuencia_Hz_=_136126.76933560063

Tiempo_(s)	Campo_(V.s)	Magnetizacion_(V.s)	Campo_(kA/m)	Magnetizacion_(A/m)
0.000000e+00	-7.088233e-06	-1.568288e-09	-3.841692e+01	-3.955544e+02
1.000000e-08	-7.088480e-06	-1.567968e-09	-3.841826e+01	-3.955724e+02
2.000000e-08	-7.088554e-06	-1.566666e-09	-3.841867e+01	-3.955701e+02
3.000000e-08	-7.088112e-06	-1.565372e-09	-3.841627e+01	-3.955482e+02
4.000000e-08	-7.086899e-06	-1.564914e-09	-3.840969e+01	-3.955075e+02
5.000000e-08	-7.084894e-06	-1.564022e-09	-3.839883e+01	-3.954491e+02
6.000000e-08	-7.082153e-06	-1.562607e-09	-3.838398e+01	-3.953738e+02
7.000000e-08	-7.078828e-06	-1.565510e-09	-3.836595e+01	-3.952825e+02
8.000000e-08	-7.075137e-06	-1.573754e-09	-3.834595e+01	-3.951764e+02
9.000000e-08	-7.071078e-06	-1.557546e-09	-3.832395e+01	-3.950562e+02
1.000000e-07	-7.066183e-06	-1.503447e-09	-3.829742e+01	-3.949231e+02
1.100000e-07	-7.060456e-06	-1.505677e-09	-3.826638e+01	-3.947780e+02
1.200000e-07	-7.054435e-06	-1.606429e-09	-3.823375e+01	-3.946216e+02
1.300000e-07	-7.048385e-06	-1.625439e-09	-3.820096e+01	-3.944549e+02
1.400000e-07	-7.041858e-06	-1.500581e-09	-3.816558e+01	-3.942787e+02
1.500000e-07	-7.034660e-06	-1.471511e-09	-3.812657e+01	-3.940936e+02
1.600000e-07	-7.027104e-06	-1.614366e-09	-3.808562e+01	-3.939003e+02
1.700000e-07	-7.019332e-06	-1.629268e-09	-3.804349e+01	-3.936992e+02
1.800000e-07	-7.011122e-06	-1.444144e-09	-3.799900e+01	-3.934909e+02
1.900000e-07	-7.002095e-06	-1.433617e-09	-3.795007e+01	-3.932757e+02
2.000000e-07	-6.992386e-06	-1.639973e-09	-3.789745e+01	-3.930537e+02
2.100000e-07	-6.982248e-06	-1.644673e-09	-3.784251e+01	-3.928252e+02
2.200000e-07	-6.971431e-06	-1.440183e-09	-3.778388e+01	-3.925901e+02
2.300000e-07	-6.959894e-06	-1.447787e-09	-3.772135e+01	-3.923485e+02
2.400000e-07	-6.947898e-06	-1.613766e-09	-3.765633e+01	-3.921002e+02
2.500000e-07	-6.935433e-06	-1.564785e-09	-3.758878e+01	-3.918450e+02
2.600000e-07	-6.922328e-06	-1.435821e-09	-3.751775e+01	-3.915826e+02
2.700000e-07	-6.908538e-06	-1.521666e-09	-3.744301e+01	-3.913126e+02
2.800000e-07	-6.894216e-06	-1.602457e-09	-3.736539e+01	-3.910346e+02
2.900000e-07	-6.879189e-06	-1.496047e-09	-3.728394e+01	-3.907482e+02
3.000000e-07	-6.863323e-06	-1.470996e-09	-3.719795e+01	-3.904528e+02
3.100000e-07	-6.846942e-06	-1.564864e-09	-3.710917e+01	-3.901480e+02
3.200000e-07	-6.830212e-06	-1.511882e-09	-3.701850e+01	-3.898332e+02
3.300000e-07	-6.813021e-06	-1.436152e-09	-3.692533e+01	-3.895078e+02
3.400000e-07	-6.795400e-06	-1.554275e-09	-3.682982e+01	-3.891713e+02
3.500000e-07	-6.777274e-06	-1.595636e-09	-3.673158e+01	-3.888232e+02
3.600000e-07	-6.758486e-06	-1.442589e-09	-3.662975e+01	-3.884629e+02
3.700000e-07	-6.739232e-06	-1.440194e-09	-3.652540e+01	-3.880901e+02
3.800000e-07	-6.719718e-06	-1.576179e-09	-3.641964e+01	-3.877042e+02
3.900000e-07	-6.699949e-06	-1.519777e-09	-3.631250e+01	-3.873049e+02
4.000000e-07	-6.679814e-06	-1.416558e-09	-3.620337e+01	-3.868918e+02
4.100000e-07	-6.659068e-06	-1.502559e-09	-3.609093e+01	-3.864646e+02
4.200000e-07	-6.637821e-06	-1.545429e-09	-3.597577e+01	-3.860230e+02
4.300000e-07	-6.616189e-06	-1.453461e-09	-3.585853e+01	-3.855668e+02
4.400000e-07	-6.594122e-06	-1.463487e-09	-3.573893e+01	-3.850960e+02
4.500000e-07	-6.571589e-06	-1.516802e-09	-3.561681e+01	-3.846103e+02
4.600000e-07	-6.548566e-06	-1.455514e-09	-3.549203e+01	-3.841098e+02
4.700000e-07	-6.525153e-06	-1.443099e-09	-3.536513e+01	-3.835945e+02
4.800000e-07	-6.501515e-06	-1.515372e-09	-3.523702e+01	-3.830643e+02
4.900000e-07	-6.477572e-06	-1.482345e-09	-3.510725e+01	-3.825194e+02
5.000000e-07	-6.452976e-06	-1.420105e-09	-3.497395e+01	-3.819599e+02
5.100000e-07	-6.427611e-06	-1.465611e-09	-3.483647e+01	-3.813859e+02
5.200000e-07	-6.401458e-06	-1.485752e-09	-3.469473e+01	-3.807977e+02
5.300000e-07	-6.374652e-06	-1.437466e-09	-3.454945e+01	-3.801953e+02
5.400000e-07	-6.347378e-06	-1.445679e-09	-3.440163e+01	-3.795789e+02
5.500000e-07	-6.319804e-06	-1.470938e-09	-3.425218e+01	-3.789489e+02
5.600000e-07	-6.291918e-06	-1.444319e-09	-3.410104e+01	-3.783053e+02
5.700000e-07	-6.263605e-06	-1.438217e-09	-3.394759e+01	-3.776484e+02
5.800000e-07	-6.234832e-06	-1.453033e-09	-3.379165e+01	-3.769784e+02
5.900000e-07	-6.205564e-06	-1.434269e-09	-3.363302e+01	-3.762953e+02
6.000000e-07	-6.175943e-06	-1.424418e-09	-3.347248e+01	-3.755994e+02
6.100000e-07	-6.145949e-06	-1.440367e-09	-3.330992e+01	-3.748907e+02
6.200000e-07	-6.115409e-06	-1.436477e-09	-3.314440e+01	-3.741694e+02
6.300000e-07	-6.084431e-06	-1.423524e-09	-3.297650e+01	-3.734354e+02
6.400000e-07	-6.053190e-06	-1.422075e-09	-3.280718e+01	-3.726887e+02
6.500000e-07	-6.021661e-06	-1.416358e-09	-3.263630e+01	-3.719294e+02
6.600000e-07	-5.989823e-06	-1.412080e-09	-3.246374e+01	-3.711573e+02
6.700000e-07	-5.957639e-06	-1.414380e-09	-3.228931e+01	-3.703723e+02
6.800000e-07	-5.924873e-06	-1.409003e-09	-3.211172e+01	-3.695743e+02
6.900000e-07	-5.891285e-06	-1.402981e-09	-3.192969e+01	-3.687628e+02
7.000000e-07	-5.856922e-06	-1.400945e-09	-3.174345e+01	-3.679378e+02
7.100000e-07	-5.821949e-06	-1.393662e-09	-3.155390e+01	-3.670988e+02
7.200000e-07	-5.786591e-06	-1.388377e-09	-3.136226e+01	-3.662455e+02
7.300000e-07	-5.751023e-06	-1.387955e-09	-3.116949e+01	-3.653774e+02
7.400000e-07	-5.715286e-06	-1.381864e-09	-3.097580e+01	-3.644942e+02
7.500000e-07	-5.679295e-06	-1.377375e-09	-3.078074e+01	-3.635952e+02
7.600000e-07	-5.642992e-06	-1.379799e-09	-3.058398e+01	-3.626800e+02
7.700000e-07	-5.606248e-06	-1.375792e-09	-3.038484e+01	-3.617479e+02
7.800000e-07	-5.568997e-06	-1.365474e-09	-3.018294e+01	-3.607984e+02
7.900000e-07	-5.531327e-06	-1.359557e-09	-2.997878e+01	-3.598310e+02
8.000000e-07	-5.493218e-06	-1.356152e-09	-2.977224e+01	-3.588448e+02
8.100000e-07	-5.454647e-06	-1.353496e-09	-2.956319e+01	-3.578394e+02
8.200000e-07	-5.415692e-06	-1.351166e-09	-2.935206e+01	-3.568141e+02
8.300000e-07	-5.376468e-06	-1.344615e-09	-2.913947e+01	-3.557682e+02
8.400000e-07	-5.337055e-06	-1.336461e-09	-2.892586e+01	-3.547012e+02
8.500000e-07	-5.297405e-06	-1.332154e-09	-2.871097e+01	-3.536125e+02
8.600000e-07	-5.257469e-06	-1.329700e-09	-2.849452e+01	-3.525015e+02
8.700000e-07	-5.217066e-06	-1.323763e-09	-2.827554e+01	-3.513678e+02
8.800000e-07	-5.176038e-06	-1.314656e-09	-2.805318e+01	-3.502107e+02
8.900000e-07	-5.134517e-06	-1.307405e-09	-2.782814e+01	-3.490300e+02
9.000000e-07	-5.092470e-06	-1.303343e-09	-2.760026e+01	-3.478253e+02
9.100000e-07	-5.049741e-06	-1.299465e-09	-2.736867e+01	-3.465963e+02
9.200000e-07	-5.006476e-06	-1.294444e-09	-2.713418e+01	-3.453427e+02
9.300000e-07	-4.962982e-06	-1.289718e-09	-2.689846e+01	-3.440645e+02
9.400000e-07	-4.919308e-06	-1.285677e-09	-2.666175e+01	-3.427615e+02
9.500000e-07	-4.875364e-06	-1.280125e-09	-2.642358e+01	-3.414336e+02
9.600000e-07	-4.831153e-06	-1.272009e-09	-2.618397e+01	-3.400811e+02
9.700000e-07	-4.786631e-06	-1.262303e-09	-2.594267e+01	-3.387041e+02
9.800000e-07	-4.741744e-06	-1.253852e-09	-2.569938e+01	-3.373026e+02
9.900000e-07	-4.696493e-06	-1.248442e-09	-2.545413e+01	-3.358771e+02
1.000000e-06	-4.650877e-06	-1.245347e-09	-2.520690e+01	-3.344278e+02
1.010000e-06	-4.604957e-06	-1.241587e-09	-2.495803e+01	-3.329552e+02
1.020000e-06	-4.558699e-06	-1.235709e-09	-2.470731e+01	-3.314595e+02
1.030000e-06	-4.512067e-06	-1.228596e-09	-2.445458e+01	-3.299414e+02
1.040000e-06	-4.465145e-06	-1.221924e-09	-2.420027e+01	-3.284012e+02
1.050000e-06	-4.417895e-06	-1.215463e-09	-2.394418e+01	-3.268394e+02
1.060000e-06	-4.370341e-06	-1.207727e-09	-2.368645e+01	-3.252564e+02
1.070000e-06	-4.322648e-06	-1.199328e-09	-2.342796e+01	-3.236527e+02
1.080000e-06	-4.274759e-06	-1.192628e-09	-2.316841e+01	-3.220286e+02
1.090000e-06	-4.226694e-06	-1.187772e-09	-2.290791e+01	-3.203846e+02
1.100000e-06	-4.178437e-06	-1.182000e-09	-2.264636e+01	-3.187208e+02
1.110000e-06	-4.129768e-06	-1.174232e-09	-2.238259e+01	-3.170375e+02
1.120000e-06	-4.080514e-06	-1.165746e-09	-2.211564e+01	-3.153347e+02
1.130000e-06	-4.030566e-06	-1.158168e-09	-2.184493e+01	-3.136124e+02
1.140000e-06	-3.980004e-06	-1.150858e-09	-2.157089e+01	-3.118706e+02
1.150000e-06	-3.928971e-06	-1.143413e-09	-2.129430e+01	-3.101090e+02
1.160000e-06	-3.877619e-06	-1.136274e-09	-2.101599e+01	-3.083271e+02
1.170000e-06	-3.826023e-06	-1.128905e-09	-2.073634e+01	-3.065246e+02
1.180000e-06	-3.774243e-06	-1.121430e-09	-2.045571e+01	-3.047008e+02
1.190000e-06	-3.722232e-06	-1.114259e-09	-2.017382e+01	-3.028550e+02
1.200000e-06	-3.669925e-06	-1.106787e-09	-1.989032e+01	-3.009863e+02
1.210000e-06	-3.617329e-06	-1.099000e-09	-1.960526e+01	-2.990938e+02
1.220000e-06	-3.564504e-06	-1.091921e-09	-1.931896e+01	-2.971763e+02
1.230000e-06	-3.511379e-06	-1.085587e-09	-1.903103e+01	-2.952327e+02
1.240000e-06	-3.457915e-06	-1.078343e-09	-1.874127e+01	-2.932618e+02
1.250000e-06	-3.404252e-06	-1.069633e-09	-1.845042e+01	-2.912622e+02
1.260000e-06	-3.350397e-06	-1.060308e-09	-1.815854e+01	-2.892326e+02
1.270000e-06	-3.296371e-06	-1.050908e-09	-1.786573e+01	-2.871716e+02
1.280000e-06	-3.242118e-06	-1.042392e-09	-1.757168e+01	-2.850780e+02
1.290000e-06	-3.187638e-06	-1.035645e-09	-1.727642e+01	-2.829502e+02
1.300000e-06	-3.132892e-06	-1.028777e-09	-1.697970e+01	-2.807869e+02
1.310000e-06	-3.077828e-06	-1.020659e-09	-1.668127e+01	-2.785870e+02
1.320000e-06	-3.022529e-06	-1.012477e-09	-1.638155e+01	-2.763492e+02
1.330000e-06	-2.967081e-06	-1.004005e-09	-1.608104e+01	-2.740724e+02
1.340000e-06	-2.911561e-06	-9.942564e-10	-1.578013e+01	-2.717556e+02
1.350000e-06	-2.855949e-06	-9.838354e-10	-1.547872e+01	-2.693980e+02
1.360000e-06	-2.800206e-06	-9.733945e-10	-1.517661e+01	-2.669987e+02
1.370000e-06	-2.744382e-06	-9.632513e-10	-1.487405e+01	-2.645571e+02
1.380000e-06	-2.688496e-06	-9.551235e-10	-1.457115e+01	-2.620728e+02
1.390000e-06	-2.632480e-06	-9.483686e-10	-1.426756e+01	-2.595454e+02
1.400000e-06	-2.576320e-06	-9.402421e-10	-1.396319e+01	-2.569746e+02
1.410000e-06	-2.519953e-06	-9.303970e-10	-1.365768e+01	-2.543603e+02
1.420000e-06	-2.463297e-06	-9.206658e-10	-1.335062e+01	-2.517025e+02
1.430000e-06	-2.406336e-06	-9.108127e-10	-1.304190e+01	-2.490012e+02
1.440000e-06	-2.349057e-06	-8.999727e-10	-1.273146e+01	-2.462567e+02
1.450000e-06	-2.291532e-06	-8.892470e-10	-1.241968e+01	-2.434690e+02
1.460000e-06	-2.233774e-06	-8.785787e-10	-1.210664e+01	-2.406383e+02
1.470000e-06	-2.175698e-06	-8.676835e-10	-1.179189e+01	-2.377647e+02
1.480000e-06	-2.117235e-06	-8.577116e-10	-1.147503e+01	-2.348484e+02
1.490000e-06	-2.058445e-06	-8.476581e-10	-1.115639e+01	-2.318895e+02
1.500000e-06	-1.999496e-06	-8.355617e-10	-1.083690e+01	-2.288877e+02
1.510000e-06	-1.940539e-06	-8.229027e-10	-1.051736e+01	-2.258430e+02
1.520000e-06	-1.881454e-06	-8.116061e-10	-1.019714e+01	-2.227548e+02
1.530000e-06	-1.822102e-06	-8.004598e-10	-9.875459e+00	-2.196225e+02
1.540000e-06	-1.762625e-06	-7.877433e-10	-9.553102e+00	-2.164454e+02
1.550000e-06	-1.703101e-06	-7.746413e-10	-9.230498e+00	-2.132222e+02
1.560000e-06	-1.643547e-06	-7.621466e-10	-8.907721e+00	-2.099517e+02
1.570000e-06	-1.583944e-06	-7.494828e-10	-8.584686e+00	-2.066322e+02
1.580000e-06	-1.524243e-06	-7.368141e-10	-8.261117e+00	-2.032617e+02
1.590000e-06	-1.464475e-06	-7.237258e-10	-7.937188e+00	-1.998380e+02
1.600000e-06	-1.404687e-06	-7.106806e-10	-7.613146e+00	-1.963586e+02
1.610000e-06	-1.344885e-06	-6.985041e-10	-7.289029e+00	-1.928207e+02
1.620000e-06	-1.285021e-06	-6.865938e-10	-6.964578e+00	-1.892211e+02
1.630000e-06	-1.225032e-06	-6.741273e-10	-6.639451e+00	-1.855566e+02
1.640000e-06	-1.164981e-06	-6.594240e-10	-6.313982e+00	-1.818238e+02
1.650000e-06	-1.104862e-06	-6.438330e-10	-5.988149e+00	-1.780189e+02
1.660000e-06	-1.044689e-06	-6.294958e-10	-5.662025e+00	-1.741382e+02
1.670000e-06	-9.844617e-07	-6.152264e-10	-5.335602e+00	-1.701779e+02
1.680000e-06	-9.241328e-07	-6.000977e-10	-5.008630e+00	-1.661341e+02
1.690000e-06	-8.637780e-07	-5.844725e-10	-4.681518e+00	-1.620030e+02
1.700000e-06	-8.034391e-07	-5.686802e-10	-4.354493e+00	-1.577809e+02
1.710000e-06	-7.431120e-07	-5.535703e-10	-4.027531e+00	-1.534644e+02
1.720000e-06	-6.827011e-07	-5.390080e-10	-3.700115e+00	-1.490501e+02
1.730000e-06	-6.221926e-07	-5.234878e-10	-3.372170e+00	-1.445352e+02
1.740000e-06	-5.616201e-07	-5.064758e-10	-3.043878e+00	-1.399170e+02
1.750000e-06	-5.010233e-07	-4.888406e-10	-2.715455e+00	-1.351933e+02
1.760000e-06	-4.404937e-07	-4.711018e-10	-2.387395e+00	-1.303626e+02
1.770000e-06	-3.799256e-07	-4.528454e-10	-2.059127e+00	-1.254237e+02
1.780000e-06	-3.193179e-07	-4.336156e-10	-1.730645e+00	-1.203761e+02
1.790000e-06	-2.586004e-07	-4.139870e-10	-1.401567e+00	-1.152200e+02
1.800000e-06	-1.977949e-07	-3.948197e-10	-1.072012e+00	-1.099561e+02
1.810000e-06	-1.369950e-07	-3.759617e-10	-7.424880e-01	-1.045859e+02
1.820000e-06	-7.615309e-08	-3.567696e-10	-4.127358e-01	-9.911167e+01
1.830000e-06	-1.539969e-08	-3.361542e-10	-8.346351e-02	-9.353632e+01
1.840000e-06	4.524275e-08	-3.143349e-10	2.452074e-01	-8.786350e+01
1.850000e-06	1.058577e-07	-2.934098e-10	5.737294e-01	-8.209757e+01
1.860000e-06	1.664783e-07	-2.725628e-10	9.022821e-01	-7.624360e+01
1.870000e-06	2.271974e-07	-2.491100e-10	1.231368e+00	-7.030727e+01
1.880000e-06	2.880460e-07	-2.236255e-10	1.561157e+00	-6.429490e+01
1.890000e-06	3.488817e-07	-1.991207e-10	1.890875e+00	-5.821336e+01
1.900000e-06	4.096294e-07	-1.764823e-10	2.220116e+00	-5.207005e+01
1.910000e-06	4.703539e-07	-1.545859e-10	2.549232e+00	-4.587277e+01
1.920000e-06	5.310780e-07	-1.326041e-10	2.878345e+00	-3.962971e+01
1.930000e-06	5.917410e-07	-1.099231e-10	3.207128e+00	-3.334935e+01
1.940000e-06	6.522960e-07	-8.676340e-11	3.535325e+00	-2.704037e+01
1.950000e-06	7.127758e-07	-6.273959e-11	3.863114e+00	-2.071158e+01
1.960000e-06	7.732098e-07	-3.700067e-11	4.190656e+00	-1.437184e+01
1.970000e-06	8.334976e-07	-1.126045e-11	4.517404e+00	-8.029948e+00
1.980000e-06	8.937333e-07	1.236624e-11	4.843871e+00	-1.694580e+00
1.990000e-06	9.540124e-07	3.485127e-11	5.170573e+00	4.625795e+00
2.000000e-06	1.014200e-06	5.650457e-11	5.496778e+00	1.092300e+01
2.010000e-06	1.074273e-06	7.801291e-11	5.822362e+00	1.718922e+01
2.020000e-06	1.134341e-06	1.003560e-10	6.147923e+00	2.341705e+01
2.030000e-06	1.194407e-06	1.234794e-10	6.473465e+00	2.959960e+01
2.040000e-06	1.254453e-06	1.463084e-10	6.798906e+00	3.573050e+01
2.050000e-06	1.314405e-06	1.685275e-10	7.123834e+00	4.180395e+01
2.060000e-06	1.374236e-06	1.913609e-10	7.448108e+00	4.781480e+01
2.070000e-06	1.434038e-06	2.136310e-10	7.772225e+00	5.375850e+01
2.080000e-06	1.493828e-06	2.338454e-10	8.096276e+00	5.963118e+01
2.090000e-06	1.553577e-06	2.541083e-10	8.420101e+00	6.542960e+01
2.100000e-06	1.613237e-06	2.761674e-10	8.743448e+00	7.115122e+01
2.110000e-06	1.672792e-06	2.980512e-10	9.066226e+00	7.679409e+01
2.120000e-06	1.732250e-06	3.185493e-10	9.388477e+00	8.235690e+01
2.130000e-06	1.791595e-06	3.378543e-10	9.710117e+00	8.783894e+01
2.140000e-06	1.850846e-06	3.569508e-10	1.003125e+01	9.324003e+01
2.150000e-06	1.910114e-06	3.774310e-10	1.035247e+01	9.856049e+01
2.160000e-06	1.969307e-06	3.984709e-10	1.067328e+01	1.038011e+02
2.170000e-06	2.028316e-06	4.181370e-10	1.099310e+01	1.089631e+02
2.180000e-06	2.087079e-06	4.371587e-10	1.131159e+01	1.140479e+02
2.190000e-06	2.145468e-06	4.562935e-10	1.162804e+01	1.190575e+02
2.200000e-06	2.203564e-06	4.743808e-10	1.194292e+01	1.239938e+02
2.210000e-06	2.261412e-06	4.913779e-10	1.225644e+01	1.288590e+02
2.220000e-06	2.318917e-06	5.079815e-10	1.256811e+01	1.336555e+02
2.230000e-06	2.376019e-06	5.242924e-10	1.287759e+01	1.383855e+02
2.240000e-06	2.432877e-06	5.416732e-10	1.318575e+01	1.430516e+02
2.250000e-06	2.489564e-06	5.604619e-10	1.349298e+01	1.476559e+02
2.260000e-06	2.545948e-06	5.780698e-10	1.379857e+01	1.522007e+02
2.270000e-06	2.602169e-06	5.937054e-10	1.410328e+01	1.566881e+02
2.280000e-06	2.658317e-06	6.088762e-10	1.440759e+01	1.611199e+02
2.290000e-06	2.714274e-06	6.254018e-10	1.471087e+01	1.654978e+02
2.300000e-06	2.770060e-06	6.429366e-10	1.501322e+01	1.698235e+02
2.310000e-06	2.825770e-06	6.588100e-10	1.531516e+01	1.740980e+02
2.320000e-06	2.881324e-06	6.731771e-10	1.561625e+01	1.783225e+02
2.330000e-06	2.936640e-06	6.876833e-10	1.591605e+01	1.824977e+02
2.340000e-06	2.991788e-06	7.028045e-10	1.621494e+01	1.866243e+02
2.350000e-06	3.046813e-06	7.183483e-10	1.651317e+01	1.907025e+02
2.360000e-06	3.101661e-06	7.335528e-10	1.681043e+01	1.947325e+02
2.370000e-06	3.156293e-06	7.480684e-10	1.710653e+01	1.987142e+02
2.380000e-06	3.210665e-06	7.625563e-10	1.740122e+01	2.026474e+02
2.390000e-06	3.264775e-06	7.772093e-10	1.769448e+01	2.065318e+02
2.400000e-06	3.318603e-06	7.913762e-10	1.798622e+01	2.103669e+02
2.410000e-06	3.372228e-06	8.041531e-10	1.827686e+01	2.141522e+02
2.420000e-06	3.425715e-06	8.158127e-10	1.856675e+01	2.178871e+02
2.430000e-06	3.478973e-06	8.289808e-10	1.885539e+01	2.215710e+02
2.440000e-06	3.531935e-06	8.442642e-10	1.914244e+01	2.252032e+02
2.450000e-06	3.584628e-06	8.590174e-10	1.942803e+01	2.287832e+02
2.460000e-06	3.637032e-06	8.717370e-10	1.971205e+01	2.323105e+02
2.470000e-06	3.689124e-06	8.834609e-10	1.999438e+01	2.357846e+02
2.480000e-06	3.740970e-06	8.949932e-10	2.027537e+01	2.392052e+02
2.490000e-06	3.792546e-06	9.063548e-10	2.055491e+01	2.425720e+02
2.500000e-06	3.843927e-06	9.173273e-10	2.083338e+01	2.458849e+02
2.510000e-06	3.894998e-06	9.281061e-10	2.111018e+01	2.491440e+02
2.520000e-06	3.945690e-06	9.391827e-10	2.138492e+01	2.523493e+02
2.530000e-06	3.995956e-06	9.512802e-10	2.165735e+01	2.555011e+02
2.540000e-06	4.045686e-06	9.631699e-10	2.192688e+01	2.585997e+02
2.550000e-06	4.094927e-06	9.733142e-10	2.219376e+01	2.616457e+02
2.560000e-06	4.143661e-06	9.825979e-10	2.245788e+01	2.646396e+02
2.570000e-06	4.192074e-06	9.920834e-10	2.272027e+01	2.675822e+02
2.580000e-06	4.240207e-06	1.002514e-09	2.298115e+01	2.704741e+02
2.590000e-06	4.287965e-06	1.013484e-09	2.323998e+01	2.733161e+02
2.600000e-06	4.335465e-06	1.024075e-09	2.349743e+01	2.761091e+02
2.610000e-06	4.382728e-06	1.033807e-09	2.375358e+01	2.788539e+02
2.620000e-06	4.429657e-06	1.043612e-09	2.400793e+01	2.815514e+02
2.630000e-06	4.476321e-06	1.053838e-09	2.426084e+01	2.842024e+02
2.640000e-06	4.522713e-06	1.063286e-09	2.451228e+01	2.868076e+02
2.650000e-06	4.568767e-06	1.071570e-09	2.476188e+01	2.893679e+02
2.660000e-06	4.614527e-06	1.079254e-09	2.500989e+01	2.918839e+02
2.670000e-06	4.659957e-06	1.087504e-09	2.525612e+01	2.943562e+02
2.680000e-06	4.705144e-06	1.096096e-09	2.550102e+01	2.967854e+02
2.690000e-06	4.750061e-06	1.104130e-09	2.574446e+01	2.991718e+02
2.700000e-06	4.794575e-06	1.112375e-09	2.598572e+01	3.015158e+02
2.710000e-06	4.838810e-06	1.121067e-09	2.622547e+01	3.038177e+02
2.720000e-06	4.882842e-06	1.129202e-09	2.646411e+01	3.060776e+02
2.730000e-06	4.926590e-06	1.136645e-09	2.670121e+01	3.082956e+02
2.740000e-06	4.970103e-06	1.143701e-09	2.693705e+01	3.104718e+02
2.750000e-06	5.013364e-06	1.150621e-09	2.717152e+01	3.126061e+02
2.760000e-06	5.056181e-06	1.158468e-09	2.740357e+01	3.146985e+02
2.770000e-06	5.098284e-06	1.166927e-09	2.763176e+01	3.167488e+02
2.780000e-06	5.139778e-06	1.174664e-09	2.785665e+01	3.187569e+02
2.790000e-06	5.180840e-06	1.181585e-09	2.807921e+01	3.207228e+02
2.800000e-06	5.221379e-06	1.188089e-09	2.829892e+01	3.226462e+02
2.810000e-06	5.261495e-06	1.195081e-09	2.851634e+01	3.245272e+02
2.820000e-06	5.301312e-06	1.202754e-09	2.873214e+01	3.263657e+02
2.830000e-06	5.340927e-06	1.210023e-09	2.894685e+01	3.281618e+02
2.840000e-06	5.380349e-06	1.217046e-09	2.916051e+01	3.299157e+02
2.850000e-06	5.419442e-06	1.224533e-09	2.937239e+01	3.316275e+02
2.860000e-06	5.458098e-06	1.232320e-09	2.958189e+01	3.332977e+02
2.870000e-06	5.496244e-06	1.239674e-09	2.978863e+01	3.349267e+02
2.880000e-06	5.533979e-06	1.246271e-09	2.999315e+01	3.365150e+02
2.890000e-06	5.571393e-06	1.251957e-09	3.019593e+01	3.380633e+02
2.900000e-06	5.608346e-06	1.256674e-09	3.039621e+01	3.395725e+02
2.910000e-06	5.644885e-06	1.261699e-09	3.059424e+01	3.410435e+02
2.920000e-06	5.681140e-06	1.267425e-09	3.079074e+01	3.424772e+02
2.930000e-06	5.717117e-06	1.273526e-09	3.098573e+01	3.438749e+02
2.940000e-06	5.752838e-06	1.280468e-09	3.117933e+01	3.452377e+02
2.950000e-06	5.788309e-06	1.287726e-09	3.137158e+01	3.465670e+02
2.960000e-06	5.823495e-06	1.294564e-09	3.156228e+01	3.478641e+02
2.970000e-06	5.858332e-06	1.300204e-09	3.175109e+01	3.491304e+02
2.980000e-06	5.892556e-06	1.304084e-09	3.193657e+01	3.503673e+02
2.990000e-06	5.925980e-06	1.307915e-09	3.211773e+01	3.515765e+02
3.000000e-06	5.958658e-06	1.312563e-09	3.229484e+01	3.527592e+02
3.010000e-06	5.990822e-06	1.317886e-09	3.246916e+01	3.539169e+02
3.020000e-06	6.022680e-06	1.323907e-09	3.264182e+01	3.550512e+02
3.030000e-06	6.054229e-06	1.329250e-09	3.281281e+01	3.561633e+02
3.040000e-06	6.085422e-06	1.333878e-09	3.298187e+01	3.572545e+02
3.050000e-06	6.116239e-06	1.338834e-09	3.314889e+01	3.583261e+02
3.060000e-06	6.146661e-06	1.344442e-09	3.331378e+01	3.593793e+02
3.070000e-06	6.176586e-06	1.349939e-09	3.347597e+01	3.604150e+02
3.080000e-06	6.206136e-06	1.353985e-09	3.363612e+01	3.614343e+02
3.090000e-06	6.235406e-06	1.357010e-09	3.379476e+01	3.624380e+02
3.100000e-06	6.264084e-06	1.360250e-09	3.395019e+01	3.634269e+02
3.110000e-06	6.292156e-06	1.364121e-09	3.410234e+01	3.644015e+02
3.120000e-06	6.319982e-06	1.368145e-09	3.425315e+01	3.653625e+02
3.130000e-06	6.347564e-06	1.372642e-09	3.440263e+01	3.663102e+02
3.140000e-06	6.374790e-06	1.378287e-09	3.455020e+01	3.672450e+02
3.150000e-06	6.401569e-06	1.384632e-09	3.469533e+01	3.681672e+02
3.160000e-06	6.427720e-06	1.390326e-09	3.483706e+01	3.690768e+02
3.170000e-06	6.453109e-06	1.393746e-09	3.497467e+01	3.699741e+02
3.180000e-06	6.477774e-06	1.395368e-09	3.510835e+01	3.708590e+02
3.190000e-06	6.501885e-06	1.397749e-09	3.523903e+01	3.717316e+02
3.200000e-06	6.525592e-06	1.401622e-09	3.536751e+01	3.725917e+02
3.210000e-06	6.548878e-06	1.405529e-09	3.549372e+01	3.734393e+02
3.220000e-06	6.571738e-06	1.409776e-09	3.561762e+01	3.742743e+02
3.230000e-06	6.594313e-06	1.415706e-09	3.573997e+01	3.750965e+02
3.240000e-06	6.616477e-06	1.421914e-09	3.586009e+01	3.759057e+02
3.250000e-06	6.638125e-06	1.426466e-09	3.597742e+01	3.767020e+02
3.260000e-06	6.659227e-06	1.428941e-09	3.609179e+01	3.774851e+02
3.270000e-06	6.679727e-06	1.430591e-09	3.620290e+01	3.782549e+02
3.280000e-06	6.699764e-06	1.433814e-09	3.631149e+01	3.790113e+02
3.290000e-06	6.719486e-06	1.437670e-09	3.641838e+01	3.797541e+02
3.300000e-06	6.738994e-06	1.441626e-09	3.652411e+01	3.804835e+02
3.310000e-06	6.758238e-06	1.446064e-09	3.662841e+01	3.811991e+02
3.320000e-06	6.776998e-06	1.450025e-09	3.673009e+01	3.819010e+02
3.330000e-06	6.795065e-06	1.453147e-09	3.682801e+01	3.825892e+02
3.340000e-06	6.812558e-06	1.456190e-09	3.692282e+01	3.832635e+02
3.350000e-06	6.829528e-06	1.459591e-09	3.701479e+01	3.839238e+02
3.360000e-06	6.845963e-06	1.462960e-09	3.710387e+01	3.845701e+02
3.370000e-06	6.862084e-06	1.466068e-09	3.719124e+01	3.852024e+02
3.380000e-06	6.877938e-06	1.469393e-09	3.727716e+01	3.858203e+02
3.390000e-06	6.893131e-06	1.472710e-09	3.735951e+01	3.864238e+02
3.400000e-06	6.907492e-06	1.475812e-09	3.743734e+01	3.870128e+02
3.410000e-06	6.921295e-06	1.480051e-09	3.751215e+01	3.875868e+02
3.420000e-06	6.934626e-06	1.484856e-09	3.758440e+01	3.881458e+02
3.430000e-06	6.947467e-06	1.489032e-09	3.765400e+01	3.886893e+02
3.440000e-06	6.959796e-06	1.492266e-09	3.772082e+01	3.892170e+02
3.450000e-06	6.971729e-06	1.495433e-09	3.778550e+01	3.897284e+02
3.460000e-06	6.983319e-06	1.499597e-09	3.784831e+01	3.902232e+02
3.470000e-06	6.994382e-06	1.503465e-09	3.790827e+01	3.907008e+02
3.480000e-06	7.004524e-06	1.505514e-09	3.796324e+01	3.911607e+02
3.490000e-06	7.013695e-06	1.506401e-09	3.801294e+01	3.916023e+02
3.500000e-06	7.022181e-06	1.508381e-09	3.805894e+01	3.920251e+02
3.510000e-06	7.030141e-06	1.511695e-09	3.810207e+01	3.924285e+02
3.520000e-06	7.037785e-06	1.514247e-09	3.814351e+01	3.928120e+02
3.530000e-06	7.045138e-06	1.516644e-09	3.818336e+01	3.931749e+02
3.540000e-06	7.052037e-06	1.519345e-09	3.822075e+01	3.935167e+02
3.550000e-06	7.058415e-06	1.521977e-09	3.825532e+01	3.938369e+02
3.560000e-06	7.064255e-06	1.524936e-09	3.828697e+01	3.941350e+02
3.570000e-06	7.069559e-06	1.526667e-09	3.831571e+01	3.944107e+02
3.580000e-06	7.074365e-06	1.526453e-09	3.834176e+01	3.946635e+02
3.590000e-06	7.078656e-06	1.527178e-09	3.836502e+01	3.948932e+02
3.600000e-06	7.082556e-06	1.530585e-09	3.838616e+01	3.950996e+02
3.610000e-06	7.086235e-06	1.534742e-09	3.840610e+01	3.952827e+02
3.620000e-06	7.089699e-06	1.537385e-09	3.842487e+01	3.954423e+02
3.630000e-06	7.092610e-06	1.538688e-09	3.844065e+01	3.955787e+02
3.640000e-06	7.094623e-06	1.539445e-09	3.845156e+01	3.956920e+02
3.650000e-06	7.095787e-06	1.539918e-09	3.845786e+01	3.957825e+02
3.660000e-06	7.096181e-06	1.541517e-09	3.846000e+01	3.958506e+02
3.670000e-06	7.096048e-06	1.543369e-09	3.845928e+01	3.958968e+02
3.680000e-06	7.095668e-06	1.543631e-09	3.845722e+01	3.959218e+02
3.690000e-06	7.095019e-06	1.544441e-09	3.845371e+01	3.959262e+02
3.700000e-06	7.093848e-06	1.547291e-09	3.844736e+01	3.959107e+02
3.710000e-06	7.092065e-06	1.550163e-09	3.843769e+01	3.958763e+02
3.720000e-06	7.089914e-06	1.550518e-09	3.842604e+01	3.958237e+02
3.730000e-06	7.087479e-06	1.546897e-09	3.841284e+01	3.957539e+02
3.740000e-06	7.084566e-06	1.534927e-09	3.839705e+01	3.956679e+02
3.750000e-06	7.081135e-06	1.525981e-09	3.837846e+01	3.955666e+02
3.760000e-06	7.077324e-06	1.572659e-09	3.835780e+01	3.954511e+02
3.770000e-06	7.072748e-06	1.636749e-09	3.833300e+01	3.953222e+02
3.780000e-06	7.067025e-06	1.560855e-09	3.830198e+01	3.951810e+02
3.790000e-06	7.060684e-06	1.436646e-09	3.826761e+01	3.950283e+02
3.800000e-06	7.054573e-06	1.510693e-09	3.823450e+01	3.948650e+02
3.810000e-06	7.048368e-06	1.654500e-09	3.820087e+01	3.946919e+02
3.820000e-06	7.041110e-06	1.577996e-09	3.816153e+01	3.945098e+02
3.830000e-06	7.032955e-06	1.416569e-09	3.811733e+01	3.943191e+02
3.840000e-06	7.024555e-06	1.521363e-09	3.807180e+01	3.941207e+02
3.850000e-06	7.015990e-06	1.720744e-09	3.802538e+01	3.939147e+02
3.860000e-06	7.006762e-06	1.587747e-09	3.797537e+01	3.937018e+02
3.870000e-06	6.996802e-06	1.351017e-09	3.792138e+01	3.934821e+02
3.880000e-06	6.986583e-06	1.491868e-09	3.786600e+01	3.932558e+02
3.890000e-06	6.976103e-06	1.729440e-09	3.780920e+01	3.930229e+02
3.900000e-06	6.964996e-06	1.575968e-09	3.774900e+01	3.927836e+02
3.910000e-06	6.953277e-06	1.379077e-09	3.768549e+01	3.925376e+02
3.920000e-06	6.941134e-06	1.569676e-09	3.761968e+01	3.922847e+02
3.930000e-06	6.928271e-06	1.711318e-09	3.754996e+01	3.920248e+02
3.940000e-06	6.914385e-06	1.477928e-09	3.747470e+01	3.917574e+02
3.950000e-06	6.899890e-06	1.395222e-09	3.739614e+01	3.914821e+02
3.960000e-06	6.884950e-06	1.641781e-09	3.731517e+01	3.911986e+02
3.970000e-06	6.869299e-06	1.653483e-09	3.723034e+01	3.909063e+02
3.980000e-06	6.853122e-06	1.436609e-09	3.714267e+01	3.906047e+02
3.990000e-06	6.836748e-06	1.520735e-09	3.705392e+01	3.902933e+02
4.000000e-06	6.820021e-06	1.681278e-09	3.696326e+01	3.899715e+02
4.010000e-06	6.802580e-06	1.500824e-09	3.686874e+01	3.896388e+02
4.020000e-06	6.784608e-06	1.406847e-09	3.677133e+01	3.892947e+02
4.030000e-06	6.766377e-06	1.633295e-09	3.667252e+01	3.889386e+02
4.040000e-06	6.747786e-06	1.641368e-09	3.657176e+01	3.885700e+02
4.050000e-06	6.728494e-06	1.427127e-09	3.646721e+01	3.881886e+02
4.060000e-06	6.708610e-06	1.509978e-09	3.635944e+01	3.877938e+02
4.070000e-06	6.688476e-06	1.661592e-09	3.625031e+01	3.873854e+02
4.080000e-06	6.668136e-06	1.505859e-09	3.614008e+01	3.869629e+02
4.090000e-06	6.647630e-06	1.437914e-09	3.602894e+01	3.865262e+02
4.100000e-06	6.626738e-06	1.605186e-09	3.591570e+01	3.860749e+02
4.110000e-06	6.605001e-06	1.577848e-09	3.579789e+01	3.856090e+02
4.120000e-06	6.582222e-06	1.455815e-09	3.567444e+01	3.851283e+02
4.130000e-06	6.558645e-06	1.551818e-09	3.554666e+01	3.846328e+02
4.140000e-06	6.534644e-06	1.589844e-09	3.541658e+01	3.841225e+02
4.150000e-06	6.510397e-06	1.463997e-09	3.528516e+01	3.835973e+02
4.160000e-06	6.485889e-06	1.495947e-09	3.515233e+01	3.830573e+02
4.170000e-06	6.460964e-06	1.589184e-09	3.501724e+01	3.825027e+02
4.180000e-06	6.435478e-06	1.516490e-09	3.487912e+01	3.819335e+02
4.190000e-06	6.409596e-06	1.486034e-09	3.473883e+01	3.813500e+02
4.200000e-06	6.383358e-06	1.555237e-09	3.459663e+01	3.807524e+02
4.210000e-06	6.356460e-06	1.525556e-09	3.445085e+01	3.801407e+02
4.220000e-06	6.328930e-06	1.483475e-09	3.430164e+01	3.795152e+02
4.230000e-06	6.301062e-06	1.527596e-09	3.415060e+01	3.788762e+02
4.240000e-06	6.272912e-06	1.524352e-09	3.399803e+01	3.782237e+02
4.250000e-06	6.244493e-06	1.490197e-09	3.384401e+01	3.775581e+02
4.260000e-06	6.215845e-06	1.513685e-09	3.368874e+01	3.768793e+02
4.270000e-06	6.186803e-06	1.519118e-09	3.353134e+01	3.761877e+02
4.280000e-06	6.157063e-06	1.492902e-09	3.337015e+01	3.754833e+02
4.290000e-06	6.126452e-06	1.495265e-09	3.320425e+01	3.747662e+02
4.300000e-06	6.095024e-06	1.497970e-09	3.303392e+01	3.740365e+02
4.310000e-06	6.063085e-06	1.495032e-09	3.286081e+01	3.732941e+02
4.320000e-06	6.030855e-06	1.504480e-09	3.268613e+01	3.725391e+02
4.330000e-06	5.998352e-06	1.496276e-09	3.250997e+01	3.717713e+02
4.340000e-06	5.965505e-06	1.484186e-09	3.233195e+01	3.709906e+02
4.350000e-06	5.932199e-06	1.490080e-09	3.215143e+01	3.701970e+02
4.360000e-06	5.898416e-06	1.483123e-09	3.196833e+01	3.693900e+02
4.370000e-06	5.864308e-06	1.475726e-09	3.178347e+01	3.685696e+02
4.380000e-06	5.829826e-06	1.485714e-09	3.159659e+01	3.677353e+02
4.390000e-06	5.794853e-06	1.479119e-09	3.140704e+01	3.668869e+02
4.400000e-06	5.759524e-06	1.468084e-09	3.121557e+01	3.660238e+02
4.410000e-06	5.723838e-06	1.478816e-09	3.102215e+01	3.651457e+02
4.420000e-06	5.687817e-06	1.476917e-09	3.082693e+01	3.642521e+02
4.430000e-06	5.651619e-06	1.460108e-09	3.063074e+01	3.633423e+02
4.440000e-06	5.615186e-06	1.462665e-09	3.043328e+01	3.624160e+02
4.450000e-06	5.578410e-06	1.469383e-09	3.023396e+01	3.614724e+02
4.460000e-06	5.541148e-06	1.462325e-09	3.003201e+01	3.605111e+02
4.470000e-06	5.503160e-06	1.457197e-09	2.982612e+01	3.595312e+02
4.480000e-06	5.464465e-06	1.454613e-09	2.961640e+01	3.585324e+02
4.490000e-06	5.425147e-06	1.448152e-09	2.940330e+01	3.575138e+02
4.500000e-06	5.385272e-06	1.445057e-09	2.918719e+01	3.564749e+02
4.510000e-06	5.345077e-06	1.445404e-09	2.896934e+01	3.554150e+02
4.520000e-06	5.304729e-06	1.442758e-09	2.875066e+01	3.543336e+02
4.530000e-06	5.264168e-06	1.436629e-09	2.853083e+01	3.532302e+02
4.540000e-06	5.223284e-06	1.431573e-09	2.830924e+01	3.521041e+02
4.550000e-06	5.182021e-06	1.430495e-09	2.808560e+01	3.509549e+02
4.560000e-06	5.140494e-06	1.427759e-09	2.786053e+01	3.497822e+02
4.570000e-06	5.098732e-06	1.419781e-09	2.763419e+01	3.485855e+02
4.580000e-06	5.056535e-06	1.413720e-09	2.740549e+01	3.473647e+02
4.590000e-06	5.013914e-06	1.413347e-09	2.717450e+01	3.461193e+02
4.600000e-06	4.970812e-06	1.412721e-09	2.694089e+01	3.448493e+02
4.610000e-06	4.927170e-06	1.406759e-09	2.670436e+01	3.435546e+02
4.620000e-06	4.883235e-06	1.398364e-09	2.646624e+01	3.422351e+02
4.630000e-06	4.839125e-06	1.392320e-09	2.622717e+01	3.408908e+02
4.640000e-06	4.794770e-06	1.388563e-09	2.598677e+01	3.395219e+02
4.650000e-06	4.750197e-06	1.385156e-09	2.574520e+01	3.381286e+02
4.660000e-06	4.705332e-06	1.379941e-09	2.550204e+01	3.367111e+02
4.670000e-06	4.660133e-06	1.372012e-09	2.525707e+01	3.352698e+02
4.680000e-06	4.614714e-06	1.364389e-09	2.501090e+01	3.338049e+02
4.690000e-06	4.568990e-06	1.358948e-09	2.476309e+01	3.323169e+02
4.700000e-06	4.522776e-06	1.354621e-09	2.451262e+01	3.308062e+02
4.710000e-06	4.476172e-06	1.349313e-09	2.426004e+01	3.292734e+02
4.720000e-06	4.429327e-06	1.343075e-09	2.400614e+01	3.277187e+02
4.730000e-06	4.382167e-06	1.338238e-09	2.375054e+01	3.261428e+02
4.740000e-06	4.334696e-06	1.334326e-09	2.349326e+01	3.245460e+02
4.750000e-06	4.286861e-06	1.328543e-09	2.323400e+01	3.229287e+02
4.760000e-06	4.238801e-06	1.320588e-09	2.297353e+01	3.212914e+02
4.770000e-06	4.190371e-06	1.313147e-09	2.271104e+01	3.196342e+02
4.780000e-06	4.141416e-06	1.308326e-09	2.244572e+01	3.179574e+02
4.790000e-06	4.092028e-06	1.304611e-09	2.217804e+01	3.162611e+02
4.800000e-06	4.042238e-06	1.299255e-09	2.190819e+01	3.145454e+02
4.810000e-06	3.992277e-06	1.291663e-09	2.163741e+01	3.128101e+02
4.820000e-06	3.942162e-06	1.283768e-09	2.136580e+01	3.110551e+02
4.830000e-06	3.891805e-06	1.277872e-09	2.109287e+01	3.092801e+02
4.840000e-06	3.841143e-06	1.271901e-09	2.081829e+01	3.074846e+02
4.850000e-06	3.790222e-06	1.263546e-09	2.054231e+01	3.056680e+02
4.860000e-06	3.739012e-06	1.254731e-09	2.026476e+01	3.038296e+02
4.870000e-06	3.687409e-06	1.248059e-09	1.998508e+01	3.019687e+02
4.880000e-06	3.635509e-06	1.243179e-09	1.970380e+01	3.000843e+02
4.890000e-06	3.583387e-06	1.237836e-09	1.942130e+01	2.981752e+02
4.900000e-06	3.531037e-06	1.230583e-09	1.913758e+01	2.962405e+02
4.910000e-06	3.478381e-06	1.221214e-09	1.885219e+01	2.942789e+02
4.920000e-06	3.425473e-06	1.212261e-09	1.856543e+01	2.922890e+02
4.930000e-06	3.372309e-06	1.205798e-09	1.827730e+01	2.902696e+02
4.940000e-06	3.318820e-06	1.199489e-09	1.798740e+01	2.882193e+02
4.950000e-06	3.264992e-06	1.191115e-09	1.769566e+01	2.861367e+02
4.960000e-06	3.210836e-06	1.181794e-09	1.740214e+01	2.840205e+02
4.970000e-06	3.156233e-06	1.174457e-09	1.710621e+01	2.818692e+02
4.980000e-06	3.101105e-06	1.169302e-09	1.680742e+01	2.796817e+02
4.990000e-06	3.045591e-06	1.162312e-09	1.650655e+01	2.774567e+02
5.000000e-06	2.989817e-06	1.152439e-09	1.620426e+01	2.751931e+02
5.010000e-06	2.933866e-06	1.142419e-09	1.590102e+01	2.728897e+02
5.020000e-06	2.877776e-06	1.132766e-09	1.559702e+01	2.705458e+02
5.030000e-06	2.821571e-06	1.122316e-09	1.529240e+01	2.681605e+02
5.040000e-06	2.765215e-06	1.110941e-09	1.498696e+01	2.657331e+02
5.050000e-06	2.708757e-06	1.099231e-09	1.468097e+01	2.632632e+02
5.060000e-06	2.652210e-06	1.088759e-09	1.437449e+01	2.607502e+02
5.070000e-06	2.595535e-06	1.080211e-09	1.406732e+01	2.581939e+02
5.080000e-06	2.538686e-06	1.071700e-09	1.375921e+01	2.555941e+02
5.090000e-06	2.481771e-06	1.059981e-09	1.345075e+01	2.529508e+02
5.100000e-06	2.424785e-06	1.046616e-09	1.314189e+01	2.502641e+02
5.110000e-06	2.367509e-06	1.035341e-09	1.283147e+01	2.475340e+02
5.120000e-06	2.309984e-06	1.025306e-09	1.251969e+01	2.447607e+02
5.130000e-06	2.252294e-06	1.014922e-09	1.220702e+01	2.419443e+02
5.140000e-06	2.194399e-06	1.003346e-09	1.189324e+01	2.390851e+02
5.150000e-06	2.136273e-06	9.910916e-10	1.157821e+01	2.361831e+02
5.160000e-06	2.077948e-06	9.787617e-10	1.126210e+01	2.332384e+02
5.170000e-06	2.019572e-06	9.658665e-10	1.094571e+01	2.302509e+02
5.180000e-06	1.961068e-06	9.522748e-10	1.062863e+01	2.272206e+02
5.190000e-06	1.902259e-06	9.387306e-10	1.030990e+01	2.241469e+02
5.200000e-06	1.843335e-06	9.257067e-10	9.990541e+00	2.210295e+02
5.210000e-06	1.784492e-06	9.127186e-10	9.671622e+00	2.178674e+02
5.220000e-06	1.725584e-06	8.997880e-10	9.352351e+00	2.146598e+02
5.230000e-06	1.666392e-06	8.861074e-10	9.031542e+00	2.114053e+02
5.240000e-06	1.606968e-06	8.708743e-10	8.709471e+00	2.081024e+02
5.250000e-06	1.547390e-06	8.557504e-10	8.386571e+00	2.047491e+02
5.260000e-06	1.487783e-06	8.417562e-10	8.063510e+00	2.013435e+02
5.270000e-06	1.428120e-06	8.275351e-10	7.740149e+00	1.978830e+02
5.280000e-06	1.368254e-06	8.134086e-10	7.415684e+00	1.943649e+02
5.290000e-06	1.308299e-06	7.996437e-10	7.090739e+00	1.907862e+02
5.300000e-06	1.248313e-06	7.844356e-10	6.765628e+00	1.871438e+02
5.310000e-06	1.188299e-06	7.674686e-10	6.440361e+00	1.834342e+02
5.320000e-06	1.128297e-06	7.497602e-10	6.115163e+00	1.796538e+02
5.330000e-06	1.068217e-06	7.321669e-10	5.789539e+00	1.757988e+02
5.340000e-06	1.008060e-06	7.155923e-10	5.463501e+00	1.718655e+02
5.350000e-06	9.478678e-07	7.000994e-10	5.137270e+00	1.678500e+02
5.360000e-06	8.876277e-07	6.841425e-10	4.810780e+00	1.637484e+02
5.370000e-06	8.273569e-07	6.669669e-10	4.484123e+00	1.595571e+02
5.380000e-06	7.670489e-07	6.488373e-10	4.157265e+00	1.552725e+02
5.390000e-06	7.067404e-07	6.292294e-10	3.830404e+00	1.508912e+02
5.400000e-06	6.464530e-07	6.096911e-10	3.503657e+00	1.464101e+02
5.410000e-06	5.860992e-07	5.914479e-10	3.176550e+00	1.418266e+02
5.420000e-06	5.256500e-07	5.722481e-10	2.848927e+00	1.371384e+02
5.430000e-06	4.651972e-07	5.519620e-10	2.521284e+00	1.323435e+02
5.440000e-06	4.047777e-07	5.319348e-10	2.193821e+00	1.274408e+02
5.450000e-06	3.443681e-07	5.124403e-10	1.866412e+00	1.224295e+02
5.460000e-06	2.839499e-07	4.924795e-10	1.538956e+00	1.173095e+02
5.470000e-06	2.235282e-07	4.714387e-10	1.211482e+00	1.120814e+02
5.480000e-06	1.630626e-07	4.495165e-10	8.837692e-01	1.067465e+02
5.490000e-06	1.026198e-07	4.253646e-10	5.561804e-01	1.013067e+02
5.500000e-06	4.228739e-08	3.993242e-10	2.291899e-01	9.576470e+01
5.510000e-06	-1.808833e-08	3.736825e-10	-9.803545e-02	9.012395e+01
5.520000e-06	-7.858984e-08	3.493490e-10	-4.259426e-01	8.438857e+01
5.530000e-06	-1.391077e-07	3.258939e-10	-7.539380e-01	7.856337e+01
5.540000e-06	-1.995917e-07	3.027274e-10	-1.081751e+00	7.265385e+01
5.550000e-06	-2.601059e-07	2.799340e-10	-1.409726e+00	6.666612e+01
5.560000e-06	-3.206185e-07	2.577193e-10	-1.737693e+00	6.060688e+01
5.570000e-06	-3.810555e-07	2.340685e-10	-2.065251e+00	5.448334e+01
5.580000e-06	-4.414330e-07	2.073396e-10	-2.392486e+00	4.830319e+01
5.590000e-06	-5.018179e-07	1.794736e-10	-2.719761e+00	4.207449e+01
5.600000e-06	-5.622268e-07	1.530297e-10	-3.047166e+00	3.580564e+01
5.610000e-06	-6.225834e-07	1.279093e-10	-3.374288e+00	2.950526e+01
5.620000e-06	-6.829097e-07	1.027693e-10	-3.701246e+00	2.318213e+01
5.630000e-06	-7.432246e-07	7.726293e-11	-4.028141e+00	1.684508e+01
5.640000e-06	-8.035307e-07	5.168491e-11	-4.354989e+00	1.050297e+01
5.650000e-06	-8.638171e-07	2.640393e-11	-4.681731e+00	4.164505e+00
5.660000e-06	-9.240317e-07	1.114719e-12	-5.008083e+00	-2.161760e+00
5.670000e-06	-9.842543e-07	-2.463012e-11	-5.334478e+00	-8.467544e+00
5.680000e-06	-1.044456e-06	-5.085589e-11	-5.660762e+00	-1.474490e+01
5.690000e-06	-1.104550e-06	-7.684308e-11	-5.986460e+00	-2.098629e+01
5.700000e-06	-1.164603e-06	-1.025074e-10	-6.311936e+00	-2.718464e+01
5.710000e-06	-1.224628e-06	-1.285176e-10	-6.637257e+00	-3.333339e+01
5.720000e-06	-1.284557e-06	-1.539845e-10	-6.962065e+00	-3.942657e+01
5.730000e-06	-1.344315e-06	-1.785519e-10	-7.285940e+00	-4.545879e+01
5.740000e-06	-1.403990e-06	-2.027113e-10	-7.609367e+00	-5.142530e+01
5.750000e-06	-1.463622e-06	-2.257234e-10	-7.932564e+00	-5.732201e+01
5.760000e-06	-1.522997e-06	-2.487930e-10	-8.254365e+00	-6.314547e+01
5.770000e-06	-1.582173e-06	-2.733273e-10	-8.575087e+00	-6.889291e+01
5.780000e-06	-1.641439e-06	-2.979886e-10	-8.896299e+00	-7.456217e+01
5.790000e-06	-1.700641e-06	-3.222737e-10	-9.217165e+00	-8.015175e+01
5.800000e-06	-1.759555e-06	-3.464938e-10	-9.536465e+00	-8.566072e+01
5.810000e-06	-1.818336e-06	-3.695875e-10	-9.855046e+00	-9.108875e+01
5.820000e-06	-1.877058e-06	-3.914997e-10	-1.017331e+01	-9.643598e+01
5.830000e-06	-1.935692e-06	-4.132786e-10	-1.049110e+01	-1.017031e+02
5.840000e-06	-1.994214e-06	-4.349582e-10	-1.080827e+01	-1.068911e+02
5.850000e-06	-2.052509e-06	-4.560760e-10	-1.112423e+01	-1.120014e+02
5.860000e-06	-2.110602e-06	-4.778049e-10	-1.143908e+01	-1.170358e+02
5.870000e-06	-2.168619e-06	-5.005279e-10	-1.175352e+01	-1.219962e+02
5.880000e-06	-2.226559e-06	-5.222164e-10	-1.206754e+01	-1.268849e+02
5.890000e-06	-2.284264e-06	-5.432906e-10	-1.238029e+01	-1.317040e+02
5.900000e-06	-2.341653e-06	-5.646628e-10	-1.269133e+01	-1.364559e+02
5.910000e-06	-2.398809e-06	-5.850478e-10	-1.300110e+01	-1.411430e+02
5.920000e-06	-2.455811e-06	-6.041376e-10	-1.331005e+01	-1.457676e+02
5.930000e-06	-2.512656e-06	-6.233548e-10	-1.361813e+01	-1.503320e+02
5.940000e-06	-2.569433e-06	-6.431548e-10	-1.392586e+01	-1.548382e+02
5.950000e-06	-2.626076e-06	-6.627648e-10	-1.423285e+01	-1.592883e+02
5.960000e-06	-2.682535e-06	-6.819086e-10	-1.453885e+01	-1.636840e+02
5.970000e-06	-2.738919e-06	-7.005970e-10	-1.484444e+01	-1.680269e+02
5.980000e-06	-2.795195e-06	-7.190992e-10	-1.514945e+01	-1.723183e+02
5.990000e-06	-2.851327e-06	-7.381090e-10	-1.545367e+01	-1.765594e+02
6.000000e-06	-2.907332e-06	-7.570902e-10	-1.575721e+01	-1.807509e+02
6.010000e-06	-2.963254e-06	-7.746869e-10	-1.606029e+01	-1.848936e+02
6.020000e-06	-3.018981e-06	-7.910338e-10	-1.636233e+01	-1.889879e+02
6.030000e-06	-3.074305e-06	-8.072489e-10	-1.666217e+01	-1.930339e+02
6.040000e-06	-3.129187e-06	-8.235406e-10	-1.695962e+01	-1.970317e+02
6.050000e-06	-3.183878e-06	-8.395107e-10	-1.725603e+01	-2.009811e+02
6.060000e-06	-3.238299e-06	-8.549868e-10	-1.755099e+01	-2.048818e+02
6.070000e-06	-3.292266e-06	-8.707021e-10	-1.784348e+01	-2.087333e+02
6.080000e-06	-3.345809e-06	-8.871456e-10	-1.813367e+01	-2.125353e+02
6.090000e-06	-3.398914e-06	-9.028729e-10	-1.842149e+01	-2.162870e+02
6.100000e-06	-3.451715e-06	-9.182267e-10	-1.870766e+01	-2.199879e+02
6.110000e-06	-3.504244e-06	-9.338002e-10	-1.899236e+01	-2.236374e+02
6.120000e-06	-3.556470e-06	-9.485110e-10	-1.927541e+01	-2.272348e+02
6.130000e-06	-3.608414e-06	-9.628419e-10	-1.955694e+01	-2.307797e+02
6.140000e-06	-3.660118e-06	-9.781343e-10	-1.983717e+01	-2.342715e+02
6.150000e-06	-3.711567e-06	-9.941344e-10	-2.011601e+01	-2.377099e+02
6.160000e-06	-3.762704e-06	-1.009602e-09	-2.039317e+01	-2.410947e+02
6.170000e-06	-3.813635e-06	-1.024042e-09	-2.066920e+01	-2.444256e+02
6.180000e-06	-3.864320e-06	-1.038157e-09	-2.094391e+01	-2.477025e+02
6.190000e-06	-3.914690e-06	-1.052393e-09	-2.121690e+01	-2.509257e+02
6.200000e-06	-3.964807e-06	-1.065885e-09	-2.148853e+01	-2.540952e+02
6.210000e-06	-4.014553e-06	-1.078401e-09	-2.175814e+01	-2.572115e+02
6.220000e-06	-4.063767e-06	-1.091479e-09	-2.202487e+01	-2.602750e+02
6.230000e-06	-4.112618e-06	-1.105307e-09	-2.228964e+01	-2.632862e+02
6.240000e-06	-4.161127e-06	-1.117795e-09	-2.255254e+01	-2.662457e+02
6.250000e-06	-4.209101e-06	-1.129387e-09	-2.281256e+01	-2.691544e+02
6.260000e-06	-4.256650e-06	-1.141352e-09	-2.307026e+01	-2.720129e+02
6.270000e-06	-4.303925e-06	-1.153066e-09	-2.332649e+01	-2.748221e+02
6.280000e-06	-4.351062e-06	-1.163520e-09	-2.358196e+01	-2.775828e+02
6.290000e-06	-4.398049e-06	-1.173418e-09	-2.383662e+01	-2.802960e+02
6.300000e-06	-4.444720e-06	-1.184637e-09	-2.408957e+01	-2.829623e+02
6.310000e-06	-4.491027e-06	-1.196583e-09	-2.434054e+01	-2.855827e+02
6.320000e-06	-4.536994e-06	-1.208685e-09	-2.458967e+01	-2.881579e+02
6.330000e-06	-4.582574e-06	-1.221213e-09	-2.483671e+01	-2.906886e+02
6.340000e-06	-4.627737e-06	-1.232089e-09	-2.508149e+01	-2.931754e+02
6.350000e-06	-4.672549e-06	-1.240782e-09	-2.532436e+01	-2.956188e+02
6.360000e-06	-4.717167e-06	-1.248759e-09	-2.556618e+01	-2.980194e+02
6.370000e-06	-4.761668e-06	-1.256681e-09	-2.580737e+01	-3.003775e+02
6.380000e-06	-4.805983e-06	-1.265779e-09	-2.604755e+01	-3.026933e+02
6.390000e-06	-4.850102e-06	-1.275558e-09	-2.628666e+01	-3.049672e+02
6.400000e-06	-4.893816e-06	-1.284888e-09	-2.652359e+01	-3.071991e+02
6.410000e-06	-4.937140e-06	-1.294255e-09	-2.675840e+01	-3.093892e+02
6.420000e-06	-4.980262e-06	-1.303123e-09	-2.699211e+01	-3.115375e+02
6.430000e-06	-5.023102e-06	-1.311736e-09	-2.722429e+01	-3.136438e+02
6.440000e-06	-5.065577e-06	-1.320891e-09	-2.745450e+01	-3.157081e+02
6.450000e-06	-5.107568e-06	-1.329933e-09	-2.768208e+01	-3.177303e+02
6.460000e-06	-5.149023e-06	-1.338567e-09	-2.790676e+01	-3.197102e+02
6.470000e-06	-5.190136e-06	-1.346874e-09	-2.812958e+01	-3.216477e+02
6.480000e-06	-5.231001e-06	-1.354318e-09	-2.835107e+01	-3.235428e+02
6.490000e-06	-5.271521e-06	-1.360079e-09	-2.857068e+01	-3.253955e+02
6.500000e-06	-5.311852e-06	-1.365978e-09	-2.878926e+01	-3.272057e+02
6.510000e-06	-5.351982e-06	-1.373020e-09	-2.900676e+01	-3.289736e+02
6.520000e-06	-5.391746e-06	-1.380376e-09	-2.922227e+01	-3.306994e+02
6.530000e-06	-5.431200e-06	-1.388352e-09	-2.943611e+01	-3.323834e+02
6.540000e-06	-5.470117e-06	-1.396252e-09	-2.964703e+01	-3.340260e+02
6.550000e-06	-5.508268e-06	-1.403095e-09	-2.985381e+01	-3.356277e+02
6.560000e-06	-5.545787e-06	-1.407983e-09	-3.005715e+01	-3.371893e+02
6.570000e-06	-5.582751e-06	-1.412335e-09	-3.025749e+01	-3.387114e+02
6.580000e-06	-5.619335e-06	-1.417556e-09	-3.045577e+01	-3.401950e+02
6.590000e-06	-5.655748e-06	-1.422399e-09	-3.065312e+01	-3.416410e+02
6.600000e-06	-5.691914e-06	-1.427990e-09	-3.084913e+01	-3.430505e+02
6.610000e-06	-5.727641e-06	-1.435810e-09	-3.104276e+01	-3.444248e+02
6.620000e-06	-5.762806e-06	-1.442730e-09	-3.123336e+01	-3.457651e+02
6.630000e-06	-5.797504e-06	-1.448004e-09	-3.142141e+01	-3.470727e+02
6.640000e-06	-5.831926e-06	-1.452544e-09	-3.160797e+01	-3.483490e+02
6.650000e-06	-5.866049e-06	-1.455917e-09	-3.179291e+01	-3.495956e+02
6.660000e-06	-5.899641e-06	-1.460096e-09	-3.197497e+01	-3.508138e+02
6.670000e-06	-5.932731e-06	-1.465617e-09	-3.215432e+01	-3.520051e+02
6.680000e-06	-5.965463e-06	-1.470548e-09	-3.233172e+01	-3.531710e+02
6.690000e-06	-5.997956e-06	-1.473765e-09	-3.250782e+01	-3.543129e+02
6.700000e-06	-6.030262e-06	-1.475518e-09	-3.268292e+01	-3.554322e+02
6.710000e-06	-6.062184e-06	-1.476819e-09	-3.285593e+01	-3.565302e+02
6.720000e-06	-6.093611e-06	-1.478789e-09	-3.302626e+01	-3.576082e+02
6.730000e-06	-6.124421e-06	-1.481160e-09	-3.319324e+01	-3.586674e+02
6.740000e-06	-6.154540e-06	-1.484298e-09	-3.335648e+01	-3.597088e+02
6.750000e-06	-6.184079e-06	-1.489468e-09	-3.351658e+01	-3.607334e+02
6.760000e-06	-6.213028e-06	-1.494365e-09	-3.367348e+01	-3.617422e+02
6.770000e-06	-6.241560e-06	-1.497267e-09	-3.382811e+01	-3.627359e+02
6.780000e-06	-6.269868e-06	-1.498177e-09	-3.398154e+01	-3.637152e+02
6.790000e-06	-6.297854e-06	-1.498842e-09	-3.413321e+01	-3.646806e+02
6.800000e-06	-6.325382e-06	-1.502484e-09	-3.428241e+01	-3.656326e+02
6.810000e-06	-6.352464e-06	-1.508029e-09	-3.442919e+01	-3.665717e+02
6.820000e-06	-6.379082e-06	-1.512889e-09	-3.457345e+01	-3.674980e+02
6.830000e-06	-6.405220e-06	-1.515282e-09	-3.471512e+01	-3.684118e+02
6.840000e-06	-6.430963e-06	-1.516042e-09	-3.485464e+01	-3.693132e+02
6.850000e-06	-6.456143e-06	-1.517313e-09	-3.499112e+01	-3.702022e+02
6.860000e-06	-6.480790e-06	-1.518390e-09	-3.512469e+01	-3.710788e+02
6.870000e-06	-6.505131e-06	-1.519219e-09	-3.525662e+01	-3.719431e+02
6.880000e-06	-6.529303e-06	-1.521803e-09	-3.538763e+01	-3.727948e+02
6.890000e-06	-6.553207e-06	-1.525355e-09	-3.551718e+01	-3.736340e+02
6.900000e-06	-6.576556e-06	-1.528690e-09	-3.564373e+01	-3.744604e+02
6.910000e-06	-6.599191e-06	-1.531666e-09	-3.576641e+01	-3.752740e+02
6.920000e-06	-6.620935e-06	-1.533452e-09	-3.588426e+01	-3.760746e+02
6.930000e-06	-6.641893e-06	-1.533904e-09	-3.599784e+01	-3.768620e+02
6.940000e-06	-6.662405e-06	-1.534378e-09	-3.610901e+01	-3.776362e+02
6.950000e-06	-6.682633e-06	-1.535849e-09	-3.621865e+01	-3.783971e+02
6.960000e-06	-6.702615e-06	-1.538046e-09	-3.632694e+01	-3.791444e+02
6.970000e-06	-6.722067e-06	-1.540159e-09	-3.643237e+01	-3.798782e+02
6.980000e-06	-6.740913e-06	-1.541552e-09	-3.653451e+01	-3.805984e+02
6.990000e-06	-6.759418e-06	-1.543268e-09	-3.663481e+01	-3.813049e+02
7.000000e-06	-6.777616e-06	-1.545729e-09	-3.673344e+01	-3.819976e+02
7.010000e-06	-6.795256e-06	-1.547298e-09	-3.682904e+01	-3.826765e+02
7.020000e-06	-6.812244e-06	-1.548076e-09	-3.692111e+01	-3.833415e+02
7.030000e-06	-6.828850e-06	-1.549363e-09	-3.701112e+01	-3.839924e+02
7.040000e-06	-6.845211e-06	-1.550360e-09	-3.709979e+01	-3.846293e+02
7.050000e-06	-6.861301e-06	-1.551453e-09	-3.718699e+01	-3.852520e+02
7.060000e-06	-6.876860e-06	-1.552018e-09	-3.727132e+01	-3.858604e+02
7.070000e-06	-6.891547e-06	-1.550943e-09	-3.735092e+01	-3.864541e+02
7.080000e-06	-6.905528e-06	-1.551378e-09	-3.742670e+01	-3.870332e+02
7.090000e-06	-6.918949e-06	-1.554997e-09	-3.749944e+01	-3.875972e+02
7.100000e-06	-6.931737e-06	-1.558837e-09	-3.756874e+01	-3.881458e+02
7.110000e-06	-6.944006e-06	-1.560337e-09	-3.763524e+01	-3.886788e+02
7.120000e-06	-6.955720e-06	-1.560544e-09	-3.769873e+01	-3.891956e+02
7.130000e-06	-6.966794e-06	-1.561035e-09	-3.775875e+01	-3.896960e+02
7.140000e-06	-6.977311e-06	-1.561782e-09	-3.781575e+01	-3.901793e+02
7.150000e-06	-6.987430e-06	-1.563156e-09	-3.787059e+01	-3.906451e+02
7.160000e-06	-6.997197e-06	-1.565561e-09	-3.792352e+01	-3.910929e+02
7.170000e-06	-7.006293e-06	-1.567001e-09	-3.797282e+01	-3.915220e+02
7.180000e-06	-7.014864e-06	-1.566587e-09	-3.801928e+01	-3.919319e+02
7.190000e-06	-7.023300e-06	-1.566019e-09	-3.806500e+01	-3.923221e+02
7.200000e-06	-7.031500e-06	-1.565972e-09	-3.810944e+01	-3.926918e+02
7.210000e-06	-7.039301e-06	-1.566055e-09	-3.815172e+01	-3.930407e+02
7.220000e-06	-7.046480e-06	-1.565830e-09	-3.819063e+01	-3.933681e+02
7.230000e-06	-7.052743e-06	-1.565609e-09	-3.822458e+01	-3.936736e+02
7.240000e-06	-7.058155e-06	-1.566098e-09	-3.825391e+01	-3.939568e+02
7.250000e-06	-7.063014e-06	-1.567773e-09	-3.828025e+01	-3.942172e+02
7.260000e-06	-7.067489e-06	-1.568628e-09	-3.830450e+01	-3.944546e+02
7.270000e-06	-7.071595e-06	-1.567456e-09	-3.832675e+01	-3.946688e+02
7.280000e-06	-7.075310e-06	-1.567188e-09	-3.834688e+01	-3.948596e+02
7.290000e-06	-7.078573e-06	-1.568953e-09	-3.836457e+01	-3.950270e+02
7.300000e-06	-7.081338e-06	-1.569739e-09	-3.837956e+01	-3.951711e+02
7.310000e-06	-7.083747e-06	-1.568434e-09	-3.839261e+01	-3.952920e+02
7.320000e-06	-7.085746e-06	-1.567870e-09	-3.840345e+01	-3.953900e+02
7.330000e-06	-7.087064e-06	-1.568107e-09	-3.841059e+01	-3.954655e+02
7.340000e-06	-7.087799e-06	-1.568086e-09	-3.841457e+01	-3.955190e+02
