# Temperatura_=_6.8
# Concentracion g/m^3_=_7400.0
# C_Vs_to_Am_M_A/Vsm_=_254322799225.57578
# pendiente_HvsI_1/m_=_3716.3
# ordenada_HvsI_A/m_=_1297.0
# frecuencia_Hz_=_136107.19995166

Tiempo_(s)	Campo_(V.s)	Magnetizacion_(V.s)	Campo_(kA/m)	Magnetizacion_(A/m)
0.000000e+00	-7.134005e-06	-1.472783e-09	-3.843848e+01	-3.688239e+02
1.000000e-08	-7.134060e-06	-1.471824e-09	-3.843877e+01	-3.688407e+02
2.000000e-08	-7.133781e-06	-1.470673e-09	-3.843727e+01	-3.688426e+02
3.000000e-08	-7.133058e-06	-1.470228e-09	-3.843337e+01	-3.688304e+02
4.000000e-08	-7.131513e-06	-1.469729e-09	-3.842505e+01	-3.688052e+02
5.000000e-08	-7.129272e-06	-1.467959e-09	-3.841297e+01	-3.687680e+02
6.000000e-08	-7.126496e-06	-1.465852e-09	-3.839802e+01	-3.687197e+02
7.000000e-08	-7.123121e-06	-1.466120e-09	-3.837983e+01	-3.686614e+02
8.000000e-08	-7.119314e-06	-1.463361e-09	-3.835932e+01	-3.685942e+02
9.000000e-08	-7.114949e-06	-1.459320e-09	-3.833580e+01	-3.685189e+02
1.000000e-07	-7.109873e-06	-1.460966e-09	-3.830845e+01	-3.684364e+02
1.100000e-07	-7.104218e-06	-1.461205e-09	-3.827798e+01	-3.683475e+02
1.200000e-07	-7.098253e-06	-1.443639e-09	-3.824584e+01	-3.682529e+02
1.300000e-07	-7.091894e-06	-1.453267e-09	-3.821158e+01	-3.681532e+02
1.400000e-07	-7.084949e-06	-1.473206e-09	-3.817416e+01	-3.680489e+02
1.500000e-07	-7.077508e-06	-1.455895e-09	-3.813407e+01	-3.679402e+02
1.600000e-07	-7.069765e-06	-1.428468e-09	-3.809235e+01	-3.678273e+02
1.700000e-07	-7.061520e-06	-1.445115e-09	-3.804792e+01	-3.677102e+02
1.800000e-07	-7.052565e-06	-1.483572e-09	-3.799967e+01	-3.675889e+02
1.900000e-07	-7.042904e-06	-1.449446e-09	-3.794762e+01	-3.674631e+02
2.000000e-07	-7.032897e-06	-1.410551e-09	-3.789370e+01	-3.673323e+02
2.100000e-07	-7.022344e-06	-1.452329e-09	-3.783684e+01	-3.671960e+02
2.200000e-07	-7.011131e-06	-1.486370e-09	-3.777642e+01	-3.670536e+02
2.300000e-07	-6.999406e-06	-1.428810e-09	-3.771325e+01	-3.669044e+02
2.400000e-07	-6.987035e-06	-1.400617e-09	-3.764659e+01	-3.667475e+02
2.500000e-07	-6.974155e-06	-1.457485e-09	-3.757719e+01	-3.665821e+02
2.600000e-07	-6.960817e-06	-1.465917e-09	-3.750533e+01	-3.664071e+02
2.700000e-07	-6.946940e-06	-1.405706e-09	-3.743056e+01	-3.662216e+02
2.800000e-07	-6.932249e-06	-1.416421e-09	-3.735140e+01	-3.660245e+02
2.900000e-07	-6.916842e-06	-1.468186e-09	-3.726839e+01	-3.658150e+02
3.000000e-07	-6.900943e-06	-1.431474e-09	-3.718272e+01	-3.655921e+02
3.100000e-07	-6.884543e-06	-1.395541e-09	-3.709436e+01	-3.653548e+02
3.200000e-07	-6.867664e-06	-1.443586e-09	-3.700341e+01	-3.651023e+02
3.300000e-07	-6.850392e-06	-1.450760e-09	-3.691035e+01	-3.648337e+02
3.400000e-07	-6.832487e-06	-1.394330e-09	-3.681388e+01	-3.645485e+02
3.500000e-07	-6.813938e-06	-1.416072e-09	-3.671393e+01	-3.642461e+02
3.600000e-07	-6.794849e-06	-1.459509e-09	-3.661108e+01	-3.639259e+02
3.700000e-07	-6.775432e-06	-1.405947e-09	-3.650646e+01	-3.635876e+02
3.800000e-07	-6.755770e-06	-1.379639e-09	-3.640052e+01	-3.632310e+02
3.900000e-07	-6.735707e-06	-1.438830e-09	-3.629242e+01	-3.628559e+02
4.000000e-07	-6.715231e-06	-1.429762e-09	-3.618209e+01	-3.624624e+02
4.100000e-07	-6.694309e-06	-1.375573e-09	-3.606937e+01	-3.620505e+02
4.200000e-07	-6.672827e-06	-1.406819e-09	-3.595362e+01	-3.616204e+02
4.300000e-07	-6.650809e-06	-1.432601e-09	-3.583498e+01	-3.611726e+02
4.400000e-07	-6.628356e-06	-1.384632e-09	-3.571401e+01	-3.607073e+02
4.500000e-07	-6.605562e-06	-1.386748e-09	-3.559119e+01	-3.602250e+02
4.600000e-07	-6.582366e-06	-1.419353e-09	-3.546621e+01	-3.597264e+02
4.700000e-07	-6.558791e-06	-1.387421e-09	-3.533918e+01	-3.592120e+02
4.800000e-07	-6.534771e-06	-1.374518e-09	-3.520976e+01	-3.586824e+02
4.900000e-07	-6.510169e-06	-1.408862e-09	-3.507721e+01	-3.581382e+02
5.000000e-07	-6.484977e-06	-1.389430e-09	-3.494147e+01	-3.575802e+02
5.100000e-07	-6.459143e-06	-1.362477e-09	-3.480228e+01	-3.570090e+02
5.200000e-07	-6.432733e-06	-1.389917e-09	-3.465997e+01	-3.564252e+02
5.300000e-07	-6.405685e-06	-1.388382e-09	-3.451424e+01	-3.558293e+02
5.400000e-07	-6.378094e-06	-1.360646e-09	-3.436558e+01	-3.552221e+02
5.500000e-07	-6.350211e-06	-1.376810e-09	-3.421534e+01	-3.546038e+02
5.600000e-07	-6.322058e-06	-1.380414e-09	-3.406365e+01	-3.539751e+02
5.700000e-07	-6.293468e-06	-1.352987e-09	-3.390961e+01	-3.533362e+02
5.800000e-07	-6.264355e-06	-1.361851e-09	-3.375274e+01	-3.526875e+02
5.900000e-07	-6.234822e-06	-1.371548e-09	-3.359362e+01	-3.520292e+02
6.000000e-07	-6.204974e-06	-1.347404e-09	-3.343280e+01	-3.513614e+02
6.100000e-07	-6.174506e-06	-1.349010e-09	-3.326863e+01	-3.506842e+02
6.200000e-07	-6.143596e-06	-1.362569e-09	-3.310209e+01	-3.499975e+02
6.300000e-07	-6.112458e-06	-1.342779e-09	-3.293431e+01	-3.493014e+02
6.400000e-07	-6.081024e-06	-1.336810e-09	-3.276495e+01	-3.485957e+02
6.500000e-07	-6.049372e-06	-1.349140e-09	-3.259441e+01	-3.478801e+02
6.600000e-07	-6.017290e-06	-1.336127e-09	-3.242154e+01	-3.471545e+02
6.700000e-07	-5.984688e-06	-1.326066e-09	-3.224588e+01	-3.464184e+02
6.800000e-07	-5.951471e-06	-1.336173e-09	-3.206691e+01	-3.456716e+02
6.900000e-07	-5.917526e-06	-1.328083e-09	-3.188401e+01	-3.449136e+02
7.000000e-07	-5.882894e-06	-1.315733e-09	-3.169741e+01	-3.441440e+02
7.100000e-07	-5.847681e-06	-1.319752e-09	-3.150768e+01	-3.433624e+02
7.200000e-07	-5.812130e-06	-1.314932e-09	-3.131613e+01	-3.425683e+02
7.300000e-07	-5.776357e-06	-1.303484e-09	-3.112338e+01	-3.417612e+02
7.400000e-07	-5.740397e-06	-1.305222e-09	-3.092962e+01	-3.409406e+02
7.500000e-07	-5.704156e-06	-1.303428e-09	-3.073436e+01	-3.401060e+02
7.600000e-07	-5.667420e-06	-1.294353e-09	-3.053642e+01	-3.392569e+02
7.700000e-07	-5.630171e-06	-1.292099e-09	-3.033572e+01	-3.383927e+02
7.800000e-07	-5.592425e-06	-1.288807e-09	-3.013234e+01	-3.375130e+02
7.900000e-07	-5.554223e-06	-1.279052e-09	-2.992651e+01	-3.366173e+02
8.000000e-07	-5.515674e-06	-1.274682e-09	-2.971880e+01	-3.357049e+02
8.100000e-07	-5.476757e-06	-1.273402e-09	-2.950912e+01	-3.347754e+02
8.200000e-07	-5.437413e-06	-1.267707e-09	-2.929713e+01	-3.338282e+02
8.300000e-07	-5.397853e-06	-1.262226e-09	-2.908398e+01	-3.328628e+02
8.400000e-07	-5.358089e-06	-1.257634e-09	-2.886973e+01	-3.318787e+02
8.500000e-07	-5.317912e-06	-1.251684e-09	-2.865325e+01	-3.308752e+02
8.600000e-07	-5.277353e-06	-1.245708e-09	-2.843471e+01	-3.298519e+02
8.700000e-07	-5.236295e-06	-1.240160e-09	-2.821349e+01	-3.288082e+02
8.800000e-07	-5.194702e-06	-1.234505e-09	-2.798939e+01	-3.277434e+02
8.900000e-07	-5.152604e-06	-1.230107e-09	-2.776256e+01	-3.266570e+02
9.000000e-07	-5.110143e-06	-1.225826e-09	-2.753378e+01	-3.255485e+02
9.100000e-07	-5.067290e-06	-1.221348e-09	-2.730288e+01	-3.244171e+02
9.200000e-07	-5.023915e-06	-1.216156e-09	-2.706917e+01	-3.232624e+02
9.300000e-07	-4.980256e-06	-1.210882e-09	-2.683394e+01	-3.220836e+02
9.400000e-07	-4.936317e-06	-1.206002e-09	-2.659719e+01	-3.208804e+02
9.500000e-07	-4.892067e-06	-1.201273e-09	-2.635877e+01	-3.196520e+02
9.600000e-07	-4.847549e-06	-1.195185e-09	-2.611891e+01	-3.183979e+02
9.700000e-07	-4.802620e-06	-1.188925e-09	-2.587682e+01	-3.171176e+02
9.800000e-07	-4.757332e-06	-1.183110e-09	-2.563281e+01	-3.158107e+02
9.900000e-07	-4.711753e-06	-1.177155e-09	-2.538723e+01	-3.144767e+02
1.000000e-06	-4.665772e-06	-1.170447e-09	-2.513948e+01	-3.131151e+02
1.010000e-06	-4.619486e-06	-1.164267e-09	-2.489009e+01	-3.117257e+02
1.020000e-06	-4.572910e-06	-1.158643e-09	-2.463913e+01	-3.103081e+02
1.030000e-06	-4.526110e-06	-1.152534e-09	-2.438697e+01	-3.088622e+02
1.040000e-06	-4.479086e-06	-1.146587e-09	-2.413360e+01	-3.073878e+02
1.050000e-06	-4.431747e-06	-1.140720e-09	-2.387854e+01	-3.058848e+02
1.060000e-06	-4.384045e-06	-1.134076e-09	-2.362152e+01	-3.043531e+02
1.070000e-06	-4.335973e-06	-1.127116e-09	-2.336250e+01	-3.027930e+02
1.080000e-06	-4.287687e-06	-1.119755e-09	-2.310233e+01	-3.012044e+02
1.090000e-06	-4.239160e-06	-1.112110e-09	-2.284087e+01	-2.995876e+02
1.100000e-06	-4.190068e-06	-1.105373e-09	-2.257635e+01	-2.979428e+02
1.110000e-06	-4.140328e-06	-1.099015e-09	-2.230835e+01	-2.962704e+02
1.120000e-06	-4.090242e-06	-1.092806e-09	-2.203849e+01	-2.945707e+02
1.130000e-06	-4.039801e-06	-1.086107e-09	-2.176670e+01	-2.928441e+02
1.140000e-06	-3.988753e-06	-1.078284e-09	-2.149166e+01	-2.910911e+02
1.150000e-06	-3.937353e-06	-1.070382e-09	-2.121471e+01	-2.893121e+02
1.160000e-06	-3.885842e-06	-1.063791e-09	-2.093716e+01	-2.875076e+02
1.170000e-06	-3.834047e-06	-1.057106e-09	-2.065809e+01	-2.856781e+02
1.180000e-06	-3.782004e-06	-1.049757e-09	-2.037768e+01	-2.838240e+02
1.190000e-06	-3.729648e-06	-1.042486e-09	-2.009558e+01	-2.819456e+02
1.200000e-06	-3.676876e-06	-1.035567e-09	-1.981124e+01	-2.800435e+02
1.210000e-06	-3.623849e-06	-1.028430e-09	-1.952553e+01	-2.781178e+02
1.220000e-06	-3.570683e-06	-1.020746e-09	-1.923907e+01	-2.761689e+02
1.230000e-06	-3.517322e-06	-1.012035e-09	-1.895156e+01	-2.741970e+02
1.240000e-06	-3.463688e-06	-1.003789e-09	-1.866257e+01	-2.722021e+02
1.250000e-06	-3.409792e-06	-9.963455e-10	-1.837218e+01	-2.701843e+02
1.260000e-06	-3.355705e-06	-9.879988e-10	-1.808075e+01	-2.681436e+02
1.270000e-06	-3.301469e-06	-9.788256e-10	-1.778852e+01	-2.660796e+02
1.280000e-06	-3.246951e-06	-9.699157e-10	-1.749478e+01	-2.639923e+02
1.290000e-06	-3.191973e-06	-9.616490e-10	-1.719856e+01	-2.618812e+02
1.300000e-06	-3.136729e-06	-9.541712e-10	-1.690089e+01	-2.597459e+02
1.310000e-06	-3.081374e-06	-9.471846e-10	-1.660264e+01	-2.575859e+02
1.320000e-06	-3.025875e-06	-9.384687e-10	-1.630361e+01	-2.554004e+02
1.330000e-06	-2.970338e-06	-9.278486e-10	-1.600437e+01	-2.531889e+02
1.340000e-06	-2.914649e-06	-9.185960e-10	-1.570431e+01	-2.509505e+02
1.350000e-06	-2.858836e-06	-9.105918e-10	-1.540359e+01	-2.486844e+02
1.360000e-06	-2.802959e-06	-9.013712e-10	-1.510252e+01	-2.463897e+02
1.370000e-06	-2.746911e-06	-8.916330e-10	-1.480053e+01	-2.440656e+02
1.380000e-06	-2.690596e-06	-8.830670e-10	-1.449711e+01	-2.417110e+02
1.390000e-06	-2.634034e-06	-8.758419e-10	-1.419234e+01	-2.393249e+02
1.400000e-06	-2.577288e-06	-8.680656e-10	-1.388659e+01	-2.369064e+02
1.410000e-06	-2.520308e-06	-8.577900e-10	-1.357958e+01	-2.344545e+02
1.420000e-06	-2.462932e-06	-8.461106e-10	-1.327044e+01	-2.319681e+02
1.430000e-06	-2.405218e-06	-8.348372e-10	-1.295947e+01	-2.294463e+02
1.440000e-06	-2.347422e-06	-8.250437e-10	-1.264806e+01	-2.268881e+02
1.450000e-06	-2.289236e-06	-8.166084e-10	-1.233455e+01	-2.242925e+02
1.460000e-06	-2.230631e-06	-8.074509e-10	-1.201878e+01	-2.216586e+02
1.470000e-06	-2.171835e-06	-7.968144e-10	-1.170199e+01	-2.189853e+02
1.480000e-06	-2.112827e-06	-7.865262e-10	-1.138405e+01	-2.162717e+02
1.490000e-06	-2.053674e-06	-7.774367e-10	-1.106533e+01	-2.135170e+02
1.500000e-06	-1.994350e-06	-7.667132e-10	-1.074569e+01	-2.107200e+02
1.510000e-06	-1.934902e-06	-7.551780e-10	-1.042538e+01	-2.078799e+02
1.520000e-06	-1.875379e-06	-7.443194e-10	-1.010466e+01	-2.049957e+02
1.530000e-06	-1.815785e-06	-7.333340e-10	-9.783568e+00	-2.020662e+02
1.540000e-06	-1.756115e-06	-7.220226e-10	-9.462060e+00	-1.990905e+02
1.550000e-06	-1.696412e-06	-7.105769e-10	-9.140374e+00	-1.960673e+02
1.560000e-06	-1.636624e-06	-6.987194e-10	-8.818237e+00	-1.929955e+02
1.570000e-06	-1.576721e-06	-6.863306e-10	-8.495473e+00	-1.898738e+02
1.580000e-06	-1.516745e-06	-6.739311e-10	-8.172319e+00	-1.867007e+02
1.590000e-06	-1.456710e-06	-6.621541e-10	-7.848845e+00	-1.834749e+02
1.600000e-06	-1.396688e-06	-6.510366e-10	-7.525446e+00	-1.801947e+02
1.610000e-06	-1.336623e-06	-6.399105e-10	-7.201811e+00	-1.768586e+02
1.620000e-06	-1.276363e-06	-6.276601e-10	-6.877125e+00	-1.734646e+02
1.630000e-06	-1.216010e-06	-6.142848e-10	-6.551940e+00	-1.700111e+02
1.640000e-06	-1.155693e-06	-6.008950e-10	-6.226950e+00	-1.664961e+02
1.650000e-06	-1.095280e-06	-5.869457e-10	-5.901441e+00	-1.629175e+02
1.660000e-06	-1.034828e-06	-5.729532e-10	-5.575719e+00	-1.592734e+02
1.670000e-06	-9.743350e-07	-5.596251e-10	-5.249779e+00	-1.555616e+02
1.680000e-06	-9.137799e-07	-5.459332e-10	-4.923504e+00	-1.517801e+02
1.690000e-06	-8.531434e-07	-5.319771e-10	-4.596791e+00	-1.479268e+02
1.700000e-06	-7.924376e-07	-5.184276e-10	-4.269704e+00	-1.439996e+02
1.710000e-06	-7.316894e-07	-5.039912e-10	-3.942389e+00	-1.399965e+02
1.720000e-06	-6.707311e-07	-4.893843e-10	-3.613942e+00	-1.359158e+02
1.730000e-06	-6.097172e-07	-4.751011e-10	-3.285195e+00	-1.317557e+02
1.740000e-06	-5.487700e-07	-4.601129e-10	-2.956808e+00	-1.275147e+02
1.750000e-06	-4.877212e-07	-4.444354e-10	-2.627873e+00	-1.231915e+02
1.760000e-06	-4.265560e-07	-4.279078e-10	-2.298311e+00	-1.187850e+02
1.770000e-06	-3.653670e-07	-4.111732e-10	-1.968621e+00	-1.142944e+02
1.780000e-06	-3.041839e-07	-3.940063e-10	-1.638962e+00	-1.097194e+02
1.790000e-06	-2.430609e-07	-3.766051e-10	-1.309628e+00	-1.050598e+02
1.800000e-06	-1.819073e-07	-3.604378e-10	-9.801279e-01	-1.003159e+02
1.810000e-06	-1.207195e-07	-3.441139e-10	-6.504444e-01	-9.548851e+01
1.820000e-06	-5.962766e-08	-3.273662e-10	-3.212777e-01	-9.057868e+01
1.830000e-06	1.455597e-09	-3.097325e-10	7.842850e-03	-8.558803e+01
1.840000e-06	6.265627e-08	-2.905014e-10	3.375960e-01	-8.051859e+01
1.850000e-06	1.239169e-07	-2.701342e-10	6.676722e-01	-7.537288e+01
1.860000e-06	1.852165e-07	-2.501741e-10	9.979581e-01	-7.015384e+01
1.870000e-06	2.464952e-07	-2.309894e-10	1.328132e+00	-6.486488e+01
1.880000e-06	3.076430e-07	-2.119197e-10	1.657600e+00	-5.950986e+01
1.890000e-06	3.687391e-07	-1.942709e-10	1.986790e+00	-5.409305e+01
1.900000e-06	4.299257e-07	-1.754898e-10	2.316467e+00	-4.861908e+01
1.910000e-06	4.911235e-07	-1.531055e-10	2.646205e+00	-4.309299e+01
1.920000e-06	5.522344e-07	-1.297291e-10	2.975474e+00	-3.752011e+01
1.930000e-06	6.133204e-07	-1.075042e-10	3.304610e+00	-3.190606e+01
1.940000e-06	6.742792e-07	-8.611813e-11	3.633060e+00	-2.625670e+01
1.950000e-06	7.350643e-07	-6.497513e-11	3.960573e+00	-2.057808e+01
1.960000e-06	7.958257e-07	-4.482681e-11	4.287960e+00	-1.487637e+01
1.970000e-06	8.565687e-07	-2.626945e-11	4.615247e+00	-9.157851e+00
1.980000e-06	9.172152e-07	-6.868971e-12	4.942014e+00	-3.428810e+00
1.990000e-06	9.777568e-07	1.509700e-11	5.268216e+00	2.304480e+00
2.000000e-06	1.038240e-06	3.808007e-11	5.594103e+00	8.035826e+00
2.010000e-06	1.098723e-06	5.962582e-11	5.919987e+00	1.375917e+01
2.020000e-06	1.159186e-06	7.929222e-11	6.245770e+00	1.946862e+01
2.030000e-06	1.219447e-06	9.882704e-11	6.570458e+00	2.515852e+01
2.040000e-06	1.279537e-06	1.196097e-10	6.894227e+00	3.082349e+01
2.050000e-06	1.339551e-06	1.418307e-10	7.217586e+00	3.645843e+01
2.060000e-06	1.399476e-06	1.640874e-10	7.540469e+00	4.205861e+01
2.070000e-06	1.459411e-06	1.845910e-10	7.863401e+00	4.761964e+01
2.080000e-06	1.519336e-06	2.035751e-10	8.186277e+00	5.313752e+01
2.090000e-06	1.579150e-06	2.233855e-10	8.508560e+00	5.860866e+01
2.100000e-06	1.638869e-06	2.446955e-10	8.830330e+00	6.402988e+01
2.110000e-06	1.698516e-06	2.646116e-10	9.151714e+00	6.939840e+01
2.120000e-06	1.758061e-06	2.828192e-10	9.472544e+00	7.471186e+01
2.130000e-06	1.817570e-06	3.021219e-10	9.793183e+00	7.996830e+01
2.140000e-06	1.877054e-06	3.223044e-10	1.011369e+01	8.516613e+01
2.150000e-06	1.936525e-06	3.415367e-10	1.043412e+01	9.030415e+01
2.160000e-06	1.995917e-06	3.593795e-10	1.075413e+01	9.538148e+01
2.170000e-06	2.055170e-06	3.768317e-10	1.107339e+01	1.003976e+02
2.180000e-06	2.114317e-06	3.946179e-10	1.139207e+01	1.053521e+02
2.190000e-06	2.173263e-06	4.136093e-10	1.170968e+01	1.102452e+02
2.200000e-06	2.231776e-06	4.331604e-10	1.202495e+01	1.150769e+02
2.210000e-06	2.289964e-06	4.505683e-10	1.233847e+01	1.198475e+02
2.220000e-06	2.348073e-06	4.663594e-10	1.265157e+01	1.245577e+02
2.230000e-06	2.406042e-06	4.819011e-10	1.296391e+01	1.292080e+02
2.240000e-06	2.463574e-06	4.984966e-10	1.327390e+01	1.337992e+02
2.250000e-06	2.520582e-06	5.164664e-10	1.358106e+01	1.383318e+02
2.260000e-06	2.577330e-06	5.340246e-10	1.388682e+01	1.428067e+02
2.270000e-06	2.633948e-06	5.515196e-10	1.419188e+01	1.472245e+02
2.280000e-06	2.690307e-06	5.690161e-10	1.449555e+01	1.515860e+02
2.290000e-06	2.746410e-06	5.850451e-10	1.479783e+01	1.558916e+02
2.300000e-06	2.802301e-06	5.989690e-10	1.509897e+01	1.601419e+02
2.310000e-06	2.858072e-06	6.120222e-10	1.539947e+01	1.643374e+02
2.320000e-06	2.913730e-06	6.259606e-10	1.569936e+01	1.684782e+02
2.330000e-06	2.969249e-06	6.408307e-10	1.599851e+01	1.725647e+02
2.340000e-06	3.024711e-06	6.559876e-10	1.629734e+01	1.765969e+02
2.350000e-06	3.079946e-06	6.710294e-10	1.659495e+01	1.805747e+02
2.360000e-06	3.134964e-06	6.861654e-10	1.689139e+01	1.844981e+02
2.370000e-06	3.189782e-06	7.007722e-10	1.718675e+01	1.883669e+02
2.380000e-06	3.244380e-06	7.143619e-10	1.748093e+01	1.921807e+02
2.390000e-06	3.298838e-06	7.277993e-10	1.777435e+01	1.959391e+02
2.400000e-06	3.353099e-06	7.414881e-10	1.806671e+01	1.996419e+02
2.410000e-06	3.407026e-06	7.547123e-10	1.835728e+01	2.032885e+02
2.420000e-06	3.460812e-06	7.684792e-10	1.864708e+01	2.068785e+02
2.430000e-06	3.514517e-06	7.825030e-10	1.893644e+01	2.104113e+02
2.440000e-06	3.567894e-06	7.952395e-10	1.922404e+01	2.138867e+02
2.450000e-06	3.620887e-06	8.074301e-10	1.950957e+01	2.173042e+02
2.460000e-06	3.673465e-06	8.196870e-10	1.979286e+01	2.206633e+02
2.470000e-06	3.725720e-06	8.319534e-10	2.007442e+01	2.239639e+02
2.480000e-06	3.777823e-06	8.437743e-10	2.035515e+01	2.272057e+02
2.490000e-06	3.829649e-06	8.545430e-10	2.063440e+01	2.303886e+02
2.500000e-06	3.881055e-06	8.642140e-10	2.091137e+01	2.335125e+02
2.510000e-06	3.932244e-06	8.737278e-10	2.118718e+01	2.365775e+02
2.520000e-06	3.983166e-06	8.845333e-10	2.146155e+01	2.395838e+02
2.530000e-06	4.033504e-06	8.963245e-10	2.173278e+01	2.425315e+02
2.540000e-06	4.083436e-06	9.076411e-10	2.200181e+01	2.454212e+02
2.550000e-06	4.133145e-06	9.181976e-10	2.226965e+01	2.482531e+02
2.560000e-06	4.182335e-06	9.284647e-10	2.253469e+01	2.510280e+02
2.570000e-06	4.230895e-06	9.381882e-10	2.279634e+01	2.537463e+02
2.580000e-06	4.279020e-06	9.475706e-10	2.305563e+01	2.564087e+02
2.590000e-06	4.326850e-06	9.568542e-10	2.331334e+01	2.590162e+02
2.600000e-06	4.374503e-06	9.655831e-10	2.357010e+01	2.615694e+02
2.610000e-06	4.422032e-06	9.747209e-10	2.382619e+01	2.640692e+02
2.620000e-06	4.469337e-06	9.853567e-10	2.408107e+01	2.665165e+02
2.630000e-06	4.516517e-06	9.956008e-10	2.433528e+01	2.689122e+02
2.640000e-06	4.563412e-06	1.004443e-09	2.458795e+01	2.712574e+02
2.650000e-06	4.609670e-06	1.013393e-09	2.483720e+01	2.735529e+02
2.660000e-06	4.655477e-06	1.022161e-09	2.508401e+01	2.757997e+02
2.670000e-06	4.701076e-06	1.029912e-09	2.532970e+01	2.779987e+02
2.680000e-06	4.746310e-06	1.037373e-09	2.557342e+01	2.801509e+02
2.690000e-06	4.791223e-06	1.045467e-09	2.581542e+01	2.822572e+02
2.700000e-06	4.835981e-06	1.053871e-09	2.605657e+01	2.843185e+02
2.710000e-06	4.880435e-06	1.061779e-09	2.629609e+01	2.863358e+02
2.720000e-06	4.924485e-06	1.069337e-09	2.653344e+01	2.883100e+02
2.730000e-06	4.968276e-06	1.077117e-09	2.676939e+01	2.902419e+02
2.740000e-06	5.011924e-06	1.084950e-09	2.700457e+01	2.921324e+02
2.750000e-06	5.055319e-06	1.092788e-09	2.723838e+01	2.939825e+02
2.760000e-06	5.098380e-06	1.099817e-09	2.747040e+01	2.957930e+02
2.770000e-06	5.140937e-06	1.105163e-09	2.769970e+01	2.975650e+02
2.780000e-06	5.182896e-06	1.110673e-09	2.792577e+01	2.992992e+02
2.790000e-06	5.224253e-06	1.116787e-09	2.814861e+01	3.009967e+02
2.800000e-06	5.264999e-06	1.122127e-09	2.836815e+01	3.026584e+02
2.810000e-06	5.305304e-06	1.128376e-09	2.858532e+01	3.042854e+02
2.820000e-06	5.345259e-06	1.135728e-09	2.880060e+01	3.058787e+02
2.830000e-06	5.384934e-06	1.143436e-09	2.901437e+01	3.074394e+02
2.840000e-06	5.424364e-06	1.150963e-09	2.922682e+01	3.089686e+02
2.850000e-06	5.463476e-06	1.158248e-09	2.943756e+01	3.104675e+02
2.860000e-06	5.502213e-06	1.164745e-09	2.964628e+01	3.119372e+02
2.870000e-06	5.540461e-06	1.169115e-09	2.985236e+01	3.133788e+02
2.880000e-06	5.578314e-06	1.173105e-09	3.005631e+01	3.147937e+02
2.890000e-06	5.615879e-06	1.177697e-09	3.025871e+01	3.161829e+02
2.900000e-06	5.653023e-06	1.183402e-09	3.045885e+01	3.175478e+02
2.910000e-06	5.689631e-06	1.190744e-09	3.065610e+01	3.188894e+02
2.920000e-06	5.725898e-06	1.198359e-09	3.085150e+01	3.202090e+02
2.930000e-06	5.761857e-06	1.205758e-09	3.104525e+01	3.215076e+02
2.940000e-06	5.797484e-06	1.212527e-09	3.123722e+01	3.227863e+02
2.950000e-06	5.832960e-06	1.217952e-09	3.142836e+01	3.240462e+02
2.960000e-06	5.868193e-06	1.221261e-09	3.161820e+01	3.252881e+02
2.970000e-06	5.902940e-06	1.223398e-09	3.180542e+01	3.265128e+02
2.980000e-06	5.936915e-06	1.227712e-09	3.198848e+01	3.277211e+02
2.990000e-06	5.970257e-06	1.233330e-09	3.216813e+01	3.289136e+02
3.000000e-06	6.002989e-06	1.238197e-09	3.234449e+01	3.300908e+02
3.010000e-06	6.035061e-06	1.243145e-09	3.251730e+01	3.312530e+02
3.020000e-06	6.066768e-06	1.248333e-09	3.268813e+01	3.324005e+02
3.030000e-06	6.098269e-06	1.253278e-09	3.285787e+01	3.335335e+02
3.040000e-06	6.129486e-06	1.257642e-09	3.302606e+01	3.346518e+02
3.050000e-06	6.160276e-06	1.262387e-09	3.319196e+01	3.357555e+02
3.060000e-06	6.190638e-06	1.267215e-09	3.335555e+01	3.368441e+02
3.070000e-06	6.220537e-06	1.271506e-09	3.351665e+01	3.379175e+02
3.080000e-06	6.249992e-06	1.275260e-09	3.367536e+01	3.389751e+02
3.090000e-06	6.279089e-06	1.277531e-09	3.383214e+01	3.400163e+02
3.100000e-06	6.307811e-06	1.280263e-09	3.398689e+01	3.410407e+02
3.110000e-06	6.336074e-06	1.284261e-09	3.413917e+01	3.420475e+02
3.120000e-06	6.363961e-06	1.288766e-09	3.428943e+01	3.430360e+02
3.130000e-06	6.391581e-06	1.293547e-09	3.443824e+01	3.440056e+02
3.140000e-06	6.418892e-06	1.298733e-09	3.458540e+01	3.449556e+02
3.150000e-06	6.445751e-06	1.304138e-09	3.473012e+01	3.458852e+02
3.160000e-06	6.471913e-06	1.307442e-09	3.487108e+01	3.467938e+02
3.170000e-06	6.497289e-06	1.309037e-09	3.500781e+01	3.476809e+02
3.180000e-06	6.522016e-06	1.311166e-09	3.514104e+01	3.485459e+02
3.190000e-06	6.546154e-06	1.314072e-09	3.527110e+01	3.493884e+02
3.200000e-06	6.569896e-06	1.317979e-09	3.539902e+01	3.502081e+02
3.210000e-06	6.593275e-06	1.322470e-09	3.552499e+01	3.510048e+02
3.220000e-06	6.616173e-06	1.327872e-09	3.564837e+01	3.517783e+02
3.230000e-06	6.638688e-06	1.334215e-09	3.576968e+01	3.525288e+02
3.240000e-06	6.660696e-06	1.338682e-09	3.588826e+01	3.532563e+02
3.250000e-06	6.682229e-06	1.340481e-09	3.600428e+01	3.539612e+02
3.260000e-06	6.703335e-06	1.342182e-09	3.611800e+01	3.546437e+02
3.270000e-06	6.723949e-06	1.346009e-09	3.622907e+01	3.553044e+02
3.280000e-06	6.744153e-06	1.350360e-09	3.633793e+01	3.559439e+02
3.290000e-06	6.763973e-06	1.354211e-09	3.644472e+01	3.565629e+02
3.300000e-06	6.783446e-06	1.358516e-09	3.654964e+01	3.571622e+02
3.310000e-06	6.802583e-06	1.362022e-09	3.665275e+01	3.577424e+02
3.320000e-06	6.821304e-06	1.365183e-09	3.675362e+01	3.583046e+02
3.330000e-06	6.839424e-06	1.369217e-09	3.685125e+01	3.588495e+02
3.340000e-06	6.856859e-06	1.373727e-09	3.694520e+01	3.593780e+02
3.350000e-06	6.873766e-06	1.378550e-09	3.703629e+01	3.598910e+02
3.360000e-06	6.890166e-06	1.382151e-09	3.712466e+01	3.603894e+02
3.370000e-06	6.906340e-06	1.384776e-09	3.721180e+01	3.608738e+02
3.380000e-06	6.922180e-06	1.388015e-09	3.729715e+01	3.613450e+02
3.390000e-06	6.937247e-06	1.390945e-09	3.737833e+01	3.618036e+02
3.400000e-06	6.951464e-06	1.393329e-09	3.745493e+01	3.622501e+02
3.410000e-06	6.965070e-06	1.396371e-09	3.752825e+01	3.626848e+02
3.420000e-06	6.978385e-06	1.399517e-09	3.759998e+01	3.631082e+02
3.430000e-06	6.991289e-06	1.401313e-09	3.766951e+01	3.635204e+02
3.440000e-06	7.003700e-06	1.402314e-09	3.773638e+01	3.639213e+02
3.450000e-06	7.015618e-06	1.404294e-09	3.780060e+01	3.643110e+02
3.460000e-06	7.027091e-06	1.407112e-09	3.786242e+01	3.646893e+02
3.470000e-06	7.037946e-06	1.408928e-09	3.792090e+01	3.650558e+02
3.480000e-06	7.047953e-06	1.410869e-09	3.797482e+01	3.654102e+02
3.490000e-06	7.057095e-06	1.413948e-09	3.802408e+01	3.657520e+02
3.500000e-06	7.065591e-06	1.416807e-09	3.806986e+01	3.660807e+02
3.510000e-06	7.073663e-06	1.418420e-09	3.811335e+01	3.663955e+02
3.520000e-06	7.081292e-06	1.419291e-09	3.815446e+01	3.666960e+02
3.530000e-06	7.088495e-06	1.421878e-09	3.819327e+01	3.669814e+02
3.540000e-06	7.095278e-06	1.425170e-09	3.822981e+01	3.672511e+02
3.550000e-06	7.101571e-06	1.427893e-09	3.826372e+01	3.675045e+02
3.560000e-06	7.107394e-06	1.429558e-09	3.829509e+01	3.677409e+02
3.570000e-06	7.112689e-06	1.430198e-09	3.832362e+01	3.679599e+02
3.580000e-06	7.117414e-06	1.431445e-09	3.834908e+01	3.681609e+02
3.590000e-06	7.121652e-06	1.433400e-09	3.837192e+01	3.683438e+02
3.600000e-06	7.125471e-06	1.436143e-09	3.839249e+01	3.685081e+02
3.610000e-06	7.128935e-06	1.438238e-09	3.841116e+01	3.686537e+02
3.620000e-06	7.132032e-06	1.439106e-09	3.842785e+01	3.687807e+02
3.630000e-06	7.134576e-06	1.440763e-09	3.844155e+01	3.688892e+02
3.640000e-06	7.136458e-06	1.441091e-09	3.845169e+01	3.689793e+02
3.650000e-06	7.137587e-06	1.439948e-09	3.845777e+01	3.690516e+02
3.660000e-06	7.138000e-06	1.439287e-09	3.846000e+01	3.691065e+02
3.670000e-06	7.137942e-06	1.439296e-09	3.845969e+01	3.691445e+02
3.680000e-06	7.137500e-06	1.441521e-09	3.845731e+01	3.691666e+02
3.690000e-06	7.136555e-06	1.443360e-09	3.845222e+01	3.691733e+02
3.700000e-06	7.135175e-06	1.443361e-09	3.844478e+01	3.691658e+02
3.710000e-06	7.133430e-06	1.443208e-09	3.843538e+01	3.691448e+02
3.720000e-06	7.131222e-06	1.442829e-09	3.842348e+01	3.691115e+02
3.730000e-06	7.128564e-06	1.442166e-09	3.840916e+01	3.690668e+02
3.740000e-06	7.125486e-06	1.440601e-09	3.839258e+01	3.690118e+02
3.750000e-06	7.121862e-06	1.446319e-09	3.837305e+01	3.689475e+02
3.760000e-06	7.117672e-06	1.451213e-09	3.835047e+01	3.688748e+02
3.770000e-06	7.112744e-06	1.437088e-09	3.832392e+01	3.687946e+02
3.780000e-06	7.106949e-06	1.447233e-09	3.829270e+01	3.687078e+02
3.790000e-06	7.100653e-06	1.459194e-09	3.825877e+01	3.686151e+02
3.800000e-06	7.094105e-06	1.428807e-09	3.822349e+01	3.685171e+02
3.810000e-06	7.087250e-06	1.423463e-09	3.818656e+01	3.684142e+02
3.820000e-06	7.079839e-06	1.454389e-09	3.814662e+01	3.683070e+02
3.830000e-06	7.071932e-06	1.469199e-09	3.810402e+01	3.681955e+02
3.840000e-06	7.063615e-06	1.435281e-09	3.805921e+01	3.680799e+02
3.850000e-06	7.054719e-06	1.411358e-09	3.801128e+01	3.679600e+02
3.860000e-06	7.045291e-06	1.462088e-09	3.796048e+01	3.678358e+02
3.870000e-06	7.035354e-06	1.481648e-09	3.790694e+01	3.677067e+02
3.880000e-06	7.024964e-06	1.414107e-09	3.785095e+01	3.675723e+02
3.890000e-06	7.014082e-06	1.399231e-09	3.779232e+01	3.674321e+02
3.900000e-06	7.002620e-06	1.484919e-09	3.773056e+01	3.672853e+02
3.910000e-06	6.990607e-06	1.491724e-09	3.766584e+01	3.671311e+02
3.920000e-06	6.978170e-06	1.401986e-09	3.759882e+01	3.669686e+02
3.930000e-06	6.965313e-06	1.417031e-09	3.752955e+01	3.667969e+02
3.940000e-06	6.951633e-06	1.505868e-09	3.745584e+01	3.666151e+02
3.950000e-06	6.936933e-06	1.461819e-09	3.737664e+01	3.664220e+02
3.960000e-06	6.921586e-06	1.384523e-09	3.729395e+01	3.662168e+02
3.970000e-06	6.905766e-06	1.459826e-09	3.720871e+01	3.659985e+02
3.980000e-06	6.889466e-06	1.515400e-09	3.712088e+01	3.657661e+02
3.990000e-06	6.872798e-06	1.419981e-09	3.703107e+01	3.655187e+02
4.000000e-06	6.855688e-06	1.400859e-09	3.693888e+01	3.652557e+02
4.010000e-06	6.838049e-06	1.498972e-09	3.684384e+01	3.649761e+02
4.020000e-06	6.819886e-06	1.467993e-09	3.674598e+01	3.646795e+02
4.030000e-06	6.801291e-06	1.384364e-09	3.664579e+01	3.643653e+02
4.040000e-06	6.782277e-06	1.460951e-09	3.654334e+01	3.640331e+02
4.050000e-06	6.762792e-06	1.509130e-09	3.643836e+01	3.636827e+02
4.060000e-06	6.742874e-06	1.408176e-09	3.633104e+01	3.633138e+02
4.070000e-06	6.722607e-06	1.410674e-09	3.622183e+01	3.629264e+02
4.080000e-06	6.701989e-06	1.500958e-09	3.611074e+01	3.625206e+02
4.090000e-06	6.681078e-06	1.445518e-09	3.599808e+01	3.620966e+02
4.100000e-06	6.659759e-06	1.386070e-09	3.588321e+01	3.616547e+02
4.110000e-06	6.637669e-06	1.468361e-09	3.576419e+01	3.611952e+02
4.120000e-06	6.614615e-06	1.470389e-09	3.563997e+01	3.607186e+02
4.130000e-06	6.590875e-06	1.393331e-09	3.551205e+01	3.602254e+02
4.140000e-06	6.566689e-06	1.436918e-09	3.538174e+01	3.597162e+02
4.150000e-06	6.542122e-06	1.471048e-09	3.524937e+01	3.591916e+02
4.160000e-06	6.517168e-06	1.402315e-09	3.511492e+01	3.586522e+02
4.170000e-06	6.491905e-06	1.418632e-09	3.497880e+01	3.580988e+02
4.180000e-06	6.466168e-06	1.470161e-09	3.484013e+01	3.575319e+02
4.190000e-06	6.439894e-06	1.417349e-09	3.469856e+01	3.569522e+02
4.200000e-06	6.413138e-06	1.404779e-09	3.455440e+01	3.563604e+02
4.210000e-06	6.385854e-06	1.452731e-09	3.440739e+01	3.557569e+02
4.220000e-06	6.358252e-06	1.418369e-09	3.425867e+01	3.551423e+02
4.230000e-06	6.330297e-06	1.395833e-09	3.410805e+01	3.545170e+02
4.240000e-06	6.301915e-06	1.439862e-09	3.395512e+01	3.538815e+02
4.250000e-06	6.273158e-06	1.419287e-09	3.380018e+01	3.532361e+02
4.260000e-06	6.243997e-06	1.389644e-09	3.364306e+01	3.525810e+02
4.270000e-06	6.214204e-06	1.426449e-09	3.348253e+01	3.519163e+02
4.280000e-06	6.183778e-06	1.418696e-09	3.331859e+01	3.512423e+02
4.290000e-06	6.152728e-06	1.384400e-09	3.315129e+01	3.505588e+02
4.300000e-06	6.120985e-06	1.409743e-09	3.298026e+01	3.498659e+02
4.310000e-06	6.088849e-06	1.412190e-09	3.280711e+01	3.491635e+02
4.320000e-06	6.056410e-06	1.383892e-09	3.263233e+01	3.484512e+02
4.330000e-06	6.023593e-06	1.400384e-09	3.245551e+01	3.477290e+02
4.340000e-06	5.990388e-06	1.405157e-09	3.227659e+01	3.469965e+02
4.350000e-06	5.956830e-06	1.378816e-09	3.209578e+01	3.462533e+02
4.360000e-06	5.922921e-06	1.388566e-09	3.191308e+01	3.454991e+02
4.370000e-06	5.888574e-06	1.398659e-09	3.172801e+01	3.447335e+02
4.380000e-06	5.853919e-06	1.380976e-09	3.154129e+01	3.439560e+02
4.390000e-06	5.818798e-06	1.383844e-09	3.135206e+01	3.431661e+02
4.400000e-06	5.783154e-06	1.390741e-09	3.116000e+01	3.423634e+02
4.410000e-06	5.747195e-06	1.377035e-09	3.096626e+01	3.415474e+02
4.420000e-06	5.710959e-06	1.376226e-09	3.077101e+01	3.407175e+02
4.430000e-06	5.674501e-06	1.380419e-09	3.057457e+01	3.398733e+02
4.440000e-06	5.637694e-06	1.370379e-09	3.037626e+01	3.390143e+02
4.450000e-06	5.600369e-06	1.367265e-09	3.017514e+01	3.381398e+02
4.460000e-06	5.562413e-06	1.370138e-09	2.997063e+01	3.372495e+02
4.470000e-06	5.523889e-06	1.364198e-09	2.976307e+01	3.363427e+02
4.480000e-06	5.484778e-06	1.359780e-09	2.955233e+01	3.354190e+02
4.490000e-06	5.445077e-06	1.358307e-09	2.933843e+01	3.344778e+02
4.500000e-06	5.405017e-06	1.354831e-09	2.912257e+01	3.335186e+02
4.510000e-06	5.364712e-06	1.354067e-09	2.890541e+01	3.325408e+02
4.520000e-06	5.324156e-06	1.351994e-09	2.868689e+01	3.315439e+02
4.530000e-06	5.283347e-06	1.346977e-09	2.846701e+01	3.305273e+02
4.540000e-06	5.242250e-06	1.343868e-09	2.824558e+01	3.294904e+02
4.550000e-06	5.200656e-06	1.341299e-09	2.802147e+01	3.284328e+02
4.560000e-06	5.158621e-06	1.337936e-09	2.779498e+01	3.273537e+02
4.570000e-06	5.116311e-06	1.336347e-09	2.756701e+01	3.262526e+02
4.580000e-06	5.073610e-06	1.334026e-09	2.733694e+01	3.251290e+02
4.590000e-06	5.030511e-06	1.330317e-09	2.710471e+01	3.239821e+02
4.600000e-06	4.987083e-06	1.328324e-09	2.687072e+01	3.228115e+02
4.610000e-06	4.943328e-06	1.325308e-09	2.663497e+01	3.216165e+02
4.620000e-06	4.899370e-06	1.317919e-09	2.639812e+01	3.203965e+02
4.630000e-06	4.855106e-06	1.311455e-09	2.615962e+01	3.191511e+02
4.640000e-06	4.810458e-06	1.307846e-09	2.591906e+01	3.178797e+02
4.650000e-06	4.765448e-06	1.304168e-09	2.567654e+01	3.165817e+02
4.660000e-06	4.720171e-06	1.299190e-09	2.543258e+01	3.152568e+02
4.670000e-06	4.674728e-06	1.293961e-09	2.518773e+01	3.139044e+02
4.680000e-06	4.629071e-06	1.288862e-09	2.494173e+01	3.125244e+02
4.690000e-06	4.583018e-06	1.284146e-09	2.469359e+01	3.111163e+02
4.700000e-06	4.536517e-06	1.279488e-09	2.444304e+01	3.096798e+02
4.710000e-06	4.489681e-06	1.274661e-09	2.419069e+01	3.082150e+02
4.720000e-06	4.442406e-06	1.269333e-09	2.393597e+01	3.067215e+02
4.730000e-06	4.394744e-06	1.264150e-09	2.367916e+01	3.051994e+02
4.740000e-06	4.346838e-06	1.259265e-09	2.342104e+01	3.036488e+02
4.750000e-06	4.298566e-06	1.254551e-09	2.316095e+01	3.020697e+02
4.760000e-06	4.249837e-06	1.249553e-09	2.289839e+01	3.004623e+02
4.770000e-06	4.200766e-06	1.243953e-09	2.263400e+01	2.988268e+02
4.780000e-06	4.151403e-06	1.238454e-09	2.236802e+01	2.971636e+02
4.790000e-06	4.101701e-06	1.232470e-09	2.210023e+01	2.954730e+02
4.800000e-06	4.051712e-06	1.226531e-09	2.183088e+01	2.937554e+02
4.810000e-06	4.001457e-06	1.220140e-09	2.156011e+01	2.920111e+02
4.820000e-06	3.950898e-06	1.213057e-09	2.128769e+01	2.902408e+02
4.830000e-06	3.900138e-06	1.204965e-09	2.101419e+01	2.884448e+02
4.840000e-06	3.849018e-06	1.196945e-09	2.073876e+01	2.866236e+02
4.850000e-06	3.797484e-06	1.189128e-09	2.046109e+01	2.847776e+02
4.860000e-06	3.745728e-06	1.181269e-09	2.018222e+01	2.829073e+02
4.870000e-06	3.693705e-06	1.174853e-09	1.990192e+01	2.810131e+02
4.880000e-06	3.641353e-06	1.169346e-09	1.961984e+01	2.790953e+02
4.890000e-06	3.588837e-06	1.162738e-09	1.933688e+01	2.771541e+02
4.900000e-06	3.536120e-06	1.155048e-09	1.905284e+01	2.751899e+02
4.910000e-06	3.483131e-06	1.145880e-09	1.876733e+01	2.732027e+02
4.920000e-06	3.429848e-06	1.136325e-09	1.848024e+01	2.711926e+02
4.930000e-06	3.376109e-06	1.128105e-09	1.819069e+01	2.691595e+02
4.940000e-06	3.321851e-06	1.120855e-09	1.789834e+01	2.671033e+02
4.950000e-06	3.267307e-06	1.113072e-09	1.760446e+01	2.650239e+02
4.960000e-06	3.212649e-06	1.105439e-09	1.730996e+01	2.629208e+02
4.970000e-06	3.157480e-06	1.099124e-09	1.701271e+01	2.607936e+02
4.980000e-06	3.101923e-06	1.091605e-09	1.671336e+01	2.586419e+02
4.990000e-06	3.046192e-06	1.081832e-09	1.641308e+01	2.564650e+02
5.000000e-06	2.990230e-06	1.071764e-09	1.611155e+01	2.542623e+02
5.010000e-06	2.934051e-06	1.062694e-09	1.580886e+01	2.520330e+02
5.020000e-06	2.877679e-06	1.053691e-09	1.550512e+01	2.497763e+02
5.030000e-06	2.821231e-06	1.043937e-09	1.520097e+01	2.474912e+02
5.040000e-06	2.764724e-06	1.034133e-09	1.489651e+01	2.451771e+02
5.050000e-06	2.708034e-06	1.024281e-09	1.459106e+01	2.428327e+02
5.060000e-06	2.651024e-06	1.013732e-09	1.428389e+01	2.404573e+02
5.070000e-06	2.593863e-06	1.003274e-09	1.397590e+01	2.380497e+02
5.080000e-06	2.536748e-06	9.930642e-10	1.366816e+01	2.356091e+02
5.090000e-06	2.479369e-06	9.826584e-10	1.335900e+01	2.331344e+02
5.100000e-06	2.421599e-06	9.721930e-10	1.304773e+01	2.306245e+02
5.110000e-06	2.363702e-06	9.622715e-10	1.273578e+01	2.280786e+02
5.120000e-06	2.305666e-06	9.517400e-10	1.242307e+01	2.254956e+02
5.130000e-06	2.247433e-06	9.411456e-10	1.210931e+01	2.228745e+02
5.140000e-06	2.189036e-06	9.304001e-10	1.179467e+01	2.202145e+02
5.150000e-06	2.130599e-06	9.184633e-10	1.147981e+01	2.175145e+02
5.160000e-06	2.072009e-06	9.066714e-10	1.116412e+01	2.147736e+02
5.170000e-06	2.013111e-06	8.954972e-10	1.084677e+01	2.119909e+02
5.180000e-06	1.954006e-06	8.836554e-10	1.052831e+01	2.091653e+02
5.190000e-06	1.894803e-06	8.709514e-10	1.020932e+01	2.062959e+02
5.200000e-06	1.835427e-06	8.589376e-10	9.889396e+00	2.033817e+02
5.210000e-06	1.775914e-06	8.477321e-10	9.568738e+00	2.004215e+02
5.220000e-06	1.716379e-06	8.356451e-10	9.247959e+00	1.974143e+02
5.230000e-06	1.656777e-06	8.228816e-10	8.926822e+00	1.943589e+02
5.240000e-06	1.597060e-06	8.101595e-10	8.605061e+00	1.912540e+02
5.250000e-06	1.537184e-06	7.964070e-10	8.282446e+00	1.880982e+02
5.260000e-06	1.477270e-06	7.831235e-10	7.959623e+00	1.848901e+02
5.270000e-06	1.417305e-06	7.705057e-10	7.636533e+00	1.816283e+02
5.280000e-06	1.357215e-06	7.574002e-10	7.312762e+00	1.783110e+02
5.290000e-06	1.297063e-06	7.434487e-10	6.988659e+00	1.749366e+02
5.300000e-06	1.236874e-06	7.288729e-10	6.664356e+00	1.715032e+02
5.310000e-06	1.176588e-06	7.149169e-10	6.339532e+00	1.680089e+02
5.320000e-06	1.116274e-06	7.004896e-10	6.014558e+00	1.644517e+02
5.330000e-06	1.055968e-06	6.847064e-10	5.689625e+00	1.608297e+02
5.340000e-06	9.956083e-07	6.695675e-10	5.364401e+00	1.571407e+02
5.350000e-06	9.352153e-07	6.555475e-10	5.039000e+00	1.533827e+02
5.360000e-06	8.748057e-07	6.412516e-10	4.713509e+00	1.495536e+02
5.370000e-06	8.143880e-07	6.249385e-10	4.387975e+00	1.456513e+02
5.380000e-06	7.538766e-07	6.066673e-10	4.061935e+00	1.416737e+02
5.390000e-06	6.932925e-07	5.884788e-10	3.735504e+00	1.376191e+02
5.400000e-06	6.327043e-07	5.717279e-10	3.409051e+00	1.334857e+02
5.410000e-06	5.720461e-07	5.550641e-10	3.082221e+00	1.292719e+02
5.420000e-06	5.114132e-07	5.369138e-10	2.755527e+00	1.249762e+02
5.430000e-06	4.507844e-07	5.178487e-10	2.428855e+00	1.205976e+02
5.440000e-06	3.900950e-07	4.989183e-10	2.101857e+00	1.161351e+02
5.450000e-06	3.294278e-07	4.804546e-10	1.774978e+00	1.115883e+02
5.460000e-06	2.687435e-07	4.615277e-10	1.448007e+00	1.069569e+02
5.470000e-06	2.080217e-07	4.414587e-10	1.120834e+00	1.022411e+02
5.480000e-06	1.471872e-07	4.203305e-10	7.930541e-01	9.744147e+01
5.490000e-06	8.636216e-08	3.986295e-10	4.653248e-01	9.255899e+01
5.500000e-06	2.572098e-08	3.772179e-10	1.385863e-01	8.759510e+01
5.510000e-06	-3.493647e-08	3.562599e-10	-1.882399e-01	8.255170e+01
5.520000e-06	-9.567105e-08	3.342280e-10	-5.154817e-01	7.743113e+01
5.530000e-06	-1.564236e-07	3.113114e-10	-8.428204e-01	7.223620e+01
5.540000e-06	-2.171658e-07	2.887398e-10	-1.170103e+00	6.697017e+01
5.550000e-06	-2.778569e-07	2.666996e-10	-1.497111e+00	6.163675e+01
5.560000e-06	-3.384545e-07	2.447881e-10	-1.823615e+00	5.624006e+01
5.570000e-06	-3.990424e-07	2.213386e-10	-2.150066e+00	5.078463e+01
5.580000e-06	-4.596734e-07	1.968677e-10	-2.476750e+00	4.527536e+01
5.590000e-06	-5.202885e-07	1.736073e-10	-2.803348e+00	3.971749e+01
5.600000e-06	-5.809874e-07	1.513717e-10	-3.130397e+00	3.411655e+01
5.610000e-06	-6.416757e-07	1.282457e-10	-3.457390e+00	2.847833e+01
5.620000e-06	-7.022054e-07	1.039025e-10	-3.783527e+00	2.280880e+01
5.630000e-06	-7.626376e-07	7.936160e-11	-4.109140e+00	1.711413e+01
5.640000e-06	-8.230385e-07	5.493913e-11	-4.434584e+00	1.140054e+01
5.650000e-06	-8.833925e-07	3.097738e-11	-4.759775e+00	5.674333e+00
5.660000e-06	-9.437621e-07	6.988077e-12	-5.085051e+00	-5.820699e-02
5.670000e-06	-1.004138e-06	-1.721955e-11	-5.410361e+00	-5.790855e+00
5.680000e-06	-1.064410e-06	-4.039353e-11	-5.735108e+00	-1.151750e+01
5.690000e-06	-1.124615e-06	-6.294487e-11	-6.059498e+00	-1.723220e+01
5.700000e-06	-1.184845e-06	-8.661072e-11	-6.384019e+00	-2.292920e+01
5.710000e-06	-1.245087e-06	-1.114521e-10	-6.708606e+00	-2.860303e+01
5.720000e-06	-1.305242e-06	-1.364552e-10	-7.032730e+00	-3.424851e+01
5.730000e-06	-1.365282e-06	-1.601035e-10	-7.356226e+00	-3.986075e+01
5.740000e-06	-1.425191e-06	-1.824320e-10	-7.679018e+00	-4.543526e+01
5.750000e-06	-1.485043e-06	-2.047405e-10	-8.001505e+00	-5.096792e+01
5.760000e-06	-1.544812e-06	-2.275259e-10	-8.323546e+00	-5.645499e+01
5.770000e-06	-1.604428e-06	-2.509298e-10	-8.644762e+00	-6.189315e+01
5.780000e-06	-1.664015e-06	-2.738832e-10	-8.965819e+00	-6.727949e+01
5.790000e-06	-1.723562e-06	-2.963156e-10	-9.286664e+00	-7.261151e+01
5.800000e-06	-1.782883e-06	-3.193307e-10	-9.606287e+00	-7.788713e+01
5.810000e-06	-1.842089e-06	-3.423979e-10	-9.925291e+00	-8.310462e+01
5.820000e-06	-1.901243e-06	-3.638895e-10	-1.024402e+01	-8.826266e+01
5.830000e-06	-1.960194e-06	-3.844603e-10	-1.056165e+01	-9.336027e+01
5.840000e-06	-2.018954e-06	-4.051215e-10	-1.087826e+01	-9.839680e+01
5.850000e-06	-2.077593e-06	-4.253533e-10	-1.119420e+01	-1.033719e+02
5.860000e-06	-2.136083e-06	-4.466323e-10	-1.150935e+01	-1.082854e+02
5.870000e-06	-2.194412e-06	-4.693376e-10	-1.182363e+01	-1.131374e+02
5.880000e-06	-2.252605e-06	-4.907940e-10	-1.213718e+01	-1.179284e+02
5.890000e-06	-2.310703e-06	-5.105768e-10	-1.245022e+01	-1.226586e+02
5.900000e-06	-2.368623e-06	-5.309993e-10	-1.276229e+01	-1.273288e+02
5.910000e-06	-2.426230e-06	-5.508731e-10	-1.307268e+01	-1.319396e+02
5.920000e-06	-2.483564e-06	-5.687281e-10	-1.338160e+01	-1.364916e+02
5.930000e-06	-2.540749e-06	-5.870753e-10	-1.368972e+01	-1.409856e+02
5.940000e-06	-2.597727e-06	-6.073928e-10	-1.399672e+01	-1.454224e+02
5.950000e-06	-2.654491e-06	-6.280585e-10	-1.430257e+01	-1.498025e+02
5.960000e-06	-2.711167e-06	-6.466647e-10	-1.460794e+01	-1.541267e+02
5.970000e-06	-2.767676e-06	-6.634480e-10	-1.491242e+01	-1.583954e+02
5.980000e-06	-2.824007e-06	-6.800153e-10	-1.521593e+01	-1.626090e+02
5.990000e-06	-2.880277e-06	-6.977462e-10	-1.551912e+01	-1.667680e+02
6.000000e-06	-2.936382e-06	-7.163794e-10	-1.582142e+01	-1.708726e+02
6.010000e-06	-2.992369e-06	-7.338082e-10	-1.612308e+01	-1.749228e+02
6.020000e-06	-3.048208e-06	-7.502023e-10	-1.642394e+01	-1.789188e+02
6.030000e-06	-3.103751e-06	-7.666551e-10	-1.672321e+01	-1.828603e+02
6.040000e-06	-3.159031e-06	-7.828303e-10	-1.702106e+01	-1.867473e+02
6.050000e-06	-3.213914e-06	-7.982330e-10	-1.731677e+01	-1.905794e+02
6.060000e-06	-3.268534e-06	-8.128845e-10	-1.761107e+01	-1.943563e+02
6.070000e-06	-3.322948e-06	-8.275540e-10	-1.790426e+01	-1.980777e+02
6.080000e-06	-3.376798e-06	-8.431782e-10	-1.819440e+01	-2.017430e+02
6.090000e-06	-3.430144e-06	-8.590743e-10	-1.848184e+01	-2.053519e+02
6.100000e-06	-3.483199e-06	-8.744428e-10	-1.876770e+01	-2.089038e+02
6.110000e-06	-3.535921e-06	-8.890669e-10	-1.905177e+01	-2.123984e+02
6.120000e-06	-3.588351e-06	-9.026675e-10	-1.933427e+01	-2.158351e+02
6.130000e-06	-3.640553e-06	-9.163244e-10	-1.961553e+01	-2.192137e+02
6.140000e-06	-3.692531e-06	-9.315087e-10	-1.989559e+01	-2.225338e+02
6.150000e-06	-3.744221e-06	-9.474275e-10	-2.017410e+01	-2.257952e+02
6.160000e-06	-3.795599e-06	-9.611068e-10	-2.045093e+01	-2.289977e+02
6.170000e-06	-3.846666e-06	-9.728508e-10	-2.072608e+01	-2.321413e+02
6.180000e-06	-3.897511e-06	-9.854608e-10	-2.100004e+01	-2.352259e+02
6.190000e-06	-3.947987e-06	-9.980208e-10	-2.127200e+01	-2.382517e+02
6.200000e-06	-3.998193e-06	-1.009171e-09	-2.154252e+01	-2.412189e+02
6.210000e-06	-4.048145e-06	-1.020511e-09	-2.181167e+01	-2.441278e+02
6.220000e-06	-4.097811e-06	-1.033598e-09	-2.207927e+01	-2.469789e+02
6.230000e-06	-4.147211e-06	-1.047025e-09	-2.234544e+01	-2.497727e+02
6.240000e-06	-4.196095e-06	-1.059039e-09	-2.260883e+01	-2.525097e+02
6.250000e-06	-4.244358e-06	-1.069560e-09	-2.286887e+01	-2.551907e+02
6.260000e-06	-4.292230e-06	-1.079228e-09	-2.312681e+01	-2.578164e+02
6.270000e-06	-4.339771e-06	-1.089258e-09	-2.338296e+01	-2.603875e+02
6.280000e-06	-4.387011e-06	-1.099440e-09	-2.363750e+01	-2.629050e+02
6.290000e-06	-4.434062e-06	-1.109705e-09	-2.389101e+01	-2.653697e+02
6.300000e-06	-4.480689e-06	-1.120065e-09	-2.414224e+01	-2.677825e+02
6.310000e-06	-4.526982e-06	-1.129627e-09	-2.439167e+01	-2.701444e+02
6.320000e-06	-4.573152e-06	-1.138956e-09	-2.464044e+01	-2.724563e+02
6.330000e-06	-4.618956e-06	-1.149339e-09	-2.488723e+01	-2.747192e+02
6.340000e-06	-4.664360e-06	-1.158647e-09	-2.513187e+01	-2.769340e+02
6.350000e-06	-4.709525e-06	-1.165449e-09	-2.537522e+01	-2.791017e+02
6.360000e-06	-4.754402e-06	-1.172595e-09	-2.561702e+01	-2.812231e+02
6.370000e-06	-4.798969e-06	-1.181478e-09	-2.585715e+01	-2.832993e+02
6.380000e-06	-4.843265e-06	-1.189976e-09	-2.609582e+01	-2.853312e+02
6.390000e-06	-4.887405e-06	-1.197195e-09	-2.633365e+01	-2.873196e+02
6.400000e-06	-4.931391e-06	-1.204511e-09	-2.657065e+01	-2.892654e+02
6.410000e-06	-4.975114e-06	-1.212022e-09	-2.680623e+01	-2.911696e+02
6.420000e-06	-5.018322e-06	-1.220163e-09	-2.703904e+01	-2.930331e+02
6.430000e-06	-5.061158e-06	-1.228249e-09	-2.726984e+01	-2.948567e+02
6.440000e-06	-5.103780e-06	-1.236435e-09	-2.749949e+01	-2.966414e+02
6.450000e-06	-5.146018e-06	-1.244537e-09	-2.772707e+01	-2.983880e+02
6.460000e-06	-5.187851e-06	-1.251345e-09	-2.795247e+01	-3.000976e+02
6.470000e-06	-5.229282e-06	-1.257898e-09	-2.817571e+01	-3.017711e+02
6.480000e-06	-5.270360e-06	-1.263054e-09	-2.839704e+01	-3.034096e+02
6.490000e-06	-5.311105e-06	-1.267343e-09	-2.861658e+01	-3.050140e+02
6.500000e-06	-5.351561e-06	-1.272878e-09	-2.883455e+01	-3.065854e+02
6.510000e-06	-5.391781e-06	-1.279607e-09	-2.905126e+01	-3.081250e+02
6.520000e-06	-5.431688e-06	-1.286898e-09	-2.926628e+01	-3.096338e+02
6.530000e-06	-5.471255e-06	-1.293423e-09	-2.947947e+01	-3.111130e+02
6.540000e-06	-5.510406e-06	-1.299248e-09	-2.969042e+01	-3.125638e+02
6.550000e-06	-5.548948e-06	-1.304510e-09	-2.989809e+01	-3.139874e+02
6.560000e-06	-5.586769e-06	-1.308626e-09	-3.010187e+01	-3.153851e+02
6.570000e-06	-5.624045e-06	-1.312270e-09	-3.030272e+01	-3.167579e+02
6.580000e-06	-5.660817e-06	-1.316186e-09	-3.050084e+01	-3.181071e+02
6.590000e-06	-5.697147e-06	-1.321444e-09	-3.069659e+01	-3.194339e+02
6.600000e-06	-5.733288e-06	-1.328170e-09	-3.089132e+01	-3.207394e+02
6.610000e-06	-5.769231e-06	-1.335005e-09	-3.108498e+01	-3.220246e+02
6.620000e-06	-5.804778e-06	-1.341141e-09	-3.127652e+01	-3.232906e+02
6.630000e-06	-5.839878e-06	-1.345463e-09	-3.146564e+01	-3.245383e+02
6.640000e-06	-5.874495e-06	-1.348902e-09	-3.165216e+01	-3.257687e+02
6.650000e-06	-5.908685e-06	-1.352593e-09	-3.183637e+01	-3.269824e+02
6.660000e-06	-5.942294e-06	-1.356173e-09	-3.201746e+01	-3.281800e+02
6.670000e-06	-5.975348e-06	-1.360989e-09	-3.219555e+01	-3.293622e+02
6.680000e-06	-6.008035e-06	-1.365830e-09	-3.237168e+01	-3.305294e+02
6.690000e-06	-6.040383e-06	-1.369094e-09	-3.254597e+01	-3.316818e+02
6.700000e-06	-6.072465e-06	-1.372730e-09	-3.271883e+01	-3.328195e+02
6.710000e-06	-6.104360e-06	-1.376602e-09	-3.289068e+01	-3.339427e+02
6.720000e-06	-6.136030e-06	-1.380578e-09	-3.306132e+01	-3.350513e+02
6.730000e-06	-6.167070e-06	-1.384344e-09	-3.322857e+01	-3.361450e+02
6.740000e-06	-6.197447e-06	-1.387339e-09	-3.339224e+01	-3.372234e+02
6.750000e-06	-6.227158e-06	-1.391948e-09	-3.355232e+01	-3.382863e+02
6.760000e-06	-6.256169e-06	-1.396703e-09	-3.370864e+01	-3.393330e+02
6.770000e-06	-6.284738e-06	-1.399729e-09	-3.386257e+01	-3.403631e+02
6.780000e-06	-6.313033e-06	-1.402573e-09	-3.401503e+01	-3.413758e+02
6.790000e-06	-6.341024e-06	-1.406101e-09	-3.416584e+01	-3.423705e+02
6.800000e-06	-6.368666e-06	-1.410404e-09	-3.431478e+01	-3.433464e+02
6.810000e-06	-6.395824e-06	-1.414340e-09	-3.446111e+01	-3.443030e+02
6.820000e-06	-6.422472e-06	-1.417333e-09	-3.460469e+01	-3.452394e+02
6.830000e-06	-6.448771e-06	-1.419998e-09	-3.474639e+01	-3.461550e+02
6.840000e-06	-6.474705e-06	-1.422540e-09	-3.488612e+01	-3.470493e+02
6.850000e-06	-6.499968e-06	-1.424169e-09	-3.502225e+01	-3.479217e+02
6.860000e-06	-6.524669e-06	-1.424973e-09	-3.515533e+01	-3.487717e+02
6.870000e-06	-6.549098e-06	-1.426359e-09	-3.528696e+01	-3.495991e+02
6.880000e-06	-6.573256e-06	-1.429295e-09	-3.541712e+01	-3.504034e+02
6.890000e-06	-6.597087e-06	-1.433997e-09	-3.554553e+01	-3.511846e+02
6.900000e-06	-6.620299e-06	-1.438412e-09	-3.567060e+01	-3.519428e+02
6.910000e-06	-6.642807e-06	-1.440601e-09	-3.579187e+01	-3.526779e+02
6.920000e-06	-6.664626e-06	-1.442087e-09	-3.590943e+01	-3.533902e+02
6.930000e-06	-6.685835e-06	-1.444799e-09	-3.602370e+01	-3.540801e+02
6.940000e-06	-6.706546e-06	-1.447298e-09	-3.613530e+01	-3.547480e+02
6.950000e-06	-6.726861e-06	-1.448177e-09	-3.624476e+01	-3.553945e+02
6.960000e-06	-6.746826e-06	-1.449137e-09	-3.635233e+01	-3.560202e+02
6.970000e-06	-6.766243e-06	-1.450758e-09	-3.645695e+01	-3.566259e+02
6.980000e-06	-6.785151e-06	-1.452495e-09	-3.655883e+01	-3.572124e+02
6.990000e-06	-6.803766e-06	-1.455069e-09	-3.665912e+01	-3.577805e+02
7.000000e-06	-6.822034e-06	-1.457164e-09	-3.675755e+01	-3.583310e+02
7.010000e-06	-6.839805e-06	-1.457803e-09	-3.685331e+01	-3.588649e+02
7.020000e-06	-6.857004e-06	-1.458958e-09	-3.694598e+01	-3.593829e+02
7.030000e-06	-6.873701e-06	-1.460837e-09	-3.703594e+01	-3.598861e+02
7.040000e-06	-6.890103e-06	-1.461391e-09	-3.712432e+01	-3.603750e+02
7.050000e-06	-6.906286e-06	-1.461341e-09	-3.721151e+01	-3.608505e+02
7.060000e-06	-6.922002e-06	-1.462411e-09	-3.729619e+01	-3.613132e+02
7.070000e-06	-6.936970e-06	-1.463780e-09	-3.737684e+01	-3.617636e+02
7.080000e-06	-6.951204e-06	-1.464864e-09	-3.745353e+01	-3.622023e+02
7.090000e-06	-6.964670e-06	-1.466787e-09	-3.752609e+01	-3.626294e+02
7.100000e-06	-6.977438e-06	-1.468945e-09	-3.759488e+01	-3.630452e+02
7.110000e-06	-6.989692e-06	-1.470406e-09	-3.766091e+01	-3.634499e+02
7.120000e-06	-7.001539e-06	-1.471075e-09	-3.772474e+01	-3.638434e+02
7.130000e-06	-7.012819e-06	-1.470620e-09	-3.778552e+01	-3.642254e+02
7.140000e-06	-7.023437e-06	-1.470528e-09	-3.784273e+01	-3.645959e+02
7.150000e-06	-7.033627e-06	-1.471262e-09	-3.789763e+01	-3.649544e+02
7.160000e-06	-7.043315e-06	-1.471515e-09	-3.794983e+01	-3.653004e+02
7.170000e-06	-7.052545e-06	-1.470838e-09	-3.799957e+01	-3.656334e+02
7.180000e-06	-7.061423e-06	-1.469493e-09	-3.804740e+01	-3.659529e+02
7.190000e-06	-7.069892e-06	-1.468784e-09	-3.809303e+01	-3.662583e+02
7.200000e-06	-7.078009e-06	-1.469448e-09	-3.813677e+01	-3.665487e+02
7.210000e-06	-7.085712e-06	-1.469944e-09	-3.817827e+01	-3.668237e+02
7.220000e-06	-7.092827e-06	-1.469645e-09	-3.821661e+01	-3.670826e+02
7.230000e-06	-7.099105e-06	-1.469510e-09	-3.825043e+01	-3.673247e+02
7.240000e-06	-7.104529e-06	-1.470392e-09	-3.827966e+01	-3.675495e+02
7.250000e-06	-7.109396e-06	-1.471775e-09	-3.830588e+01	-3.677565e+02
7.260000e-06	-7.113890e-06	-1.472314e-09	-3.833009e+01	-3.679455e+02
7.270000e-06	-7.118024e-06	-1.471626e-09	-3.835237e+01	-3.681159e+02
7.280000e-06	-7.121825e-06	-1.471492e-09	-3.837285e+01	-3.682678e+02
7.290000e-06	-7.125124e-06	-1.472605e-09	-3.839062e+01	-3.684010e+02
7.300000e-06	-7.127904e-06	-1.472330e-09	-3.840560e+01	-3.685155e+02
7.310000e-06	-7.130238e-06	-1.471648e-09	-3.841818e+01	-3.686118e+02
7.320000e-06	-7.131964e-06	-1.472626e-09	-3.842748e+01	-3.686899e+02
7.330000e-06	-7.132967e-06	-1.472943e-09	-3.843288e+01	-3.687505e+02
7.340000e-06	-7.133582e-06	-1.472578e-09	-3.843619e+01	-3.687940e+02
