# Temperatura_=_8.0
# Concentracion g/m^3_=_7400.0
# C_Vs_to_Am_M_A/Vsm_=_254322799225.57578
# pendiente_HvsI_1/m_=_3716.3
# ordenada_HvsI_A/m_=_1297.0
# frecuencia_Hz_=_136107.86947437582

Tiempo_(s)	Campo_(V.s)	Magnetizacion_(V.s)	Campo_(kA/m)	Magnetizacion_(A/m)
0.000000e+00	-7.138014e-06	-1.519759e-09	-3.842311e+01	-3.797933e+02
1.000000e-08	-7.138109e-06	-1.518921e-09	-3.842361e+01	-3.797180e+02
2.000000e-08	-7.137836e-06	-1.516883e-09	-3.842215e+01	-3.796272e+02
3.000000e-08	-7.137044e-06	-1.515157e-09	-3.841788e+01	-3.795222e+02
4.000000e-08	-7.135561e-06	-1.513840e-09	-3.840990e+01	-3.794047e+02
5.000000e-08	-7.133329e-06	-1.512557e-09	-3.839789e+01	-3.792760e+02
6.000000e-08	-7.130431e-06	-1.511237e-09	-3.838228e+01	-3.791376e+02
7.000000e-08	-7.126928e-06	-1.512604e-09	-3.836343e+01	-3.789909e+02
8.000000e-08	-7.122965e-06	-1.520402e-09	-3.834210e+01	-3.788373e+02
9.000000e-08	-7.118413e-06	-1.509055e-09	-3.831759e+01	-3.786782e+02
1.000000e-07	-7.113113e-06	-1.464967e-09	-3.828906e+01	-3.785148e+02
1.100000e-07	-7.107212e-06	-1.474529e-09	-3.825730e+01	-3.783481e+02
1.200000e-07	-7.101124e-06	-1.546351e-09	-3.822453e+01	-3.781791e+02
1.300000e-07	-7.094790e-06	-1.543808e-09	-3.819043e+01	-3.780088e+02
1.400000e-07	-7.087959e-06	-1.448969e-09	-3.815367e+01	-3.778377e+02
1.500000e-07	-7.080577e-06	-1.448689e-09	-3.811393e+01	-3.776665e+02
1.600000e-07	-7.072747e-06	-1.558156e-09	-3.807178e+01	-3.774954e+02
1.700000e-07	-7.064563e-06	-1.537154e-09	-3.802773e+01	-3.773248e+02
1.800000e-07	-7.055879e-06	-1.406281e-09	-3.798098e+01	-3.771546e+02
1.900000e-07	-7.046248e-06	-1.433140e-09	-3.792914e+01	-3.769846e+02
2.000000e-07	-7.035999e-06	-1.576159e-09	-3.787397e+01	-3.768146e+02
2.100000e-07	-7.025592e-06	-1.536818e-09	-3.781795e+01	-3.766441e+02
2.200000e-07	-7.014479e-06	-1.401960e-09	-3.775813e+01	-3.764725e+02
2.300000e-07	-7.002569e-06	-1.445631e-09	-3.769402e+01	-3.762990e+02
2.400000e-07	-6.990127e-06	-1.546957e-09	-3.762704e+01	-3.761228e+02
2.500000e-07	-6.977256e-06	-1.478076e-09	-3.755776e+01	-3.759429e+02
2.600000e-07	-6.963598e-06	-1.412580e-09	-3.748424e+01	-3.757581e+02
2.700000e-07	-6.949371e-06	-1.495335e-09	-3.740766e+01	-3.755675e+02
2.800000e-07	-6.934522e-06	-1.516969e-09	-3.732773e+01	-3.753698e+02
2.900000e-07	-6.918832e-06	-1.433163e-09	-3.724327e+01	-3.751638e+02
3.000000e-07	-6.902538e-06	-1.449801e-09	-3.715556e+01	-3.749483e+02
3.100000e-07	-6.885978e-06	-1.509850e-09	-3.706642e+01	-3.747222e+02
3.200000e-07	-6.869025e-06	-1.436528e-09	-3.697517e+01	-3.744842e+02
3.300000e-07	-6.851493e-06	-1.406190e-09	-3.688079e+01	-3.742334e+02
3.400000e-07	-6.833554e-06	-1.509445e-09	-3.678423e+01	-3.739687e+02
3.500000e-07	-6.815138e-06	-1.502285e-09	-3.668510e+01	-3.736891e+02
3.600000e-07	-6.796204e-06	-1.387575e-09	-3.658318e+01	-3.733938e+02
3.700000e-07	-6.776687e-06	-1.425322e-09	-3.647812e+01	-3.730821e+02
3.800000e-07	-6.756784e-06	-1.507989e-09	-3.637099e+01	-3.727534e+02
3.900000e-07	-6.736633e-06	-1.434198e-09	-3.626252e+01	-3.724071e+02
4.000000e-07	-6.716161e-06	-1.389482e-09	-3.615232e+01	-3.720429e+02
4.100000e-07	-6.695155e-06	-1.469718e-09	-3.603924e+01	-3.716606e+02
4.200000e-07	-6.673670e-06	-1.463200e-09	-3.592359e+01	-3.712599e+02
4.300000e-07	-6.651631e-06	-1.397084e-09	-3.580496e+01	-3.708409e+02
4.400000e-07	-6.629121e-06	-1.435795e-09	-3.568379e+01	-3.704037e+02
4.500000e-07	-6.606205e-06	-1.456129e-09	-3.556044e+01	-3.699485e+02
4.600000e-07	-6.582826e-06	-1.390083e-09	-3.543459e+01	-3.694754e+02
4.700000e-07	-6.559157e-06	-1.404711e-09	-3.530719e+01	-3.689849e+02
4.800000e-07	-6.535182e-06	-1.459992e-09	-3.517813e+01	-3.684773e+02
4.900000e-07	-6.510729e-06	-1.411509e-09	-3.504650e+01	-3.679530e+02
5.000000e-07	-6.485601e-06	-1.377520e-09	-3.491124e+01	-3.674126e+02
5.100000e-07	-6.459602e-06	-1.426638e-09	-3.477129e+01	-3.668564e+02
5.200000e-07	-6.432853e-06	-1.421738e-09	-3.462730e+01	-3.662850e+02
5.300000e-07	-6.405567e-06	-1.381543e-09	-3.448043e+01	-3.656987e+02
5.400000e-07	-6.377909e-06	-1.408347e-09	-3.433155e+01	-3.650981e+02
5.500000e-07	-6.349990e-06	-1.420820e-09	-3.418126e+01	-3.644833e+02
5.600000e-07	-6.321721e-06	-1.384041e-09	-3.402909e+01	-3.638549e+02
5.700000e-07	-6.293020e-06	-1.388002e-09	-3.387460e+01	-3.632129e+02
5.800000e-07	-6.263842e-06	-1.406925e-09	-3.371754e+01	-3.625575e+02
5.900000e-07	-6.234318e-06	-1.381905e-09	-3.355861e+01	-3.618889e+02
6.000000e-07	-6.204437e-06	-1.372875e-09	-3.339777e+01	-3.612070e+02
6.100000e-07	-6.173970e-06	-1.392670e-09	-3.323377e+01	-3.605118e+02
6.200000e-07	-6.142949e-06	-1.385219e-09	-3.306679e+01	-3.598030e+02
6.300000e-07	-6.111622e-06	-1.369191e-09	-3.289815e+01	-3.590805e+02
6.400000e-07	-6.080045e-06	-1.374146e-09	-3.272818e+01	-3.583440e+02
6.500000e-07	-6.048241e-06	-1.370181e-09	-3.255698e+01	-3.575929e+02
6.600000e-07	-6.016163e-06	-1.357717e-09	-3.238431e+01	-3.568269e+02
6.700000e-07	-5.983566e-06	-1.361326e-09	-3.220884e+01	-3.560455e+02
6.800000e-07	-5.950118e-06	-1.364747e-09	-3.202880e+01	-3.552481e+02
6.900000e-07	-5.915915e-06	-1.353463e-09	-3.184468e+01	-3.544341e+02
7.000000e-07	-5.881200e-06	-1.345300e-09	-3.165782e+01	-3.536030e+02
7.100000e-07	-5.845950e-06	-1.344079e-09	-3.146807e+01	-3.527540e+02
7.200000e-07	-5.810278e-06	-1.340528e-09	-3.127605e+01	-3.518866e+02
7.300000e-07	-5.774412e-06	-1.335422e-09	-3.108299e+01	-3.510002e+02
7.400000e-07	-5.738417e-06	-1.330879e-09	-3.088924e+01	-3.500941e+02
7.500000e-07	-5.702065e-06	-1.326140e-09	-3.069356e+01	-3.491679e+02
7.600000e-07	-5.665173e-06	-1.323069e-09	-3.049497e+01	-3.482210e+02
7.700000e-07	-5.627785e-06	-1.320018e-09	-3.029372e+01	-3.472530e+02
7.800000e-07	-5.589903e-06	-1.313017e-09	-3.008980e+01	-3.462634e+02
7.900000e-07	-5.551748e-06	-1.305734e-09	-2.988442e+01	-3.452518e+02
8.000000e-07	-5.513223e-06	-1.301939e-09	-2.967704e+01	-3.442181e+02
8.100000e-07	-5.474095e-06	-1.299642e-09	-2.946642e+01	-3.431619e+02
8.200000e-07	-5.434631e-06	-1.295283e-09	-2.925399e+01	-3.420831e+02
8.300000e-07	-5.395022e-06	-1.288869e-09	-2.904078e+01	-3.409816e+02
8.400000e-07	-5.355196e-06	-1.281336e-09	-2.882640e+01	-3.398574e+02
8.500000e-07	-5.315107e-06	-1.275269e-09	-2.861061e+01	-3.387104e+02
8.600000e-07	-5.274538e-06	-1.271234e-09	-2.839223e+01	-3.375408e+02
8.700000e-07	-5.233493e-06	-1.266703e-09	-2.817129e+01	-3.363487e+02
8.800000e-07	-5.192023e-06	-1.260342e-09	-2.794806e+01	-3.351343e+02
8.900000e-07	-5.149871e-06	-1.254046e-09	-2.772116e+01	-3.338978e+02
9.000000e-07	-5.107095e-06	-1.248825e-09	-2.749090e+01	-3.326393e+02
9.100000e-07	-5.063817e-06	-1.244851e-09	-2.725794e+01	-3.313593e+02
9.200000e-07	-5.020218e-06	-1.239090e-09	-2.702326e+01	-3.300578e+02
9.300000e-07	-4.976443e-06	-1.230564e-09	-2.678762e+01	-3.287353e+02
9.400000e-07	-4.932423e-06	-1.223079e-09	-2.655066e+01	-3.273920e+02
9.500000e-07	-4.888091e-06	-1.216893e-09	-2.631203e+01	-3.260281e+02
9.600000e-07	-4.843427e-06	-1.210093e-09	-2.607161e+01	-3.246440e+02
9.700000e-07	-4.798384e-06	-1.202937e-09	-2.582915e+01	-3.232398e+02
9.800000e-07	-4.753061e-06	-1.195580e-09	-2.558518e+01	-3.218158e+02
9.900000e-07	-4.707409e-06	-1.189215e-09	-2.533944e+01	-3.203720e+02
1.000000e-06	-4.661376e-06	-1.183407e-09	-2.509165e+01	-3.189087e+02
1.010000e-06	-4.615089e-06	-1.177645e-09	-2.484249e+01	-3.174259e+02
1.020000e-06	-4.568528e-06	-1.170494e-09	-2.459186e+01	-3.159237e+02
1.030000e-06	-4.521358e-06	-1.162616e-09	-2.433795e+01	-3.144021e+02
1.040000e-06	-4.473802e-06	-1.156666e-09	-2.408196e+01	-3.128609e+02
1.050000e-06	-4.426213e-06	-1.151424e-09	-2.382580e+01	-3.113001e+02
1.060000e-06	-4.378379e-06	-1.144632e-09	-2.356831e+01	-3.097195e+02
1.070000e-06	-4.330215e-06	-1.136264e-09	-2.330904e+01	-3.081190e+02
1.080000e-06	-4.281882e-06	-1.128860e-09	-2.304888e+01	-3.064982e+02
1.090000e-06	-4.233095e-06	-1.122609e-09	-2.278626e+01	-3.048567e+02
1.100000e-06	-4.183915e-06	-1.116140e-09	-2.252153e+01	-3.031944e+02
1.110000e-06	-4.134446e-06	-1.108787e-09	-2.225524e+01	-3.015106e+02
1.120000e-06	-4.084244e-06	-1.100939e-09	-2.198501e+01	-2.998050e+02
1.130000e-06	-4.033534e-06	-1.093277e-09	-2.171205e+01	-2.980771e+02
1.140000e-06	-3.982578e-06	-1.085880e-09	-2.143776e+01	-2.963262e+02
1.150000e-06	-3.931292e-06	-1.078703e-09	-2.116169e+01	-2.945518e+02
1.160000e-06	-3.879686e-06	-1.071112e-09	-2.088390e+01	-2.927533e+02
1.170000e-06	-3.827831e-06	-1.063311e-09	-2.060477e+01	-2.909299e+02
1.180000e-06	-3.775655e-06	-1.056606e-09	-2.032391e+01	-2.890811e+02
1.190000e-06	-3.723111e-06	-1.049947e-09	-2.004108e+01	-2.872060e+02
1.200000e-06	-3.670236e-06	-1.042661e-09	-1.975645e+01	-2.853040e+02
1.210000e-06	-3.617193e-06	-1.035077e-09	-1.947093e+01	-2.833742e+02
1.220000e-06	-3.563953e-06	-1.027613e-09	-1.918435e+01	-2.814159e+02
1.230000e-06	-3.510399e-06	-1.020294e-09	-1.889607e+01	-2.794283e+02
1.240000e-06	-3.456633e-06	-1.012904e-09	-1.860666e+01	-2.774106e+02
1.250000e-06	-3.402677e-06	-1.004047e-09	-1.831622e+01	-2.753620e+02
1.260000e-06	-3.348537e-06	-9.944938e-10	-1.802479e+01	-2.732818e+02
1.270000e-06	-3.294132e-06	-9.857660e-10	-1.773193e+01	-2.711691e+02
1.280000e-06	-3.239404e-06	-9.781145e-10	-1.743734e+01	-2.690233e+02
1.290000e-06	-3.184493e-06	-9.713228e-10	-1.714176e+01	-2.668436e+02
1.300000e-06	-3.129326e-06	-9.637596e-10	-1.684480e+01	-2.646293e+02
1.310000e-06	-3.073853e-06	-9.554784e-10	-1.654620e+01	-2.623798e+02
1.320000e-06	-3.018183e-06	-9.464508e-10	-1.624653e+01	-2.600945e+02
1.330000e-06	-2.962458e-06	-9.358861e-10	-1.594657e+01	-2.577728e+02
1.340000e-06	-2.906686e-06	-9.261616e-10	-1.564635e+01	-2.554142e+02
1.350000e-06	-2.850753e-06	-9.181906e-10	-1.534528e+01	-2.530182e+02
1.360000e-06	-2.794674e-06	-9.094206e-10	-1.504341e+01	-2.505845e+02
1.370000e-06	-2.738538e-06	-8.998303e-10	-1.474123e+01	-2.481128e+02
1.380000e-06	-2.682252e-06	-8.911888e-10	-1.443825e+01	-2.456027e+02
1.390000e-06	-2.625742e-06	-8.834388e-10	-1.413406e+01	-2.430540e+02
1.400000e-06	-2.569119e-06	-8.739765e-10	-1.382927e+01	-2.404665e+02
1.410000e-06	-2.512225e-06	-8.622881e-10	-1.352302e+01	-2.378403e+02
1.420000e-06	-2.454942e-06	-8.508704e-10	-1.321467e+01	-2.351750e+02
1.430000e-06	-2.397351e-06	-8.407052e-10	-1.290466e+01	-2.324708e+02
1.440000e-06	-2.339325e-06	-8.307509e-10	-1.259232e+01	-2.297277e+02
1.450000e-06	-2.280878e-06	-8.206492e-10	-1.227770e+01	-2.269455e+02
1.460000e-06	-2.222195e-06	-8.090373e-10	-1.196182e+01	-2.241243e+02
1.470000e-06	-2.163372e-06	-7.971001e-10	-1.164518e+01	-2.212642e+02
1.480000e-06	-2.104377e-06	-7.878134e-10	-1.132762e+01	-2.183650e+02
1.490000e-06	-2.045115e-06	-7.775044e-10	-1.100862e+01	-2.154266e+02
1.500000e-06	-1.985661e-06	-7.642127e-10	-1.068859e+01	-2.124491e+02
1.510000e-06	-1.926088e-06	-7.518904e-10	-1.036791e+01	-2.094320e+02
1.520000e-06	-1.866428e-06	-7.408857e-10	-1.004677e+01	-2.063752e+02
1.530000e-06	-1.806762e-06	-7.291643e-10	-9.725593e+00	-2.032781e+02
1.540000e-06	-1.747114e-06	-7.163124e-10	-9.404510e+00	-2.001403e+02
1.550000e-06	-1.687315e-06	-7.040174e-10	-9.082621e+00	-1.969610e+02
1.560000e-06	-1.627444e-06	-6.921436e-10	-8.760344e+00	-1.937394e+02
1.570000e-06	-1.567598e-06	-6.800322e-10	-8.438199e+00	-1.904746e+02
1.580000e-06	-1.507668e-06	-6.682395e-10	-8.115605e+00	-1.871652e+02
1.590000e-06	-1.447703e-06	-6.556196e-10	-7.792818e+00	-1.838101e+02
1.600000e-06	-1.387694e-06	-6.424515e-10	-7.469799e+00	-1.804077e+02
1.610000e-06	-1.327622e-06	-6.301247e-10	-7.146433e+00	-1.769562e+02
1.620000e-06	-1.267424e-06	-6.179882e-10	-6.822394e+00	-1.734539e+02
1.630000e-06	-1.207120e-06	-6.047810e-10	-6.497789e+00	-1.698986e+02
1.640000e-06	-1.146708e-06	-5.899470e-10	-6.172594e+00	-1.662883e+02
1.650000e-06	-1.086258e-06	-5.744271e-10	-5.847200e+00	-1.626206e+02
1.660000e-06	-1.025738e-06	-5.602578e-10	-5.521430e+00	-1.588932e+02
1.670000e-06	-9.650093e-07	-5.466168e-10	-5.194533e+00	-1.551035e+02
1.680000e-06	-9.042864e-07	-5.322519e-10	-4.867669e+00	-1.512490e+02
1.690000e-06	-8.435677e-07	-5.176027e-10	-4.540827e+00	-1.473272e+02
1.700000e-06	-7.826633e-07	-5.026018e-10	-4.212986e+00	-1.433356e+02
1.710000e-06	-7.215731e-07	-4.877909e-10	-3.884145e+00	-1.392717e+02
1.720000e-06	-6.604105e-07	-4.736551e-10	-3.554914e+00	-1.351332e+02
1.730000e-06	-5.992537e-07	-4.594055e-10	-3.225714e+00	-1.309177e+02
1.740000e-06	-5.382229e-07	-4.439110e-10	-2.897192e+00	-1.266234e+02
1.750000e-06	-4.771837e-07	-4.271383e-10	-2.568625e+00	-1.222482e+02
1.760000e-06	-4.159154e-07	-4.107030e-10	-2.238825e+00	-1.177908e+02
1.770000e-06	-3.545494e-07	-3.945081e-10	-1.908498e+00	-1.132498e+02
1.780000e-06	-2.932757e-07	-3.769798e-10	-1.578669e+00	-1.086244e+02
1.790000e-06	-2.319701e-07	-3.587645e-10	-1.248668e+00	-1.039141e+02
1.800000e-06	-1.706739e-07	-3.413279e-10	-9.187177e-01	-9.911877e+01
1.810000e-06	-1.094201e-07	-3.243760e-10	-5.889960e-01	-9.423876e+01
1.820000e-06	-4.811125e-08	-3.078119e-10	-2.589773e-01	-8.927490e+01
1.830000e-06	1.314605e-08	-2.910607e-10	7.076364e-02	-8.422850e+01
1.840000e-06	7.431602e-08	-2.735601e-10	4.000346e-01	-7.910138e+01
1.850000e-06	1.353527e-07	-2.554022e-10	7.285878e-01	-7.389584e+01
1.860000e-06	1.964478e-07	-2.359202e-10	1.057456e+00	-6.861469e+01
1.870000e-06	2.577031e-07	-2.152380e-10	1.387186e+00	-6.326125e+01
1.880000e-06	3.190341e-07	-1.949386e-10	1.717323e+00	-5.783930e+01
1.890000e-06	3.803130e-07	-1.757963e-10	2.047181e+00	-5.235312e+01
1.900000e-06	4.413760e-07	-1.569221e-10	2.375876e+00	-4.680738e+01
1.910000e-06	5.023610e-07	-1.367330e-10	2.704151e+00	-4.120718e+01
1.920000e-06	5.634305e-07	-1.161862e-10	3.032881e+00	-3.555799e+01
1.930000e-06	6.245097e-07	-9.532531e-11	3.361664e+00	-2.986559e+01
1.940000e-06	6.854675e-07	-7.326895e-11	3.689792e+00	-2.413603e+01
1.950000e-06	7.464041e-07	-5.133530e-11	4.017807e+00	-1.837560e+01
1.960000e-06	8.072646e-07	-3.067772e-11	4.345412e+00	-1.259074e+01
1.970000e-06	8.679055e-07	-1.117745e-11	4.671835e+00	-6.788019e+00
1.980000e-06	9.286195e-07	8.955050e-12	4.998652e+00	-9.740401e-01
1.990000e-06	9.893448e-07	2.960558e-11	5.325529e+00	4.844587e+00
2.000000e-06	1.050017e-06	5.036050e-11	5.652123e+00	1.066132e+01
2.010000e-06	1.110604e-06	7.140457e-11	5.978252e+00	1.646973e+01
2.020000e-06	1.171002e-06	9.207541e-11	6.303367e+00	2.226357e+01
2.030000e-06	1.231392e-06	1.118520e-10	6.628443e+00	2.803681e+01
2.040000e-06	1.291720e-06	1.325268e-10	6.953177e+00	3.378370e+01
2.050000e-06	1.351928e-06	1.547716e-10	7.277270e+00	3.949881e+01
2.060000e-06	1.412079e-06	1.764614e-10	7.601060e+00	4.517703e+01
2.070000e-06	1.472143e-06	1.972091e-10	7.924374e+00	5.081367e+01
2.080000e-06	1.532112e-06	2.176860e-10	8.247183e+00	5.640443e+01
2.090000e-06	1.592014e-06	2.384940e-10	8.569629e+00	6.194543e+01
2.100000e-06	1.651823e-06	2.594317e-10	8.891571e+00	6.743326e+01
2.110000e-06	1.711662e-06	2.792905e-10	9.213678e+00	7.286492e+01
2.120000e-06	1.771456e-06	2.983615e-10	9.535543e+00	7.823788e+01
2.130000e-06	1.831108e-06	3.175710e-10	9.856642e+00	8.355003e+01
2.140000e-06	1.890704e-06	3.377409e-10	1.017744e+01	8.879969e+01
2.150000e-06	1.950090e-06	3.582041e-10	1.049711e+01	9.398560e+01
2.160000e-06	2.009391e-06	3.768639e-10	1.081632e+01	9.910685e+01
2.170000e-06	2.068754e-06	3.946275e-10	1.113586e+01	1.041629e+02
2.180000e-06	2.127894e-06	4.127701e-10	1.145421e+01	1.091536e+02
2.190000e-06	2.186701e-06	4.307339e-10	1.177076e+01	1.140790e+02
2.200000e-06	2.245304e-06	4.488163e-10	1.208621e+01	1.189393e+02
2.210000e-06	2.303664e-06	4.667523e-10	1.240036e+01	1.237352e+02
2.220000e-06	2.361669e-06	4.843678e-10	1.271259e+01	1.284673e+02
2.230000e-06	2.419427e-06	5.012386e-10	1.302350e+01	1.331365e+02
2.240000e-06	2.476870e-06	5.182193e-10	1.333271e+01	1.377437e+02
2.250000e-06	2.533860e-06	5.358428e-10	1.363947e+01	1.422899e+02
2.260000e-06	2.590580e-06	5.524818e-10	1.394479e+01	1.467761e+02
2.270000e-06	2.647116e-06	5.689999e-10	1.424912e+01	1.512033e+02
2.280000e-06	2.703385e-06	5.856539e-10	1.455201e+01	1.555725e+02
2.290000e-06	2.759500e-06	6.009741e-10	1.485407e+01	1.598845e+02
2.300000e-06	2.815576e-06	6.156297e-10	1.515592e+01	1.641402e+02
2.310000e-06	2.871545e-06	6.304949e-10	1.545720e+01	1.683403e+02
2.320000e-06	2.927318e-06	6.455889e-10	1.575741e+01	1.724854e+02
2.330000e-06	2.982908e-06	6.607904e-10	1.605665e+01	1.765760e+02
2.340000e-06	3.038315e-06	6.757522e-10	1.635490e+01	1.806125e+02
2.350000e-06	3.093513e-06	6.901236e-10	1.665203e+01	1.845951e+02
2.360000e-06	3.148428e-06	7.042775e-10	1.694763e+01	1.885239e+02
2.370000e-06	3.203186e-06	7.189045e-10	1.724238e+01	1.923991e+02
2.380000e-06	3.257750e-06	7.329904e-10	1.753609e+01	1.962205e+02
2.390000e-06	3.312016e-06	7.463908e-10	1.782820e+01	1.999880e+02
2.400000e-06	3.366121e-06	7.608101e-10	1.811944e+01	2.037015e+02
2.410000e-06	3.419981e-06	7.749087e-10	1.840936e+01	2.073606e+02
2.420000e-06	3.473721e-06	7.875644e-10	1.869864e+01	2.109651e+02
2.430000e-06	3.527293e-06	8.006277e-10	1.898701e+01	2.145147e+02
2.440000e-06	3.580428e-06	8.134274e-10	1.927303e+01	2.180093e+02
2.450000e-06	3.633248e-06	8.252467e-10	1.955735e+01	2.214485e+02
2.460000e-06	3.686003e-06	8.369639e-10	1.984133e+01	2.248322e+02
2.470000e-06	3.738471e-06	8.488192e-10	2.012376e+01	2.281603e+02
2.480000e-06	3.790528e-06	8.602069e-10	2.040397e+01	2.314328e+02
2.490000e-06	3.842252e-06	8.703822e-10	2.068240e+01	2.346497e+02
2.500000e-06	3.893676e-06	8.802345e-10	2.095921e+01	2.378112e+02
2.510000e-06	3.944952e-06	8.906819e-10	2.123522e+01	2.409176e+02
2.520000e-06	3.995971e-06	9.017388e-10	2.150985e+01	2.439692e+02
2.530000e-06	4.046537e-06	9.130045e-10	2.178204e+01	2.469664e+02
2.540000e-06	4.096551e-06	9.238260e-10	2.205126e+01	2.499100e+02
2.550000e-06	4.146131e-06	9.337423e-10	2.231814e+01	2.528004e+02
2.560000e-06	4.195196e-06	9.428813e-10	2.258226e+01	2.556385e+02
2.570000e-06	4.243748e-06	9.520393e-10	2.284361e+01	2.584250e+02
2.580000e-06	4.292067e-06	9.612267e-10	2.310370e+01	2.611609e+02
2.590000e-06	4.340103e-06	9.703537e-10	2.336227e+01	2.638470e+02
2.600000e-06	4.387833e-06	9.796381e-10	2.361920e+01	2.664844e+02
2.610000e-06	4.435337e-06	9.896162e-10	2.387491e+01	2.690739e+02
2.620000e-06	4.482745e-06	9.999935e-10	2.413010e+01	2.716165e+02
2.630000e-06	4.529860e-06	1.009223e-09	2.438371e+01	2.741132e+02
2.640000e-06	4.576441e-06	1.017723e-09	2.463445e+01	2.765648e+02
2.650000e-06	4.622660e-06	1.026580e-09	2.488325e+01	2.789722e+02
2.660000e-06	4.668554e-06	1.034710e-09	2.513028e+01	2.813362e+02
2.670000e-06	4.714094e-06	1.042071e-09	2.537542e+01	2.836575e+02
2.680000e-06	4.759361e-06	1.049242e-09	2.561909e+01	2.859368e+02
2.690000e-06	4.804377e-06	1.056921e-09	2.586140e+01	2.881745e+02
2.700000e-06	4.849111e-06	1.065460e-09	2.610220e+01	2.903713e+02
2.710000e-06	4.893507e-06	1.073202e-09	2.634118e+01	2.925273e+02
2.720000e-06	4.937599e-06	1.079905e-09	2.657852e+01	2.946430e+02
2.730000e-06	4.981461e-06	1.087034e-09	2.681463e+01	2.967186e+02
2.740000e-06	5.025097e-06	1.094912e-09	2.704952e+01	2.987541e+02
2.750000e-06	5.068550e-06	1.103368e-09	2.728342e+01	3.007498e+02
2.760000e-06	5.111668e-06	1.111423e-09	2.751552e+01	3.027055e+02
2.770000e-06	5.154274e-06	1.118420e-09	2.774486e+01	3.046214e+02
2.780000e-06	5.196358e-06	1.124703e-09	2.797139e+01	3.064974e+02
2.790000e-06	5.237825e-06	1.130546e-09	2.819461e+01	3.083334e+02
2.800000e-06	5.278549e-06	1.137523e-09	2.841382e+01	3.101295e+02
2.810000e-06	5.318681e-06	1.145519e-09	2.862985e+01	3.118857e+02
2.820000e-06	5.358566e-06	1.153406e-09	2.884454e+01	3.136021e+02
2.830000e-06	5.398262e-06	1.161278e-09	2.905822e+01	3.152787e+02
2.840000e-06	5.437677e-06	1.168442e-09	2.927039e+01	3.169158e+02
2.850000e-06	5.476736e-06	1.174718e-09	2.948064e+01	3.185138e+02
2.860000e-06	5.515462e-06	1.180486e-09	2.968909e+01	3.200729e+02
2.870000e-06	5.553793e-06	1.185493e-09	2.989543e+01	3.215938e+02
2.880000e-06	5.591626e-06	1.190930e-09	3.009908e+01	3.230770e+02
2.890000e-06	5.629037e-06	1.197417e-09	3.030046e+01	3.245233e+02
2.900000e-06	5.666076e-06	1.204189e-09	3.049983e+01	3.259335e+02
2.910000e-06	5.702818e-06	1.211183e-09	3.069761e+01	3.273088e+02
2.920000e-06	5.739240e-06	1.217371e-09	3.089366e+01	3.286502e+02
2.930000e-06	5.775237e-06	1.222499e-09	3.108743e+01	3.299589e+02
2.940000e-06	5.811000e-06	1.227942e-09	3.127994e+01	3.312362e+02
2.950000e-06	5.846602e-06	1.234029e-09	3.147158e+01	3.324837e+02
2.960000e-06	5.881816e-06	1.238910e-09	3.166114e+01	3.337027e+02
2.970000e-06	5.916577e-06	1.242428e-09	3.184825e+01	3.348948e+02
2.980000e-06	5.950615e-06	1.247325e-09	3.203147e+01	3.360617e+02
2.990000e-06	5.983889e-06	1.253327e-09	3.221058e+01	3.372049e+02
3.000000e-06	6.016577e-06	1.258493e-09	3.238654e+01	3.383261e+02
3.010000e-06	6.048720e-06	1.262666e-09	3.255956e+01	3.394269e+02
3.020000e-06	6.080504e-06	1.266713e-09	3.273065e+01	3.405088e+02
3.030000e-06	6.111997e-06	1.271822e-09	3.290017e+01	3.415735e+02
3.040000e-06	6.143192e-06	1.278221e-09	3.306809e+01	3.426223e+02
3.050000e-06	6.174075e-06	1.284506e-09	3.323433e+01	3.436566e+02
3.060000e-06	6.204566e-06	1.289563e-09	3.339846e+01	3.446778e+02
3.070000e-06	6.234507e-06	1.293770e-09	3.355963e+01	3.456870e+02
3.080000e-06	6.263864e-06	1.296561e-09	3.371766e+01	3.466852e+02
3.090000e-06	6.292727e-06	1.299243e-09	3.387302e+01	3.476733e+02
3.100000e-06	6.321182e-06	1.303146e-09	3.402619e+01	3.486522e+02
3.110000e-06	6.349313e-06	1.306870e-09	3.417762e+01	3.496225e+02
3.120000e-06	6.377199e-06	1.310799e-09	3.432773e+01	3.505846e+02
3.130000e-06	6.404826e-06	1.315281e-09	3.447644e+01	3.515390e+02
3.140000e-06	6.432085e-06	1.320951e-09	3.462317e+01	3.524858e+02
3.150000e-06	6.458873e-06	1.326745e-09	3.476736e+01	3.534252e+02
3.160000e-06	6.484993e-06	1.329056e-09	3.490797e+01	3.543571e+02
3.170000e-06	6.510220e-06	1.329109e-09	3.504376e+01	3.552814e+02
3.180000e-06	6.534718e-06	1.330773e-09	3.517563e+01	3.561978e+02
3.190000e-06	6.558721e-06	1.334550e-09	3.530484e+01	3.571060e+02
3.200000e-06	6.582315e-06	1.339094e-09	3.543184e+01	3.580055e+02
3.210000e-06	6.605683e-06	1.343327e-09	3.555763e+01	3.588958e+02
3.220000e-06	6.628572e-06	1.348048e-09	3.568084e+01	3.597764e+02
3.230000e-06	6.650879e-06	1.353864e-09	3.580092e+01	3.606466e+02
3.240000e-06	6.672834e-06	1.359098e-09	3.591909e+01	3.615059e+02
3.250000e-06	6.694406e-06	1.362361e-09	3.603521e+01	3.623535e+02
3.260000e-06	6.715399e-06	1.363871e-09	3.614822e+01	3.631888e+02
3.270000e-06	6.735833e-06	1.367010e-09	3.625821e+01	3.640110e+02
3.280000e-06	6.755891e-06	1.371993e-09	3.636618e+01	3.648195e+02
3.290000e-06	6.775637e-06	1.376809e-09	3.647247e+01	3.656137e+02
3.300000e-06	6.795048e-06	1.380360e-09	3.657696e+01	3.663928e+02
3.310000e-06	6.814036e-06	1.383083e-09	3.667917e+01	3.671562e+02
3.320000e-06	6.832575e-06	1.386981e-09	3.677896e+01	3.679032e+02
3.330000e-06	6.850480e-06	1.391920e-09	3.687534e+01	3.686333e+02
3.340000e-06	6.867856e-06	1.397176e-09	3.696887e+01	3.693458e+02
3.350000e-06	6.884798e-06	1.400822e-09	3.706007e+01	3.700402e+02
3.360000e-06	6.901306e-06	1.402512e-09	3.714893e+01	3.707159e+02
3.370000e-06	6.917414e-06	1.404569e-09	3.723564e+01	3.713724e+02
3.380000e-06	6.932866e-06	1.409014e-09	3.731882e+01	3.720091e+02
3.390000e-06	6.947598e-06	1.413823e-09	3.739812e+01	3.726256e+02
3.400000e-06	6.961829e-06	1.417180e-09	3.747472e+01	3.732212e+02
3.410000e-06	6.975571e-06	1.421233e-09	3.754869e+01	3.737955e+02
3.420000e-06	6.988793e-06	1.424995e-09	3.761987e+01	3.743481e+02
3.430000e-06	7.001542e-06	1.427900e-09	3.768849e+01	3.748783e+02
3.440000e-06	7.013831e-06	1.430869e-09	3.775464e+01	3.753857e+02
3.450000e-06	7.025640e-06	1.433995e-09	3.781821e+01	3.758699e+02
3.460000e-06	7.036910e-06	1.437888e-09	3.787887e+01	3.763303e+02
3.470000e-06	7.047519e-06	1.441645e-09	3.793598e+01	3.767665e+02
3.480000e-06	7.057148e-06	1.443871e-09	3.798781e+01	3.771782e+02
3.490000e-06	7.065947e-06	1.445322e-09	3.803518e+01	3.775647e+02
3.500000e-06	7.074249e-06	1.447294e-09	3.807986e+01	3.779259e+02
3.510000e-06	7.082117e-06	1.449646e-09	3.812222e+01	3.782614e+02
3.520000e-06	7.089666e-06	1.452873e-09	3.816285e+01	3.785709e+02
3.530000e-06	7.096938e-06	1.456347e-09	3.820200e+01	3.788542e+02
3.540000e-06	7.103737e-06	1.458836e-09	3.823860e+01	3.791112e+02
3.550000e-06	7.109925e-06	1.460153e-09	3.827191e+01	3.793417e+02
3.560000e-06	7.115548e-06	1.461856e-09	3.830217e+01	3.795460e+02
3.570000e-06	7.120517e-06	1.464209e-09	3.832892e+01	3.797239e+02
3.580000e-06	7.124965e-06	1.466338e-09	3.835286e+01	3.798759e+02
3.590000e-06	7.129150e-06	1.467781e-09	3.837539e+01	3.800022e+02
3.600000e-06	7.133083e-06	1.469951e-09	3.839656e+01	3.801034e+02
3.610000e-06	7.136638e-06	1.472442e-09	3.841570e+01	3.801799e+02
3.620000e-06	7.139720e-06	1.474114e-09	3.843229e+01	3.802325e+02
3.630000e-06	7.142147e-06	1.476470e-09	3.844535e+01	3.802620e+02
3.640000e-06	7.143799e-06	1.477054e-09	3.845424e+01	3.802694e+02
3.650000e-06	7.144655e-06	1.475579e-09	3.845885e+01	3.802557e+02
3.660000e-06	7.144868e-06	1.475310e-09	3.846000e+01	3.802220e+02
3.670000e-06	7.144779e-06	1.475738e-09	3.845952e+01	3.801696e+02
3.680000e-06	7.144231e-06	1.475552e-09	3.845657e+01	3.800997e+02
3.690000e-06	7.143193e-06	1.475589e-09	3.845098e+01	3.800139e+02
3.700000e-06	7.141741e-06	1.476305e-09	3.844317e+01	3.799134e+02
3.710000e-06	7.139804e-06	1.476779e-09	3.843274e+01	3.797999e+02
3.720000e-06	7.137501e-06	1.476358e-09	3.842034e+01	3.796746e+02
3.730000e-06	7.134747e-06	1.475704e-09	3.840552e+01	3.795393e+02
3.740000e-06	7.131417e-06	1.466727e-09	3.838759e+01	3.793951e+02
3.750000e-06	7.127612e-06	1.454977e-09	3.836711e+01	3.792437e+02
3.760000e-06	7.123351e-06	1.490370e-09	3.834418e+01	3.790862e+02
3.770000e-06	7.118230e-06	1.540406e-09	3.831661e+01	3.789240e+02
3.780000e-06	7.111998e-06	1.477339e-09	3.828306e+01	3.787582e+02
3.790000e-06	7.105322e-06	1.400150e-09	3.824713e+01	3.785899e+02
3.800000e-06	7.098743e-06	1.464062e-09	3.821171e+01	3.784199e+02
3.810000e-06	7.091768e-06	1.557664e-09	3.817417e+01	3.782489e+02
3.820000e-06	7.083994e-06	1.486882e-09	3.813232e+01	3.780776e+02
3.830000e-06	7.075663e-06	1.380778e-09	3.808748e+01	3.779064e+02
3.840000e-06	7.067139e-06	1.480172e-09	3.804159e+01	3.777356e+02
3.850000e-06	7.058355e-06	1.604903e-09	3.799431e+01	3.775652e+02
3.860000e-06	7.048885e-06	1.485263e-09	3.794333e+01	3.773951e+02
3.870000e-06	7.038753e-06	1.338661e-09	3.788880e+01	3.772251e+02
3.880000e-06	7.028320e-06	1.469234e-09	3.783263e+01	3.770548e+02
3.890000e-06	7.017609e-06	1.607429e-09	3.777498e+01	3.768836e+02
3.900000e-06	7.006187e-06	1.469159e-09	3.771349e+01	3.767108e+02
3.910000e-06	6.994062e-06	1.363368e-09	3.764823e+01	3.765355e+02
3.920000e-06	6.981463e-06	1.527519e-09	3.758041e+01	3.763568e+02
3.930000e-06	6.968263e-06	1.587590e-09	3.750935e+01	3.761738e+02
3.940000e-06	6.954125e-06	1.406580e-09	3.743325e+01	3.759852e+02
3.950000e-06	6.939335e-06	1.393933e-09	3.735364e+01	3.757899e+02
3.960000e-06	6.924071e-06	1.570125e-09	3.727147e+01	3.755867e+02
3.970000e-06	6.908124e-06	1.530499e-09	3.718563e+01	3.753745e+02
3.980000e-06	6.891750e-06	1.389889e-09	3.709749e+01	3.751520e+02
3.990000e-06	6.875123e-06	1.495360e-09	3.700799e+01	3.749181e+02
4.000000e-06	6.858028e-06	1.576552e-09	3.691597e+01	3.746716e+02
4.010000e-06	6.840262e-06	1.418108e-09	3.682034e+01	3.744116e+02
4.020000e-06	6.822011e-06	1.399186e-09	3.672210e+01	3.741370e+02
4.030000e-06	6.803334e-06	1.569959e-09	3.662156e+01	3.738469e+02
4.040000e-06	6.784172e-06	1.524413e-09	3.651842e+01	3.735407e+02
4.050000e-06	6.764554e-06	1.386340e-09	3.641281e+01	3.732177e+02
4.060000e-06	6.744580e-06	1.492344e-09	3.630530e+01	3.728772e+02
4.070000e-06	6.724324e-06	1.567184e-09	3.619626e+01	3.725190e+02
4.080000e-06	6.703740e-06	1.428249e-09	3.608546e+01	3.721427e+02
4.090000e-06	6.682691e-06	1.426130e-09	3.597215e+01	3.717481e+02
4.100000e-06	6.660978e-06	1.544218e-09	3.585528e+01	3.713351e+02
4.110000e-06	6.638315e-06	1.479221e-09	3.573328e+01	3.709039e+02
4.120000e-06	6.614784e-06	1.414982e-09	3.560662e+01	3.704546e+02
4.130000e-06	6.590771e-06	1.514058e-09	3.547736e+01	3.699874e+02
4.140000e-06	6.566497e-06	1.504559e-09	3.534669e+01	3.695026e+02
4.150000e-06	6.541944e-06	1.407115e-09	3.521453e+01	3.690006e+02
4.160000e-06	6.516953e-06	1.467537e-09	3.508001e+01	3.684818e+02
4.170000e-06	6.491465e-06	1.521152e-09	3.494281e+01	3.679466e+02
4.180000e-06	6.465619e-06	1.441381e-09	3.480368e+01	3.673956e+02
4.190000e-06	6.439340e-06	1.442706e-09	3.466222e+01	3.668291e+02
4.200000e-06	6.412538e-06	1.501500e-09	3.451795e+01	3.662477e+02
4.210000e-06	6.385180e-06	1.454408e-09	3.437069e+01	3.656518e+02
4.220000e-06	6.357366e-06	1.429447e-09	3.422097e+01	3.650416e+02
4.230000e-06	6.329291e-06	1.480318e-09	3.406984e+01	3.644176e+02
4.240000e-06	6.301039e-06	1.463740e-09	3.391776e+01	3.637801e+02
4.250000e-06	6.272488e-06	1.426896e-09	3.376408e+01	3.631291e+02
4.260000e-06	6.243357e-06	1.460021e-09	3.360727e+01	3.624649e+02
4.270000e-06	6.213483e-06	1.466864e-09	3.344646e+01	3.617873e+02
4.280000e-06	6.182667e-06	1.431367e-09	3.328058e+01	3.610965e+02
4.290000e-06	6.151047e-06	1.436357e-09	3.311038e+01	3.603922e+02
4.300000e-06	6.119066e-06	1.452250e-09	3.293823e+01	3.596743e+02
4.310000e-06	6.086908e-06	1.439599e-09	3.276512e+01	3.589424e+02
4.320000e-06	6.054554e-06	1.436853e-09	3.259097e+01	3.581962e+02
4.330000e-06	6.021719e-06	1.442918e-09	3.241422e+01	3.574352e+02
4.340000e-06	5.988337e-06	1.432745e-09	3.223452e+01	3.566589e+02
4.350000e-06	5.954521e-06	1.423689e-09	3.205250e+01	3.558668e+02
4.360000e-06	5.920374e-06	1.427432e-09	3.186869e+01	3.550584e+02
4.370000e-06	5.885900e-06	1.429377e-09	3.168312e+01	3.542330e+02
4.380000e-06	5.850865e-06	1.424521e-09	3.149453e+01	3.533899e+02
4.390000e-06	5.815457e-06	1.419917e-09	3.130393e+01	3.525287e+02
4.400000e-06	5.779732e-06	1.420739e-09	3.111163e+01	3.516486e+02
4.410000e-06	5.743737e-06	1.421071e-09	3.091787e+01	3.507491e+02
4.420000e-06	5.707582e-06	1.414398e-09	3.072325e+01	3.498297e+02
4.430000e-06	5.671257e-06	1.408090e-09	3.052772e+01	3.488897e+02
4.440000e-06	5.634488e-06	1.408083e-09	3.032980e+01	3.479287e+02
4.450000e-06	5.596938e-06	1.408345e-09	3.012767e+01	3.469462e+02
4.460000e-06	5.558677e-06	1.404831e-09	2.992172e+01	3.459420e+02
4.470000e-06	5.519735e-06	1.399592e-09	2.971210e+01	3.449156e+02
4.480000e-06	5.480187e-06	1.393767e-09	2.949921e+01	3.438669e+02
4.490000e-06	5.440257e-06	1.389035e-09	2.928427e+01	3.427956e+02
4.500000e-06	5.400100e-06	1.386619e-09	2.906811e+01	3.417016e+02
4.510000e-06	5.359703e-06	1.385581e-09	2.885066e+01	3.405849e+02
4.520000e-06	5.318953e-06	1.381112e-09	2.863131e+01	3.394454e+02
4.530000e-06	5.277801e-06	1.374142e-09	2.840980e+01	3.382833e+02
4.540000e-06	5.236333e-06	1.370799e-09	2.818657e+01	3.370987e+02
4.550000e-06	5.194579e-06	1.369133e-09	2.796182e+01	3.358916e+02
4.560000e-06	5.152511e-06	1.364883e-09	2.773537e+01	3.346623e+02
4.570000e-06	5.110069e-06	1.360174e-09	2.750691e+01	3.334111e+02
4.580000e-06	5.067227e-06	1.354953e-09	2.727630e+01	3.321382e+02
4.590000e-06	5.024059e-06	1.351300e-09	2.704393e+01	3.308438e+02
4.600000e-06	4.980466e-06	1.349786e-09	2.680927e+01	3.295282e+02
4.610000e-06	4.936517e-06	1.343988e-09	2.657270e+01	3.281917e+02
4.620000e-06	4.892391e-06	1.335349e-09	2.633517e+01	3.268346e+02
4.630000e-06	4.848041e-06	1.329997e-09	2.609645e+01	3.254572e+02
4.640000e-06	4.803412e-06	1.326399e-09	2.585621e+01	3.240596e+02
4.650000e-06	4.758612e-06	1.322548e-09	2.561506e+01	3.226421e+02
4.660000e-06	4.713595e-06	1.316471e-09	2.537274e+01	3.212048e+02
4.670000e-06	4.668078e-06	1.308457e-09	2.512773e+01	3.197480e+02
4.680000e-06	4.622053e-06	1.302164e-09	2.487998e+01	3.182716e+02
4.690000e-06	4.575624e-06	1.298042e-09	2.463005e+01	3.167758e+02
4.700000e-06	4.528800e-06	1.294425e-09	2.437801e+01	3.152606e+02
4.710000e-06	4.481730e-06	1.289571e-09	2.412463e+01	3.137259e+02
4.720000e-06	4.434405e-06	1.282792e-09	2.386989e+01	3.121716e+02
4.730000e-06	4.386865e-06	1.276210e-09	2.361399e+01	3.105976e+02
4.740000e-06	4.339080e-06	1.272381e-09	2.335677e+01	3.090037e+02
4.750000e-06	4.290823e-06	1.268839e-09	2.309700e+01	3.073896e+02
4.760000e-06	4.242178e-06	1.262492e-09	2.283515e+01	3.057550e+02
4.770000e-06	4.193172e-06	1.255893e-09	2.257136e+01	3.040996e+02
4.780000e-06	4.143792e-06	1.251952e-09	2.230556e+01	3.024230e+02
4.790000e-06	4.093978e-06	1.248022e-09	2.203741e+01	3.007247e+02
4.800000e-06	4.043879e-06	1.241598e-09	2.176773e+01	2.990042e+02
4.810000e-06	3.993683e-06	1.234147e-09	2.149753e+01	2.972609e+02
4.820000e-06	3.943149e-06	1.227511e-09	2.122551e+01	2.954944e+02
4.830000e-06	3.892287e-06	1.221734e-09	2.095173e+01	2.937040e+02
4.840000e-06	3.841074e-06	1.216388e-09	2.067606e+01	2.918889e+02
4.850000e-06	3.789509e-06	1.210048e-09	2.039849e+01	2.900486e+02
4.860000e-06	3.737726e-06	1.203071e-09	2.011975e+01	2.881823e+02
4.870000e-06	3.685562e-06	1.197003e-09	1.983895e+01	2.862893e+02
4.880000e-06	3.633142e-06	1.191627e-09	1.955679e+01	2.843688e+02
4.890000e-06	3.580538e-06	1.185370e-09	1.927362e+01	2.824200e+02
4.900000e-06	3.527689e-06	1.177382e-09	1.898914e+01	2.804422e+02
4.910000e-06	3.474567e-06	1.168357e-09	1.870319e+01	2.784345e+02
4.920000e-06	3.420965e-06	1.159826e-09	1.841466e+01	2.763963e+02
4.930000e-06	3.366782e-06	1.152816e-09	1.812300e+01	2.743266e+02
4.940000e-06	3.312148e-06	1.145967e-09	1.782891e+01	2.722248e+02
4.950000e-06	3.257231e-06	1.137653e-09	1.753330e+01	2.700901e+02
4.960000e-06	3.202096e-06	1.129625e-09	1.723651e+01	2.679217e+02
4.970000e-06	3.146749e-06	1.123714e-09	1.693859e+01	2.657190e+02
4.980000e-06	3.091049e-06	1.116768e-09	1.663876e+01	2.634812e+02
4.990000e-06	3.035056e-06	1.107017e-09	1.633736e+01	2.612078e+02
5.000000e-06	2.978959e-06	1.096530e-09	1.603539e+01	2.588983e+02
5.010000e-06	2.922794e-06	1.086407e-09	1.573306e+01	2.565520e+02
5.020000e-06	2.866487e-06	1.076612e-09	1.542997e+01	2.541684e+02
5.030000e-06	2.809969e-06	1.066424e-09	1.512574e+01	2.517473e+02
5.040000e-06	2.753357e-06	1.055677e-09	1.482100e+01	2.492882e+02
5.050000e-06	2.696716e-06	1.044542e-09	1.451611e+01	2.467909e+02
5.060000e-06	2.639718e-06	1.034043e-09	1.420930e+01	2.442550e+02
5.070000e-06	2.582414e-06	1.024272e-09	1.390083e+01	2.416804e+02
5.080000e-06	2.525073e-06	1.013494e-09	1.359217e+01	2.390671e+02
5.090000e-06	2.467526e-06	1.001890e-09	1.328241e+01	2.364148e+02
5.100000e-06	2.409744e-06	9.905616e-10	1.297137e+01	2.337235e+02
5.110000e-06	2.351847e-06	9.799509e-10	1.265972e+01	2.309933e+02
5.120000e-06	2.293726e-06	9.691160e-10	1.234686e+01	2.282240e+02
5.130000e-06	2.235389e-06	9.579112e-10	1.203284e+01	2.254158e+02
5.140000e-06	2.176956e-06	9.464443e-10	1.171830e+01	2.225686e+02
5.150000e-06	2.118465e-06	9.341790e-10	1.140345e+01	2.196824e+02
5.160000e-06	2.059848e-06	9.220962e-10	1.108792e+01	2.167570e+02
5.170000e-06	2.000994e-06	9.103608e-10	1.077112e+01	2.137925e+02
5.180000e-06	1.941940e-06	8.978077e-10	1.045324e+01	2.107886e+02
5.190000e-06	1.882690e-06	8.847793e-10	1.013430e+01	2.077450e+02
5.200000e-06	1.823313e-06	8.720093e-10	9.814681e+00	2.046613e+02
5.210000e-06	1.763872e-06	8.593927e-10	9.494721e+00	2.015371e+02
5.220000e-06	1.704452e-06	8.464867e-10	9.174867e+00	1.983717e+02
5.230000e-06	1.644922e-06	8.326228e-10	8.854426e+00	1.951642e+02
5.240000e-06	1.585128e-06	8.184016e-10	8.532559e+00	1.919139e+02
5.250000e-06	1.525163e-06	8.048068e-10	8.209776e+00	1.886195e+02
5.260000e-06	1.465136e-06	7.918351e-10	7.886660e+00	1.852797e+02
5.270000e-06	1.405099e-06	7.780473e-10	7.563484e+00	1.818932e+02
5.280000e-06	1.345054e-06	7.634236e-10	7.240269e+00	1.784582e+02
5.290000e-06	1.284971e-06	7.484791e-10	6.916849e+00	1.749730e+02
5.300000e-06	1.224880e-06	7.324949e-10	6.593386e+00	1.714355e+02
5.310000e-06	1.164724e-06	7.167861e-10	6.269575e+00	1.678438e+02
5.320000e-06	1.104459e-06	7.012142e-10	5.945174e+00	1.641954e+02
5.330000e-06	1.044195e-06	6.851280e-10	5.620782e+00	1.604881e+02
5.340000e-06	9.839592e-07	6.701824e-10	5.296539e+00	1.567194e+02
5.350000e-06	9.236504e-07	6.558103e-10	4.971903e+00	1.528867e+02
5.360000e-06	8.632304e-07	6.405324e-10	4.646670e+00	1.489876e+02
5.370000e-06	8.028585e-07	6.234746e-10	4.321695e+00	1.450195e+02
5.380000e-06	7.425472e-07	6.052211e-10	3.997046e+00	1.409799e+02
5.390000e-06	6.821066e-07	5.877172e-10	3.671701e+00	1.368665e+02
5.400000e-06	6.214797e-07	5.711690e-10	3.345354e+00	1.326768e+02
5.410000e-06	5.607715e-07	5.541348e-10	3.018568e+00	1.284089e+02
5.420000e-06	5.001027e-07	5.358018e-10	2.691995e+00	1.240608e+02
5.430000e-06	4.393894e-07	5.169331e-10	2.365182e+00	1.196309e+02
5.440000e-06	3.785127e-07	4.988800e-10	2.037490e+00	1.151179e+02
5.450000e-06	3.176312e-07	4.815884e-10	1.709772e+00	1.105206e+02
5.460000e-06	2.568609e-07	4.630385e-10	1.382652e+00	1.058386e+02
5.470000e-06	1.960370e-07	4.420510e-10	1.055245e+00	1.010715e+02
5.480000e-06	1.351953e-07	4.198320e-10	7.277405e-01	9.621961e+01
5.490000e-06	7.435977e-08	3.975425e-10	4.002701e-01	9.128352e+01
5.500000e-06	1.350461e-08	3.754080e-10	7.269375e-02	8.626441e+01
5.510000e-06	-4.719902e-08	3.532338e-10	-2.540669e-01	8.116391e+01
5.520000e-06	-1.079602e-07	3.306690e-10	-5.811371e-01	7.598416e+01
5.530000e-06	-1.687664e-07	3.089131e-10	-9.084499e-01	7.072782e+01
5.540000e-06	-2.294757e-07	2.883240e-10	-1.235241e+00	6.539802e+01
5.550000e-06	-2.900824e-07	2.667637e-10	-1.561480e+00	5.999840e+01
5.560000e-06	-3.506030e-07	2.438036e-10	-1.887256e+00	5.453307e+01
5.570000e-06	-4.112229e-07	2.203888e-10	-2.213566e+00	4.900658e+01
5.580000e-06	-4.719690e-07	1.968408e-10	-2.540555e+00	4.342389e+01
5.590000e-06	-5.327229e-07	1.742380e-10	-2.867586e+00	3.779035e+01
5.600000e-06	-5.933316e-07	1.511018e-10	-3.193835e+00	3.211164e+01
5.610000e-06	-6.537782e-07	1.256624e-10	-3.519213e+00	2.639372e+01
5.620000e-06	-7.141957e-07	9.995713e-11	-3.844433e+00	2.064282e+01
5.630000e-06	-7.745963e-07	7.531724e-11	-4.169562e+00	1.486532e+01
5.640000e-06	-8.349787e-07	5.199855e-11	-4.494594e+00	9.067764e+00
5.650000e-06	-8.953238e-07	2.916502e-11	-4.819425e+00	3.256745e+00
5.660000e-06	-9.556076e-07	4.751618e-12	-5.143925e+00	-2.561120e+00
5.670000e-06	-1.015888e-06	-2.031687e-11	-5.468408e+00	-8.379259e+00
5.680000e-06	-1.076199e-06	-4.446326e-11	-5.793053e+00	-1.419120e+01
5.690000e-06	-1.136479e-06	-6.931895e-11	-6.117535e+00	-1.999064e+01
5.700000e-06	-1.196742e-06	-9.587107e-11	-6.441926e+00	-2.577146e+01
5.710000e-06	-1.257042e-06	-1.219704e-10	-6.766513e+00	-3.152781e+01
5.720000e-06	-1.317240e-06	-1.450279e-10	-7.090551e+00	-3.725415e+01
5.730000e-06	-1.377269e-06	-1.660982e-10	-7.413680e+00	-4.294526e+01
5.740000e-06	-1.437189e-06	-1.875949e-10	-7.736223e+00	-4.859632e+01
5.750000e-06	-1.497040e-06	-2.103473e-10	-8.058393e+00	-5.420288e+01
5.760000e-06	-1.556743e-06	-2.355222e-10	-8.379766e+00	-5.976092e+01
5.770000e-06	-1.616325e-06	-2.609984e-10	-8.700489e+00	-6.526689e+01
5.780000e-06	-1.675860e-06	-2.838766e-10	-9.020959e+00	-7.071763e+01
5.790000e-06	-1.735338e-06	-3.060305e-10	-9.341125e+00	-7.611046e+01
5.800000e-06	-1.794663e-06	-3.288677e-10	-9.660465e+00	-8.144314e+01
5.810000e-06	-1.853827e-06	-3.505175e-10	-9.978934e+00	-8.671385e+01
5.820000e-06	-1.913000e-06	-3.710727e-10	-1.029746e+01	-9.192118e+01
5.830000e-06	-1.972128e-06	-3.921774e-10	-1.061574e+01	-9.706413e+01
5.840000e-06	-2.030966e-06	-4.136319e-10	-1.093246e+01	-1.021420e+02
5.850000e-06	-2.089536e-06	-4.357924e-10	-1.124773e+01	-1.071546e+02
5.860000e-06	-2.147932e-06	-4.590894e-10	-1.156207e+01	-1.121017e+02
5.870000e-06	-2.206233e-06	-4.816323e-10	-1.187590e+01	-1.169838e+02
5.880000e-06	-2.264439e-06	-5.020574e-10	-1.218921e+01	-1.218011e+02
5.890000e-06	-2.322457e-06	-5.225361e-10	-1.250152e+01	-1.265545e+02
5.900000e-06	-2.380281e-06	-5.438583e-10	-1.281278e+01	-1.312446e+02
5.910000e-06	-2.437838e-06	-5.643935e-10	-1.312260e+01	-1.358724e+02
5.920000e-06	-2.495222e-06	-5.828963e-10	-1.343149e+01	-1.404389e+02
5.930000e-06	-2.552426e-06	-6.004242e-10	-1.373942e+01	-1.449450e+02
5.940000e-06	-2.609405e-06	-6.191400e-10	-1.404612e+01	-1.493918e+02
5.950000e-06	-2.666279e-06	-6.389429e-10	-1.435227e+01	-1.537803e+02
5.960000e-06	-2.722951e-06	-6.583182e-10	-1.465733e+01	-1.581113e+02
5.970000e-06	-2.779408e-06	-6.769233e-10	-1.496123e+01	-1.623857e+02
5.980000e-06	-2.835795e-06	-6.951085e-10	-1.526475e+01	-1.666044e+02
5.990000e-06	-2.892080e-06	-7.133496e-10	-1.556773e+01	-1.707678e+02
6.000000e-06	-2.948214e-06	-7.317720e-10	-1.586989e+01	-1.748766e+02
6.010000e-06	-3.004202e-06	-7.493139e-10	-1.617127e+01	-1.789311e+02
6.020000e-06	-3.059953e-06	-7.663110e-10	-1.647137e+01	-1.829317e+02
6.030000e-06	-3.115517e-06	-7.823641e-10	-1.677047e+01	-1.868785e+02
6.040000e-06	-3.170863e-06	-7.986030e-10	-1.706839e+01	-1.907717e+02
6.050000e-06	-3.225904e-06	-8.152245e-10	-1.736467e+01	-1.946111e+02
6.060000e-06	-3.280521e-06	-8.296863e-10	-1.765867e+01	-1.983966e+02
6.070000e-06	-3.334785e-06	-8.433237e-10	-1.795076e+01	-2.021282e+02
6.080000e-06	-3.388702e-06	-8.577762e-10	-1.824099e+01	-2.058054e+02
6.090000e-06	-3.442087e-06	-8.731546e-10	-1.852836e+01	-2.094282e+02
6.100000e-06	-3.495245e-06	-8.895435e-10	-1.881450e+01	-2.129963e+02
6.110000e-06	-3.548223e-06	-9.046085e-10	-1.909967e+01	-2.165093e+02
6.120000e-06	-3.600834e-06	-9.184026e-10	-1.938288e+01	-2.199670e+02
6.130000e-06	-3.653127e-06	-9.329521e-10	-1.966436e+01	-2.233693e+02
6.140000e-06	-3.705145e-06	-9.480750e-10	-1.994437e+01	-2.267160e+02
6.150000e-06	-3.756804e-06	-9.628358e-10	-2.022244e+01	-2.300071e+02
6.160000e-06	-3.808168e-06	-9.764191e-10	-2.049893e+01	-2.332426e+02
6.170000e-06	-3.859152e-06	-9.891673e-10	-2.077337e+01	-2.364226e+02
6.180000e-06	-3.909797e-06	-1.002183e-09	-2.104599e+01	-2.395473e+02
6.190000e-06	-3.960352e-06	-1.016024e-09	-2.131812e+01	-2.426172e+02
6.200000e-06	-4.010661e-06	-1.029136e-09	-2.158892e+01	-2.456326e+02
6.210000e-06	-4.060660e-06	-1.040978e-09	-2.185806e+01	-2.485940e+02
6.220000e-06	-4.110331e-06	-1.053755e-09	-2.212544e+01	-2.515021e+02
6.230000e-06	-4.159740e-06	-1.066873e-09	-2.239140e+01	-2.543576e+02
6.240000e-06	-4.208652e-06	-1.078352e-09	-2.265469e+01	-2.571612e+02
6.250000e-06	-4.256988e-06	-1.088764e-09	-2.291487e+01	-2.599140e+02
6.260000e-06	-4.304912e-06	-1.099036e-09	-2.317285e+01	-2.626166e+02
6.270000e-06	-4.352328e-06	-1.109861e-09	-2.342808e+01	-2.652702e+02
6.280000e-06	-4.399457e-06	-1.119990e-09	-2.368177e+01	-2.678756e+02
6.290000e-06	-4.446343e-06	-1.130333e-09	-2.393415e+01	-2.704338e+02
6.300000e-06	-4.493155e-06	-1.141640e-09	-2.418613e+01	-2.729458e+02
6.310000e-06	-4.539800e-06	-1.151721e-09	-2.443722e+01	-2.754124e+02
6.320000e-06	-4.585974e-06	-1.161883e-09	-2.468577e+01	-2.778345e+02
6.330000e-06	-4.631800e-06	-1.173145e-09	-2.493244e+01	-2.802129e+02
6.340000e-06	-4.677377e-06	-1.183007e-09	-2.517778e+01	-2.825484e+02
6.350000e-06	-4.722585e-06	-1.190576e-09	-2.542113e+01	-2.848417e+02
6.360000e-06	-4.767378e-06	-1.197858e-09	-2.566224e+01	-2.870933e+02
6.370000e-06	-4.811882e-06	-1.206741e-09	-2.590180e+01	-2.893037e+02
6.380000e-06	-4.856087e-06	-1.216484e-09	-2.613976e+01	-2.914733e+02
6.390000e-06	-4.900128e-06	-1.225749e-09	-2.637682e+01	-2.936025e+02
6.400000e-06	-4.944014e-06	-1.234382e-09	-2.661306e+01	-2.956915e+02
6.410000e-06	-4.987588e-06	-1.242395e-09	-2.684761e+01	-2.977404e+02
6.420000e-06	-5.030764e-06	-1.250791e-09	-2.708002e+01	-2.997494e+02
6.430000e-06	-5.073523e-06	-1.259300e-09	-2.731019e+01	-3.017185e+02
6.440000e-06	-5.115897e-06	-1.267933e-09	-2.753828e+01	-3.036477e+02
6.450000e-06	-5.157989e-06	-1.276023e-09	-2.776486e+01	-3.055371e+02
6.460000e-06	-5.199822e-06	-1.283413e-09	-2.799004e+01	-3.073865e+02
6.470000e-06	-5.241206e-06	-1.291001e-09	-2.821280e+01	-3.091960e+02
6.480000e-06	-5.282167e-06	-1.297916e-09	-2.843329e+01	-3.109655e+02
6.490000e-06	-5.322841e-06	-1.305140e-09	-2.865224e+01	-3.126952e+02
6.500000e-06	-5.363261e-06	-1.312815e-09	-2.886981e+01	-3.143851e+02
6.510000e-06	-5.403476e-06	-1.320084e-09	-2.908629e+01	-3.160354e+02
6.520000e-06	-5.443426e-06	-1.327809e-09	-2.930134e+01	-3.176464e+02
6.530000e-06	-5.483077e-06	-1.335836e-09	-2.951477e+01	-3.192185e+02
6.540000e-06	-5.522289e-06	-1.342641e-09	-2.972584e+01	-3.207521e+02
6.550000e-06	-5.560824e-06	-1.348044e-09	-2.993327e+01	-3.222478e+02
6.560000e-06	-5.598625e-06	-1.352925e-09	-3.013675e+01	-3.237064e+02
6.570000e-06	-5.635803e-06	-1.357900e-09	-3.033688e+01	-3.251287e+02
6.580000e-06	-5.672454e-06	-1.363605e-09	-3.053416e+01	-3.265155e+02
6.590000e-06	-5.708803e-06	-1.369718e-09	-3.072983e+01	-3.278681e+02
6.600000e-06	-5.745055e-06	-1.376485e-09	-3.092497e+01	-3.291876e+02
6.610000e-06	-5.781056e-06	-1.382787e-09	-3.111875e+01	-3.304753e+02
6.620000e-06	-5.816611e-06	-1.388113e-09	-3.131015e+01	-3.317326e+02
6.630000e-06	-5.851707e-06	-1.393756e-09	-3.149906e+01	-3.329610e+02
6.640000e-06	-5.886414e-06	-1.397286e-09	-3.168589e+01	-3.341620e+02
6.650000e-06	-5.920645e-06	-1.399073e-09	-3.187015e+01	-3.353372e+02
6.660000e-06	-5.954372e-06	-1.402708e-09	-3.205170e+01	-3.364881e+02
6.670000e-06	-5.987638e-06	-1.407260e-09	-3.223077e+01	-3.376165e+02
6.680000e-06	-6.020380e-06	-1.411117e-09	-3.240701e+01	-3.387240e+02
6.690000e-06	-6.052766e-06	-1.413836e-09	-3.258134e+01	-3.398121e+02
6.700000e-06	-6.085008e-06	-1.416259e-09	-3.275490e+01	-3.408824e+02
6.710000e-06	-6.117078e-06	-1.419429e-09	-3.292752e+01	-3.419364e+02
6.720000e-06	-6.148636e-06	-1.422452e-09	-3.309740e+01	-3.429755e+02
6.730000e-06	-6.179496e-06	-1.424531e-09	-3.326351e+01	-3.440009e+02
6.740000e-06	-6.209693e-06	-1.427095e-09	-3.342606e+01	-3.450140e+02
6.750000e-06	-6.239322e-06	-1.430945e-09	-3.358555e+01	-3.460158e+02
6.760000e-06	-6.268400e-06	-1.434434e-09	-3.374207e+01	-3.470073e+02
6.770000e-06	-6.296862e-06	-1.436500e-09	-3.389528e+01	-3.479893e+02
6.780000e-06	-6.324969e-06	-1.437511e-09	-3.404658e+01	-3.489624e+02
6.790000e-06	-6.352836e-06	-1.440850e-09	-3.419658e+01	-3.499273e+02
6.800000e-06	-6.380298e-06	-1.446224e-09	-3.434441e+01	-3.508843e+02
6.810000e-06	-6.407187e-06	-1.450770e-09	-3.448915e+01	-3.518337e+02
6.820000e-06	-6.433590e-06	-1.454459e-09	-3.463127e+01	-3.527756e+02
6.830000e-06	-6.459638e-06	-1.455521e-09	-3.477148e+01	-3.537101e+02
6.840000e-06	-6.485234e-06	-1.455137e-09	-3.490927e+01	-3.546370e+02
6.850000e-06	-6.510364e-06	-1.455619e-09	-3.504454e+01	-3.555561e+02
6.860000e-06	-6.535162e-06	-1.456096e-09	-3.517802e+01	-3.564671e+02
6.870000e-06	-6.559596e-06	-1.457437e-09	-3.530955e+01	-3.573696e+02
6.880000e-06	-6.583622e-06	-1.460731e-09	-3.543887e+01	-3.582630e+02
6.890000e-06	-6.607225e-06	-1.464910e-09	-3.556593e+01	-3.591470e+02
6.900000e-06	-6.630360e-06	-1.468847e-09	-3.569046e+01	-3.600208e+02
6.910000e-06	-6.652966e-06	-1.471896e-09	-3.581215e+01	-3.608839e+02
6.920000e-06	-6.674778e-06	-1.473388e-09	-3.592956e+01	-3.617355e+02
6.930000e-06	-6.695835e-06	-1.474525e-09	-3.604291e+01	-3.625750e+02
6.940000e-06	-6.716395e-06	-1.476020e-09	-3.615358e+01	-3.634017e+02
6.950000e-06	-6.736560e-06	-1.477747e-09	-3.626212e+01	-3.642150e+02
6.960000e-06	-6.756389e-06	-1.480400e-09	-3.636886e+01	-3.650141e+02
6.970000e-06	-6.775881e-06	-1.483331e-09	-3.647378e+01	-3.657983e+02
6.980000e-06	-6.794962e-06	-1.485679e-09	-3.657649e+01	-3.665670e+02
6.990000e-06	-6.813529e-06	-1.488686e-09	-3.667644e+01	-3.673196e+02
7.000000e-06	-6.831550e-06	-1.491513e-09	-3.677345e+01	-3.680555e+02
7.010000e-06	-6.849062e-06	-1.493287e-09	-3.686771e+01	-3.687740e+02
7.020000e-06	-6.866050e-06	-1.495586e-09	-3.695915e+01	-3.694746e+02
7.030000e-06	-6.882646e-06	-1.497411e-09	-3.704849e+01	-3.701566e+02
7.040000e-06	-6.898946e-06	-1.498078e-09	-3.713623e+01	-3.708196e+02
7.050000e-06	-6.914967e-06	-1.498873e-09	-3.722247e+01	-3.714631e+02
7.060000e-06	-6.930678e-06	-1.500358e-09	-3.730704e+01	-3.720864e+02
7.070000e-06	-6.945542e-06	-1.501289e-09	-3.738705e+01	-3.726891e+02
7.080000e-06	-6.959290e-06	-1.502181e-09	-3.746105e+01	-3.732706e+02
7.090000e-06	-6.972345e-06	-1.505201e-09	-3.753133e+01	-3.738305e+02
7.100000e-06	-6.984982e-06	-1.509328e-09	-3.759935e+01	-3.743683e+02
7.110000e-06	-6.997218e-06	-1.512017e-09	-3.766522e+01	-3.748834e+02
7.120000e-06	-7.009014e-06	-1.512240e-09	-3.772871e+01	-3.753754e+02
7.130000e-06	-7.020159e-06	-1.511748e-09	-3.778870e+01	-3.758439e+02
7.140000e-06	-7.030695e-06	-1.512547e-09	-3.784542e+01	-3.762883e+02
7.150000e-06	-7.040811e-06	-1.514290e-09	-3.789987e+01	-3.767082e+02
7.160000e-06	-7.050327e-06	-1.515469e-09	-3.795110e+01	-3.771032e+02
7.170000e-06	-7.059201e-06	-1.515414e-09	-3.799886e+01	-3.774730e+02
7.180000e-06	-7.067741e-06	-1.514655e-09	-3.804483e+01	-3.778171e+02
7.190000e-06	-7.076043e-06	-1.514615e-09	-3.808952e+01	-3.781354e+02
7.200000e-06	-7.083977e-06	-1.515645e-09	-3.813223e+01	-3.784275e+02
7.210000e-06	-7.091464e-06	-1.516206e-09	-3.817253e+01	-3.786933e+02
7.220000e-06	-7.098401e-06	-1.516152e-09	-3.820987e+01	-3.789327e+02
7.230000e-06	-7.104539e-06	-1.515852e-09	-3.824291e+01	-3.791458e+02
7.240000e-06	-7.109791e-06	-1.516050e-09	-3.827118e+01	-3.793325e+02
7.250000e-06	-7.114389e-06	-1.516975e-09	-3.829593e+01	-3.794932e+02
7.260000e-06	-7.118707e-06	-1.516430e-09	-3.831918e+01	-3.796280e+02
7.270000e-06	-7.122766e-06	-1.515126e-09	-3.834103e+01	-3.797376e+02
7.280000e-06	-7.126366e-06	-1.515673e-09	-3.836041e+01	-3.798223e+02
7.290000e-06	-7.129476e-06	-1.516625e-09	-3.837714e+01	-3.798828e+02
7.300000e-06	-7.132050e-06	-1.516738e-09	-3.839100e+01	-3.799200e+02
7.310000e-06	-7.134203e-06	-1.517637e-09	-3.840259e+01	-3.799347e+02
7.320000e-06	-7.135899e-06	-1.519209e-09	-3.841172e+01	-3.799280e+02
7.330000e-06	-7.137050e-06	-1.519521e-09	-3.841791e+01	-3.799009e+02
7.340000e-06	-7.137715e-06	-1.519378e-09	-3.842149e+01	-3.798546e+02
