# Temperatura_=_6.6
# Concentracion g/m^3_=_7400.0
# C_Vs_to_Am_M_A/Vsm_=_254322799225.57578
# pendiente_HvsI_1/m_=_3716.3
# ordenada_HvsI_A/m_=_1297.0
# frecuencia_Hz_=_136106.87004757207

Tiempo_(s)	Campo_(V.s)	Magnetizacion_(V.s)	Campo_(kA/m)	Magnetizacion_(A/m)
0.000000e+00	-7.126835e-06	-1.472307e-09	-3.842193e+01	-3.685683e+02
1.000000e-08	-7.126901e-06	-1.470838e-09	-3.842228e+01	-3.685708e+02
2.000000e-08	-7.126643e-06	-1.469820e-09	-3.842089e+01	-3.685627e+02
3.000000e-08	-7.125961e-06	-1.468782e-09	-3.841722e+01	-3.685453e+02
4.000000e-08	-7.124599e-06	-1.467734e-09	-3.840987e+01	-3.685194e+02
5.000000e-08	-7.122201e-06	-1.466430e-09	-3.839695e+01	-3.684860e+02
6.000000e-08	-7.119010e-06	-1.465465e-09	-3.837974e+01	-3.684460e+02
7.000000e-08	-7.115403e-06	-1.470660e-09	-3.836029e+01	-3.684003e+02
8.000000e-08	-7.111436e-06	-1.471488e-09	-3.833891e+01	-3.683497e+02
9.000000e-08	-7.106868e-06	-1.439148e-09	-3.831428e+01	-3.682948e+02
1.000000e-07	-7.101412e-06	-1.405267e-09	-3.828487e+01	-3.682361e+02
1.100000e-07	-7.095318e-06	-1.459180e-09	-3.825201e+01	-3.681742e+02
1.200000e-07	-7.089177e-06	-1.523961e-09	-3.821891e+01	-3.681093e+02
1.300000e-07	-7.082990e-06	-1.464207e-09	-3.818555e+01	-3.680416e+02
1.400000e-07	-7.076131e-06	-1.377251e-09	-3.814857e+01	-3.679710e+02
1.500000e-07	-7.068582e-06	-1.444456e-09	-3.810787e+01	-3.678975e+02
1.600000e-07	-7.060870e-06	-1.539750e-09	-3.806630e+01	-3.678208e+02
1.700000e-07	-7.052923e-06	-1.438035e-09	-3.802346e+01	-3.677404e+02
1.800000e-07	-7.044260e-06	-1.330545e-09	-3.797675e+01	-3.676559e+02
1.900000e-07	-7.034793e-06	-1.451098e-09	-3.792571e+01	-3.675664e+02
2.000000e-07	-7.024742e-06	-1.566011e-09	-3.787153e+01	-3.674713e+02
2.100000e-07	-7.014241e-06	-1.437737e-09	-3.781492e+01	-3.673696e+02
2.200000e-07	-7.002979e-06	-1.334088e-09	-3.775420e+01	-3.672604e+02
2.300000e-07	-6.990913e-06	-1.448773e-09	-3.768915e+01	-3.671426e+02
2.400000e-07	-6.978474e-06	-1.508706e-09	-3.762209e+01	-3.670151e+02
2.500000e-07	-6.965589e-06	-1.394129e-09	-3.755262e+01	-3.668770e+02
2.600000e-07	-6.951912e-06	-1.378449e-09	-3.747889e+01	-3.667270e+02
2.700000e-07	-6.937705e-06	-1.480454e-09	-3.740230e+01	-3.665641e+02
2.800000e-07	-6.922901e-06	-1.453160e-09	-3.732248e+01	-3.663872e+02
2.900000e-07	-6.907169e-06	-1.376892e-09	-3.723767e+01	-3.661954e+02
3.000000e-07	-6.890587e-06	-1.429671e-09	-3.714828e+01	-3.659878e+02
3.100000e-07	-6.873739e-06	-1.452830e-09	-3.705744e+01	-3.657634e+02
3.200000e-07	-6.856827e-06	-1.367986e-09	-3.696627e+01	-3.655216e+02
3.300000e-07	-6.839497e-06	-1.396901e-09	-3.687284e+01	-3.652617e+02
3.400000e-07	-6.821688e-06	-1.495181e-09	-3.677683e+01	-3.649832e+02
3.500000e-07	-6.803230e-06	-1.425003e-09	-3.667732e+01	-3.646857e+02
3.600000e-07	-6.784217e-06	-1.336411e-09	-3.657482e+01	-3.643689e+02
3.700000e-07	-6.764826e-06	-1.422973e-09	-3.647028e+01	-3.640327e+02
3.800000e-07	-6.745106e-06	-1.466564e-09	-3.636396e+01	-3.636770e+02
3.900000e-07	-6.724955e-06	-1.369279e-09	-3.625532e+01	-3.633020e+02
4.000000e-07	-6.704210e-06	-1.366312e-09	-3.614348e+01	-3.629078e+02
4.100000e-07	-6.683072e-06	-1.443710e-09	-3.602953e+01	-3.624946e+02
4.200000e-07	-6.661496e-06	-1.406145e-09	-3.591321e+01	-3.620629e+02
4.300000e-07	-6.639398e-06	-1.359562e-09	-3.579408e+01	-3.616131e+02
4.400000e-07	-6.616955e-06	-1.406259e-09	-3.567308e+01	-3.611456e+02
4.500000e-07	-6.593947e-06	-1.403067e-09	-3.554904e+01	-3.606611e+02
4.600000e-07	-6.570428e-06	-1.353734e-09	-3.542224e+01	-3.601601e+02
4.700000e-07	-6.546627e-06	-1.389362e-09	-3.529393e+01	-3.596432e+02
4.800000e-07	-6.522578e-06	-1.418246e-09	-3.516428e+01	-3.591109e+02
4.900000e-07	-6.498062e-06	-1.361847e-09	-3.503211e+01	-3.585640e+02
5.000000e-07	-6.472905e-06	-1.348949e-09	-3.489648e+01	-3.580028e+02
5.100000e-07	-6.446984e-06	-1.392053e-09	-3.475674e+01	-3.574280e+02
5.200000e-07	-6.420351e-06	-1.377242e-09	-3.461316e+01	-3.568401e+02
5.300000e-07	-6.393245e-06	-1.348808e-09	-3.446702e+01	-3.562394e+02
5.400000e-07	-6.365661e-06	-1.370874e-09	-3.431831e+01	-3.556263e+02
5.500000e-07	-6.337662e-06	-1.375049e-09	-3.416736e+01	-3.550013e+02
5.600000e-07	-6.309364e-06	-1.350007e-09	-3.401481e+01	-3.543644e+02
5.700000e-07	-6.280687e-06	-1.353141e-09	-3.386020e+01	-3.537160e+02
5.800000e-07	-6.251497e-06	-1.360644e-09	-3.370284e+01	-3.530562e+02
5.900000e-07	-6.221914e-06	-1.343344e-09	-3.354335e+01	-3.523850e+02
6.000000e-07	-6.191971e-06	-1.339050e-09	-3.338192e+01	-3.517025e+02
6.100000e-07	-6.161355e-06	-1.352160e-09	-3.321687e+01	-3.510087e+02
6.200000e-07	-6.130182e-06	-1.347758e-09	-3.304881e+01	-3.503035e+02
6.300000e-07	-6.098781e-06	-1.333912e-09	-3.287952e+01	-3.495868e+02
6.400000e-07	-6.067171e-06	-1.333216e-09	-3.270911e+01	-3.488585e+02
6.500000e-07	-6.035369e-06	-1.334165e-09	-3.253766e+01	-3.481184e+02
6.600000e-07	-6.003254e-06	-1.328018e-09	-3.236452e+01	-3.473664e+02
6.700000e-07	-5.970482e-06	-1.323923e-09	-3.218784e+01	-3.466024e+02
6.800000e-07	-5.936932e-06	-1.323156e-09	-3.200697e+01	-3.458261e+02
6.900000e-07	-5.902798e-06	-1.315560e-09	-3.182294e+01	-3.450374e+02
7.000000e-07	-5.868157e-06	-1.306750e-09	-3.163619e+01	-3.442362e+02
7.100000e-07	-5.832935e-06	-1.305003e-09	-3.144630e+01	-3.434222e+02
7.200000e-07	-5.797268e-06	-1.303276e-09	-3.125401e+01	-3.425954e+02
7.300000e-07	-5.761407e-06	-1.294764e-09	-3.106068e+01	-3.417557e+02
7.400000e-07	-5.725393e-06	-1.288222e-09	-3.086652e+01	-3.409028e+02
7.500000e-07	-5.689042e-06	-1.288564e-09	-3.067055e+01	-3.400366e+02
7.600000e-07	-5.652259e-06	-1.287725e-09	-3.047225e+01	-3.391571e+02
7.700000e-07	-5.615000e-06	-1.280781e-09	-3.027138e+01	-3.382641e+02
7.800000e-07	-5.577303e-06	-1.272827e-09	-3.006815e+01	-3.373574e+02
7.900000e-07	-5.539242e-06	-1.267169e-09	-2.986295e+01	-3.364369e+02
8.000000e-07	-5.500631e-06	-1.265481e-09	-2.965479e+01	-3.355023e+02
8.100000e-07	-5.461484e-06	-1.265314e-09	-2.944375e+01	-3.345535e+02
8.200000e-07	-5.421980e-06	-1.261091e-09	-2.923077e+01	-3.335901e+02
8.300000e-07	-5.382205e-06	-1.253305e-09	-2.901634e+01	-3.326118e+02
8.400000e-07	-5.342327e-06	-1.246251e-09	-2.880135e+01	-3.316183e+02
8.500000e-07	-5.302263e-06	-1.242700e-09	-2.858536e+01	-3.306091e+02
8.600000e-07	-5.261785e-06	-1.239607e-09	-2.836714e+01	-3.295838e+02
8.700000e-07	-5.220853e-06	-1.233465e-09	-2.814647e+01	-3.285417e+02
8.800000e-07	-5.179426e-06	-1.227041e-09	-2.792313e+01	-3.274823e+02
8.900000e-07	-5.137458e-06	-1.223687e-09	-2.769687e+01	-3.264048e+02
9.000000e-07	-5.094691e-06	-1.220864e-09	-2.746631e+01	-3.253086e+02
9.100000e-07	-5.051264e-06	-1.216754e-09	-2.723219e+01	-3.241929e+02
9.200000e-07	-5.007602e-06	-1.210699e-09	-2.699680e+01	-3.230568e+02
9.300000e-07	-4.963790e-06	-1.203557e-09	-2.676060e+01	-3.218995e+02
9.400000e-07	-4.919800e-06	-1.197926e-09	-2.652344e+01	-3.207200e+02
9.500000e-07	-4.875485e-06	-1.193276e-09	-2.628453e+01	-3.195175e+02
9.600000e-07	-4.830816e-06	-1.186936e-09	-2.604372e+01	-3.182910e+02
9.700000e-07	-4.785835e-06	-1.180379e-09	-2.580122e+01	-3.170398e+02
9.800000e-07	-4.740435e-06	-1.174491e-09	-2.555646e+01	-3.157627e+02
9.900000e-07	-4.694761e-06	-1.169286e-09	-2.531022e+01	-3.144592e+02
1.000000e-06	-4.648804e-06	-1.164259e-09	-2.506246e+01	-3.131282e+02
1.010000e-06	-4.602311e-06	-1.159541e-09	-2.481181e+01	-3.117692e+02
1.020000e-06	-4.555568e-06	-1.153839e-09	-2.455981e+01	-3.103814e+02
1.030000e-06	-4.508727e-06	-1.146929e-09	-2.430728e+01	-3.089643e+02
1.040000e-06	-4.461490e-06	-1.140577e-09	-2.405262e+01	-3.075174e+02
1.050000e-06	-4.413852e-06	-1.135539e-09	-2.379579e+01	-3.060402e+02
1.060000e-06	-4.365950e-06	-1.130025e-09	-2.353755e+01	-3.045327e+02
1.070000e-06	-4.317886e-06	-1.123486e-09	-2.327843e+01	-3.029944e+02
1.080000e-06	-4.269491e-06	-1.117178e-09	-2.301752e+01	-3.014255e+02
1.090000e-06	-4.220783e-06	-1.110775e-09	-2.275493e+01	-2.998258e+02
1.100000e-06	-4.171745e-06	-1.104235e-09	-2.249055e+01	-2.981957e+02
1.110000e-06	-4.122259e-06	-1.097580e-09	-2.222377e+01	-2.965352e+02
1.120000e-06	-4.072222e-06	-1.090953e-09	-2.195401e+01	-2.948447e+02
1.130000e-06	-4.021509e-06	-1.083918e-09	-2.168061e+01	-2.931246e+02
1.140000e-06	-3.970364e-06	-1.076429e-09	-2.140488e+01	-2.913754e+02
1.150000e-06	-3.919069e-06	-1.070367e-09	-2.112834e+01	-2.895975e+02
1.160000e-06	-3.867537e-06	-1.064395e-09	-2.085052e+01	-2.877915e+02
1.170000e-06	-3.815646e-06	-1.056873e-09	-2.057077e+01	-2.859579e+02
1.180000e-06	-3.763578e-06	-1.049754e-09	-2.029006e+01	-2.840973e+02
1.190000e-06	-3.711178e-06	-1.042648e-09	-2.000757e+01	-2.822101e+02
1.200000e-06	-3.658428e-06	-1.035439e-09	-1.972318e+01	-2.802970e+02
1.210000e-06	-3.605421e-06	-1.027981e-09	-1.943741e+01	-2.783583e+02
1.220000e-06	-3.552042e-06	-1.020133e-09	-1.914963e+01	-2.763944e+02
1.230000e-06	-3.498324e-06	-1.012130e-09	-1.886003e+01	-2.744057e+02
1.240000e-06	-3.444458e-06	-1.003602e-09	-1.856963e+01	-2.723924e+02
1.250000e-06	-3.390413e-06	-9.950106e-10	-1.827827e+01	-2.703545e+02
1.260000e-06	-3.336116e-06	-9.865467e-10	-1.798554e+01	-2.682921e+02
1.270000e-06	-3.281715e-06	-9.779307e-10	-1.769226e+01	-2.662052e+02
1.280000e-06	-3.227092e-06	-9.705591e-10	-1.739778e+01	-2.640936e+02
1.290000e-06	-3.172219e-06	-9.639447e-10	-1.710195e+01	-2.619569e+02
1.300000e-06	-3.117232e-06	-9.562329e-10	-1.680551e+01	-2.597947e+02
1.310000e-06	-3.061983e-06	-9.475166e-10	-1.650765e+01	-2.576066e+02
1.320000e-06	-3.006523e-06	-9.382417e-10	-1.620866e+01	-2.553919e+02
1.330000e-06	-2.950865e-06	-9.281210e-10	-1.590859e+01	-2.531500e+02
1.340000e-06	-2.895014e-06	-9.189881e-10	-1.560749e+01	-2.508801e+02
1.350000e-06	-2.839093e-06	-9.114868e-10	-1.530601e+01	-2.485814e+02
1.360000e-06	-2.783066e-06	-9.027520e-10	-1.500396e+01	-2.462530e+02
1.370000e-06	-2.726893e-06	-8.929907e-10	-1.470112e+01	-2.438939e+02
1.380000e-06	-2.670450e-06	-8.845555e-10	-1.439683e+01	-2.415032e+02
1.390000e-06	-2.613833e-06	-8.764003e-10	-1.409160e+01	-2.390801e+02
1.400000e-06	-2.557132e-06	-8.663528e-10	-1.378592e+01	-2.366234e+02
1.410000e-06	-2.500281e-06	-8.552060e-10	-1.347942e+01	-2.341322e+02
1.420000e-06	-2.443142e-06	-8.442372e-10	-1.317138e+01	-2.316056e+02
1.430000e-06	-2.385677e-06	-8.337428e-10	-1.286157e+01	-2.290426e+02
1.440000e-06	-2.328005e-06	-8.237934e-10	-1.255066e+01	-2.264424e+02
1.450000e-06	-2.270024e-06	-8.141786e-10	-1.223807e+01	-2.238040e+02
1.460000e-06	-2.211698e-06	-8.034199e-10	-1.192362e+01	-2.211266e+02
1.470000e-06	-2.153119e-06	-7.922728e-10	-1.160782e+01	-2.184094e+02
1.480000e-06	-2.094210e-06	-7.829488e-10	-1.129023e+01	-2.156515e+02
1.490000e-06	-2.034960e-06	-7.724678e-10	-1.097080e+01	-2.128522e+02
1.500000e-06	-1.975550e-06	-7.596655e-10	-1.065051e+01	-2.100105e+02
1.510000e-06	-1.916177e-06	-7.480373e-10	-1.033042e+01	-2.071259e+02
1.520000e-06	-1.856694e-06	-7.369515e-10	-1.000974e+01	-2.041973e+02
1.530000e-06	-1.797006e-06	-7.250091e-10	-9.687951e+00	-2.012239e+02
1.540000e-06	-1.737290e-06	-7.130474e-10	-9.366014e+00	-1.982049e+02
1.550000e-06	-1.677584e-06	-7.013692e-10	-9.044127e+00	-1.951392e+02
1.560000e-06	-1.617742e-06	-6.892474e-10	-8.721510e+00	-1.920258e+02
1.570000e-06	-1.557873e-06	-6.776040e-10	-8.398746e+00	-1.888636e+02
1.580000e-06	-1.498063e-06	-6.664139e-10	-8.076299e+00	-1.856513e+02
1.590000e-06	-1.438090e-06	-6.537155e-10	-7.752975e+00	-1.823877e+02
1.600000e-06	-1.378025e-06	-6.409766e-10	-7.429156e+00	-1.790712e+02
1.610000e-06	-1.317936e-06	-6.300538e-10	-7.105209e+00	-1.757004e+02
1.620000e-06	-1.257749e-06	-6.192656e-10	-6.780730e+00	-1.722735e+02
1.630000e-06	-1.197434e-06	-6.061044e-10	-6.455562e+00	-1.687889e+02
1.640000e-06	-1.136969e-06	-5.925186e-10	-6.129587e+00	-1.652445e+02
1.650000e-06	-1.076515e-06	-5.791734e-10	-5.803667e+00	-1.616386e+02
1.660000e-06	-1.016190e-06	-5.656940e-10	-5.478445e+00	-1.579689e+02
1.670000e-06	-9.557066e-07	-5.521480e-10	-5.152370e+00	-1.542336e+02
1.680000e-06	-8.949221e-07	-5.375894e-10	-4.824671e+00	-1.504303e+02
1.690000e-06	-8.340709e-07	-5.217954e-10	-4.496612e+00	-1.465572e+02
1.700000e-06	-7.732618e-07	-5.054065e-10	-4.168780e+00	-1.426120e+02
1.710000e-06	-7.125176e-07	-4.913771e-10	-3.841298e+00	-1.385928e+02
1.720000e-06	-6.516674e-07	-4.793636e-10	-3.513245e+00	-1.344977e+02
1.730000e-06	-5.907535e-07	-4.664374e-10	-3.184848e+00	-1.303250e+02
1.740000e-06	-5.298386e-07	-4.512811e-10	-2.856446e+00	-1.260731e+02
1.750000e-06	-4.688687e-07	-4.337718e-10	-2.527748e+00	-1.217406e+02
1.760000e-06	-4.079006e-07	-4.150502e-10	-2.199058e+00	-1.173265e+02
1.770000e-06	-3.467835e-07	-3.966280e-10	-1.869566e+00	-1.128300e+02
1.780000e-06	-2.856372e-07	-3.787921e-10	-1.539917e+00	-1.082506e+02
1.790000e-06	-2.245622e-07	-3.621527e-10	-1.210651e+00	-1.035883e+02
1.800000e-06	-1.634910e-07	-3.470872e-10	-8.814064e-01	-9.884344e+01
1.810000e-06	-1.024678e-07	-3.316822e-10	-5.524206e-01	-9.401669e+01
1.820000e-06	-4.132539e-08	-3.150055e-10	-2.227919e-01	-8.910927e+01
1.830000e-06	1.992546e-08	-2.964339e-10	1.074214e-01	-8.412283e+01
1.840000e-06	8.106533e-08	-2.767758e-10	4.370364e-01	-7.905948e+01
1.850000e-06	1.422311e-07	-2.582358e-10	7.667912e-01	-7.392180e+01
1.860000e-06	2.034727e-07	-2.397610e-10	1.096954e+00	-6.871284e+01
1.870000e-06	2.647131e-07	-2.191011e-10	1.427111e+00	-6.343610e+01
1.880000e-06	3.258317e-07	-1.980875e-10	1.756612e+00	-5.809552e+01
1.890000e-06	3.869248e-07	-1.790848e-10	2.085974e+00	-5.269543e+01
1.900000e-06	4.479473e-07	-1.606022e-10	2.414957e+00	-4.724059e+01
1.910000e-06	5.087371e-07	-1.408499e-10	2.742685e+00	-4.173606e+01
1.920000e-06	5.694667e-07	-1.203407e-10	3.070088e+00	-3.618724e+01
1.930000e-06	6.301934e-07	-9.943806e-11	3.397475e+00	-3.059978e+01
1.940000e-06	6.909629e-07	-7.909003e-11	3.725093e+00	-2.497955e+01
1.950000e-06	7.516735e-07	-5.973110e-11	4.052394e+00	-1.933257e+01
1.960000e-06	8.123138e-07	-3.923801e-11	4.379316e+00	-1.366498e+01
1.970000e-06	8.729208e-07	-1.784773e-11	4.706058e+00	-7.982964e+00
1.980000e-06	9.334370e-07	3.409216e-12	5.032311e+00	-2.292710e+00
1.990000e-06	9.939060e-07	2.410473e-11	5.358309e+00	3.399658e+00
2.000000e-06	1.054331e-06	4.414786e-11	5.684069e+00	9.088126e+00
2.010000e-06	1.114610e-06	6.406485e-11	6.009042e+00	1.476684e+01
2.020000e-06	1.174842e-06	8.390516e-11	6.333762e+00	2.043017e+01
2.030000e-06	1.235200e-06	1.043555e-10	6.659165e+00	2.607273e+01
2.040000e-06	1.295531e-06	1.258725e-10	6.984420e+00	3.168942e+01
2.050000e-06	1.355685e-06	1.479649e-10	7.308716e+00	3.727549e+01
2.060000e-06	1.415723e-06	1.697690e-10	7.632392e+00	4.282653e+01
2.070000e-06	1.475716e-06	1.905002e-10	7.955825e+00	4.833851e+01
2.080000e-06	1.535610e-06	2.098670e-10	8.278725e+00	5.380780e+01
2.090000e-06	1.595383e-06	2.297739e-10	8.600968e+00	5.923117e+01
2.100000e-06	1.655117e-06	2.508170e-10	8.923002e+00	6.460580e+01
2.110000e-06	1.714795e-06	2.701401e-10	9.244739e+00	6.992927e+01
2.120000e-06	1.774387e-06	2.887402e-10	9.566008e+00	7.519953e+01
2.130000e-06	1.833961e-06	3.081288e-10	9.887184e+00	8.041495e+01
2.140000e-06	1.893487e-06	3.274390e-10	1.020809e+01	8.557422e+01
2.150000e-06	1.952944e-06	3.465472e-10	1.052864e+01	9.067638e+01
2.160000e-06	2.012372e-06	3.645707e-10	1.084902e+01	9.572077e+01
2.170000e-06	2.071734e-06	3.828854e-10	1.116905e+01	1.007070e+02
2.180000e-06	2.130842e-06	4.021835e-10	1.148772e+01	1.056349e+02
2.190000e-06	2.189600e-06	4.202951e-10	1.180449e+01	1.105045e+02
2.200000e-06	2.248109e-06	4.369957e-10	1.211992e+01	1.153161e+02
2.210000e-06	2.306169e-06	4.534172e-10	1.243293e+01	1.200699e+02
2.220000e-06	2.363851e-06	4.704020e-10	1.274390e+01	1.247664e+02
2.230000e-06	2.421433e-06	4.867517e-10	1.305434e+01	1.294061e+02
2.240000e-06	2.478751e-06	5.034443e-10	1.336335e+01	1.339894e+02
2.250000e-06	2.535655e-06	5.213728e-10	1.367013e+01	1.385169e+02
2.260000e-06	2.592205e-06	5.384749e-10	1.397500e+01	1.429890e+02
2.270000e-06	2.648651e-06	5.547784e-10	1.427931e+01	1.474061e+02
2.280000e-06	2.704954e-06	5.713778e-10	1.458285e+01	1.517686e+02
2.290000e-06	2.761000e-06	5.871567e-10	1.488500e+01	1.560767e+02
2.300000e-06	2.816884e-06	6.018976e-10	1.518628e+01	1.603306e+02
2.310000e-06	2.872626e-06	6.167446e-10	1.548679e+01	1.645303e+02
2.320000e-06	2.928217e-06	6.308494e-10	1.578649e+01	1.686757e+02
2.330000e-06	2.983676e-06	6.449211e-10	1.608548e+01	1.727666e+02
2.340000e-06	3.039012e-06	6.598700e-10	1.638381e+01	1.768029e+02
2.350000e-06	3.094242e-06	6.749309e-10	1.668156e+01	1.807841e+02
2.360000e-06	3.149196e-06	6.892990e-10	1.697783e+01	1.847099e+02
2.370000e-06	3.203815e-06	7.030442e-10	1.727229e+01	1.885798e+02
2.380000e-06	3.258220e-06	7.169338e-10	1.756560e+01	1.923932e+02
2.390000e-06	3.312443e-06	7.312733e-10	1.785792e+01	1.961496e+02
2.400000e-06	3.366542e-06	7.456355e-10	1.814958e+01	1.998484e+02
2.410000e-06	3.420386e-06	7.580296e-10	1.843986e+01	2.034892e+02
2.420000e-06	3.473941e-06	7.693016e-10	1.872858e+01	2.070714e+02
2.430000e-06	3.527331e-06	7.825521e-10	1.901642e+01	2.105946e+02
2.440000e-06	3.580437e-06	7.966005e-10	1.930272e+01	2.140583e+02
2.450000e-06	3.633359e-06	8.096398e-10	1.958803e+01	2.174624e+02
2.460000e-06	3.686043e-06	8.210303e-10	1.987206e+01	2.208065e+02
2.470000e-06	3.738345e-06	8.308038e-10	2.015403e+01	2.240906e+02
2.480000e-06	3.790424e-06	8.413396e-10	2.043479e+01	2.273147e+02
2.490000e-06	3.842199e-06	8.525969e-10	2.071392e+01	2.304788e+02
2.500000e-06	3.893536e-06	8.625912e-10	2.099068e+01	2.335833e+02
2.510000e-06	3.944544e-06	8.715766e-10	2.126568e+01	2.366284e+02
2.520000e-06	3.995240e-06	8.818880e-10	2.153899e+01	2.396147e+02
2.530000e-06	4.045520e-06	8.941461e-10	2.181006e+01	2.425426e+02
2.540000e-06	4.095435e-06	9.057603e-10	2.207915e+01	2.454128e+02
2.550000e-06	4.144793e-06	9.160864e-10	2.234525e+01	2.482261e+02
2.560000e-06	4.193582e-06	9.248668e-10	2.260828e+01	2.509832e+02
2.570000e-06	4.242022e-06	9.323502e-10	2.286943e+01	2.536850e+02
2.580000e-06	4.290156e-06	9.416938e-10	2.312893e+01	2.563324e+02
2.590000e-06	4.338019e-06	9.520211e-10	2.338697e+01	2.589264e+02
2.600000e-06	4.385630e-06	9.605582e-10	2.364364e+01	2.614678e+02
2.610000e-06	4.433011e-06	9.687406e-10	2.389908e+01	2.639576e+02
2.620000e-06	4.480137e-06	9.784447e-10	2.415315e+01	2.663967e+02
2.630000e-06	4.526893e-06	9.883415e-10	2.440522e+01	2.687862e+02
2.640000e-06	4.573372e-06	9.978996e-10	2.465579e+01	2.711267e+02
2.650000e-06	4.619615e-06	1.006520e-09	2.490510e+01	2.734192e+02
2.660000e-06	4.665527e-06	1.013614e-09	2.515262e+01	2.756645e+02
2.670000e-06	4.710998e-06	1.020661e-09	2.539776e+01	2.778634e+02
2.680000e-06	4.756123e-06	1.028691e-09	2.564103e+01	2.800165e+02
2.690000e-06	4.801078e-06	1.037781e-09	2.588339e+01	2.821245e+02
2.700000e-06	4.845709e-06	1.046107e-09	2.612401e+01	2.841882e+02
2.710000e-06	4.889932e-06	1.053571e-09	2.636242e+01	2.862079e+02
2.720000e-06	4.933842e-06	1.062086e-09	2.659915e+01	2.881845e+02
2.730000e-06	4.977622e-06	1.070497e-09	2.683517e+01	2.901184e+02
2.740000e-06	5.021280e-06	1.077360e-09	2.707054e+01	2.920101e+02
2.750000e-06	5.064680e-06	1.083639e-09	2.730451e+01	2.938603e+02
2.760000e-06	5.107576e-06	1.089671e-09	2.753577e+01	2.956696e+02
2.770000e-06	5.149941e-06	1.095303e-09	2.776417e+01	2.974385e+02
2.780000e-06	5.191675e-06	1.100367e-09	2.798917e+01	2.991678e+02
2.790000e-06	5.232709e-06	1.105644e-09	2.821038e+01	3.008582e+02
2.800000e-06	5.273201e-06	1.112593e-09	2.842868e+01	3.025104e+02
2.810000e-06	5.313241e-06	1.120122e-09	2.864454e+01	3.041254e+02
2.820000e-06	5.353049e-06	1.127322e-09	2.885916e+01	3.057040e+02
2.830000e-06	5.392735e-06	1.134281e-09	2.907311e+01	3.072474e+02
2.840000e-06	5.432299e-06	1.140316e-09	2.928641e+01	3.087565e+02
2.850000e-06	5.471482e-06	1.145950e-09	2.949765e+01	3.102325e+02
2.860000e-06	5.510173e-06	1.152406e-09	2.970624e+01	3.116769e+02
2.870000e-06	5.548442e-06	1.158467e-09	2.991255e+01	3.130908e+02
2.880000e-06	5.586291e-06	1.163952e-09	3.011660e+01	3.144757e+02
2.890000e-06	5.623697e-06	1.169969e-09	3.031826e+01	3.158329e+02
2.900000e-06	5.660607e-06	1.175564e-09	3.051725e+01	3.171642e+02
2.910000e-06	5.697164e-06	1.181506e-09	3.071434e+01	3.184708e+02
2.920000e-06	5.733400e-06	1.187726e-09	3.090969e+01	3.197543e+02
2.930000e-06	5.769363e-06	1.192785e-09	3.110357e+01	3.210163e+02
2.940000e-06	5.805127e-06	1.197151e-09	3.129638e+01	3.222582e+02
2.950000e-06	5.840540e-06	1.202352e-09	3.148730e+01	3.234815e+02
2.960000e-06	5.875456e-06	1.207112e-09	3.167554e+01	3.246874e+02
2.970000e-06	5.909922e-06	1.210596e-09	3.186135e+01	3.258773e+02
2.980000e-06	5.943612e-06	1.215500e-09	3.204298e+01	3.270523e+02
2.990000e-06	5.976432e-06	1.221339e-09	3.221992e+01	3.282135e+02
3.000000e-06	6.008823e-06	1.226230e-09	3.239454e+01	3.293618e+02
3.010000e-06	6.040833e-06	1.230417e-09	3.256711e+01	3.304979e+02
3.020000e-06	6.072566e-06	1.235204e-09	3.273819e+01	3.316226e+02
3.030000e-06	6.104127e-06	1.240219e-09	3.290834e+01	3.327362e+02
3.040000e-06	6.135458e-06	1.245085e-09	3.307725e+01	3.338390e+02
3.050000e-06	6.166364e-06	1.250279e-09	3.324387e+01	3.349313e+02
3.060000e-06	6.196493e-06	1.255223e-09	3.340630e+01	3.360129e+02
3.070000e-06	6.226037e-06	1.259558e-09	3.356558e+01	3.370837e+02
3.080000e-06	6.255321e-06	1.263040e-09	3.372346e+01	3.381435e+02
3.090000e-06	6.284242e-06	1.266239e-09	3.387937e+01	3.391916e+02
3.100000e-06	6.312605e-06	1.269594e-09	3.403228e+01	3.402277e+02
3.110000e-06	6.340609e-06	1.272703e-09	3.418326e+01	3.412511e+02
3.120000e-06	6.368499e-06	1.276358e-09	3.433361e+01	3.422609e+02
3.130000e-06	6.396161e-06	1.281507e-09	3.448274e+01	3.432564e+02
3.140000e-06	6.423519e-06	1.288322e-09	3.463024e+01	3.442367e+02
3.150000e-06	6.450407e-06	1.294652e-09	3.477519e+01	3.452010e+02
3.160000e-06	6.476562e-06	1.297576e-09	3.491620e+01	3.461484e+02
3.170000e-06	6.501753e-06	1.299658e-09	3.505201e+01	3.470780e+02
3.180000e-06	6.526148e-06	1.302541e-09	3.518353e+01	3.479891e+02
3.190000e-06	6.550138e-06	1.306274e-09	3.531286e+01	3.488807e+02
3.200000e-06	6.573745e-06	1.310706e-09	3.544013e+01	3.497523e+02
3.210000e-06	6.596921e-06	1.315131e-09	3.556507e+01	3.506033e+02
3.220000e-06	6.619706e-06	1.321611e-09	3.568791e+01	3.514330e+02
3.230000e-06	6.642064e-06	1.327875e-09	3.580845e+01	3.522411e+02
3.240000e-06	6.663943e-06	1.331074e-09	3.592640e+01	3.530273e+02
3.250000e-06	6.685393e-06	1.332527e-09	3.604204e+01	3.537914e+02
3.260000e-06	6.706354e-06	1.334276e-09	3.615504e+01	3.545332e+02
3.270000e-06	6.726774e-06	1.339001e-09	3.626513e+01	3.552528e+02
3.280000e-06	6.746778e-06	1.343635e-09	3.637298e+01	3.559504e+02
3.290000e-06	6.766512e-06	1.346422e-09	3.647937e+01	3.566261e+02
3.300000e-06	6.786075e-06	1.349858e-09	3.658483e+01	3.572801e+02
3.310000e-06	6.805304e-06	1.353702e-09	3.668850e+01	3.579130e+02
3.320000e-06	6.823890e-06	1.357286e-09	3.678870e+01	3.585251e+02
3.330000e-06	6.841702e-06	1.360716e-09	3.688473e+01	3.591169e+02
3.340000e-06	6.858969e-06	1.364085e-09	3.697781e+01	3.596888e+02
3.350000e-06	6.875760e-06	1.367440e-09	3.706834e+01	3.602414e+02
3.360000e-06	6.892114e-06	1.370599e-09	3.715650e+01	3.607752e+02
3.370000e-06	6.908154e-06	1.373335e-09	3.724298e+01	3.612907e+02
3.380000e-06	6.923540e-06	1.376489e-09	3.732593e+01	3.617883e+02
3.390000e-06	6.938159e-06	1.379959e-09	3.740474e+01	3.622684e+02
3.400000e-06	6.952328e-06	1.383565e-09	3.748113e+01	3.627315e+02
3.410000e-06	6.966107e-06	1.388174e-09	3.755542e+01	3.631778e+02
3.420000e-06	6.979318e-06	1.392400e-09	3.762664e+01	3.636076e+02
3.430000e-06	6.991868e-06	1.394290e-09	3.769430e+01	3.640209e+02
3.440000e-06	7.003961e-06	1.395043e-09	3.775949e+01	3.644181e+02
3.450000e-06	7.015684e-06	1.396562e-09	3.782269e+01	3.647990e+02
3.460000e-06	7.026883e-06	1.398722e-09	3.788307e+01	3.651636e+02
3.470000e-06	7.037353e-06	1.400659e-09	3.793951e+01	3.655118e+02
3.480000e-06	7.046906e-06	1.402017e-09	3.799101e+01	3.658436e+02
3.490000e-06	7.055615e-06	1.402355e-09	3.803797e+01	3.661587e+02
3.500000e-06	7.063765e-06	1.404012e-09	3.808190e+01	3.664569e+02
3.510000e-06	7.071585e-06	1.407601e-09	3.812406e+01	3.667381e+02
3.520000e-06	7.079152e-06	1.410722e-09	3.816486e+01	3.670019e+02
3.530000e-06	7.086436e-06	1.412733e-09	3.820413e+01	3.672483e+02
3.540000e-06	7.093131e-06	1.414232e-09	3.824023e+01	3.674771e+02
3.550000e-06	7.099225e-06	1.416532e-09	3.827307e+01	3.676880e+02
3.560000e-06	7.104822e-06	1.418803e-09	3.830325e+01	3.678812e+02
3.570000e-06	7.109772e-06	1.418823e-09	3.832994e+01	3.680565e+02
3.580000e-06	7.114211e-06	1.418470e-09	3.835387e+01	3.682142e+02
3.590000e-06	7.118301e-06	1.419957e-09	3.837592e+01	3.683543e+02
3.600000e-06	7.122166e-06	1.422970e-09	3.839676e+01	3.684771e+02
3.610000e-06	7.125811e-06	1.425427e-09	3.841641e+01	3.685831e+02
3.620000e-06	7.128896e-06	1.426309e-09	3.843304e+01	3.686726e+02
3.630000e-06	7.131279e-06	1.426596e-09	3.844589e+01	3.687464e+02
3.640000e-06	7.132935e-06	1.426189e-09	3.845481e+01	3.688049e+02
3.650000e-06	7.133746e-06	1.426069e-09	3.845919e+01	3.688491e+02
3.660000e-06	7.133897e-06	1.426771e-09	3.846000e+01	3.688796e+02
3.670000e-06	7.133769e-06	1.427281e-09	3.845931e+01	3.688975e+02
3.680000e-06	7.133373e-06	1.428485e-09	3.845717e+01	3.689037e+02
3.690000e-06	7.132260e-06	1.430768e-09	3.845117e+01	3.688990e+02
3.700000e-06	7.130645e-06	1.433564e-09	3.844247e+01	3.688846e+02
3.710000e-06	7.128756e-06	1.435122e-09	3.843228e+01	3.688614e+02
3.720000e-06	7.126398e-06	1.434030e-09	3.841957e+01	3.688304e+02
3.730000e-06	7.123580e-06	1.429430e-09	3.840438e+01	3.687926e+02
3.740000e-06	7.120255e-06	1.416968e-09	3.838645e+01	3.687487e+02
3.750000e-06	7.116465e-06	1.425008e-09	3.836602e+01	3.686997e+02
3.760000e-06	7.112125e-06	1.483946e-09	3.834262e+01	3.686461e+02
3.770000e-06	7.107023e-06	1.488920e-09	3.831512e+01	3.685887e+02
3.780000e-06	7.101005e-06	1.383618e-09	3.828267e+01	3.685278e+02
3.790000e-06	7.094588e-06	1.352168e-09	3.824807e+01	3.684639e+02
3.800000e-06	7.088244e-06	1.473806e-09	3.821387e+01	3.683971e+02
3.810000e-06	7.081436e-06	1.522351e-09	3.817717e+01	3.683275e+02
3.820000e-06	7.073744e-06	1.386789e-09	3.813571e+01	3.682550e+02
3.830000e-06	7.065534e-06	1.344838e-09	3.809144e+01	3.681794e+02
3.840000e-06	7.057147e-06	1.521008e-09	3.804623e+01	3.681004e+02
3.850000e-06	7.048254e-06	1.564240e-09	3.799828e+01	3.680173e+02
3.860000e-06	7.038553e-06	1.352024e-09	3.794598e+01	3.679295e+02
3.870000e-06	7.028363e-06	1.297361e-09	3.789105e+01	3.678364e+02
3.880000e-06	7.017982e-06	1.520690e-09	3.783508e+01	3.677370e+02
3.890000e-06	7.007125e-06	1.566247e-09	3.777655e+01	3.676304e+02
3.900000e-06	6.995507e-06	1.355494e-09	3.771391e+01	3.675156e+02
3.910000e-06	6.983432e-06	1.353986e-09	3.764882e+01	3.673915e+02
3.920000e-06	6.970955e-06	1.556520e-09	3.758155e+01	3.672571e+02
3.930000e-06	6.957528e-06	1.502947e-09	3.750916e+01	3.671111e+02
3.940000e-06	6.943056e-06	1.316491e-09	3.743114e+01	3.669527e+02
3.950000e-06	6.928120e-06	1.417464e-09	3.735062e+01	3.667806e+02
3.960000e-06	6.912777e-06	1.568067e-09	3.726790e+01	3.665939e+02
3.970000e-06	6.896835e-06	1.439112e-09	3.718196e+01	3.663916e+02
3.980000e-06	6.880479e-06	1.359609e-09	3.709378e+01	3.661729e+02
3.990000e-06	6.863923e-06	1.511995e-09	3.700452e+01	3.659370e+02
4.000000e-06	6.846830e-06	1.503519e-09	3.691237e+01	3.656832e+02
4.010000e-06	6.829082e-06	1.340236e-09	3.681669e+01	3.654109e+02
4.020000e-06	6.810964e-06	1.421220e-09	3.671901e+01	3.651198e+02
4.030000e-06	6.792363e-06	1.560526e-09	3.661873e+01	3.648095e+02
4.040000e-06	6.773267e-06	1.435023e-09	3.651579e+01	3.644798e+02
4.050000e-06	6.753629e-06	1.356886e-09	3.640991e+01	3.641306e+02
4.060000e-06	6.733568e-06	1.499068e-09	3.630176e+01	3.637621e+02
4.070000e-06	6.713256e-06	1.500178e-09	3.619225e+01	3.633742e+02
4.080000e-06	6.692554e-06	1.367524e-09	3.608065e+01	3.629673e+02
4.090000e-06	6.671347e-06	1.426411e-09	3.596631e+01	3.625418e+02
4.100000e-06	6.649450e-06	1.508774e-09	3.584827e+01	3.620980e+02
4.110000e-06	6.626830e-06	1.419030e-09	3.572632e+01	3.616363e+02
4.120000e-06	6.603525e-06	1.401925e-09	3.560068e+01	3.611575e+02
4.130000e-06	6.579563e-06	1.485280e-09	3.547150e+01	3.606619e+02
4.140000e-06	6.555232e-06	1.437639e-09	3.534032e+01	3.601502e+02
4.150000e-06	6.530685e-06	1.380104e-09	3.520799e+01	3.596230e+02
4.160000e-06	6.505775e-06	1.454063e-09	3.507369e+01	3.590809e+02
4.170000e-06	6.480366e-06	1.470806e-09	3.493671e+01	3.585244e+02
4.180000e-06	6.454549e-06	1.405837e-09	3.479753e+01	3.579541e+02
4.190000e-06	6.428312e-06	1.424050e-09	3.465608e+01	3.573705e+02
4.200000e-06	6.401520e-06	1.454197e-09	3.451164e+01	3.567740e+02
4.210000e-06	6.374150e-06	1.413426e-09	3.436408e+01	3.561651e+02
4.220000e-06	6.346322e-06	1.408869e-09	3.421405e+01	3.555440e+02
4.230000e-06	6.318185e-06	1.438512e-09	3.406236e+01	3.549111e+02
4.240000e-06	6.289792e-06	1.420238e-09	3.390929e+01	3.542665e+02
4.250000e-06	6.260936e-06	1.406100e-09	3.375373e+01	3.536105e+02
4.260000e-06	6.231497e-06	1.426552e-09	3.359502e+01	3.529431e+02
4.270000e-06	6.201651e-06	1.421810e-09	3.343411e+01	3.522644e+02
4.280000e-06	6.171223e-06	1.400598e-09	3.327007e+01	3.515744e+02
4.290000e-06	6.139984e-06	1.401864e-09	3.310165e+01	3.508730e+02
4.300000e-06	6.108161e-06	1.410401e-09	3.293009e+01	3.501601e+02
4.310000e-06	6.076029e-06	1.409798e-09	3.275686e+01	3.494357e+02
4.320000e-06	6.043624e-06	1.405016e-09	3.258216e+01	3.486996e+02
4.330000e-06	6.010869e-06	1.399122e-09	3.240557e+01	3.479516e+02
4.340000e-06	5.977686e-06	1.395389e-09	3.222668e+01	3.471916e+02
4.350000e-06	5.944023e-06	1.391798e-09	3.204519e+01	3.464194e+02
4.360000e-06	5.910004e-06	1.390272e-09	3.186179e+01	3.456349e+02
4.370000e-06	5.875648e-06	1.393319e-09	3.167657e+01	3.448379e+02
4.380000e-06	5.840814e-06	1.389665e-09	3.148878e+01	3.440282e+02
4.390000e-06	5.805499e-06	1.381344e-09	3.129839e+01	3.432057e+02
4.400000e-06	5.769699e-06	1.383841e-09	3.110539e+01	3.423703e+02
4.410000e-06	5.733614e-06	1.385911e-09	3.091084e+01	3.415218e+02
4.420000e-06	5.697355e-06	1.374552e-09	3.071537e+01	3.406601e+02
4.430000e-06	5.660820e-06	1.366822e-09	3.051840e+01	3.397851e+02
4.440000e-06	5.623892e-06	1.371005e-09	3.031932e+01	3.388966e+02
4.450000e-06	5.586510e-06	1.371764e-09	3.011779e+01	3.379945e+02
4.460000e-06	5.548477e-06	1.365554e-09	2.991274e+01	3.370786e+02
4.470000e-06	5.509717e-06	1.360328e-09	2.970378e+01	3.361488e+02
4.480000e-06	5.470370e-06	1.356579e-09	2.949166e+01	3.352047e+02
4.490000e-06	5.430460e-06	1.352853e-09	2.927650e+01	3.342462e+02
4.500000e-06	5.390251e-06	1.352501e-09	2.905972e+01	3.332730e+02
4.510000e-06	5.349852e-06	1.353121e-09	2.884192e+01	3.322846e+02
4.520000e-06	5.309151e-06	1.348065e-09	2.862250e+01	3.312807e+02
4.530000e-06	5.268185e-06	1.340829e-09	2.840164e+01	3.302608e+02
4.540000e-06	5.226923e-06	1.339542e-09	2.817919e+01	3.292244e+02
4.550000e-06	5.185266e-06	1.340320e-09	2.795461e+01	3.281708e+02
4.560000e-06	5.143164e-06	1.335721e-09	2.772763e+01	3.270995e+02
4.570000e-06	5.100777e-06	1.329587e-09	2.749912e+01	3.260096e+02
4.580000e-06	5.058079e-06	1.327009e-09	2.726893e+01	3.249005e+02
4.590000e-06	5.014921e-06	1.326260e-09	2.703626e+01	3.237713e+02
4.600000e-06	4.971437e-06	1.323102e-09	2.680182e+01	3.226211e+02
4.610000e-06	4.927614e-06	1.315861e-09	2.656557e+01	3.214492e+02
4.620000e-06	4.883444e-06	1.308971e-09	2.632744e+01	3.202544e+02
4.630000e-06	4.839050e-06	1.307300e-09	2.608811e+01	3.190361e+02
4.640000e-06	4.794411e-06	1.306089e-09	2.584745e+01	3.177932e+02
4.650000e-06	4.749428e-06	1.302580e-09	2.560494e+01	3.165249e+02
4.660000e-06	4.704213e-06	1.296917e-09	2.536118e+01	3.152302e+02
4.670000e-06	4.658562e-06	1.289865e-09	2.511507e+01	3.139085e+02
4.680000e-06	4.612419e-06	1.284117e-09	2.486630e+01	3.125589e+02
4.690000e-06	4.566048e-06	1.281344e-09	2.461631e+01	3.111808e+02
4.700000e-06	4.519416e-06	1.278051e-09	2.436491e+01	3.097735e+02
4.710000e-06	4.472331e-06	1.271923e-09	2.411106e+01	3.083366e+02
4.720000e-06	4.424927e-06	1.265897e-09	2.385550e+01	3.068696e+02
4.730000e-06	4.377257e-06	1.261506e-09	2.359851e+01	3.053722e+02
4.740000e-06	4.329177e-06	1.256034e-09	2.333930e+01	3.038442e+02
4.750000e-06	4.280733e-06	1.249066e-09	2.307813e+01	3.022855e+02
4.760000e-06	4.232065e-06	1.242713e-09	2.281575e+01	3.006961e+02
4.770000e-06	4.183160e-06	1.237699e-09	2.255210e+01	2.990761e+02
4.780000e-06	4.133778e-06	1.233161e-09	2.228587e+01	2.974257e+02
4.790000e-06	4.084025e-06	1.227878e-09	2.201764e+01	2.957452e+02
4.800000e-06	4.034048e-06	1.221205e-09	2.174821e+01	2.940350e+02
4.810000e-06	3.983743e-06	1.213367e-09	2.147700e+01	2.922954e+02
4.820000e-06	3.933090e-06	1.206857e-09	2.120393e+01	2.905270e+02
4.830000e-06	3.882229e-06	1.200424e-09	2.092973e+01	2.887303e+02
4.840000e-06	3.831113e-06	1.193930e-09	2.065415e+01	2.869059e+02
4.850000e-06	3.779599e-06	1.187098e-09	2.037643e+01	2.850542e+02
4.860000e-06	3.727784e-06	1.179437e-09	2.009709e+01	2.831759e+02
4.870000e-06	3.675815e-06	1.172367e-09	1.981691e+01	2.812714e+02
4.880000e-06	3.623553e-06	1.166115e-09	1.953516e+01	2.793411e+02
4.890000e-06	3.570997e-06	1.160239e-09	1.925183e+01	2.773856e+02
4.900000e-06	3.518127e-06	1.152919e-09	1.896679e+01	2.754052e+02
4.910000e-06	3.464947e-06	1.143442e-09	1.868009e+01	2.734000e+02
4.920000e-06	3.411498e-06	1.134798e-09	1.839194e+01	2.713703e+02
4.930000e-06	3.357795e-06	1.127840e-09	1.810242e+01	2.693161e+02
4.940000e-06	3.303606e-06	1.119533e-09	1.781028e+01	2.672374e+02
4.950000e-06	3.248755e-06	1.109560e-09	1.751457e+01	2.651341e+02
4.960000e-06	3.193649e-06	1.101420e-09	1.721748e+01	2.630058e+02
4.970000e-06	3.138417e-06	1.095693e-09	1.691972e+01	2.608522e+02
4.980000e-06	3.082871e-06	1.089085e-09	1.662026e+01	2.586728e+02
4.990000e-06	3.026989e-06	1.079932e-09	1.631899e+01	2.564670e+02
5.000000e-06	2.970799e-06	1.070556e-09	1.601606e+01	2.542343e+02
5.010000e-06	2.914465e-06	1.061746e-09	1.571236e+01	2.519738e+02
5.020000e-06	2.858138e-06	1.052419e-09	1.540869e+01	2.496848e+02
5.030000e-06	2.801742e-06	1.042435e-09	1.510464e+01	2.473664e+02
5.040000e-06	2.745240e-06	1.031876e-09	1.480003e+01	2.450177e+02
5.050000e-06	2.688544e-06	1.020640e-09	1.449438e+01	2.426377e+02
5.060000e-06	2.631638e-06	1.010613e-09	1.418759e+01	2.402254e+02
5.070000e-06	2.574552e-06	1.001624e-09	1.387983e+01	2.377800e+02
5.080000e-06	2.517373e-06	9.908971e-10	1.357157e+01	2.353005e+02
5.090000e-06	2.459946e-06	9.798374e-10	1.326197e+01	2.327858e+02
5.100000e-06	2.402215e-06	9.692016e-10	1.295073e+01	2.302351e+02
5.110000e-06	2.344513e-06	9.588089e-10	1.263965e+01	2.276474e+02
5.120000e-06	2.286713e-06	9.494010e-10	1.232804e+01	2.250218e+02
5.130000e-06	2.228567e-06	9.395376e-10	1.201456e+01	2.223575e+02
5.140000e-06	2.170162e-06	9.285506e-10	1.169970e+01	2.196537e+02
5.150000e-06	2.111620e-06	9.175286e-10	1.138409e+01	2.169095e+02
5.160000e-06	2.052932e-06	9.063218e-10	1.106769e+01	2.141240e+02
5.170000e-06	1.994088e-06	8.939630e-10	1.075045e+01	2.112966e+02
5.180000e-06	1.935134e-06	8.811469e-10	1.043262e+01	2.084264e+02
5.190000e-06	1.876151e-06	8.698163e-10	1.011464e+01	2.055125e+02
5.200000e-06	1.816936e-06	8.577301e-10	9.795396e+00	2.025542e+02
5.210000e-06	1.757504e-06	8.449035e-10	9.474992e+00	1.995505e+02
5.220000e-06	1.698144e-06	8.334812e-10	9.154972e+00	1.965004e+02
5.230000e-06	1.638725e-06	8.211666e-10	8.834634e+00	1.934031e+02
5.240000e-06	1.579074e-06	8.066617e-10	8.513046e+00	1.902573e+02
5.250000e-06	1.519308e-06	7.926483e-10	8.190835e+00	1.870619e+02
5.260000e-06	1.459505e-06	7.804604e-10	7.868429e+00	1.838155e+02
5.270000e-06	1.399511e-06	7.676296e-10	7.544992e+00	1.805169e+02
5.280000e-06	1.339459e-06	7.541222e-10	7.221239e+00	1.771644e+02
5.290000e-06	1.279444e-06	7.407372e-10	6.897688e+00	1.737564e+02
5.300000e-06	1.219327e-06	7.257550e-10	6.573588e+00	1.702912e+02
5.310000e-06	1.159047e-06	7.101555e-10	6.248613e+00	1.667670e+02
5.320000e-06	1.098743e-06	6.951929e-10	5.923502e+00	1.631818e+02
5.330000e-06	1.038455e-06	6.802467e-10	5.598479e+00	1.595336e+02
5.340000e-06	9.780627e-07	6.652893e-10	5.272895e+00	1.558204e+02
5.350000e-06	9.176239e-07	6.507394e-10	4.947059e+00	1.520400e+02
5.360000e-06	8.572250e-07	6.364222e-10	4.621439e+00	1.481904e+02
5.370000e-06	7.967977e-07	6.199217e-10	4.295666e+00	1.442695e+02
5.380000e-06	7.362965e-07	6.024423e-10	3.969494e+00	1.402752e+02
5.390000e-06	6.757159e-07	5.854160e-10	3.642894e+00	1.362056e+02
5.400000e-06	6.151054e-07	5.678046e-10	3.316133e+00	1.320590e+02
5.410000e-06	5.544728e-07	5.501473e-10	2.989253e+00	1.278336e+02
5.420000e-06	4.937867e-07	5.326485e-10	2.662085e+00	1.235282e+02
5.430000e-06	4.330349e-07	5.144577e-10	2.334562e+00	1.191414e+02
5.440000e-06	3.721924e-07	4.961413e-10	2.006550e+00	1.146724e+02
5.450000e-06	3.114138e-07	4.774587e-10	1.678882e+00	1.101207e+02
5.460000e-06	2.507154e-07	4.578895e-10	1.351648e+00	1.054860e+02
5.470000e-06	1.899315e-07	4.383586e-10	1.023952e+00	1.007686e+02
5.480000e-06	1.290865e-07	4.179582e-10	6.959264e-01	9.596906e+01
5.490000e-06	6.831956e-08	3.956459e-10	3.683219e-01	9.108838e+01
5.500000e-06	7.613005e-09	3.733893e-10	4.104295e-02	8.612808e+01
5.510000e-06	-5.311820e-08	3.521450e-10	-2.863688e-01	8.109011e+01
5.520000e-06	-1.138945e-07	3.295690e-10	-6.140238e-01	7.597691e+01
5.530000e-06	-1.746781e-07	3.059573e-10	-9.417183e-01	7.079135e+01
5.540000e-06	-2.354459e-07	2.839208e-10	-1.269327e+00	6.553680e+01
5.550000e-06	-2.961881e-07	2.627019e-10	-1.596798e+00	6.021704e+01
5.560000e-06	-3.568907e-07	2.406653e-10	-1.924056e+00	5.483629e+01
5.570000e-06	-4.176042e-07	2.183351e-10	-2.251372e+00	4.939916e+01
5.580000e-06	-4.782598e-07	1.952093e-10	-2.578376e+00	4.391062e+01
5.590000e-06	-5.388476e-07	1.716432e-10	-2.905015e+00	3.837596e+01
5.600000e-06	-5.994602e-07	1.479168e-10	-3.231788e+00	3.280075e+01
5.610000e-06	-6.600627e-07	1.239836e-10	-3.558505e+00	2.719079e+01
5.620000e-06	-7.206013e-07	1.011612e-10	-3.884879e+00	2.155206e+01
5.630000e-06	-7.809968e-07	7.823825e-11	-4.210481e+00	1.589066e+01
5.640000e-06	-8.413423e-07	5.456248e-11	-4.535813e+00	1.021278e+01
5.650000e-06	-9.016684e-07	3.134125e-11	-4.861041e+00	4.524599e+00
5.660000e-06	-9.619540e-07	7.044823e-12	-5.186051e+00	-1.167729e+00
5.670000e-06	-1.022224e-06	-1.799598e-11	-5.510973e+00	-6.858145e+00
5.680000e-06	-1.082415e-06	-4.200562e-11	-5.835476e+00	-1.254074e+01
5.690000e-06	-1.142567e-06	-6.589476e-11	-6.159765e+00	-1.820980e+01
5.700000e-06	-1.202679e-06	-9.039725e-11	-6.483839e+00	-2.385985e+01
5.710000e-06	-1.262766e-06	-1.151884e-10	-6.807778e+00	-2.948570e+01
5.720000e-06	-1.322840e-06	-1.388837e-10	-7.131648e+00	-3.508247e+01
5.730000e-06	-1.382835e-06	-1.613970e-10	-7.455089e+00	-4.064564e+01
5.740000e-06	-1.442741e-06	-1.835392e-10	-7.778049e+00	-4.617106e+01
5.750000e-06	-1.502596e-06	-2.059799e-10	-8.100740e+00	-5.165495e+01
5.760000e-06	-1.562288e-06	-2.288891e-10	-8.422549e+00	-5.709395e+01
5.770000e-06	-1.621864e-06	-2.519079e-10	-8.743735e+00	-6.248510e+01
5.780000e-06	-1.681331e-06	-2.750347e-10	-9.064329e+00	-6.782586e+01
5.790000e-06	-1.740627e-06	-2.981906e-10	-9.384003e+00	-7.311405e+01
5.800000e-06	-1.799877e-06	-3.212637e-10	-9.703431e+00	-7.834790e+01
5.810000e-06	-1.859037e-06	-3.430493e-10	-1.002237e+01	-8.352600e+01
5.820000e-06	-1.918088e-06	-3.640752e-10	-1.034072e+01	-8.864727e+01
5.830000e-06	-1.977019e-06	-3.847861e-10	-1.065843e+01	-9.371096e+01
5.840000e-06	-2.035807e-06	-4.048741e-10	-1.097537e+01	-9.871659e+01
5.850000e-06	-2.094467e-06	-4.257273e-10	-1.129161e+01	-1.036639e+02
5.860000e-06	-2.152902e-06	-4.475033e-10	-1.160664e+01	-1.085530e+02
5.870000e-06	-2.211165e-06	-4.694278e-10	-1.192075e+01	-1.133838e+02
5.880000e-06	-2.269433e-06	-4.903177e-10	-1.223488e+01	-1.181568e+02
5.890000e-06	-2.327578e-06	-5.110700e-10	-1.254835e+01	-1.228724e+02
5.900000e-06	-2.385290e-06	-5.323612e-10	-1.285949e+01	-1.275309e+02
5.910000e-06	-2.442680e-06	-5.520705e-10	-1.316888e+01	-1.321330e+02
5.920000e-06	-2.499934e-06	-5.699128e-10	-1.347755e+01	-1.366790e+02
5.930000e-06	-2.556963e-06	-5.879611e-10	-1.378500e+01	-1.411695e+02
5.940000e-06	-2.613836e-06	-6.069814e-10	-1.409161e+01	-1.456049e+02
5.950000e-06	-2.670603e-06	-6.262223e-10	-1.439765e+01	-1.499856e+02
5.960000e-06	-2.727171e-06	-6.444832e-10	-1.470262e+01	-1.543118e+02
5.970000e-06	-2.783563e-06	-6.622074e-10	-1.500664e+01	-1.585837e+02
5.980000e-06	-2.839915e-06	-6.801015e-10	-1.531044e+01	-1.628015e+02
5.990000e-06	-2.896200e-06	-6.981808e-10	-1.561388e+01	-1.669649e+02
6.000000e-06	-2.952341e-06	-7.163635e-10	-1.591655e+01	-1.710741e+02
6.010000e-06	-3.008228e-06	-7.337459e-10	-1.621785e+01	-1.751286e+02
6.020000e-06	-3.063860e-06	-7.510924e-10	-1.651777e+01	-1.791282e+02
6.030000e-06	-3.119336e-06	-7.678913e-10	-1.681685e+01	-1.830725e+02
6.040000e-06	-3.174482e-06	-7.839585e-10	-1.711415e+01	-1.869610e+02
6.050000e-06	-3.229263e-06	-8.002982e-10	-1.740948e+01	-1.907933e+02
6.060000e-06	-3.283899e-06	-8.152693e-10	-1.770403e+01	-1.945688e+02
6.070000e-06	-3.338166e-06	-8.297260e-10	-1.799660e+01	-1.982868e+02
6.080000e-06	-3.391907e-06	-8.445996e-10	-1.828632e+01	-2.019470e+02
6.090000e-06	-3.445287e-06	-8.589901e-10	-1.857410e+01	-2.055488e+02
6.100000e-06	-3.498358e-06	-8.738341e-10	-1.886022e+01	-2.090917e+02
6.110000e-06	-3.551118e-06	-8.883975e-10	-1.914465e+01	-2.125753e+02
6.120000e-06	-3.603590e-06	-9.024961e-10	-1.942754e+01	-2.159992e+02
6.130000e-06	-3.655841e-06	-9.174661e-10	-1.970923e+01	-2.193633e+02
6.140000e-06	-3.707796e-06	-9.328559e-10	-1.998933e+01	-2.226674e+02
6.150000e-06	-3.759365e-06	-9.471974e-10	-2.026735e+01	-2.259115e+02
6.160000e-06	-3.810625e-06	-9.604274e-10	-2.054370e+01	-2.290956e+02
6.170000e-06	-3.861809e-06	-9.730859e-10	-2.081964e+01	-2.322199e+02
6.180000e-06	-3.912757e-06	-9.861993e-10	-2.109431e+01	-2.352848e+02
6.190000e-06	-3.963235e-06	-9.989666e-10	-2.136644e+01	-2.382906e+02
6.200000e-06	-4.013461e-06	-1.010759e-09	-2.163722e+01	-2.412379e+02
6.210000e-06	-4.063528e-06	-1.022232e-09	-2.190714e+01	-2.441272e+02
6.220000e-06	-4.113224e-06	-1.035055e-09	-2.217506e+01	-2.469594e+02
6.230000e-06	-4.162592e-06	-1.048818e-09	-2.244121e+01	-2.497351e+02
6.240000e-06	-4.211213e-06	-1.060783e-09	-2.270334e+01	-2.524553e+02
6.250000e-06	-4.259006e-06	-1.071389e-09	-2.296099e+01	-2.551207e+02
6.260000e-06	-4.306654e-06	-1.081063e-09	-2.321787e+01	-2.577324e+02
6.270000e-06	-4.354053e-06	-1.091160e-09	-2.347341e+01	-2.602912e+02
6.280000e-06	-4.401036e-06	-1.101118e-09	-2.372670e+01	-2.627981e+02
6.290000e-06	-4.447938e-06	-1.110907e-09	-2.397956e+01	-2.652540e+02
6.300000e-06	-4.494659e-06	-1.121584e-09	-2.423144e+01	-2.676599e+02
6.310000e-06	-4.540935e-06	-1.131320e-09	-2.448092e+01	-2.700166e+02
6.320000e-06	-4.586957e-06	-1.140504e-09	-2.472903e+01	-2.723250e+02
6.330000e-06	-4.632720e-06	-1.150836e-09	-2.497575e+01	-2.745860e+02
6.340000e-06	-4.678124e-06	-1.160303e-09	-2.522053e+01	-2.768002e+02
6.350000e-06	-4.723147e-06	-1.167391e-09	-2.546325e+01	-2.789685e+02
6.360000e-06	-4.767738e-06	-1.174914e-09	-2.570365e+01	-2.810915e+02
6.370000e-06	-4.812082e-06	-1.184253e-09	-2.594272e+01	-2.831698e+02
6.380000e-06	-4.856284e-06	-1.193526e-09	-2.618102e+01	-2.852041e+02
6.390000e-06	-4.900270e-06	-1.201356e-09	-2.641815e+01	-2.871950e+02
6.400000e-06	-4.944100e-06	-1.207869e-09	-2.665445e+01	-2.891430e+02
6.410000e-06	-4.987622e-06	-1.214049e-09	-2.688908e+01	-2.910488e+02
6.420000e-06	-5.030783e-06	-1.221602e-09	-2.712177e+01	-2.929127e+02
6.430000e-06	-5.073593e-06	-1.230224e-09	-2.735257e+01	-2.947356e+02
6.440000e-06	-5.116002e-06	-1.238969e-09	-2.758120e+01	-2.965179e+02
6.450000e-06	-5.158096e-06	-1.246291e-09	-2.780813e+01	-2.982603e+02
6.460000e-06	-5.199716e-06	-1.252569e-09	-2.803252e+01	-2.999636e+02
6.470000e-06	-5.240918e-06	-1.258818e-09	-2.825464e+01	-3.016284e+02
6.480000e-06	-5.281703e-06	-1.264647e-09	-2.847452e+01	-3.032557e+02
6.490000e-06	-5.322106e-06	-1.270244e-09	-2.869234e+01	-3.048463e+02
6.500000e-06	-5.362342e-06	-1.275812e-09	-2.890926e+01	-3.064013e+02
6.510000e-06	-5.402383e-06	-1.282036e-09	-2.912513e+01	-3.079216e+02
6.520000e-06	-5.442126e-06	-1.288750e-09	-2.933939e+01	-3.094086e+02
6.530000e-06	-5.481474e-06	-1.295560e-09	-2.955152e+01	-3.108633e+02
6.540000e-06	-5.520351e-06	-1.301555e-09	-2.976111e+01	-3.122872e+02
6.550000e-06	-5.558646e-06	-1.306616e-09	-2.996757e+01	-3.136816e+02
6.560000e-06	-5.596237e-06	-1.311879e-09	-3.017022e+01	-3.150479e+02
6.570000e-06	-5.633177e-06	-1.317723e-09	-3.036937e+01	-3.163876e+02
6.580000e-06	-5.669670e-06	-1.323021e-09	-3.056611e+01	-3.177023e+02
6.590000e-06	-5.705869e-06	-1.327105e-09	-3.076127e+01	-3.189933e+02
6.600000e-06	-5.741851e-06	-1.331159e-09	-3.095525e+01	-3.202623e+02
6.610000e-06	-5.777527e-06	-1.334572e-09	-3.114759e+01	-3.215108e+02
6.620000e-06	-5.812843e-06	-1.337890e-09	-3.133798e+01	-3.227401e+02
6.630000e-06	-5.847850e-06	-1.342670e-09	-3.152671e+01	-3.239516e+02
6.640000e-06	-5.882480e-06	-1.347059e-09	-3.171341e+01	-3.251467e+02
6.650000e-06	-5.916522e-06	-1.351411e-09	-3.189693e+01	-3.263265e+02
6.660000e-06	-5.950101e-06	-1.356537e-09	-3.207796e+01	-3.274922e+02
6.670000e-06	-5.983296e-06	-1.361386e-09	-3.225692e+01	-3.286447e+02
6.680000e-06	-6.016023e-06	-1.365388e-09	-3.243336e+01	-3.297848e+02
6.690000e-06	-6.048492e-06	-1.368418e-09	-3.260840e+01	-3.309132e+02
6.700000e-06	-6.080735e-06	-1.371350e-09	-3.278223e+01	-3.320304e+02
6.710000e-06	-6.112613e-06	-1.374908e-09	-3.295409e+01	-3.331368e+02
6.720000e-06	-6.143986e-06	-1.378697e-09	-3.312323e+01	-3.342326e+02
6.730000e-06	-6.174679e-06	-1.381317e-09	-3.328870e+01	-3.353178e+02
6.740000e-06	-6.204621e-06	-1.384452e-09	-3.345012e+01	-3.363922e+02
6.750000e-06	-6.233900e-06	-1.389169e-09	-3.360797e+01	-3.374557e+02
6.760000e-06	-6.262606e-06	-1.393119e-09	-3.376273e+01	-3.385078e+02
6.770000e-06	-6.290960e-06	-1.396044e-09	-3.391559e+01	-3.395480e+02
6.780000e-06	-6.319122e-06	-1.397427e-09	-3.406742e+01	-3.405756e+02
6.790000e-06	-6.346982e-06	-1.399913e-09	-3.421761e+01	-3.415900e+02
6.800000e-06	-6.374509e-06	-1.403882e-09	-3.436602e+01	-3.425904e+02
6.810000e-06	-6.401551e-06	-1.407079e-09	-3.451180e+01	-3.435758e+02
6.820000e-06	-6.428061e-06	-1.409544e-09	-3.465472e+01	-3.445456e+02
6.830000e-06	-6.454081e-06	-1.410913e-09	-3.479500e+01	-3.454987e+02
6.840000e-06	-6.479544e-06	-1.413214e-09	-3.493227e+01	-3.464343e+02
6.850000e-06	-6.504494e-06	-1.416347e-09	-3.506679e+01	-3.473516e+02
6.860000e-06	-6.529055e-06	-1.418209e-09	-3.519920e+01	-3.482498e+02
6.870000e-06	-6.553328e-06	-1.419253e-09	-3.533006e+01	-3.491282e+02
6.880000e-06	-6.577373e-06	-1.422105e-09	-3.545969e+01	-3.499860e+02
6.890000e-06	-6.601100e-06	-1.426348e-09	-3.558760e+01	-3.508229e+02
6.900000e-06	-6.624267e-06	-1.429758e-09	-3.571250e+01	-3.516382e+02
6.910000e-06	-6.646661e-06	-1.432821e-09	-3.583323e+01	-3.524318e+02
6.920000e-06	-6.668205e-06	-1.435618e-09	-3.594938e+01	-3.532032e+02
6.930000e-06	-6.689150e-06	-1.437254e-09	-3.606229e+01	-3.539524e+02
6.940000e-06	-6.709677e-06	-1.438395e-09	-3.617296e+01	-3.546795e+02
6.950000e-06	-6.729894e-06	-1.439844e-09	-3.628195e+01	-3.553843e+02
6.960000e-06	-6.749780e-06	-1.442362e-09	-3.638916e+01	-3.560673e+02
6.970000e-06	-6.769100e-06	-1.445352e-09	-3.649332e+01	-3.567285e+02
6.980000e-06	-6.787832e-06	-1.447842e-09	-3.659430e+01	-3.573684e+02
6.990000e-06	-6.806112e-06	-1.450739e-09	-3.669286e+01	-3.579873e+02
7.000000e-06	-6.823988e-06	-1.452709e-09	-3.678923e+01	-3.585858e+02
7.010000e-06	-6.841505e-06	-1.453360e-09	-3.688367e+01	-3.591643e+02
7.020000e-06	-6.858545e-06	-1.454969e-09	-3.697553e+01	-3.597233e+02
7.030000e-06	-6.875142e-06	-1.456745e-09	-3.706501e+01	-3.602633e+02
7.040000e-06	-6.891444e-06	-1.458057e-09	-3.715290e+01	-3.607848e+02
7.050000e-06	-6.907311e-06	-1.459608e-09	-3.723844e+01	-3.612883e+02
7.060000e-06	-6.922601e-06	-1.459979e-09	-3.732087e+01	-3.617742e+02
7.070000e-06	-6.937007e-06	-1.459207e-09	-3.739853e+01	-3.622429e+02
7.080000e-06	-6.950454e-06	-1.459886e-09	-3.747103e+01	-3.626948e+02
7.090000e-06	-6.963252e-06	-1.462339e-09	-3.754002e+01	-3.631300e+02
7.100000e-06	-6.975653e-06	-1.464725e-09	-3.760688e+01	-3.635488e+02
7.110000e-06	-6.987635e-06	-1.465898e-09	-3.767148e+01	-3.639513e+02
7.120000e-06	-6.999046e-06	-1.466853e-09	-3.773299e+01	-3.643376e+02
7.130000e-06	-7.009881e-06	-1.467729e-09	-3.779141e+01	-3.647077e+02
7.140000e-06	-7.020298e-06	-1.467942e-09	-3.784757e+01	-3.650614e+02
7.150000e-06	-7.030363e-06	-1.467447e-09	-3.790183e+01	-3.653986e+02
7.160000e-06	-7.039914e-06	-1.467486e-09	-3.795332e+01	-3.657193e+02
7.170000e-06	-7.048836e-06	-1.468533e-09	-3.800142e+01	-3.660232e+02
7.180000e-06	-7.057276e-06	-1.468615e-09	-3.804692e+01	-3.663100e+02
7.190000e-06	-7.065484e-06	-1.468871e-09	-3.809117e+01	-3.665797e+02
7.200000e-06	-7.073434e-06	-1.469915e-09	-3.813404e+01	-3.668319e+02
7.210000e-06	-7.081029e-06	-1.470994e-09	-3.817498e+01	-3.670665e+02
7.220000e-06	-7.088013e-06	-1.471619e-09	-3.821263e+01	-3.672834e+02
7.230000e-06	-7.094128e-06	-1.471238e-09	-3.824560e+01	-3.674825e+02
7.240000e-06	-7.099368e-06	-1.471468e-09	-3.827385e+01	-3.676638e+02
7.250000e-06	-7.103968e-06	-1.472335e-09	-3.829865e+01	-3.678273e+02
7.260000e-06	-7.108241e-06	-1.471742e-09	-3.832168e+01	-3.679732e+02
7.270000e-06	-7.112262e-06	-1.470849e-09	-3.834336e+01	-3.681017e+02
7.280000e-06	-7.115752e-06	-1.471848e-09	-3.836218e+01	-3.682133e+02
7.290000e-06	-7.118750e-06	-1.473086e-09	-3.837834e+01	-3.683082e+02
7.300000e-06	-7.121408e-06	-1.472017e-09	-3.839267e+01	-3.683872e+02
7.310000e-06	-7.123563e-06	-1.470777e-09	-3.840429e+01	-3.684507e+02
7.320000e-06	-7.125258e-06	-1.471466e-09	-3.841343e+01	-3.684995e+02
7.330000e-06	-7.126175e-06	-1.471904e-09	-3.841837e+01	-3.685345e+02
7.340000e-06	-7.126556e-06	-1.472479e-09	-3.842042e+01	-3.685565e+02
