# Temperatura_=_9.7
# Concentracion g/m^3_=_7400.0
# C_Vs_to_Am_M_A/Vsm_=_254322799225.57578
# pendiente_HvsI_1/m_=_3716.3
# ordenada_HvsI_A/m_=_1297.0
# frecuencia_Hz_=_136107.13493569425

Tiempo_(s)	Campo_(V.s)	Magnetizacion_(V.s)	Campo_(kA/m)	Magnetizacion_(A/m)
0.000000e+00	-7.131952e-06	-1.518104e-09	-3.842390e+01	-3.829635e+02
1.000000e-08	-7.132036e-06	-1.516825e-09	-3.842435e+01	-3.829778e+02
2.000000e-08	-7.131759e-06	-1.516400e-09	-3.842286e+01	-3.829765e+02
3.000000e-08	-7.131006e-06	-1.517144e-09	-3.841881e+01	-3.829607e+02
4.000000e-08	-7.129602e-06	-1.517196e-09	-3.841124e+01	-3.829317e+02
5.000000e-08	-7.127413e-06	-1.515889e-09	-3.839944e+01	-3.828910e+02
6.000000e-08	-7.124529e-06	-1.514154e-09	-3.838391e+01	-3.828398e+02
7.000000e-08	-7.121141e-06	-1.513704e-09	-3.836566e+01	-3.827795e+02
8.000000e-08	-7.117298e-06	-1.509978e-09	-3.834495e+01	-3.827115e+02
9.000000e-08	-7.112871e-06	-1.504742e-09	-3.832110e+01	-3.826372e+02
1.000000e-07	-7.107754e-06	-1.509296e-09	-3.829353e+01	-3.825576e+02
1.100000e-07	-7.102077e-06	-1.511919e-09	-3.826295e+01	-3.824739e+02
1.200000e-07	-7.096183e-06	-1.494142e-09	-3.823119e+01	-3.823872e+02
1.300000e-07	-7.089917e-06	-1.492408e-09	-3.819743e+01	-3.822983e+02
1.400000e-07	-7.082996e-06	-1.521683e-09	-3.816014e+01	-3.822080e+02
1.500000e-07	-7.075651e-06	-1.515514e-09	-3.812057e+01	-3.821167e+02
1.600000e-07	-7.068019e-06	-1.473154e-09	-3.807946e+01	-3.820248e+02
1.700000e-07	-7.059905e-06	-1.477951e-09	-3.803574e+01	-3.819325e+02
1.800000e-07	-7.051296e-06	-1.525592e-09	-3.798936e+01	-3.818397e+02
1.900000e-07	-7.042095e-06	-1.511935e-09	-3.793979e+01	-3.817463e+02
2.000000e-07	-7.032268e-06	-1.453074e-09	-3.788684e+01	-3.816518e+02
2.100000e-07	-7.021882e-06	-1.474188e-09	-3.783089e+01	-3.815557e+02
2.200000e-07	-7.010785e-06	-1.529973e-09	-3.777111e+01	-3.814571e+02
2.300000e-07	-6.999082e-06	-1.496101e-09	-3.770805e+01	-3.813551e+02
2.400000e-07	-6.986796e-06	-1.443990e-09	-3.764186e+01	-3.812486e+02
2.500000e-07	-6.973970e-06	-1.482321e-09	-3.757276e+01	-3.811365e+02
2.600000e-07	-6.960610e-06	-1.515767e-09	-3.750079e+01	-3.810175e+02
2.700000e-07	-6.946630e-06	-1.469115e-09	-3.742546e+01	-3.808901e+02
2.800000e-07	-6.931899e-06	-1.453385e-09	-3.734610e+01	-3.807529e+02
2.900000e-07	-6.916461e-06	-1.497958e-09	-3.726293e+01	-3.806045e+02
3.000000e-07	-6.900660e-06	-1.486998e-09	-3.717780e+01	-3.804434e+02
3.100000e-07	-6.884152e-06	-1.444390e-09	-3.708886e+01	-3.802681e+02
3.200000e-07	-6.867120e-06	-1.475741e-09	-3.699710e+01	-3.800773e+02
3.300000e-07	-6.849935e-06	-1.498035e-09	-3.690451e+01	-3.798696e+02
3.400000e-07	-6.832250e-06	-1.447862e-09	-3.680923e+01	-3.796437e+02
3.500000e-07	-6.813947e-06	-1.444221e-09	-3.671063e+01	-3.793986e+02
3.600000e-07	-6.795072e-06	-1.494931e-09	-3.660894e+01	-3.791332e+02
3.700000e-07	-6.775731e-06	-1.469706e-09	-3.650474e+01	-3.788466e+02
3.800000e-07	-6.756096e-06	-1.422669e-09	-3.639895e+01	-3.785381e+02
3.900000e-07	-6.736105e-06	-1.461143e-09	-3.629124e+01	-3.782071e+02
4.000000e-07	-6.715728e-06	-1.481454e-09	-3.618147e+01	-3.778532e+02
4.100000e-07	-6.694796e-06	-1.434092e-09	-3.606869e+01	-3.774761e+02
4.200000e-07	-6.673268e-06	-1.437046e-09	-3.595271e+01	-3.770756e+02
4.300000e-07	-6.651334e-06	-1.469355e-09	-3.583454e+01	-3.766519e+02
4.400000e-07	-6.628822e-06	-1.439948e-09	-3.571325e+01	-3.762051e+02
4.500000e-07	-6.605895e-06	-1.425169e-09	-3.558973e+01	-3.757354e+02
4.600000e-07	-6.582641e-06	-1.455889e-09	-3.546445e+01	-3.752434e+02
4.700000e-07	-6.558988e-06	-1.440195e-09	-3.533702e+01	-3.747295e+02
4.800000e-07	-6.534978e-06	-1.412872e-09	-3.520766e+01	-3.741943e+02
4.900000e-07	-6.510438e-06	-1.438372e-09	-3.507545e+01	-3.736385e+02
5.000000e-07	-6.485273e-06	-1.440282e-09	-3.493987e+01	-3.730629e+02
5.100000e-07	-6.459356e-06	-1.410583e-09	-3.480024e+01	-3.724682e+02
5.200000e-07	-6.432711e-06	-1.422343e-09	-3.465669e+01	-3.718552e+02
5.300000e-07	-6.405532e-06	-1.433080e-09	-3.451026e+01	-3.712246e+02
5.400000e-07	-6.377982e-06	-1.408510e-09	-3.436183e+01	-3.705773e+02
5.500000e-07	-6.350142e-06	-1.410513e-09	-3.421184e+01	-3.699140e+02
5.600000e-07	-6.321804e-06	-1.423498e-09	-3.405917e+01	-3.692355e+02
5.700000e-07	-6.292994e-06	-1.403861e-09	-3.390396e+01	-3.685422e+02
5.800000e-07	-6.263815e-06	-1.399032e-09	-3.374675e+01	-3.678349e+02
5.900000e-07	-6.234257e-06	-1.412188e-09	-3.358751e+01	-3.671142e+02
6.000000e-07	-6.204381e-06	-1.397800e-09	-3.342654e+01	-3.663803e+02
6.100000e-07	-6.174052e-06	-1.388925e-09	-3.326315e+01	-3.656338e+02
6.200000e-07	-6.143174e-06	-1.401366e-09	-3.309679e+01	-3.648750e+02
6.300000e-07	-6.111906e-06	-1.391852e-09	-3.292833e+01	-3.641041e+02
6.400000e-07	-6.080410e-06	-1.378702e-09	-3.275864e+01	-3.633212e+02
6.500000e-07	-6.048685e-06	-1.387776e-09	-3.258772e+01	-3.625265e+02
6.600000e-07	-6.016658e-06	-1.383736e-09	-3.241517e+01	-3.617200e+02
6.700000e-07	-5.984114e-06	-1.368473e-09	-3.223984e+01	-3.609016e+02
6.800000e-07	-5.950902e-06	-1.371481e-09	-3.206091e+01	-3.600714e+02
6.900000e-07	-5.917049e-06	-1.371729e-09	-3.187852e+01	-3.592292e+02
7.000000e-07	-5.882511e-06	-1.360300e-09	-3.169245e+01	-3.583748e+02
7.100000e-07	-5.847434e-06	-1.358046e-09	-3.150347e+01	-3.575080e+02
7.200000e-07	-5.812030e-06	-1.355823e-09	-3.131273e+01	-3.566286e+02
7.300000e-07	-5.776390e-06	-1.344348e-09	-3.112071e+01	-3.557364e+02
7.400000e-07	-5.740460e-06	-1.341082e-09	-3.092714e+01	-3.548311e+02
7.500000e-07	-5.704195e-06	-1.342539e-09	-3.073176e+01	-3.539125e+02
7.600000e-07	-5.667530e-06	-1.335639e-09	-3.053422e+01	-3.529803e+02
7.700000e-07	-5.630364e-06	-1.329677e-09	-3.033399e+01	-3.520341e+02
7.800000e-07	-5.592748e-06	-1.326524e-09	-3.013133e+01	-3.510737e+02
7.900000e-07	-5.554743e-06	-1.318887e-09	-2.992657e+01	-3.500988e+02
8.000000e-07	-5.516307e-06	-1.312365e-09	-2.971950e+01	-3.491090e+02
8.100000e-07	-5.477408e-06	-1.309338e-09	-2.950993e+01	-3.481040e+02
8.200000e-07	-5.438084e-06	-1.303297e-09	-2.929807e+01	-3.470834e+02
8.300000e-07	-5.398444e-06	-1.296717e-09	-2.908450e+01	-3.460470e+02
8.400000e-07	-5.358671e-06	-1.293197e-09	-2.887022e+01	-3.449942e+02
8.500000e-07	-5.318769e-06	-1.289306e-09	-2.865525e+01	-3.439247e+02
8.600000e-07	-5.278500e-06	-1.283774e-09	-2.843830e+01	-3.428380e+02
8.700000e-07	-5.237653e-06	-1.277630e-09	-2.821823e+01	-3.417337e+02
8.800000e-07	-5.196312e-06	-1.271979e-09	-2.799550e+01	-3.406112e+02
8.900000e-07	-5.154456e-06	-1.267807e-09	-2.777000e+01	-3.394699e+02
9.000000e-07	-5.111918e-06	-1.263084e-09	-2.754082e+01	-3.383092e+02
9.100000e-07	-5.068782e-06	-1.257407e-09	-2.730842e+01	-3.371287e+02
9.200000e-07	-5.025256e-06	-1.252123e-09	-2.707393e+01	-3.359274e+02
9.300000e-07	-4.981535e-06	-1.246941e-09	-2.683837e+01	-3.347049e+02
9.400000e-07	-4.937615e-06	-1.241932e-09	-2.660175e+01	-3.334603e+02
9.500000e-07	-4.893392e-06	-1.236993e-09	-2.636350e+01	-3.321929e+02
9.600000e-07	-4.848809e-06	-1.231238e-09	-2.612330e+01	-3.309020e+02
9.700000e-07	-4.803844e-06	-1.224238e-09	-2.588105e+01	-3.295868e+02
9.800000e-07	-4.758558e-06	-1.217329e-09	-2.563707e+01	-3.282464e+02
9.900000e-07	-4.713022e-06	-1.210984e-09	-2.539174e+01	-3.268802e+02
1.000000e-06	-4.667183e-06	-1.203865e-09	-2.514478e+01	-3.254874e+02
1.010000e-06	-4.620915e-06	-1.196806e-09	-2.489551e+01	-3.240673e+02
1.020000e-06	-4.574324e-06	-1.191089e-09	-2.464450e+01	-3.226193e+02
1.030000e-06	-4.527425e-06	-1.186445e-09	-2.439182e+01	-3.211426e+02
1.040000e-06	-4.480114e-06	-1.181719e-09	-2.413693e+01	-3.196368e+02
1.050000e-06	-4.432569e-06	-1.176165e-09	-2.388078e+01	-3.181014e+02
1.060000e-06	-4.384868e-06	-1.169635e-09	-2.362379e+01	-3.165358e+02
1.070000e-06	-4.336965e-06	-1.162820e-09	-2.336571e+01	-3.149398e+02
1.080000e-06	-4.288878e-06	-1.156123e-09	-2.310663e+01	-3.133131e+02
1.090000e-06	-4.240354e-06	-1.149220e-09	-2.284521e+01	-3.116554e+02
1.100000e-06	-4.191269e-06	-1.142440e-09	-2.258076e+01	-3.099668e+02
1.110000e-06	-4.141791e-06	-1.135775e-09	-2.231419e+01	-3.082472e+02
1.120000e-06	-4.091842e-06	-1.129079e-09	-2.204509e+01	-3.064966e+02
1.130000e-06	-4.041384e-06	-1.122286e-09	-2.177325e+01	-3.047152e+02
1.140000e-06	-3.990515e-06	-1.114811e-09	-2.149919e+01	-3.029032e+02
1.150000e-06	-3.939237e-06	-1.106743e-09	-2.122292e+01	-3.010609e+02
1.160000e-06	-3.887738e-06	-1.099270e-09	-2.094546e+01	-2.991885e+02
1.170000e-06	-3.836105e-06	-1.092760e-09	-2.066729e+01	-2.972866e+02
1.180000e-06	-3.784116e-06	-1.087233e-09	-2.038719e+01	-2.953553e+02
1.190000e-06	-3.731726e-06	-1.080788e-09	-2.010494e+01	-2.933952e+02
1.200000e-06	-3.679000e-06	-1.071673e-09	-1.982087e+01	-2.914067e+02
1.210000e-06	-3.625956e-06	-1.062274e-09	-1.953509e+01	-2.893901e+02
1.220000e-06	-3.572684e-06	-1.055435e-09	-1.924809e+01	-2.873459e+02
1.230000e-06	-3.519252e-06	-1.049374e-09	-1.896022e+01	-2.852743e+02
1.240000e-06	-3.465705e-06	-1.041795e-09	-1.867173e+01	-2.831757e+02
1.250000e-06	-3.411856e-06	-1.033197e-09	-1.838162e+01	-2.810503e+02
1.260000e-06	-3.357661e-06	-1.023850e-09	-1.808964e+01	-2.788982e+02
1.270000e-06	-3.303259e-06	-1.015008e-09	-1.779654e+01	-2.767195e+02
1.280000e-06	-3.248589e-06	-1.007503e-09	-1.750201e+01	-2.745143e+02
1.290000e-06	-3.193696e-06	-9.997402e-10	-1.720626e+01	-2.722824e+02
1.300000e-06	-3.138615e-06	-9.904386e-10	-1.690951e+01	-2.700238e+02
1.310000e-06	-3.083274e-06	-9.813319e-10	-1.661136e+01	-2.677380e+02
1.320000e-06	-3.027733e-06	-9.738264e-10	-1.631213e+01	-2.654248e+02
1.330000e-06	-2.972124e-06	-9.648639e-10	-1.601253e+01	-2.630837e+02
1.340000e-06	-2.916436e-06	-9.540298e-10	-1.571251e+01	-2.607143e+02
1.350000e-06	-2.860624e-06	-9.451720e-10	-1.541182e+01	-2.583159e+02
1.360000e-06	-2.804648e-06	-9.375252e-10	-1.511024e+01	-2.558879e+02
1.370000e-06	-2.748558e-06	-9.294642e-10	-1.480805e+01	-2.534296e+02
1.380000e-06	-2.692284e-06	-9.216250e-10	-1.450487e+01	-2.509402e+02
1.390000e-06	-2.635824e-06	-9.127042e-10	-1.420069e+01	-2.484188e+02
1.400000e-06	-2.579206e-06	-9.020474e-10	-1.389566e+01	-2.458648e+02
1.410000e-06	-2.522335e-06	-8.912619e-10	-1.358926e+01	-2.432771e+02
1.420000e-06	-2.465084e-06	-8.815003e-10	-1.328082e+01	-2.406549e+02
1.430000e-06	-2.407588e-06	-8.714383e-10	-1.297105e+01	-2.379974e+02
1.440000e-06	-2.349842e-06	-8.609697e-10	-1.265994e+01	-2.353036e+02
1.450000e-06	-2.291701e-06	-8.516332e-10	-1.234670e+01	-2.325726e+02
1.460000e-06	-2.233152e-06	-8.418285e-10	-1.203127e+01	-2.298035e+02
1.470000e-06	-2.174365e-06	-8.306968e-10	-1.171455e+01	-2.269953e+02
1.480000e-06	-2.115432e-06	-8.193265e-10	-1.139704e+01	-2.241473e+02
1.490000e-06	-2.056220e-06	-8.072840e-10	-1.107803e+01	-2.212584e+02
1.500000e-06	-1.996923e-06	-7.947518e-10	-1.075857e+01	-2.183276e+02
1.510000e-06	-1.937635e-06	-7.835684e-10	-1.043915e+01	-2.153541e+02
1.520000e-06	-1.878256e-06	-7.732059e-10	-1.011924e+01	-2.123369e+02
1.530000e-06	-1.818719e-06	-7.614712e-10	-9.798478e+00	-2.092748e+02
1.540000e-06	-1.759066e-06	-7.483145e-10	-9.477094e+00	-2.061669e+02
1.550000e-06	-1.699307e-06	-7.353485e-10	-9.155138e+00	-2.030119e+02
1.560000e-06	-1.639470e-06	-7.231260e-10	-8.832761e+00	-1.998086e+02
1.570000e-06	-1.579566e-06	-7.110346e-10	-8.510023e+00	-1.965557e+02
1.580000e-06	-1.519592e-06	-6.987025e-10	-8.186908e+00	-1.932519e+02
1.590000e-06	-1.459544e-06	-6.856884e-10	-7.863396e+00	-1.898955e+02
1.600000e-06	-1.399412e-06	-6.727537e-10	-7.539430e+00	-1.864850e+02
1.610000e-06	-1.339198e-06	-6.609330e-10	-7.215026e+00	-1.830187e+02
1.620000e-06	-1.278912e-06	-6.492920e-10	-6.890232e+00	-1.794948e+02
1.630000e-06	-1.218559e-06	-6.358273e-10	-6.565075e+00	-1.759113e+02
1.640000e-06	-1.158196e-06	-6.207896e-10	-6.239862e+00	-1.722662e+02
1.650000e-06	-1.097809e-06	-6.062073e-10	-5.914522e+00	-1.685575e+02
1.660000e-06	-1.037231e-06	-5.925194e-10	-5.588156e+00	-1.647829e+02
1.670000e-06	-9.765907e-07	-5.786625e-10	-5.261452e+00	-1.609401e+02
1.680000e-06	-9.159466e-07	-5.641467e-10	-4.934728e+00	-1.570271e+02
1.690000e-06	-8.551415e-07	-5.491338e-10	-4.607136e+00	-1.530415e+02
1.700000e-06	-7.942454e-07	-5.340010e-10	-4.279053e+00	-1.489811e+02
1.710000e-06	-7.333487e-07	-5.193021e-10	-3.950968e+00	-1.448438e+02
1.720000e-06	-6.725345e-07	-5.051423e-10	-3.623328e+00	-1.406274e+02
1.730000e-06	-6.116850e-07	-4.907541e-10	-3.295497e+00	-1.363303e+02
1.740000e-06	-5.506335e-07	-4.755072e-10	-2.966577e+00	-1.319505e+02
1.750000e-06	-4.894614e-07	-4.596783e-10	-2.637008e+00	-1.274866e+02
1.760000e-06	-4.282992e-07	-4.424882e-10	-2.307493e+00	-1.229374e+02
1.770000e-06	-3.671240e-07	-4.246772e-10	-1.977907e+00	-1.183020e+02
1.780000e-06	-3.059627e-07	-4.070125e-10	-1.648396e+00	-1.135797e+02
1.790000e-06	-2.448497e-07	-3.889658e-10	-1.319145e+00	-1.087705e+02
1.800000e-06	-1.836981e-07	-3.713232e-10	-9.896865e-01	-1.038745e+02
1.810000e-06	-1.225745e-07	-3.546634e-10	-6.603791e-01	-9.889235e+01
1.820000e-06	-6.144387e-08	-3.374899e-10	-3.310332e-01	-9.382525e+01
1.830000e-06	-3.317998e-10	-3.191379e-10	-1.787595e-03	-8.867482e+01
1.840000e-06	6.068382e-08	-3.011179e-10	3.269384e-01	-8.344320e+01
1.850000e-06	1.217656e-07	-2.828751e-10	6.560210e-01	-7.813304e+01
1.860000e-06	1.828650e-07	-2.635207e-10	9.851981e-01	-7.274749e+01
1.870000e-06	2.439473e-07	-2.427670e-10	1.314283e+00	-6.729024e+01
1.880000e-06	3.050374e-07	-2.212499e-10	1.643411e+00	-6.176544e+01
1.890000e-06	3.661538e-07	-2.006700e-10	1.972680e+00	-5.617773e+01
1.900000e-06	4.272448e-07	-1.813457e-10	2.301812e+00	-5.053217e+01
1.910000e-06	4.882930e-07	-1.615275e-10	2.630714e+00	-4.483426e+01
1.920000e-06	5.494023e-07	-1.409871e-10	2.959944e+00	-3.908983e+01
1.930000e-06	6.104440e-07	-1.205065e-10	3.288811e+00	-3.330507e+01
1.940000e-06	6.712978e-07	-9.960437e-11	3.616665e+00	-2.748639e+01
1.950000e-06	7.320847e-07	-7.784253e-11	3.944158e+00	-2.164046e+01
1.960000e-06	7.929426e-07	-5.543277e-11	4.272035e+00	-1.577406e+01
1.970000e-06	8.537514e-07	-3.347814e-11	4.599647e+00	-9.894085e+00
1.980000e-06	9.144935e-07	-1.156768e-11	4.926899e+00	-4.007445e+00
1.990000e-06	9.752179e-07	1.021889e-11	5.254056e+00	1.878989e+00
2.000000e-06	1.035876e-06	3.109591e-11	5.580853e+00	7.758449e+00
2.010000e-06	1.096430e-06	5.207121e-11	5.907092e+00	1.362433e+01
2.020000e-06	1.156848e-06	7.284068e-11	6.232602e+00	1.947025e+01
2.030000e-06	1.217245e-06	9.320159e-11	6.557993e+00	2.529010e+01
2.040000e-06	1.277628e-06	1.137978e-10	6.883311e+00	3.107811e+01
2.050000e-06	1.337850e-06	1.348947e-10	7.207761e+00	3.682889e+01
2.060000e-06	1.397972e-06	1.570327e-10	7.531675e+00	4.253745e+01
2.070000e-06	1.458067e-06	1.782801e-10	7.855441e+00	4.819925e+01
2.080000e-06	1.518070e-06	1.985694e-10	8.178710e+00	5.381023e+01
2.090000e-06	1.578039e-06	2.194047e-10	8.501799e+00	5.936679e+01
2.100000e-06	1.637937e-06	2.404830e-10	8.824505e+00	6.486588e+01
2.110000e-06	1.697723e-06	2.606627e-10	9.146602e+00	7.030490e+01
2.120000e-06	1.757416e-06	2.798058e-10	9.468202e+00	7.568177e+01
2.130000e-06	1.817038e-06	2.989427e-10	9.789421e+00	8.099489e+01
2.140000e-06	1.876506e-06	3.181015e-10	1.010981e+01	8.624313e+01
2.150000e-06	1.935796e-06	3.379036e-10	1.042924e+01	9.142578e+01
2.160000e-06	1.995028e-06	3.583088e-10	1.074836e+01	9.654254e+01
2.170000e-06	2.054088e-06	3.776983e-10	1.106655e+01	1.015935e+02
2.180000e-06	2.112928e-06	3.954283e-10	1.138355e+01	1.065791e+02
2.190000e-06	2.171515e-06	4.124784e-10	1.169919e+01	1.114999e+02
2.200000e-06	2.229826e-06	4.299963e-10	1.201335e+01	1.163569e+02
2.210000e-06	2.287818e-06	4.479483e-10	1.232578e+01	1.211513e+02
2.220000e-06	2.345646e-06	4.652939e-10	1.263733e+01	1.258842e+02
2.230000e-06	2.403325e-06	4.821809e-10	1.294808e+01	1.305570e+02
2.240000e-06	2.460616e-06	4.995547e-10	1.325675e+01	1.351712e+02
2.250000e-06	2.517513e-06	5.176523e-10	1.356328e+01	1.397281e+02
2.260000e-06	2.574232e-06	5.353074e-10	1.386886e+01	1.442292e+02
2.270000e-06	2.630806e-06	5.518538e-10	1.417365e+01	1.486757e+02
2.280000e-06	2.687123e-06	5.682229e-10	1.447706e+01	1.530688e+02
2.290000e-06	2.743302e-06	5.845769e-10	1.477974e+01	1.574097e+02
2.300000e-06	2.799325e-06	6.005015e-10	1.508157e+01	1.616993e+02
2.310000e-06	2.855196e-06	6.157392e-10	1.538257e+01	1.659383e+02
2.320000e-06	2.910893e-06	6.299473e-10	1.568264e+01	1.701275e+02
2.330000e-06	2.966404e-06	6.438688e-10	1.598172e+01	1.742671e+02
2.340000e-06	3.021790e-06	6.581501e-10	1.628011e+01	1.783575e+02
2.350000e-06	3.077030e-06	6.731674e-10	1.657772e+01	1.823989e+02
2.360000e-06	3.132108e-06	6.885527e-10	1.687446e+01	1.863910e+02
2.370000e-06	3.187009e-06	7.037309e-10	1.717024e+01	1.903337e+02
2.380000e-06	3.241745e-06	7.179503e-10	1.746513e+01	1.942267e+02
2.390000e-06	3.296262e-06	7.313838e-10	1.775885e+01	1.980696e+02
2.400000e-06	3.350538e-06	7.455000e-10	1.805126e+01	2.018617e+02
2.410000e-06	3.404543e-06	7.590290e-10	1.834222e+01	2.056026e+02
2.420000e-06	3.458261e-06	7.711911e-10	1.863163e+01	2.092917e+02
2.430000e-06	3.511785e-06	7.842394e-10	1.891999e+01	2.129282e+02
2.440000e-06	3.565091e-06	7.982996e-10	1.920718e+01	2.165117e+02
2.450000e-06	3.618043e-06	8.115895e-10	1.949246e+01	2.200415e+02
2.460000e-06	3.670701e-06	8.241049e-10	1.977616e+01	2.235172e+02
2.470000e-06	3.723141e-06	8.360351e-10	2.005869e+01	2.269384e+02
2.480000e-06	3.775308e-06	8.473183e-10	2.033974e+01	2.303047e+02
2.490000e-06	3.827175e-06	8.584693e-10	2.061918e+01	2.336159e+02
2.500000e-06	3.878673e-06	8.697572e-10	2.089663e+01	2.368719e+02
2.510000e-06	3.929854e-06	8.803434e-10	2.117237e+01	2.400728e+02
2.520000e-06	3.980757e-06	8.907556e-10	2.144661e+01	2.432186e+02
2.530000e-06	4.031103e-06	9.019754e-10	2.171785e+01	2.463097e+02
2.540000e-06	4.080913e-06	9.131201e-10	2.198621e+01	2.493465e+02
2.550000e-06	4.130408e-06	9.233517e-10	2.225287e+01	2.523293e+02
2.560000e-06	4.179563e-06	9.331200e-10	2.251770e+01	2.552588e+02
2.570000e-06	4.228344e-06	9.427229e-10	2.278051e+01	2.581356e+02
2.580000e-06	4.276670e-06	9.527677e-10	2.304086e+01	2.609604e+02
2.590000e-06	4.324629e-06	9.645236e-10	2.329925e+01	2.637340e+02
2.600000e-06	4.372333e-06	9.758986e-10	2.355626e+01	2.664571e+02
2.610000e-06	4.419805e-06	9.850245e-10	2.381201e+01	2.691306e+02
2.620000e-06	4.466978e-06	9.939789e-10	2.406616e+01	2.717552e+02
2.630000e-06	4.513879e-06	1.004078e-09	2.431884e+01	2.743317e+02
2.640000e-06	4.560538e-06	1.013814e-09	2.457022e+01	2.768607e+02
2.650000e-06	4.606840e-06	1.022877e-09	2.481968e+01	2.793430e+02
2.660000e-06	4.652821e-06	1.031623e-09	2.506741e+01	2.817790e+02
2.670000e-06	4.698450e-06	1.039582e-09	2.531323e+01	2.841694e+02
2.680000e-06	4.743726e-06	1.047221e-09	2.555716e+01	2.865145e+02
2.690000e-06	4.788789e-06	1.055489e-09	2.579994e+01	2.888147e+02
2.700000e-06	4.833514e-06	1.064064e-09	2.604090e+01	2.910702e+02
2.710000e-06	4.877868e-06	1.071748e-09	2.627986e+01	2.932813e+02
2.720000e-06	4.922013e-06	1.079459e-09	2.651770e+01	2.954481e+02
2.730000e-06	4.965977e-06	1.088174e-09	2.675455e+01	2.975706e+02
2.740000e-06	5.009739e-06	1.096979e-09	2.699033e+01	2.996490e+02
2.750000e-06	5.053174e-06	1.104826e-09	2.722433e+01	3.016831e+02
2.760000e-06	5.096155e-06	1.111365e-09	2.745590e+01	3.036729e+02
2.770000e-06	5.138863e-06	1.118195e-09	2.768599e+01	3.056186e+02
2.780000e-06	5.180974e-06	1.125327e-09	2.791287e+01	3.075200e+02
2.790000e-06	5.222314e-06	1.132024e-09	2.813559e+01	3.093773e+02
2.800000e-06	5.263078e-06	1.139062e-09	2.835521e+01	3.111907e+02
2.810000e-06	5.303350e-06	1.146442e-09	2.857218e+01	3.129603e+02
2.820000e-06	5.343273e-06	1.153974e-09	2.878726e+01	3.146865e+02
2.830000e-06	5.382835e-06	1.161756e-09	2.900041e+01	3.163698e+02
2.840000e-06	5.422172e-06	1.168786e-09	2.921234e+01	3.180107e+02
2.850000e-06	5.461253e-06	1.174698e-09	2.942289e+01	3.196100e+02
2.860000e-06	5.500037e-06	1.180982e-09	2.963184e+01	3.211686e+02
2.870000e-06	5.538474e-06	1.187722e-09	2.983892e+01	3.226874e+02
2.880000e-06	5.576527e-06	1.194384e-09	3.004394e+01	3.241677e+02
2.890000e-06	5.614083e-06	1.200788e-09	3.024627e+01	3.256108e+02
2.900000e-06	5.651198e-06	1.206594e-09	3.044623e+01	3.270181e+02
2.910000e-06	5.687983e-06	1.212992e-09	3.064441e+01	3.283914e+02
2.920000e-06	5.724373e-06	1.220262e-09	3.084047e+01	3.297321e+02
2.930000e-06	5.760525e-06	1.227280e-09	3.103524e+01	3.310423e+02
2.940000e-06	5.796366e-06	1.232591e-09	3.122834e+01	3.323237e+02
2.950000e-06	5.831859e-06	1.236968e-09	3.141955e+01	3.335783e+02
2.960000e-06	5.867141e-06	1.241987e-09	3.160964e+01	3.348080e+02
2.970000e-06	5.901911e-06	1.247307e-09	3.179696e+01	3.360148e+02
2.980000e-06	5.935903e-06	1.252870e-09	3.198010e+01	3.372006e+02
2.990000e-06	5.969245e-06	1.258234e-09	3.215973e+01	3.383674e+02
3.000000e-06	6.002028e-06	1.263724e-09	3.233636e+01	3.395169e+02
3.010000e-06	6.034337e-06	1.268983e-09	3.251042e+01	3.406507e+02
3.020000e-06	6.066231e-06	1.273428e-09	3.268225e+01	3.417706e+02
3.030000e-06	6.097833e-06	1.278069e-09	3.285251e+01	3.428779e+02
3.040000e-06	6.129182e-06	1.282814e-09	3.302140e+01	3.439739e+02
3.050000e-06	6.160138e-06	1.287344e-09	3.318818e+01	3.450597e+02
3.060000e-06	6.190543e-06	1.292242e-09	3.335199e+01	3.461363e+02
3.070000e-06	6.220472e-06	1.297372e-09	3.351323e+01	3.472042e+02
3.080000e-06	6.250017e-06	1.302224e-09	3.367241e+01	3.482640e+02
3.090000e-06	6.279154e-06	1.305780e-09	3.382939e+01	3.493161e+02
3.100000e-06	6.307935e-06	1.308643e-09	3.398445e+01	3.503605e+02
3.110000e-06	6.336371e-06	1.311925e-09	3.413765e+01	3.513972e+02
3.120000e-06	6.364420e-06	1.316059e-09	3.428877e+01	3.524260e+02
3.130000e-06	6.392025e-06	1.321238e-09	3.443749e+01	3.534463e+02
3.140000e-06	6.419260e-06	1.326530e-09	3.458422e+01	3.544577e+02
3.150000e-06	6.446174e-06	1.331449e-09	3.472922e+01	3.554595e+02
3.160000e-06	6.472419e-06	1.335599e-09	3.487062e+01	3.564509e+02
3.170000e-06	6.497760e-06	1.338170e-09	3.500715e+01	3.574310e+02
3.180000e-06	6.522381e-06	1.339833e-09	3.513980e+01	3.583990e+02
3.190000e-06	6.546517e-06	1.342578e-09	3.526983e+01	3.593538e+02
3.200000e-06	6.570256e-06	1.347266e-09	3.539772e+01	3.602946e+02
3.210000e-06	6.593553e-06	1.352808e-09	3.552324e+01	3.612203e+02
3.220000e-06	6.616496e-06	1.359008e-09	3.564684e+01	3.621300e+02
3.230000e-06	6.639018e-06	1.365393e-09	3.576818e+01	3.630230e+02
3.240000e-06	6.661074e-06	1.370478e-09	3.588701e+01	3.638983e+02
3.250000e-06	6.682698e-06	1.374231e-09	3.600351e+01	3.647554e+02
3.260000e-06	6.703881e-06	1.376966e-09	3.611764e+01	3.655935e+02
3.270000e-06	6.724558e-06	1.380530e-09	3.622904e+01	3.664123e+02
3.280000e-06	6.744798e-06	1.385440e-09	3.633808e+01	3.672112e+02
3.290000e-06	6.764719e-06	1.390713e-09	3.644541e+01	3.679900e+02
3.300000e-06	6.784284e-06	1.395807e-09	3.655082e+01	3.687486e+02
3.310000e-06	6.803427e-06	1.399233e-09	3.665395e+01	3.694869e+02
3.320000e-06	6.822055e-06	1.401719e-09	3.675431e+01	3.702048e+02
3.330000e-06	6.840064e-06	1.404950e-09	3.685134e+01	3.709025e+02
3.340000e-06	6.857444e-06	1.408164e-09	3.694497e+01	3.715801e+02
3.350000e-06	6.874474e-06	1.411095e-09	3.703672e+01	3.722380e+02
3.360000e-06	6.891170e-06	1.414330e-09	3.712667e+01	3.728763e+02
3.370000e-06	6.907378e-06	1.418160e-09	3.721399e+01	3.734954e+02
3.380000e-06	6.922944e-06	1.422413e-09	3.729786e+01	3.740956e+02
3.390000e-06	6.937859e-06	1.425863e-09	3.737821e+01	3.746772e+02
3.400000e-06	6.952300e-06	1.429167e-09	3.745601e+01	3.752405e+02
3.410000e-06	6.966179e-06	1.433751e-09	3.753079e+01	3.757857e+02
3.420000e-06	6.979509e-06	1.438058e-09	3.760260e+01	3.763131e+02
3.430000e-06	6.992380e-06	1.441236e-09	3.767194e+01	3.768229e+02
3.440000e-06	7.004754e-06	1.443470e-09	3.773861e+01	3.773150e+02
3.450000e-06	7.016596e-06	1.445268e-09	3.780241e+01	3.777895e+02
3.460000e-06	7.027879e-06	1.448240e-09	3.786320e+01	3.782463e+02
3.470000e-06	7.038507e-06	1.451507e-09	3.792046e+01	3.786854e+02
3.480000e-06	7.048391e-06	1.453599e-09	3.797371e+01	3.791064e+02
3.490000e-06	7.057510e-06	1.454892e-09	3.802284e+01	3.795092e+02
3.500000e-06	7.066014e-06	1.456709e-09	3.806866e+01	3.798933e+02
3.510000e-06	7.074082e-06	1.459004e-09	3.811212e+01	3.802585e+02
3.520000e-06	7.081786e-06	1.460236e-09	3.815363e+01	3.806044e+02
3.530000e-06	7.089131e-06	1.461514e-09	3.819320e+01	3.809304e+02
3.540000e-06	7.095974e-06	1.463972e-09	3.823007e+01	3.812363e+02
3.550000e-06	7.102321e-06	1.466290e-09	3.826426e+01	3.815216e+02
3.560000e-06	7.108105e-06	1.468687e-09	3.829542e+01	3.817860e+02
3.570000e-06	7.113317e-06	1.470643e-09	3.832350e+01	3.820291e+02
3.580000e-06	7.118066e-06	1.472476e-09	3.834909e+01	3.822508e+02
3.590000e-06	7.122381e-06	1.474860e-09	3.837234e+01	3.824509e+02
3.600000e-06	7.126334e-06	1.476938e-09	3.839364e+01	3.826294e+02
3.610000e-06	7.129882e-06	1.478650e-09	3.841275e+01	3.827864e+02
3.620000e-06	7.132940e-06	1.481033e-09	3.842922e+01	3.829221e+02
3.630000e-06	7.135419e-06	1.482822e-09	3.844258e+01	3.830368e+02
3.640000e-06	7.137147e-06	1.482982e-09	3.845189e+01	3.831311e+02
3.650000e-06	7.138175e-06	1.482926e-09	3.845743e+01	3.832055e+02
3.660000e-06	7.138653e-06	1.484117e-09	3.846000e+01	3.832608e+02
3.670000e-06	7.138556e-06	1.485710e-09	3.845948e+01	3.832978e+02
3.680000e-06	7.138077e-06	1.486445e-09	3.845690e+01	3.833177e+02
3.690000e-06	7.137262e-06	1.487780e-09	3.845251e+01	3.833215e+02
3.700000e-06	7.136006e-06	1.489225e-09	3.844574e+01	3.833104e+02
3.710000e-06	7.134340e-06	1.490058e-09	3.843677e+01	3.832857e+02
3.720000e-06	7.132224e-06	1.489984e-09	3.842536e+01	3.832487e+02
3.730000e-06	7.129486e-06	1.488520e-09	3.841062e+01	3.832009e+02
3.740000e-06	7.126328e-06	1.488177e-09	3.839360e+01	3.831435e+02
3.750000e-06	7.122848e-06	1.494933e-09	3.837485e+01	3.830780e+02
3.760000e-06	7.118718e-06	1.497744e-09	3.835260e+01	3.830056e+02
3.770000e-06	7.113744e-06	1.480208e-09	3.832580e+01	3.829277e+02
3.780000e-06	7.107960e-06	1.490132e-09	3.829464e+01	3.828453e+02
3.790000e-06	7.101622e-06	1.515536e-09	3.826050e+01	3.827595e+02
3.800000e-06	7.095035e-06	1.489666e-09	3.822501e+01	3.826713e+02
3.810000e-06	7.088075e-06	1.460570e-09	3.818751e+01	3.825814e+02
3.820000e-06	7.080533e-06	1.489921e-09	3.814688e+01	3.824904e+02
3.830000e-06	7.072698e-06	1.525707e-09	3.810466e+01	3.823987e+02
3.840000e-06	7.064466e-06	1.494027e-09	3.806032e+01	3.823065e+02
3.850000e-06	7.055525e-06	1.449814e-09	3.801214e+01	3.822140e+02
3.860000e-06	7.046005e-06	1.491002e-09	3.796085e+01	3.821209e+02
3.870000e-06	7.036180e-06	1.540845e-09	3.790792e+01	3.820268e+02
3.880000e-06	7.026071e-06	1.483846e-09	3.785346e+01	3.819313e+02
3.890000e-06	7.015511e-06	1.433964e-09	3.779657e+01	3.818336e+02
3.900000e-06	7.004326e-06	1.505953e-09	3.773631e+01	3.817329e+02
3.910000e-06	6.992451e-06	1.554563e-09	3.767233e+01	3.816281e+02
3.920000e-06	6.979993e-06	1.474794e-09	3.760521e+01	3.815180e+02
3.930000e-06	6.966886e-06	1.443895e-09	3.753460e+01	3.814015e+02
3.940000e-06	6.952890e-06	1.532227e-09	3.745919e+01	3.812770e+02
3.950000e-06	6.938069e-06	1.540351e-09	3.737934e+01	3.811433e+02
3.960000e-06	6.922595e-06	1.455361e-09	3.729597e+01	3.809988e+02
3.970000e-06	6.906699e-06	1.482830e-09	3.721033e+01	3.808422e+02
3.980000e-06	6.890528e-06	1.561997e-09	3.712321e+01	3.806718e+02
3.990000e-06	6.873938e-06	1.505506e-09	3.703383e+01	3.804863e+02
4.000000e-06	6.856871e-06	1.452448e-09	3.694188e+01	3.802844e+02
4.010000e-06	6.839382e-06	1.529694e-09	3.684766e+01	3.800648e+02
4.020000e-06	6.821434e-06	1.544608e-09	3.675096e+01	3.798263e+02
4.030000e-06	6.802886e-06	1.459296e-09	3.665103e+01	3.795677e+02
4.040000e-06	6.783879e-06	1.485605e-09	3.654863e+01	3.792883e+02
4.050000e-06	6.764436e-06	1.561721e-09	3.644388e+01	3.789872e+02
4.060000e-06	6.744532e-06	1.500840e-09	3.633665e+01	3.786638e+02
4.070000e-06	6.724380e-06	1.455927e-09	3.622808e+01	3.783176e+02
4.080000e-06	6.703801e-06	1.530780e-09	3.611720e+01	3.779482e+02
4.090000e-06	6.682606e-06	1.528184e-09	3.600302e+01	3.775556e+02
4.100000e-06	6.660729e-06	1.459774e-09	3.588515e+01	3.771396e+02
4.110000e-06	6.638088e-06	1.498318e-09	3.576317e+01	3.767005e+02
4.120000e-06	6.614912e-06	1.533052e-09	3.563831e+01	3.762385e+02
4.130000e-06	6.591369e-06	1.473935e-09	3.551147e+01	3.757539e+02
4.140000e-06	6.567397e-06	1.475954e-09	3.538232e+01	3.752472e+02
4.150000e-06	6.543083e-06	1.520701e-09	3.525132e+01	3.747191e+02
4.160000e-06	6.518287e-06	1.481848e-09	3.511774e+01	3.741701e+02
4.170000e-06	6.492927e-06	1.465022e-09	3.498111e+01	3.736010e+02
4.180000e-06	6.467199e-06	1.511370e-09	3.484249e+01	3.730126e+02
4.190000e-06	6.440995e-06	1.493680e-09	3.470132e+01	3.724057e+02
4.200000e-06	6.414201e-06	1.465000e-09	3.455697e+01	3.717809e+02
4.210000e-06	6.386912e-06	1.497934e-09	3.440994e+01	3.711391e+02
4.220000e-06	6.359249e-06	1.490617e-09	3.426091e+01	3.704811e+02
4.230000e-06	6.331273e-06	1.460499e-09	3.411018e+01	3.698076e+02
4.240000e-06	6.302999e-06	1.486998e-09	3.395786e+01	3.691192e+02
4.250000e-06	6.274306e-06	1.488707e-09	3.380327e+01	3.684165e+02
4.260000e-06	6.245090e-06	1.457067e-09	3.364587e+01	3.677002e+02
4.270000e-06	6.215375e-06	1.474715e-09	3.348578e+01	3.669707e+02
4.280000e-06	6.185046e-06	1.483935e-09	3.332237e+01	3.662284e+02
4.290000e-06	6.154020e-06	1.454734e-09	3.315522e+01	3.654737e+02
4.300000e-06	6.122427e-06	1.463445e-09	3.298501e+01	3.647068e+02
4.310000e-06	6.090424e-06	1.476319e-09	3.281259e+01	3.639279e+02
4.320000e-06	6.058163e-06	1.452767e-09	3.263879e+01	3.631372e+02
4.330000e-06	6.025630e-06	1.455881e-09	3.246351e+01	3.623346e+02
4.340000e-06	5.992577e-06	1.469466e-09	3.228544e+01	3.615203e+02
4.350000e-06	5.958977e-06	1.449029e-09	3.210441e+01	3.606940e+02
4.360000e-06	5.925037e-06	1.443985e-09	3.192156e+01	3.598558e+02
4.370000e-06	5.890697e-06	1.456553e-09	3.173655e+01	3.590055e+02
4.380000e-06	5.855909e-06	1.444832e-09	3.154913e+01	3.581429e+02
4.390000e-06	5.820701e-06	1.438940e-09	3.135944e+01	3.572678e+02
4.400000e-06	5.785013e-06	1.448333e-09	3.116717e+01	3.563799e+02
4.410000e-06	5.749075e-06	1.440129e-09	3.097355e+01	3.554791e+02
4.420000e-06	5.713010e-06	1.432249e-09	3.077925e+01	3.545650e+02
4.430000e-06	5.676536e-06	1.436815e-09	3.058274e+01	3.536373e+02
4.440000e-06	5.639716e-06	1.430830e-09	3.038437e+01	3.526958e+02
4.450000e-06	5.602362e-06	1.422155e-09	3.018312e+01	3.517402e+02
4.460000e-06	5.564146e-06	1.423495e-09	2.997723e+01	3.507702e+02
4.470000e-06	5.525316e-06	1.421557e-09	2.976803e+01	3.497854e+02
4.480000e-06	5.486049e-06	1.415441e-09	2.955648e+01	3.487856e+02
4.490000e-06	5.446400e-06	1.412662e-09	2.934287e+01	3.477703e+02
4.500000e-06	5.406429e-06	1.408952e-09	2.912752e+01	3.467392e+02
4.510000e-06	5.366181e-06	1.405380e-09	2.891068e+01	3.456919e+02
4.520000e-06	5.325585e-06	1.403926e-09	2.869197e+01	3.446281e+02
4.530000e-06	5.284534e-06	1.400270e-09	2.847081e+01	3.435472e+02
4.540000e-06	5.243180e-06	1.396323e-09	2.824801e+01	3.424488e+02
4.550000e-06	5.201643e-06	1.392600e-09	2.802422e+01	3.413325e+02
4.560000e-06	5.159781e-06	1.386903e-09	2.779869e+01	3.401975e+02
4.570000e-06	5.117431e-06	1.383199e-09	2.757052e+01	3.390434e+02
4.580000e-06	5.074691e-06	1.381260e-09	2.734026e+01	3.378696e+02
4.590000e-06	5.031573e-06	1.377038e-09	2.710796e+01	3.366754e+02
4.600000e-06	4.988038e-06	1.373334e-09	2.687341e+01	3.354600e+02
4.610000e-06	4.944257e-06	1.370525e-09	2.663754e+01	3.342229e+02
4.620000e-06	4.900288e-06	1.364894e-09	2.640065e+01	3.329632e+02
4.630000e-06	4.856224e-06	1.358637e-09	2.616325e+01	3.316803e+02
4.640000e-06	4.811860e-06	1.353857e-09	2.592424e+01	3.303732e+02
4.650000e-06	4.766944e-06	1.349286e-09	2.568225e+01	3.290413e+02
4.660000e-06	4.721612e-06	1.344188e-09	2.543802e+01	3.276839e+02
4.670000e-06	4.675956e-06	1.339594e-09	2.519205e+01	3.263001e+02
4.680000e-06	4.630071e-06	1.334630e-09	2.494484e+01	3.248892e+02
4.690000e-06	4.583791e-06	1.328441e-09	2.469550e+01	3.234505e+02
4.700000e-06	4.537140e-06	1.322512e-09	2.444417e+01	3.219835e+02
4.710000e-06	4.490294e-06	1.317651e-09	2.419178e+01	3.204875e+02
4.720000e-06	4.443147e-06	1.313344e-09	2.393777e+01	3.189620e+02
4.730000e-06	4.395699e-06	1.309634e-09	2.368214e+01	3.174065e+02
4.740000e-06	4.347827e-06	1.305390e-09	2.342423e+01	3.158207e+02
4.750000e-06	4.299608e-06	1.300452e-09	2.316445e+01	3.142043e+02
4.760000e-06	4.251089e-06	1.295507e-09	2.290305e+01	3.125570e+02
4.770000e-06	4.202187e-06	1.289482e-09	2.263958e+01	3.108788e+02
4.780000e-06	4.152993e-06	1.281746e-09	2.237455e+01	3.091695e+02
4.790000e-06	4.103389e-06	1.273935e-09	2.210730e+01	3.074292e+02
4.800000e-06	4.053397e-06	1.268263e-09	2.183796e+01	3.056581e+02
4.810000e-06	4.003144e-06	1.262668e-09	2.156723e+01	3.038563e+02
4.820000e-06	3.952659e-06	1.256061e-09	2.129523e+01	3.020241e+02
4.830000e-06	3.901821e-06	1.249124e-09	2.102134e+01	3.001617e+02
4.840000e-06	3.850680e-06	1.241451e-09	2.074581e+01	2.982696e+02
4.850000e-06	3.799324e-06	1.233331e-09	2.046913e+01	2.963481e+02
4.860000e-06	3.747707e-06	1.225838e-09	2.019104e+01	2.943976e+02
4.870000e-06	3.695888e-06	1.219456e-09	1.991186e+01	2.924186e+02
4.880000e-06	3.643838e-06	1.213067e-09	1.963144e+01	2.904113e+02
4.890000e-06	3.591465e-06	1.205966e-09	1.934927e+01	2.883763e+02
4.900000e-06	3.538741e-06	1.198608e-09	1.906522e+01	2.863138e+02
4.910000e-06	3.485591e-06	1.189794e-09	1.877887e+01	2.842242e+02
4.920000e-06	3.431900e-06	1.179799e-09	1.848961e+01	2.821077e+02
4.930000e-06	3.377769e-06	1.170237e-09	1.819797e+01	2.799645e+02
4.940000e-06	3.323368e-06	1.161583e-09	1.790488e+01	2.777947e+02
4.950000e-06	3.268593e-06	1.153884e-09	1.760978e+01	2.755984e+02
4.960000e-06	3.213404e-06	1.146163e-09	1.731244e+01	2.733755e+02
4.970000e-06	3.158028e-06	1.138522e-09	1.701410e+01	2.711258e+02
4.980000e-06	3.102414e-06	1.130603e-09	1.671448e+01	2.688491e+02
4.990000e-06	3.046579e-06	1.121189e-09	1.641366e+01	2.665451e+02
5.000000e-06	2.990604e-06	1.111245e-09	1.611209e+01	2.642134e+02
5.010000e-06	2.934434e-06	1.101692e-09	1.580947e+01	2.618536e+02
5.020000e-06	2.878192e-06	1.092001e-09	1.550647e+01	2.594649e+02
5.030000e-06	2.821920e-06	1.080952e-09	1.520329e+01	2.570469e+02
5.040000e-06	2.765462e-06	1.069465e-09	1.489912e+01	2.545988e+02
5.050000e-06	2.708887e-06	1.058772e-09	1.459432e+01	2.521198e+02
5.060000e-06	2.652093e-06	1.048089e-09	1.428834e+01	2.496092e+02
5.070000e-06	2.594970e-06	1.037299e-09	1.398059e+01	2.470662e+02
5.080000e-06	2.537726e-06	1.027075e-09	1.367218e+01	2.444899e+02
5.090000e-06	2.480308e-06	1.017279e-09	1.336284e+01	2.418793e+02
5.100000e-06	2.422645e-06	1.006395e-09	1.305218e+01	2.392337e+02
5.110000e-06	2.364877e-06	9.942004e-10	1.274095e+01	2.365521e+02
5.120000e-06	2.306965e-06	9.815577e-10	1.242894e+01	2.338336e+02
5.130000e-06	2.248865e-06	9.694471e-10	1.211592e+01	2.310773e+02
5.140000e-06	2.190680e-06	9.585020e-10	1.180244e+01	2.282823e+02
5.150000e-06	2.132398e-06	9.475592e-10	1.148845e+01	2.254477e+02
5.160000e-06	2.073893e-06	9.350915e-10	1.117325e+01	2.225725e+02
5.170000e-06	2.014937e-06	9.227940e-10	1.085561e+01	2.196559e+02
5.180000e-06	1.955732e-06	9.115573e-10	1.053665e+01	2.166968e+02
5.190000e-06	1.896634e-06	8.996178e-10	1.021825e+01	2.136943e+02
5.200000e-06	1.837414e-06	8.867051e-10	9.899198e+00	2.106473e+02
5.210000e-06	1.778005e-06	8.734291e-10	9.579127e+00	2.075548e+02
5.220000e-06	1.718591e-06	8.600446e-10	9.259030e+00	2.044156e+02
5.230000e-06	1.659043e-06	8.469571e-10	8.938212e+00	2.012286e+02
5.240000e-06	1.599330e-06	8.343769e-10	8.616507e+00	1.979924e+02
5.250000e-06	1.539515e-06	8.205841e-10	8.294246e+00	1.947058e+02
5.260000e-06	1.479678e-06	8.061020e-10	7.971870e+00	1.913671e+02
5.270000e-06	1.419802e-06	7.924297e-10	7.649287e+00	1.879749e+02
5.280000e-06	1.359751e-06	7.790026e-10	7.325757e+00	1.845274e+02
5.290000e-06	1.299571e-06	7.654442e-10	7.001532e+00	1.810229e+02
5.300000e-06	1.239381e-06	7.502394e-10	6.677252e+00	1.774595e+02
5.310000e-06	1.179182e-06	7.330348e-10	6.352930e+00	1.738352e+02
5.320000e-06	1.118953e-06	7.163005e-10	6.028437e+00	1.701480e+02
5.330000e-06	1.058739e-06	7.007621e-10	5.704030e+00	1.663956e+02
5.340000e-06	9.985570e-07	6.857463e-10	5.379797e+00	1.625758e+02
5.350000e-06	9.383398e-07	6.712083e-10	5.055372e+00	1.586865e+02
5.360000e-06	8.780497e-07	6.557346e-10	4.730555e+00	1.547254e+02
5.370000e-06	8.175938e-07	6.385766e-10	4.404845e+00	1.506902e+02
5.380000e-06	7.569442e-07	6.213710e-10	4.078091e+00	1.465787e+02
5.390000e-06	6.963647e-07	6.043703e-10	3.751714e+00	1.423890e+02
5.400000e-06	6.358443e-07	5.866060e-10	3.425656e+00	1.381190e+02
5.410000e-06	5.753423e-07	5.689830e-10	3.099698e+00	1.337669e+02
5.420000e-06	5.146625e-07	5.514457e-10	2.772781e+00	1.293313e+02
5.430000e-06	4.537886e-07	5.328866e-10	2.444818e+00	1.248107e+02
5.440000e-06	3.930054e-07	5.136494e-10	2.117345e+00	1.202041e+02
5.450000e-06	3.322390e-07	4.942048e-10	1.789961e+00	1.155109e+02
5.460000e-06	2.714310e-07	4.747920e-10	1.462354e+00	1.107306e+02
5.470000e-06	2.106653e-07	4.549418e-10	1.134974e+00	1.058635e+02
5.480000e-06	1.499587e-07	4.335606e-10	8.079133e-01	1.009100e+02
5.490000e-06	8.917801e-08	4.104325e-10	4.804529e-01	9.587110e+01
5.500000e-06	2.821811e-08	3.868214e-10	1.520271e-01	9.074826e+01
5.510000e-06	-3.273675e-08	3.647245e-10	-1.763716e-01	8.554346e+01
5.520000e-06	-9.357679e-08	3.432879e-10	-5.041516e-01	8.025917e+01
5.530000e-06	-1.543837e-07	3.209740e-10	-8.317531e-01	7.489840e+01
5.540000e-06	-2.150713e-07	2.985762e-10	-1.158712e+00	6.946464e+01
5.550000e-06	-2.757536e-07	2.766887e-10	-1.485642e+00	6.396189e+01
5.560000e-06	-3.365022e-07	2.547219e-10	-1.812930e+00	5.839463e+01
5.570000e-06	-3.973234e-07	2.321105e-10	-2.140608e+00	5.276779e+01
5.580000e-06	-4.581307e-07	2.082791e-10	-2.468212e+00	4.708672e+01
5.590000e-06	-5.188379e-07	1.838399e-10	-2.795276e+00	4.135715e+01
5.600000e-06	-5.795347e-07	1.598677e-10	-3.122284e+00	3.558515e+01
5.610000e-06	-6.401709e-07	1.354562e-10	-3.448966e+00	2.977708e+01
5.620000e-06	-7.007239e-07	1.105986e-10	-3.775200e+00	2.393951e+01
5.630000e-06	-7.611988e-07	8.619962e-11	-4.101013e+00	1.807920e+01
5.640000e-06	-8.216958e-07	6.163878e-11	-4.426945e+00	1.220300e+01
5.650000e-06	-8.822059e-07	3.652440e-11	-4.752947e+00	6.317845e+00
5.660000e-06	-9.426290e-07	1.190201e-11	-5.078481e+00	4.306088e-01
5.670000e-06	-1.002849e-06	-1.202702e-11	-5.402919e+00	-5.451893e+00
5.680000e-06	-1.063026e-06	-3.562659e-11	-5.727126e+00	-1.132299e+01
5.690000e-06	-1.123289e-06	-5.976609e-11	-6.051798e+00	-1.717623e+01
5.700000e-06	-1.183416e-06	-8.483405e-11	-6.375739e+00	-2.300541e+01
5.710000e-06	-1.243448e-06	-1.104158e-10	-6.699163e+00	-2.880463e+01
5.720000e-06	-1.303475e-06	-1.352175e-10	-7.022566e+00	-3.456837e+01
5.730000e-06	-1.363382e-06	-1.580950e-10	-7.345317e+00	-4.029151e+01
5.740000e-06	-1.423225e-06	-1.805108e-10	-7.667726e+00	-4.596934e+01
5.750000e-06	-1.483062e-06	-2.033424e-10	-7.990101e+00	-5.159765e+01
5.760000e-06	-1.542758e-06	-2.265665e-10	-8.311721e+00	-5.717270e+01
5.770000e-06	-1.602331e-06	-2.508085e-10	-8.632672e+00	-6.269123e+01
5.780000e-06	-1.661837e-06	-2.750290e-10	-8.953267e+00	-6.815050e+01
5.790000e-06	-1.721271e-06	-2.985081e-10	-9.273470e+00	-7.354826e+01
5.800000e-06	-1.780588e-06	-3.218798e-10	-9.593044e+00	-7.888276e+01
5.810000e-06	-1.839702e-06	-3.445591e-10	-9.911526e+00	-8.415270e+01
5.820000e-06	-1.898689e-06	-3.657535e-10	-1.022932e+01	-8.935723e+01
5.830000e-06	-1.957637e-06	-3.865800e-10	-1.054691e+01	-9.449595e+01
5.840000e-06	-2.016468e-06	-4.085854e-10	-1.086387e+01	-9.956879e+01
5.850000e-06	-2.075143e-06	-4.310517e-10	-1.117998e+01	-1.045761e+02
5.860000e-06	-2.133681e-06	-4.528136e-10	-1.149536e+01	-1.095183e+02
5.870000e-06	-2.192019e-06	-4.742233e-10	-1.180966e+01	-1.143965e+02
5.880000e-06	-2.250088e-06	-4.948811e-10	-1.212251e+01	-1.192116e+02
5.890000e-06	-2.307923e-06	-5.143631e-10	-1.243410e+01	-1.239648e+02
5.900000e-06	-2.365615e-06	-5.341817e-10	-1.274492e+01	-1.286575e+02
5.910000e-06	-2.423277e-06	-5.547656e-10	-1.305558e+01	-1.332910e+02
5.920000e-06	-2.480778e-06	-5.745877e-10	-1.336537e+01	-1.378669e+02
5.930000e-06	-2.538041e-06	-5.931698e-10	-1.367388e+01	-1.423864e+02
5.940000e-06	-2.595071e-06	-6.120114e-10	-1.398113e+01	-1.468509e+02
5.950000e-06	-2.651863e-06	-6.310955e-10	-1.428710e+01	-1.512617e+02
5.960000e-06	-2.708527e-06	-6.492040e-10	-1.459238e+01	-1.556198e+02
5.970000e-06	-2.765009e-06	-6.676924e-10	-1.489668e+01	-1.599264e+02
5.980000e-06	-2.821400e-06	-6.863966e-10	-1.520049e+01	-1.641822e+02
5.990000e-06	-2.877729e-06	-7.043400e-10	-1.550397e+01	-1.683879e+02
6.000000e-06	-2.933890e-06	-7.217546e-10	-1.580654e+01	-1.725439e+02
6.010000e-06	-2.989938e-06	-7.385649e-10	-1.610850e+01	-1.766507e+02
6.020000e-06	-3.045836e-06	-7.551108e-10	-1.640966e+01	-1.807084e+02
6.030000e-06	-3.101462e-06	-7.715520e-10	-1.670935e+01	-1.847169e+02
6.040000e-06	-3.156734e-06	-7.885509e-10	-1.700713e+01	-1.886761e+02
6.050000e-06	-3.211661e-06	-8.057836e-10	-1.730306e+01	-1.925857e+02
6.060000e-06	-3.266290e-06	-8.216775e-10	-1.759737e+01	-1.964453e+02
6.070000e-06	-3.320599e-06	-8.367456e-10	-1.788997e+01	-2.002544e+02
6.080000e-06	-3.374604e-06	-8.515033e-10	-1.818092e+01	-2.040124e+02
6.090000e-06	-3.428275e-06	-8.656366e-10	-1.847008e+01	-2.077188e+02
6.100000e-06	-3.481476e-06	-8.806722e-10	-1.875670e+01	-2.113729e+02
6.110000e-06	-3.534373e-06	-8.971237e-10	-1.904168e+01	-2.149741e+02
6.120000e-06	-3.587021e-06	-9.131337e-10	-1.932533e+01	-2.185218e+02
6.130000e-06	-3.639385e-06	-9.285345e-10	-1.960745e+01	-2.220156e+02
6.140000e-06	-3.691530e-06	-9.439547e-10	-1.988838e+01	-2.254549e+02
6.150000e-06	-3.743408e-06	-9.584172e-10	-2.016788e+01	-2.288395e+02
6.160000e-06	-3.794945e-06	-9.711501e-10	-2.044554e+01	-2.321691e+02
6.170000e-06	-3.846143e-06	-9.835222e-10	-2.072137e+01	-2.354435e+02
6.180000e-06	-3.897014e-06	-9.971060e-10	-2.099544e+01	-2.386627e+02
6.190000e-06	-3.947584e-06	-1.010934e-09	-2.126789e+01	-2.418269e+02
6.200000e-06	-3.997997e-06	-1.023809e-09	-2.153949e+01	-2.449362e+02
6.210000e-06	-4.048068e-06	-1.036335e-09	-2.180926e+01	-2.479909e+02
6.220000e-06	-4.097648e-06	-1.049852e-09	-2.207637e+01	-2.509916e+02
6.230000e-06	-4.146864e-06	-1.063297e-09	-2.234153e+01	-2.539388e+02
6.240000e-06	-4.195844e-06	-1.074884e-09	-2.260541e+01	-2.568331e+02
6.250000e-06	-4.244464e-06	-1.085633e-09	-2.286735e+01	-2.596751e+02
6.260000e-06	-4.292701e-06	-1.096723e-09	-2.312723e+01	-2.624657e+02
6.270000e-06	-4.340456e-06	-1.108308e-09	-2.338452e+01	-2.652055e+02
6.280000e-06	-4.387573e-06	-1.119316e-09	-2.363836e+01	-2.678955e+02
6.290000e-06	-4.434459e-06	-1.129338e-09	-2.389096e+01	-2.705362e+02
6.300000e-06	-4.481197e-06	-1.140630e-09	-2.414277e+01	-2.731286e+02
6.310000e-06	-4.527509e-06	-1.152020e-09	-2.439228e+01	-2.756734e+02
6.320000e-06	-4.573529e-06	-1.162503e-09	-2.464022e+01	-2.781711e+02
6.330000e-06	-4.619362e-06	-1.173588e-09	-2.488714e+01	-2.806225e+02
6.340000e-06	-4.664923e-06	-1.183800e-09	-2.513261e+01	-2.830280e+02
6.350000e-06	-4.710068e-06	-1.191804e-09	-2.537583e+01	-2.853881e+02
6.360000e-06	-4.754895e-06	-1.199519e-09	-2.561734e+01	-2.877032e+02
6.370000e-06	-4.799533e-06	-1.208510e-09	-2.585783e+01	-2.899736e+02
6.380000e-06	-4.843872e-06	-1.217764e-09	-2.609671e+01	-2.921995e+02
6.390000e-06	-4.887965e-06	-1.226755e-09	-2.633426e+01	-2.943810e+02
6.400000e-06	-4.931815e-06	-1.235722e-09	-2.657051e+01	-2.965183e+02
6.410000e-06	-4.975355e-06	-1.243875e-09	-2.680508e+01	-2.986113e+02
6.420000e-06	-5.018602e-06	-1.251313e-09	-2.703808e+01	-3.006601e+02
6.430000e-06	-5.061545e-06	-1.259681e-09	-2.726944e+01	-3.026647e+02
6.440000e-06	-5.104213e-06	-1.268881e-09	-2.749931e+01	-3.046250e+02
6.450000e-06	-5.146519e-06	-1.277613e-09	-2.772724e+01	-3.065412e+02
6.460000e-06	-5.188369e-06	-1.286178e-09	-2.795271e+01	-3.084132e+02
6.470000e-06	-5.229812e-06	-1.294630e-09	-2.817599e+01	-3.102412e+02
6.480000e-06	-5.270920e-06	-1.301949e-09	-2.839746e+01	-3.120253e+02
6.490000e-06	-5.311688e-06	-1.308254e-09	-2.861710e+01	-3.137659e+02
6.500000e-06	-5.352022e-06	-1.313475e-09	-2.883440e+01	-3.154634e+02
6.510000e-06	-5.392096e-06	-1.319138e-09	-2.905030e+01	-3.171183e+02
6.520000e-06	-5.432033e-06	-1.326360e-09	-2.926546e+01	-3.187314e+02
6.530000e-06	-5.471645e-06	-1.333596e-09	-2.947888e+01	-3.203034e+02
6.540000e-06	-5.510808e-06	-1.339728e-09	-2.968987e+01	-3.218353e+02
6.550000e-06	-5.549371e-06	-1.344418e-09	-2.989763e+01	-3.233283e+02
6.560000e-06	-5.587305e-06	-1.348819e-09	-3.010200e+01	-3.247836e+02
6.570000e-06	-5.624752e-06	-1.353516e-09	-3.030375e+01	-3.262027e+02
6.580000e-06	-5.661547e-06	-1.358886e-09	-3.050199e+01	-3.275871e+02
6.590000e-06	-5.697891e-06	-1.364758e-09	-3.069779e+01	-3.289384e+02
6.600000e-06	-5.734004e-06	-1.370350e-09	-3.089236e+01	-3.302586e+02
6.610000e-06	-5.769789e-06	-1.375425e-09	-3.108515e+01	-3.315493e+02
6.620000e-06	-5.805211e-06	-1.380493e-09	-3.127599e+01	-3.328126e+02
6.630000e-06	-5.840240e-06	-1.384824e-09	-3.146471e+01	-3.340504e+02
6.640000e-06	-5.874951e-06	-1.387430e-09	-3.165172e+01	-3.352646e+02
6.650000e-06	-5.909181e-06	-1.390981e-09	-3.183614e+01	-3.364572e+02
6.660000e-06	-5.942698e-06	-1.396488e-09	-3.201671e+01	-3.376300e+02
6.670000e-06	-5.975742e-06	-1.402319e-09	-3.219474e+01	-3.387850e+02
6.680000e-06	-6.008607e-06	-1.406760e-09	-3.237180e+01	-3.399239e+02
6.690000e-06	-6.041268e-06	-1.409722e-09	-3.254776e+01	-3.410483e+02
6.700000e-06	-6.073601e-06	-1.412417e-09	-3.272196e+01	-3.421596e+02
6.710000e-06	-6.105534e-06	-1.414801e-09	-3.289400e+01	-3.432592e+02
6.720000e-06	-6.137066e-06	-1.417283e-09	-3.306388e+01	-3.443483e+02
6.730000e-06	-6.168130e-06	-1.419237e-09	-3.323124e+01	-3.454278e+02
6.740000e-06	-6.198630e-06	-1.421487e-09	-3.339556e+01	-3.464985e+02
6.750000e-06	-6.228393e-06	-1.426466e-09	-3.355591e+01	-3.475609e+02
6.760000e-06	-6.257456e-06	-1.431711e-09	-3.371249e+01	-3.486156e+02
6.770000e-06	-6.286066e-06	-1.435496e-09	-3.386663e+01	-3.496625e+02
6.780000e-06	-6.314306e-06	-1.436691e-09	-3.401878e+01	-3.507018e+02
6.790000e-06	-6.342120e-06	-1.437078e-09	-3.416862e+01	-3.517332e+02
6.800000e-06	-6.369687e-06	-1.440852e-09	-3.431714e+01	-3.527563e+02
6.810000e-06	-6.396887e-06	-1.445965e-09	-3.446368e+01	-3.537708e+02
6.820000e-06	-6.423500e-06	-1.449932e-09	-3.460707e+01	-3.547758e+02
6.830000e-06	-6.449703e-06	-1.452050e-09	-3.474824e+01	-3.557708e+02
6.840000e-06	-6.475471e-06	-1.453160e-09	-3.488706e+01	-3.567547e+02
6.850000e-06	-6.500713e-06	-1.455045e-09	-3.502306e+01	-3.577268e+02
6.860000e-06	-6.525491e-06	-1.456629e-09	-3.515655e+01	-3.586861e+02
6.870000e-06	-6.549889e-06	-1.457953e-09	-3.528800e+01	-3.596316e+02
6.880000e-06	-6.573997e-06	-1.460817e-09	-3.541788e+01	-3.605624e+02
6.890000e-06	-6.597840e-06	-1.464593e-09	-3.554633e+01	-3.614776e+02
6.900000e-06	-6.621112e-06	-1.468801e-09	-3.567171e+01	-3.623762e+02
6.910000e-06	-6.643728e-06	-1.473188e-09	-3.579356e+01	-3.632574e+02
6.920000e-06	-6.665792e-06	-1.476148e-09	-3.591243e+01	-3.641206e+02
6.930000e-06	-6.687145e-06	-1.477657e-09	-3.602747e+01	-3.649651e+02
6.940000e-06	-6.707803e-06	-1.478492e-09	-3.613877e+01	-3.657904e+02
6.950000e-06	-6.728039e-06	-1.479954e-09	-3.624779e+01	-3.665959e+02
6.960000e-06	-6.747974e-06	-1.482090e-09	-3.635519e+01	-3.673815e+02
6.970000e-06	-6.767491e-06	-1.484056e-09	-3.646034e+01	-3.681468e+02
6.980000e-06	-6.786561e-06	-1.486802e-09	-3.656308e+01	-3.688918e+02
6.990000e-06	-6.805158e-06	-1.489750e-09	-3.666327e+01	-3.696164e+02
7.000000e-06	-6.823364e-06	-1.492457e-09	-3.676136e+01	-3.703208e+02
7.010000e-06	-6.841177e-06	-1.494165e-09	-3.685733e+01	-3.710051e+02
7.020000e-06	-6.858362e-06	-1.494551e-09	-3.694992e+01	-3.716695e+02
7.030000e-06	-6.875037e-06	-1.494767e-09	-3.703975e+01	-3.723143e+02
7.040000e-06	-6.891444e-06	-1.495096e-09	-3.712815e+01	-3.729397e+02
7.050000e-06	-6.907565e-06	-1.496831e-09	-3.721500e+01	-3.735461e+02
7.060000e-06	-6.923119e-06	-1.498860e-09	-3.729880e+01	-3.741339e+02
7.070000e-06	-6.937866e-06	-1.499628e-09	-3.737825e+01	-3.747032e+02
7.080000e-06	-6.951868e-06	-1.500002e-09	-3.745369e+01	-3.752545e+02
7.090000e-06	-6.965260e-06	-1.502044e-09	-3.752583e+01	-3.757878e+02
7.100000e-06	-6.978028e-06	-1.506222e-09	-3.759462e+01	-3.763033e+02
7.110000e-06	-6.990167e-06	-1.508741e-09	-3.766002e+01	-3.768013e+02
7.120000e-06	-7.001788e-06	-1.509167e-09	-3.772263e+01	-3.772816e+02
7.130000e-06	-7.012926e-06	-1.510248e-09	-3.778264e+01	-3.777444e+02
7.140000e-06	-7.023471e-06	-1.513345e-09	-3.783945e+01	-3.781893e+02
7.150000e-06	-7.033505e-06	-1.516082e-09	-3.789351e+01	-3.786164e+02
7.160000e-06	-7.043144e-06	-1.516566e-09	-3.794544e+01	-3.790252e+02
7.170000e-06	-7.052328e-06	-1.517188e-09	-3.799492e+01	-3.794156e+02
7.180000e-06	-7.061104e-06	-1.517414e-09	-3.804220e+01	-3.797871e+02
7.190000e-06	-7.069464e-06	-1.516465e-09	-3.808724e+01	-3.801395e+02
7.200000e-06	-7.077503e-06	-1.516435e-09	-3.813055e+01	-3.804721e+02
7.210000e-06	-7.085077e-06	-1.516839e-09	-3.817136e+01	-3.807847e+02
7.220000e-06	-7.091978e-06	-1.517693e-09	-3.820854e+01	-3.810769e+02
7.230000e-06	-7.098163e-06	-1.519178e-09	-3.824186e+01	-3.813483e+02
7.240000e-06	-7.103621e-06	-1.520153e-09	-3.827126e+01	-3.815985e+02
7.250000e-06	-7.108469e-06	-1.520186e-09	-3.829738e+01	-3.818273e+02
7.260000e-06	-7.112771e-06	-1.519406e-09	-3.832056e+01	-3.820346e+02
7.270000e-06	-7.116720e-06	-1.518815e-09	-3.834184e+01	-3.822203e+02
7.280000e-06	-7.120338e-06	-1.518736e-09	-3.836133e+01	-3.823844e+02
7.290000e-06	-7.123439e-06	-1.519528e-09	-3.837803e+01	-3.825272e+02
7.300000e-06	-7.126040e-06	-1.519619e-09	-3.839205e+01	-3.826488e+02
7.310000e-06	-7.128218e-06	-1.519120e-09	-3.840378e+01	-3.827498e+02
7.320000e-06	-7.129788e-06	-1.519682e-09	-3.841224e+01	-3.828307e+02
7.330000e-06	-7.130861e-06	-1.519494e-09	-3.841802e+01	-3.828922e+02
7.340000e-06	-7.131598e-06	-1.518832e-09	-3.842199e+01	-3.829352e+02
