# Temperatura_=_-20.7
# Concentracion g/m^3_=_7400.0
# C_Vs_to_Am_M_A/Vsm_=_254322799225.57578
# pendiente_HvsI_1/m_=_3716.3
# ordenada_HvsI_A/m_=_1297.0
# frecuencia_Hz_=_136111.25470933522

Tiempo_(s)	Campo_(V.s)	Magnetizacion_(V.s)	Campo_(kA/m)	Magnetizacion_(A/m)
0.000000e+00	-7.109990e-06	-1.169069e-09	-3.843740e+01	-2.954583e+02
1.000000e-08	-7.110070e-06	-1.168889e-09	-3.843783e+01	-2.954467e+02
2.000000e-08	-7.109677e-06	-1.168875e-09	-3.843571e+01	-2.954219e+02
3.000000e-08	-7.108631e-06	-1.169115e-09	-3.843005e+01	-2.953846e+02
4.000000e-08	-7.106813e-06	-1.168628e-09	-3.842023e+01	-2.953355e+02
5.000000e-08	-7.104361e-06	-1.167358e-09	-3.840697e+01	-2.952753e+02
6.000000e-08	-7.101340e-06	-1.167734e-09	-3.839064e+01	-2.952047e+02
7.000000e-08	-7.097880e-06	-1.176344e-09	-3.837193e+01	-2.951243e+02
8.000000e-08	-7.094085e-06	-1.175406e-09	-3.835142e+01	-2.950349e+02
9.000000e-08	-7.089552e-06	-1.133755e-09	-3.832691e+01	-2.949371e+02
1.000000e-07	-7.083939e-06	-1.109220e-09	-3.829657e+01	-2.948316e+02
1.100000e-07	-7.077815e-06	-1.195808e-09	-3.826346e+01	-2.947187e+02
1.200000e-07	-7.071796e-06	-1.239712e-09	-3.823092e+01	-2.945991e+02
1.300000e-07	-7.065420e-06	-1.131025e-09	-3.819645e+01	-2.944732e+02
1.400000e-07	-7.058221e-06	-1.070715e-09	-3.815753e+01	-2.943412e+02
1.500000e-07	-7.050534e-06	-1.198490e-09	-3.811598e+01	-2.942034e+02
1.600000e-07	-7.042789e-06	-1.261709e-09	-3.807410e+01	-2.940601e+02
1.700000e-07	-7.034635e-06	-1.087166e-09	-3.803002e+01	-2.939112e+02
1.800000e-07	-7.025638e-06	-1.031312e-09	-3.798138e+01	-2.937568e+02
1.900000e-07	-7.015621e-06	-1.226301e-09	-3.792723e+01	-2.935968e+02
2.000000e-07	-7.005203e-06	-1.278637e-09	-3.787091e+01	-2.934310e+02
2.100000e-07	-6.994611e-06	-1.075629e-09	-3.781365e+01	-2.932591e+02
2.200000e-07	-6.983223e-06	-1.042677e-09	-3.775208e+01	-2.930809e+02
2.300000e-07	-6.971208e-06	-1.217215e-09	-3.768713e+01	-2.928960e+02
2.400000e-07	-6.958804e-06	-1.206327e-09	-3.762007e+01	-2.927040e+02
2.500000e-07	-6.945878e-06	-1.060622e-09	-3.755019e+01	-2.925043e+02
2.600000e-07	-6.932258e-06	-1.119465e-09	-3.747656e+01	-2.922966e+02
2.700000e-07	-6.918217e-06	-1.222257e-09	-3.740066e+01	-2.920802e+02
2.800000e-07	-6.903475e-06	-1.127528e-09	-3.732096e+01	-2.918546e+02
2.900000e-07	-6.887503e-06	-1.084785e-09	-3.723461e+01	-2.916194e+02
3.000000e-07	-6.870914e-06	-1.184929e-09	-3.714493e+01	-2.913739e+02
3.100000e-07	-6.854172e-06	-1.150286e-09	-3.705442e+01	-2.911177e+02
3.200000e-07	-6.836997e-06	-1.047650e-09	-3.696157e+01	-2.908503e+02
3.300000e-07	-6.819434e-06	-1.152623e-09	-3.686662e+01	-2.905713e+02
3.400000e-07	-6.801509e-06	-1.228982e-09	-3.676972e+01	-2.902803e+02
3.500000e-07	-6.783008e-06	-1.079950e-09	-3.666970e+01	-2.899769e+02
3.600000e-07	-6.763847e-06	-1.043265e-09	-3.656611e+01	-2.896609e+02
3.700000e-07	-6.744254e-06	-1.188916e-09	-3.646019e+01	-2.893320e+02
3.800000e-07	-6.724453e-06	-1.161491e-09	-3.635314e+01	-2.889901e+02
3.900000e-07	-6.704381e-06	-1.043109e-09	-3.624463e+01	-2.886350e+02
4.000000e-07	-6.683849e-06	-1.113221e-09	-3.613364e+01	-2.882667e+02
4.100000e-07	-6.662802e-06	-1.173667e-09	-3.601985e+01	-2.878852e+02
4.200000e-07	-6.641218e-06	-1.081747e-09	-3.590317e+01	-2.874906e+02
4.300000e-07	-6.619196e-06	-1.082534e-09	-3.578411e+01	-2.870829e+02
4.400000e-07	-6.596889e-06	-1.151130e-09	-3.566352e+01	-2.866623e+02
4.500000e-07	-6.574103e-06	-1.092588e-09	-3.554034e+01	-2.862289e+02
4.600000e-07	-6.550844e-06	-1.060121e-09	-3.541459e+01	-2.857829e+02
4.700000e-07	-6.527253e-06	-1.140559e-09	-3.528706e+01	-2.853246e+02
4.800000e-07	-6.503270e-06	-1.125162e-09	-3.515741e+01	-2.848541e+02
4.900000e-07	-6.478835e-06	-1.048620e-09	-3.502531e+01	-2.843717e+02
5.000000e-07	-6.453763e-06	-1.085735e-09	-3.488976e+01	-2.838775e+02
5.100000e-07	-6.427775e-06	-1.122162e-09	-3.474927e+01	-2.833718e+02
5.200000e-07	-6.400990e-06	-1.072928e-09	-3.460447e+01	-2.828547e+02
5.300000e-07	-6.373687e-06	-1.071289e-09	-3.445687e+01	-2.823264e+02
5.400000e-07	-6.346043e-06	-1.104995e-09	-3.430742e+01	-2.817871e+02
5.500000e-07	-6.318196e-06	-1.078526e-09	-3.415687e+01	-2.812368e+02
5.600000e-07	-6.290010e-06	-1.061803e-09	-3.400450e+01	-2.806756e+02
5.700000e-07	-6.261327e-06	-1.085655e-09	-3.384943e+01	-2.801034e+02
5.800000e-07	-6.232273e-06	-1.076018e-09	-3.369237e+01	-2.795204e+02
5.900000e-07	-6.202845e-06	-1.054441e-09	-3.353327e+01	-2.789263e+02
6.000000e-07	-6.173023e-06	-1.068754e-09	-3.337205e+01	-2.783212e+02
6.100000e-07	-6.142721e-06	-1.075760e-09	-3.320824e+01	-2.777049e+02
6.200000e-07	-6.111878e-06	-1.060256e-09	-3.304149e+01	-2.770773e+02
6.300000e-07	-6.080631e-06	-1.053488e-09	-3.287257e+01	-2.764382e+02
6.400000e-07	-6.049125e-06	-1.053993e-09	-3.270224e+01	-2.757874e+02
6.500000e-07	-6.017429e-06	-1.048501e-09	-3.253090e+01	-2.751247e+02
6.600000e-07	-5.985432e-06	-1.046039e-09	-3.235792e+01	-2.744498e+02
6.700000e-07	-5.952829e-06	-1.046349e-09	-3.218166e+01	-2.737626e+02
6.800000e-07	-5.919423e-06	-1.043003e-09	-3.200106e+01	-2.730627e+02
6.900000e-07	-5.885247e-06	-1.033870e-09	-3.181631e+01	-2.723501e+02
7.000000e-07	-5.850459e-06	-1.027256e-09	-3.162824e+01	-2.716243e+02
7.100000e-07	-5.815224e-06	-1.027607e-09	-3.143775e+01	-2.708853e+02
7.200000e-07	-5.779673e-06	-1.026510e-09	-3.124556e+01	-2.701328e+02
7.300000e-07	-5.744049e-06	-1.017777e-09	-3.105297e+01	-2.693667e+02
7.400000e-07	-5.708183e-06	-1.014105e-09	-3.085908e+01	-2.685866e+02
7.500000e-07	-5.671802e-06	-1.016610e-09	-3.066240e+01	-2.677926e+02
7.600000e-07	-5.634818e-06	-1.013589e-09	-3.046246e+01	-2.669843e+02
7.700000e-07	-5.597396e-06	-1.005994e-09	-3.026015e+01	-2.661618e+02
7.800000e-07	-5.559679e-06	-9.998459e-10	-3.005624e+01	-2.653247e+02
7.900000e-07	-5.521516e-06	-9.948621e-10	-2.984993e+01	-2.644730e+02
8.000000e-07	-5.482845e-06	-9.933757e-10	-2.964087e+01	-2.636065e+02
8.100000e-07	-5.443872e-06	-9.936188e-10	-2.943018e+01	-2.627252e+02
8.200000e-07	-5.404639e-06	-9.891138e-10	-2.921808e+01	-2.618287e+02
8.300000e-07	-5.365051e-06	-9.819542e-10	-2.900406e+01	-2.609169e+02
8.400000e-07	-5.325247e-06	-9.768420e-10	-2.878888e+01	-2.599897e+02
8.500000e-07	-5.285169e-06	-9.747772e-10	-2.857221e+01	-2.590467e+02
8.600000e-07	-5.244649e-06	-9.706055e-10	-2.835316e+01	-2.580878e+02
8.700000e-07	-5.203801e-06	-9.632176e-10	-2.813233e+01	-2.571125e+02
8.800000e-07	-5.162699e-06	-9.568175e-10	-2.791013e+01	-2.561206e+02
8.900000e-07	-5.120980e-06	-9.549475e-10	-2.768459e+01	-2.551116e+02
9.000000e-07	-5.078420e-06	-9.535250e-10	-2.745451e+01	-2.540852e+02
9.100000e-07	-5.035144e-06	-9.495264e-10	-2.722055e+01	-2.530408e+02
9.200000e-07	-4.991532e-06	-9.429094e-10	-2.698478e+01	-2.519779e+02
9.300000e-07	-4.947854e-06	-9.366969e-10	-2.674865e+01	-2.508959e+02
9.400000e-07	-4.903986e-06	-9.318556e-10	-2.651150e+01	-2.497943e+02
9.500000e-07	-4.859722e-06	-9.268567e-10	-2.627220e+01	-2.486724e+02
9.600000e-07	-4.815076e-06	-9.202579e-10	-2.603084e+01	-2.475295e+02
9.700000e-07	-4.770198e-06	-9.143832e-10	-2.578822e+01	-2.463649e+02
9.800000e-07	-4.724986e-06	-9.102886e-10	-2.554380e+01	-2.451779e+02
9.900000e-07	-4.679381e-06	-9.074363e-10	-2.529726e+01	-2.439679e+02
1.000000e-06	-4.633523e-06	-9.025288e-10	-2.504934e+01	-2.427341e+02
1.010000e-06	-4.587351e-06	-8.952655e-10	-2.479973e+01	-2.414759e+02
1.020000e-06	-4.540877e-06	-8.879720e-10	-2.454849e+01	-2.401925e+02
1.030000e-06	-4.494179e-06	-8.816580e-10	-2.429603e+01	-2.388834e+02
1.040000e-06	-4.447066e-06	-8.768240e-10	-2.404134e+01	-2.375480e+02
1.050000e-06	-4.399582e-06	-8.726078e-10	-2.378463e+01	-2.361858e+02
1.060000e-06	-4.351884e-06	-8.668041e-10	-2.352677e+01	-2.347962e+02
1.070000e-06	-4.303854e-06	-8.608046e-10	-2.326712e+01	-2.333789e+02
1.080000e-06	-4.255509e-06	-8.559505e-10	-2.300576e+01	-2.319336e+02
1.090000e-06	-4.207011e-06	-8.501328e-10	-2.274357e+01	-2.304601e+02
1.100000e-06	-4.158153e-06	-8.434743e-10	-2.247944e+01	-2.289582e+02
1.110000e-06	-4.108713e-06	-8.366481e-10	-2.221216e+01	-2.274278e+02
1.120000e-06	-4.058687e-06	-8.302877e-10	-2.194171e+01	-2.258690e+02
1.130000e-06	-4.008160e-06	-8.236569e-10	-2.166856e+01	-2.242819e+02
1.140000e-06	-3.957235e-06	-8.168143e-10	-2.139326e+01	-2.226666e+02
1.150000e-06	-3.905993e-06	-8.098678e-10	-2.111624e+01	-2.210235e+02
1.160000e-06	-3.854590e-06	-8.026089e-10	-2.083834e+01	-2.193529e+02
1.170000e-06	-3.802889e-06	-7.957811e-10	-2.055884e+01	-2.176551e+02
1.180000e-06	-3.750802e-06	-7.900947e-10	-2.027726e+01	-2.159307e+02
1.190000e-06	-3.698385e-06	-7.836712e-10	-1.999388e+01	-2.141801e+02
1.200000e-06	-3.645605e-06	-7.767976e-10	-1.970855e+01	-2.124039e+02
1.210000e-06	-3.592671e-06	-7.695343e-10	-1.942238e+01	-2.106025e+02
1.220000e-06	-3.539640e-06	-7.625052e-10	-1.913569e+01	-2.087766e+02
1.230000e-06	-3.486343e-06	-7.560915e-10	-1.884756e+01	-2.069267e+02
1.240000e-06	-3.432801e-06	-7.487351e-10	-1.855811e+01	-2.050532e+02
1.250000e-06	-3.379020e-06	-7.405954e-10	-1.826736e+01	-2.031567e+02
1.260000e-06	-3.325046e-06	-7.328366e-10	-1.797557e+01	-2.012376e+02
1.270000e-06	-3.270874e-06	-7.250312e-10	-1.768271e+01	-1.992963e+02
1.280000e-06	-3.216363e-06	-7.181878e-10	-1.738802e+01	-1.973330e+02
1.290000e-06	-3.161604e-06	-7.122422e-10	-1.709199e+01	-1.953481e+02
1.300000e-06	-3.106579e-06	-7.046806e-10	-1.679452e+01	-1.933415e+02
1.310000e-06	-3.051291e-06	-6.955813e-10	-1.649562e+01	-1.913134e+02
1.320000e-06	-2.995905e-06	-6.867040e-10	-1.619620e+01	-1.892637e+02
1.330000e-06	-2.940377e-06	-6.773789e-10	-1.589601e+01	-1.871923e+02
1.340000e-06	-2.884693e-06	-6.683354e-10	-1.559498e+01	-1.850988e+02
1.350000e-06	-2.828884e-06	-6.601730e-10	-1.529326e+01	-1.829831e+02
1.360000e-06	-2.772938e-06	-6.519943e-10	-1.499082e+01	-1.808445e+02
1.370000e-06	-2.716914e-06	-6.446254e-10	-1.468794e+01	-1.786827e+02
1.380000e-06	-2.660707e-06	-6.382914e-10	-1.438408e+01	-1.764969e+02
1.390000e-06	-2.604286e-06	-6.317644e-10	-1.407906e+01	-1.742865e+02
1.400000e-06	-2.547749e-06	-6.230984e-10	-1.377342e+01	-1.720507e+02
1.410000e-06	-2.490942e-06	-6.135375e-10	-1.346631e+01	-1.697888e+02
1.420000e-06	-2.433834e-06	-6.049948e-10	-1.315758e+01	-1.675000e+02
1.430000e-06	-2.376468e-06	-5.969106e-10	-1.284745e+01	-1.651832e+02
1.440000e-06	-2.318762e-06	-5.879073e-10	-1.253549e+01	-1.628376e+02
1.450000e-06	-2.260840e-06	-5.789453e-10	-1.222236e+01	-1.604624e+02
1.460000e-06	-2.202630e-06	-5.698240e-10	-1.190766e+01	-1.580567e+02
1.470000e-06	-2.144000e-06	-5.608300e-10	-1.159070e+01	-1.556195e+02
1.480000e-06	-2.085088e-06	-5.532059e-10	-1.127222e+01	-1.531501e+02
1.490000e-06	-2.026028e-06	-5.439308e-10	-1.095294e+01	-1.506477e+02
1.500000e-06	-1.966777e-06	-5.315574e-10	-1.063262e+01	-1.481114e+02
1.510000e-06	-1.907390e-06	-5.203052e-10	-1.031156e+01	-1.455406e+02
1.520000e-06	-1.847967e-06	-5.105628e-10	-9.990314e+00	-1.429347e+02
1.530000e-06	-1.788484e-06	-4.996277e-10	-9.668742e+00	-1.402931e+02
1.540000e-06	-1.728943e-06	-4.880395e-10	-9.346857e+00	-1.376154e+02
1.550000e-06	-1.669371e-06	-4.779727e-10	-9.024806e+00	-1.349010e+02
1.560000e-06	-1.609715e-06	-4.699309e-10	-8.702298e+00	-1.321498e+02
1.570000e-06	-1.549977e-06	-4.610684e-10	-8.379351e+00	-1.293613e+02
1.580000e-06	-1.490194e-06	-4.502171e-10	-8.056157e+00	-1.265355e+02
1.590000e-06	-1.430305e-06	-4.379600e-10	-7.732388e+00	-1.236722e+02
1.600000e-06	-1.370350e-06	-4.255407e-10	-7.408266e+00	-1.207714e+02
1.610000e-06	-1.310320e-06	-4.144170e-10	-7.083735e+00	-1.178330e+02
1.620000e-06	-1.250220e-06	-4.045117e-10	-6.758828e+00	-1.148571e+02
1.630000e-06	-1.190009e-06	-3.945438e-10	-6.433320e+00	-1.118439e+02
1.640000e-06	-1.129729e-06	-3.833360e-10	-6.107442e+00	-1.087935e+02
1.650000e-06	-1.069394e-06	-3.718085e-10	-5.781262e+00	-1.057061e+02
1.660000e-06	-1.008928e-06	-3.606397e-10	-5.454377e+00	-1.025819e+02
1.670000e-06	-9.484139e-07	-3.493537e-10	-5.127231e+00	-9.942114e+01
1.680000e-06	-8.879875e-07	-3.373979e-10	-4.800560e+00	-9.622420e+01
1.690000e-06	-8.276821e-07	-3.244591e-10	-4.474542e+00	-9.299133e+01
1.700000e-06	-7.672403e-07	-3.107362e-10	-4.147787e+00	-8.972285e+01
1.710000e-06	-7.066475e-07	-2.981258e-10	-3.820216e+00	-8.641910e+01
1.720000e-06	-6.459079e-07	-2.878071e-10	-3.491850e+00	-8.308045e+01
1.730000e-06	-5.850030e-07	-2.769634e-10	-3.162592e+00	-7.970725e+01
1.740000e-06	-5.241662e-07	-2.645852e-10	-2.833701e+00	-7.629992e+01
1.750000e-06	-4.633120e-07	-2.524838e-10	-2.504716e+00	-7.285886e+01
1.760000e-06	-4.024507e-07	-2.403644e-10	-2.175693e+00	-6.938451e+01
1.770000e-06	-3.415310e-07	-2.272655e-10	-1.846355e+00	-6.587737e+01
1.780000e-06	-2.805604e-07	-2.132889e-10	-1.516741e+00	-6.233794e+01
1.790000e-06	-2.196610e-07	-1.989785e-10	-1.187512e+00	-5.876679e+01
1.800000e-06	-1.586390e-07	-1.854951e-10	-8.576202e-01	-5.516454e+01
1.810000e-06	-9.759347e-08	-1.731323e-10	-5.276012e-01	-5.153188e+01
1.820000e-06	-3.659037e-08	-1.621836e-10	-1.978116e-01	-4.786954e+01
1.830000e-06	2.436965e-08	-1.505847e-10	1.317450e-01	-4.417836e+01
1.840000e-06	8.523902e-08	-1.368282e-10	4.608117e-01	-4.045926e+01
1.850000e-06	1.461542e-07	-1.233861e-10	7.901257e-01	-3.671323e+01
1.860000e-06	2.072400e-07	-1.102224e-10	1.120362e+00	-3.294138e+01
1.870000e-06	2.684922e-07	-9.566162e-11	1.451499e+00	-2.914492e+01
1.880000e-06	3.297065e-07	-8.074184e-11	1.782430e+00	-2.532515e+01
1.890000e-06	3.908039e-07	-6.751604e-11	2.112730e+00	-2.148349e+01
1.900000e-06	4.517669e-07	-5.523969e-11	2.442302e+00	-1.762148e+01
1.910000e-06	5.127152e-07	-4.232423e-11	2.771796e+00	-1.374076e+01
1.920000e-06	5.736304e-07	-2.886130e-11	3.101110e+00	-9.843065e+00
1.930000e-06	6.343982e-07	-1.494433e-11	3.429628e+00	-5.930257e+00
1.940000e-06	6.950790e-07	-9.551848e-13	3.757675e+00	-2.004284e+00
1.950000e-06	7.556659e-07	1.288769e-11	4.085214e+00	1.932812e+00
1.960000e-06	8.162290e-07	2.627918e-11	4.412625e+00	5.878903e+00
1.970000e-06	8.766623e-07	3.936680e-11	4.739334e+00	9.831788e+00
1.980000e-06	9.369217e-07	5.326437e-11	5.065104e+00	1.378920e+01
1.990000e-06	9.970998e-07	6.727975e-11	5.390433e+00	1.774883e+01
2.000000e-06	1.057257e-06	8.050230e-11	5.715651e+00	2.170831e+01
2.010000e-06	1.117455e-06	9.381912e-11	6.041089e+00	2.566526e+01
2.020000e-06	1.177697e-06	1.070390e-10	6.366761e+00	2.961729e+01
2.030000e-06	1.237902e-06	1.201946e-10	6.692237e+00	3.356201e+01
2.040000e-06	1.297925e-06	1.341181e-10	7.016729e+00	3.749702e+01
2.050000e-06	1.357786e-06	1.484875e-10	7.340343e+00	4.141998e+01
2.060000e-06	1.417557e-06	1.629155e-10	7.663473e+00	4.532858e+01
2.070000e-06	1.477285e-06	1.766212e-10	7.986367e+00	4.922057e+01
2.080000e-06	1.537006e-06	1.897376e-10	8.309228e+00	5.309373e+01
2.090000e-06	1.596621e-06	2.037027e-10	8.631509e+00	5.694597e+01
2.100000e-06	1.656198e-06	2.179075e-10	8.953591e+00	6.077524e+01
2.110000e-06	1.715796e-06	2.305502e-10	9.275785e+00	6.457960e+01
2.120000e-06	1.775383e-06	2.432702e-10	9.597921e+00	6.835721e+01
2.130000e-06	1.834825e-06	2.573292e-10	9.919270e+00	7.210634e+01
2.140000e-06	1.894134e-06	2.717436e-10	1.023990e+01	7.582534e+01
2.150000e-06	1.953360e-06	2.857783e-10	1.056008e+01	7.951269e+01
2.160000e-06	2.012471e-06	2.988873e-10	1.087964e+01	8.316700e+01
2.170000e-06	2.071540e-06	3.120570e-10	1.119898e+01	8.678695e+01
2.180000e-06	2.130328e-06	3.255974e-10	1.151679e+01	9.037137e+01
2.190000e-06	2.188803e-06	3.391916e-10	1.183292e+01	9.391917e+01
2.200000e-06	2.246998e-06	3.523642e-10	1.214752e+01	9.742938e+01
2.210000e-06	2.304779e-06	3.647110e-10	1.245989e+01	1.009011e+02
2.220000e-06	2.362252e-06	3.771177e-10	1.277060e+01	1.043336e+02
2.230000e-06	2.419426e-06	3.892574e-10	1.307969e+01	1.077262e+02
2.240000e-06	2.476261e-06	4.018469e-10	1.338694e+01	1.110783e+02
2.250000e-06	2.532918e-06	4.152755e-10	1.369324e+01	1.143893e+02
2.260000e-06	2.589500e-06	4.282564e-10	1.399913e+01	1.176589e+02
2.270000e-06	2.645925e-06	4.413603e-10	1.430417e+01	1.208866e+02
2.280000e-06	2.702106e-06	4.543681e-10	1.460789e+01	1.240722e+02
2.290000e-06	2.758093e-06	4.656860e-10	1.491056e+01	1.272155e+02
2.300000e-06	2.813926e-06	4.762697e-10	1.521240e+01	1.303162e+02
2.310000e-06	2.869636e-06	4.876274e-10	1.551357e+01	1.333743e+02
2.320000e-06	2.925166e-06	4.990330e-10	1.581377e+01	1.363897e+02
2.330000e-06	2.980490e-06	5.096563e-10	1.611286e+01	1.393624e+02
2.340000e-06	3.035728e-06	5.202694e-10	1.641149e+01	1.422924e+02
2.350000e-06	3.090839e-06	5.314019e-10	1.670942e+01	1.451799e+02
2.360000e-06	3.145677e-06	5.418437e-10	1.700588e+01	1.480250e+02
2.370000e-06	3.200233e-06	5.519760e-10	1.730081e+01	1.508279e+02
2.380000e-06	3.254472e-06	5.627863e-10	1.759404e+01	1.535888e+02
2.390000e-06	3.308426e-06	5.730068e-10	1.788572e+01	1.563080e+02
2.400000e-06	3.362252e-06	5.828014e-10	1.817671e+01	1.589859e+02
2.410000e-06	3.416047e-06	5.926887e-10	1.846753e+01	1.616229e+02
2.420000e-06	3.469673e-06	6.020468e-10	1.875744e+01	1.642193e+02
2.430000e-06	3.522954e-06	6.119122e-10	1.904548e+01	1.667758e+02
2.440000e-06	3.575970e-06	6.226884e-10	1.933209e+01	1.692928e+02
2.450000e-06	3.628774e-06	6.337097e-10	1.961756e+01	1.717709e+02
2.460000e-06	3.681253e-06	6.433960e-10	1.990126e+01	1.742107e+02
2.470000e-06	3.733431e-06	6.509122e-10	2.018335e+01	1.766129e+02
2.480000e-06	3.785395e-06	6.572135e-10	2.046427e+01	1.789782e+02
2.490000e-06	3.837036e-06	6.639309e-10	2.074344e+01	1.813073e+02
2.500000e-06	3.888376e-06	6.729537e-10	2.102099e+01	1.836010e+02
2.510000e-06	3.939314e-06	6.826649e-10	2.129637e+01	1.858600e+02
2.520000e-06	3.989752e-06	6.914013e-10	2.156904e+01	1.880851e+02
2.530000e-06	4.039667e-06	6.995288e-10	2.183889e+01	1.902771e+02
2.540000e-06	4.089073e-06	7.073282e-10	2.210598e+01	1.924368e+02
2.550000e-06	4.138207e-06	7.144300e-10	2.237161e+01	1.945650e+02
2.560000e-06	4.186985e-06	7.202905e-10	2.263531e+01	1.966624e+02
2.570000e-06	4.235289e-06	7.261949e-10	2.289644e+01	1.987297e+02
2.580000e-06	4.283215e-06	7.339654e-10	2.315554e+01	2.007677e+02
2.590000e-06	4.330979e-06	7.438931e-10	2.341376e+01	2.027771e+02
2.600000e-06	4.378587e-06	7.536493e-10	2.367113e+01	2.047584e+02
2.610000e-06	4.425858e-06	7.614078e-10	2.392668e+01	2.067122e+02
2.620000e-06	4.472768e-06	7.683531e-10	2.418028e+01	2.086390e+02
2.630000e-06	4.519326e-06	7.749068e-10	2.443198e+01	2.105393e+02
2.640000e-06	4.565777e-06	7.822281e-10	2.468310e+01	2.124135e+02
2.650000e-06	4.612017e-06	7.904343e-10	2.493308e+01	2.142618e+02
2.660000e-06	4.657773e-06	7.970995e-10	2.518044e+01	2.160846e+02
2.670000e-06	4.703157e-06	8.031646e-10	2.542579e+01	2.178820e+02
2.680000e-06	4.748224e-06	8.098432e-10	2.566943e+01	2.196542e+02
2.690000e-06	4.792916e-06	8.173789e-10	2.591104e+01	2.214011e+02
2.700000e-06	4.837289e-06	8.248516e-10	2.615093e+01	2.231230e+02
2.710000e-06	4.881386e-06	8.310024e-10	2.638932e+01	2.248196e+02
2.720000e-06	4.925247e-06	8.373040e-10	2.662644e+01	2.264909e+02
2.730000e-06	4.968996e-06	8.443494e-10	2.686295e+01	2.281368e+02
2.740000e-06	5.012511e-06	8.508374e-10	2.709819e+01	2.297572e+02
2.750000e-06	5.055601e-06	8.567033e-10	2.733114e+01	2.313519e+02
2.760000e-06	5.098174e-06	8.615223e-10	2.756130e+01	2.329208e+02
2.770000e-06	5.140126e-06	8.659565e-10	2.778809e+01	2.344636e+02
2.780000e-06	5.181462e-06	8.718134e-10	2.801156e+01	2.359802e+02
2.790000e-06	5.222352e-06	8.785399e-10	2.823262e+01	2.374705e+02
2.800000e-06	5.262837e-06	8.844943e-10	2.845149e+01	2.389343e+02
2.810000e-06	5.302923e-06	8.890585e-10	2.866819e+01	2.403717e+02
2.820000e-06	5.342636e-06	8.939171e-10	2.888289e+01	2.417824e+02
2.830000e-06	5.382124e-06	9.005330e-10	2.909636e+01	2.431667e+02
2.840000e-06	5.421404e-06	9.079371e-10	2.930872e+01	2.445245e+02
2.850000e-06	5.460274e-06	9.145459e-10	2.951885e+01	2.458560e+02
2.860000e-06	5.498682e-06	9.198437e-10	2.972649e+01	2.471613e+02
2.870000e-06	5.536684e-06	9.241225e-10	2.993194e+01	2.484407e+02
2.880000e-06	5.574290e-06	9.291146e-10	3.013524e+01	2.496945e+02
2.890000e-06	5.611504e-06	9.347253e-10	3.033642e+01	2.509231e+02
2.900000e-06	5.648341e-06	9.395630e-10	3.053557e+01	2.521269e+02
2.910000e-06	5.684746e-06	9.449990e-10	3.073237e+01	2.533064e+02
2.920000e-06	5.720857e-06	9.517302e-10	3.092759e+01	2.544620e+02
2.930000e-06	5.756737e-06	9.578765e-10	3.112156e+01	2.555944e+02
2.940000e-06	5.792273e-06	9.622292e-10	3.131368e+01	2.567042e+02
2.950000e-06	5.827615e-06	9.662529e-10	3.150474e+01	2.577919e+02
2.960000e-06	5.862549e-06	9.698231e-10	3.169359e+01	2.588583e+02
2.970000e-06	5.896827e-06	9.732936e-10	3.187891e+01	2.599039e+02
2.980000e-06	5.930448e-06	9.792846e-10	3.206067e+01	2.609294e+02
2.990000e-06	5.963400e-06	9.859050e-10	3.223881e+01	2.619354e+02
3.000000e-06	5.995791e-06	9.898654e-10	3.241392e+01	2.629226e+02
3.010000e-06	6.027693e-06	9.918636e-10	3.258638e+01	2.638916e+02
3.020000e-06	6.059391e-06	9.945189e-10	3.275775e+01	2.648428e+02
3.030000e-06	6.090843e-06	9.985879e-10	3.292778e+01	2.657769e+02
3.040000e-06	6.121860e-06	1.002864e-09	3.309546e+01	2.666944e+02
3.050000e-06	6.152511e-06	1.007150e-09	3.326116e+01	2.675956e+02
3.060000e-06	6.182679e-06	1.011759e-09	3.342425e+01	2.684809e+02
3.070000e-06	6.212354e-06	1.015868e-09	3.358468e+01	2.693508e+02
3.080000e-06	6.241665e-06	1.019179e-09	3.374314e+01	2.702055e+02
3.090000e-06	6.270519e-06	1.022007e-09	3.389913e+01	2.710452e+02
3.100000e-06	6.298855e-06	1.024660e-09	3.405231e+01	2.718702e+02
3.110000e-06	6.326883e-06	1.027914e-09	3.420384e+01	2.726805e+02
3.120000e-06	6.354725e-06	1.032852e-09	3.435435e+01	2.734763e+02
3.130000e-06	6.382305e-06	1.038748e-09	3.450345e+01	2.742577e+02
3.140000e-06	6.409569e-06	1.044176e-09	3.465085e+01	2.750248e+02
3.150000e-06	6.436217e-06	1.048198e-09	3.479491e+01	2.757774e+02
3.160000e-06	6.461957e-06	1.050613e-09	3.493406e+01	2.765157e+02
3.170000e-06	6.486822e-06	1.053092e-09	3.506849e+01	2.772396e+02
3.180000e-06	6.511033e-06	1.055183e-09	3.519937e+01	2.779491e+02
3.190000e-06	6.534879e-06	1.056684e-09	3.532829e+01	2.786442e+02
3.200000e-06	6.558479e-06	1.058844e-09	3.545587e+01	2.793250e+02
3.210000e-06	6.581624e-06	1.062079e-09	3.558099e+01	2.799912e+02
3.220000e-06	6.604136e-06	1.067686e-09	3.570270e+01	2.806431e+02
3.230000e-06	6.626193e-06	1.073175e-09	3.582194e+01	2.812807e+02
3.240000e-06	6.647908e-06	1.075963e-09	3.593934e+01	2.819039e+02
3.250000e-06	6.669232e-06	1.077100e-09	3.605462e+01	2.825129e+02
3.260000e-06	6.690062e-06	1.079337e-09	3.616722e+01	2.831078e+02
3.270000e-06	6.710385e-06	1.084464e-09	3.627709e+01	2.836886e+02
3.280000e-06	6.730337e-06	1.089245e-09	3.638496e+01	2.842555e+02
3.290000e-06	6.749970e-06	1.092129e-09	3.649109e+01	2.848088e+02
3.300000e-06	6.769235e-06	1.094010e-09	3.659524e+01	2.853484e+02
3.310000e-06	6.788046e-06	1.096404e-09	3.669693e+01	2.858747e+02
3.320000e-06	6.806276e-06	1.099700e-09	3.679549e+01	2.863877e+02
3.330000e-06	6.823911e-06	1.103044e-09	3.689083e+01	2.868877e+02
3.340000e-06	6.841007e-06	1.105423e-09	3.698325e+01	2.873747e+02
3.350000e-06	6.857710e-06	1.106998e-09	3.707354e+01	2.878491e+02
3.360000e-06	6.874132e-06	1.108451e-09	3.716233e+01	2.883108e+02
3.370000e-06	6.890076e-06	1.110637e-09	3.724852e+01	2.887600e+02
3.380000e-06	6.905360e-06	1.113971e-09	3.733115e+01	2.891967e+02
3.390000e-06	6.919993e-06	1.115619e-09	3.741025e+01	2.896211e+02
3.400000e-06	6.934069e-06	1.116946e-09	3.748635e+01	2.900330e+02
3.410000e-06	6.947587e-06	1.120706e-09	3.755943e+01	2.904324e+02
3.420000e-06	6.960592e-06	1.124555e-09	3.762974e+01	2.908193e+02
3.430000e-06	6.973187e-06	1.126333e-09	3.769783e+01	2.911935e+02
3.440000e-06	6.985288e-06	1.126530e-09	3.776325e+01	2.915549e+02
3.450000e-06	6.996921e-06	1.127600e-09	3.782614e+01	2.919032e+02
3.460000e-06	7.008083e-06	1.131788e-09	3.788648e+01	2.922381e+02
3.470000e-06	7.018414e-06	1.136437e-09	3.794233e+01	2.925595e+02
3.480000e-06	7.027821e-06	1.138483e-09	3.799318e+01	2.928669e+02
3.490000e-06	7.036500e-06	1.138468e-09	3.804010e+01	2.931601e+02
3.500000e-06	7.044596e-06	1.140309e-09	3.808387e+01	2.934387e+02
3.510000e-06	7.052368e-06	1.143903e-09	3.812589e+01	2.937023e+02
3.520000e-06	7.059955e-06	1.146359e-09	3.816690e+01	2.939507e+02
3.530000e-06	7.067095e-06	1.147784e-09	3.820551e+01	2.941835e+02
3.540000e-06	7.073634e-06	1.149312e-09	3.824086e+01	2.944004e+02
3.550000e-06	7.079632e-06	1.151768e-09	3.827328e+01	2.946011e+02
3.560000e-06	7.085156e-06	1.153951e-09	3.830314e+01	2.947854e+02
3.570000e-06	7.090276e-06	1.153935e-09	3.833083e+01	2.949532e+02
3.580000e-06	7.094877e-06	1.152738e-09	3.835570e+01	2.951042e+02
3.590000e-06	7.098941e-06	1.152712e-09	3.837767e+01	2.952385e+02
3.600000e-06	7.102683e-06	1.154589e-09	3.839790e+01	2.953561e+02
3.610000e-06	7.106203e-06	1.157251e-09	3.841693e+01	2.954571e+02
3.620000e-06	7.109194e-06	1.158191e-09	3.843310e+01	2.955415e+02
3.630000e-06	7.111538e-06	1.158435e-09	3.844577e+01	2.956097e+02
3.640000e-06	7.113203e-06	1.157947e-09	3.845477e+01	2.956620e+02
3.650000e-06	7.114016e-06	1.157531e-09	3.845916e+01	2.956986e+02
3.660000e-06	7.114170e-06	1.159360e-09	3.846000e+01	2.957202e+02
3.670000e-06	7.113942e-06	1.159583e-09	3.845877e+01	2.957272e+02
3.680000e-06	7.113429e-06	1.158560e-09	3.845599e+01	2.957202e+02
3.690000e-06	7.112559e-06	1.159559e-09	3.845129e+01	2.956997e+02
3.700000e-06	7.111184e-06	1.161866e-09	3.844385e+01	2.956666e+02
3.710000e-06	7.109246e-06	1.163213e-09	3.843338e+01	2.956213e+02
3.720000e-06	7.106932e-06	1.160538e-09	3.842087e+01	2.955647e+02
3.730000e-06	7.104315e-06	1.152224e-09	3.840672e+01	2.954975e+02
3.740000e-06	7.101135e-06	1.136502e-09	3.838953e+01	2.954203e+02
3.750000e-06	7.097394e-06	1.155218e-09	3.836931e+01	2.953338e+02
3.760000e-06	7.093182e-06	1.227574e-09	3.834654e+01	2.952388e+02
3.770000e-06	7.088012e-06	1.200293e-09	3.831858e+01	2.951357e+02
3.780000e-06	7.081852e-06	1.069937e-09	3.828528e+01	2.950253e+02
3.790000e-06	7.075597e-06	1.097764e-09	3.825147e+01	2.949079e+02
3.800000e-06	7.069500e-06	1.246838e-09	3.821851e+01	2.947840e+02
3.810000e-06	7.062661e-06	1.226307e-09	3.818154e+01	2.946540e+02
3.820000e-06	7.054760e-06	1.054157e-09	3.813882e+01	2.945181e+02
3.830000e-06	7.046473e-06	1.088842e-09	3.809402e+01	2.943766e+02
3.840000e-06	7.038163e-06	1.306515e-09	3.804910e+01	2.942296e+02
3.850000e-06	7.029315e-06	1.248694e-09	3.800126e+01	2.940770e+02
3.860000e-06	7.019608e-06	9.938032e-10	3.794879e+01	2.939189e+02
3.870000e-06	7.009469e-06	1.056342e-09	3.789397e+01	2.937550e+02
3.880000e-06	6.999197e-06	1.323289e-09	3.783844e+01	2.935852e+02
3.890000e-06	6.988325e-06	1.240747e-09	3.777967e+01	2.934092e+02
3.900000e-06	6.976612e-06	1.000156e-09	3.771634e+01	2.932266e+02
3.910000e-06	6.964533e-06	1.124763e-09	3.765104e+01	2.930370e+02
3.920000e-06	6.952093e-06	1.325900e-09	3.758379e+01	2.928399e+02
3.930000e-06	6.938696e-06	1.142132e-09	3.751137e+01	2.926349e+02
3.940000e-06	6.924312e-06	9.899217e-10	3.743360e+01	2.924214e+02
3.950000e-06	6.909368e-06	1.207418e-09	3.735281e+01	2.921990e+02
3.960000e-06	6.893786e-06	1.285445e-09	3.726858e+01	2.919670e+02
3.970000e-06	6.877658e-06	1.067520e-09	3.718139e+01	2.917250e+02
3.980000e-06	6.861333e-06	1.089402e-09	3.709313e+01	2.914724e+02
3.990000e-06	6.844718e-06	1.284562e-09	3.700331e+01	2.912088e+02
4.000000e-06	6.827450e-06	1.153564e-09	3.690996e+01	2.909337e+02
4.010000e-06	6.809615e-06	1.005324e-09	3.681354e+01	2.906468e+02
4.020000e-06	6.791487e-06	1.210011e-09	3.671554e+01	2.903475e+02
4.030000e-06	6.772934e-06	1.281812e-09	3.661524e+01	2.900358e+02
4.040000e-06	6.753645e-06	1.059299e-09	3.651096e+01	2.897112e+02
4.050000e-06	6.733932e-06	1.083661e-09	3.640439e+01	2.893736e+02
4.060000e-06	6.714027e-06	1.266283e-09	3.629678e+01	2.890230e+02
4.070000e-06	6.693775e-06	1.150765e-09	3.618730e+01	2.886591e+02
4.080000e-06	6.673206e-06	1.038636e-09	3.607610e+01	2.882820e+02
4.090000e-06	6.652205e-06	1.197983e-09	3.596256e+01	2.878918e+02
4.100000e-06	6.630380e-06	1.210250e-09	3.584458e+01	2.874884e+02
4.110000e-06	6.607600e-06	1.068326e-09	3.572143e+01	2.870721e+02
4.120000e-06	6.584131e-06	1.140615e-09	3.559455e+01	2.866429e+02
4.130000e-06	6.560177e-06	1.214373e-09	3.546505e+01	2.862011e+02
4.140000e-06	6.535927e-06	1.087367e-09	3.533395e+01	2.857469e+02
4.150000e-06	6.511475e-06	1.086415e-09	3.520176e+01	2.852804e+02
4.160000e-06	6.486610e-06	1.201004e-09	3.506734e+01	2.848019e+02
4.170000e-06	6.461212e-06	1.144245e-09	3.493003e+01	2.843116e+02
4.180000e-06	6.435461e-06	1.084310e-09	3.479082e+01	2.838097e+02
4.190000e-06	6.409267e-06	1.159404e-09	3.464921e+01	2.832965e+02
4.200000e-06	6.382488e-06	1.150694e-09	3.450445e+01	2.827719e+02
4.210000e-06	6.355128e-06	1.087414e-09	3.435653e+01	2.822363e+02
4.220000e-06	6.327308e-06	1.128513e-09	3.420613e+01	2.816896e+02
4.230000e-06	6.299253e-06	1.148740e-09	3.405446e+01	2.811320e+02
4.240000e-06	6.271012e-06	1.101443e-09	3.390179e+01	2.805635e+02
4.250000e-06	6.242388e-06	1.111822e-09	3.374705e+01	2.799841e+02
4.260000e-06	6.213289e-06	1.140007e-09	3.358973e+01	2.793937e+02
4.270000e-06	6.183601e-06	1.114402e-09	3.342924e+01	2.787923e+02
4.280000e-06	6.153230e-06	1.101812e-09	3.326505e+01	2.781798e+02
4.290000e-06	6.122128e-06	1.115516e-09	3.309691e+01	2.775559e+02
4.300000e-06	6.090339e-06	1.117226e-09	3.292505e+01	2.769207e+02
4.310000e-06	6.058092e-06	1.112524e-09	3.275072e+01	2.762738e+02
4.320000e-06	6.025597e-06	1.108867e-09	3.257505e+01	2.756151e+02
4.330000e-06	5.992920e-06	1.106147e-09	3.239839e+01	2.749443e+02
4.340000e-06	5.959687e-06	1.103971e-09	3.221874e+01	2.742612e+02
4.350000e-06	5.925861e-06	1.096880e-09	3.203587e+01	2.735656e+02
4.360000e-06	5.891814e-06	1.100196e-09	3.185181e+01	2.728572e+02
4.370000e-06	5.857528e-06	1.106764e-09	3.166645e+01	2.721358e+02
4.380000e-06	5.822730e-06	1.094864e-09	3.147833e+01	2.714013e+02
4.390000e-06	5.787449e-06	1.088551e-09	3.128760e+01	2.706533e+02
4.400000e-06	5.751765e-06	1.099689e-09	3.109469e+01	2.698917e+02
4.410000e-06	5.715732e-06	1.095583e-09	3.089989e+01	2.691163e+02
4.420000e-06	5.679553e-06	1.083382e-09	3.070430e+01	2.683270e+02
4.430000e-06	5.643095e-06	1.086094e-09	3.050720e+01	2.675235e+02
4.440000e-06	5.606231e-06	1.088110e-09	3.030791e+01	2.667057e+02
4.450000e-06	5.568873e-06	1.081566e-09	3.010595e+01	2.658735e+02
4.460000e-06	5.530760e-06	1.077338e-09	2.989991e+01	2.650267e+02
4.470000e-06	5.491901e-06	1.073446e-09	2.968983e+01	2.641651e+02
4.480000e-06	5.452405e-06	1.068590e-09	2.947631e+01	2.632887e+02
4.490000e-06	5.412553e-06	1.068047e-09	2.926087e+01	2.623973e+02
4.500000e-06	5.372491e-06	1.069363e-09	2.904429e+01	2.614907e+02
4.510000e-06	5.332185e-06	1.068508e-09	2.882639e+01	2.605686e+02
4.520000e-06	5.291630e-06	1.062645e-09	2.860714e+01	2.596309e+02
4.530000e-06	5.250719e-06	1.055589e-09	2.838597e+01	2.586773e+02
4.540000e-06	5.209435e-06	1.053354e-09	2.816279e+01	2.577075e+02
4.550000e-06	5.167819e-06	1.051643e-09	2.793781e+01	2.567212e+02
4.560000e-06	5.125899e-06	1.046768e-09	2.771118e+01	2.557180e+02
4.570000e-06	5.083594e-06	1.043607e-09	2.748248e+01	2.546974e+02
4.580000e-06	5.040890e-06	1.042254e-09	2.725162e+01	2.536591e+02
4.590000e-06	4.997749e-06	1.041003e-09	2.701839e+01	2.526024e+02
4.600000e-06	4.954202e-06	1.037033e-09	2.678297e+01	2.515269e+02
4.610000e-06	4.910357e-06	1.029159e-09	2.654594e+01	2.504319e+02
4.620000e-06	4.866271e-06	1.023061e-09	2.630760e+01	2.493168e+02
4.630000e-06	4.821971e-06	1.021947e-09	2.606811e+01	2.481809e+02
4.640000e-06	4.777473e-06	1.020227e-09	2.582756e+01	2.470237e+02
4.650000e-06	4.732683e-06	1.015418e-09	2.558541e+01	2.458442e+02
4.660000e-06	4.687549e-06	1.008024e-09	2.534141e+01	2.446420e+02
4.670000e-06	4.642011e-06	1.000996e-09	2.509523e+01	2.434162e+02
4.680000e-06	4.596101e-06	9.957509e-10	2.484704e+01	2.421662e+02
4.690000e-06	4.549914e-06	9.925120e-10	2.459734e+01	2.408913e+02
4.700000e-06	4.503314e-06	9.901303e-10	2.434542e+01	2.395908e+02
4.710000e-06	4.456436e-06	9.855054e-10	2.409199e+01	2.382642e+02
4.720000e-06	4.409336e-06	9.792370e-10	2.383736e+01	2.369110e+02
4.730000e-06	4.361919e-06	9.747014e-10	2.358102e+01	2.355306e+02
4.740000e-06	4.314299e-06	9.705528e-10	2.332358e+01	2.341226e+02
4.750000e-06	4.266271e-06	9.647998e-10	2.306394e+01	2.326867e+02
4.760000e-06	4.217818e-06	9.599753e-10	2.280199e+01	2.312226e+02
4.770000e-06	4.169169e-06	9.570786e-10	2.253899e+01	2.297301e+02
4.780000e-06	4.120048e-06	9.533413e-10	2.227344e+01	2.282092e+02
4.790000e-06	4.070481e-06	9.475142e-10	2.200548e+01	2.266599e+02
4.800000e-06	4.020685e-06	9.407447e-10	2.173627e+01	2.250822e+02
4.810000e-06	3.970598e-06	9.330801e-10	2.146550e+01	2.234763e+02
4.820000e-06	3.920132e-06	9.264680e-10	2.119267e+01	2.218424e+02
4.830000e-06	3.869346e-06	9.213546e-10	2.091812e+01	2.201809e+02
4.840000e-06	3.818272e-06	9.158393e-10	2.064201e+01	2.184922e+02
4.850000e-06	3.766882e-06	9.086764e-10	2.036419e+01	2.167766e+02
4.860000e-06	3.715183e-06	9.019519e-10	2.008470e+01	2.150347e+02
4.870000e-06	3.663255e-06	8.958437e-10	1.980397e+01	2.132669e+02
4.880000e-06	3.611131e-06	8.893502e-10	1.952218e+01	2.114739e+02
4.890000e-06	3.558782e-06	8.830305e-10	1.923918e+01	2.096561e+02
4.900000e-06	3.506266e-06	8.757049e-10	1.895527e+01	2.078141e+02
4.910000e-06	3.453462e-06	8.663924e-10	1.866980e+01	2.059484e+02
4.920000e-06	3.400270e-06	8.588034e-10	1.838224e+01	2.040596e+02
4.930000e-06	3.346508e-06	8.525655e-10	1.809160e+01	2.021480e+02
4.940000e-06	3.292252e-06	8.446121e-10	1.779828e+01	2.002140e+02
4.950000e-06	3.237744e-06	8.355351e-10	1.750361e+01	1.982580e+02
4.960000e-06	3.183052e-06	8.286346e-10	1.720794e+01	1.962802e+02
4.970000e-06	3.128051e-06	8.240843e-10	1.691059e+01	1.942809e+02
4.980000e-06	3.072600e-06	8.176489e-10	1.661082e+01	1.922599e+02
4.990000e-06	3.016913e-06	8.085017e-10	1.630977e+01	1.902175e+02
5.000000e-06	2.961045e-06	7.994340e-10	1.600774e+01	1.881533e+02
5.010000e-06	2.904950e-06	7.902514e-10	1.570448e+01	1.860672e+02
5.020000e-06	2.848716e-06	7.793923e-10	1.540048e+01	1.839590e+02
5.030000e-06	2.792380e-06	7.695662e-10	1.509592e+01	1.818281e+02
5.040000e-06	2.736007e-06	7.622072e-10	1.479116e+01	1.796740e+02
5.050000e-06	2.679426e-06	7.541654e-10	1.448528e+01	1.774963e+02
5.060000e-06	2.622620e-06	7.454037e-10	1.417818e+01	1.752942e+02
5.070000e-06	2.565663e-06	7.369442e-10	1.387026e+01	1.730670e+02
5.080000e-06	2.508398e-06	7.268006e-10	1.356068e+01	1.708139e+02
5.090000e-06	2.450962e-06	7.165775e-10	1.325017e+01	1.685341e+02
5.100000e-06	2.393502e-06	7.076672e-10	1.293954e+01	1.662267e+02
5.110000e-06	2.335921e-06	6.990090e-10	1.262825e+01	1.638909e+02
5.120000e-06	2.278115e-06	6.893451e-10	1.231574e+01	1.615256e+02
5.130000e-06	2.220049e-06	6.791664e-10	1.200184e+01	1.591302e+02
5.140000e-06	2.161818e-06	6.688947e-10	1.168703e+01	1.567036e+02
5.150000e-06	2.103480e-06	6.581699e-10	1.137165e+01	1.542450e+02
5.160000e-06	2.045043e-06	6.467056e-10	1.105573e+01	1.517536e+02
5.170000e-06	1.986461e-06	6.357568e-10	1.073903e+01	1.492287e+02
5.180000e-06	1.927580e-06	6.256954e-10	1.042071e+01	1.466695e+02
5.190000e-06	1.868532e-06	6.147948e-10	1.010149e+01	1.440754e+02
5.200000e-06	1.809480e-06	6.037914e-10	9.782250e+00	1.414458e+02
5.210000e-06	1.750286e-06	5.935736e-10	9.462243e+00	1.387801e+02
5.220000e-06	1.690884e-06	5.826871e-10	9.141106e+00	1.360780e+02
5.230000e-06	1.631341e-06	5.707121e-10	8.819214e+00	1.333391e+02
5.240000e-06	1.571687e-06	5.588500e-10	8.496717e+00	1.305631e+02
5.250000e-06	1.511990e-06	5.479906e-10	8.173986e+00	1.277497e+02
5.260000e-06	1.452261e-06	5.374868e-10	7.851083e+00	1.248989e+02
5.270000e-06	1.392447e-06	5.261721e-10	7.527726e+00	1.220106e+02
5.280000e-06	1.332527e-06	5.146456e-10	7.203789e+00	1.190847e+02
5.290000e-06	1.272550e-06	5.023942e-10	6.879546e+00	1.161213e+02
5.300000e-06	1.212491e-06	4.887916e-10	6.554863e+00	1.131206e+02
5.310000e-06	1.152303e-06	4.749610e-10	6.229478e+00	1.100825e+02
5.320000e-06	1.092006e-06	4.614419e-10	5.903505e+00	1.070074e+02
5.330000e-06	1.031684e-06	4.484566e-10	5.577399e+00	1.038954e+02
5.340000e-06	9.713712e-07	4.365764e-10	5.251341e+00	1.007469e+02
5.350000e-06	9.110356e-07	4.244639e-10	4.925160e+00	9.756197e+01
5.360000e-06	8.507419e-07	4.109305e-10	4.599206e+00	9.434104e+01
5.370000e-06	7.904811e-07	3.966900e-10	4.273429e+00	9.108439e+01
5.380000e-06	7.300972e-07	3.831662e-10	3.946987e+00	8.779236e+01
5.390000e-06	6.695812e-07	3.695293e-10	3.619831e+00	8.446530e+01
5.400000e-06	6.090315e-07	3.547866e-10	3.292492e+00	8.110358e+01
5.410000e-06	5.484419e-07	3.398570e-10	2.964938e+00	7.770758e+01
5.420000e-06	4.878911e-07	3.253474e-10	2.637594e+00	7.427771e+01
5.430000e-06	4.274197e-07	3.111422e-10	2.310679e+00	7.081441e+01
5.440000e-06	3.669596e-07	2.973317e-10	1.983825e+00	6.731814e+01
5.450000e-06	3.063916e-07	2.831889e-10	1.656387e+00	6.378942e+01
5.460000e-06	2.457437e-07	2.686434e-10	1.328518e+00	6.022877e+01
5.470000e-06	1.851512e-07	2.533503e-10	1.000948e+00	5.663682e+01
5.480000e-06	1.245936e-07	2.364762e-10	6.735671e-01	5.301421e+01
5.490000e-06	6.398700e-08	2.185450e-10	3.459209e-01	4.936168e+01
5.500000e-06	3.380252e-09	2.009290e-10	1.827402e-02	4.568002e+01
5.510000e-06	-5.726972e-08	1.849132e-10	-3.096065e-01	4.197012e+01
5.520000e-06	-1.179738e-07	1.690488e-10	-6.377797e-01	3.823295e+01
5.530000e-06	-1.786429e-07	1.527576e-10	-9.657637e-01	3.446957e+01
5.540000e-06	-2.392584e-07	1.366353e-10	-1.293458e+00	3.068117e+01
5.550000e-06	-2.998399e-07	1.205170e-10	-1.620968e+00	2.686902e+01
5.560000e-06	-3.604095e-07	1.048294e-10	-1.948414e+00	2.303450e+01
5.570000e-06	-4.209165e-07	8.934464e-11	-2.275522e+00	1.917909e+01
5.580000e-06	-4.814604e-07	7.316074e-11	-2.602829e+00	1.530442e+01
5.590000e-06	-5.419911e-07	5.689125e-11	-2.930064e+00	1.141218e+01
5.600000e-06	-6.024555e-07	4.060562e-11	-3.256942e+00	7.504198e+00
5.610000e-06	-6.629071e-07	2.299471e-11	-3.583750e+00	3.582390e+00
5.620000e-06	-7.233711e-07	5.385756e-12	-3.910625e+00	-3.512304e-01
5.630000e-06	-7.837593e-07	-1.127326e-11	-4.237091e+00	-4.294564e+00
5.640000e-06	-8.440573e-07	-2.905917e-11	-4.563068e+00	-8.245433e+00
5.650000e-06	-9.043474e-07	-4.811483e-11	-4.889003e+00	-1.220159e+01
5.660000e-06	-9.646442e-07	-6.670048e-11	-5.214975e+00	-1.616074e+01
5.670000e-06	-1.024915e-06	-8.440850e-11	-5.540805e+00	-2.012054e+01
5.680000e-06	-1.085103e-06	-1.018007e-10	-5.866189e+00	-2.407860e+01
5.690000e-06	-1.145232e-06	-1.202577e-10	-6.191252e+00	-2.803254e+01
5.700000e-06	-1.205291e-06	-1.388390e-10	-6.515940e+00	-3.197995e+01
5.710000e-06	-1.265250e-06	-1.558460e-10	-6.840084e+00	-3.591846e+01
5.720000e-06	-1.325125e-06	-1.729198e-10	-7.163772e+00	-3.984570e+01
5.730000e-06	-1.384909e-06	-1.905600e-10	-7.486974e+00	-4.375935e+01
5.740000e-06	-1.444688e-06	-2.061286e-10	-7.810146e+00	-4.765711e+01
5.750000e-06	-1.504460e-06	-2.202507e-10	-8.133278e+00	-5.153679e+01
5.760000e-06	-1.564019e-06	-2.369212e-10	-8.455262e+00	-5.539624e+01
5.770000e-06	-1.623449e-06	-2.553959e-10	-8.776545e+00	-5.923338e+01
5.780000e-06	-1.682917e-06	-2.733341e-10	-9.098036e+00	-6.304626e+01
5.790000e-06	-1.742184e-06	-2.908594e-10	-9.418441e+00	-6.683299e+01
5.800000e-06	-1.801202e-06	-3.071424e-10	-9.737502e+00	-7.059179e+01
5.810000e-06	-1.860215e-06	-3.214197e-10	-1.005653e+01	-7.432101e+01
5.820000e-06	-1.919134e-06	-3.355985e-10	-1.037505e+01	-7.801907e+01
5.830000e-06	-1.977828e-06	-3.509707e-10	-1.069236e+01	-8.168454e+01
5.840000e-06	-2.036292e-06	-3.663050e-10	-1.100842e+01	-8.531609e+01
5.850000e-06	-2.094612e-06	-3.819982e-10	-1.132371e+01	-8.891247e+01
5.860000e-06	-2.152806e-06	-3.993507e-10	-1.163831e+01	-9.247259e+01
5.870000e-06	-2.210895e-06	-4.164724e-10	-1.195235e+01	-9.599543e+01
5.880000e-06	-2.268783e-06	-4.308399e-10	-1.226530e+01	-9.948009e+01
5.890000e-06	-2.326388e-06	-4.440133e-10	-1.257671e+01	-1.029258e+02
5.900000e-06	-2.383808e-06	-4.571637e-10	-1.288713e+01	-1.063317e+02
5.910000e-06	-2.441127e-06	-4.706239e-10	-1.319701e+01	-1.096973e+02
5.920000e-06	-2.498286e-06	-4.845157e-10	-1.350601e+01	-1.130221e+02
5.930000e-06	-2.555258e-06	-4.985364e-10	-1.381401e+01	-1.163055e+02
5.940000e-06	-2.612104e-06	-5.129251e-10	-1.412133e+01	-1.195473e+02
5.950000e-06	-2.668820e-06	-5.268267e-10	-1.442794e+01	-1.227469e+02
5.960000e-06	-2.725381e-06	-5.400715e-10	-1.473372e+01	-1.259043e+02
5.970000e-06	-2.781762e-06	-5.534893e-10	-1.503851e+01	-1.290193e+02
5.980000e-06	-2.837975e-06	-5.672871e-10	-1.534241e+01	-1.320916e+02
5.990000e-06	-2.894047e-06	-5.806361e-10	-1.564554e+01	-1.351212e+02
6.000000e-06	-2.949935e-06	-5.929446e-10	-1.594768e+01	-1.381081e+02
6.010000e-06	-3.005640e-06	-6.040303e-10	-1.624882e+01	-1.410524e+02
6.020000e-06	-3.061200e-06	-6.152677e-10	-1.654919e+01	-1.439540e+02
6.030000e-06	-3.116498e-06	-6.268900e-10	-1.684814e+01	-1.468132e+02
6.040000e-06	-3.171439e-06	-6.383593e-10	-1.714516e+01	-1.496302e+02
6.050000e-06	-3.225918e-06	-6.501942e-10	-1.743967e+01	-1.524050e+02
6.060000e-06	-3.280129e-06	-6.618764e-10	-1.773274e+01	-1.551381e+02
6.070000e-06	-3.334158e-06	-6.736183e-10	-1.802483e+01	-1.578297e+02
6.080000e-06	-3.387606e-06	-6.845761e-10	-1.831378e+01	-1.604803e+02
6.090000e-06	-3.440648e-06	-6.941875e-10	-1.860053e+01	-1.630902e+02
6.100000e-06	-3.493501e-06	-7.042844e-10	-1.888625e+01	-1.656599e+02
6.110000e-06	-3.546070e-06	-7.152744e-10	-1.917045e+01	-1.681900e+02
6.120000e-06	-3.598455e-06	-7.264674e-10	-1.945365e+01	-1.706810e+02
6.130000e-06	-3.650682e-06	-7.381427e-10	-1.973600e+01	-1.731335e+02
6.140000e-06	-3.702587e-06	-7.504450e-10	-2.001660e+01	-1.755482e+02
6.150000e-06	-3.754099e-06	-7.612315e-10	-2.029508e+01	-1.779257e+02
6.160000e-06	-3.805252e-06	-7.703287e-10	-2.057162e+01	-1.802668e+02
6.170000e-06	-3.856122e-06	-7.792712e-10	-2.084663e+01	-1.825722e+02
6.180000e-06	-3.906769e-06	-7.879572e-10	-2.112043e+01	-1.848427e+02
6.190000e-06	-3.957142e-06	-7.962379e-10	-2.139275e+01	-1.870790e+02
6.200000e-06	-4.007244e-06	-8.043661e-10	-2.166361e+01	-1.892820e+02
6.210000e-06	-4.056859e-06	-8.127618e-10	-2.193183e+01	-1.914523e+02
6.220000e-06	-4.105962e-06	-8.235725e-10	-2.219729e+01	-1.935909e+02
6.230000e-06	-4.154722e-06	-8.345074e-10	-2.246089e+01	-1.956985e+02
6.240000e-06	-4.203006e-06	-8.417551e-10	-2.272192e+01	-1.977758e+02
6.250000e-06	-4.250799e-06	-8.482737e-10	-2.298030e+01	-1.998235e+02
6.260000e-06	-4.298160e-06	-8.565334e-10	-2.323633e+01	-2.018423e+02
6.270000e-06	-4.345308e-06	-8.655523e-10	-2.349122e+01	-2.038329e+02
6.280000e-06	-4.392275e-06	-8.730403e-10	-2.374513e+01	-2.057958e+02
6.290000e-06	-4.438952e-06	-8.791751e-10	-2.399747e+01	-2.077316e+02
6.300000e-06	-4.485407e-06	-8.860776e-10	-2.424861e+01	-2.096407e+02
6.310000e-06	-4.531570e-06	-8.946499e-10	-2.449818e+01	-2.115235e+02
6.320000e-06	-4.577382e-06	-9.041783e-10	-2.474584e+01	-2.133805e+02
6.330000e-06	-4.622797e-06	-9.127895e-10	-2.499136e+01	-2.152117e+02
6.340000e-06	-4.667928e-06	-9.188162e-10	-2.523534e+01	-2.170176e+02
6.350000e-06	-4.712779e-06	-9.230635e-10	-2.547781e+01	-2.187981e+02
6.360000e-06	-4.757364e-06	-9.287632e-10	-2.571884e+01	-2.205535e+02
6.370000e-06	-4.801830e-06	-9.361524e-10	-2.595923e+01	-2.222837e+02
6.380000e-06	-4.846044e-06	-9.426902e-10	-2.619825e+01	-2.239887e+02
6.390000e-06	-4.889897e-06	-9.485455e-10	-2.643533e+01	-2.256685e+02
6.400000e-06	-4.933493e-06	-9.560633e-10	-2.667102e+01	-2.273229e+02
6.410000e-06	-4.976731e-06	-9.639808e-10	-2.690476e+01	-2.289518e+02
6.420000e-06	-5.019494e-06	-9.697760e-10	-2.713595e+01	-2.305551e+02
6.430000e-06	-5.061897e-06	-9.740138e-10	-2.736518e+01	-2.321326e+02
6.440000e-06	-5.104052e-06	-9.794611e-10	-2.759308e+01	-2.336841e+02
6.450000e-06	-5.145851e-06	-9.866046e-10	-2.781905e+01	-2.352095e+02
6.460000e-06	-5.187194e-06	-9.945343e-10	-2.804255e+01	-2.367085e+02
6.470000e-06	-5.228190e-06	-1.001457e-09	-2.826418e+01	-2.381812e+02
6.480000e-06	-5.268859e-06	-1.005823e-09	-2.848404e+01	-2.396274e+02
6.490000e-06	-5.309308e-06	-1.010105e-09	-2.870271e+01	-2.410470e+02
6.500000e-06	-5.349506e-06	-1.015936e-09	-2.892003e+01	-2.424401e+02
6.510000e-06	-5.389451e-06	-1.021531e-09	-2.913597e+01	-2.438067e+02
6.520000e-06	-5.429161e-06	-1.026393e-09	-2.935065e+01	-2.451470e+02
6.530000e-06	-5.468449e-06	-1.031756e-09	-2.956305e+01	-2.464610e+02
6.540000e-06	-5.507243e-06	-1.036429e-09	-2.977277e+01	-2.477490e+02
6.550000e-06	-5.545428e-06	-1.040453e-09	-2.997920e+01	-2.490113e+02
6.560000e-06	-5.582867e-06	-1.045433e-09	-3.018160e+01	-2.502483e+02
6.570000e-06	-5.619738e-06	-1.050194e-09	-3.038093e+01	-2.514603e+02
6.580000e-06	-5.656311e-06	-1.054247e-09	-3.057865e+01	-2.526478e+02
6.590000e-06	-5.692612e-06	-1.058386e-09	-3.077490e+01	-2.538113e+02
6.600000e-06	-5.728654e-06	-1.063578e-09	-3.096975e+01	-2.549514e+02
6.610000e-06	-5.764270e-06	-1.068723e-09	-3.116229e+01	-2.560687e+02
6.620000e-06	-5.799424e-06	-1.072435e-09	-3.135234e+01	-2.571637e+02
6.630000e-06	-5.834205e-06	-1.075674e-09	-3.154036e+01	-2.582371e+02
6.640000e-06	-5.868593e-06	-1.079014e-09	-3.172627e+01	-2.592895e+02
6.650000e-06	-5.902632e-06	-1.082873e-09	-3.191029e+01	-2.603217e+02
6.660000e-06	-5.936269e-06	-1.087091e-09	-3.209213e+01	-2.613341e+02
6.670000e-06	-5.969359e-06	-1.089775e-09	-3.227102e+01	-2.623275e+02
6.680000e-06	-6.001964e-06	-1.091559e-09	-3.244729e+01	-2.633025e+02
6.690000e-06	-6.034320e-06	-1.093543e-09	-3.262221e+01	-2.642596e+02
6.700000e-06	-6.066446e-06	-1.095200e-09	-3.279589e+01	-2.651993e+02
6.710000e-06	-6.098133e-06	-1.097539e-09	-3.296719e+01	-2.661223e+02
6.720000e-06	-6.129279e-06	-1.099927e-09	-3.313557e+01	-2.670289e+02
6.730000e-06	-6.159929e-06	-1.102226e-09	-3.330126e+01	-2.679195e+02
6.740000e-06	-6.189887e-06	-1.105944e-09	-3.346322e+01	-2.687945e+02
6.750000e-06	-6.219139e-06	-1.110368e-09	-3.362136e+01	-2.696542e+02
6.760000e-06	-6.247926e-06	-1.113849e-09	-3.377699e+01	-2.704989e+02
6.770000e-06	-6.276399e-06	-1.116476e-09	-3.393091e+01	-2.713287e+02
6.780000e-06	-6.304630e-06	-1.117797e-09	-3.408353e+01	-2.721439e+02
6.790000e-06	-6.332413e-06	-1.119888e-09	-3.423373e+01	-2.729446e+02
6.800000e-06	-6.359675e-06	-1.123582e-09	-3.438111e+01	-2.737308e+02
6.810000e-06	-6.386515e-06	-1.126751e-09	-3.452621e+01	-2.745026e+02
6.820000e-06	-6.412935e-06	-1.129217e-09	-3.466904e+01	-2.752600e+02
6.830000e-06	-6.438898e-06	-1.130366e-09	-3.480940e+01	-2.760031e+02
6.840000e-06	-6.464303e-06	-1.131976e-09	-3.494675e+01	-2.767318e+02
6.850000e-06	-6.489143e-06	-1.133666e-09	-3.508103e+01	-2.774461e+02
6.860000e-06	-6.513620e-06	-1.132645e-09	-3.521336e+01	-2.781460e+02
6.870000e-06	-6.537900e-06	-1.131964e-09	-3.534462e+01	-2.788316e+02
6.880000e-06	-6.561881e-06	-1.134124e-09	-3.547426e+01	-2.795027e+02
6.890000e-06	-6.585420e-06	-1.137625e-09	-3.560152e+01	-2.801594e+02
6.900000e-06	-6.608384e-06	-1.140561e-09	-3.572566e+01	-2.808017e+02
6.910000e-06	-6.630665e-06	-1.141946e-09	-3.584612e+01	-2.814297e+02
6.920000e-06	-6.652161e-06	-1.142930e-09	-3.596233e+01	-2.820434e+02
6.930000e-06	-6.673025e-06	-1.144816e-09	-3.607512e+01	-2.826430e+02
6.940000e-06	-6.693499e-06	-1.145649e-09	-3.618581e+01	-2.832284e+02
6.950000e-06	-6.713646e-06	-1.145643e-09	-3.629472e+01	-2.838000e+02
6.960000e-06	-6.733410e-06	-1.147466e-09	-3.640157e+01	-2.843578e+02
6.970000e-06	-6.752613e-06	-1.150425e-09	-3.650538e+01	-2.849019e+02
6.980000e-06	-6.771310e-06	-1.152447e-09	-3.660646e+01	-2.854326e+02
6.990000e-06	-6.789698e-06	-1.153351e-09	-3.670587e+01	-2.859500e+02
7.000000e-06	-6.807698e-06	-1.153878e-09	-3.680318e+01	-2.864543e+02
7.010000e-06	-6.825086e-06	-1.154225e-09	-3.689718e+01	-2.869457e+02
7.020000e-06	-6.842024e-06	-1.155279e-09	-3.698875e+01	-2.874243e+02
7.030000e-06	-6.858651e-06	-1.156606e-09	-3.707863e+01	-2.878902e+02
7.040000e-06	-6.874966e-06	-1.157246e-09	-3.716684e+01	-2.883435e+02
7.050000e-06	-6.891030e-06	-1.157450e-09	-3.725368e+01	-2.887844e+02
7.060000e-06	-6.906473e-06	-1.157767e-09	-3.733717e+01	-2.892129e+02
7.070000e-06	-6.920840e-06	-1.158193e-09	-3.741484e+01	-2.896290e+02
7.080000e-06	-6.934349e-06	-1.158952e-09	-3.748787e+01	-2.900326e+02
7.090000e-06	-6.947311e-06	-1.160560e-09	-3.755794e+01	-2.904237e+02
7.100000e-06	-6.959782e-06	-1.163546e-09	-3.762536e+01	-2.908021e+02
7.110000e-06	-6.971745e-06	-1.165867e-09	-3.769004e+01	-2.911678e+02
7.120000e-06	-6.983132e-06	-1.166102e-09	-3.775159e+01	-2.915205e+02
7.130000e-06	-6.993971e-06	-1.166113e-09	-3.781019e+01	-2.918599e+02
7.140000e-06	-7.004344e-06	-1.166811e-09	-3.786627e+01	-2.921858e+02
7.150000e-06	-7.014298e-06	-1.168005e-09	-3.792008e+01	-2.924979e+02
7.160000e-06	-7.023713e-06	-1.169072e-09	-3.797098e+01	-2.927959e+02
7.170000e-06	-7.032528e-06	-1.168748e-09	-3.801863e+01	-2.930794e+02
7.180000e-06	-7.040945e-06	-1.167323e-09	-3.806414e+01	-2.933480e+02
7.190000e-06	-7.049151e-06	-1.166661e-09	-3.810850e+01	-2.936015e+02
7.200000e-06	-7.056914e-06	-1.167126e-09	-3.815047e+01	-2.938396e+02
7.210000e-06	-7.064215e-06	-1.167710e-09	-3.818994e+01	-2.940618e+02
7.220000e-06	-7.071017e-06	-1.168532e-09	-3.822671e+01	-2.942679e+02
7.230000e-06	-7.077034e-06	-1.169598e-09	-3.825923e+01	-2.944577e+02
7.240000e-06	-7.082219e-06	-1.169544e-09	-3.828727e+01	-2.946310e+02
7.250000e-06	-7.086776e-06	-1.168611e-09	-3.831190e+01	-2.947877e+02
7.260000e-06	-7.091054e-06	-1.167395e-09	-3.833503e+01	-2.949276e+02
7.270000e-06	-7.095102e-06	-1.166810e-09	-3.835691e+01	-2.950507e+02
7.280000e-06	-7.098686e-06	-1.168690e-09	-3.837629e+01	-2.951572e+02
7.290000e-06	-7.101648e-06	-1.170363e-09	-3.839230e+01	-2.952471e+02
7.300000e-06	-7.104191e-06	-1.169034e-09	-3.840605e+01	-2.953207e+02
7.310000e-06	-7.106409e-06	-1.168613e-09	-3.841804e+01	-2.953782e+02
7.320000e-06	-7.108132e-06	-1.169443e-09	-3.842736e+01	-2.954200e+02
7.330000e-06	-7.109149e-06	-1.168391e-09	-3.843286e+01	-2.954466e+02
7.340000e-06	-7.109632e-06	-1.168190e-09	-3.843546e+01	-2.954584e+02
