# Temperatura_=_19.5
# Concentracion g/m^3_=_7400.0
# C_Vs_to_Am_M_A/Vsm_=_254322799225.57578
# pendiente_HvsI_1/m_=_3716.3
# ordenada_HvsI_A/m_=_1297.0
# frecuencia_Hz_=_136124.29983145476

Tiempo_(s)	Campo_(V.s)	Magnetizacion_(V.s)	Campo_(kA/m)	Magnetizacion_(A/m)
0.000000e+00	-7.135880e-06	-1.583609e-09	-3.841408e+01	-3.966703e+02
1.000000e-08	-7.136055e-06	-1.582263e-09	-3.841502e+01	-3.967338e+02
2.000000e-08	-7.136033e-06	-1.582189e-09	-3.841491e+01	-3.967833e+02
3.000000e-08	-7.135408e-06	-1.582409e-09	-3.841154e+01	-3.968201e+02
4.000000e-08	-7.133962e-06	-1.581421e-09	-3.840376e+01	-3.968452e+02
5.000000e-08	-7.131771e-06	-1.580037e-09	-3.839196e+01	-3.968598e+02
6.000000e-08	-7.128983e-06	-1.579353e-09	-3.837695e+01	-3.968648e+02
7.000000e-08	-7.125673e-06	-1.583357e-09	-3.835913e+01	-3.968612e+02
8.000000e-08	-7.121986e-06	-1.589883e-09	-3.833929e+01	-3.968497e+02
9.000000e-08	-7.117852e-06	-1.574378e-09	-3.831703e+01	-3.968311e+02
1.000000e-07	-7.112844e-06	-1.529772e-09	-3.829007e+01	-3.968058e+02
1.100000e-07	-7.106963e-06	-1.533841e-09	-3.825842e+01	-3.967744e+02
1.200000e-07	-7.100837e-06	-1.613082e-09	-3.822544e+01	-3.967370e+02
1.300000e-07	-7.094707e-06	-1.635490e-09	-3.819244e+01	-3.966937e+02
1.400000e-07	-7.088175e-06	-1.540011e-09	-3.815728e+01	-3.966445e+02
1.500000e-07	-7.080997e-06	-1.506786e-09	-3.811864e+01	-3.965892e+02
1.600000e-07	-7.073313e-06	-1.615191e-09	-3.807727e+01	-3.965274e+02
1.700000e-07	-7.065361e-06	-1.633447e-09	-3.803446e+01	-3.964587e+02
1.800000e-07	-7.056865e-06	-1.492233e-09	-3.798873e+01	-3.963824e+02
1.900000e-07	-7.047570e-06	-1.470851e-09	-3.793869e+01	-3.962980e+02
2.000000e-07	-7.037605e-06	-1.631412e-09	-3.788504e+01	-3.962046e+02
2.100000e-07	-7.027157e-06	-1.653817e-09	-3.782880e+01	-3.961014e+02
2.200000e-07	-7.016252e-06	-1.499690e-09	-3.777010e+01	-3.959876e+02
2.300000e-07	-7.004690e-06	-1.484164e-09	-3.770786e+01	-3.958622e+02
2.400000e-07	-6.992571e-06	-1.605853e-09	-3.764262e+01	-3.957244e+02
2.500000e-07	-6.979976e-06	-1.585293e-09	-3.757482e+01	-3.955733e+02
2.600000e-07	-6.966702e-06	-1.488964e-09	-3.750336e+01	-3.954079e+02
2.700000e-07	-6.952672e-06	-1.538342e-09	-3.742783e+01	-3.952276e+02
2.800000e-07	-6.938099e-06	-1.601630e-09	-3.734938e+01	-3.950316e+02
2.900000e-07	-6.922925e-06	-1.536272e-09	-3.726770e+01	-3.948193e+02
3.000000e-07	-6.906991e-06	-1.510677e-09	-3.718192e+01	-3.945900e+02
3.100000e-07	-6.890572e-06	-1.569851e-09	-3.709354e+01	-3.943434e+02
3.200000e-07	-6.873815e-06	-1.535910e-09	-3.700332e+01	-3.940791e+02
3.300000e-07	-6.856576e-06	-1.482917e-09	-3.691053e+01	-3.937968e+02
3.400000e-07	-6.838812e-06	-1.563134e-09	-3.681489e+01	-3.934964e+02
3.500000e-07	-6.820569e-06	-1.598312e-09	-3.671669e+01	-3.931779e+02
3.600000e-07	-6.801780e-06	-1.491485e-09	-3.661555e+01	-3.928412e+02
3.700000e-07	-6.782514e-06	-1.476959e-09	-3.651183e+01	-3.924867e+02
3.800000e-07	-6.762940e-06	-1.571110e-09	-3.640646e+01	-3.921144e+02
3.900000e-07	-6.743053e-06	-1.544777e-09	-3.629941e+01	-3.917248e+02
4.000000e-07	-6.722641e-06	-1.470784e-09	-3.618952e+01	-3.913181e+02
4.100000e-07	-6.701641e-06	-1.521841e-09	-3.607647e+01	-3.908948e+02
4.200000e-07	-6.680182e-06	-1.558082e-09	-3.596095e+01	-3.904553e+02
4.300000e-07	-6.658347e-06	-1.498236e-09	-3.584341e+01	-3.900002e+02
4.400000e-07	-6.636029e-06	-1.495161e-09	-3.572327e+01	-3.895297e+02
4.500000e-07	-6.613240e-06	-1.529790e-09	-3.560059e+01	-3.890445e+02
4.600000e-07	-6.590066e-06	-1.490856e-09	-3.547584e+01	-3.885449e+02
4.700000e-07	-6.566460e-06	-1.476777e-09	-3.534876e+01	-3.880313e+02
4.800000e-07	-6.542503e-06	-1.527218e-09	-3.521980e+01	-3.875041e+02
4.900000e-07	-6.518081e-06	-1.512033e-09	-3.508833e+01	-3.869636e+02
5.000000e-07	-6.492969e-06	-1.461728e-09	-3.495314e+01	-3.864100e+02
5.100000e-07	-6.467083e-06	-1.485936e-09	-3.481379e+01	-3.858436e+02
5.200000e-07	-6.440381e-06	-1.506095e-09	-3.467005e+01	-3.852644e+02
5.300000e-07	-6.413133e-06	-1.470743e-09	-3.452337e+01	-3.846726e+02
5.400000e-07	-6.385635e-06	-1.468705e-09	-3.437534e+01	-3.840681e+02
5.500000e-07	-6.357812e-06	-1.491134e-09	-3.422556e+01	-3.834509e+02
5.600000e-07	-6.329619e-06	-1.473150e-09	-3.407379e+01	-3.828209e+02
5.700000e-07	-6.301049e-06	-1.459161e-09	-3.391999e+01	-3.821780e+02
5.800000e-07	-6.271970e-06	-1.472400e-09	-3.376346e+01	-3.815219e+02
5.900000e-07	-6.242380e-06	-1.463478e-09	-3.360417e+01	-3.808526e+02
6.000000e-07	-6.212440e-06	-1.447476e-09	-3.344299e+01	-3.801697e+02
6.100000e-07	-6.182187e-06	-1.457645e-09	-3.328013e+01	-3.794730e+02
6.200000e-07	-6.151458e-06	-1.461122e-09	-3.311471e+01	-3.787623e+02
6.300000e-07	-6.120187e-06	-1.446443e-09	-3.294637e+01	-3.780373e+02
6.400000e-07	-6.088697e-06	-1.441957e-09	-3.277685e+01	-3.772978e+02
6.500000e-07	-6.057062e-06	-1.441924e-09	-3.260656e+01	-3.765435e+02
6.600000e-07	-6.025118e-06	-1.433491e-09	-3.243460e+01	-3.757744e+02
6.700000e-07	-5.992668e-06	-1.430106e-09	-3.225991e+01	-3.749901e+02
6.800000e-07	-5.959463e-06	-1.433212e-09	-3.208116e+01	-3.741907e+02
6.900000e-07	-5.925415e-06	-1.429070e-09	-3.189787e+01	-3.733758e+02
7.000000e-07	-5.890717e-06	-1.421065e-09	-3.171108e+01	-3.725455e+02
7.100000e-07	-5.855639e-06	-1.416101e-09	-3.152225e+01	-3.716996e+02
7.200000e-07	-5.820194e-06	-1.411912e-09	-3.133144e+01	-3.708380e+02
7.300000e-07	-5.784499e-06	-1.407163e-09	-3.113929e+01	-3.699608e+02
7.400000e-07	-5.748567e-06	-1.402132e-09	-3.094586e+01	-3.690677e+02
7.500000e-07	-5.712265e-06	-1.397619e-09	-3.075044e+01	-3.681588e+02
7.600000e-07	-5.675563e-06	-1.396248e-09	-3.055286e+01	-3.672339e+02
7.700000e-07	-5.638457e-06	-1.394402e-09	-3.035311e+01	-3.662930e+02
7.800000e-07	-5.600914e-06	-1.386632e-09	-3.015101e+01	-3.653358e+02
7.900000e-07	-5.563009e-06	-1.376843e-09	-2.994696e+01	-3.643621e+02
8.000000e-07	-5.524687e-06	-1.370986e-09	-2.974066e+01	-3.633717e+02
8.100000e-07	-5.485826e-06	-1.368006e-09	-2.953146e+01	-3.623643e+02
8.200000e-07	-5.446607e-06	-1.364684e-09	-2.932034e+01	-3.613395e+02
8.300000e-07	-5.407195e-06	-1.359240e-09	-2.910817e+01	-3.602968e+02
8.400000e-07	-5.367604e-06	-1.351913e-09	-2.889504e+01	-3.592358e+02
8.500000e-07	-5.327699e-06	-1.345761e-09	-2.868023e+01	-3.581558e+02
8.600000e-07	-5.287403e-06	-1.342360e-09	-2.846330e+01	-3.570563e+02
8.700000e-07	-5.246606e-06	-1.338596e-09	-2.824368e+01	-3.559364e+02
8.800000e-07	-5.205386e-06	-1.332466e-09	-2.802179e+01	-3.547956e+02
8.900000e-07	-5.163773e-06	-1.326705e-09	-2.779778e+01	-3.536329e+02
9.000000e-07	-5.121566e-06	-1.322038e-09	-2.757057e+01	-3.524475e+02
9.100000e-07	-5.078686e-06	-1.317382e-09	-2.733974e+01	-3.512385e+02
9.200000e-07	-5.035251e-06	-1.311841e-09	-2.710591e+01	-3.500052e+02
9.300000e-07	-4.991553e-06	-1.305388e-09	-2.687068e+01	-3.487466e+02
9.400000e-07	-4.947684e-06	-1.299352e-09	-2.663452e+01	-3.474619e+02
9.500000e-07	-4.903555e-06	-1.294877e-09	-2.639696e+01	-3.461502e+02
9.600000e-07	-4.859085e-06	-1.290156e-09	-2.615757e+01	-3.448109e+02
9.700000e-07	-4.814272e-06	-1.283596e-09	-2.591634e+01	-3.434431e+02
9.800000e-07	-4.769092e-06	-1.276398e-09	-2.567312e+01	-3.420463e+02
9.900000e-07	-4.723515e-06	-1.270514e-09	-2.542777e+01	-3.406200e+02
1.000000e-06	-4.677549e-06	-1.264444e-09	-2.518032e+01	-3.391637e+02
1.010000e-06	-4.631320e-06	-1.257284e-09	-2.493146e+01	-3.376770e+02
1.020000e-06	-4.584863e-06	-1.250840e-09	-2.468137e+01	-3.361598e+02
1.030000e-06	-4.538062e-06	-1.245185e-09	-2.442943e+01	-3.346119e+02
1.040000e-06	-4.490875e-06	-1.239366e-09	-2.417541e+01	-3.330334e+02
1.050000e-06	-4.443383e-06	-1.233046e-09	-2.391975e+01	-3.314244e+02
1.060000e-06	-4.395750e-06	-1.226230e-09	-2.366333e+01	-3.297851e+02
1.070000e-06	-4.347902e-06	-1.219215e-09	-2.340576e+01	-3.281158e+02
1.080000e-06	-4.299730e-06	-1.212665e-09	-2.314644e+01	-3.264170e+02
1.090000e-06	-4.251103e-06	-1.206470e-09	-2.288466e+01	-3.246892e+02
1.100000e-06	-4.202050e-06	-1.199660e-09	-2.262060e+01	-3.229329e+02
1.110000e-06	-4.152532e-06	-1.191958e-09	-2.235403e+01	-3.211488e+02
1.120000e-06	-4.102379e-06	-1.183839e-09	-2.208405e+01	-3.193374e+02
1.130000e-06	-4.051843e-06	-1.175666e-09	-2.181200e+01	-3.174994e+02
1.140000e-06	-4.001000e-06	-1.167614e-09	-2.153830e+01	-3.156355e+02
1.150000e-06	-3.949792e-06	-1.159797e-09	-2.126264e+01	-3.137462e+02
1.160000e-06	-3.898329e-06	-1.152174e-09	-2.098560e+01	-3.118321e+02
1.170000e-06	-3.846593e-06	-1.144826e-09	-2.070709e+01	-3.098937e+02
1.180000e-06	-3.794557e-06	-1.138029e-09	-2.042697e+01	-3.079314e+02
1.190000e-06	-3.742299e-06	-1.130598e-09	-2.014566e+01	-3.059455e+02
1.200000e-06	-3.689707e-06	-1.122811e-09	-1.986254e+01	-3.039362e+02
1.210000e-06	-3.636748e-06	-1.115289e-09	-1.957745e+01	-3.019036e+02
1.220000e-06	-3.583531e-06	-1.107608e-09	-1.929097e+01	-2.998476e+02
1.230000e-06	-3.530089e-06	-1.099828e-09	-1.900328e+01	-2.977680e+02
1.240000e-06	-3.476385e-06	-1.091988e-09	-1.871418e+01	-2.956645e+02
1.250000e-06	-3.422443e-06	-1.083768e-09	-1.842380e+01	-2.935368e+02
1.260000e-06	-3.368231e-06	-1.074423e-09	-1.813196e+01	-2.913842e+02
1.270000e-06	-3.313733e-06	-1.064608e-09	-1.783859e+01	-2.892060e+02
1.280000e-06	-3.259111e-06	-1.056340e-09	-1.754454e+01	-2.870016e+02
1.290000e-06	-3.204389e-06	-1.048987e-09	-1.724996e+01	-2.847700e+02
1.300000e-06	-3.149464e-06	-1.040582e-09	-1.695429e+01	-2.825104e+02
1.310000e-06	-3.094294e-06	-1.031646e-09	-1.665729e+01	-2.802217e+02
1.320000e-06	-3.038998e-06	-1.022704e-09	-1.635963e+01	-2.779029e+02
1.330000e-06	-2.983525e-06	-1.012262e-09	-1.606100e+01	-2.755531e+02
1.340000e-06	-2.927887e-06	-1.001298e-09	-1.576149e+01	-2.731711e+02
1.350000e-06	-2.872178e-06	-9.924662e-10	-1.546160e+01	-2.707559e+02
1.360000e-06	-2.816288e-06	-9.844243e-10	-1.516072e+01	-2.683067e+02
1.370000e-06	-2.760134e-06	-9.750390e-10	-1.485844e+01	-2.658224e+02
1.380000e-06	-2.703843e-06	-9.658442e-10	-1.455541e+01	-2.633022e+02
1.390000e-06	-2.647407e-06	-9.577260e-10	-1.425160e+01	-2.607452e+02
1.400000e-06	-2.590684e-06	-9.487284e-10	-1.394625e+01	-2.581508e+02
1.410000e-06	-2.533712e-06	-9.382482e-10	-1.363955e+01	-2.555183e+02
1.420000e-06	-2.476467e-06	-9.271649e-10	-1.333139e+01	-2.528471e+02
1.430000e-06	-2.418843e-06	-9.164380e-10	-1.302119e+01	-2.501366e+02
1.440000e-06	-2.360874e-06	-9.061933e-10	-1.270913e+01	-2.473865e+02
1.450000e-06	-2.302643e-06	-8.962118e-10	-1.239566e+01	-2.445962e+02
1.460000e-06	-2.244101e-06	-8.858329e-10	-1.208051e+01	-2.417655e+02
1.470000e-06	-2.185306e-06	-8.742868e-10	-1.176401e+01	-2.388938e+02
1.480000e-06	-2.126307e-06	-8.631769e-10	-1.144640e+01	-2.359808e+02
1.490000e-06	-2.067162e-06	-8.529122e-10	-1.112801e+01	-2.330260e+02
1.500000e-06	-2.007944e-06	-8.411377e-10	-1.080923e+01	-2.300288e+02
1.510000e-06	-1.948662e-06	-8.284714e-10	-1.049010e+01	-2.269887e+02
1.520000e-06	-1.889262e-06	-8.167039e-10	-1.017033e+01	-2.239048e+02
1.530000e-06	-1.829727e-06	-8.050751e-10	-9.849842e+00	-2.207763e+02
1.540000e-06	-1.770111e-06	-7.925505e-10	-9.528916e+00	-2.176020e+02
1.550000e-06	-1.710445e-06	-7.797704e-10	-9.207718e+00	-2.143806e+02
1.560000e-06	-1.650718e-06	-7.677335e-10	-8.886197e+00	-2.111107e+02
1.570000e-06	-1.590878e-06	-7.562295e-10	-8.564060e+00	-2.077903e+02
1.580000e-06	-1.530922e-06	-7.444086e-10	-8.241302e+00	-2.044177e+02
1.590000e-06	-1.470893e-06	-7.317487e-10	-7.918157e+00	-2.009904e+02
1.600000e-06	-1.410827e-06	-7.186853e-10	-7.594805e+00	-1.975059e+02
1.610000e-06	-1.350659e-06	-7.061365e-10	-7.270910e+00	-1.939616e+02
1.620000e-06	-1.290302e-06	-6.936973e-10	-6.945990e+00	-1.903545e+02
1.630000e-06	-1.229858e-06	-6.805034e-10	-6.620610e+00	-1.866813e+02
1.640000e-06	-1.169394e-06	-6.661429e-10	-6.295116e+00	-1.829388e+02
1.650000e-06	-1.108944e-06	-6.510393e-10	-5.969703e+00	-1.791234e+02
1.660000e-06	-1.048466e-06	-6.362116e-10	-5.644136e+00	-1.752316e+02
1.670000e-06	-9.877790e-07	-6.215350e-10	-5.317442e+00	-1.712596e+02
1.680000e-06	-9.270297e-07	-6.068538e-10	-4.990414e+00	-1.672039e+02
1.690000e-06	-8.663257e-07	-5.915295e-10	-4.663631e+00	-1.630609e+02
1.700000e-06	-8.055096e-07	-5.752120e-10	-4.336243e+00	-1.588270e+02
1.710000e-06	-7.446260e-07	-5.586714e-10	-4.008493e+00	-1.544991e+02
1.720000e-06	-6.837313e-07	-5.432753e-10	-3.680683e+00	-1.500739e+02
1.730000e-06	-6.227758e-07	-5.287391e-10	-3.352545e+00	-1.455489e+02
1.740000e-06	-5.617835e-07	-5.125874e-10	-3.024210e+00	-1.409217e+02
1.750000e-06	-5.007199e-07	-4.944924e-10	-2.695490e+00	-1.361902e+02
1.760000e-06	-4.395706e-07	-4.758103e-10	-2.366309e+00	-1.313531e+02
1.770000e-06	-3.784437e-07	-4.575983e-10	-2.037249e+00	-1.264094e+02
1.780000e-06	-3.173545e-07	-4.390951e-10	-1.708392e+00	-1.213589e+02
1.790000e-06	-2.561963e-07	-4.190139e-10	-1.379163e+00	-1.162019e+02
1.800000e-06	-1.949612e-07	-3.987432e-10	-1.049521e+00	-1.109393e+02
1.810000e-06	-1.337385e-07	-3.791180e-10	-7.199451e-01	-1.055729e+02
1.820000e-06	-7.248611e-08	-3.599744e-10	-3.902094e-01	-1.001050e+02
1.830000e-06	-1.118561e-08	-3.413083e-10	-6.021471e-02	-9.453880e+01
1.840000e-06	5.001456e-08	-3.220709e-10	2.692399e-01	-8.887804e+01
1.850000e-06	1.112640e-07	-3.011263e-10	5.989597e-01	-8.312726e+01
1.860000e-06	1.725805e-07	-2.786658e-10	9.290407e-01	-7.729162e+01
1.870000e-06	2.338046e-07	-2.551497e-10	1.258624e+00	-7.137695e+01
1.880000e-06	2.949497e-07	-2.315567e-10	1.587782e+00	-6.538966e+01
1.890000e-06	3.560804e-07	-2.079860e-10	1.916863e+00	-5.933669e+01
1.900000e-06	4.172051e-07	-1.842285e-10	2.245911e+00	-5.322547e+01
1.910000e-06	4.782556e-07	-1.608393e-10	2.574560e+00	-4.706386e+01
1.920000e-06	5.393487e-07	-1.385730e-10	2.903438e+00	-4.086003e+01
1.930000e-06	6.004694e-07	-1.165352e-10	3.232465e+00	-3.462241e+01
1.940000e-06	6.614903e-07	-9.255188e-11	3.560954e+00	-2.835963e+01
1.950000e-06	7.224515e-07	-6.649592e-11	3.889122e+00	-2.208040e+01
1.960000e-06	7.833862e-07	-4.028360e-11	4.217148e+00	-1.579344e+01
1.970000e-06	8.443072e-07	-1.616343e-11	4.545100e+00	-9.507386e+00
1.980000e-06	9.051220e-07	6.254610e-12	4.872480e+00	-3.230717e+00
1.990000e-06	9.658130e-07	2.899236e-11	5.199194e+00	3.028331e+00
2.000000e-06	1.026422e-06	5.258479e-11	5.525466e+00	9.261838e+00
2.010000e-06	1.086876e-06	7.574435e-11	5.850905e+00	1.546227e+01
2.020000e-06	1.147246e-06	9.742313e-11	6.175887e+00	2.162256e+01
2.030000e-06	1.207584e-06	1.187971e-10	6.500700e+00	2.773613e+01
2.040000e-06	1.267842e-06	1.414302e-10	6.825086e+00	3.379695e+01
2.050000e-06	1.328007e-06	1.647038e-10	7.148968e+00	3.979962e+01
2.060000e-06	1.388075e-06	1.874855e-10	7.472325e+00	4.573933e+01
2.070000e-06	1.448045e-06	2.091857e-10	7.795159e+00	5.161193e+01
2.080000e-06	1.507937e-06	2.298858e-10	8.117572e+00	5.741390e+01
2.090000e-06	1.567777e-06	2.513250e-10	8.439704e+00	6.314241e+01
2.100000e-06	1.627546e-06	2.737356e-10	8.761455e+00	6.879523e+01
2.110000e-06	1.687269e-06	2.941474e-10	9.082959e+00	7.437079e+01
2.120000e-06	1.746976e-06	3.126244e-10	9.404372e+00	7.986811e+01
2.130000e-06	1.806629e-06	3.324345e-10	9.725501e+00	8.528675e+01
2.140000e-06	1.866209e-06	3.531055e-10	1.004623e+01	9.062683e+01
2.150000e-06	1.925684e-06	3.729986e-10	1.036640e+01	9.588891e+01
2.160000e-06	1.985084e-06	3.925793e-10	1.068617e+01	1.010740e+02
2.170000e-06	2.044392e-06	4.114509e-10	1.100543e+01	1.061835e+02
2.180000e-06	2.103482e-06	4.296674e-10	1.132353e+01	1.112191e+02
2.190000e-06	2.162366e-06	4.481593e-10	1.164051e+01	1.161826e+02
2.200000e-06	2.221139e-06	4.664762e-10	1.195690e+01	1.210764e+02
2.210000e-06	2.279712e-06	4.833933e-10	1.227221e+01	1.259025e+02
2.220000e-06	2.337880e-06	4.996524e-10	1.258534e+01	1.306634e+02
2.230000e-06	2.395651e-06	5.165635e-10	1.289634e+01	1.353615e+02
2.240000e-06	2.453123e-06	5.342655e-10	1.320573e+01	1.399990e+02
2.250000e-06	2.510317e-06	5.519585e-10	1.351362e+01	1.445784e+02
2.260000e-06	2.567157e-06	5.679808e-10	1.381960e+01	1.491018e+02
2.270000e-06	2.623736e-06	5.831134e-10	1.412417e+01	1.535711e+02
2.280000e-06	2.680162e-06	5.993951e-10	1.442793e+01	1.579883e+02
2.290000e-06	2.736354e-06	6.167000e-10	1.473042e+01	1.623551e+02
2.300000e-06	2.792370e-06	6.333257e-10	1.503197e+01	1.666729e+02
2.310000e-06	2.848181e-06	6.478522e-10	1.533241e+01	1.709429e+02
2.320000e-06	2.903793e-06	6.613966e-10	1.563179e+01	1.751661e+02
2.330000e-06	2.959358e-06	6.755218e-10	1.593091e+01	1.793433e+02
2.340000e-06	3.014895e-06	6.904978e-10	1.622987e+01	1.834750e+02
2.350000e-06	3.070362e-06	7.057079e-10	1.652846e+01	1.875616e+02
2.360000e-06	3.125677e-06	7.208164e-10	1.682624e+01	1.916033e+02
2.370000e-06	3.180669e-06	7.359459e-10	1.712227e+01	1.955999e+02
2.380000e-06	3.235279e-06	7.506984e-10	1.741625e+01	1.995512e+02
2.390000e-06	3.289686e-06	7.644870e-10	1.770913e+01	2.034570e+02
2.400000e-06	3.343905e-06	7.774136e-10	1.800101e+01	2.073166e+02
2.410000e-06	3.397908e-06	7.902133e-10	1.829172e+01	2.111296e+02
2.420000e-06	3.451735e-06	8.028359e-10	1.858148e+01	2.148954e+02
2.430000e-06	3.505344e-06	8.162746e-10	1.887007e+01	2.186132e+02
2.440000e-06	3.558743e-06	8.307646e-10	1.915753e+01	2.222823e+02
2.450000e-06	3.611926e-06	8.450632e-10	1.944383e+01	2.259020e+02
2.460000e-06	3.664804e-06	8.580312e-10	1.972848e+01	2.294717e+02
2.470000e-06	3.717196e-06	8.695432e-10	2.001052e+01	2.329906e+02
2.480000e-06	3.769215e-06	8.816068e-10	2.029055e+01	2.364581e+02
2.490000e-06	3.821068e-06	8.944216e-10	2.056969e+01	2.398737e+02
2.500000e-06	3.872696e-06	9.061623e-10	2.084761e+01	2.432369e+02
2.510000e-06	3.924086e-06	9.160732e-10	2.112426e+01	2.465472e+02
2.520000e-06	3.975127e-06	9.261155e-10	2.139902e+01	2.498042e+02
2.530000e-06	4.025763e-06	9.387042e-10	2.167161e+01	2.530077e+02
2.540000e-06	4.075996e-06	9.526633e-10	2.194203e+01	2.561576e+02
2.550000e-06	4.125765e-06	9.658482e-10	2.220994e+01	2.592535e+02
2.560000e-06	4.175106e-06	9.774461e-10	2.247555e+01	2.622955e+02
2.570000e-06	4.224028e-06	9.871587e-10	2.273891e+01	2.652836e+02
2.580000e-06	4.272531e-06	9.963042e-10	2.300002e+01	2.682178e+02
2.590000e-06	4.320641e-06	1.006076e-09	2.325900e+01	2.710982e+02
2.600000e-06	4.368460e-06	1.016703e-09	2.351643e+01	2.739250e+02
2.610000e-06	4.416013e-06	1.027584e-09	2.377241e+01	2.766983e+02
2.620000e-06	4.463319e-06	1.038701e-09	2.402707e+01	2.794185e+02
2.630000e-06	4.510379e-06	1.050037e-09	2.428041e+01	2.820858e+02
2.640000e-06	4.557126e-06	1.060197e-09	2.453206e+01	2.847005e+02
2.650000e-06	4.603560e-06	1.068820e-09	2.478202e+01	2.872628e+02
2.660000e-06	4.649610e-06	1.076610e-09	2.502992e+01	2.897733e+02
2.670000e-06	4.695293e-06	1.084194e-09	2.527584e+01	2.922322e+02
2.680000e-06	4.740673e-06	1.092211e-09	2.552013e+01	2.946400e+02
2.690000e-06	4.785687e-06	1.100923e-09	2.576245e+01	2.969972e+02
2.700000e-06	4.830502e-06	1.110198e-09	2.600370e+01	2.993043e+02
2.710000e-06	4.875064e-06	1.118941e-09	2.624359e+01	3.015618e+02
2.720000e-06	4.919156e-06	1.126325e-09	2.648095e+01	3.037704e+02
2.730000e-06	4.962967e-06	1.133156e-09	2.671679e+01	3.059307e+02
2.740000e-06	5.006631e-06	1.140350e-09	2.695185e+01	3.080435e+02
2.750000e-06	5.050143e-06	1.148500e-09	2.718608e+01	3.101095e+02
2.760000e-06	5.093447e-06	1.156116e-09	2.741919e+01	3.121297e+02
2.770000e-06	5.136301e-06	1.162414e-09	2.764989e+01	3.141051e+02
2.780000e-06	5.178440e-06	1.169027e-09	2.787673e+01	3.160367e+02
2.790000e-06	5.219904e-06	1.176306e-09	2.809994e+01	3.179256e+02
2.800000e-06	5.260776e-06	1.183377e-09	2.831997e+01	3.197730e+02
2.810000e-06	5.301058e-06	1.190178e-09	2.853681e+01	3.215803e+02
2.820000e-06	5.340929e-06	1.197398e-09	2.875145e+01	3.233488e+02
2.830000e-06	5.380607e-06	1.205115e-09	2.896504e+01	3.250800e+02
2.840000e-06	5.420084e-06	1.212734e-09	2.917756e+01	3.267753e+02
2.850000e-06	5.459289e-06	1.219249e-09	2.938861e+01	3.284364e+02
2.860000e-06	5.498160e-06	1.224875e-09	2.959786e+01	3.300647e+02
2.870000e-06	5.536649e-06	1.230728e-09	2.980505e+01	3.316618e+02
2.880000e-06	5.574766e-06	1.237315e-09	3.001025e+01	3.332295e+02
2.890000e-06	5.612432e-06	1.244141e-09	3.021301e+01	3.347692e+02
2.900000e-06	5.649718e-06	1.250204e-09	3.041373e+01	3.362824e+02
2.910000e-06	5.686633e-06	1.256266e-09	3.061245e+01	3.377708e+02
2.920000e-06	5.723016e-06	1.262843e-09	3.080831e+01	3.392358e+02
2.930000e-06	5.758969e-06	1.269448e-09	3.100186e+01	3.406786e+02
2.940000e-06	5.794704e-06	1.275439e-09	3.119422e+01	3.421006e+02
2.950000e-06	5.830261e-06	1.280538e-09	3.138563e+01	3.435029e+02
2.960000e-06	5.865606e-06	1.285665e-09	3.157590e+01	3.448864e+02
2.970000e-06	5.900608e-06	1.291069e-09	3.176433e+01	3.462521e+02
2.980000e-06	5.935083e-06	1.296608e-09	3.194992e+01	3.476008e+02
2.990000e-06	5.968833e-06	1.302128e-09	3.213160e+01	3.489329e+02
3.000000e-06	6.001737e-06	1.307021e-09	3.230873e+01	3.502489e+02
3.010000e-06	6.033886e-06	1.311540e-09	3.248179e+01	3.515491e+02
3.020000e-06	6.065615e-06	1.316036e-09	3.265260e+01	3.528336e+02
3.030000e-06	6.097187e-06	1.321181e-09	3.282256e+01	3.541024e+02
3.040000e-06	6.128575e-06	1.327240e-09	3.299153e+01	3.553553e+02
3.050000e-06	6.159522e-06	1.333294e-09	3.315812e+01	3.565920e+02
3.060000e-06	6.190048e-06	1.339087e-09	3.332245e+01	3.578123e+02
3.070000e-06	6.220169e-06	1.345137e-09	3.348460e+01	3.590156e+02
3.080000e-06	6.249753e-06	1.350833e-09	3.364386e+01	3.602013e+02
3.090000e-06	6.278904e-06	1.355214e-09	3.380079e+01	3.613690e+02
3.100000e-06	6.307598e-06	1.358828e-09	3.395525e+01	3.625179e+02
3.110000e-06	6.335782e-06	1.362363e-09	3.410697e+01	3.636475e+02
3.120000e-06	6.363654e-06	1.366372e-09	3.425702e+01	3.647571e+02
3.130000e-06	6.391374e-06	1.371592e-09	3.440623e+01	3.658462e+02
3.140000e-06	6.418897e-06	1.376871e-09	3.455440e+01	3.669143e+02
3.150000e-06	6.446047e-06	1.381678e-09	3.470055e+01	3.679608e+02
3.160000e-06	6.472661e-06	1.386587e-09	3.484382e+01	3.689854e+02
3.170000e-06	6.498486e-06	1.390790e-09	3.498284e+01	3.699878e+02
3.180000e-06	6.523281e-06	1.394347e-09	3.511632e+01	3.709678e+02
3.190000e-06	6.547362e-06	1.397773e-09	3.524596e+01	3.719254e+02
3.200000e-06	6.571136e-06	1.401631e-09	3.537394e+01	3.728606e+02
3.210000e-06	6.594543e-06	1.406209e-09	3.549994e+01	3.737736e+02
3.220000e-06	6.617511e-06	1.412074e-09	3.562358e+01	3.746647e+02
3.230000e-06	6.640006e-06	1.418675e-09	3.574468e+01	3.755342e+02
3.240000e-06	6.662076e-06	1.423532e-09	3.586349e+01	3.763827e+02
3.250000e-06	6.683834e-06	1.426779e-09	3.598062e+01	3.772107e+02
3.260000e-06	6.705138e-06	1.430126e-09	3.609530e+01	3.780189e+02
3.270000e-06	6.725929e-06	1.434091e-09	3.620722e+01	3.788080e+02
3.280000e-06	6.746200e-06	1.438035e-09	3.631634e+01	3.795788e+02
3.290000e-06	6.766025e-06	1.441866e-09	3.642307e+01	3.803320e+02
3.300000e-06	6.785551e-06	1.446282e-09	3.652818e+01	3.810684e+02
3.310000e-06	6.804802e-06	1.450083e-09	3.663181e+01	3.817888e+02
3.320000e-06	6.823716e-06	1.453434e-09	3.673363e+01	3.824938e+02
3.330000e-06	6.841963e-06	1.456845e-09	3.683186e+01	3.831842e+02
3.340000e-06	6.859386e-06	1.460110e-09	3.692565e+01	3.838605e+02
3.350000e-06	6.876254e-06	1.463874e-09	3.701645e+01	3.845231e+02
3.360000e-06	6.892869e-06	1.467760e-09	3.710590e+01	3.851725e+02
3.370000e-06	6.909096e-06	1.470637e-09	3.719325e+01	3.858090e+02
3.380000e-06	6.924901e-06	1.473096e-09	3.727833e+01	3.864326e+02
3.390000e-06	6.940315e-06	1.476127e-09	3.736131e+01	3.870434e+02
3.400000e-06	6.954945e-06	1.479284e-09	3.744007e+01	3.876414e+02
3.410000e-06	6.968829e-06	1.482344e-09	3.751481e+01	3.882261e+02
3.420000e-06	6.982299e-06	1.485488e-09	3.758732e+01	3.887973e+02
3.430000e-06	6.995323e-06	1.488705e-09	3.765743e+01	3.893545e+02
3.440000e-06	7.007713e-06	1.490859e-09	3.772413e+01	3.898972e+02
3.450000e-06	7.019512e-06	1.493141e-09	3.778765e+01	3.904246e+02
3.460000e-06	7.030848e-06	1.497161e-09	3.784867e+01	3.909360e+02
3.470000e-06	7.041716e-06	1.501196e-09	3.790718e+01	3.914307e+02
3.480000e-06	7.051958e-06	1.503200e-09	3.796231e+01	3.919079e+02
3.490000e-06	7.061347e-06	1.504432e-09	3.801285e+01	3.923666e+02
3.500000e-06	7.069888e-06	1.506661e-09	3.805883e+01	3.928062e+02
3.510000e-06	7.077866e-06	1.509287e-09	3.810178e+01	3.932257e+02
3.520000e-06	7.085566e-06	1.512028e-09	3.814323e+01	3.936247e+02
3.530000e-06	7.092964e-06	1.514734e-09	3.818305e+01	3.940023e+02
3.540000e-06	7.099860e-06	1.517286e-09	3.822018e+01	3.943581e+02
3.550000e-06	7.106177e-06	1.520204e-09	3.825419e+01	3.946916e+02
3.560000e-06	7.112017e-06	1.522852e-09	3.828563e+01	3.950026e+02
3.570000e-06	7.117427e-06	1.524570e-09	3.831475e+01	3.952908e+02
3.580000e-06	7.122245e-06	1.526123e-09	3.834068e+01	3.955563e+02
3.590000e-06	7.126525e-06	1.527365e-09	3.836372e+01	3.957992e+02
3.600000e-06	7.130464e-06	1.529181e-09	3.838493e+01	3.960198e+02
3.610000e-06	7.134113e-06	1.532032e-09	3.840457e+01	3.962186e+02
3.620000e-06	7.137411e-06	1.534229e-09	3.842233e+01	3.963960e+02
3.630000e-06	7.140255e-06	1.535864e-09	3.843764e+01	3.965529e+02
3.640000e-06	7.142445e-06	1.537339e-09	3.844942e+01	3.966901e+02
3.650000e-06	7.143798e-06	1.538567e-09	3.845671e+01	3.968085e+02
3.660000e-06	7.144396e-06	1.539779e-09	3.845993e+01	3.969091e+02
3.670000e-06	7.144410e-06	1.540491e-09	3.846000e+01	3.969931e+02
3.680000e-06	7.143992e-06	1.540260e-09	3.845775e+01	3.970616e+02
3.690000e-06	7.143194e-06	1.539859e-09	3.845345e+01	3.971157e+02
3.700000e-06	7.141980e-06	1.540839e-09	3.844692e+01	3.971567e+02
3.710000e-06	7.140309e-06	1.542801e-09	3.843793e+01	3.971856e+02
3.720000e-06	7.138181e-06	1.542845e-09	3.842647e+01	3.972037e+02
3.730000e-06	7.135600e-06	1.539531e-09	3.841257e+01	3.972118e+02
3.740000e-06	7.132550e-06	1.528781e-09	3.839616e+01	3.972110e+02
3.750000e-06	7.129055e-06	1.524317e-09	3.837734e+01	3.972022e+02
3.760000e-06	7.125069e-06	1.567300e-09	3.835588e+01	3.971859e+02
3.770000e-06	7.120403e-06	1.616734e-09	3.833077e+01	3.971629e+02
3.780000e-06	7.114753e-06	1.560563e-09	3.830035e+01	3.971336e+02
3.790000e-06	7.108525e-06	1.461535e-09	3.826683e+01	3.970982e+02
3.800000e-06	7.102201e-06	1.506927e-09	3.823278e+01	3.970569e+02
3.810000e-06	7.095513e-06	1.625521e-09	3.819678e+01	3.970098e+02
3.820000e-06	7.088097e-06	1.577143e-09	3.815686e+01	3.969566e+02
3.830000e-06	7.079965e-06	1.449644e-09	3.811308e+01	3.968971e+02
3.840000e-06	7.071476e-06	1.525249e-09	3.806738e+01	3.968308e+02
3.850000e-06	7.062751e-06	1.683815e-09	3.802041e+01	3.967572e+02
3.860000e-06	7.053475e-06	1.591572e-09	3.797048e+01	3.966757e+02
3.870000e-06	7.043522e-06	1.399479e-09	3.791690e+01	3.965854e+02
3.880000e-06	7.033249e-06	1.490502e-09	3.786159e+01	3.964857e+02
3.890000e-06	7.022646e-06	1.681846e-09	3.780452e+01	3.963756e+02
3.900000e-06	7.011358e-06	1.588575e-09	3.774375e+01	3.962542e+02
3.910000e-06	6.999366e-06	1.434058e-09	3.767920e+01	3.961207e+02
3.920000e-06	6.986983e-06	1.560032e-09	3.761253e+01	3.959742e+02
3.930000e-06	6.974065e-06	1.677030e-09	3.754299e+01	3.958137e+02
3.940000e-06	6.960236e-06	1.520084e-09	3.746855e+01	3.956386e+02
3.950000e-06	6.945667e-06	1.444083e-09	3.739012e+01	3.954480e+02
3.960000e-06	6.930479e-06	1.614716e-09	3.730836e+01	3.952412e+02
3.970000e-06	6.914663e-06	1.645861e-09	3.722322e+01	3.950177e+02
3.980000e-06	6.898369e-06	1.497159e-09	3.713551e+01	3.947770e+02
3.990000e-06	6.881783e-06	1.537353e-09	3.704622e+01	3.945187e+02
4.000000e-06	6.864834e-06	1.649418e-09	3.695498e+01	3.942425e+02
4.010000e-06	6.847281e-06	1.536543e-09	3.686049e+01	3.939482e+02
4.020000e-06	6.829160e-06	1.462929e-09	3.676294e+01	3.936358e+02
4.030000e-06	6.810640e-06	1.612097e-09	3.666324e+01	3.933052e+02
4.040000e-06	6.791703e-06	1.634567e-09	3.656130e+01	3.929567e+02
4.050000e-06	6.772253e-06	1.491271e-09	3.645660e+01	3.925904e+02
4.060000e-06	6.752355e-06	1.529978e-09	3.634948e+01	3.922065e+02
4.070000e-06	6.732112e-06	1.635580e-09	3.624051e+01	3.918056e+02
4.080000e-06	6.711625e-06	1.541705e-09	3.613022e+01	3.913878e+02
4.090000e-06	6.690780e-06	1.484044e-09	3.601801e+01	3.909538e+02
4.100000e-06	6.669263e-06	1.589009e-09	3.590217e+01	3.905038e+02
4.110000e-06	6.646945e-06	1.586979e-09	3.578203e+01	3.900385e+02
4.120000e-06	6.623816e-06	1.504956e-09	3.565753e+01	3.895582e+02
4.130000e-06	6.600123e-06	1.555749e-09	3.552998e+01	3.890634e+02
4.140000e-06	6.576006e-06	1.587155e-09	3.540015e+01	3.885545e+02
4.150000e-06	6.551513e-06	1.505791e-09	3.526830e+01	3.880319e+02
4.160000e-06	6.526762e-06	1.515643e-09	3.513506e+01	3.874958e+02
4.170000e-06	6.501620e-06	1.585887e-09	3.499971e+01	3.869467e+02
4.180000e-06	6.475959e-06	1.547130e-09	3.486158e+01	3.863846e+02
4.190000e-06	6.449863e-06	1.513619e-09	3.472109e+01	3.858097e+02
4.200000e-06	6.423353e-06	1.558366e-09	3.457838e+01	3.852222e+02
4.210000e-06	6.396314e-06	1.548291e-09	3.443283e+01	3.846220e+02
4.220000e-06	6.368675e-06	1.509910e-09	3.428404e+01	3.840091e+02
4.230000e-06	6.340566e-06	1.537452e-09	3.413272e+01	3.833835e+02
4.240000e-06	6.312222e-06	1.549417e-09	3.398014e+01	3.827449e+02
4.250000e-06	6.283654e-06	1.518178e-09	3.382635e+01	3.820934e+02
4.260000e-06	6.254750e-06	1.526572e-09	3.367076e+01	3.814285e+02
4.270000e-06	6.225404e-06	1.545398e-09	3.351278e+01	3.807503e+02
4.280000e-06	6.195287e-06	1.523429e-09	3.335065e+01	3.800583e+02
4.290000e-06	6.164181e-06	1.511009e-09	3.318321e+01	3.793523e+02
4.300000e-06	6.132462e-06	1.524783e-09	3.301245e+01	3.786321e+02
4.310000e-06	6.100415e-06	1.525466e-09	3.283994e+01	3.778976e+02
4.320000e-06	6.068025e-06	1.518805e-09	3.266557e+01	3.771483e+02
4.330000e-06	6.035316e-06	1.519922e-09	3.248949e+01	3.763843e+02
4.340000e-06	6.002195e-06	1.515541e-09	3.231119e+01	3.756051e+02
4.350000e-06	5.968648e-06	1.506344e-09	3.213060e+01	3.748108e+02
4.360000e-06	5.934714e-06	1.505257e-09	3.194793e+01	3.740012e+02
4.370000e-06	5.900403e-06	1.508127e-09	3.176323e+01	3.731761e+02
4.380000e-06	5.865731e-06	1.506016e-09	3.157658e+01	3.723354e+02
4.390000e-06	5.830572e-06	1.500077e-09	3.138731e+01	3.714792e+02
4.400000e-06	5.795023e-06	1.498194e-09	3.119594e+01	3.706072e+02
4.410000e-06	5.759188e-06	1.500268e-09	3.100304e+01	3.697195e+02
4.420000e-06	5.722966e-06	1.496570e-09	3.080804e+01	3.688160e+02
4.430000e-06	5.686398e-06	1.487690e-09	3.061119e+01	3.678965e+02
4.440000e-06	5.649583e-06	1.484919e-09	3.041300e+01	3.669610e+02
4.450000e-06	5.612369e-06	1.487344e-09	3.021267e+01	3.660093e+02
4.460000e-06	5.574494e-06	1.485547e-09	3.000878e+01	3.650412e+02
4.470000e-06	5.535863e-06	1.479636e-09	2.980082e+01	3.640565e+02
4.480000e-06	5.496546e-06	1.474895e-09	2.958917e+01	3.630549e+02
4.490000e-06	5.456781e-06	1.471713e-09	2.937511e+01	3.620360e+02
4.500000e-06	5.416697e-06	1.470072e-09	2.915933e+01	3.609994e+02
4.510000e-06	5.376352e-06	1.471043e-09	2.894214e+01	3.599446e+02
4.520000e-06	5.335808e-06	1.469970e-09	2.872388e+01	3.588711e+02
4.530000e-06	5.294923e-06	1.463860e-09	2.850379e+01	3.577782e+02
4.540000e-06	5.253679e-06	1.458981e-09	2.828176e+01	3.566653e+02
4.550000e-06	5.212097e-06	1.458057e-09	2.805792e+01	3.555316e+02
4.560000e-06	5.170181e-06	1.455473e-09	2.783227e+01	3.543763e+02
4.570000e-06	5.127915e-06	1.449959e-09	2.760475e+01	3.531986e+02
4.580000e-06	5.085249e-06	1.445396e-09	2.737507e+01	3.519977e+02
4.590000e-06	5.042247e-06	1.444040e-09	2.714357e+01	3.507727e+02
4.600000e-06	4.998835e-06	1.443253e-09	2.690988e+01	3.495227e+02
4.610000e-06	4.954996e-06	1.438416e-09	2.667388e+01	3.482468e+02
4.620000e-06	4.910876e-06	1.430177e-09	2.643638e+01	3.469443e+02
4.630000e-06	4.866562e-06	1.424198e-09	2.619782e+01	3.456143e+02
4.640000e-06	4.822109e-06	1.420759e-09	2.595852e+01	3.442562e+02
4.650000e-06	4.777430e-06	1.416743e-09	2.571801e+01	3.428692e+02
4.660000e-06	4.732372e-06	1.411436e-09	2.547545e+01	3.414529e+02
4.670000e-06	4.686784e-06	1.404562e-09	2.523003e+01	3.400066e+02
4.680000e-06	4.640739e-06	1.396698e-09	2.498217e+01	3.385302e+02
4.690000e-06	4.594450e-06	1.391469e-09	2.473298e+01	3.370233e+02
4.700000e-06	4.547831e-06	1.388450e-09	2.448202e+01	3.354857e+02
4.710000e-06	4.500884e-06	1.383584e-09	2.422930e+01	3.339175e+02
4.720000e-06	4.453626e-06	1.376901e-09	2.397489e+01	3.323186e+02
4.730000e-06	4.406108e-06	1.370641e-09	2.371909e+01	3.306895e+02
4.740000e-06	4.358369e-06	1.365358e-09	2.346210e+01	3.290302e+02
4.750000e-06	4.310214e-06	1.360264e-09	2.320287e+01	3.273413e+02
4.760000e-06	4.261699e-06	1.353489e-09	2.294171e+01	3.256231e+02
4.770000e-06	4.212989e-06	1.345331e-09	2.267949e+01	3.238763e+02
4.780000e-06	4.163860e-06	1.338891e-09	2.241502e+01	3.221015e+02
4.790000e-06	4.114184e-06	1.333743e-09	2.214760e+01	3.202991e+02
4.800000e-06	4.064193e-06	1.327288e-09	2.187849e+01	3.184700e+02
4.810000e-06	4.014052e-06	1.318921e-09	2.160857e+01	3.166148e+02
4.820000e-06	3.963598e-06	1.310565e-09	2.133696e+01	3.147339e+02
4.830000e-06	3.912776e-06	1.303083e-09	2.106337e+01	3.128281e+02
4.840000e-06	3.861615e-06	1.295493e-09	2.078796e+01	3.108979e+02
4.850000e-06	3.810122e-06	1.287516e-09	2.051076e+01	3.089436e+02
4.860000e-06	3.758383e-06	1.279578e-09	2.023224e+01	3.069656e+02
4.870000e-06	3.706320e-06	1.272321e-09	1.995197e+01	3.049641e+02
4.880000e-06	3.653927e-06	1.265818e-09	1.966993e+01	3.029393e+02
4.890000e-06	3.601340e-06	1.259362e-09	1.938684e+01	3.008912e+02
4.900000e-06	3.548465e-06	1.252426e-09	1.910220e+01	2.988196e+02
4.910000e-06	3.495211e-06	1.243970e-09	1.881552e+01	2.967242e+02
4.920000e-06	3.441728e-06	1.234355e-09	1.852761e+01	2.946047e+02
4.930000e-06	3.387890e-06	1.225608e-09	1.823779e+01	2.924605e+02
4.940000e-06	3.333638e-06	1.217396e-09	1.794574e+01	2.902910e+02
4.950000e-06	3.279082e-06	1.208336e-09	1.765205e+01	2.880955e+02
4.960000e-06	3.224171e-06	1.198963e-09	1.735645e+01	2.858731e+02
4.970000e-06	3.168978e-06	1.190399e-09	1.705934e+01	2.836230e+02
4.980000e-06	3.113479e-06	1.182550e-09	1.676058e+01	2.813442e+02
4.990000e-06	3.057649e-06	1.173780e-09	1.646003e+01	2.790356e+02
5.000000e-06	3.001608e-06	1.163560e-09	1.615834e+01	2.766963e+02
5.010000e-06	2.945459e-06	1.153576e-09	1.585608e+01	2.743252e+02
5.020000e-06	2.889177e-06	1.143795e-09	1.555310e+01	2.719213e+02
5.030000e-06	2.832646e-06	1.132500e-09	1.524878e+01	2.694836e+02
5.040000e-06	2.775974e-06	1.120931e-09	1.494371e+01	2.670111e+02
5.050000e-06	2.719187e-06	1.110176e-09	1.463801e+01	2.645031e+02
5.060000e-06	2.662246e-06	1.099235e-09	1.433148e+01	2.619585e+02
5.070000e-06	2.605232e-06	1.088585e-09	1.402456e+01	2.593767e+02
5.080000e-06	2.548043e-06	1.078379e-09	1.371670e+01	2.567571e+02
5.090000e-06	2.490604e-06	1.067432e-09	1.340750e+01	2.540989e+02
5.100000e-06	2.433056e-06	1.055789e-09	1.309770e+01	2.514016e+02
5.110000e-06	2.375314e-06	1.043896e-09	1.278686e+01	2.486648e+02
5.120000e-06	2.317194e-06	1.031852e-09	1.247399e+01	2.458881e+02
5.130000e-06	2.258968e-06	1.020747e-09	1.216055e+01	2.430709e+02
5.140000e-06	2.200644e-06	1.009819e-09	1.184657e+01	2.402130e+02
5.150000e-06	2.142009e-06	9.976829e-10	1.153093e+01	2.373139e+02
5.160000e-06	2.083156e-06	9.855140e-10	1.121411e+01	2.343731e+02
5.170000e-06	2.024224e-06	9.738428e-10	1.089686e+01	2.313902e+02
5.180000e-06	1.965229e-06	9.616605e-10	1.057928e+01	2.283646e+02
5.190000e-06	1.906037e-06	9.489556e-10	1.026064e+01	2.252955e+02
5.200000e-06	1.846724e-06	9.354465e-10	9.941338e+00	2.221820e+02
5.210000e-06	1.787330e-06	9.210983e-10	9.621610e+00	2.190231e+02
5.220000e-06	1.727801e-06	9.076311e-10	9.301152e+00	2.158177e+02
5.230000e-06	1.668149e-06	8.952674e-10	8.980028e+00	2.125642e+02
5.240000e-06	1.608423e-06	8.818960e-10	8.658512e+00	2.092609e+02
5.250000e-06	1.548568e-06	8.673306e-10	8.336298e+00	2.059060e+02
5.260000e-06	1.488607e-06	8.535879e-10	8.013513e+00	2.024972e+02
5.270000e-06	1.428594e-06	8.396685e-10	7.690452e+00	1.990322e+02
5.280000e-06	1.368522e-06	8.246742e-10	7.367070e+00	1.955083e+02
5.290000e-06	1.308389e-06	8.094974e-10	7.043357e+00	1.919225e+02
5.300000e-06	1.248175e-06	7.937518e-10	6.719215e+00	1.882718e+02
5.310000e-06	1.187922e-06	7.772260e-10	6.394855e+00	1.845528e+02
5.320000e-06	1.127610e-06	7.606693e-10	6.070186e+00	1.807622e+02
5.330000e-06	1.067271e-06	7.444900e-10	5.745368e+00	1.768963e+02
5.340000e-06	1.006910e-06	7.280054e-10	5.420428e+00	1.729515e+02
5.350000e-06	9.464760e-07	7.113726e-10	5.095098e+00	1.689242e+02
5.360000e-06	8.860353e-07	6.952155e-10	4.769732e+00	1.648107e+02
5.370000e-06	8.256071e-07	6.784585e-10	4.444433e+00	1.606076e+02
5.380000e-06	7.651416e-07	6.601809e-10	4.118933e+00	1.563114e+02
5.390000e-06	7.045972e-07	6.409066e-10	3.793009e+00	1.519191e+02
5.400000e-06	6.439766e-07	6.211965e-10	3.466674e+00	1.474277e+02
5.410000e-06	5.833034e-07	6.017822e-10	3.140057e+00	1.428348e+02
5.420000e-06	5.226557e-07	5.824691e-10	2.813576e+00	1.381384e+02
5.430000e-06	4.619975e-07	5.621672e-10	2.487039e+00	1.333366e+02
5.440000e-06	4.011857e-07	5.414726e-10	2.159675e+00	1.284286e+02
5.450000e-06	3.402927e-07	5.210129e-10	1.831874e+00	1.234138e+02
5.460000e-06	2.794647e-07	5.003369e-10	1.504423e+00	1.182923e+02
5.470000e-06	2.187088e-07	4.789422e-10	1.177360e+00	1.130648e+02
5.480000e-06	1.578307e-07	4.563099e-10	8.496390e-01	1.077328e+02
5.490000e-06	9.697892e-08	4.320148e-10	5.220598e-01	1.022986e+02
5.500000e-06	3.632708e-08	4.073657e-10	1.955570e-01	9.676479e+01
5.510000e-06	-2.435273e-08	3.841602e-10	-1.310964e-01	9.113515e+01
5.520000e-06	-8.516918e-08	3.608521e-10	-4.584853e-01	8.541390e+01
5.530000e-06	-1.460196e-07	3.366088e-10	-7.860570e-01	7.960600e+01
5.540000e-06	-2.068217e-07	3.129719e-10	-1.113369e+00	7.371705e+01
5.550000e-06	-2.676396e-07	2.900000e-10	-1.440766e+00	6.775329e+01
5.560000e-06	-3.284687e-07	2.665247e-10	-1.768223e+00	6.172148e+01
5.570000e-06	-3.893114e-07	2.416854e-10	-2.095753e+00	5.562890e+01
5.580000e-06	-4.501733e-07	2.155378e-10	-2.423386e+00	4.948326e+01
5.590000e-06	-5.109744e-07	1.895539e-10	-2.750692e+00	4.329264e+01
5.600000e-06	-5.717255e-07	1.647255e-10	-3.077730e+00	3.706540e+01
5.610000e-06	-6.323988e-07	1.395411e-10	-3.404348e+00	3.081012e+01
5.620000e-06	-6.929663e-07	1.135530e-10	-3.730397e+00	2.453547e+01
5.630000e-06	-7.535333e-07	8.772804e-11	-4.056443e+00	1.825019e+01
5.640000e-06	-8.140725e-07	6.172770e-11	-4.382339e+00	1.196295e+01
5.650000e-06	-8.745737e-07	3.562818e-11	-4.708031e+00	5.682291e+00
5.660000e-06	-9.350561e-07	9.480889e-12	-5.033622e+00	-5.834589e-01
5.670000e-06	-9.955218e-07	-1.710724e-11	-5.359123e+00	-6.826268e+00
5.680000e-06	-1.055941e-06	-4.368860e-11	-5.684372e+00	-1.303847e+01
5.690000e-06	-1.116198e-06	-6.950570e-11	-6.008749e+00	-1.921283e+01
5.700000e-06	-1.176396e-06	-9.463010e-11	-6.332812e+00	-2.534259e+01
5.710000e-06	-1.236649e-06	-1.203029e-10	-6.657164e+00	-3.142156e+01
5.720000e-06	-1.296869e-06	-1.465891e-10	-6.981346e+00	-3.744411e+01
5.730000e-06	-1.356957e-06	-1.713899e-10	-7.304814e+00	-4.340523e+01
5.740000e-06	-1.416931e-06	-1.940848e-10	-7.627665e+00	-4.930055e+01
5.750000e-06	-1.476808e-06	-2.161310e-10	-7.949999e+00	-5.512635e+01
5.760000e-06	-1.536568e-06	-2.389009e-10	-8.271700e+00	-6.087955e+01
5.770000e-06	-1.596275e-06	-2.631762e-10	-8.593118e+00	-6.655774e+01
5.780000e-06	-1.655956e-06	-2.878771e-10	-8.914392e+00	-7.215913e+01
5.790000e-06	-1.715488e-06	-3.115065e-10	-9.234865e+00	-7.768253e+01
5.800000e-06	-1.774809e-06	-3.346231e-10	-9.554204e+00	-8.312734e+01
5.810000e-06	-1.834002e-06	-3.573582e-10	-9.872856e+00	-8.849350e+01
5.820000e-06	-1.893090e-06	-3.788056e-10	-1.019094e+01	-9.378142e+01
5.830000e-06	-1.952043e-06	-3.996684e-10	-1.050830e+01	-9.899198e+01
5.840000e-06	-2.010848e-06	-4.205805e-10	-1.082486e+01	-1.041264e+02
5.850000e-06	-2.069425e-06	-4.416000e-10	-1.114019e+01	-1.091864e+02
5.860000e-06	-2.127833e-06	-4.637355e-10	-1.145461e+01	-1.141736e+02
5.870000e-06	-2.186193e-06	-4.865012e-10	-1.176878e+01	-1.190903e+02
5.880000e-06	-2.244472e-06	-5.082008e-10	-1.208251e+01	-1.239387e+02
5.890000e-06	-2.302581e-06	-5.285769e-10	-1.239532e+01	-1.287210e+02
5.900000e-06	-2.360496e-06	-5.487415e-10	-1.270709e+01	-1.334397e+02
5.910000e-06	-2.418321e-06	-5.690001e-10	-1.301838e+01	-1.380971e+02
5.920000e-06	-2.475888e-06	-5.882982e-10	-1.332828e+01	-1.426955e+02
5.930000e-06	-2.533150e-06	-6.070522e-10	-1.363653e+01	-1.472372e+02
5.940000e-06	-2.590232e-06	-6.263174e-10	-1.394381e+01	-1.517243e+02
5.950000e-06	-2.647053e-06	-6.463386e-10	-1.424969e+01	-1.561586e+02
5.960000e-06	-2.703643e-06	-6.660659e-10	-1.455433e+01	-1.605420e+02
5.970000e-06	-2.760172e-06	-6.849765e-10	-1.485864e+01	-1.648759e+02
5.980000e-06	-2.816679e-06	-7.035153e-10	-1.516283e+01	-1.691616e+02
5.990000e-06	-2.873049e-06	-7.217893e-10	-1.546628e+01	-1.734002e+02
6.000000e-06	-2.929243e-06	-7.404075e-10	-1.576879e+01	-1.775926e+02
6.010000e-06	-2.985275e-06	-7.591002e-10	-1.607042e+01	-1.817394e+02
6.020000e-06	-3.041255e-06	-7.769603e-10	-1.637177e+01	-1.858410e+02
6.030000e-06	-3.096993e-06	-7.937542e-10	-1.667183e+01	-1.898975e+02
6.040000e-06	-3.152437e-06	-8.101184e-10	-1.697030e+01	-1.939091e+02
6.050000e-06	-3.207611e-06	-8.263164e-10	-1.726731e+01	-1.978755e+02
6.060000e-06	-3.262323e-06	-8.418449e-10	-1.756183e+01	-2.017964e+02
6.070000e-06	-3.316606e-06	-8.571230e-10	-1.785405e+01	-2.056714e+02
6.080000e-06	-3.370563e-06	-8.729050e-10	-1.814451e+01	-2.095000e+02
6.090000e-06	-3.424229e-06	-8.888055e-10	-1.843341e+01	-2.132815e+02
6.100000e-06	-3.477513e-06	-9.049154e-10	-1.872025e+01	-2.170153e+02
6.110000e-06	-3.530414e-06	-9.212459e-10	-1.900503e+01	-2.207006e+02
6.120000e-06	-3.583019e-06	-9.368611e-10	-1.928822e+01	-2.243368e+02
6.130000e-06	-3.635319e-06	-9.522162e-10	-1.956976e+01	-2.279232e+02
6.140000e-06	-3.687261e-06	-9.682723e-10	-1.984937e+01	-2.314590e+02
6.150000e-06	-3.738902e-06	-9.840984e-10	-2.012737e+01	-2.349437e+02
6.160000e-06	-3.790276e-06	-9.986182e-10	-2.040392e+01	-2.383766e+02
6.170000e-06	-3.841364e-06	-1.012753e-09	-2.067894e+01	-2.417572e+02
6.180000e-06	-3.892193e-06	-1.026706e-09	-2.095257e+01	-2.450851e+02
6.190000e-06	-3.942733e-06	-1.040630e-09	-2.122464e+01	-2.483598e+02
6.200000e-06	-3.993083e-06	-1.054206e-09	-2.149568e+01	-2.515812e+02
6.210000e-06	-4.043320e-06	-1.066943e-09	-2.176612e+01	-2.547488e+02
6.220000e-06	-4.093084e-06	-1.080146e-09	-2.203401e+01	-2.578627e+02
6.230000e-06	-4.142245e-06	-1.093804e-09	-2.229866e+01	-2.609226e+02
6.240000e-06	-4.190982e-06	-1.106458e-09	-2.256102e+01	-2.639286e+02
6.250000e-06	-4.239238e-06	-1.118174e-09	-2.282079e+01	-2.668806e+02
6.260000e-06	-4.287125e-06	-1.130235e-09	-2.307858e+01	-2.697789e+02
6.270000e-06	-4.334740e-06	-1.142281e-09	-2.333490e+01	-2.726235e+02
6.280000e-06	-4.382059e-06	-1.154279e-09	-2.358963e+01	-2.754146e+02
6.290000e-06	-4.429134e-06	-1.165878e-09	-2.384305e+01	-2.781524e+02
6.300000e-06	-4.476004e-06	-1.176626e-09	-2.409536e+01	-2.808372e+02
6.310000e-06	-4.522640e-06	-1.186680e-09	-2.434641e+01	-2.834693e+02
6.320000e-06	-4.568985e-06	-1.196656e-09	-2.459589e+01	-2.860490e+02
6.330000e-06	-4.614961e-06	-1.208015e-09	-2.484340e+01	-2.885766e+02
6.340000e-06	-4.660514e-06	-1.219518e-09	-2.508862e+01	-2.910526e+02
6.350000e-06	-4.705661e-06	-1.229434e-09	-2.533165e+01	-2.934774e+02
6.360000e-06	-4.750482e-06	-1.238430e-09	-2.557294e+01	-2.958513e+02
6.370000e-06	-4.795079e-06	-1.247543e-09	-2.581301e+01	-2.981750e+02
6.380000e-06	-4.839475e-06	-1.256761e-09	-2.605201e+01	-3.004489e+02
6.390000e-06	-4.883681e-06	-1.266402e-09	-2.628998e+01	-3.026736e+02
6.400000e-06	-4.927639e-06	-1.276249e-09	-2.652661e+01	-3.048498e+02
6.410000e-06	-4.971381e-06	-1.284638e-09	-2.676209e+01	-3.069783e+02
6.420000e-06	-5.014789e-06	-1.291848e-09	-2.699576e+01	-3.090598e+02
6.430000e-06	-5.057701e-06	-1.299915e-09	-2.722676e+01	-3.110951e+02
6.440000e-06	-5.100250e-06	-1.309572e-09	-2.745582e+01	-3.130852e+02
6.450000e-06	-5.142519e-06	-1.319096e-09	-2.768336e+01	-3.150312e+02
6.460000e-06	-5.184372e-06	-1.327482e-09	-2.790867e+01	-3.169341e+02
6.470000e-06	-5.225781e-06	-1.335080e-09	-2.813158e+01	-3.187952e+02
6.480000e-06	-5.266808e-06	-1.342107e-09	-2.835244e+01	-3.206157e+02
6.490000e-06	-5.307511e-06	-1.348792e-09	-2.857155e+01	-3.223969e+02
6.500000e-06	-5.347974e-06	-1.354709e-09	-2.878937e+01	-3.241403e+02
6.510000e-06	-5.388280e-06	-1.359897e-09	-2.900635e+01	-3.258473e+02
6.520000e-06	-5.428414e-06	-1.365290e-09	-2.922240e+01	-3.275195e+02
6.530000e-06	-5.468120e-06	-1.372228e-09	-2.943615e+01	-3.291585e+02
6.540000e-06	-5.507499e-06	-1.379584e-09	-2.964813e+01	-3.307658e+02
6.550000e-06	-5.546425e-06	-1.385342e-09	-2.985768e+01	-3.323430e+02
6.560000e-06	-5.584543e-06	-1.389735e-09	-3.006288e+01	-3.338918e+02
6.570000e-06	-5.621835e-06	-1.394532e-09	-3.026363e+01	-3.354136e+02
6.580000e-06	-5.658539e-06	-1.400513e-09	-3.046122e+01	-3.369101e+02
6.590000e-06	-5.694948e-06	-1.406651e-09	-3.065721e+01	-3.383826e+02
6.600000e-06	-5.731114e-06	-1.412656e-09	-3.085191e+01	-3.398326e+02
6.610000e-06	-5.767049e-06	-1.419345e-09	-3.104535e+01	-3.412613e+02
6.620000e-06	-5.802584e-06	-1.426261e-09	-3.123665e+01	-3.426700e+02
6.630000e-06	-5.837710e-06	-1.432304e-09	-3.142574e+01	-3.440596e+02
6.640000e-06	-5.872507e-06	-1.437377e-09	-3.161305e+01	-3.454311e+02
6.650000e-06	-5.906889e-06	-1.441138e-09	-3.179814e+01	-3.467853e+02
6.660000e-06	-5.940821e-06	-1.445041e-09	-3.198080e+01	-3.481228e+02
6.670000e-06	-5.974329e-06	-1.450915e-09	-3.216119e+01	-3.494441e+02
6.680000e-06	-6.007424e-06	-1.456816e-09	-3.233934e+01	-3.507494e+02
6.690000e-06	-6.040066e-06	-1.460770e-09	-3.251507e+01	-3.520391e+02
6.700000e-06	-6.072305e-06	-1.463262e-09	-3.268862e+01	-3.533131e+02
6.710000e-06	-6.104341e-06	-1.466192e-09	-3.286107e+01	-3.545712e+02
6.720000e-06	-6.136125e-06	-1.470479e-09	-3.303217e+01	-3.558133e+02
6.730000e-06	-6.167325e-06	-1.474767e-09	-3.320013e+01	-3.570391e+02
6.740000e-06	-6.197684e-06	-1.479213e-09	-3.336356e+01	-3.582480e+02
6.750000e-06	-6.227294e-06	-1.484039e-09	-3.352296e+01	-3.594396e+02
6.760000e-06	-6.256407e-06	-1.488612e-09	-3.367968e+01	-3.606132e+02
6.770000e-06	-6.285112e-06	-1.492908e-09	-3.383420e+01	-3.617684e+02
6.780000e-06	-6.313481e-06	-1.495621e-09	-3.398692e+01	-3.629045e+02
6.790000e-06	-6.341619e-06	-1.497567e-09	-3.413839e+01	-3.640208e+02
6.800000e-06	-6.369401e-06	-1.501211e-09	-3.428795e+01	-3.651167e+02
6.810000e-06	-6.396587e-06	-1.505869e-09	-3.443430e+01	-3.661917e+02
6.820000e-06	-6.423230e-06	-1.510405e-09	-3.457772e+01	-3.672454e+02
6.830000e-06	-6.449438e-06	-1.514121e-09	-3.471881e+01	-3.682773e+02
6.840000e-06	-6.475211e-06	-1.516302e-09	-3.485755e+01	-3.692870e+02
6.850000e-06	-6.500444e-06	-1.517663e-09	-3.499338e+01	-3.702744e+02
6.860000e-06	-6.525095e-06	-1.518971e-09	-3.512609e+01	-3.712394e+02
6.870000e-06	-6.549491e-06	-1.521079e-09	-3.525742e+01	-3.721820e+02
6.880000e-06	-6.573736e-06	-1.523827e-09	-3.538793e+01	-3.731023e+02
6.890000e-06	-6.597745e-06	-1.526844e-09	-3.551718e+01	-3.740006e+02
6.900000e-06	-6.621247e-06	-1.530972e-09	-3.564369e+01	-3.748772e+02
6.910000e-06	-6.643831e-06	-1.534862e-09	-3.576527e+01	-3.757326e+02
6.920000e-06	-6.665516e-06	-1.536514e-09	-3.588200e+01	-3.765673e+02
6.930000e-06	-6.686594e-06	-1.536831e-09	-3.599547e+01	-3.773820e+02
6.940000e-06	-6.707282e-06	-1.538240e-09	-3.610684e+01	-3.781773e+02
6.950000e-06	-6.727677e-06	-1.541395e-09	-3.621663e+01	-3.789540e+02
6.960000e-06	-6.747863e-06	-1.545299e-09	-3.632530e+01	-3.797129e+02
6.970000e-06	-6.767610e-06	-1.548902e-09	-3.643160e+01	-3.804548e+02
6.980000e-06	-6.786747e-06	-1.552034e-09	-3.653462e+01	-3.811804e+02
6.990000e-06	-6.805351e-06	-1.554382e-09	-3.663477e+01	-3.818904e+02
7.000000e-06	-6.823500e-06	-1.556023e-09	-3.673247e+01	-3.825855e+02
7.010000e-06	-6.841177e-06	-1.557429e-09	-3.682763e+01	-3.832663e+02
7.020000e-06	-6.858265e-06	-1.559374e-09	-3.691962e+01	-3.839334e+02
7.030000e-06	-6.875074e-06	-1.561710e-09	-3.701011e+01	-3.845871e+02
7.040000e-06	-6.891677e-06	-1.563655e-09	-3.709948e+01	-3.852278e+02
7.050000e-06	-6.907863e-06	-1.564914e-09	-3.718661e+01	-3.858556e+02
7.060000e-06	-6.923596e-06	-1.565060e-09	-3.727131e+01	-3.864707e+02
7.070000e-06	-6.938592e-06	-1.565691e-09	-3.735204e+01	-3.870728e+02
7.080000e-06	-6.952587e-06	-1.567100e-09	-3.742737e+01	-3.876619e+02
7.090000e-06	-6.965754e-06	-1.569297e-09	-3.749826e+01	-3.882376e+02
7.100000e-06	-6.978530e-06	-1.573078e-09	-3.756703e+01	-3.887995e+02
7.110000e-06	-6.990849e-06	-1.576531e-09	-3.763335e+01	-3.893470e+02
7.120000e-06	-7.002600e-06	-1.577542e-09	-3.769661e+01	-3.898795e+02
7.130000e-06	-7.013819e-06	-1.576638e-09	-3.775700e+01	-3.903963e+02
7.140000e-06	-7.024505e-06	-1.575567e-09	-3.781452e+01	-3.908966e+02
7.150000e-06	-7.034802e-06	-1.575833e-09	-3.786995e+01	-3.913796e+02
7.160000e-06	-7.044688e-06	-1.577572e-09	-3.792317e+01	-3.918445e+02
7.170000e-06	-7.053988e-06	-1.579228e-09	-3.797324e+01	-3.922904e+02
7.180000e-06	-7.062782e-06	-1.579307e-09	-3.802058e+01	-3.927167e+02
7.190000e-06	-7.071294e-06	-1.578796e-09	-3.806640e+01	-3.931225e+02
7.200000e-06	-7.079521e-06	-1.578980e-09	-3.811069e+01	-3.935073e+02
7.210000e-06	-7.087277e-06	-1.578781e-09	-3.815244e+01	-3.938703e+02
7.220000e-06	-7.094341e-06	-1.578091e-09	-3.819047e+01	-3.942112e+02
7.230000e-06	-7.100576e-06	-1.578817e-09	-3.822403e+01	-3.945296e+02
7.240000e-06	-7.106029e-06	-1.580695e-09	-3.825339e+01	-3.948254e+02
7.250000e-06	-7.110905e-06	-1.581838e-09	-3.827964e+01	-3.950984e+02
7.260000e-06	-7.115421e-06	-1.582274e-09	-3.830395e+01	-3.953488e+02
7.270000e-06	-7.119677e-06	-1.583436e-09	-3.832686e+01	-3.955767e+02
7.280000e-06	-7.123547e-06	-1.585710e-09	-3.834769e+01	-3.957826e+02
7.290000e-06	-7.126847e-06	-1.587310e-09	-3.836546e+01	-3.959670e+02
7.300000e-06	-7.129613e-06	-1.586714e-09	-3.838035e+01	-3.961306e+02
7.310000e-06	-7.131987e-06	-1.585172e-09	-3.839312e+01	-3.962742e+02
7.320000e-06	-7.133834e-06	-1.584422e-09	-3.840307e+01	-3.963987e+02
7.330000e-06	-7.135012e-06	-1.583649e-09	-3.840941e+01	-3.965050e+02
7.340000e-06	-7.135614e-06	-1.583727e-09	-3.841265e+01	-3.965944e+02
