# Temperatura_=_6.0
# Concentracion g/m^3_=_7400.0
# C_Vs_to_Am_M_A/Vsm_=_254322799225.57578
# pendiente_HvsI_1/m_=_3716.3
# ordenada_HvsI_A/m_=_1297.0
# frecuencia_Hz_=_136105.55490405345

Tiempo_(s)	Campo_(V.s)	Magnetizacion_(V.s)	Campo_(kA/m)	Magnetizacion_(A/m)
0.000000e+00	-7.150413e-06	-1.470316e-09	-3.843706e+01	-3.703528e+02
1.000000e-08	-7.150429e-06	-1.468311e-09	-3.843715e+01	-3.703512e+02
2.000000e-08	-7.150062e-06	-1.467199e-09	-3.843518e+01	-3.703349e+02
3.000000e-08	-7.149125e-06	-1.467891e-09	-3.843014e+01	-3.703049e+02
4.000000e-08	-7.147452e-06	-1.468263e-09	-3.842115e+01	-3.702621e+02
5.000000e-08	-7.145063e-06	-1.466623e-09	-3.840830e+01	-3.702077e+02
6.000000e-08	-7.142076e-06	-1.465028e-09	-3.839225e+01	-3.701426e+02
7.000000e-08	-7.138579e-06	-1.462258e-09	-3.837345e+01	-3.700682e+02
8.000000e-08	-7.134479e-06	-1.456492e-09	-3.835141e+01	-3.699854e+02
9.000000e-08	-7.129656e-06	-1.466312e-09	-3.832548e+01	-3.698953e+02
1.000000e-07	-7.124262e-06	-1.479417e-09	-3.829649e+01	-3.697990e+02
1.100000e-07	-7.118405e-06	-1.441622e-09	-3.826500e+01	-3.696975e+02
1.200000e-07	-7.112078e-06	-1.409834e-09	-3.823099e+01	-3.695915e+02
1.300000e-07	-7.105496e-06	-1.474344e-09	-3.819561e+01	-3.694819e+02
1.400000e-07	-7.098622e-06	-1.507551e-09	-3.815866e+01	-3.693694e+02
1.500000e-07	-7.091303e-06	-1.420754e-09	-3.811932e+01	-3.692544e+02
1.600000e-07	-7.083524e-06	-1.378712e-09	-3.807750e+01	-3.691373e+02
1.700000e-07	-7.075245e-06	-1.487084e-09	-3.803300e+01	-3.690183e+02
1.800000e-07	-7.066211e-06	-1.524566e-09	-3.798444e+01	-3.688975e+02
1.900000e-07	-7.056562e-06	-1.386518e-09	-3.793257e+01	-3.687748e+02
2.000000e-07	-7.046419e-06	-1.360318e-09	-3.787804e+01	-3.686498e+02
2.100000e-07	-7.035514e-06	-1.508931e-09	-3.781942e+01	-3.685223e+02
2.200000e-07	-7.024056e-06	-1.505931e-09	-3.775783e+01	-3.683915e+02
2.300000e-07	-7.012036e-06	-1.356664e-09	-3.769322e+01	-3.682567e+02
2.400000e-07	-6.999393e-06	-1.387769e-09	-3.762526e+01	-3.681171e+02
2.500000e-07	-6.986181e-06	-1.513105e-09	-3.755424e+01	-3.679718e+02
2.600000e-07	-6.972405e-06	-1.443410e-09	-3.748018e+01	-3.678197e+02
2.700000e-07	-6.957923e-06	-1.351383e-09	-3.740233e+01	-3.676596e+02
2.800000e-07	-6.942670e-06	-1.452900e-09	-3.732034e+01	-3.674904e+02
2.900000e-07	-6.926959e-06	-1.490667e-09	-3.723589e+01	-3.673109e+02
3.000000e-07	-6.910931e-06	-1.373145e-09	-3.714973e+01	-3.671199e+02
3.100000e-07	-6.894319e-06	-1.393161e-09	-3.706043e+01	-3.669161e+02
3.200000e-07	-6.877312e-06	-1.500480e-09	-3.696901e+01	-3.666985e+02
3.300000e-07	-6.859912e-06	-1.411628e-09	-3.687547e+01	-3.664658e+02
3.400000e-07	-6.841873e-06	-1.340535e-09	-3.677850e+01	-3.662172e+02
3.500000e-07	-6.823374e-06	-1.469901e-09	-3.667907e+01	-3.659518e+02
3.600000e-07	-6.804433e-06	-1.482463e-09	-3.657724e+01	-3.656686e+02
3.700000e-07	-6.784974e-06	-1.337099e-09	-3.647265e+01	-3.653670e+02
3.800000e-07	-6.765080e-06	-1.382333e-09	-3.636570e+01	-3.650466e+02
3.900000e-07	-6.744825e-06	-1.489630e-09	-3.625682e+01	-3.647069e+02
4.000000e-07	-6.724212e-06	-1.389808e-09	-3.614602e+01	-3.643477e+02
4.100000e-07	-6.703136e-06	-1.339294e-09	-3.603272e+01	-3.639688e+02
4.200000e-07	-6.681521e-06	-1.449109e-09	-3.591653e+01	-3.635705e+02
4.300000e-07	-6.659391e-06	-1.424123e-09	-3.579757e+01	-3.631528e+02
4.400000e-07	-6.636645e-06	-1.337137e-09	-3.567530e+01	-3.627161e+02
4.500000e-07	-6.613476e-06	-1.412543e-09	-3.555075e+01	-3.622608e+02
4.600000e-07	-6.590094e-06	-1.432961e-09	-3.542507e+01	-3.617875e+02
4.700000e-07	-6.566389e-06	-1.337258e-09	-3.529764e+01	-3.612969e+02
4.800000e-07	-6.542182e-06	-1.372907e-09	-3.516751e+01	-3.607896e+02
4.900000e-07	-6.517384e-06	-1.436678e-09	-3.503421e+01	-3.602664e+02
5.000000e-07	-6.491941e-06	-1.357824e-09	-3.489745e+01	-3.597282e+02
5.100000e-07	-6.465892e-06	-1.342611e-09	-3.475742e+01	-3.591758e+02
5.200000e-07	-6.439200e-06	-1.412334e-09	-3.461394e+01	-3.586099e+02
5.300000e-07	-6.411923e-06	-1.374964e-09	-3.446731e+01	-3.580314e+02
5.400000e-07	-6.384170e-06	-1.336583e-09	-3.431812e+01	-3.574409e+02
5.500000e-07	-6.355994e-06	-1.390252e-09	-3.416666e+01	-3.568393e+02
5.600000e-07	-6.327492e-06	-1.377237e-09	-3.401345e+01	-3.562270e+02
5.700000e-07	-6.298658e-06	-1.332263e-09	-3.385845e+01	-3.556047e+02
5.800000e-07	-6.269436e-06	-1.368440e-09	-3.370137e+01	-3.549727e+02
5.900000e-07	-6.239831e-06	-1.374240e-09	-3.354223e+01	-3.543312e+02
6.000000e-07	-6.209798e-06	-1.329521e-09	-3.338078e+01	-3.536806e+02
6.100000e-07	-6.179257e-06	-1.346166e-09	-3.321661e+01	-3.530210e+02
6.200000e-07	-6.148345e-06	-1.362139e-09	-3.305045e+01	-3.523521e+02
6.300000e-07	-6.117050e-06	-1.329889e-09	-3.288222e+01	-3.516740e+02
6.400000e-07	-6.085366e-06	-1.332881e-09	-3.271190e+01	-3.509863e+02
6.500000e-07	-6.053422e-06	-1.347502e-09	-3.254018e+01	-3.502887e+02
6.600000e-07	-6.020980e-06	-1.323617e-09	-3.236579e+01	-3.495807e+02
6.700000e-07	-5.987714e-06	-1.318406e-09	-3.218697e+01	-3.488617e+02
6.800000e-07	-5.953953e-06	-1.332048e-09	-3.200549e+01	-3.481313e+02
6.900000e-07	-5.919727e-06	-1.317225e-09	-3.182151e+01	-3.473886e+02
7.000000e-07	-5.884879e-06	-1.306816e-09	-3.163418e+01	-3.466329e+02
7.100000e-07	-5.849649e-06	-1.312121e-09	-3.144480e+01	-3.458636e+02
7.200000e-07	-5.814066e-06	-1.303642e-09	-3.125353e+01	-3.450799e+02
7.300000e-07	-5.778131e-06	-1.295785e-09	-3.106036e+01	-3.442810e+02
7.400000e-07	-5.741909e-06	-1.299217e-09	-3.086565e+01	-3.434661e+02
7.500000e-07	-5.705374e-06	-1.292779e-09	-3.066925e+01	-3.426345e+02
7.600000e-07	-5.668498e-06	-1.285438e-09	-3.047103e+01	-3.417856e+02
7.700000e-07	-5.631087e-06	-1.287202e-09	-3.026992e+01	-3.409186e+02
7.800000e-07	-5.593173e-06	-1.283506e-09	-3.006611e+01	-3.400329e+02
7.900000e-07	-5.554862e-06	-1.273594e-09	-2.986018e+01	-3.391281e+02
8.000000e-07	-5.516009e-06	-1.269134e-09	-2.965132e+01	-3.382035e+02
8.100000e-07	-5.476785e-06	-1.264688e-09	-2.944047e+01	-3.372588e+02
8.200000e-07	-5.437287e-06	-1.259800e-09	-2.922815e+01	-3.362936e+02
8.300000e-07	-5.397542e-06	-1.257071e-09	-2.901450e+01	-3.353075e+02
8.400000e-07	-5.357605e-06	-1.252003e-09	-2.879982e+01	-3.343003e+02
8.500000e-07	-5.317195e-06	-1.244401e-09	-2.858260e+01	-3.332718e+02
8.600000e-07	-5.276349e-06	-1.240401e-09	-2.836303e+01	-3.322218e+02
8.700000e-07	-5.235092e-06	-1.237584e-09	-2.814125e+01	-3.311500e+02
8.800000e-07	-5.193275e-06	-1.233890e-09	-2.791646e+01	-3.300565e+02
8.900000e-07	-5.151006e-06	-1.229555e-09	-2.768925e+01	-3.289411e+02
9.000000e-07	-5.108269e-06	-1.224152e-09	-2.745951e+01	-3.278038e+02
9.100000e-07	-5.064971e-06	-1.220461e-09	-2.722677e+01	-3.266444e+02
9.200000e-07	-5.021261e-06	-1.216881e-09	-2.699180e+01	-3.254628e+02
9.300000e-07	-4.977302e-06	-1.211639e-09	-2.675550e+01	-3.242590e+02
9.400000e-07	-4.933123e-06	-1.205152e-09	-2.651802e+01	-3.230329e+02
9.500000e-07	-4.888575e-06	-1.199611e-09	-2.627855e+01	-3.217843e+02
9.600000e-07	-4.843704e-06	-1.195605e-09	-2.603734e+01	-3.205131e+02
9.700000e-07	-4.798682e-06	-1.191358e-09	-2.579533e+01	-3.192191e+02
9.800000e-07	-4.753191e-06	-1.184614e-09	-2.555079e+01	-3.179021e+02
9.900000e-07	-4.707149e-06	-1.176991e-09	-2.530329e+01	-3.165618e+02
1.000000e-06	-4.660832e-06	-1.168976e-09	-2.505432e+01	-3.151980e+02
1.010000e-06	-4.614384e-06	-1.162915e-09	-2.480463e+01	-3.138105e+02
1.020000e-06	-4.567641e-06	-1.157412e-09	-2.455337e+01	-3.123988e+02
1.030000e-06	-4.520610e-06	-1.151302e-09	-2.430055e+01	-3.109628e+02
1.040000e-06	-4.473219e-06	-1.145156e-09	-2.404580e+01	-3.095021e+02
1.050000e-06	-4.425327e-06	-1.139854e-09	-2.378836e+01	-3.080164e+02
1.060000e-06	-4.377239e-06	-1.134507e-09	-2.352986e+01	-3.065053e+02
1.070000e-06	-4.328988e-06	-1.127944e-09	-2.327049e+01	-3.049687e+02
1.080000e-06	-4.280397e-06	-1.120185e-09	-2.300928e+01	-3.034062e+02
1.090000e-06	-4.231333e-06	-1.112814e-09	-2.274554e+01	-3.018175e+02
1.100000e-06	-4.181854e-06	-1.106362e-09	-2.247957e+01	-3.002025e+02
1.110000e-06	-4.131984e-06	-1.099535e-09	-2.221149e+01	-2.985609e+02
1.120000e-06	-4.081612e-06	-1.092226e-09	-2.194071e+01	-2.968926e+02
1.130000e-06	-4.030876e-06	-1.085791e-09	-2.166799e+01	-2.951975e+02
1.140000e-06	-3.979774e-06	-1.079022e-09	-2.139329e+01	-2.934756e+02
1.150000e-06	-3.928249e-06	-1.072615e-09	-2.111631e+01	-2.917267e+02
1.160000e-06	-3.876367e-06	-1.066240e-09	-2.083742e+01	-2.899509e+02
1.170000e-06	-3.824235e-06	-1.058856e-09	-2.055719e+01	-2.881481e+02
1.180000e-06	-3.771861e-06	-1.051541e-09	-2.027565e+01	-2.863186e+02
1.190000e-06	-3.719165e-06	-1.043386e-09	-1.999238e+01	-2.844622e+02
1.200000e-06	-3.666125e-06	-1.035953e-09	-1.970727e+01	-2.825791e+02
1.210000e-06	-3.612953e-06	-1.029350e-09	-1.942144e+01	-2.806695e+02
1.220000e-06	-3.559607e-06	-1.022210e-09	-1.913467e+01	-2.787333e+02
1.230000e-06	-3.505846e-06	-1.014804e-09	-1.884568e+01	-2.767706e+02
1.240000e-06	-3.451877e-06	-1.007418e-09	-1.855557e+01	-2.747814e+02
1.250000e-06	-3.397783e-06	-9.989558e-10	-1.826479e+01	-2.727659e+02
1.260000e-06	-3.343500e-06	-9.902071e-10	-1.797299e+01	-2.707238e+02
1.270000e-06	-3.288909e-06	-9.815296e-10	-1.767954e+01	-2.686552e+02
1.280000e-06	-3.234081e-06	-9.729607e-10	-1.738481e+01	-2.665599e+02
1.290000e-06	-3.179117e-06	-9.649670e-10	-1.708935e+01	-2.644375e+02
1.300000e-06	-3.123909e-06	-9.572611e-10	-1.679258e+01	-2.622880e+02
1.310000e-06	-3.068508e-06	-9.487113e-10	-1.649477e+01	-2.601108e+02
1.320000e-06	-3.012875e-06	-9.394397e-10	-1.619572e+01	-2.579055e+02
1.330000e-06	-2.957002e-06	-9.291001e-10	-1.589537e+01	-2.556716e+02
1.340000e-06	-2.900980e-06	-9.199568e-10	-1.559423e+01	-2.534085e+02
1.350000e-06	-2.844929e-06	-9.125625e-10	-1.529292e+01	-2.511155e+02
1.360000e-06	-2.788728e-06	-9.038449e-10	-1.499082e+01	-2.487918e+02
1.370000e-06	-2.732203e-06	-8.944510e-10	-1.468696e+01	-2.464367e+02
1.380000e-06	-2.675406e-06	-8.860404e-10	-1.438165e+01	-2.440492e+02
1.390000e-06	-2.618440e-06	-8.778921e-10	-1.407543e+01	-2.416285e+02
1.400000e-06	-2.561301e-06	-8.688892e-10	-1.376828e+01	-2.391735e+02
1.410000e-06	-2.503931e-06	-8.589441e-10	-1.345989e+01	-2.366832e+02
1.420000e-06	-2.446333e-06	-8.488568e-10	-1.315027e+01	-2.341565e+02
1.430000e-06	-2.388416e-06	-8.392233e-10	-1.283894e+01	-2.315926e+02
1.440000e-06	-2.330206e-06	-8.299840e-10	-1.252603e+01	-2.289901e+02
1.450000e-06	-2.271694e-06	-8.204350e-10	-1.221150e+01	-2.263481e+02
1.460000e-06	-2.212916e-06	-8.098599e-10	-1.189553e+01	-2.236656e+02
1.470000e-06	-2.153903e-06	-7.991767e-10	-1.157831e+01	-2.209414e+02
1.480000e-06	-2.094774e-06	-7.895348e-10	-1.126046e+01	-2.181744e+02
1.490000e-06	-2.035657e-06	-7.790043e-10	-1.094268e+01	-2.153638e+02
1.500000e-06	-1.976394e-06	-7.665532e-10	-1.062411e+01	-2.125083e+02
1.510000e-06	-1.916994e-06	-7.552771e-10	-1.030481e+01	-2.096071e+02
1.520000e-06	-1.857497e-06	-7.448278e-10	-9.984978e+00	-2.066591e+02
1.530000e-06	-1.797824e-06	-7.338534e-10	-9.664208e+00	-2.036634e+02
1.540000e-06	-1.738008e-06	-7.225769e-10	-9.342667e+00	-2.006188e+02
1.550000e-06	-1.678157e-06	-7.110228e-10	-9.020938e+00	-1.975245e+02
1.560000e-06	-1.618213e-06	-6.994288e-10	-8.698709e+00	-1.943794e+02
1.570000e-06	-1.558218e-06	-6.878642e-10	-8.376206e+00	-1.911825e+02
1.580000e-06	-1.498136e-06	-6.759717e-10	-8.053233e+00	-1.879328e+02
1.590000e-06	-1.437874e-06	-6.632906e-10	-7.729297e+00	-1.846290e+02
1.600000e-06	-1.377559e-06	-6.503158e-10	-7.405071e+00	-1.812700e+02
1.610000e-06	-1.317240e-06	-6.382011e-10	-7.080825e+00	-1.778548e+02
1.620000e-06	-1.256793e-06	-6.268353e-10	-6.755896e+00	-1.743818e+02
1.630000e-06	-1.196229e-06	-6.141826e-10	-6.430332e+00	-1.708499e+02
1.640000e-06	-1.135574e-06	-5.994651e-10	-6.104281e+00	-1.672576e+02
1.650000e-06	-1.074898e-06	-5.849609e-10	-5.778118e+00	-1.636034e+02
1.660000e-06	-1.014296e-06	-5.715117e-10	-5.452351e+00	-1.598859e+02
1.670000e-06	-9.535928e-07	-5.581828e-10	-5.126041e+00	-1.561034e+02
1.680000e-06	-8.927574e-07	-5.442367e-10	-4.799020e+00	-1.522543e+02
1.690000e-06	-8.318738e-07	-5.297118e-10	-4.471740e+00	-1.483369e+02
1.700000e-06	-7.709251e-07	-5.144134e-10	-4.144110e+00	-1.443496e+02
1.710000e-06	-7.099363e-07	-4.994645e-10	-3.816264e+00	-1.402907e+02
1.720000e-06	-6.488936e-07	-4.866535e-10	-3.488129e+00	-1.361586e+02
1.730000e-06	-5.878007e-07	-4.738009e-10	-3.159724e+00	-1.319517e+02
1.740000e-06	-5.266972e-07	-4.587965e-10	-2.831262e+00	-1.276686e+02
1.750000e-06	-4.655777e-07	-4.415328e-10	-2.502714e+00	-1.233078e+02
1.760000e-06	-4.045151e-07	-4.234037e-10	-2.174472e+00	-1.188682e+02
1.770000e-06	-3.433747e-07	-4.057832e-10	-1.845812e+00	-1.143488e+02
1.780000e-06	-2.821542e-07	-3.878576e-10	-1.516721e+00	-1.097488e+02
1.790000e-06	-2.209605e-07	-3.694927e-10	-1.187774e+00	-1.050677e+02
1.800000e-06	-1.597473e-07	-3.524693e-10	-8.587219e-01	-1.003053e+02
1.810000e-06	-9.845322e-08	-3.371342e-10	-5.292355e-01	-9.546158e+01
1.820000e-06	-3.700029e-08	-3.223704e-10	-1.988952e-01	-9.053713e+01
1.830000e-06	2.440999e-08	-3.055654e-10	1.312159e-01	-8.553278e+01
1.840000e-06	8.570302e-08	-2.858205e-10	4.606968e-01	-8.044980e+01
1.850000e-06	1.471239e-07	-2.651599e-10	7.908649e-01	-7.528988e+01
1.860000e-06	2.085192e-07	-2.446881e-10	1.120895e+00	-7.005517e+01
1.870000e-06	2.697104e-07	-2.239411e-10	1.449829e+00	-6.474828e+01
1.880000e-06	3.309028e-07	-2.038194e-10	1.778769e+00	-5.937225e+01
1.890000e-06	3.921076e-07	-1.858188e-10	2.107775e+00	-5.393060e+01
1.900000e-06	4.533044e-07	-1.686428e-10	2.436739e+00	-4.842728e+01
1.910000e-06	5.145151e-07	-1.495347e-10	2.765777e+00	-4.286667e+01
1.920000e-06	5.756446e-07	-1.278206e-10	3.094379e+00	-3.725355e+01
1.930000e-06	6.367235e-07	-1.049871e-10	3.422709e+00	-3.159308e+01
1.940000e-06	6.977244e-07	-8.239779e-11	3.750619e+00	-2.589078e+01
1.950000e-06	7.586300e-07	-6.111889e-11	4.078017e+00	-2.015243e+01
1.960000e-06	8.195573e-07	-4.128057e-11	4.405532e+00	-1.438411e+01
1.970000e-06	8.804108e-07	-2.101377e-11	4.732651e+00	-8.592071e+00
1.980000e-06	9.411746e-07	1.276153e-12	5.059287e+00	-2.782739e+00
1.990000e-06	1.001912e-06	2.277314e-11	5.385779e+00	3.037372e+00
2.000000e-06	1.062504e-06	4.192042e-11	5.711493e+00	8.861703e+00
2.010000e-06	1.123076e-06	6.225277e-11	6.037095e+00	1.468372e+01
2.020000e-06	1.183617e-06	8.395395e-11	6.362538e+00	2.049695e+01
2.030000e-06	1.244104e-06	1.051063e-10	6.687686e+00	2.629508e+01
2.040000e-06	1.304536e-06	1.256642e-10	7.012535e+00	3.207196e+01
2.050000e-06	1.364833e-06	1.473902e-10	7.336664e+00	3.782169e+01
2.060000e-06	1.425136e-06	1.702439e-10	7.660825e+00	4.353867e+01
2.070000e-06	1.485303e-06	1.922422e-10	7.984250e+00	4.921761e+01
2.080000e-06	1.545298e-06	2.132678e-10	8.306754e+00	5.485362e+01
2.090000e-06	1.605234e-06	2.326752e-10	8.628939e+00	6.044220e+01
2.100000e-06	1.665064e-06	2.507926e-10	8.950554e+00	6.597926e+01
2.110000e-06	1.724815e-06	2.692763e-10	9.271750e+00	7.146120e+01
2.120000e-06	1.784480e-06	2.901426e-10	9.592479e+00	7.688484e+01
2.130000e-06	1.844133e-06	3.120393e-10	9.913140e+00	8.224750e+01
2.140000e-06	1.903740e-06	3.320432e-10	1.023356e+01	8.754693e+01
2.150000e-06	1.963194e-06	3.510212e-10	1.055315e+01	9.278136e+01
2.160000e-06	2.022477e-06	3.696495e-10	1.087183e+01	9.794944e+01
2.170000e-06	2.081541e-06	3.879716e-10	1.118933e+01	1.030502e+02
2.180000e-06	2.140511e-06	4.061360e-10	1.150632e+01	1.080832e+02
2.190000e-06	2.199384e-06	4.234653e-10	1.182279e+01	1.130482e+02
2.200000e-06	2.257936e-06	4.403934e-10	1.213754e+01	1.179453e+02
2.210000e-06	2.316256e-06	4.581564e-10	1.245104e+01	1.227750e+02
2.220000e-06	2.374516e-06	4.768882e-10	1.276422e+01	1.275378e+02
2.230000e-06	2.432460e-06	4.938478e-10	1.307569e+01	1.322346e+02
2.240000e-06	2.489947e-06	5.095171e-10	1.338472e+01	1.368664e+02
2.250000e-06	2.547225e-06	5.271478e-10	1.369261e+01	1.414342e+02
2.260000e-06	2.604328e-06	5.460008e-10	1.399957e+01	1.459392e+02
2.270000e-06	2.661096e-06	5.646835e-10	1.430473e+01	1.503825e+02
2.280000e-06	2.717613e-06	5.814535e-10	1.460853e+01	1.547651e+02
2.290000e-06	2.773927e-06	5.955010e-10	1.491125e+01	1.590883e+02
2.300000e-06	2.829959e-06	6.094520e-10	1.521245e+01	1.633528e+02
2.310000e-06	2.885693e-06	6.243722e-10	1.551205e+01	1.675597e+02
2.320000e-06	2.941271e-06	6.393139e-10	1.581081e+01	1.717094e+02
2.330000e-06	2.996847e-06	6.540253e-10	1.610956e+01	1.758027e+02
2.340000e-06	3.052347e-06	6.683980e-10	1.640790e+01	1.798398e+02
2.350000e-06	3.107646e-06	6.827259e-10	1.670516e+01	1.838211e+02
2.360000e-06	3.162775e-06	6.971586e-10	1.700150e+01	1.877464e+02
2.370000e-06	3.217634e-06	7.108646e-10	1.729640e+01	1.916157e+02
2.380000e-06	3.272306e-06	7.237087e-10	1.759029e+01	1.954288e+02
2.390000e-06	3.326851e-06	7.371291e-10	1.788349e+01	1.991851e+02
2.400000e-06	3.381093e-06	7.517450e-10	1.817507e+01	2.028842e+02
2.410000e-06	3.435034e-06	7.654269e-10	1.846503e+01	2.065255e+02
2.420000e-06	3.488695e-06	7.779020e-10	1.875349e+01	2.101082e+02
2.430000e-06	3.542097e-06	7.904266e-10	1.904055e+01	2.136317e+02
2.440000e-06	3.595269e-06	8.027297e-10	1.932638e+01	2.170951e+02
2.450000e-06	3.648286e-06	8.157184e-10	1.961137e+01	2.204977e+02
2.460000e-06	3.700984e-06	8.284949e-10	1.989465e+01	2.238389e+02
2.470000e-06	3.753251e-06	8.395718e-10	2.017561e+01	2.271180e+02
2.480000e-06	3.805325e-06	8.496790e-10	2.045554e+01	2.303346e+02
2.490000e-06	3.857266e-06	8.597259e-10	2.073474e+01	2.334881e+02
2.500000e-06	3.908803e-06	8.712254e-10	2.101178e+01	2.365785e+02
2.510000e-06	3.959988e-06	8.827832e-10	2.128692e+01	2.396054e+02
2.520000e-06	4.010815e-06	8.938500e-10	2.156015e+01	2.425691e+02
2.530000e-06	4.061398e-06	9.048248e-10	2.183206e+01	2.454698e+02
2.540000e-06	4.111732e-06	9.149253e-10	2.210263e+01	2.483079e+02
2.550000e-06	4.161396e-06	9.247923e-10	2.236960e+01	2.510840e+02
2.560000e-06	4.210478e-06	9.341762e-10	2.263344e+01	2.537989e+02
2.570000e-06	4.259155e-06	9.426248e-10	2.289510e+01	2.564536e+02
2.580000e-06	4.307480e-06	9.514175e-10	2.315487e+01	2.590493e+02
2.590000e-06	4.355505e-06	9.612605e-10	2.341303e+01	2.615871e+02
2.600000e-06	4.403202e-06	9.711888e-10	2.366942e+01	2.640686e+02
2.610000e-06	4.450628e-06	9.806228e-10	2.392436e+01	2.664952e+02
2.620000e-06	4.497760e-06	9.904313e-10	2.417772e+01	2.688685e+02
2.630000e-06	4.544736e-06	9.999733e-10	2.443024e+01	2.711903e+02
2.640000e-06	4.591473e-06	1.008587e-09	2.468147e+01	2.734622e+02
2.650000e-06	4.637699e-06	1.016700e-09	2.492996e+01	2.756859e+02
2.660000e-06	4.683720e-06	1.023762e-09	2.517735e+01	2.778632e+02
2.670000e-06	4.729506e-06	1.030018e-09	2.542347e+01	2.799957e+02
2.680000e-06	4.774867e-06	1.036566e-09	2.566731e+01	2.820851e+02
2.690000e-06	4.819796e-06	1.044593e-09	2.590883e+01	2.841329e+02
2.700000e-06	4.864296e-06	1.053174e-09	2.614804e+01	2.861406e+02
2.710000e-06	4.908561e-06	1.060276e-09	2.638598e+01	2.881096e+02
2.720000e-06	4.952604e-06	1.066765e-09	2.662273e+01	2.900411e+02
2.730000e-06	4.996335e-06	1.073740e-09	2.685781e+01	2.919362e+02
2.740000e-06	5.039806e-06	1.080582e-09	2.709149e+01	2.937959e+02
2.750000e-06	5.083090e-06	1.087980e-09	2.732416e+01	2.956212e+02
2.760000e-06	5.126120e-06	1.094661e-09	2.755547e+01	2.974128e+02
2.770000e-06	5.168632e-06	1.100410e-09	2.778399e+01	2.991713e+02
2.780000e-06	5.210478e-06	1.106273e-09	2.800894e+01	3.008973e+02
2.790000e-06	5.251683e-06	1.112233e-09	2.823044e+01	3.025911e+02
2.800000e-06	5.292358e-06	1.119100e-09	2.844909e+01	3.042532e+02
2.810000e-06	5.332634e-06	1.125829e-09	2.866559e+01	3.058839e+02
2.820000e-06	5.372592e-06	1.132492e-09	2.888038e+01	3.074834e+02
2.830000e-06	5.412300e-06	1.139403e-09	2.909383e+01	3.090519e+02
2.840000e-06	5.451704e-06	1.145161e-09	2.930565e+01	3.105896e+02
2.850000e-06	5.490826e-06	1.150320e-09	2.951595e+01	3.120966e+02
2.860000e-06	5.529561e-06	1.155316e-09	2.972417e+01	3.135733e+02
2.870000e-06	5.567866e-06	1.160041e-09	2.993008e+01	3.150199e+02
2.880000e-06	5.605714e-06	1.165258e-09	3.013353e+01	3.164366e+02
2.890000e-06	5.643102e-06	1.171060e-09	3.033451e+01	3.178239e+02
2.900000e-06	5.680127e-06	1.177250e-09	3.053354e+01	3.191822e+02
2.910000e-06	5.716740e-06	1.184135e-09	3.073035e+01	3.205119e+02
2.920000e-06	5.753081e-06	1.190527e-09	3.092570e+01	3.218137e+02
2.930000e-06	5.789115e-06	1.196213e-09	3.111940e+01	3.230882e+02
2.940000e-06	5.824773e-06	1.201086e-09	3.131108e+01	3.243363e+02
2.950000e-06	5.860200e-06	1.205333e-09	3.150152e+01	3.255587e+02
2.960000e-06	5.895163e-06	1.209299e-09	3.168946e+01	3.267563e+02
2.970000e-06	5.929480e-06	1.212552e-09	3.187394e+01	3.279302e+02
2.980000e-06	5.963250e-06	1.217774e-09	3.205546e+01	3.290813e+02
2.990000e-06	5.996587e-06	1.223687e-09	3.223467e+01	3.302106e+02
3.000000e-06	6.029334e-06	1.228114e-09	3.241070e+01	3.313194e+02
3.010000e-06	6.061419e-06	1.231818e-09	3.258318e+01	3.324086e+02
3.020000e-06	6.093108e-06	1.235578e-09	3.275352e+01	3.334793e+02
3.030000e-06	6.124515e-06	1.240016e-09	3.292235e+01	3.345326e+02
3.040000e-06	6.155623e-06	1.243966e-09	3.308957e+01	3.355695e+02
3.050000e-06	6.186301e-06	1.248214e-09	3.325447e+01	3.365909e+02
3.060000e-06	6.216438e-06	1.253144e-09	3.341648e+01	3.375977e+02
3.070000e-06	6.246108e-06	1.257198e-09	3.357597e+01	3.385907e+02
3.080000e-06	6.275388e-06	1.260714e-09	3.373337e+01	3.395706e+02
3.090000e-06	6.304342e-06	1.264187e-09	3.388900e+01	3.405380e+02
3.100000e-06	6.332920e-06	1.267381e-09	3.404263e+01	3.414933e+02
3.110000e-06	6.361038e-06	1.269993e-09	3.419378e+01	3.424370e+02
3.120000e-06	6.388975e-06	1.273918e-09	3.434395e+01	3.433693e+02
3.130000e-06	6.416664e-06	1.279960e-09	3.449280e+01	3.442903e+02
3.140000e-06	6.443868e-06	1.286093e-09	3.463903e+01	3.452000e+02
3.150000e-06	6.470577e-06	1.291088e-09	3.478260e+01	3.460983e+02
3.160000e-06	6.496698e-06	1.294189e-09	3.492302e+01	3.469851e+02
3.170000e-06	6.522128e-06	1.296483e-09	3.505972e+01	3.478601e+02
3.180000e-06	6.546805e-06	1.299231e-09	3.519237e+01	3.487230e+02
3.190000e-06	6.570864e-06	1.302972e-09	3.532170e+01	3.495732e+02
3.200000e-06	6.594436e-06	1.307471e-09	3.544841e+01	3.504104e+02
3.210000e-06	6.617540e-06	1.312701e-09	3.557260e+01	3.512341e+02
3.220000e-06	6.640154e-06	1.319907e-09	3.569416e+01	3.520437e+02
3.230000e-06	6.662378e-06	1.326976e-09	3.581363e+01	3.528387e+02
3.240000e-06	6.684313e-06	1.331099e-09	3.593154e+01	3.536186e+02
3.250000e-06	6.705910e-06	1.332484e-09	3.604763e+01	3.543829e+02
3.260000e-06	6.726994e-06	1.333877e-09	3.616097e+01	3.551310e+02
3.270000e-06	6.747611e-06	1.338506e-09	3.627180e+01	3.558627e+02
3.280000e-06	6.767755e-06	1.343731e-09	3.638009e+01	3.565774e+02
3.290000e-06	6.787503e-06	1.348057e-09	3.648624e+01	3.572750e+02
3.300000e-06	6.807031e-06	1.352146e-09	3.659121e+01	3.579550e+02
3.310000e-06	6.826136e-06	1.355686e-09	3.669391e+01	3.586173e+02
3.320000e-06	6.844651e-06	1.359194e-09	3.679344e+01	3.592618e+02
3.330000e-06	6.862541e-06	1.362817e-09	3.688961e+01	3.598884e+02
3.340000e-06	6.879757e-06	1.366150e-09	3.698215e+01	3.604970e+02
3.350000e-06	6.896467e-06	1.369062e-09	3.707198e+01	3.610877e+02
3.360000e-06	6.912823e-06	1.372661e-09	3.715990e+01	3.616606e+02
3.370000e-06	6.928692e-06	1.376963e-09	3.724520e+01	3.622157e+02
3.380000e-06	6.943904e-06	1.381428e-09	3.732697e+01	3.627531e+02
3.390000e-06	6.958587e-06	1.384847e-09	3.740590e+01	3.632730e+02
3.400000e-06	6.972771e-06	1.387933e-09	3.748215e+01	3.637756e+02
3.410000e-06	6.986364e-06	1.392245e-09	3.755522e+01	3.642609e+02
3.420000e-06	6.999482e-06	1.395674e-09	3.762574e+01	3.647292e+02
3.430000e-06	7.012164e-06	1.397023e-09	3.769391e+01	3.651804e+02
3.440000e-06	7.024337e-06	1.397992e-09	3.775934e+01	3.656147e+02
3.450000e-06	7.035942e-06	1.400419e-09	3.782172e+01	3.660320e+02
3.460000e-06	7.047100e-06	1.404144e-09	3.788170e+01	3.664325e+02
3.470000e-06	7.057718e-06	1.406294e-09	3.793878e+01	3.668160e+02
3.480000e-06	7.067630e-06	1.406973e-09	3.799206e+01	3.671824e+02
3.490000e-06	7.076681e-06	1.408346e-09	3.804071e+01	3.675317e+02
3.500000e-06	7.084966e-06	1.411008e-09	3.808525e+01	3.678635e+02
3.510000e-06	7.092801e-06	1.414289e-09	3.812737e+01	3.681778e+02
3.520000e-06	7.100238e-06	1.417714e-09	3.816735e+01	3.684743e+02
3.530000e-06	7.107326e-06	1.419779e-09	3.820545e+01	3.687528e+02
3.540000e-06	7.114094e-06	1.420956e-09	3.824183e+01	3.690129e+02
3.550000e-06	7.120257e-06	1.423834e-09	3.827496e+01	3.692546e+02
3.560000e-06	7.125855e-06	1.426757e-09	3.830505e+01	3.694774e+02
3.570000e-06	7.131014e-06	1.427107e-09	3.833279e+01	3.696813e+02
3.580000e-06	7.135657e-06	1.427592e-09	3.835774e+01	3.698662e+02
3.590000e-06	7.139775e-06	1.429579e-09	3.837988e+01	3.700318e+02
3.600000e-06	7.143429e-06	1.432255e-09	3.839952e+01	3.701783e+02
3.610000e-06	7.146799e-06	1.435641e-09	3.841764e+01	3.703057e+02
3.620000e-06	7.149714e-06	1.436660e-09	3.843331e+01	3.704141e+02
3.630000e-06	7.152006e-06	1.435358e-09	3.844562e+01	3.705037e+02
3.640000e-06	7.153615e-06	1.435575e-09	3.845428e+01	3.705751e+02
3.650000e-06	7.154468e-06	1.437704e-09	3.845886e+01	3.706285e+02
3.660000e-06	7.154680e-06	1.438084e-09	3.846000e+01	3.706646e+02
3.670000e-06	7.154430e-06	1.437391e-09	3.845866e+01	3.706841e+02
3.680000e-06	7.153806e-06	1.438286e-09	3.845530e+01	3.706876e+02
3.690000e-06	7.152687e-06	1.439237e-09	3.844929e+01	3.706762e+02
3.700000e-06	7.151005e-06	1.440878e-09	3.844025e+01	3.706506e+02
3.710000e-06	7.148940e-06	1.442404e-09	3.842914e+01	3.706120e+02
3.720000e-06	7.146511e-06	1.441867e-09	3.841609e+01	3.705613e+02
3.730000e-06	7.143578e-06	1.441800e-09	3.840032e+01	3.704997e+02
3.740000e-06	7.140112e-06	1.448664e-09	3.838169e+01	3.704282e+02
3.750000e-06	7.136125e-06	1.456099e-09	3.836026e+01	3.703481e+02
3.760000e-06	7.131423e-06	1.431608e-09	3.833498e+01	3.702604e+02
3.770000e-06	7.125980e-06	1.420955e-09	3.830572e+01	3.701660e+02
3.780000e-06	7.120171e-06	1.495959e-09	3.827449e+01	3.700661e+02
3.790000e-06	7.113937e-06	1.479249e-09	3.824099e+01	3.699616e+02
3.800000e-06	7.107228e-06	1.386757e-09	3.820492e+01	3.698531e+02
3.810000e-06	7.100134e-06	1.414650e-09	3.816679e+01	3.697415e+02
3.820000e-06	7.092487e-06	1.515501e-09	3.812568e+01	3.696273e+02
3.830000e-06	7.084286e-06	1.496302e-09	3.808160e+01	3.695109e+02
3.840000e-06	7.075576e-06	1.363322e-09	3.803478e+01	3.693925e+02
3.850000e-06	7.066432e-06	1.393613e-09	3.798562e+01	3.692724e+02
3.860000e-06	7.056879e-06	1.554936e-09	3.793427e+01	3.691503e+02
3.870000e-06	7.046854e-06	1.501485e-09	3.788038e+01	3.690262e+02
3.880000e-06	7.036250e-06	1.317513e-09	3.782338e+01	3.688995e+02
3.890000e-06	7.025206e-06	1.402602e-09	3.776401e+01	3.687699e+02
3.900000e-06	7.013827e-06	1.589629e-09	3.770285e+01	3.686365e+02
3.910000e-06	7.001841e-06	1.473118e-09	3.763842e+01	3.684987e+02
3.920000e-06	6.989081e-06	1.308803e-09	3.756982e+01	3.683554e+02
3.930000e-06	6.975460e-06	1.474536e-09	3.749660e+01	3.682057e+02
3.940000e-06	6.961150e-06	1.595968e-09	3.741968e+01	3.680484e+02
3.950000e-06	6.946265e-06	1.396722e-09	3.733967e+01	3.678824e+02
3.960000e-06	6.930798e-06	1.345574e-09	3.725652e+01	3.677065e+02
3.970000e-06	6.914735e-06	1.565003e-09	3.717017e+01	3.675194e+02
3.980000e-06	6.898215e-06	1.533308e-09	3.708137e+01	3.673200e+02
3.990000e-06	6.881262e-06	1.330159e-09	3.699024e+01	3.671071e+02
4.000000e-06	6.863892e-06	1.454983e-09	3.689687e+01	3.668796e+02
4.010000e-06	6.846050e-06	1.596018e-09	3.680096e+01	3.666365e+02
4.020000e-06	6.827691e-06	1.397438e-09	3.670227e+01	3.663767e+02
4.030000e-06	6.808931e-06	1.344890e-09	3.660142e+01	3.660995e+02
4.040000e-06	6.789834e-06	1.569055e-09	3.649877e+01	3.658042e+02
4.050000e-06	6.770318e-06	1.516930e-09	3.639386e+01	3.654901e+02
4.060000e-06	6.750301e-06	1.327712e-09	3.628626e+01	3.651569e+02
4.070000e-06	6.729956e-06	1.471459e-09	3.617690e+01	3.648042e+02
4.080000e-06	6.709219e-06	1.568366e-09	3.606542e+01	3.644319e+02
4.090000e-06	6.687814e-06	1.378488e-09	3.595036e+01	3.640401e+02
4.100000e-06	6.665723e-06	1.392713e-09	3.583161e+01	3.636288e+02
4.110000e-06	6.643032e-06	1.552495e-09	3.570963e+01	3.631984e+02
4.120000e-06	6.619599e-06	1.438532e-09	3.558367e+01	3.627492e+02
4.130000e-06	6.595600e-06	1.365350e-09	3.545466e+01	3.622819e+02
4.140000e-06	6.571345e-06	1.515120e-09	3.532428e+01	3.617970e+02
4.150000e-06	6.546867e-06	1.479320e-09	3.519270e+01	3.612951e+02
4.160000e-06	6.521937e-06	1.360587e-09	3.505869e+01	3.607772e+02
4.170000e-06	6.496560e-06	1.470030e-09	3.492227e+01	3.602439e+02
4.180000e-06	6.470690e-06	1.502300e-09	3.478321e+01	3.596962e+02
4.190000e-06	6.444308e-06	1.385798e-09	3.464139e+01	3.591347e+02
4.200000e-06	6.417412e-06	1.437758e-09	3.449681e+01	3.585603e+02
4.210000e-06	6.389979e-06	1.494040e-09	3.434935e+01	3.579738e+02
4.220000e-06	6.362196e-06	1.397673e-09	3.420000e+01	3.573758e+02
4.230000e-06	6.334019e-06	1.414778e-09	3.404853e+01	3.567670e+02
4.240000e-06	6.305376e-06	1.481973e-09	3.389457e+01	3.561480e+02
4.250000e-06	6.276438e-06	1.412670e-09	3.373901e+01	3.555192e+02
4.260000e-06	6.247151e-06	1.402631e-09	3.358157e+01	3.548809e+02
4.270000e-06	6.217281e-06	1.465413e-09	3.342101e+01	3.542333e+02
4.280000e-06	6.186767e-06	1.421687e-09	3.325698e+01	3.535767e+02
4.290000e-06	6.155583e-06	1.396173e-09	3.308935e+01	3.529109e+02
4.300000e-06	6.123842e-06	1.443238e-09	3.291873e+01	3.522359e+02
4.310000e-06	6.091762e-06	1.420019e-09	3.274628e+01	3.515515e+02
4.320000e-06	6.059242e-06	1.397355e-09	3.257147e+01	3.508572e+02
4.330000e-06	6.026176e-06	1.433833e-09	3.239373e+01	3.501527e+02
4.340000e-06	5.992687e-06	1.418356e-09	3.221371e+01	3.494375e+02
4.350000e-06	5.958898e-06	1.391185e-09	3.203207e+01	3.487110e+02
4.360000e-06	5.924697e-06	1.414695e-09	3.184822e+01	3.479724e+02
4.370000e-06	5.890008e-06	1.410759e-09	3.166175e+01	3.472212e+02
4.380000e-06	5.854999e-06	1.393576e-09	3.147356e+01	3.464566e+02
4.390000e-06	5.819719e-06	1.409309e-09	3.128392e+01	3.456777e+02
4.400000e-06	5.784099e-06	1.405292e-09	3.109244e+01	3.448840e+02
4.410000e-06	5.748099e-06	1.388716e-09	3.089892e+01	3.440745e+02
4.420000e-06	5.711740e-06	1.399995e-09	3.070348e+01	3.432486e+02
4.430000e-06	5.675039e-06	1.400488e-09	3.050619e+01	3.424055e+02
4.440000e-06	5.637971e-06	1.386537e-09	3.030693e+01	3.415446e+02
4.450000e-06	5.600326e-06	1.388928e-09	3.010457e+01	3.406652e+02
4.460000e-06	5.562073e-06	1.390712e-09	2.989894e+01	3.397669e+02
4.470000e-06	5.523209e-06	1.382700e-09	2.969002e+01	3.388489e+02
4.480000e-06	5.483760e-06	1.381071e-09	2.947797e+01	3.379110e+02
4.490000e-06	5.443890e-06	1.377999e-09	2.926365e+01	3.369527e+02
4.500000e-06	5.403759e-06	1.369819e-09	2.904792e+01	3.359736e+02
4.510000e-06	5.363323e-06	1.367449e-09	2.883055e+01	3.349735e+02
4.520000e-06	5.322465e-06	1.367567e-09	2.861092e+01	3.339521e+02
4.530000e-06	5.281331e-06	1.364235e-09	2.838981e+01	3.329092e+02
4.540000e-06	5.239878e-06	1.360626e-09	2.816698e+01	3.318448e+02
4.550000e-06	5.198032e-06	1.356156e-09	2.794203e+01	3.307585e+02
4.560000e-06	5.155854e-06	1.352511e-09	2.771531e+01	3.296505e+02
4.570000e-06	5.113327e-06	1.351009e-09	2.748670e+01	3.285205e+02
4.580000e-06	5.070414e-06	1.346935e-09	2.725602e+01	3.273684e+02
4.590000e-06	5.027177e-06	1.340772e-09	2.702360e+01	3.261943e+02
4.600000e-06	4.983635e-06	1.338554e-09	2.678954e+01	3.249979e+02
4.610000e-06	4.939775e-06	1.336948e-09	2.655377e+01	3.237793e+02
4.620000e-06	4.895609e-06	1.331480e-09	2.631636e+01	3.225382e+02
4.630000e-06	4.851056e-06	1.325842e-09	2.607686e+01	3.212746e+02
4.640000e-06	4.806293e-06	1.320728e-09	2.583624e+01	3.199882e+02
4.650000e-06	4.761429e-06	1.315642e-09	2.559507e+01	3.186789e+02
4.660000e-06	4.716070e-06	1.310594e-09	2.535125e+01	3.173464e+02
4.670000e-06	4.670360e-06	1.306538e-09	2.510553e+01	3.159905e+02
4.680000e-06	4.624508e-06	1.300467e-09	2.485906e+01	3.146109e+02
4.690000e-06	4.578086e-06	1.292497e-09	2.460951e+01	3.132073e+02
4.700000e-06	4.531257e-06	1.285732e-09	2.435779e+01	3.117795e+02
4.710000e-06	4.484120e-06	1.281573e-09	2.410440e+01	3.103270e+02
4.720000e-06	4.436677e-06	1.277871e-09	2.384937e+01	3.088497e+02
4.730000e-06	4.389134e-06	1.272056e-09	2.359380e+01	3.073471e+02
4.740000e-06	4.341270e-06	1.264761e-09	2.333651e+01	3.058191e+02
4.750000e-06	4.292828e-06	1.260109e-09	2.307611e+01	3.042652e+02
4.760000e-06	4.244019e-06	1.256631e-09	2.281374e+01	3.026853e+02
4.770000e-06	4.194934e-06	1.250147e-09	2.254988e+01	3.010791e+02
4.780000e-06	4.145452e-06	1.242300e-09	2.228389e+01	2.994464e+02
4.790000e-06	4.095710e-06	1.236214e-09	2.201650e+01	2.977870e+02
4.800000e-06	4.045503e-06	1.231836e-09	2.174661e+01	2.961009e+02
4.810000e-06	3.994870e-06	1.227730e-09	2.147444e+01	2.943879e+02
4.820000e-06	3.944072e-06	1.221245e-09	2.120137e+01	2.926480e+02
4.830000e-06	3.893019e-06	1.211865e-09	2.092693e+01	2.908812e+02
4.840000e-06	3.841674e-06	1.202767e-09	2.065093e+01	2.890874e+02
4.850000e-06	3.790110e-06	1.195688e-09	2.037375e+01	2.872668e+02
4.860000e-06	3.738207e-06	1.190665e-09	2.009474e+01	2.854194e+02
4.870000e-06	3.685911e-06	1.185625e-09	1.981362e+01	2.835452e+02
4.880000e-06	3.633320e-06	1.178780e-09	1.953092e+01	2.816444e+02
4.890000e-06	3.580457e-06	1.171847e-09	1.924676e+01	2.797170e+02
4.900000e-06	3.527269e-06	1.165974e-09	1.896084e+01	2.777632e+02
4.910000e-06	3.473760e-06	1.158248e-09	1.867321e+01	2.757829e+02
4.920000e-06	3.419868e-06	1.148180e-09	1.838351e+01	2.737761e+02
4.930000e-06	3.365573e-06	1.138615e-09	1.809165e+01	2.717429e+02
4.940000e-06	3.310932e-06	1.131054e-09	1.779792e+01	2.696832e+02
4.950000e-06	3.256015e-06	1.124130e-09	1.750272e+01	2.675968e+02
4.960000e-06	3.200838e-06	1.117359e-09	1.720611e+01	2.654835e+02
4.970000e-06	3.145393e-06	1.109677e-09	1.690807e+01	2.633431e+02
4.980000e-06	3.089682e-06	1.100310e-09	1.660859e+01	2.611751e+02
4.990000e-06	3.033781e-06	1.090673e-09	1.630810e+01	2.589793e+02
5.000000e-06	2.977613e-06	1.083002e-09	1.600617e+01	2.567550e+02
5.010000e-06	2.921140e-06	1.075360e-09	1.570260e+01	2.545017e+02
5.020000e-06	2.864626e-06	1.064692e-09	1.539880e+01	2.522188e+02
5.030000e-06	2.807995e-06	1.052449e-09	1.509438e+01	2.499054e+02
5.040000e-06	2.751141e-06	1.042710e-09	1.478877e+01	2.475609e+02
5.050000e-06	2.694153e-06	1.034431e-09	1.448243e+01	2.451843e+02
5.060000e-06	2.637111e-06	1.024846e-09	1.417580e+01	2.427748e+02
5.070000e-06	2.579979e-06	1.014309e-09	1.386869e+01	2.403313e+02
5.080000e-06	2.522624e-06	1.003672e-09	1.356037e+01	2.378529e+02
5.090000e-06	2.464985e-06	9.932382e-10	1.325053e+01	2.353385e+02
5.100000e-06	2.407161e-06	9.840853e-10	1.293970e+01	2.327871e+02
5.110000e-06	2.349115e-06	9.737108e-10	1.262768e+01	2.301976e+02
5.120000e-06	2.290870e-06	9.610187e-10	1.231458e+01	2.275689e+02
5.130000e-06	2.232535e-06	9.501995e-10	1.200100e+01	2.249000e+02
5.140000e-06	2.174032e-06	9.409435e-10	1.168652e+01	2.221898e+02
5.150000e-06	2.115346e-06	9.302878e-10	1.137105e+01	2.194373e+02
5.160000e-06	2.056476e-06	9.182814e-10	1.105459e+01	2.166413e+02
5.170000e-06	1.997394e-06	9.061727e-10	1.073700e+01	2.138009e+02
5.180000e-06	1.938266e-06	8.930625e-10	1.041916e+01	2.109151e+02
5.190000e-06	1.879050e-06	8.805576e-10	1.010084e+01	2.079828e+02
5.200000e-06	1.819679e-06	8.692592e-10	9.781691e+00	2.050031e+02
5.210000e-06	1.760226e-06	8.564495e-10	9.462099e+00	2.019749e+02
5.220000e-06	1.700627e-06	8.420982e-10	9.141723e+00	1.988973e+02
5.230000e-06	1.641017e-06	8.295685e-10	8.821292e+00	1.957693e+02
5.240000e-06	1.581352e-06	8.168605e-10	8.500563e+00	1.925898e+02
5.250000e-06	1.521516e-06	8.023898e-10	8.178912e+00	1.893578e+02
5.260000e-06	1.461554e-06	7.890550e-10	7.856585e+00	1.860721e+02
5.270000e-06	1.401543e-06	7.759532e-10	7.533999e+00	1.827317e+02
5.280000e-06	1.341462e-06	7.623851e-10	7.211030e+00	1.793354e+02
5.290000e-06	1.281307e-06	7.475925e-10	6.887667e+00	1.758818e+02
5.300000e-06	1.221015e-06	7.315817e-10	6.563571e+00	1.723697e+02
5.310000e-06	1.160531e-06	7.152909e-10	6.238438e+00	1.687977e+02
5.320000e-06	1.100091e-06	6.987333e-10	5.913541e+00	1.651643e+02
5.330000e-06	1.039711e-06	6.839299e-10	5.588970e+00	1.614681e+02
5.340000e-06	9.793402e-07	6.709724e-10	5.264446e+00	1.577074e+02
5.350000e-06	9.189070e-07	6.573012e-10	4.939587e+00	1.538807e+02
5.360000e-06	8.583828e-07	6.416461e-10	4.614239e+00	1.499863e+02
5.370000e-06	7.978659e-07	6.243416e-10	4.288930e+00	1.460225e+02
5.380000e-06	7.372916e-07	6.065167e-10	3.963313e+00	1.419877e+02
5.390000e-06	6.766210e-07	5.883805e-10	3.637178e+00	1.378802e+02
5.400000e-06	6.157665e-07	5.704207e-10	3.310054e+00	1.336984e+02
5.410000e-06	5.548455e-07	5.527886e-10	2.982573e+00	1.294408e+02
5.420000e-06	4.940274e-07	5.346019e-10	2.655646e+00	1.251061e+02
5.430000e-06	4.330507e-07	5.169575e-10	2.327865e+00	1.206929e+02
5.440000e-06	3.719541e-07	4.995456e-10	1.999440e+00	1.162002e+02
5.450000e-06	3.109657e-07	4.802941e-10	1.671597e+00	1.116272e+02
5.460000e-06	2.500581e-07	4.602578e-10	1.344188e+00	1.069732e+02
5.470000e-06	1.890746e-07	4.399295e-10	1.016371e+00	1.022378e+02
5.480000e-06	1.279657e-07	4.178275e-10	6.878800e-01	9.742119e+01
5.490000e-06	6.677871e-08	3.944171e-10	3.589691e-01	9.252359e+01
5.500000e-06	5.619605e-09	3.724958e-10	3.020820e-02	8.754577e+01
5.510000e-06	-5.549388e-08	3.525792e-10	-2.983075e-01	8.248884e+01
5.520000e-06	-1.166096e-07	3.316416e-10	-6.268351e-01	7.735436e+01
5.530000e-06	-1.777014e-07	3.094015e-10	-9.552343e-01	7.214433e+01
5.540000e-06	-2.387518e-07	2.875168e-10	-1.283411e+00	6.686119e+01
5.550000e-06	-2.997245e-07	2.659855e-10	-1.611170e+00	6.150785e+01
5.560000e-06	-3.607061e-07	2.444732e-10	-1.938976e+00	5.608767e+01
5.570000e-06	-4.217318e-07	2.216414e-10	-2.267020e+00	5.060444e+01
5.580000e-06	-4.827376e-07	1.971540e-10	-2.594957e+00	4.506243e+01
5.590000e-06	-5.437301e-07	1.738656e-10	-2.922823e+00	3.946626e+01
5.600000e-06	-6.046323e-07	1.517828e-10	-3.250203e+00	3.382100e+01
5.610000e-06	-6.654507e-07	1.281552e-10	-3.577132e+00	2.813202e+01
5.620000e-06	-7.262222e-07	1.035793e-10	-3.903809e+00	2.240503e+01
5.630000e-06	-7.868764e-07	7.849715e-11	-4.229856e+00	1.664603e+01
5.640000e-06	-8.474591e-07	5.282639e-11	-4.555519e+00	1.086120e+01
5.650000e-06	-9.079831e-07	2.838018e-11	-4.880865e+00	5.056919e+00
5.660000e-06	-9.684467e-07	4.368122e-12	-5.205887e+00	-7.603156e-01
5.670000e-06	-1.028949e-06	-2.036053e-11	-5.531120e+00	-6.583958e+00
5.680000e-06	-1.089401e-06	-4.494033e-11	-5.856077e+00	-1.240746e+01
5.690000e-06	-1.149739e-06	-6.914721e-11	-6.180425e+00	-1.822432e+01
5.700000e-06	-1.209995e-06	-9.352549e-11	-6.504332e+00	-2.402816e+01
5.710000e-06	-1.270078e-06	-1.187184e-10	-6.827308e+00	-2.981278e+01
5.720000e-06	-1.330108e-06	-1.436951e-10	-7.150001e+00	-3.557219e+01
5.730000e-06	-1.390192e-06	-1.676696e-10	-7.472981e+00	-4.130068e+01
5.740000e-06	-1.450208e-06	-1.899703e-10	-7.795597e+00	-4.699286e+01
5.750000e-06	-1.510139e-06	-2.115077e-10	-8.117754e+00	-5.264369e+01
5.760000e-06	-1.570019e-06	-2.351616e-10	-8.439643e+00	-5.824854e+01
5.770000e-06	-1.629719e-06	-2.608929e-10	-8.760561e+00	-6.380319e+01
5.780000e-06	-1.689311e-06	-2.862640e-10	-9.080893e+00	-6.930387e+01
5.790000e-06	-1.748864e-06	-3.097633e-10	-9.401025e+00	-7.474725e+01
5.800000e-06	-1.808378e-06	-3.324169e-10	-9.720940e+00	-8.013050e+01
5.810000e-06	-1.867753e-06	-3.539950e-10	-1.004011e+01	-8.545121e+01
5.820000e-06	-1.926932e-06	-3.750709e-10	-1.035823e+01	-9.070747e+01
5.830000e-06	-1.985984e-06	-3.967649e-10	-1.067566e+01	-9.589778e+01
5.840000e-06	-2.044942e-06	-4.184083e-10	-1.099259e+01	-1.010211e+02
5.850000e-06	-2.103682e-06	-4.403082e-10	-1.130835e+01	-1.060767e+02
5.860000e-06	-2.162158e-06	-4.629450e-10	-1.162269e+01	-1.110643e+02
5.870000e-06	-2.220519e-06	-4.854246e-10	-1.193640e+01	-1.159840e+02
5.880000e-06	-2.278771e-06	-5.060319e-10	-1.224954e+01	-1.208361e+02
5.890000e-06	-2.336775e-06	-5.254599e-10	-1.256134e+01	-1.256211e+02
5.900000e-06	-2.394491e-06	-5.457011e-10	-1.287159e+01	-1.303398e+02
5.910000e-06	-2.452087e-06	-5.659986e-10	-1.318120e+01	-1.349931e+02
5.920000e-06	-2.509515e-06	-5.854927e-10	-1.348991e+01	-1.395821e+02
5.930000e-06	-2.566810e-06	-6.053455e-10	-1.379789e+01	-1.441079e+02
5.940000e-06	-2.623916e-06	-6.245217e-10	-1.410487e+01	-1.485716e+02
5.950000e-06	-2.680810e-06	-6.430543e-10	-1.441070e+01	-1.529744e+02
5.960000e-06	-2.737631e-06	-6.619469e-10	-1.471614e+01	-1.573173e+02
5.970000e-06	-2.794337e-06	-6.806085e-10	-1.502097e+01	-1.616012e+02
5.980000e-06	-2.850842e-06	-6.986497e-10	-1.532471e+01	-1.658272e+02
5.990000e-06	-2.907128e-06	-7.168385e-10	-1.562727e+01	-1.699959e+02
6.000000e-06	-2.963286e-06	-7.348856e-10	-1.592915e+01	-1.741080e+02
6.010000e-06	-3.019275e-06	-7.518872e-10	-1.623012e+01	-1.781638e+02
6.020000e-06	-3.075075e-06	-7.689333e-10	-1.653008e+01	-1.821636e+02
6.030000e-06	-3.130706e-06	-7.850402e-10	-1.682912e+01	-1.861076e+02
6.040000e-06	-3.186078e-06	-8.008938e-10	-1.712677e+01	-1.899956e+02
6.050000e-06	-3.241171e-06	-8.181057e-10	-1.742292e+01	-1.938274e+02
6.060000e-06	-3.295907e-06	-8.343163e-10	-1.771715e+01	-1.976027e+02
6.070000e-06	-3.350357e-06	-8.493735e-10	-1.800985e+01	-2.013209e+02
6.080000e-06	-3.404533e-06	-8.642369e-10	-1.830108e+01	-2.049816e+02
6.090000e-06	-3.458184e-06	-8.792058e-10	-1.858948e+01	-2.085839e+02
6.100000e-06	-3.511307e-06	-8.946886e-10	-1.887504e+01	-2.121271e+02
6.110000e-06	-3.564058e-06	-9.102604e-10	-1.915860e+01	-2.156106e+02
6.120000e-06	-3.616683e-06	-9.256233e-10	-1.944149e+01	-2.190336e+02
6.130000e-06	-3.669088e-06	-9.404056e-10	-1.972319e+01	-2.223953e+02
6.140000e-06	-3.721216e-06	-9.551456e-10	-2.000341e+01	-2.256952e+02
6.150000e-06	-3.772985e-06	-9.692262e-10	-2.028169e+01	-2.289327e+02
6.160000e-06	-3.824284e-06	-9.815696e-10	-2.055745e+01	-2.321072e+02
6.170000e-06	-3.875354e-06	-9.932481e-10	-2.083198e+01	-2.352186e+02
6.180000e-06	-3.926261e-06	-1.006559e-09	-2.110562e+01	-2.382667e+02
6.190000e-06	-3.976874e-06	-1.019676e-09	-2.137769e+01	-2.412515e+02
6.200000e-06	-4.027179e-06	-1.031025e-09	-2.164811e+01	-2.441731e+02
6.210000e-06	-4.077243e-06	-1.042145e-09	-2.191723e+01	-2.470320e+02
6.220000e-06	-4.127059e-06	-1.054838e-09	-2.218502e+01	-2.498287e+02
6.230000e-06	-4.176541e-06	-1.067543e-09	-2.245101e+01	-2.525639e+02
6.240000e-06	-4.225443e-06	-1.078406e-09	-2.271388e+01	-2.552385e+02
6.250000e-06	-4.273834e-06	-1.089182e-09	-2.297401e+01	-2.578537e+02
6.260000e-06	-4.321801e-06	-1.099685e-09	-2.323185e+01	-2.604107e+02
6.270000e-06	-4.369302e-06	-1.109475e-09	-2.348719e+01	-2.629107e+02
6.280000e-06	-4.416478e-06	-1.118122e-09	-2.374079e+01	-2.653554e+02
6.290000e-06	-4.463422e-06	-1.126534e-09	-2.399314e+01	-2.677464e+02
6.300000e-06	-4.510146e-06	-1.136162e-09	-2.424430e+01	-2.700851e+02
6.310000e-06	-4.556642e-06	-1.147158e-09	-2.449424e+01	-2.723734e+02
6.320000e-06	-4.602841e-06	-1.157630e-09	-2.474258e+01	-2.746130e+02
6.330000e-06	-4.648651e-06	-1.167265e-09	-2.498883e+01	-2.768056e+02
6.340000e-06	-4.694153e-06	-1.175269e-09	-2.523343e+01	-2.789528e+02
6.350000e-06	-4.739257e-06	-1.180729e-09	-2.547589e+01	-2.810564e+02
6.360000e-06	-4.783963e-06	-1.186820e-09	-2.571621e+01	-2.831179e+02
6.370000e-06	-4.828420e-06	-1.194948e-09	-2.595518e+01	-2.851388e+02
6.380000e-06	-4.872717e-06	-1.203939e-09	-2.619331e+01	-2.871205e+02
6.390000e-06	-4.916869e-06	-1.212948e-09	-2.643064e+01	-2.890644e+02
6.400000e-06	-4.960758e-06	-1.221424e-09	-2.666656e+01	-2.909715e+02
6.410000e-06	-5.004423e-06	-1.228878e-09	-2.690129e+01	-2.928429e+02
6.420000e-06	-5.047699e-06	-1.236192e-09	-2.713392e+01	-2.946796e+02
6.430000e-06	-5.090426e-06	-1.244598e-09	-2.736360e+01	-2.964823e+02
6.440000e-06	-5.132820e-06	-1.252853e-09	-2.759149e+01	-2.982517e+02
6.450000e-06	-5.174989e-06	-1.259808e-09	-2.781817e+01	-2.999885e+02
6.460000e-06	-5.216810e-06	-1.267697e-09	-2.804298e+01	-3.016930e+02
6.470000e-06	-5.258143e-06	-1.275444e-09	-2.826516e+01	-3.033657e+02
6.480000e-06	-5.299062e-06	-1.280828e-09	-2.848512e+01	-3.050068e+02
6.490000e-06	-5.339662e-06	-1.286391e-09	-2.870337e+01	-3.066166e+02
6.500000e-06	-5.380033e-06	-1.292299e-09	-2.892038e+01	-3.081954e+02
6.510000e-06	-5.420209e-06	-1.298088e-09	-2.913635e+01	-3.097433e+02
6.520000e-06	-5.460090e-06	-1.304930e-09	-2.935073e+01	-3.112606e+02
6.530000e-06	-5.499574e-06	-1.311673e-09	-2.956298e+01	-3.127474e+02
6.540000e-06	-5.538572e-06	-1.317241e-09	-2.977261e+01	-3.142039e+02
6.550000e-06	-5.577039e-06	-1.321704e-09	-2.997939e+01	-3.156306e+02
6.560000e-06	-5.614819e-06	-1.326216e-09	-3.018247e+01	-3.170276e+02
6.570000e-06	-5.651974e-06	-1.331276e-09	-3.038220e+01	-3.183955e+02
6.580000e-06	-5.688643e-06	-1.336642e-09	-3.057931e+01	-3.197346e+02
6.590000e-06	-5.725007e-06	-1.341692e-09	-3.077479e+01	-3.210456e+02
6.600000e-06	-5.761205e-06	-1.347158e-09	-3.096937e+01	-3.223292e+02
6.610000e-06	-5.797095e-06	-1.353144e-09	-3.116230e+01	-3.235860e+02
6.620000e-06	-5.832609e-06	-1.358439e-09	-3.135321e+01	-3.248168e+02
6.630000e-06	-5.867651e-06	-1.363497e-09	-3.154157e+01	-3.260226e+02
6.640000e-06	-5.902200e-06	-1.367554e-09	-3.172729e+01	-3.272042e+02
6.650000e-06	-5.936279e-06	-1.371027e-09	-3.191048e+01	-3.283628e+02
6.660000e-06	-5.969907e-06	-1.376253e-09	-3.209125e+01	-3.294993e+02
6.670000e-06	-6.003108e-06	-1.381344e-09	-3.226972e+01	-3.306148e+02
6.680000e-06	-6.035917e-06	-1.384963e-09	-3.244609e+01	-3.317104e+02
6.690000e-06	-6.068434e-06	-1.386916e-09	-3.262088e+01	-3.327871e+02
6.700000e-06	-6.100499e-06	-1.388644e-09	-3.279325e+01	-3.338461e+02
6.710000e-06	-6.132187e-06	-1.392760e-09	-3.296359e+01	-3.348883e+02
6.720000e-06	-6.163602e-06	-1.397077e-09	-3.313246e+01	-3.359148e+02
6.730000e-06	-6.194508e-06	-1.399401e-09	-3.329859e+01	-3.369263e+02
6.740000e-06	-6.224555e-06	-1.401880e-09	-3.346011e+01	-3.379239e+02
6.750000e-06	-6.253878e-06	-1.406210e-09	-3.361774e+01	-3.389081e+02
6.760000e-06	-6.282747e-06	-1.410919e-09	-3.377292e+01	-3.398795e+02
6.770000e-06	-6.311189e-06	-1.413850e-09	-3.392581e+01	-3.408388e+02
6.780000e-06	-6.339354e-06	-1.414852e-09	-3.407721e+01	-3.417864e+02
6.790000e-06	-6.367270e-06	-1.417233e-09	-3.422728e+01	-3.427224e+02
6.800000e-06	-6.394719e-06	-1.421018e-09	-3.437483e+01	-3.436471e+02
6.810000e-06	-6.421640e-06	-1.424767e-09	-3.451954e+01	-3.445606e+02
6.820000e-06	-6.448171e-06	-1.427521e-09	-3.466216e+01	-3.454627e+02
6.830000e-06	-6.474258e-06	-1.428064e-09	-3.480239e+01	-3.463534e+02
6.840000e-06	-6.499995e-06	-1.428585e-09	-3.494074e+01	-3.472324e+02
6.850000e-06	-6.525175e-06	-1.430103e-09	-3.507609e+01	-3.480993e+02
6.860000e-06	-6.549733e-06	-1.431283e-09	-3.520811e+01	-3.489538e+02
6.870000e-06	-6.574021e-06	-1.432755e-09	-3.533867e+01	-3.497954e+02
6.880000e-06	-6.598095e-06	-1.435768e-09	-3.546808e+01	-3.506236e+02
6.890000e-06	-6.621903e-06	-1.440611e-09	-3.559606e+01	-3.514379e+02
6.900000e-06	-6.645209e-06	-1.444189e-09	-3.572134e+01	-3.522379e+02
6.910000e-06	-6.667577e-06	-1.445862e-09	-3.584158e+01	-3.530228e+02
6.920000e-06	-6.689129e-06	-1.447696e-09	-3.595743e+01	-3.537924e+02
6.930000e-06	-6.710148e-06	-1.448549e-09	-3.607042e+01	-3.545459e+02
6.940000e-06	-6.730664e-06	-1.448674e-09	-3.618070e+01	-3.552831e+02
6.950000e-06	-6.750860e-06	-1.450257e-09	-3.628926e+01	-3.560035e+02
6.960000e-06	-6.770800e-06	-1.453346e-09	-3.639645e+01	-3.567068e+02
6.970000e-06	-6.790320e-06	-1.455911e-09	-3.650138e+01	-3.573927e+02
6.980000e-06	-6.809236e-06	-1.457628e-09	-3.660307e+01	-3.580610e+02
6.990000e-06	-6.827689e-06	-1.459480e-09	-3.670226e+01	-3.587114e+02
7.000000e-06	-6.845835e-06	-1.461616e-09	-3.679980e+01	-3.593440e+02
7.010000e-06	-6.863469e-06	-1.462454e-09	-3.689460e+01	-3.599586e+02
7.020000e-06	-6.880441e-06	-1.462594e-09	-3.698583e+01	-3.605552e+02
7.030000e-06	-6.897028e-06	-1.462641e-09	-3.707499e+01	-3.611340e+02
7.040000e-06	-6.913333e-06	-1.463408e-09	-3.716264e+01	-3.616950e+02
7.050000e-06	-6.929212e-06	-1.465442e-09	-3.724799e+01	-3.622383e+02
7.060000e-06	-6.944592e-06	-1.465818e-09	-3.733067e+01	-3.627640e+02
7.070000e-06	-6.959270e-06	-1.465004e-09	-3.740957e+01	-3.632723e+02
7.080000e-06	-6.973137e-06	-1.465080e-09	-3.748412e+01	-3.637634e+02
7.090000e-06	-6.986200e-06	-1.466964e-09	-3.755434e+01	-3.642373e+02
7.100000e-06	-6.998724e-06	-1.470005e-09	-3.762166e+01	-3.646942e+02
7.110000e-06	-7.010809e-06	-1.471291e-09	-3.768662e+01	-3.651341e+02
7.120000e-06	-7.022317e-06	-1.470727e-09	-3.774848e+01	-3.655571e+02
7.130000e-06	-7.033247e-06	-1.470294e-09	-3.780724e+01	-3.659632e+02
7.140000e-06	-7.043703e-06	-1.471596e-09	-3.786344e+01	-3.663523e+02
7.150000e-06	-7.053732e-06	-1.473572e-09	-3.791735e+01	-3.667244e+02
7.160000e-06	-7.063277e-06	-1.474136e-09	-3.796866e+01	-3.670794e+02
7.170000e-06	-7.072390e-06	-1.473463e-09	-3.801765e+01	-3.674171e+02
7.180000e-06	-7.081099e-06	-1.472598e-09	-3.806447e+01	-3.677373e+02
7.190000e-06	-7.089489e-06	-1.473015e-09	-3.810957e+01	-3.680397e+02
7.200000e-06	-7.097527e-06	-1.474044e-09	-3.815277e+01	-3.683242e+02
7.210000e-06	-7.105053e-06	-1.473605e-09	-3.819323e+01	-3.685905e+02
7.220000e-06	-7.111665e-06	-1.471823e-09	-3.822877e+01	-3.688383e+02
7.230000e-06	-7.117292e-06	-1.470850e-09	-3.825902e+01	-3.690674e+02
7.240000e-06	-7.122531e-06	-1.471338e-09	-3.828718e+01	-3.692776e+02
7.250000e-06	-7.127384e-06	-1.472220e-09	-3.831327e+01	-3.694688e+02
7.260000e-06	-7.131661e-06	-1.471368e-09	-3.833626e+01	-3.696409e+02
7.270000e-06	-7.135588e-06	-1.470421e-09	-3.835737e+01	-3.697937e+02
7.280000e-06	-7.139164e-06	-1.472261e-09	-3.837659e+01	-3.699274e+02
7.290000e-06	-7.142257e-06	-1.472813e-09	-3.839322e+01	-3.700421e+02
7.300000e-06	-7.144842e-06	-1.471063e-09	-3.840712e+01	-3.701380e+02
7.310000e-06	-7.147047e-06	-1.470008e-09	-3.841897e+01	-3.702154e+02
7.320000e-06	-7.148751e-06	-1.469385e-09	-3.842813e+01	-3.702747e+02
7.330000e-06	-7.149768e-06	-1.469401e-09	-3.843359e+01	-3.703165e+02
7.340000e-06	-7.150221e-06	-1.470564e-09	-3.843603e+01	-3.703414e+02
