# Temperatura_=_-3.6
# Concentracion g/m^3_=_7400.0
# C_Vs_to_Am_M_A/Vsm_=_254322799225.57578
# pendiente_HvsI_1/m_=_3716.3
# ordenada_HvsI_A/m_=_1297.0
# frecuencia_Hz_=_136110.0663342269

Tiempo_(s)	Campo_(V.s)	Magnetizacion_(V.s)	Campo_(kA/m)	Magnetizacion_(A/m)
0.000000e+00	-7.120700e-06	-1.232942e-09	-3.843615e+01	-3.104940e+02
1.000000e-08	-7.120939e-06	-1.231448e-09	-3.843744e+01	-3.105229e+02
2.000000e-08	-7.120904e-06	-1.230442e-09	-3.843725e+01	-3.105406e+02
3.000000e-08	-7.120309e-06	-1.230188e-09	-3.843403e+01	-3.105469e+02
4.000000e-08	-7.118900e-06	-1.230346e-09	-3.842643e+01	-3.105419e+02
5.000000e-08	-7.116647e-06	-1.230100e-09	-3.841427e+01	-3.105256e+02
6.000000e-08	-7.113742e-06	-1.229448e-09	-3.839859e+01	-3.104981e+02
7.000000e-08	-7.110359e-06	-1.232918e-09	-3.838033e+01	-3.104595e+02
8.000000e-08	-7.106588e-06	-1.238760e-09	-3.835997e+01	-3.104099e+02
9.000000e-08	-7.102298e-06	-1.220557e-09	-3.833682e+01	-3.103494e+02
1.000000e-07	-7.097283e-06	-1.178040e-09	-3.830975e+01	-3.102783e+02
1.100000e-07	-7.091571e-06	-1.194979e-09	-3.827892e+01	-3.101966e+02
1.200000e-07	-7.085529e-06	-1.274088e-09	-3.824630e+01	-3.101046e+02
1.300000e-07	-7.079383e-06	-1.265762e-09	-3.821313e+01	-3.100024e+02
1.400000e-07	-7.072579e-06	-1.165311e-09	-3.817640e+01	-3.098903e+02
1.500000e-07	-7.065003e-06	-1.169456e-09	-3.813551e+01	-3.097685e+02
1.600000e-07	-7.057278e-06	-1.283527e-09	-3.809381e+01	-3.096370e+02
1.700000e-07	-7.049569e-06	-1.261435e-09	-3.805220e+01	-3.094961e+02
1.800000e-07	-7.041112e-06	-1.117539e-09	-3.800655e+01	-3.093459e+02
1.900000e-07	-7.031569e-06	-1.147877e-09	-3.795504e+01	-3.091864e+02
2.000000e-07	-7.021446e-06	-1.305978e-09	-3.790039e+01	-3.090177e+02
2.100000e-07	-7.010872e-06	-1.268046e-09	-3.784332e+01	-3.088398e+02
2.200000e-07	-6.999733e-06	-1.111994e-09	-3.778319e+01	-3.086527e+02
2.300000e-07	-6.987947e-06	-1.153993e-09	-3.771957e+01	-3.084563e+02
2.400000e-07	-6.975648e-06	-1.274758e-09	-3.765319e+01	-3.082505e+02
2.500000e-07	-6.962862e-06	-1.208898e-09	-3.758417e+01	-3.080351e+02
2.600000e-07	-6.949413e-06	-1.125275e-09	-3.751157e+01	-3.078099e+02
2.700000e-07	-6.935441e-06	-1.209308e-09	-3.743616e+01	-3.075746e+02
2.800000e-07	-6.920903e-06	-1.247772e-09	-3.735768e+01	-3.073290e+02
2.900000e-07	-6.905468e-06	-1.159698e-09	-3.727437e+01	-3.070727e+02
3.000000e-07	-6.889372e-06	-1.168378e-09	-3.718749e+01	-3.068054e+02
3.100000e-07	-6.872829e-06	-1.233628e-09	-3.709819e+01	-3.065266e+02
3.200000e-07	-6.855843e-06	-1.167702e-09	-3.700650e+01	-3.062360e+02
3.300000e-07	-6.838453e-06	-1.131421e-09	-3.691263e+01	-3.059331e+02
3.400000e-07	-6.820714e-06	-1.240962e-09	-3.681688e+01	-3.056175e+02
3.500000e-07	-6.802547e-06	-1.239328e-09	-3.671882e+01	-3.052888e+02
3.600000e-07	-6.783721e-06	-1.112688e-09	-3.661720e+01	-3.049465e+02
3.700000e-07	-6.764329e-06	-1.145760e-09	-3.651252e+01	-3.045903e+02
3.800000e-07	-6.744673e-06	-1.244957e-09	-3.640643e+01	-3.042196e+02
3.900000e-07	-6.724797e-06	-1.174261e-09	-3.629914e+01	-3.038343e+02
4.000000e-07	-6.704418e-06	-1.115778e-09	-3.618914e+01	-3.034338e+02
4.100000e-07	-6.683366e-06	-1.197458e-09	-3.607551e+01	-3.030179e+02
4.200000e-07	-6.661785e-06	-1.201284e-09	-3.595902e+01	-3.025864e+02
4.300000e-07	-6.639812e-06	-1.130364e-09	-3.584041e+01	-3.021390e+02
4.400000e-07	-6.617405e-06	-1.164996e-09	-3.571946e+01	-3.016754e+02
4.500000e-07	-6.594462e-06	-1.192023e-09	-3.559562e+01	-3.011956e+02
4.600000e-07	-6.571109e-06	-1.127556e-09	-3.546956e+01	-3.006995e+02
4.700000e-07	-6.547466e-06	-1.139793e-09	-3.534194e+01	-3.001869e+02
4.800000e-07	-6.523570e-06	-1.198913e-09	-3.521296e+01	-2.996579e+02
4.900000e-07	-6.499290e-06	-1.151737e-09	-3.508190e+01	-2.991125e+02
5.000000e-07	-6.474387e-06	-1.111770e-09	-3.494748e+01	-2.985507e+02
5.100000e-07	-6.448705e-06	-1.161557e-09	-3.480885e+01	-2.979727e+02
5.200000e-07	-6.422123e-06	-1.162029e-09	-3.466537e+01	-2.973786e+02
5.300000e-07	-6.394906e-06	-1.119905e-09	-3.451845e+01	-2.967685e+02
5.400000e-07	-6.367372e-06	-1.141022e-09	-3.436983e+01	-2.961427e+02
5.500000e-07	-6.339681e-06	-1.155024e-09	-3.422036e+01	-2.955015e+02
5.600000e-07	-6.311639e-06	-1.120727e-09	-3.406899e+01	-2.948450e+02
5.700000e-07	-6.283104e-06	-1.122546e-09	-3.391497e+01	-2.941735e+02
5.800000e-07	-6.254178e-06	-1.139934e-09	-3.375883e+01	-2.934874e+02
5.900000e-07	-6.224827e-06	-1.116893e-09	-3.360040e+01	-2.927869e+02
6.000000e-07	-6.195011e-06	-1.107722e-09	-3.343946e+01	-2.920723e+02
6.100000e-07	-6.164749e-06	-1.126010e-09	-3.327611e+01	-2.913441e+02
6.200000e-07	-6.133878e-06	-1.119088e-09	-3.310948e+01	-2.906025e+02
6.300000e-07	-6.102475e-06	-1.102979e-09	-3.293997e+01	-2.898478e+02
6.400000e-07	-6.070910e-06	-1.105244e-09	-3.276959e+01	-2.890805e+02
6.500000e-07	-6.039258e-06	-1.102591e-09	-3.259874e+01	-2.883008e+02
6.600000e-07	-6.007306e-06	-1.093706e-09	-3.242626e+01	-2.875091e+02
6.700000e-07	-5.974804e-06	-1.095610e-09	-3.225083e+01	-2.867057e+02
6.800000e-07	-5.941591e-06	-1.095211e-09	-3.207155e+01	-2.858909e+02
6.900000e-07	-5.907643e-06	-1.084841e-09	-3.188831e+01	-2.850650e+02
7.000000e-07	-5.873066e-06	-1.076904e-09	-3.170166e+01	-2.842284e+02
7.100000e-07	-5.838073e-06	-1.073426e-09	-3.151278e+01	-2.833813e+02
7.200000e-07	-5.802741e-06	-1.070608e-09	-3.132206e+01	-2.825239e+02
7.300000e-07	-5.767016e-06	-1.067771e-09	-3.112922e+01	-2.816565e+02
7.400000e-07	-5.731033e-06	-1.063938e-09	-3.093500e+01	-2.807793e+02
7.500000e-07	-5.694765e-06	-1.060939e-09	-3.073923e+01	-2.798923e+02
7.600000e-07	-5.658042e-06	-1.059374e-09	-3.054101e+01	-2.789957e+02
7.700000e-07	-5.620892e-06	-1.054614e-09	-3.034048e+01	-2.780896e+02
7.800000e-07	-5.583368e-06	-1.046328e-09	-3.013793e+01	-2.771740e+02
7.900000e-07	-5.545345e-06	-1.038722e-09	-2.993269e+01	-2.762488e+02
8.000000e-07	-5.506775e-06	-1.034621e-09	-2.972449e+01	-2.753139e+02
8.100000e-07	-5.467715e-06	-1.032976e-09	-2.951366e+01	-2.743691e+02
8.200000e-07	-5.428500e-06	-1.030384e-09	-2.930198e+01	-2.734143e+02
8.300000e-07	-5.389132e-06	-1.024306e-09	-2.908948e+01	-2.724489e+02
8.400000e-07	-5.349426e-06	-1.017044e-09	-2.887516e+01	-2.714727e+02
8.500000e-07	-5.309497e-06	-1.012783e-09	-2.865963e+01	-2.704851e+02
8.600000e-07	-5.269164e-06	-1.009810e-09	-2.844192e+01	-2.694855e+02
8.700000e-07	-5.228388e-06	-1.004312e-09	-2.822182e+01	-2.684733e+02
8.800000e-07	-5.187228e-06	-9.973745e-10	-2.799964e+01	-2.674477e+02
8.900000e-07	-5.145493e-06	-9.920626e-10	-2.777437e+01	-2.664078e+02
9.000000e-07	-5.103039e-06	-9.885926e-10	-2.754521e+01	-2.653527e+02
9.100000e-07	-5.059920e-06	-9.849290e-10	-2.731246e+01	-2.642815e+02
9.200000e-07	-5.016415e-06	-9.799921e-10	-2.707763e+01	-2.631929e+02
9.300000e-07	-4.972736e-06	-9.740363e-10	-2.684186e+01	-2.620858e+02
9.400000e-07	-4.928868e-06	-9.684957e-10	-2.660507e+01	-2.609591e+02
9.500000e-07	-4.884658e-06	-9.644821e-10	-2.636643e+01	-2.598115e+02
9.600000e-07	-4.840131e-06	-9.597099e-10	-2.612608e+01	-2.586417e+02
9.700000e-07	-4.795304e-06	-9.529127e-10	-2.588411e+01	-2.574483e+02
9.800000e-07	-4.750163e-06	-9.459163e-10	-2.564045e+01	-2.562301e+02
9.900000e-07	-4.704515e-06	-9.405125e-10	-2.539405e+01	-2.549857e+02
1.000000e-06	-4.658397e-06	-9.359776e-10	-2.514512e+01	-2.537138e+02
1.010000e-06	-4.612088e-06	-9.318831e-10	-2.489515e+01	-2.524132e+02
1.020000e-06	-4.565604e-06	-9.271042e-10	-2.464424e+01	-2.510828e+02
1.030000e-06	-4.518794e-06	-9.213731e-10	-2.439157e+01	-2.497212e+02
1.040000e-06	-4.471669e-06	-9.159045e-10	-2.413719e+01	-2.483276e+02
1.050000e-06	-4.424321e-06	-9.104647e-10	-2.388162e+01	-2.469009e+02
1.060000e-06	-4.376711e-06	-9.043944e-10	-2.362463e+01	-2.454404e+02
1.070000e-06	-4.328867e-06	-8.979786e-10	-2.336638e+01	-2.439452e+02
1.080000e-06	-4.280764e-06	-8.918937e-10	-2.310673e+01	-2.424150e+02
1.090000e-06	-4.232354e-06	-8.855874e-10	-2.284542e+01	-2.408491e+02
1.100000e-06	-4.183496e-06	-8.784584e-10	-2.258170e+01	-2.392475e+02
1.110000e-06	-4.133857e-06	-8.716303e-10	-2.231375e+01	-2.376098e+02
1.120000e-06	-4.083678e-06	-8.655340e-10	-2.204289e+01	-2.359363e+02
1.130000e-06	-4.033288e-06	-8.594067e-10	-2.177090e+01	-2.342270e+02
1.140000e-06	-3.982605e-06	-8.524821e-10	-2.149732e+01	-2.324824e+02
1.150000e-06	-3.931547e-06	-8.447853e-10	-2.122172e+01	-2.307028e+02
1.160000e-06	-3.880065e-06	-8.376633e-10	-2.094383e+01	-2.288891e+02
1.170000e-06	-3.828355e-06	-8.311412e-10	-2.066471e+01	-2.270418e+02
1.180000e-06	-3.776369e-06	-8.243694e-10	-2.038410e+01	-2.251619e+02
1.190000e-06	-3.724076e-06	-8.162609e-10	-2.010184e+01	-2.232504e+02
1.200000e-06	-3.671529e-06	-8.082921e-10	-1.981819e+01	-2.213082e+02
1.210000e-06	-3.618645e-06	-8.019609e-10	-1.953274e+01	-2.193366e+02
1.220000e-06	-3.565589e-06	-7.958099e-10	-1.924635e+01	-2.173367e+02
1.230000e-06	-3.512427e-06	-7.886007e-10	-1.895940e+01	-2.153096e+02
1.240000e-06	-3.458937e-06	-7.797290e-10	-1.867066e+01	-2.132566e+02
1.250000e-06	-3.405113e-06	-7.698795e-10	-1.838014e+01	-2.111788e+02
1.260000e-06	-3.351052e-06	-7.604510e-10	-1.808832e+01	-2.090773e+02
1.270000e-06	-3.296662e-06	-7.514282e-10	-1.779474e+01	-2.069532e+02
1.280000e-06	-3.241997e-06	-7.433344e-10	-1.749967e+01	-2.048075e+02
1.290000e-06	-3.187212e-06	-7.359634e-10	-1.720395e+01	-2.026410e+02
1.300000e-06	-3.132204e-06	-7.285973e-10	-1.690702e+01	-2.004546e+02
1.310000e-06	-3.076954e-06	-7.210273e-10	-1.660880e+01	-1.982488e+02
1.320000e-06	-3.021501e-06	-7.129429e-10	-1.630947e+01	-1.960241e+02
1.330000e-06	-2.965910e-06	-7.031751e-10	-1.600940e+01	-1.937810e+02
1.340000e-06	-2.910227e-06	-6.927894e-10	-1.570884e+01	-1.915196e+02
1.350000e-06	-2.854477e-06	-6.838819e-10	-1.540791e+01	-1.892400e+02
1.360000e-06	-2.798527e-06	-6.751913e-10	-1.510590e+01	-1.869420e+02
1.370000e-06	-2.742384e-06	-6.663782e-10	-1.480285e+01	-1.846255e+02
1.380000e-06	-2.686168e-06	-6.584936e-10	-1.449941e+01	-1.822899e+02
1.390000e-06	-2.629766e-06	-6.506854e-10	-1.419496e+01	-1.799347e+02
1.400000e-06	-2.573157e-06	-6.417648e-10	-1.388940e+01	-1.775592e+02
1.410000e-06	-2.516291e-06	-6.318235e-10	-1.358245e+01	-1.751626e+02
1.420000e-06	-2.459210e-06	-6.212487e-10	-1.327433e+01	-1.727440e+02
1.430000e-06	-2.401870e-06	-6.113163e-10	-1.296483e+01	-1.703024e+02
1.440000e-06	-2.344122e-06	-6.023630e-10	-1.265311e+01	-1.678366e+02
1.450000e-06	-2.286079e-06	-5.934861e-10	-1.233981e+01	-1.653455e+02
1.460000e-06	-2.227914e-06	-5.841379e-10	-1.202584e+01	-1.628280e+02
1.470000e-06	-2.169439e-06	-5.738692e-10	-1.171021e+01	-1.602828e+02
1.480000e-06	-2.110629e-06	-5.637557e-10	-1.139276e+01	-1.577086e+02
1.490000e-06	-2.051643e-06	-5.539504e-10	-1.107437e+01	-1.551044e+02
1.500000e-06	-1.992499e-06	-5.435009e-10	-1.075512e+01	-1.524688e+02
1.510000e-06	-1.933164e-06	-5.329384e-10	-1.043484e+01	-1.498008e+02
1.520000e-06	-1.873739e-06	-5.222610e-10	-1.011408e+01	-1.470994e+02
1.530000e-06	-1.814348e-06	-5.111403e-10	-9.793494e+00	-1.443634e+02
1.540000e-06	-1.754889e-06	-4.994989e-10	-9.472547e+00	-1.415920e+02
1.550000e-06	-1.695270e-06	-4.879795e-10	-9.150736e+00	-1.387843e+02
1.560000e-06	-1.635563e-06	-4.770371e-10	-8.828448e+00	-1.359396e+02
1.570000e-06	-1.575907e-06	-4.666012e-10	-8.506439e+00	-1.330572e+02
1.580000e-06	-1.516160e-06	-4.561476e-10	-8.183934e+00	-1.301366e+02
1.590000e-06	-1.456324e-06	-4.454440e-10	-7.860953e+00	-1.271772e+02
1.600000e-06	-1.396405e-06	-4.352684e-10	-7.537521e+00	-1.241788e+02
1.610000e-06	-1.336360e-06	-4.249648e-10	-7.213411e+00	-1.211411e+02
1.620000e-06	-1.276262e-06	-4.136778e-10	-6.889014e+00	-1.180638e+02
1.630000e-06	-1.216011e-06	-4.017063e-10	-6.563788e+00	-1.149468e+02
1.640000e-06	-1.155703e-06	-3.895683e-10	-6.238259e+00	-1.117901e+02
1.650000e-06	-1.095378e-06	-3.777676e-10	-5.912636e+00	-1.085937e+02
1.660000e-06	-1.034916e-06	-3.664186e-10	-5.586276e+00	-1.053578e+02
1.670000e-06	-9.745086e-07	-3.550176e-10	-5.260207e+00	-1.020823e+02
1.680000e-06	-9.140884e-07	-3.429686e-10	-4.934071e+00	-9.876751e+01
1.690000e-06	-8.534544e-07	-3.305027e-10	-4.606780e+00	-9.541360e+01
1.700000e-06	-7.927908e-07	-3.175517e-10	-4.279330e+00	-9.202078e+01
1.710000e-06	-7.321565e-07	-3.043829e-10	-3.952038e+00	-8.858933e+01
1.720000e-06	-6.714509e-07	-2.923291e-10	-3.624361e+00	-8.511951e+01
1.730000e-06	-6.105944e-07	-2.808171e-10	-3.295869e+00	-8.161163e+01
1.740000e-06	-5.496600e-07	-2.688739e-10	-2.966957e+00	-7.806602e+01
1.750000e-06	-4.886386e-07	-2.563769e-10	-2.637576e+00	-7.448303e+01
1.760000e-06	-4.275398e-07	-2.426611e-10	-2.307776e+00	-7.086304e+01
1.770000e-06	-3.665016e-07	-2.279291e-10	-1.978304e+00	-6.720647e+01
1.780000e-06	-3.054925e-07	-2.134592e-10	-1.648989e+00	-6.351381e+01
1.790000e-06	-2.444598e-07	-2.000495e-10	-1.319546e+00	-5.978556e+01
1.800000e-06	-1.834233e-07	-1.866168e-10	-9.900829e-01	-5.602232e+01
1.810000e-06	-1.223010e-07	-1.728758e-10	-6.601569e-01	-5.222477e+01
1.820000e-06	-6.111954e-08	-1.600997e-10	-3.299113e-01	-4.839366e+01
1.830000e-06	-2.470100e-11	-1.479409e-10	-1.333312e-04	-4.452987e+01
1.840000e-06	6.104232e-08	-1.344781e-10	3.294945e-01	-4.063437e+01
1.850000e-06	1.221879e-07	-1.195725e-10	6.595464e-01	-3.670827e+01
1.860000e-06	1.832801e-07	-1.048844e-10	9.893099e-01	-3.275282e+01
1.870000e-06	2.442998e-07	-8.969595e-11	1.318683e+00	-2.876943e+01
1.880000e-06	3.053364e-07	-7.406329e-11	1.648146e+00	-2.475965e+01
1.890000e-06	3.663349e-07	-6.004846e-11	1.977404e+00	-2.072520e+01
1.900000e-06	4.273434e-07	-4.686183e-11	2.306716e+00	-1.666798e+01
1.910000e-06	4.881900e-07	-3.300923e-11	2.635154e+00	-1.259006e+01
1.920000e-06	5.488675e-07	-1.905726e-11	2.962679e+00	-8.493671e+00
1.930000e-06	6.095698e-07	-4.537304e-12	3.290339e+00	-4.381221e+00
1.940000e-06	6.703151e-07	1.046817e-11	3.618230e+00	-2.552765e-01
1.950000e-06	7.310413e-07	2.529699e-11	3.946018e+00	3.881444e+00
1.960000e-06	7.917146e-07	4.008104e-11	4.273521e+00	8.026083e+00
1.970000e-06	8.523151e-07	5.437422e-11	4.600630e+00	1.217566e+01
1.980000e-06	9.128747e-07	6.823257e-11	4.927519e+00	1.632707e+01
1.990000e-06	9.733339e-07	8.218294e-11	5.253866e+00	2.047716e+01
2.000000e-06	1.033690e-06	9.649815e-11	5.579659e+00	2.462268e+01
2.010000e-06	1.094091e-06	1.105163e-10	5.905688e+00	2.876036e+01
2.020000e-06	1.154380e-06	1.241138e-10	6.231118e+00	3.288689e+01
2.030000e-06	1.214549e-06	1.382224e-10	6.555896e+00	3.699901e+01
2.040000e-06	1.274686e-06	1.529672e-10	6.880506e+00	4.109349e+01
2.050000e-06	1.334833e-06	1.680025e-10	7.205170e+00	4.516715e+01
2.060000e-06	1.394963e-06	1.835780e-10	7.529737e+00	4.921692e+01
2.070000e-06	1.454918e-06	1.986515e-10	7.853364e+00	5.323987e+01
2.080000e-06	1.514791e-06	2.121546e-10	8.176548e+00	5.723320e+01
2.090000e-06	1.574632e-06	2.253505e-10	8.499558e+00	6.119429e+01
2.100000e-06	1.634392e-06	2.394872e-10	8.822128e+00	6.512070e+01
2.110000e-06	1.694085e-06	2.535706e-10	9.144339e+00	6.901023e+01
2.120000e-06	1.753592e-06	2.670125e-10	9.465548e+00	7.286090e+01
2.130000e-06	1.812960e-06	2.806200e-10	9.786004e+00	7.667095e+01
2.140000e-06	1.872323e-06	2.949453e-10	1.010643e+01	8.043890e+01
2.150000e-06	1.931556e-06	3.100375e-10	1.042616e+01	8.416352e+01
2.160000e-06	1.990702e-06	3.241517e-10	1.074542e+01	8.784384e+01
2.170000e-06	2.049790e-06	3.370120e-10	1.106437e+01	9.147915e+01
2.180000e-06	2.108744e-06	3.499585e-10	1.138259e+01	9.506899e+01
2.190000e-06	2.167471e-06	3.631325e-10	1.169959e+01	9.861315e+01
2.200000e-06	2.225832e-06	3.766838e-10	1.201461e+01	1.021117e+02
2.210000e-06	2.283907e-06	3.895848e-10	1.232808e+01	1.055647e+02
2.220000e-06	2.341729e-06	4.017027e-10	1.264019e+01	1.089729e+02
2.230000e-06	2.399302e-06	4.131452e-10	1.295096e+01	1.123367e+02
2.240000e-06	2.456581e-06	4.245459e-10	1.326015e+01	1.156570e+02
2.250000e-06	2.513511e-06	4.372024e-10	1.356744e+01	1.189346e+02
2.260000e-06	2.570243e-06	4.502160e-10	1.387367e+01	1.221707e+02
2.270000e-06	2.626760e-06	4.629950e-10	1.417874e+01	1.253664e+02
2.280000e-06	2.682980e-06	4.754801e-10	1.448220e+01	1.285229e+02
2.290000e-06	2.739033e-06	4.871576e-10	1.478477e+01	1.316413e+02
2.300000e-06	2.794997e-06	4.979151e-10	1.508685e+01	1.347230e+02
2.310000e-06	2.850730e-06	5.080073e-10	1.538768e+01	1.377692e+02
2.320000e-06	2.906321e-06	5.185715e-10	1.568775e+01	1.407811e+02
2.330000e-06	2.961761e-06	5.296645e-10	1.598700e+01	1.437598e+02
2.340000e-06	3.017014e-06	5.404241e-10	1.628525e+01	1.467065e+02
2.350000e-06	3.072141e-06	5.516240e-10	1.658281e+01	1.496221e+02
2.360000e-06	3.127018e-06	5.627902e-10	1.687903e+01	1.525075e+02
2.370000e-06	3.181736e-06	5.727218e-10	1.717439e+01	1.553635e+02
2.380000e-06	3.236306e-06	5.823339e-10	1.746895e+01	1.581908e+02
2.390000e-06	3.290847e-06	5.923899e-10	1.776335e+01	1.609899e+02
2.400000e-06	3.345275e-06	6.028880e-10	1.805714e+01	1.637613e+02
2.410000e-06	3.399205e-06	6.132676e-10	1.834824e+01	1.665052e+02
2.420000e-06	3.452685e-06	6.232097e-10	1.863692e+01	1.692218e+02
2.430000e-06	3.505952e-06	6.330735e-10	1.892444e+01	1.719112e+02
2.440000e-06	3.559106e-06	6.425112e-10	1.921136e+01	1.745732e+02
2.450000e-06	3.612137e-06	6.512427e-10	1.949761e+01	1.772079e+02
2.460000e-06	3.664916e-06	6.597912e-10	1.978250e+01	1.798148e+02
2.470000e-06	3.717345e-06	6.688314e-10	2.006550e+01	1.823936e+02
2.480000e-06	3.769478e-06	6.777906e-10	2.034691e+01	1.849440e+02
2.490000e-06	3.821266e-06	6.860454e-10	2.062645e+01	1.874654e+02
2.500000e-06	3.872669e-06	6.941106e-10	2.090391e+01	1.899574e+02
2.510000e-06	3.923793e-06	7.026688e-10	2.117987e+01	1.924195e+02
2.520000e-06	3.974623e-06	7.113233e-10	2.145424e+01	1.948510e+02
2.530000e-06	4.025014e-06	7.200261e-10	2.172624e+01	1.972514e+02
2.540000e-06	4.074998e-06	7.289215e-10	2.199604e+01	1.996201e+02
2.550000e-06	4.124567e-06	7.371915e-10	2.226361e+01	2.019566e+02
2.560000e-06	4.173680e-06	7.444825e-10	2.252871e+01	2.042603e+02
2.570000e-06	4.222459e-06	7.517373e-10	2.279201e+01	2.065309e+02
2.580000e-06	4.270928e-06	7.600203e-10	2.305364e+01	2.087677e+02
2.590000e-06	4.319000e-06	7.690697e-10	2.331312e+01	2.109704e+02
2.600000e-06	4.366748e-06	7.776994e-10	2.357085e+01	2.131387e+02
2.610000e-06	4.414346e-06	7.852593e-10	2.382778e+01	2.152722e+02
2.620000e-06	4.461597e-06	7.928801e-10	2.408283e+01	2.173706e+02
2.630000e-06	4.508442e-06	8.011994e-10	2.433569e+01	2.194338e+02
2.640000e-06	4.555026e-06	8.093744e-10	2.458714e+01	2.214617e+02
2.650000e-06	4.601181e-06	8.172467e-10	2.483628e+01	2.234541e+02
2.660000e-06	4.646973e-06	8.241130e-10	2.508345e+01	2.254109e+02
2.670000e-06	4.692611e-06	8.295954e-10	2.532980e+01	2.273323e+02
2.680000e-06	4.737888e-06	8.356587e-10	2.557420e+01	2.292183e+02
2.690000e-06	4.782779e-06	8.428458e-10	2.581651e+01	2.310689e+02
2.700000e-06	4.827424e-06	8.502155e-10	2.605749e+01	2.328844e+02
2.710000e-06	4.871777e-06	8.572184e-10	2.629690e+01	2.346649e+02
2.720000e-06	4.915840e-06	8.634296e-10	2.653474e+01	2.364108e+02
2.730000e-06	4.959668e-06	8.700017e-10	2.677132e+01	2.381222e+02
2.740000e-06	5.003252e-06	8.768008e-10	2.700658e+01	2.397996e+02
2.750000e-06	5.046550e-06	8.826211e-10	2.724029e+01	2.414433e+02
2.760000e-06	5.089555e-06	8.874498e-10	2.747242e+01	2.430537e+02
2.770000e-06	5.132023e-06	8.927030e-10	2.770166e+01	2.446313e+02
2.780000e-06	5.173861e-06	8.993038e-10	2.792749e+01	2.461766e+02
2.790000e-06	5.215195e-06	9.060013e-10	2.815060e+01	2.476901e+02
2.800000e-06	5.256048e-06	9.117679e-10	2.837112e+01	2.491725e+02
2.810000e-06	5.296347e-06	9.171895e-10	2.858865e+01	2.506244e+02
2.820000e-06	5.336232e-06	9.234143e-10	2.880394e+01	2.520465e+02
2.830000e-06	5.375914e-06	9.303673e-10	2.901813e+01	2.534394e+02
2.840000e-06	5.415356e-06	9.366862e-10	2.923103e+01	2.548042e+02
2.850000e-06	5.454519e-06	9.424270e-10	2.944243e+01	2.561414e+02
2.860000e-06	5.493162e-06	9.482164e-10	2.965102e+01	2.574522e+02
2.870000e-06	5.531347e-06	9.529930e-10	2.985713e+01	2.587374e+02
2.880000e-06	5.569215e-06	9.575702e-10	3.006153e+01	2.599979e+02
2.890000e-06	5.606680e-06	9.628991e-10	3.026376e+01	2.612349e+02
2.900000e-06	5.643680e-06	9.677631e-10	3.046348e+01	2.624494e+02
2.910000e-06	5.680151e-06	9.725842e-10	3.066035e+01	2.636425e+02
2.920000e-06	5.716347e-06	9.785786e-10	3.085573e+01	2.648154e+02
2.930000e-06	5.752440e-06	9.844954e-10	3.105055e+01	2.659691e+02
2.940000e-06	5.788201e-06	9.884933e-10	3.124358e+01	2.671048e+02
2.950000e-06	5.823612e-06	9.916007e-10	3.143472e+01	2.682236e+02
2.960000e-06	5.858744e-06	9.953303e-10	3.162435e+01	2.693268e+02
2.970000e-06	5.893380e-06	9.994137e-10	3.181131e+01	2.704154e+02
2.980000e-06	5.927213e-06	1.004143e-09	3.199394e+01	2.714904e+02
2.990000e-06	5.960330e-06	1.009385e-09	3.217270e+01	2.725529e+02
3.000000e-06	5.992983e-06	1.013667e-09	3.234895e+01	2.736038e+02
3.010000e-06	6.025150e-06	1.017042e-09	3.252258e+01	2.746440e+02
3.020000e-06	6.056941e-06	1.020565e-09	3.269418e+01	2.756744e+02
3.030000e-06	6.088463e-06	1.024697e-09	3.286433e+01	2.766955e+02
3.040000e-06	6.119516e-06	1.029504e-09	3.303195e+01	2.777080e+02
3.050000e-06	6.150032e-06	1.034482e-09	3.319667e+01	2.787123e+02
3.060000e-06	6.180195e-06	1.039744e-09	3.335949e+01	2.797089e+02
3.070000e-06	6.210088e-06	1.045059e-09	3.352084e+01	2.806978e+02
3.080000e-06	6.239615e-06	1.049154e-09	3.368022e+01	2.816793e+02
3.090000e-06	6.268734e-06	1.052003e-09	3.383740e+01	2.826532e+02
3.100000e-06	6.297469e-06	1.054668e-09	3.399251e+01	2.836194e+02
3.110000e-06	6.325811e-06	1.057889e-09	3.414549e+01	2.845775e+02
3.120000e-06	6.353755e-06	1.062569e-09	3.429633e+01	2.855272e+02
3.130000e-06	6.381375e-06	1.068285e-09	3.444541e+01	2.864679e+02
3.140000e-06	6.408727e-06	1.073900e-09	3.459306e+01	2.873989e+02
3.150000e-06	6.435612e-06	1.078724e-09	3.473818e+01	2.883194e+02
3.160000e-06	6.461772e-06	1.082119e-09	3.487938e+01	2.892285e+02
3.170000e-06	6.487043e-06	1.084742e-09	3.501579e+01	2.901255e+02
3.180000e-06	6.511560e-06	1.086905e-09	3.514813e+01	2.910092e+02
3.190000e-06	6.535612e-06	1.089562e-09	3.527796e+01	2.918787e+02
3.200000e-06	6.559216e-06	1.093540e-09	3.540536e+01	2.927328e+02
3.210000e-06	6.582450e-06	1.098289e-09	3.553078e+01	2.935705e+02
3.220000e-06	6.605393e-06	1.104006e-09	3.565462e+01	2.943908e+02
3.230000e-06	6.627792e-06	1.109854e-09	3.577552e+01	2.951927e+02
3.240000e-06	6.649656e-06	1.113985e-09	3.589354e+01	2.959751e+02
3.250000e-06	6.671154e-06	1.116313e-09	3.600959e+01	2.967371e+02
3.260000e-06	6.692155e-06	1.118632e-09	3.612294e+01	2.974779e+02
3.270000e-06	6.712587e-06	1.122918e-09	3.623323e+01	2.981966e+02
3.280000e-06	6.732600e-06	1.128107e-09	3.634126e+01	2.988927e+02
3.290000e-06	6.752341e-06	1.131924e-09	3.644781e+01	2.995656e+02
3.300000e-06	6.771776e-06	1.135270e-09	3.655272e+01	3.002147e+02
3.310000e-06	6.790906e-06	1.138885e-09	3.665598e+01	3.008399e+02
3.320000e-06	6.809689e-06	1.142311e-09	3.675737e+01	3.014408e+02
3.330000e-06	6.827894e-06	1.145484e-09	3.685564e+01	3.020174e+02
3.340000e-06	6.845342e-06	1.148727e-09	3.694982e+01	3.025698e+02
3.350000e-06	6.862263e-06	1.151341e-09	3.704115e+01	3.030980e+02
3.360000e-06	6.878877e-06	1.153709e-09	3.713084e+01	3.036024e+02
3.370000e-06	6.894979e-06	1.157055e-09	3.721775e+01	3.040834e+02
3.380000e-06	6.910487e-06	1.161017e-09	3.730146e+01	3.045415e+02
3.390000e-06	6.925529e-06	1.165521e-09	3.738265e+01	3.049771e+02
3.400000e-06	6.939931e-06	1.169587e-09	3.746039e+01	3.053910e+02
3.410000e-06	6.953647e-06	1.172941e-09	3.753443e+01	3.057839e+02
3.420000e-06	6.966920e-06	1.175760e-09	3.760607e+01	3.061565e+02
3.430000e-06	6.979703e-06	1.177503e-09	3.767508e+01	3.065095e+02
3.440000e-06	6.991958e-06	1.179414e-09	3.774122e+01	3.068439e+02
3.450000e-06	7.003828e-06	1.183152e-09	3.780529e+01	3.071604e+02
3.460000e-06	7.015201e-06	1.187499e-09	3.786668e+01	3.074598e+02
3.470000e-06	7.025824e-06	1.190404e-09	3.792402e+01	3.077430e+02
3.480000e-06	7.035796e-06	1.191659e-09	3.797785e+01	3.080106e+02
3.490000e-06	7.045017e-06	1.192812e-09	3.802762e+01	3.082635e+02
3.500000e-06	7.053384e-06	1.195533e-09	3.807279e+01	3.085022e+02
3.510000e-06	7.061290e-06	1.198486e-09	3.811547e+01	3.087275e+02
3.520000e-06	7.068960e-06	1.200742e-09	3.815687e+01	3.089398e+02
3.530000e-06	7.076206e-06	1.203248e-09	3.819597e+01	3.091396e+02
3.540000e-06	7.082942e-06	1.205646e-09	3.823234e+01	3.093275e+02
3.550000e-06	7.089259e-06	1.207549e-09	3.826644e+01	3.095036e+02
3.560000e-06	7.095107e-06	1.209098e-09	3.829800e+01	3.096684e+02
3.570000e-06	7.100405e-06	1.209573e-09	3.832660e+01	3.098220e+02
3.580000e-06	7.105115e-06	1.210167e-09	3.835202e+01	3.099645e+02
3.590000e-06	7.109283e-06	1.212039e-09	3.837452e+01	3.100962e+02
3.600000e-06	7.113082e-06	1.213867e-09	3.839503e+01	3.102171e+02
3.610000e-06	7.116616e-06	1.215214e-09	3.841410e+01	3.103271e+02
3.620000e-06	7.119709e-06	1.216091e-09	3.843080e+01	3.104262e+02
3.630000e-06	7.122101e-06	1.216756e-09	3.844371e+01	3.105145e+02
3.640000e-06	7.123840e-06	1.217997e-09	3.845309e+01	3.105918e+02
3.650000e-06	7.124827e-06	1.220014e-09	3.845842e+01	3.106581e+02
3.660000e-06	7.125119e-06	1.222469e-09	3.846000e+01	3.107132e+02
3.670000e-06	7.125047e-06	1.223816e-09	3.845961e+01	3.107572e+02
3.680000e-06	7.124606e-06	1.223928e-09	3.845723e+01	3.107899e+02
3.690000e-06	7.123780e-06	1.224732e-09	3.845277e+01	3.108114e+02
3.700000e-06	7.122553e-06	1.226025e-09	3.844615e+01	3.108215e+02
3.710000e-06	7.120824e-06	1.227204e-09	3.843682e+01	3.108203e+02
3.720000e-06	7.118578e-06	1.227571e-09	3.842469e+01	3.108078e+02
3.730000e-06	7.115915e-06	1.224947e-09	3.841032e+01	3.107841e+02
3.740000e-06	7.112899e-06	1.214307e-09	3.839404e+01	3.107492e+02
3.750000e-06	7.109406e-06	1.208893e-09	3.837518e+01	3.107033e+02
3.760000e-06	7.105297e-06	1.250623e-09	3.835300e+01	3.106464e+02
3.770000e-06	7.100440e-06	1.290000e-09	3.832679e+01	3.105789e+02
3.780000e-06	7.094615e-06	1.221337e-09	3.829535e+01	3.105007e+02
3.790000e-06	7.088198e-06	1.140835e-09	3.826071e+01	3.104121e+02
3.800000e-06	7.081778e-06	1.215531e-09	3.822605e+01	3.103134e+02
3.810000e-06	7.075025e-06	1.314425e-09	3.818960e+01	3.102046e+02
3.820000e-06	7.067425e-06	1.233897e-09	3.814858e+01	3.100860e+02
3.830000e-06	7.059197e-06	1.125947e-09	3.810416e+01	3.099578e+02
3.840000e-06	7.050739e-06	1.234404e-09	3.805851e+01	3.098201e+02
3.850000e-06	7.042071e-06	1.367650e-09	3.801172e+01	3.096729e+02
3.860000e-06	7.032751e-06	1.231246e-09	3.796141e+01	3.095166e+02
3.870000e-06	7.022748e-06	1.071293e-09	3.790742e+01	3.093510e+02
3.880000e-06	7.012502e-06	1.215974e-09	3.785212e+01	3.091762e+02
3.890000e-06	7.001878e-06	1.375664e-09	3.779477e+01	3.089922e+02
3.900000e-06	6.990456e-06	1.224921e-09	3.773311e+01	3.087989e+02
3.910000e-06	6.978403e-06	1.101026e-09	3.766805e+01	3.085963e+02
3.920000e-06	6.965983e-06	1.273584e-09	3.760102e+01	3.083842e+02
3.930000e-06	6.952947e-06	1.348756e-09	3.753065e+01	3.081623e+02
3.940000e-06	6.938935e-06	1.152871e-09	3.745502e+01	3.079305e+02
3.950000e-06	6.924138e-06	1.127545e-09	3.737515e+01	3.076884e+02
3.960000e-06	6.908792e-06	1.319261e-09	3.729231e+01	3.074357e+02
3.970000e-06	6.892786e-06	1.287428e-09	3.720591e+01	3.071722e+02
3.980000e-06	6.876360e-06	1.133912e-09	3.711725e+01	3.068973e+02
3.990000e-06	6.859667e-06	1.233516e-09	3.702714e+01	3.066107e+02
4.000000e-06	6.842514e-06	1.326893e-09	3.693455e+01	3.063120e+02
4.010000e-06	6.824843e-06	1.164452e-09	3.683917e+01	3.060007e+02
4.020000e-06	6.806759e-06	1.136488e-09	3.674155e+01	3.056764e+02
4.030000e-06	6.788324e-06	1.320957e-09	3.664205e+01	3.053387e+02
4.040000e-06	6.769437e-06	1.279479e-09	3.654010e+01	3.049872e+02
4.050000e-06	6.749991e-06	1.121784e-09	3.643513e+01	3.046215e+02
4.060000e-06	6.730126e-06	1.222771e-09	3.632791e+01	3.042411e+02
4.070000e-06	6.709985e-06	1.312336e-09	3.621919e+01	3.038457e+02
4.080000e-06	6.689549e-06	1.172308e-09	3.610888e+01	3.034351e+02
4.090000e-06	6.668694e-06	1.158079e-09	3.599631e+01	3.030088e+02
4.100000e-06	6.647254e-06	1.285552e-09	3.588058e+01	3.025667e+02
4.110000e-06	6.624887e-06	1.228101e-09	3.575985e+01	3.021086e+02
4.120000e-06	6.601747e-06	1.153496e-09	3.563494e+01	3.016343e+02
4.130000e-06	6.578103e-06	1.250607e-09	3.550731e+01	3.011436e+02
4.140000e-06	6.554002e-06	1.247972e-09	3.537722e+01	3.006366e+02
4.150000e-06	6.529679e-06	1.145948e-09	3.524593e+01	3.001131e+02
4.160000e-06	6.504999e-06	1.202707e-09	3.511271e+01	2.995732e+02
4.170000e-06	6.479762e-06	1.262778e-09	3.497649e+01	2.990169e+02
4.180000e-06	6.454031e-06	1.184468e-09	3.483760e+01	2.984443e+02
4.190000e-06	6.427836e-06	1.179300e-09	3.469620e+01	2.978555e+02
4.200000e-06	6.401171e-06	1.235483e-09	3.455227e+01	2.972508e+02
4.210000e-06	6.374032e-06	1.190560e-09	3.440578e+01	2.966303e+02
4.220000e-06	6.346445e-06	1.165930e-09	3.425687e+01	2.959942e+02
4.230000e-06	6.318473e-06	1.215031e-09	3.410588e+01	2.953428e+02
4.240000e-06	6.290214e-06	1.197691e-09	3.395335e+01	2.946763e+02
4.250000e-06	6.261820e-06	1.162925e-09	3.380008e+01	2.939950e+02
4.260000e-06	6.233037e-06	1.194805e-09	3.364471e+01	2.932993e+02
4.270000e-06	6.203471e-06	1.199436e-09	3.348512e+01	2.925895e+02
4.280000e-06	6.173080e-06	1.166437e-09	3.332108e+01	2.918658e+02
4.290000e-06	6.142044e-06	1.170646e-09	3.315355e+01	2.911286e+02
4.300000e-06	6.110385e-06	1.180054e-09	3.298266e+01	2.903783e+02
4.310000e-06	6.078276e-06	1.169498e-09	3.280934e+01	2.896152e+02
4.320000e-06	6.045955e-06	1.172248e-09	3.263489e+01	2.888396e+02
4.330000e-06	6.013315e-06	1.174183e-09	3.245870e+01	2.880519e+02
4.340000e-06	5.980282e-06	1.162580e-09	3.228040e+01	2.872524e+02
4.350000e-06	5.946787e-06	1.158461e-09	3.209960e+01	2.864414e+02
4.360000e-06	5.912843e-06	1.159504e-09	3.191637e+01	2.856193e+02
4.370000e-06	5.878597e-06	1.159553e-09	3.173152e+01	2.847863e+02
4.380000e-06	5.843982e-06	1.158403e-09	3.154467e+01	2.839427e+02
4.390000e-06	5.808949e-06	1.151096e-09	3.135557e+01	2.830887e+02
4.400000e-06	5.773531e-06	1.147634e-09	3.116439e+01	2.822247e+02
4.410000e-06	5.737697e-06	1.150993e-09	3.097097e+01	2.813507e+02
4.420000e-06	5.701541e-06	1.145707e-09	3.077581e+01	2.804670e+02
4.430000e-06	5.665207e-06	1.136694e-09	3.057968e+01	2.795736e+02
4.440000e-06	5.628612e-06	1.137123e-09	3.038215e+01	2.786707e+02
4.450000e-06	5.591541e-06	1.138356e-09	3.018205e+01	2.777583e+02
4.460000e-06	5.553912e-06	1.134191e-09	2.997893e+01	2.768364e+02
4.470000e-06	5.515619e-06	1.129929e-09	2.977223e+01	2.759047e+02
4.480000e-06	5.476596e-06	1.125647e-09	2.956160e+01	2.749633e+02
4.490000e-06	5.436914e-06	1.121261e-09	2.934740e+01	2.740119e+02
4.500000e-06	5.396840e-06	1.120999e-09	2.913109e+01	2.730501e+02
4.510000e-06	5.356602e-06	1.122377e-09	2.891389e+01	2.720776e+02
4.520000e-06	5.316148e-06	1.119072e-09	2.869553e+01	2.710939e+02
4.530000e-06	5.275420e-06	1.112401e-09	2.847569e+01	2.700984e+02
4.540000e-06	5.234245e-06	1.108145e-09	2.825343e+01	2.690905e+02
4.550000e-06	5.192573e-06	1.106647e-09	2.802849e+01	2.680695e+02
4.560000e-06	5.150579e-06	1.104268e-09	2.780182e+01	2.670345e+02
4.570000e-06	5.108311e-06	1.100317e-09	2.757367e+01	2.659847e+02
4.580000e-06	5.065631e-06	1.095918e-09	2.734328e+01	2.649189e+02
4.590000e-06	5.022524e-06	1.092688e-09	2.711060e+01	2.638363e+02
4.600000e-06	4.979128e-06	1.090244e-09	2.687636e+01	2.627356e+02
4.610000e-06	4.935389e-06	1.084961e-09	2.664027e+01	2.616156e+02
4.620000e-06	4.891349e-06	1.078288e-09	2.640255e+01	2.604751e+02
4.630000e-06	4.847191e-06	1.075221e-09	2.616419e+01	2.593129e+02
4.640000e-06	4.802886e-06	1.073709e-09	2.592504e+01	2.581275e+02
4.650000e-06	4.758232e-06	1.071131e-09	2.568401e+01	2.569177e+02
4.660000e-06	4.713289e-06	1.067010e-09	2.544141e+01	2.556823e+02
4.670000e-06	4.668117e-06	1.060877e-09	2.519758e+01	2.544197e+02
4.680000e-06	4.622487e-06	1.054750e-09	2.495128e+01	2.531289e+02
4.690000e-06	4.576316e-06	1.049663e-09	2.470206e+01	2.518085e+02
4.700000e-06	4.529720e-06	1.046020e-09	2.445054e+01	2.504575e+02
4.710000e-06	4.482811e-06	1.042560e-09	2.419734e+01	2.490747e+02
4.720000e-06	4.435640e-06	1.036787e-09	2.394272e+01	2.476592e+02
4.730000e-06	4.388322e-06	1.031014e-09	2.368730e+01	2.462100e+02
4.740000e-06	4.340763e-06	1.026655e-09	2.343059e+01	2.447266e+02
4.750000e-06	4.292698e-06	1.021598e-09	2.317115e+01	2.432081e+02
4.760000e-06	4.244254e-06	1.016070e-09	2.290965e+01	2.416542e+02
4.770000e-06	4.195396e-06	1.010668e-09	2.264593e+01	2.400645e+02
4.780000e-06	4.146079e-06	1.004959e-09	2.237973e+01	2.384389e+02
4.790000e-06	4.096453e-06	9.994496e-10	2.211185e+01	2.367774e+02
4.800000e-06	4.046483e-06	9.935305e-10	2.184213e+01	2.350800e+02
4.810000e-06	3.996388e-06	9.869365e-10	2.157172e+01	2.333471e+02
4.820000e-06	3.946102e-06	9.799541e-10	2.130029e+01	2.315792e+02
4.830000e-06	3.895460e-06	9.719567e-10	2.102693e+01	2.297768e+02
4.840000e-06	3.844464e-06	9.637285e-10	2.075167e+01	2.279406e+02
4.850000e-06	3.793073e-06	9.561073e-10	2.047427e+01	2.260716e+02
4.860000e-06	3.741496e-06	9.487952e-10	2.019586e+01	2.241705e+02
4.870000e-06	3.689685e-06	9.413280e-10	1.991620e+01	2.222385e+02
4.880000e-06	3.637536e-06	9.340462e-10	1.963471e+01	2.202766e+02
4.890000e-06	3.585137e-06	9.267933e-10	1.935187e+01	2.182860e+02
4.900000e-06	3.532431e-06	9.187860e-10	1.906737e+01	2.162679e+02
4.910000e-06	3.479511e-06	9.095314e-10	1.878172e+01	2.142234e+02
4.920000e-06	3.426312e-06	8.998017e-10	1.849456e+01	2.121538e+02
4.930000e-06	3.372711e-06	8.908134e-10	1.820523e+01	2.100601e+02
4.940000e-06	3.318681e-06	8.822820e-10	1.791359e+01	2.079435e+02
4.950000e-06	3.264304e-06	8.736598e-10	1.762008e+01	2.058049e+02
4.960000e-06	3.209623e-06	8.659590e-10	1.732492e+01	2.036453e+02
4.970000e-06	3.154462e-06	8.588934e-10	1.702717e+01	2.014654e+02
4.980000e-06	3.098972e-06	8.513019e-10	1.672765e+01	1.992660e+02
4.990000e-06	3.043174e-06	8.418412e-10	1.642646e+01	1.970477e+02
5.000000e-06	2.987063e-06	8.314090e-10	1.612358e+01	1.948107e+02
5.010000e-06	2.930939e-06	8.219670e-10	1.582063e+01	1.925554e+02
5.020000e-06	2.874804e-06	8.125228e-10	1.551763e+01	1.902819e+02
5.030000e-06	2.818392e-06	8.019708e-10	1.521313e+01	1.879902e+02
5.040000e-06	2.761706e-06	7.913422e-10	1.490715e+01	1.856799e+02
5.050000e-06	2.704930e-06	7.813724e-10	1.460068e+01	1.833507e+02
5.060000e-06	2.648180e-06	7.716132e-10	1.429436e+01	1.810021e+02
5.070000e-06	2.591355e-06	7.618847e-10	1.398763e+01	1.786336e+02
5.080000e-06	2.534371e-06	7.525199e-10	1.368004e+01	1.762441e+02
5.090000e-06	2.477138e-06	7.430193e-10	1.337111e+01	1.738330e+02
5.100000e-06	2.419623e-06	7.332483e-10	1.306065e+01	1.713992e+02
5.110000e-06	2.361901e-06	7.232504e-10	1.274908e+01	1.689416e+02
5.120000e-06	2.303952e-06	7.123482e-10	1.243628e+01	1.664592e+02
5.130000e-06	2.245967e-06	7.017448e-10	1.212329e+01	1.639506e+02
5.140000e-06	2.187908e-06	6.922147e-10	1.180990e+01	1.614148e+02
5.150000e-06	2.129631e-06	6.827002e-10	1.149533e+01	1.588504e+02
5.160000e-06	2.071126e-06	6.721575e-10	1.117953e+01	1.562564e+02
5.170000e-06	2.012457e-06	6.605715e-10	1.086285e+01	1.536314e+02
5.180000e-06	1.953527e-06	6.488413e-10	1.054476e+01	1.509744e+02
5.190000e-06	1.894366e-06	6.377640e-10	1.022542e+01	1.482843e+02
5.200000e-06	1.835128e-06	6.267181e-10	9.905663e+00	1.455600e+02
5.210000e-06	1.775799e-06	6.150570e-10	9.585419e+00	1.428005e+02
5.220000e-06	1.716467e-06	6.031962e-10	9.265154e+00	1.400050e+02
5.230000e-06	1.657025e-06	5.916137e-10	8.944299e+00	1.371728e+02
5.240000e-06	1.597430e-06	5.797427e-10	8.622615e+00	1.343030e+02
5.250000e-06	1.537738e-06	5.672366e-10	8.300407e+00	1.313952e+02
5.260000e-06	1.477911e-06	5.549702e-10	7.977475e+00	1.284489e+02
5.270000e-06	1.417999e-06	5.425075e-10	7.654080e+00	1.254636e+02
5.280000e-06	1.358007e-06	5.303877e-10	7.330255e+00	1.224390e+02
5.290000e-06	1.297908e-06	5.186044e-10	7.005851e+00	1.193749e+02
5.300000e-06	1.237790e-06	5.054022e-10	6.681351e+00	1.162712e+02
5.310000e-06	1.177628e-06	4.913081e-10	6.356608e+00	1.131278e+02
5.320000e-06	1.117447e-06	4.771652e-10	6.031759e+00	1.099447e+02
5.330000e-06	1.057200e-06	4.632966e-10	5.706559e+00	1.067219e+02
5.340000e-06	9.968500e-07	4.511088e-10	5.380802e+00	1.034597e+02
5.350000e-06	9.364691e-07	4.397007e-10	5.054877e+00	1.001580e+02
5.360000e-06	8.760498e-07	4.266297e-10	4.728746e+00	9.681713e+01
5.370000e-06	8.156798e-07	4.120932e-10	4.402880e+00	9.343729e+01
5.380000e-06	7.552949e-07	3.971658e-10	4.076934e+00	9.001872e+01
5.390000e-06	6.948747e-07	3.826496e-10	3.750798e+00	8.656169e+01
5.400000e-06	6.343811e-07	3.678441e-10	3.424265e+00	8.306650e+01
5.410000e-06	5.737548e-07	3.525260e-10	3.097016e+00	7.953347e+01
5.420000e-06	5.131187e-07	3.378945e-10	2.769715e+00	7.596293e+01
5.430000e-06	4.525587e-07	3.233160e-10	2.442823e+00	7.235526e+01
5.440000e-06	3.919415e-07	3.085977e-10	2.115624e+00	6.871087e+01
5.450000e-06	3.311729e-07	2.936934e-10	1.787607e+00	6.503022e+01
5.460000e-06	2.703972e-07	2.778721e-10	1.459551e+00	6.131380e+01
5.470000e-06	2.097193e-07	2.620675e-10	1.132024e+00	5.756219e+01
5.480000e-06	1.490940e-07	2.462421e-10	8.047803e-01	5.377603e+01
5.490000e-06	8.833951e-08	2.297737e-10	4.768394e-01	4.995606e+01
5.500000e-06	2.756122e-08	2.125974e-10	1.487701e-01	4.610309e+01
5.510000e-06	-3.310121e-08	1.946715e-10	-1.786739e-01	4.221808e+01
5.520000e-06	-9.377406e-08	1.766909e-10	-5.061740e-01	3.830208e+01
5.530000e-06	-1.544499e-07	1.591717e-10	-8.336904e-01	3.435630e+01
5.540000e-06	-2.151192e-07	1.423566e-10	-1.161171e+00	3.038209e+01
5.550000e-06	-2.757277e-07	1.259998e-10	-1.488324e+00	2.638096e+01
5.560000e-06	-3.363026e-07	1.091291e-10	-1.815296e+00	2.235457e+01
5.570000e-06	-3.969627e-07	9.160888e-11	-2.142727e+00	1.830475e+01
5.580000e-06	-4.576065e-07	7.380554e-11	-2.470071e+00	1.423353e+01
5.590000e-06	-5.181508e-07	5.636225e-11	-2.796877e+00	1.014307e+01
5.600000e-06	-5.787279e-07	3.902995e-11	-3.123860e+00	6.035731e+00
5.610000e-06	-6.392647e-07	2.098563e-11	-3.450626e+00	1.914024e+00
5.620000e-06	-6.997110e-07	3.248804e-12	-3.776903e+00	-2.219381e+00
5.630000e-06	-7.601691e-07	-1.402043e-11	-4.103245e+00	-6.361671e+00
5.640000e-06	-8.205928e-07	-3.233505e-11	-4.429400e+00	-1.050990e+01
5.650000e-06	-8.809517e-07	-5.146519e-11	-4.755205e+00	-1.466102e+01
5.660000e-06	-9.412280e-07	-7.030619e-11	-5.080565e+00	-1.881188e+01
5.670000e-06	-1.001500e-06	-8.833772e-11	-5.405901e+00	-2.295925e+01
5.680000e-06	-1.061757e-06	-1.057891e-10	-5.731156e+00	-2.709987e+01
5.690000e-06	-1.121958e-06	-1.241947e-10	-6.056108e+00	-3.123044e+01
5.700000e-06	-1.182162e-06	-1.437040e-10	-6.381081e+00	-3.534770e+01
5.710000e-06	-1.242266e-06	-1.630254e-10	-6.705512e+00	-3.944837e+01
5.720000e-06	-1.302262e-06	-1.812385e-10	-7.029354e+00	-4.352928e+01
5.730000e-06	-1.362207e-06	-1.987297e-10	-7.352928e+00	-4.758732e+01
5.740000e-06	-1.422001e-06	-2.165588e-10	-7.675683e+00	-5.161950e+01
5.750000e-06	-1.481750e-06	-2.344344e-10	-7.998198e+00	-5.562296e+01
5.760000e-06	-1.541486e-06	-2.518432e-10	-8.320641e+00	-5.959504e+01
5.770000e-06	-1.601081e-06	-2.690298e-10	-8.642321e+00	-6.353324e+01
5.780000e-06	-1.660599e-06	-2.865946e-10	-8.963589e+00	-6.743526e+01
5.790000e-06	-1.720022e-06	-3.041041e-10	-9.284342e+00	-7.129905e+01
5.800000e-06	-1.779254e-06	-3.209611e-10	-9.604064e+00	-7.512278e+01
5.810000e-06	-1.838318e-06	-3.365090e-10	-9.922883e+00	-7.890488e+01
5.820000e-06	-1.897259e-06	-3.510212e-10	-1.024103e+01	-8.264403e+01
5.830000e-06	-1.956053e-06	-3.662575e-10	-1.055839e+01	-8.633918e+01
5.840000e-06	-2.014722e-06	-3.823362e-10	-1.087507e+01	-8.998952e+01
5.850000e-06	-2.073352e-06	-3.978757e-10	-1.119155e+01	-9.359451e+01
5.860000e-06	-2.131865e-06	-4.129078e-10	-1.150739e+01	-9.715387e+01
5.870000e-06	-2.190093e-06	-4.284855e-10	-1.182169e+01	-1.006675e+02
5.880000e-06	-2.248081e-06	-4.439099e-10	-1.213470e+01	-1.041357e+02
5.890000e-06	-2.305988e-06	-4.589483e-10	-1.244727e+01	-1.075587e+02
5.900000e-06	-2.363712e-06	-4.735818e-10	-1.275886e+01	-1.109372e+02
5.910000e-06	-2.421103e-06	-4.868681e-10	-1.306864e+01	-1.142718e+02
5.920000e-06	-2.478359e-06	-4.994611e-10	-1.337770e+01	-1.175636e+02
5.930000e-06	-2.535492e-06	-5.128779e-10	-1.368609e+01	-1.208134e+02
5.940000e-06	-2.592375e-06	-5.268401e-10	-1.399314e+01	-1.240224e+02
5.950000e-06	-2.649139e-06	-5.403878e-10	-1.429953e+01	-1.271917e+02
5.960000e-06	-2.705823e-06	-5.533551e-10	-1.460550e+01	-1.303227e+02
5.970000e-06	-2.762360e-06	-5.668135e-10	-1.491068e+01	-1.334164e+02
5.980000e-06	-2.818770e-06	-5.810023e-10	-1.521517e+01	-1.364743e+02
5.990000e-06	-2.875029e-06	-5.949785e-10	-1.551884e+01	-1.394975e+02
6.000000e-06	-2.931106e-06	-6.076799e-10	-1.582154e+01	-1.424871e+02
6.010000e-06	-2.987079e-06	-6.183791e-10	-1.612367e+01	-1.454443e+02
6.020000e-06	-3.042798e-06	-6.294107e-10	-1.642443e+01	-1.483701e+02
6.030000e-06	-3.098085e-06	-6.421516e-10	-1.672286e+01	-1.512654e+02
6.040000e-06	-3.153070e-06	-6.547895e-10	-1.701965e+01	-1.541311e+02
6.050000e-06	-3.207716e-06	-6.663014e-10	-1.731462e+01	-1.569679e+02
6.060000e-06	-3.262028e-06	-6.767196e-10	-1.760779e+01	-1.597763e+02
6.070000e-06	-3.315996e-06	-6.877216e-10	-1.789910e+01	-1.625569e+02
6.080000e-06	-3.369691e-06	-6.993502e-10	-1.818894e+01	-1.653099e+02
6.090000e-06	-3.423077e-06	-7.098743e-10	-1.847710e+01	-1.680355e+02
6.100000e-06	-3.476050e-06	-7.207594e-10	-1.876304e+01	-1.707339e+02
6.110000e-06	-3.528755e-06	-7.331142e-10	-1.904753e+01	-1.734051e+02
6.120000e-06	-3.581203e-06	-7.451742e-10	-1.933064e+01	-1.760488e+02
6.130000e-06	-3.633443e-06	-7.563979e-10	-1.961262e+01	-1.786650e+02
6.140000e-06	-3.685456e-06	-7.667756e-10	-1.989337e+01	-1.812532e+02
6.150000e-06	-3.737178e-06	-7.762366e-10	-2.017256e+01	-1.838131e+02
6.160000e-06	-3.788592e-06	-7.863260e-10	-2.045008e+01	-1.863442e+02
6.170000e-06	-3.839707e-06	-7.970519e-10	-2.072599e+01	-1.888460e+02
6.180000e-06	-3.890486e-06	-8.092833e-10	-2.100008e+01	-1.913181e+02
6.190000e-06	-3.940950e-06	-8.211020e-10	-2.127248e+01	-1.937598e+02
6.200000e-06	-3.991192e-06	-8.301567e-10	-2.154367e+01	-1.961706e+02
6.210000e-06	-4.041142e-06	-8.389503e-10	-2.181329e+01	-1.985499e+02
6.220000e-06	-4.090687e-06	-8.491339e-10	-2.208073e+01	-2.008971e+02
6.230000e-06	-4.139819e-06	-8.595424e-10	-2.234593e+01	-2.032118e+02
6.240000e-06	-4.188310e-06	-8.693476e-10	-2.260768e+01	-2.054935e+02
6.250000e-06	-4.236337e-06	-8.791861e-10	-2.286692e+01	-2.077415e+02
6.260000e-06	-4.284108e-06	-8.894179e-10	-2.312478e+01	-2.099556e+02
6.270000e-06	-4.331517e-06	-8.997899e-10	-2.338068e+01	-2.121354e+02
6.280000e-06	-4.378610e-06	-9.089598e-10	-2.363488e+01	-2.142804e+02
6.290000e-06	-4.425479e-06	-9.164194e-10	-2.388787e+01	-2.163906e+02
6.300000e-06	-4.472200e-06	-9.240437e-10	-2.414006e+01	-2.184655e+02
6.310000e-06	-4.518549e-06	-9.331431e-10	-2.439025e+01	-2.205051e+02
6.320000e-06	-4.564529e-06	-9.433414e-10	-2.463844e+01	-2.225093e+02
6.330000e-06	-4.610282e-06	-9.535579e-10	-2.488540e+01	-2.244780e+02
6.340000e-06	-4.655699e-06	-9.616175e-10	-2.513055e+01	-2.264111e+02
6.350000e-06	-4.700711e-06	-9.676639e-10	-2.537352e+01	-2.283089e+02
6.360000e-06	-4.745512e-06	-9.743501e-10	-2.561535e+01	-2.301712e+02
6.370000e-06	-4.790185e-06	-9.818623e-10	-2.585648e+01	-2.319984e+02
6.380000e-06	-4.834599e-06	-9.895028e-10	-2.609622e+01	-2.337905e+02
6.390000e-06	-4.878744e-06	-9.970510e-10	-2.633451e+01	-2.355479e+02
6.400000e-06	-4.922645e-06	-1.004561e-09	-2.657148e+01	-2.372707e+02
6.410000e-06	-4.966193e-06	-1.012247e-09	-2.680654e+01	-2.389594e+02
6.420000e-06	-5.009306e-06	-1.019024e-09	-2.703925e+01	-2.406142e+02
6.430000e-06	-5.052046e-06	-1.024522e-09	-2.726996e+01	-2.422356e+02
6.440000e-06	-5.094448e-06	-1.030151e-09	-2.749883e+01	-2.438241e+02
6.450000e-06	-5.136570e-06	-1.037097e-09	-2.772620e+01	-2.453800e+02
6.460000e-06	-5.178350e-06	-1.045142e-09	-2.795172e+01	-2.469041e+02
6.470000e-06	-5.219710e-06	-1.052872e-09	-2.817497e+01	-2.483967e+02
6.480000e-06	-5.260698e-06	-1.057981e-09	-2.839622e+01	-2.498587e+02
6.490000e-06	-5.301284e-06	-1.061289e-09	-2.861530e+01	-2.512906e+02
6.500000e-06	-5.341603e-06	-1.065195e-09	-2.883293e+01	-2.526931e+02
6.510000e-06	-5.381773e-06	-1.070593e-09	-2.904976e+01	-2.540671e+02
6.520000e-06	-5.421594e-06	-1.077461e-09	-2.926470e+01	-2.554134e+02
6.530000e-06	-5.461031e-06	-1.083777e-09	-2.947758e+01	-2.567329e+02
6.540000e-06	-5.499949e-06	-1.089456e-09	-2.968765e+01	-2.580264e+02
6.550000e-06	-5.538267e-06	-1.095072e-09	-2.989448e+01	-2.592950e+02
6.560000e-06	-5.576096e-06	-1.099136e-09	-3.009868e+01	-2.605397e+02
6.570000e-06	-5.613330e-06	-1.102311e-09	-3.029966e+01	-2.617616e+02
6.580000e-06	-5.649966e-06	-1.106755e-09	-3.049741e+01	-2.629617e+02
6.590000e-06	-5.686298e-06	-1.111928e-09	-3.069353e+01	-2.641411e+02
6.600000e-06	-5.722458e-06	-1.117683e-09	-3.088871e+01	-2.653010e+02
6.610000e-06	-5.758350e-06	-1.124422e-09	-3.108245e+01	-2.664426e+02
6.620000e-06	-5.793849e-06	-1.129862e-09	-3.127407e+01	-2.675669e+02
6.630000e-06	-5.828832e-06	-1.133376e-09	-3.146290e+01	-2.686751e+02
6.640000e-06	-5.863358e-06	-1.136107e-09	-3.164926e+01	-2.697684e+02
6.650000e-06	-5.897519e-06	-1.139586e-09	-3.183365e+01	-2.708478e+02
6.660000e-06	-5.931292e-06	-1.145002e-09	-3.201596e+01	-2.719143e+02
6.670000e-06	-5.964642e-06	-1.150349e-09	-3.219597e+01	-2.729690e+02
6.680000e-06	-5.997624e-06	-1.153425e-09	-3.237400e+01	-2.740126e+02
6.690000e-06	-6.030271e-06	-1.155631e-09	-3.255022e+01	-2.750461e+02
6.700000e-06	-6.062490e-06	-1.158276e-09	-3.272414e+01	-2.760702e+02
6.710000e-06	-6.094373e-06	-1.161355e-09	-3.289624e+01	-2.770855e+02
6.720000e-06	-6.125920e-06	-1.163988e-09	-3.306652e+01	-2.780925e+02
6.730000e-06	-6.156929e-06	-1.165562e-09	-3.323390e+01	-2.790915e+02
6.740000e-06	-6.187379e-06	-1.168597e-09	-3.339826e+01	-2.800830e+02
6.750000e-06	-6.217085e-06	-1.174231e-09	-3.355861e+01	-2.810669e+02
6.760000e-06	-6.246030e-06	-1.178875e-09	-3.371485e+01	-2.820433e+02
6.770000e-06	-6.274570e-06	-1.180315e-09	-3.386890e+01	-2.830121e+02
6.780000e-06	-6.302830e-06	-1.180828e-09	-3.402145e+01	-2.839729e+02
6.790000e-06	-6.330662e-06	-1.183622e-09	-3.417168e+01	-2.849254e+02
6.800000e-06	-6.358087e-06	-1.188487e-09	-3.431971e+01	-2.858691e+02
6.810000e-06	-6.385119e-06	-1.193051e-09	-3.446563e+01	-2.868034e+02
6.820000e-06	-6.411635e-06	-1.195596e-09	-3.460875e+01	-2.877274e+02
6.830000e-06	-6.437631e-06	-1.196563e-09	-3.474907e+01	-2.886405e+02
6.840000e-06	-6.463088e-06	-1.198221e-09	-3.488649e+01	-2.895416e+02
6.850000e-06	-6.488098e-06	-1.200810e-09	-3.502149e+01	-2.904298e+02
6.860000e-06	-6.512779e-06	-1.202720e-09	-3.515471e+01	-2.913040e+02
6.870000e-06	-6.537195e-06	-1.203742e-09	-3.528650e+01	-2.921634e+02
6.880000e-06	-6.561392e-06	-1.206270e-09	-3.541711e+01	-2.930067e+02
6.890000e-06	-6.585291e-06	-1.210622e-09	-3.554611e+01	-2.938329e+02
6.900000e-06	-6.608641e-06	-1.214519e-09	-3.567215e+01	-2.946409e+02
6.910000e-06	-6.631310e-06	-1.217031e-09	-3.579451e+01	-2.954299e+02
6.920000e-06	-6.653107e-06	-1.218234e-09	-3.591217e+01	-2.961987e+02
6.930000e-06	-6.674101e-06	-1.219459e-09	-3.602550e+01	-2.969467e+02
6.940000e-06	-6.694671e-06	-1.221952e-09	-3.613652e+01	-2.976728e+02
6.950000e-06	-6.714836e-06	-1.224109e-09	-3.624537e+01	-2.983765e+02
6.960000e-06	-6.734669e-06	-1.224512e-09	-3.635243e+01	-2.990571e+02
6.970000e-06	-6.754249e-06	-1.225354e-09	-3.645812e+01	-2.997142e+02
6.980000e-06	-6.773420e-06	-1.228178e-09	-3.656160e+01	-3.003473e+02
6.990000e-06	-6.792060e-06	-1.232316e-09	-3.666221e+01	-3.009563e+02
7.000000e-06	-6.810204e-06	-1.235192e-09	-3.676015e+01	-3.015410e+02
7.010000e-06	-6.827939e-06	-1.234813e-09	-3.685588e+01	-3.021014e+02
7.020000e-06	-6.845249e-06	-1.234276e-09	-3.694932e+01	-3.026376e+02
7.030000e-06	-6.862070e-06	-1.236118e-09	-3.704012e+01	-3.031499e+02
7.040000e-06	-6.878503e-06	-1.237732e-09	-3.712882e+01	-3.036386e+02
7.050000e-06	-6.894596e-06	-1.237630e-09	-3.721568e+01	-3.041042e+02
7.060000e-06	-6.910266e-06	-1.237278e-09	-3.730027e+01	-3.045472e+02
7.070000e-06	-6.925303e-06	-1.237525e-09	-3.738143e+01	-3.049683e+02
7.080000e-06	-6.939447e-06	-1.238862e-09	-3.745778e+01	-3.053680e+02
7.090000e-06	-6.952698e-06	-1.240167e-09	-3.752931e+01	-3.057472e+02
7.100000e-06	-6.965265e-06	-1.241284e-09	-3.759714e+01	-3.061067e+02
7.110000e-06	-6.977403e-06	-1.242375e-09	-3.766266e+01	-3.064472e+02
7.120000e-06	-6.989134e-06	-1.242542e-09	-3.772598e+01	-3.067695e+02
7.130000e-06	-7.000321e-06	-1.242658e-09	-3.778637e+01	-3.070745e+02
7.140000e-06	-7.011006e-06	-1.243005e-09	-3.784404e+01	-3.073629e+02
7.150000e-06	-7.021234e-06	-1.242292e-09	-3.789925e+01	-3.076356e+02
7.160000e-06	-7.030986e-06	-1.241309e-09	-3.795189e+01	-3.078933e+02
7.170000e-06	-7.040211e-06	-1.241022e-09	-3.800168e+01	-3.081367e+02
7.180000e-06	-7.048825e-06	-1.240383e-09	-3.804818e+01	-3.083663e+02
7.190000e-06	-7.057008e-06	-1.240209e-09	-3.809235e+01	-3.085828e+02
7.200000e-06	-7.065045e-06	-1.240756e-09	-3.813573e+01	-3.087868e+02
7.210000e-06	-7.072788e-06	-1.239711e-09	-3.817753e+01	-3.089785e+02
7.220000e-06	-7.079926e-06	-1.238903e-09	-3.821606e+01	-3.091585e+02
7.230000e-06	-7.086216e-06	-1.239521e-09	-3.825001e+01	-3.093270e+02
7.240000e-06	-7.091613e-06	-1.239341e-09	-3.827914e+01	-3.094842e+02
7.250000e-06	-7.096420e-06	-1.239311e-09	-3.830509e+01	-3.096304e+02
7.260000e-06	-7.100868e-06	-1.238433e-09	-3.832910e+01	-3.097657e+02
7.270000e-06	-7.105059e-06	-1.236528e-09	-3.835172e+01	-3.098901e+02
7.280000e-06	-7.108841e-06	-1.236634e-09	-3.837214e+01	-3.100037e+02
7.290000e-06	-7.112016e-06	-1.237847e-09	-3.838927e+01	-3.101065e+02
7.300000e-06	-7.114691e-06	-1.236994e-09	-3.840371e+01	-3.101983e+02
7.310000e-06	-7.117023e-06	-1.235330e-09	-3.841630e+01	-3.102793e+02
7.320000e-06	-7.118820e-06	-1.235943e-09	-3.842600e+01	-3.103492e+02
7.330000e-06	-7.119789e-06	-1.236521e-09	-3.843123e+01	-3.104080e+02
7.340000e-06	-7.120305e-06	-1.234992e-09	-3.843401e+01	-3.104557e+02
