# Temperatura_=_-4.6
# Concentracion g/m^3_=_7400.0
# C_Vs_to_Am_M_A/Vsm_=_254322799225.57578
# pendiente_HvsI_1/m_=_3716.3
# ordenada_HvsI_A/m_=_1297.0
# frecuencia_Hz_=_136111.2088472533

Tiempo_(s)	Campo_(V.s)	Magnetizacion_(V.s)	Campo_(kA/m)	Magnetizacion_(A/m)
0.000000e+00	-7.100090e-06	-1.232362e-09	-3.842207e+01	-3.113494e+02
1.000000e-08	-7.100495e-06	-1.232446e-09	-3.842426e+01	-3.113790e+02
2.000000e-08	-7.100662e-06	-1.231692e-09	-3.842516e+01	-3.113964e+02
3.000000e-08	-7.100331e-06	-1.230705e-09	-3.842337e+01	-3.114016e+02
4.000000e-08	-7.099339e-06	-1.230338e-09	-3.841801e+01	-3.113948e+02
5.000000e-08	-7.097589e-06	-1.230348e-09	-3.840854e+01	-3.113760e+02
6.000000e-08	-7.095015e-06	-1.230513e-09	-3.839461e+01	-3.113453e+02
7.000000e-08	-7.091865e-06	-1.232726e-09	-3.837756e+01	-3.113029e+02
8.000000e-08	-7.088306e-06	-1.237909e-09	-3.835830e+01	-3.112491e+02
9.000000e-08	-7.084176e-06	-1.228322e-09	-3.833595e+01	-3.111840e+02
1.000000e-07	-7.079288e-06	-1.201595e-09	-3.830950e+01	-3.111080e+02
1.100000e-07	-7.073749e-06	-1.208730e-09	-3.827952e+01	-3.110213e+02
1.200000e-07	-7.067921e-06	-1.257360e-09	-3.824798e+01	-3.109244e+02
1.300000e-07	-7.062014e-06	-1.245639e-09	-3.821602e+01	-3.108175e+02
1.400000e-07	-7.055690e-06	-1.194892e-09	-3.818180e+01	-3.107010e+02
1.500000e-07	-7.048679e-06	-1.207939e-09	-3.814386e+01	-3.105754e+02
1.600000e-07	-7.041247e-06	-1.263837e-09	-3.810364e+01	-3.104409e+02
1.700000e-07	-7.033531e-06	-1.239276e-09	-3.806189e+01	-3.102980e+02
1.800000e-07	-7.025393e-06	-1.164827e-09	-3.801785e+01	-3.101469e+02
1.900000e-07	-7.016439e-06	-1.200008e-09	-3.796939e+01	-3.099880e+02
2.000000e-07	-7.006715e-06	-1.268889e-09	-3.791677e+01	-3.098216e+02
2.100000e-07	-6.996638e-06	-1.231233e-09	-3.786224e+01	-3.096477e+02
2.200000e-07	-6.985938e-06	-1.171154e-09	-3.780433e+01	-3.094667e+02
2.300000e-07	-6.974509e-06	-1.211068e-09	-3.774249e+01	-3.092786e+02
2.400000e-07	-6.962609e-06	-1.243681e-09	-3.767809e+01	-3.090833e+02
2.500000e-07	-6.950252e-06	-1.197178e-09	-3.761122e+01	-3.088808e+02
2.600000e-07	-6.937168e-06	-1.186121e-09	-3.754042e+01	-3.086710e+02
2.700000e-07	-6.923307e-06	-1.233167e-09	-3.746541e+01	-3.084536e+02
2.800000e-07	-6.908941e-06	-1.218809e-09	-3.738767e+01	-3.082283e+02
2.900000e-07	-6.893956e-06	-1.180255e-09	-3.730657e+01	-3.079948e+02
3.000000e-07	-6.878224e-06	-1.212444e-09	-3.722144e+01	-3.077525e+02
3.100000e-07	-6.861861e-06	-1.223897e-09	-3.713289e+01	-3.075009e+02
3.200000e-07	-6.845058e-06	-1.171814e-09	-3.704197e+01	-3.072394e+02
3.300000e-07	-6.827906e-06	-1.181513e-09	-3.694915e+01	-3.069673e+02
3.400000e-07	-6.810312e-06	-1.240153e-09	-3.685394e+01	-3.066839e+02
3.500000e-07	-6.792388e-06	-1.210326e-09	-3.675694e+01	-3.063884e+02
3.600000e-07	-6.774004e-06	-1.161762e-09	-3.665746e+01	-3.060801e+02
3.700000e-07	-6.755002e-06	-1.200581e-09	-3.655463e+01	-3.057582e+02
3.800000e-07	-6.735507e-06	-1.218307e-09	-3.644913e+01	-3.054219e+02
3.900000e-07	-6.715662e-06	-1.170404e-09	-3.634174e+01	-3.050704e+02
4.000000e-07	-6.695499e-06	-1.172917e-09	-3.623263e+01	-3.047028e+02
4.100000e-07	-6.674867e-06	-1.205184e-09	-3.612098e+01	-3.043186e+02
4.200000e-07	-6.653787e-06	-1.181403e-09	-3.600691e+01	-3.039171e+02
4.300000e-07	-6.632205e-06	-1.167505e-09	-3.589011e+01	-3.034976e+02
4.400000e-07	-6.610191e-06	-1.195140e-09	-3.577098e+01	-3.030596e+02
4.500000e-07	-6.587638e-06	-1.180064e-09	-3.564894e+01	-3.026026e+02
4.600000e-07	-6.564563e-06	-1.155017e-09	-3.552407e+01	-3.021263e+02
4.700000e-07	-6.541158e-06	-1.177786e-09	-3.539742e+01	-3.016305e+02
4.800000e-07	-6.517464e-06	-1.183160e-09	-3.526919e+01	-3.011150e+02
4.900000e-07	-6.493372e-06	-1.155098e-09	-3.513882e+01	-3.005797e+02
5.000000e-07	-6.468712e-06	-1.157066e-09	-3.500537e+01	-3.000247e+02
5.100000e-07	-6.443453e-06	-1.165016e-09	-3.486869e+01	-2.994501e+02
5.200000e-07	-6.417558e-06	-1.151007e-09	-3.472855e+01	-2.988562e+02
5.300000e-07	-6.390937e-06	-1.150203e-09	-3.458449e+01	-2.982435e+02
5.400000e-07	-6.363682e-06	-1.155033e-09	-3.443701e+01	-2.976122e+02
5.500000e-07	-6.336076e-06	-1.143398e-09	-3.428761e+01	-2.969630e+02
5.600000e-07	-6.308163e-06	-1.142915e-09	-3.413656e+01	-2.962965e+02
5.700000e-07	-6.279910e-06	-1.146135e-09	-3.398368e+01	-2.956134e+02
5.800000e-07	-6.251307e-06	-1.133148e-09	-3.382889e+01	-2.949144e+02
5.900000e-07	-6.222236e-06	-1.130544e-09	-3.367157e+01	-2.942002e+02
6.000000e-07	-6.192658e-06	-1.134872e-09	-3.351151e+01	-2.934716e+02
6.100000e-07	-6.162691e-06	-1.124775e-09	-3.334934e+01	-2.927295e+02
6.200000e-07	-6.132323e-06	-1.122721e-09	-3.318501e+01	-2.919747e+02
6.300000e-07	-6.101540e-06	-1.127624e-09	-3.301842e+01	-2.912078e+02
6.400000e-07	-6.070292e-06	-1.114261e-09	-3.284933e+01	-2.904297e+02
6.500000e-07	-6.038702e-06	-1.106690e-09	-3.267838e+01	-2.896410e+02
6.600000e-07	-6.006877e-06	-1.113260e-09	-3.250615e+01	-2.888424e+02
6.700000e-07	-5.974686e-06	-1.106234e-09	-3.233196e+01	-2.880344e+02
6.800000e-07	-5.942007e-06	-1.096738e-09	-3.215511e+01	-2.872174e+02
6.900000e-07	-5.908732e-06	-1.100040e-09	-3.197505e+01	-2.863919e+02
7.000000e-07	-5.874711e-06	-1.093520e-09	-3.179094e+01	-2.855581e+02
7.100000e-07	-5.839952e-06	-1.083414e-09	-3.160284e+01	-2.847162e+02
7.200000e-07	-5.804761e-06	-1.084792e-09	-3.141241e+01	-2.838662e+02
7.300000e-07	-5.769264e-06	-1.081697e-09	-3.122032e+01	-2.830080e+02
7.400000e-07	-5.733499e-06	-1.070616e-09	-3.102677e+01	-2.821414e+02
7.500000e-07	-5.697509e-06	-1.068856e-09	-3.083202e+01	-2.812662e+02
7.600000e-07	-5.661182e-06	-1.068464e-09	-3.063543e+01	-2.803818e+02
7.700000e-07	-5.624473e-06	-1.061316e-09	-3.043678e+01	-2.794878e+02
7.800000e-07	-5.587340e-06	-1.056380e-09	-3.023584e+01	-2.785835e+02
7.900000e-07	-5.549794e-06	-1.052400e-09	-3.003266e+01	-2.776682e+02
8.000000e-07	-5.511756e-06	-1.045235e-09	-2.982681e+01	-2.767410e+02
8.100000e-07	-5.473195e-06	-1.042180e-09	-2.961814e+01	-2.758009e+02
8.200000e-07	-5.434269e-06	-1.040462e-09	-2.940749e+01	-2.748471e+02
8.300000e-07	-5.395060e-06	-1.034992e-09	-2.919532e+01	-2.738784e+02
8.400000e-07	-5.355640e-06	-1.029618e-09	-2.898199e+01	-2.728938e+02
8.500000e-07	-5.315923e-06	-1.025558e-09	-2.876707e+01	-2.718921e+02
8.600000e-07	-5.275862e-06	-1.021546e-09	-2.855028e+01	-2.708722e+02
8.700000e-07	-5.235431e-06	-1.016807e-09	-2.833149e+01	-2.698330e+02
8.800000e-07	-5.194597e-06	-1.011535e-09	-2.811051e+01	-2.687732e+02
8.900000e-07	-5.153310e-06	-1.005828e-09	-2.788709e+01	-2.676918e+02
9.000000e-07	-5.111422e-06	-1.001133e-09	-2.766041e+01	-2.665877e+02
9.100000e-07	-5.068908e-06	-9.969762e-10	-2.743035e+01	-2.654598e+02
9.200000e-07	-5.025837e-06	-9.929590e-10	-2.719727e+01	-2.643071e+02
9.300000e-07	-4.982346e-06	-9.880840e-10	-2.696192e+01	-2.631287e+02
9.400000e-07	-4.938535e-06	-9.822304e-10	-2.672483e+01	-2.619237e+02
9.500000e-07	-4.894524e-06	-9.756826e-10	-2.648667e+01	-2.606914e+02
9.600000e-07	-4.850345e-06	-9.694463e-10	-2.624760e+01	-2.594310e+02
9.700000e-07	-4.805899e-06	-9.627822e-10	-2.600708e+01	-2.581420e+02
9.800000e-07	-4.761165e-06	-9.563402e-10	-2.576500e+01	-2.568239e+02
9.900000e-07	-4.715992e-06	-9.506729e-10	-2.552055e+01	-2.554762e+02
1.000000e-06	-4.670440e-06	-9.452972e-10	-2.527404e+01	-2.540987e+02
1.010000e-06	-4.624637e-06	-9.392376e-10	-2.502618e+01	-2.526911e+02
1.020000e-06	-4.578581e-06	-9.335695e-10	-2.477695e+01	-2.512533e+02
1.030000e-06	-4.532194e-06	-9.275465e-10	-2.452592e+01	-2.497854e+02
1.040000e-06	-4.485359e-06	-9.215884e-10	-2.427247e+01	-2.482874e+02
1.050000e-06	-4.438257e-06	-9.160450e-10	-2.401759e+01	-2.467594e+02
1.060000e-06	-4.390835e-06	-9.098895e-10	-2.376096e+01	-2.452018e+02
1.070000e-06	-4.343045e-06	-9.031846e-10	-2.350235e+01	-2.436149e+02
1.080000e-06	-4.295122e-06	-8.961473e-10	-2.324301e+01	-2.419990e+02
1.090000e-06	-4.246898e-06	-8.885163e-10	-2.298205e+01	-2.403546e+02
1.100000e-06	-4.198299e-06	-8.811968e-10	-2.271906e+01	-2.386822e+02
1.110000e-06	-4.149295e-06	-8.748686e-10	-2.245387e+01	-2.369824e+02
1.120000e-06	-4.099774e-06	-8.681099e-10	-2.218589e+01	-2.352557e+02
1.130000e-06	-4.049826e-06	-8.613144e-10	-2.191559e+01	-2.335027e+02
1.140000e-06	-3.999481e-06	-8.539924e-10	-2.164315e+01	-2.317241e+02
1.150000e-06	-3.948774e-06	-8.453715e-10	-2.136875e+01	-2.299205e+02
1.160000e-06	-3.897669e-06	-8.369633e-10	-2.109220e+01	-2.280924e+02
1.170000e-06	-3.846146e-06	-8.294598e-10	-2.081338e+01	-2.262405e+02
1.180000e-06	-3.794329e-06	-8.220106e-10	-2.053297e+01	-2.243654e+02
1.190000e-06	-3.742222e-06	-8.145903e-10	-2.025100e+01	-2.224676e+02
1.200000e-06	-3.689906e-06	-8.071490e-10	-1.996789e+01	-2.205476e+02
1.210000e-06	-3.637428e-06	-7.999290e-10	-1.968391e+01	-2.186060e+02
1.220000e-06	-3.584638e-06	-7.921532e-10	-1.939823e+01	-2.166430e+02
1.230000e-06	-3.531496e-06	-7.837767e-10	-1.911065e+01	-2.146591e+02
1.240000e-06	-3.478100e-06	-7.755070e-10	-1.882170e+01	-2.126545e+02
1.250000e-06	-3.424502e-06	-7.673499e-10	-1.853166e+01	-2.106296e+02
1.260000e-06	-3.370689e-06	-7.587669e-10	-1.824045e+01	-2.085844e+02
1.270000e-06	-3.316672e-06	-7.500025e-10	-1.794814e+01	-2.065191e+02
1.280000e-06	-3.262381e-06	-7.416388e-10	-1.765434e+01	-2.044336e+02
1.290000e-06	-3.207903e-06	-7.348158e-10	-1.735954e+01	-2.023280e+02
1.300000e-06	-3.153407e-06	-7.282628e-10	-1.706463e+01	-2.002021e+02
1.310000e-06	-3.098674e-06	-7.200421e-10	-1.676844e+01	-1.980557e+02
1.320000e-06	-3.043608e-06	-7.110031e-10	-1.647046e+01	-1.958886e+02
1.330000e-06	-2.988363e-06	-7.020051e-10	-1.617150e+01	-1.937005e+02
1.340000e-06	-2.932889e-06	-6.924703e-10	-1.587130e+01	-1.914909e+02
1.350000e-06	-2.877172e-06	-6.837620e-10	-1.556979e+01	-1.892594e+02
1.360000e-06	-2.821287e-06	-6.756494e-10	-1.526737e+01	-1.870055e+02
1.370000e-06	-2.765336e-06	-6.666208e-10	-1.496459e+01	-1.847288e+02
1.380000e-06	-2.709370e-06	-6.580141e-10	-1.466173e+01	-1.824285e+02
1.390000e-06	-2.653288e-06	-6.503924e-10	-1.435824e+01	-1.801040e+02
1.400000e-06	-2.597004e-06	-6.418900e-10	-1.405366e+01	-1.777548e+02
1.410000e-06	-2.540587e-06	-6.320747e-10	-1.374836e+01	-1.753801e+02
1.420000e-06	-2.483885e-06	-6.225994e-10	-1.344152e+01	-1.729792e+02
1.430000e-06	-2.426882e-06	-6.132457e-10	-1.313305e+01	-1.705514e+02
1.440000e-06	-2.369625e-06	-6.035931e-10	-1.282321e+01	-1.680959e+02
1.450000e-06	-2.312084e-06	-5.942562e-10	-1.251182e+01	-1.656121e+02
1.460000e-06	-2.254235e-06	-5.854581e-10	-1.219877e+01	-1.630992e+02
1.470000e-06	-2.196075e-06	-5.761780e-10	-1.188404e+01	-1.605564e+02
1.480000e-06	-2.137751e-06	-5.659417e-10	-1.156842e+01	-1.579831e+02
1.490000e-06	-2.079241e-06	-5.562123e-10	-1.125179e+01	-1.553785e+02
1.500000e-06	-2.020461e-06	-5.462811e-10	-1.093371e+01	-1.527421e+02
1.510000e-06	-1.961415e-06	-5.351150e-10	-1.061418e+01	-1.500730e+02
1.520000e-06	-1.902202e-06	-5.247254e-10	-1.029375e+01	-1.473708e+02
1.530000e-06	-1.842833e-06	-5.149657e-10	-9.972472e+00	-1.446347e+02
1.540000e-06	-1.783398e-06	-5.045453e-10	-9.650839e+00	-1.418642e+02
1.550000e-06	-1.723969e-06	-4.934175e-10	-9.329240e+00	-1.390589e+02
1.560000e-06	-1.664380e-06	-4.825911e-10	-9.006776e+00	-1.362180e+02
1.570000e-06	-1.604599e-06	-4.718103e-10	-8.683270e+00	-1.333413e+02
1.580000e-06	-1.544749e-06	-4.607174e-10	-8.359392e+00	-1.304282e+02
1.590000e-06	-1.484867e-06	-4.494953e-10	-8.035341e+00	-1.274783e+02
1.600000e-06	-1.424963e-06	-4.376155e-10	-7.711173e+00	-1.244912e+02
1.610000e-06	-1.365038e-06	-4.259198e-10	-7.386890e+00	-1.214667e+02
1.620000e-06	-1.305079e-06	-4.155215e-10	-7.062424e+00	-1.184044e+02
1.630000e-06	-1.245059e-06	-4.055543e-10	-6.737624e+00	-1.153040e+02
1.640000e-06	-1.184928e-06	-3.946640e-10	-6.412228e+00	-1.121653e+02
1.650000e-06	-1.124663e-06	-3.825351e-10	-6.086101e+00	-1.089881e+02
1.660000e-06	-1.064351e-06	-3.703952e-10	-5.759728e+00	-1.057723e+02
1.670000e-06	-1.004073e-06	-3.591880e-10	-5.433531e+00	-1.025177e+02
1.680000e-06	-9.438078e-07	-3.474337e-10	-5.107407e+00	-9.922434e+01
1.690000e-06	-8.834838e-07	-3.346447e-10	-4.780964e+00	-9.589211e+01
1.700000e-06	-8.229905e-07	-3.214282e-10	-4.453605e+00	-9.252106e+01
1.710000e-06	-7.624205e-07	-3.082766e-10	-4.125831e+00	-8.911130e+01
1.720000e-06	-7.018362e-07	-2.958143e-10	-3.797980e+00	-8.566296e+01
1.730000e-06	-6.412491e-07	-2.843192e-10	-3.470113e+00	-8.217625e+01
1.740000e-06	-5.806738e-07	-2.727408e-10	-3.142310e+00	-7.865146e+01
1.750000e-06	-5.200100e-07	-2.603221e-10	-2.814029e+00	-7.508895e+01
1.760000e-06	-4.592195e-07	-2.469576e-10	-2.485062e+00	-7.148916e+01
1.770000e-06	-3.983905e-07	-2.324894e-10	-2.155886e+00	-6.785261e+01
1.780000e-06	-3.375205e-07	-2.183202e-10	-1.826489e+00	-6.417994e+01
1.790000e-06	-2.766301e-07	-2.046077e-10	-1.496981e+00	-6.047187e+01
1.800000e-06	-2.158026e-07	-1.905951e-10	-1.167814e+00	-5.672923e+01
1.810000e-06	-1.550313e-07	-1.770702e-10	-8.389506e-01	-5.295299e+01
1.820000e-06	-9.423850e-08	-1.647132e-10	-5.099707e-01	-4.914420e+01
1.830000e-06	-3.335617e-08	-1.528520e-10	-1.805066e-01	-4.530405e+01
1.840000e-06	2.758323e-08	-1.399817e-10	1.492664e-01	-4.143387e+01
1.850000e-06	8.847354e-08	-1.258036e-10	4.787737e-01	-3.753511e+01
1.860000e-06	1.492814e-07	-1.110641e-10	8.078348e-01	-3.360933e+01
1.870000e-06	2.101208e-07	-9.678373e-11	1.137067e+00	-2.965826e+01
1.880000e-06	2.708971e-07	-8.282827e-11	1.465957e+00	-2.568374e+01
1.890000e-06	3.315859e-07	-6.822017e-11	1.794374e+00	-2.168773e+01
1.900000e-06	3.924253e-07	-5.367804e-11	2.123606e+00	-1.767232e+01
1.910000e-06	4.533793e-07	-3.985587e-11	2.453458e+00	-1.363973e+01
1.920000e-06	5.142001e-07	-2.597230e-11	2.782589e+00	-9.592279e+00
1.930000e-06	5.748977e-07	-1.203441e-11	3.111053e+00	-5.532385e+00
1.940000e-06	6.355363e-07	2.207356e-12	3.439199e+00	-1.462561e+00
1.950000e-06	6.960806e-07	1.708751e-11	3.766834e+00	2.614598e+00
1.960000e-06	7.565794e-07	3.181412e-11	4.094222e+00	6.696436e+00
1.970000e-06	8.170104e-07	4.553637e-11	4.421244e+00	1.078024e+01
1.980000e-06	8.773610e-07	5.871768e-11	4.747830e+00	1.486327e+01
1.990000e-06	9.377306e-07	7.320571e-11	5.074520e+00	1.894276e+01
2.000000e-06	9.980592e-07	8.876805e-11	5.400988e+00	2.301595e+01
2.010000e-06	1.058261e-06	1.034482e-10	5.726769e+00	2.708008e+01
2.020000e-06	1.118437e-06	1.169770e-10	6.052409e+00	3.113243e+01
2.030000e-06	1.178602e-06	1.302650e-10	6.377996e+00	3.517035e+01
2.040000e-06	1.238702e-06	1.440133e-10	6.703223e+00	3.919124e+01
2.050000e-06	1.298759e-06	1.586866e-10	7.028224e+00	4.319259e+01
2.060000e-06	1.358753e-06	1.742143e-10	7.352880e+00	4.717198e+01
2.070000e-06	1.418635e-06	1.888657e-10	7.676929e+00	5.112715e+01
2.080000e-06	1.478434e-06	2.020254e-10	8.000534e+00	5.505591e+01
2.090000e-06	1.538178e-06	2.152725e-10	8.323837e+00	5.895628e+01
2.100000e-06	1.597860e-06	2.295568e-10	8.646805e+00	6.282638e+01
2.110000e-06	1.657505e-06	2.439796e-10	8.969574e+00	6.666452e+01
2.120000e-06	1.717076e-06	2.565322e-10	9.291939e+00	7.046919e+01
2.130000e-06	1.776485e-06	2.685690e-10	9.613429e+00	7.423904e+01
2.140000e-06	1.835832e-06	2.824763e-10	9.934585e+00	7.797289e+01
2.150000e-06	1.895082e-06	2.975855e-10	1.025522e+01	8.166977e+01
2.160000e-06	1.954250e-06	3.122495e-10	1.057541e+01	8.532886e+01
2.170000e-06	2.013353e-06	3.254092e-10	1.089524e+01	8.894953e+01
2.180000e-06	2.072267e-06	3.380739e-10	1.121405e+01	9.253130e+01
2.190000e-06	2.130898e-06	3.513972e-10	1.153133e+01	9.607388e+01
2.200000e-06	2.189247e-06	3.650231e-10	1.184709e+01	9.957709e+01
2.210000e-06	2.247397e-06	3.777212e-10	1.216177e+01	1.030409e+02
2.220000e-06	2.305247e-06	3.889507e-10	1.247482e+01	1.064655e+02
2.230000e-06	2.362747e-06	4.004991e-10	1.278598e+01	1.098510e+02
2.240000e-06	2.419895e-06	4.131510e-10	1.309524e+01	1.131978e+02
2.250000e-06	2.476646e-06	4.264114e-10	1.340235e+01	1.165062e+02
2.260000e-06	2.533128e-06	4.386562e-10	1.370800e+01	1.197768e+02
2.270000e-06	2.589480e-06	4.490809e-10	1.401295e+01	1.230100e+02
2.280000e-06	2.645660e-06	4.600856e-10	1.431696e+01	1.262065e+02
2.290000e-06	2.701694e-06	4.721064e-10	1.462019e+01	1.293667e+02
2.300000e-06	2.757624e-06	4.839512e-10	1.492285e+01	1.324912e+02
2.310000e-06	2.813405e-06	4.956612e-10	1.522471e+01	1.355807e+02
2.320000e-06	2.869028e-06	5.068343e-10	1.552572e+01	1.386357e+02
2.330000e-06	2.924493e-06	5.172166e-10	1.582587e+01	1.416567e+02
2.340000e-06	2.979851e-06	5.280068e-10	1.612543e+01	1.446441e+02
2.350000e-06	3.035054e-06	5.391235e-10	1.642417e+01	1.475985e+02
2.360000e-06	3.089965e-06	5.498183e-10	1.672132e+01	1.505201e+02
2.370000e-06	3.144655e-06	5.600678e-10	1.701727e+01	1.534093e+02
2.380000e-06	3.199250e-06	5.701461e-10	1.731271e+01	1.562664e+02
2.390000e-06	3.253601e-06	5.805716e-10	1.760683e+01	1.590915e+02
2.400000e-06	3.307632e-06	5.909552e-10	1.789922e+01	1.618847e+02
2.410000e-06	3.361518e-06	6.006086e-10	1.819082e+01	1.646461e+02
2.420000e-06	3.415225e-06	6.098495e-10	1.848145e+01	1.673757e+02
2.430000e-06	3.468686e-06	6.200934e-10	1.877076e+01	1.700735e+02
2.440000e-06	3.521932e-06	6.313525e-10	1.905890e+01	1.727393e+02
2.450000e-06	3.574905e-06	6.418490e-10	1.934557e+01	1.753731e+02
2.460000e-06	3.627601e-06	6.505987e-10	1.963073e+01	1.779746e+02
2.470000e-06	3.679996e-06	6.590569e-10	1.991426e+01	1.805437e+02
2.480000e-06	3.732056e-06	6.680598e-10	2.019598e+01	1.830802e+02
2.490000e-06	3.783779e-06	6.771968e-10	2.047588e+01	1.855838e+02
2.500000e-06	3.835204e-06	6.866813e-10	2.075417e+01	1.880543e+02
2.510000e-06	3.886342e-06	6.963940e-10	2.103090e+01	1.904916e+02
2.520000e-06	3.937099e-06	7.052715e-10	2.130557e+01	1.928955e+02
2.530000e-06	3.987512e-06	7.138383e-10	2.157838e+01	1.952658e+02
2.540000e-06	4.037565e-06	7.228663e-10	2.184924e+01	1.976024e+02
2.550000e-06	4.087040e-06	7.316428e-10	2.211698e+01	1.999052e+02
2.560000e-06	4.135822e-06	7.395832e-10	2.238096e+01	2.021741e+02
2.570000e-06	4.184260e-06	7.472394e-10	2.264308e+01	2.044092e+02
2.580000e-06	4.232511e-06	7.558489e-10	2.290419e+01	2.066106e+02
2.590000e-06	4.280476e-06	7.651458e-10	2.316376e+01	2.087783e+02
2.600000e-06	4.328196e-06	7.741645e-10	2.342199e+01	2.109124e+02
2.610000e-06	4.375616e-06	7.821378e-10	2.367860e+01	2.130132e+02
2.620000e-06	4.422701e-06	7.899571e-10	2.393340e+01	2.150809e+02
2.630000e-06	4.469594e-06	7.986267e-10	2.418717e+01	2.171157e+02
2.640000e-06	4.516272e-06	8.073216e-10	2.443976e+01	2.191180e+02
2.650000e-06	4.562546e-06	8.153326e-10	2.469017e+01	2.210882e+02
2.660000e-06	4.608489e-06	8.227915e-10	2.493879e+01	2.230265e+02
2.670000e-06	4.654236e-06	8.295385e-10	2.518635e+01	2.249334e+02
2.680000e-06	4.699632e-06	8.359821e-10	2.543201e+01	2.268093e+02
2.690000e-06	4.744561e-06	8.429922e-10	2.567515e+01	2.286546e+02
2.700000e-06	4.789183e-06	8.500735e-10	2.591662e+01	2.304698e+02
2.710000e-06	4.833504e-06	8.567198e-10	2.615646e+01	2.322553e+02
2.720000e-06	4.877596e-06	8.633620e-10	2.639506e+01	2.340115e+02
2.730000e-06	4.921539e-06	8.706385e-10	2.663286e+01	2.357389e+02
2.740000e-06	4.965258e-06	8.777967e-10	2.686944e+01	2.374378e+02
2.750000e-06	5.008688e-06	8.838682e-10	2.710446e+01	2.391088e+02
2.760000e-06	5.051720e-06	8.895266e-10	2.733733e+01	2.407522e+02
2.770000e-06	5.094287e-06	8.949645e-10	2.756768e+01	2.423684e+02
2.780000e-06	5.136374e-06	9.007249e-10	2.779544e+01	2.439578e+02
2.790000e-06	5.177723e-06	9.070513e-10	2.801920e+01	2.455207e+02
2.800000e-06	5.218311e-06	9.130633e-10	2.823884e+01	2.470577e+02
2.810000e-06	5.258494e-06	9.189586e-10	2.845629e+01	2.485689e+02
2.820000e-06	5.298375e-06	9.257183e-10	2.867211e+01	2.500548e+02
2.830000e-06	5.337997e-06	9.329133e-10	2.888652e+01	2.515158e+02
2.840000e-06	5.377444e-06	9.385012e-10	2.909999e+01	2.529523e+02
2.850000e-06	5.416715e-06	9.432267e-10	2.931250e+01	2.543646e+02
2.860000e-06	5.455636e-06	9.496145e-10	2.952312e+01	2.557531e+02
2.870000e-06	5.494120e-06	9.575211e-10	2.973138e+01	2.571184e+02
2.880000e-06	5.532139e-06	9.636698e-10	2.993712e+01	2.584607e+02
2.890000e-06	5.569695e-06	9.672518e-10	3.014035e+01	2.597806e+02
2.900000e-06	5.606865e-06	9.705135e-10	3.034150e+01	2.610786e+02
2.910000e-06	5.643633e-06	9.750877e-10	3.054046e+01	2.623552e+02
2.920000e-06	5.680005e-06	9.821701e-10	3.073729e+01	2.636109e+02
2.930000e-06	5.716004e-06	9.896440e-10	3.093210e+01	2.648464e+02
2.940000e-06	5.751771e-06	9.941272e-10	3.112566e+01	2.660622e+02
2.950000e-06	5.787334e-06	9.968220e-10	3.131810e+01	2.672589e+02
2.960000e-06	5.822523e-06	1.000854e-09	3.150853e+01	2.684372e+02
2.970000e-06	5.857310e-06	1.005662e-09	3.169678e+01	2.695977e+02
2.980000e-06	5.891588e-06	1.009423e-09	3.188227e+01	2.707411e+02
2.990000e-06	5.925245e-06	1.013219e-09	3.206441e+01	2.718680e+02
3.000000e-06	5.958153e-06	1.017851e-09	3.224249e+01	2.729791e+02
3.010000e-06	5.990361e-06	1.023218e-09	3.241678e+01	2.740751e+02
3.020000e-06	6.022209e-06	1.028685e-09	3.258913e+01	2.751564e+02
3.030000e-06	6.053851e-06	1.032548e-09	3.276035e+01	2.762237e+02
3.040000e-06	6.085179e-06	1.036015e-09	3.292989e+01	2.772776e+02
3.050000e-06	6.116084e-06	1.040873e-09	3.309713e+01	2.783185e+02
3.060000e-06	6.146527e-06	1.046488e-09	3.326187e+01	2.793468e+02
3.070000e-06	6.176528e-06	1.051880e-09	3.342422e+01	2.803630e+02
3.080000e-06	6.206150e-06	1.056229e-09	3.358452e+01	2.813673e+02
3.090000e-06	6.235365e-06	1.059394e-09	3.374262e+01	2.823599e+02
3.100000e-06	6.264125e-06	1.062254e-09	3.389825e+01	2.833409e+02
3.110000e-06	6.292495e-06	1.066213e-09	3.405178e+01	2.843105e+02
3.120000e-06	6.320586e-06	1.071015e-09	3.420379e+01	2.852686e+02
3.130000e-06	6.348406e-06	1.074738e-09	3.435434e+01	2.862150e+02
3.140000e-06	6.375874e-06	1.078927e-09	3.450298e+01	2.871496e+02
3.150000e-06	6.402930e-06	1.085266e-09	3.464939e+01	2.880721e+02
3.160000e-06	6.429427e-06	1.091454e-09	3.479278e+01	2.889820e+02
3.170000e-06	6.455157e-06	1.095426e-09	3.493202e+01	2.898789e+02
3.180000e-06	6.480002e-06	1.097712e-09	3.506647e+01	2.907623e+02
3.190000e-06	6.504163e-06	1.100373e-09	3.519721e+01	2.916317e+02
3.200000e-06	6.528020e-06	1.104887e-09	3.532632e+01	2.924864e+02
3.210000e-06	6.551531e-06	1.110074e-09	3.545355e+01	2.933257e+02
3.220000e-06	6.574640e-06	1.114422e-09	3.557860e+01	2.941490e+02
3.230000e-06	6.597220e-06	1.119388e-09	3.570079e+01	2.949555e+02
3.240000e-06	6.619297e-06	1.124708e-09	3.582026e+01	2.957445e+02
3.250000e-06	6.641087e-06	1.128942e-09	3.593818e+01	2.965153e+02
3.260000e-06	6.662423e-06	1.132105e-09	3.605364e+01	2.972673e+02
3.270000e-06	6.683225e-06	1.133880e-09	3.616621e+01	2.979997e+02
3.280000e-06	6.703548e-06	1.136729e-09	3.627618e+01	2.987120e+02
3.290000e-06	6.723429e-06	1.140673e-09	3.638377e+01	2.994037e+02
3.300000e-06	6.743001e-06	1.144304e-09	3.648969e+01	3.000741e+02
3.310000e-06	6.762325e-06	1.148182e-09	3.659426e+01	3.007230e+02
3.320000e-06	6.781276e-06	1.151668e-09	3.669681e+01	3.013500e+02
3.330000e-06	6.799543e-06	1.154340e-09	3.679566e+01	3.019548e+02
3.340000e-06	6.817138e-06	1.157909e-09	3.689088e+01	3.025372e+02
3.350000e-06	6.834349e-06	1.162247e-09	3.698401e+01	3.030973e+02
3.360000e-06	6.851204e-06	1.165342e-09	3.707523e+01	3.036349e+02
3.370000e-06	6.867629e-06	1.166762e-09	3.716411e+01	3.041503e+02
3.380000e-06	6.883664e-06	1.168346e-09	3.725088e+01	3.046436e+02
3.390000e-06	6.899141e-06	1.172246e-09	3.733464e+01	3.051151e+02
3.400000e-06	6.913891e-06	1.176074e-09	3.741445e+01	3.055651e+02
3.410000e-06	6.928003e-06	1.179264e-09	3.749082e+01	3.059940e+02
3.420000e-06	6.941525e-06	1.182330e-09	3.756400e+01	3.064025e+02
3.430000e-06	6.954502e-06	1.184896e-09	3.763422e+01	3.067909e+02
3.440000e-06	6.966994e-06	1.187502e-09	3.770182e+01	3.071598e+02
3.450000e-06	6.979018e-06	1.189122e-09	3.776689e+01	3.075099e+02
3.460000e-06	6.990640e-06	1.189956e-09	3.782978e+01	3.078418e+02
3.470000e-06	7.001708e-06	1.190748e-09	3.788968e+01	3.081561e+02
3.480000e-06	7.011952e-06	1.192424e-09	3.794511e+01	3.084535e+02
3.490000e-06	7.021404e-06	1.195113e-09	3.799626e+01	3.087345e+02
3.500000e-06	7.030149e-06	1.197405e-09	3.804358e+01	3.089998e+02
3.510000e-06	7.038309e-06	1.200027e-09	3.808774e+01	3.092499e+02
3.520000e-06	7.046095e-06	1.201963e-09	3.812987e+01	3.094853e+02
3.530000e-06	7.053614e-06	1.202612e-09	3.817056e+01	3.097066e+02
3.540000e-06	7.060664e-06	1.203959e-09	3.820872e+01	3.099142e+02
3.550000e-06	7.067199e-06	1.204985e-09	3.824408e+01	3.101084e+02
3.560000e-06	7.073304e-06	1.205016e-09	3.827711e+01	3.102897e+02
3.570000e-06	7.078864e-06	1.205327e-09	3.830721e+01	3.104582e+02
3.580000e-06	7.083825e-06	1.205289e-09	3.833405e+01	3.106142e+02
3.590000e-06	7.088287e-06	1.206436e-09	3.835820e+01	3.107579e+02
3.600000e-06	7.092362e-06	1.209006e-09	3.838025e+01	3.108894e+02
3.610000e-06	7.096120e-06	1.211345e-09	3.840059e+01	3.110088e+02
3.620000e-06	7.099496e-06	1.212774e-09	3.841886e+01	3.111161e+02
3.630000e-06	7.102354e-06	1.213267e-09	3.843432e+01	3.112113e+02
3.640000e-06	7.104584e-06	1.214054e-09	3.844639e+01	3.112945e+02
3.650000e-06	7.106089e-06	1.214021e-09	3.845453e+01	3.113656e+02
3.660000e-06	7.106876e-06	1.214029e-09	3.845879e+01	3.114245e+02
3.670000e-06	7.107099e-06	1.214760e-09	3.846000e+01	3.114713e+02
3.680000e-06	7.106934e-06	1.215426e-09	3.845910e+01	3.115060e+02
3.690000e-06	7.106431e-06	1.217021e-09	3.845638e+01	3.115285e+02
3.700000e-06	7.105431e-06	1.218555e-09	3.845097e+01	3.115388e+02
3.710000e-06	7.103865e-06	1.219984e-09	3.844250e+01	3.115370e+02
3.720000e-06	7.101858e-06	1.220913e-09	3.843164e+01	3.115232e+02
3.730000e-06	7.099442e-06	1.219637e-09	3.841856e+01	3.114974e+02
3.740000e-06	7.096637e-06	1.213936e-09	3.840338e+01	3.114599e+02
3.750000e-06	7.093373e-06	1.207474e-09	3.838572e+01	3.114109e+02
3.760000e-06	7.089578e-06	1.230614e-09	3.836518e+01	3.113505e+02
3.770000e-06	7.085106e-06	1.261425e-09	3.834098e+01	3.112790e+02
3.780000e-06	7.079677e-06	1.212527e-09	3.831160e+01	3.111967e+02
3.790000e-06	7.073612e-06	1.170541e-09	3.827878e+01	3.111041e+02
3.800000e-06	7.067323e-06	1.220582e-09	3.824475e+01	3.110013e+02
3.810000e-06	7.060749e-06	1.258745e-09	3.820917e+01	3.108888e+02
3.820000e-06	7.053638e-06	1.213956e-09	3.817069e+01	3.107669e+02
3.830000e-06	7.045832e-06	1.167398e-09	3.812845e+01	3.106361e+02
3.840000e-06	7.037617e-06	1.233281e-09	3.808400e+01	3.104967e+02
3.850000e-06	7.029191e-06	1.291302e-09	3.803840e+01	3.103490e+02
3.860000e-06	7.020223e-06	1.205387e-09	3.798987e+01	3.101933e+02
3.870000e-06	7.010602e-06	1.144402e-09	3.793781e+01	3.100300e+02
3.880000e-06	7.000521e-06	1.231318e-09	3.788325e+01	3.098593e+02
3.890000e-06	6.990048e-06	1.281782e-09	3.782658e+01	3.096812e+02
3.900000e-06	6.979007e-06	1.193036e-09	3.776683e+01	3.094961e+02
3.910000e-06	6.967391e-06	1.170203e-09	3.770397e+01	3.093038e+02
3.920000e-06	6.955322e-06	1.262949e-09	3.763866e+01	3.091043e+02
3.930000e-06	6.942648e-06	1.254150e-09	3.757007e+01	3.088976e+02
3.940000e-06	6.929105e-06	1.160231e-09	3.749679e+01	3.086835e+02
3.950000e-06	6.914791e-06	1.193856e-09	3.741932e+01	3.084615e+02
3.960000e-06	6.900074e-06	1.268474e-09	3.733969e+01	3.082315e+02
3.970000e-06	6.884749e-06	1.211565e-09	3.725675e+01	3.079929e+02
3.980000e-06	6.868801e-06	1.173691e-09	3.717045e+01	3.077453e+02
3.990000e-06	6.852457e-06	1.253097e-09	3.708200e+01	3.074880e+02
4.000000e-06	6.835681e-06	1.249090e-09	3.699122e+01	3.072204e+02
4.010000e-06	6.818386e-06	1.158298e-09	3.689763e+01	3.069418e+02
4.020000e-06	6.800661e-06	1.196187e-09	3.680171e+01	3.066515e+02
4.030000e-06	6.782536e-06	1.271210e-09	3.670363e+01	3.063487e+02
4.040000e-06	6.763939e-06	1.207556e-09	3.660299e+01	3.060326e+02
4.050000e-06	6.744835e-06	1.169538e-09	3.649961e+01	3.057024e+02
4.060000e-06	6.725197e-06	1.242684e-09	3.639334e+01	3.053573e+02
4.070000e-06	6.705132e-06	1.234174e-09	3.628476e+01	3.049965e+02
4.080000e-06	6.684738e-06	1.169033e-09	3.617440e+01	3.046194e+02
4.090000e-06	6.664034e-06	1.206082e-09	3.606236e+01	3.042252e+02
4.100000e-06	6.642837e-06	1.237951e-09	3.594765e+01	3.038132e+02
4.110000e-06	6.620936e-06	1.183920e-09	3.582913e+01	3.033830e+02
4.120000e-06	6.598313e-06	1.191475e-09	3.570671e+01	3.029340e+02
4.130000e-06	6.574911e-06	1.232945e-09	3.558007e+01	3.024658e+02
4.140000e-06	6.550932e-06	1.194427e-09	3.545031e+01	3.019782e+02
4.150000e-06	6.526697e-06	1.173993e-09	3.531916e+01	3.014709e+02
4.160000e-06	6.502132e-06	1.213881e-09	3.518623e+01	3.009439e+02
4.170000e-06	6.477117e-06	1.204945e-09	3.505085e+01	3.003971e+02
4.180000e-06	6.451755e-06	1.182903e-09	3.491361e+01	2.998306e+02
4.190000e-06	6.426060e-06	1.203340e-09	3.477456e+01	2.992448e+02
4.200000e-06	6.399820e-06	1.196750e-09	3.463257e+01	2.986399e+02
4.210000e-06	6.373032e-06	1.177395e-09	3.448760e+01	2.980163e+02
4.220000e-06	6.345748e-06	1.194189e-09	3.433995e+01	2.973745e+02
4.230000e-06	6.317975e-06	1.191080e-09	3.418966e+01	2.967152e+02
4.240000e-06	6.289866e-06	1.174927e-09	3.403755e+01	2.960389e+02
4.250000e-06	6.261550e-06	1.188405e-09	3.388432e+01	2.953464e+02
4.260000e-06	6.232853e-06	1.184960e-09	3.372902e+01	2.946385e+02
4.270000e-06	6.203712e-06	1.169776e-09	3.357133e+01	2.939158e+02
4.280000e-06	6.173979e-06	1.181352e-09	3.341043e+01	2.931793e+02
4.290000e-06	6.143441e-06	1.176356e-09	3.324517e+01	2.924297e+02
4.300000e-06	6.112266e-06	1.160090e-09	3.307647e+01	2.916677e+02
4.310000e-06	6.080668e-06	1.177786e-09	3.290548e+01	2.908942e+02
4.320000e-06	6.048633e-06	1.179516e-09	3.273212e+01	2.901099e+02
4.330000e-06	6.016213e-06	1.157478e-09	3.255668e+01	2.893154e+02
4.340000e-06	5.983513e-06	1.165199e-09	3.237972e+01	2.885112e+02
4.350000e-06	5.950372e-06	1.169020e-09	3.220038e+01	2.876980e+02
4.360000e-06	5.916731e-06	1.150294e-09	3.201833e+01	2.868760e+02
4.370000e-06	5.882643e-06	1.156983e-09	3.183387e+01	2.860457e+02
4.380000e-06	5.848192e-06	1.163664e-09	3.164744e+01	2.852071e+02
4.390000e-06	5.813444e-06	1.145493e-09	3.145940e+01	2.843605e+02
4.400000e-06	5.778277e-06	1.144587e-09	3.126909e+01	2.835057e+02
4.410000e-06	5.742723e-06	1.152838e-09	3.107669e+01	2.826427e+02
4.420000e-06	5.706863e-06	1.140231e-09	3.088263e+01	2.817712e+02
4.430000e-06	5.670672e-06	1.134234e-09	3.068679e+01	2.808907e+02
4.440000e-06	5.634139e-06	1.139844e-09	3.048909e+01	2.800008e+02
4.450000e-06	5.597274e-06	1.136005e-09	3.028960e+01	2.791009e+02
4.460000e-06	5.559905e-06	1.131420e-09	3.008737e+01	2.781903e+02
4.470000e-06	5.521881e-06	1.129859e-09	2.988161e+01	2.772681e+02
4.480000e-06	5.483319e-06	1.122807e-09	2.967293e+01	2.763336e+02
4.490000e-06	5.444182e-06	1.118552e-09	2.946114e+01	2.753856e+02
4.500000e-06	5.404500e-06	1.119025e-09	2.924640e+01	2.744233e+02
4.510000e-06	5.364448e-06	1.117483e-09	2.902966e+01	2.734454e+02
4.520000e-06	5.324154e-06	1.115190e-09	2.881161e+01	2.724510e+02
4.530000e-06	5.283609e-06	1.111530e-09	2.859220e+01	2.714389e+02
4.540000e-06	5.242698e-06	1.106842e-09	2.837081e+01	2.704079e+02
4.550000e-06	5.201337e-06	1.105532e-09	2.814698e+01	2.693568e+02
4.560000e-06	5.159642e-06	1.103300e-09	2.792135e+01	2.682846e+02
4.570000e-06	5.117606e-06	1.096931e-09	2.769387e+01	2.671901e+02
4.580000e-06	5.075232e-06	1.092286e-09	2.746457e+01	2.660722e+02
4.590000e-06	5.032615e-06	1.089700e-09	2.723395e+01	2.649300e+02
4.600000e-06	4.989629e-06	1.086648e-09	2.700133e+01	2.637624e+02
4.610000e-06	4.946223e-06	1.082973e-09	2.676644e+01	2.625686e+02
4.620000e-06	4.902423e-06	1.078829e-09	2.652941e+01	2.613478e+02
4.630000e-06	4.858361e-06	1.073552e-09	2.629097e+01	2.600992e+02
4.640000e-06	4.814079e-06	1.069782e-09	2.605134e+01	2.588223e+02
4.650000e-06	4.769451e-06	1.066392e-09	2.580984e+01	2.575163e+02
4.660000e-06	4.724532e-06	1.061052e-09	2.556676e+01	2.561810e+02
4.670000e-06	4.679405e-06	1.054440e-09	2.532256e+01	2.548160e+02
4.680000e-06	4.633998e-06	1.049592e-09	2.507684e+01	2.534209e+02
4.690000e-06	4.588349e-06	1.045109e-09	2.482981e+01	2.519958e+02
4.700000e-06	4.542360e-06	1.038823e-09	2.458093e+01	2.505404e+02
4.710000e-06	4.495858e-06	1.032023e-09	2.432929e+01	2.490550e+02
4.720000e-06	4.448890e-06	1.025563e-09	2.407512e+01	2.475395e+02
4.730000e-06	4.401756e-06	1.019737e-09	2.382006e+01	2.459942e+02
4.740000e-06	4.354459e-06	1.015231e-09	2.356411e+01	2.444195e+02
4.750000e-06	4.306757e-06	1.009649e-09	2.330598e+01	2.428156e+02
4.760000e-06	4.258644e-06	1.002780e-09	2.304561e+01	2.411830e+02
4.770000e-06	4.210130e-06	9.973419e-10	2.278308e+01	2.395223e+02
4.780000e-06	4.161358e-06	9.932170e-10	2.251915e+01	2.378338e+02
4.790000e-06	4.112168e-06	9.879808e-10	2.225296e+01	2.361183e+02
4.800000e-06	4.062630e-06	9.809646e-10	2.198488e+01	2.343762e+02
4.810000e-06	4.012843e-06	9.740739e-10	2.171546e+01	2.326082e+02
4.820000e-06	3.962726e-06	9.673739e-10	2.144426e+01	2.308149e+02
4.830000e-06	3.912333e-06	9.611208e-10	2.117155e+01	2.289970e+02
4.840000e-06	3.861619e-06	9.542969e-10	2.089711e+01	2.271550e+02
4.850000e-06	3.810676e-06	9.463082e-10	2.062144e+01	2.252895e+02
4.860000e-06	3.759427e-06	9.377780e-10	2.034410e+01	2.234011e+02
4.870000e-06	3.707848e-06	9.301237e-10	2.006499e+01	2.214903e+02
4.880000e-06	3.656033e-06	9.240798e-10	1.978459e+01	2.195577e+02
4.890000e-06	3.603928e-06	9.177462e-10	1.950262e+01	2.176036e+02
4.900000e-06	3.551499e-06	9.091939e-10	1.921890e+01	2.156283e+02
4.910000e-06	3.498828e-06	8.994162e-10	1.893387e+01	2.136324e+02
4.920000e-06	3.445896e-06	8.900126e-10	1.864744e+01	2.116159e+02
4.930000e-06	3.392695e-06	8.820826e-10	1.835954e+01	2.095792e+02
4.940000e-06	3.339148e-06	8.740854e-10	1.806977e+01	2.075223e+02
4.950000e-06	3.285178e-06	8.654831e-10	1.777771e+01	2.054452e+02
4.960000e-06	3.230788e-06	8.569625e-10	1.748338e+01	2.033480e+02
4.970000e-06	3.176029e-06	8.499799e-10	1.718705e+01	2.012306e+02
4.980000e-06	3.120982e-06	8.443535e-10	1.688916e+01	1.990928e+02
4.990000e-06	3.065590e-06	8.366649e-10	1.658941e+01	1.969344e+02
5.000000e-06	3.009864e-06	8.264279e-10	1.628785e+01	1.947551e+02
5.010000e-06	2.953832e-06	8.167739e-10	1.598463e+01	1.925545e+02
5.020000e-06	2.897621e-06	8.085579e-10	1.568045e+01	1.903322e+02
5.030000e-06	2.841333e-06	7.997808e-10	1.537584e+01	1.880877e+02
5.040000e-06	2.784968e-06	7.903099e-10	1.507083e+01	1.858206e+02
5.050000e-06	2.728547e-06	7.807513e-10	1.476550e+01	1.835302e+02
5.060000e-06	2.671979e-06	7.710475e-10	1.445939e+01	1.812159e+02
5.070000e-06	2.615248e-06	7.626545e-10	1.415239e+01	1.788771e+02
5.080000e-06	2.558384e-06	7.547173e-10	1.384467e+01	1.765131e+02
5.090000e-06	2.501379e-06	7.438667e-10	1.353619e+01	1.741232e+02
5.100000e-06	2.444073e-06	7.320783e-10	1.322608e+01	1.717068e+02
5.110000e-06	2.386542e-06	7.219295e-10	1.291475e+01	1.692629e+02
5.120000e-06	2.328950e-06	7.122566e-10	1.260309e+01	1.667910e+02
5.130000e-06	2.271136e-06	7.021210e-10	1.229023e+01	1.642903e+02
5.140000e-06	2.213174e-06	6.920755e-10	1.197657e+01	1.617601e+02
5.150000e-06	2.155091e-06	6.819616e-10	1.166225e+01	1.591996e+02
5.160000e-06	2.096836e-06	6.719336e-10	1.134701e+01	1.566082e+02
5.170000e-06	2.038417e-06	6.617202e-10	1.103087e+01	1.539851e+02
5.180000e-06	1.979862e-06	6.510036e-10	1.071401e+01	1.513298e+02
5.190000e-06	1.921133e-06	6.390968e-10	1.039619e+01	1.486414e+02
5.200000e-06	1.862235e-06	6.263220e-10	1.007747e+01	1.459195e+02
5.210000e-06	1.803224e-06	6.152236e-10	9.758128e+00	1.431635e+02
5.220000e-06	1.744096e-06	6.049619e-10	9.438159e+00	1.403727e+02
5.230000e-06	1.684799e-06	5.933385e-10	9.117274e+00	1.375468e+02
5.240000e-06	1.625337e-06	5.814142e-10	8.795495e+00	1.346850e+02
5.250000e-06	1.565778e-06	5.696984e-10	8.473195e+00	1.317872e+02
5.260000e-06	1.506129e-06	5.571897e-10	8.150404e+00	1.288527e+02
5.270000e-06	1.446412e-06	5.446853e-10	7.827242e+00	1.258812e+02
5.280000e-06	1.386527e-06	5.320933e-10	7.503176e+00	1.228723e+02
5.290000e-06	1.326501e-06	5.192145e-10	7.178349e+00	1.198258e+02
5.300000e-06	1.266400e-06	5.065159e-10	6.853111e+00	1.167413e+02
5.310000e-06	1.206279e-06	4.936915e-10	6.527767e+00	1.136186e+02
5.320000e-06	1.146153e-06	4.810546e-10	6.202396e+00	1.104575e+02
5.330000e-06	1.086014e-06	4.674851e-10	5.876955e+00	1.072578e+02
5.340000e-06	1.025839e-06	4.529065e-10	5.551318e+00	1.040194e+02
5.350000e-06	9.656169e-07	4.398477e-10	5.225427e+00	1.007422e+02
5.360000e-06	9.053758e-07	4.277389e-10	4.899432e+00	9.742621e+01
5.370000e-06	8.450450e-07	4.146058e-10	4.572953e+00	9.407135e+01
5.380000e-06	7.846368e-07	3.997248e-10	4.246054e+00	9.067772e+01
5.390000e-06	7.242714e-07	3.848780e-10	3.919388e+00	8.724545e+01
5.400000e-06	6.639173e-07	3.709506e-10	3.592782e+00	8.377472e+01
5.410000e-06	6.034681e-07	3.561400e-10	3.265662e+00	8.026578e+01
5.420000e-06	5.429469e-07	3.398069e-10	2.938152e+00	7.671895e+01
5.430000e-06	4.824090e-07	3.226695e-10	2.610552e+00	7.313465e+01
5.440000e-06	4.218241e-07	3.068575e-10	2.282697e+00	6.951337e+01
5.450000e-06	3.611343e-07	2.929059e-10	1.954275e+00	6.585568e+01
5.460000e-06	3.004568e-07	2.783929e-10	1.625919e+00	6.216229e+01
5.470000e-06	2.399062e-07	2.620428e-10	1.298250e+00	5.843396e+01
5.480000e-06	1.793732e-07	2.449149e-10	9.706766e-01	5.467162e+01
5.490000e-06	1.187839e-07	2.286347e-10	6.427977e-01	5.087627e+01
5.500000e-06	5.827407e-08	2.121821e-10	3.153496e-01	4.704905e+01
5.510000e-06	-2.179375e-09	1.946733e-10	-1.179367e-02	4.319124e+01
5.520000e-06	-6.268376e-08	1.774181e-10	-3.392126e-01	3.930422e+01
5.530000e-06	-1.232038e-07	1.595051e-10	-6.667162e-01	3.538951e+01
5.540000e-06	-1.837080e-07	1.420616e-10	-9.941338e-01	3.144879e+01
5.550000e-06	-2.441525e-07	1.260020e-10	-1.321229e+00	2.748382e+01
5.560000e-06	-3.046192e-07	1.097193e-10	-1.648444e+00	2.349653e+01
5.570000e-06	-3.650859e-07	9.233292e-11	-1.975659e+00	1.948897e+01
5.580000e-06	-4.254975e-07	7.423254e-11	-2.302576e+00	1.546328e+01
5.590000e-06	-4.859601e-07	5.642473e-11	-2.629769e+00	1.142175e+01
5.600000e-06	-5.464209e-07	3.890708e-11	-2.956951e+00	7.366757e+00
5.610000e-06	-6.068107e-07	2.133630e-11	-3.283750e+00	3.300778e+00
5.620000e-06	-6.671517e-07	3.597173e-12	-3.610285e+00	-7.736255e-01
5.630000e-06	-7.274909e-07	-1.353316e-11	-3.936810e+00	-4.853822e+00
5.640000e-06	-7.877950e-07	-3.033457e-11	-4.263145e+00	-8.937122e+00
5.650000e-06	-8.480114e-07	-4.768000e-11	-4.589006e+00	-1.302079e+01
5.660000e-06	-9.081842e-07	-6.580479e-11	-4.914630e+00	-1.710208e+01
5.670000e-06	-9.683676e-07	-8.487886e-11	-5.240312e+00	-2.117821e+01
5.680000e-06	-1.028585e-06	-1.036977e-10	-5.566178e+00	-2.524642e+01
5.690000e-06	-1.088810e-06	-1.210158e-10	-5.892086e+00	-2.930399e+01
5.700000e-06	-1.148991e-06	-1.376441e-10	-6.217755e+00	-3.334823e+01
5.710000e-06	-1.209074e-06	-1.553189e-10	-6.542890e+00	-3.737650e+01
5.720000e-06	-1.269086e-06	-1.733311e-10	-6.867646e+00	-4.138627e+01
5.730000e-06	-1.329005e-06	-1.902997e-10	-7.191898e+00	-4.537508e+01
5.740000e-06	-1.388837e-06	-2.068979e-10	-7.515678e+00	-4.934059e+01
5.750000e-06	-1.448607e-06	-2.232598e-10	-7.839123e+00	-5.328059e+01
5.760000e-06	-1.508179e-06	-2.397200e-10	-8.161498e+00	-5.719301e+01
5.770000e-06	-1.567607e-06	-2.568382e-10	-8.483091e+00	-6.107591e+01
5.780000e-06	-1.626904e-06	-2.739223e-10	-8.803978e+00	-6.492755e+01
5.790000e-06	-1.686103e-06	-2.898788e-10	-9.124329e+00	-6.874632e+01
5.800000e-06	-1.745241e-06	-3.054052e-10	-9.444357e+00	-7.253081e+01
5.810000e-06	-1.804208e-06	-3.213837e-10	-9.763454e+00	-7.627977e+01
5.820000e-06	-1.862975e-06	-3.365102e-10	-1.008147e+01	-7.999215e+01
5.830000e-06	-1.921692e-06	-3.514797e-10	-1.039922e+01	-8.366706e+01
5.840000e-06	-1.980432e-06	-3.668905e-10	-1.071709e+01	-8.730378e+01
5.850000e-06	-2.039084e-06	-3.811224e-10	-1.103449e+01	-9.090179e+01
5.860000e-06	-2.097461e-06	-3.959461e-10	-1.135039e+01	-9.446070e+01
5.870000e-06	-2.155471e-06	-4.121196e-10	-1.166431e+01	-9.798031e+01
5.880000e-06	-2.213308e-06	-4.275949e-10	-1.197730e+01	-1.014605e+02
5.890000e-06	-2.271109e-06	-4.425347e-10	-1.229008e+01	-1.049014e+02
5.900000e-06	-2.328795e-06	-4.574197e-10	-1.260225e+01	-1.083031e+02
5.910000e-06	-2.386181e-06	-4.721806e-10	-1.291279e+01	-1.116660e+02
5.920000e-06	-2.443311e-06	-4.862579e-10	-1.322196e+01	-1.149903e+02
5.930000e-06	-2.500312e-06	-4.993387e-10	-1.353042e+01	-1.182766e+02
5.940000e-06	-2.557160e-06	-5.123787e-10	-1.383805e+01	-1.215253e+02
5.950000e-06	-2.613859e-06	-5.257018e-10	-1.414487e+01	-1.247370e+02
5.960000e-06	-2.670327e-06	-5.389149e-10	-1.445045e+01	-1.279122e+02
5.970000e-06	-2.726564e-06	-5.517973e-10	-1.475477e+01	-1.310516e+02
5.980000e-06	-2.782736e-06	-5.646617e-10	-1.505875e+01	-1.341556e+02
5.990000e-06	-2.838924e-06	-5.774416e-10	-1.536281e+01	-1.372249e+02
6.000000e-06	-2.895076e-06	-5.906000e-10	-1.566668e+01	-1.402599e+02
6.010000e-06	-2.951078e-06	-6.045837e-10	-1.596973e+01	-1.432613e+02
6.020000e-06	-3.006807e-06	-6.178012e-10	-1.627131e+01	-1.462293e+02
6.030000e-06	-3.062280e-06	-6.300154e-10	-1.657150e+01	-1.491645e+02
6.040000e-06	-3.117403e-06	-6.419570e-10	-1.686980e+01	-1.520672e+02
6.050000e-06	-3.172071e-06	-6.537620e-10	-1.716563e+01	-1.549376e+02
6.060000e-06	-3.226479e-06	-6.653106e-10	-1.746006e+01	-1.577760e+02
6.070000e-06	-3.280572e-06	-6.765524e-10	-1.775278e+01	-1.605824e+02
6.080000e-06	-3.334311e-06	-6.881398e-10	-1.804359e+01	-1.633571e+02
6.090000e-06	-3.387666e-06	-6.997484e-10	-1.833232e+01	-1.660999e+02
6.100000e-06	-3.440538e-06	-7.107623e-10	-1.861844e+01	-1.688110e+02
6.110000e-06	-3.493065e-06	-7.219823e-10	-1.890269e+01	-1.714901e+02
6.120000e-06	-3.545348e-06	-7.334214e-10	-1.918561e+01	-1.741373e+02
6.130000e-06	-3.597435e-06	-7.438471e-10	-1.946748e+01	-1.767522e+02
6.140000e-06	-3.649359e-06	-7.535854e-10	-1.974847e+01	-1.793348e+02
6.150000e-06	-3.701046e-06	-7.641157e-10	-2.002818e+01	-1.818849e+02
6.160000e-06	-3.752450e-06	-7.752609e-10	-2.030635e+01	-1.844022e+02
6.170000e-06	-3.803559e-06	-7.860209e-10	-2.058292e+01	-1.868865e+02
6.180000e-06	-3.854359e-06	-7.963646e-10	-2.085783e+01	-1.893377e+02
6.190000e-06	-3.904910e-06	-8.059713e-10	-2.113138e+01	-1.917555e+02
6.200000e-06	-3.955083e-06	-8.153158e-10	-2.140289e+01	-1.941398e+02
6.210000e-06	-4.004874e-06	-8.251688e-10	-2.167234e+01	-1.964904e+02
6.220000e-06	-4.054363e-06	-8.351066e-10	-2.194014e+01	-1.988072e+02
6.230000e-06	-4.103351e-06	-8.454186e-10	-2.220524e+01	-2.010903e+02
6.240000e-06	-4.151900e-06	-8.559381e-10	-2.246797e+01	-2.033395e+02
6.250000e-06	-4.200081e-06	-8.653018e-10	-2.272870e+01	-2.055549e+02
6.260000e-06	-4.247837e-06	-8.739575e-10	-2.298713e+01	-2.077365e+02
6.270000e-06	-4.295304e-06	-8.827779e-10	-2.324400e+01	-2.098846e+02
6.280000e-06	-4.342451e-06	-8.911206e-10	-2.349913e+01	-2.119992e+02
6.290000e-06	-4.389262e-06	-8.991828e-10	-2.375245e+01	-2.140807e+02
6.300000e-06	-4.435880e-06	-9.074060e-10	-2.400472e+01	-2.161291e+02
6.310000e-06	-4.482277e-06	-9.155525e-10	-2.425580e+01	-2.181449e+02
6.320000e-06	-4.528389e-06	-9.232478e-10	-2.450534e+01	-2.201284e+02
6.330000e-06	-4.574145e-06	-9.310797e-10	-2.475294e+01	-2.220799e+02
6.340000e-06	-4.619469e-06	-9.391580e-10	-2.499821e+01	-2.239999e+02
6.350000e-06	-4.664482e-06	-9.457438e-10	-2.524180e+01	-2.258886e+02
6.360000e-06	-4.709237e-06	-9.513301e-10	-2.548399e+01	-2.277466e+02
6.370000e-06	-4.753719e-06	-9.575697e-10	-2.572470e+01	-2.295743e+02
6.380000e-06	-4.798032e-06	-9.648579e-10	-2.596450e+01	-2.313721e+02
6.390000e-06	-4.842143e-06	-9.720811e-10	-2.620321e+01	-2.331404e+02
6.400000e-06	-4.885987e-06	-9.787079e-10	-2.644047e+01	-2.348797e+02
6.410000e-06	-4.929594e-06	-9.854464e-10	-2.667645e+01	-2.365905e+02
6.420000e-06	-4.972903e-06	-9.916848e-10	-2.691081e+01	-2.382730e+02
6.430000e-06	-5.015869e-06	-9.977038e-10	-2.714332e+01	-2.399278e+02
6.440000e-06	-5.058439e-06	-1.004132e-09	-2.737370e+01	-2.415553e+02
6.450000e-06	-5.100634e-06	-1.010931e-09	-2.760203e+01	-2.431558e+02
6.460000e-06	-5.142484e-06	-1.017801e-09	-2.782850e+01	-2.447297e+02
6.470000e-06	-5.183822e-06	-1.024497e-09	-2.805220e+01	-2.462774e+02
6.480000e-06	-5.224753e-06	-1.030648e-09	-2.827370e+01	-2.477993e+02
6.490000e-06	-5.265348e-06	-1.036738e-09	-2.849338e+01	-2.492957e+02
6.500000e-06	-5.305615e-06	-1.042864e-09	-2.871128e+01	-2.507670e+02
6.510000e-06	-5.345745e-06	-1.048223e-09	-2.892845e+01	-2.522137e+02
6.520000e-06	-5.385618e-06	-1.053522e-09	-2.914422e+01	-2.536359e+02
6.530000e-06	-5.425167e-06	-1.059411e-09	-2.935824e+01	-2.550343e+02
6.540000e-06	-5.464392e-06	-1.065524e-09	-2.957051e+01	-2.564092e+02
6.550000e-06	-5.503096e-06	-1.070976e-09	-2.977995e+01	-2.577610e+02
6.560000e-06	-5.541249e-06	-1.075623e-09	-2.998642e+01	-2.590902e+02
6.570000e-06	-5.578802e-06	-1.080332e-09	-3.018963e+01	-2.603972e+02
6.580000e-06	-5.615673e-06	-1.085119e-09	-3.038916e+01	-2.616826e+02
6.590000e-06	-5.652067e-06	-1.089604e-09	-3.058611e+01	-2.629470e+02
6.600000e-06	-5.688210e-06	-1.094098e-09	-3.078169e+01	-2.641908e+02
6.610000e-06	-5.724145e-06	-1.098749e-09	-3.097616e+01	-2.654147e+02
6.620000e-06	-5.759700e-06	-1.103951e-09	-3.116856e+01	-2.666193e+02
6.630000e-06	-5.794843e-06	-1.109159e-09	-3.135874e+01	-2.678052e+02
6.640000e-06	-5.829555e-06	-1.112658e-09	-3.154658e+01	-2.689730e+02
6.650000e-06	-5.863886e-06	-1.115000e-09	-3.173236e+01	-2.701234e+02
6.660000e-06	-5.897894e-06	-1.119202e-09	-3.191640e+01	-2.712571e+02
6.670000e-06	-5.931304e-06	-1.125173e-09	-3.209719e+01	-2.723747e+02
6.680000e-06	-5.964257e-06	-1.129928e-09	-3.227552e+01	-2.734768e+02
6.690000e-06	-5.996875e-06	-1.133544e-09	-3.245203e+01	-2.745642e+02
6.700000e-06	-6.029127e-06	-1.136528e-09	-3.262656e+01	-2.756372e+02
6.710000e-06	-6.061109e-06	-1.139681e-09	-3.279963e+01	-2.766966e+02
6.720000e-06	-6.092762e-06	-1.144603e-09	-3.297092e+01	-2.777429e+02
6.730000e-06	-6.123998e-06	-1.148845e-09	-3.313996e+01	-2.787764e+02
6.740000e-06	-6.154530e-06	-1.151570e-09	-3.330518e+01	-2.797975e+02
6.750000e-06	-6.184294e-06	-1.155256e-09	-3.346625e+01	-2.808067e+02
6.760000e-06	-6.213361e-06	-1.159629e-09	-3.362355e+01	-2.818042e+02
6.770000e-06	-6.241903e-06	-1.163922e-09	-3.377800e+01	-2.827900e+02
6.780000e-06	-6.270219e-06	-1.167874e-09	-3.393123e+01	-2.837644e+02
6.790000e-06	-6.298233e-06	-1.170000e-09	-3.408283e+01	-2.847272e+02
6.800000e-06	-6.325905e-06	-1.172130e-09	-3.423257e+01	-2.856785e+02
6.810000e-06	-6.353178e-06	-1.175925e-09	-3.438016e+01	-2.866180e+02
6.820000e-06	-6.379983e-06	-1.179572e-09	-3.452522e+01	-2.875456e+02
6.830000e-06	-6.406347e-06	-1.182893e-09	-3.466788e+01	-2.884607e+02
6.840000e-06	-6.432243e-06	-1.184538e-09	-3.480802e+01	-2.893631e+02
6.850000e-06	-6.457520e-06	-1.185251e-09	-3.494480e+01	-2.902522e+02
6.860000e-06	-6.482275e-06	-1.187734e-09	-3.507877e+01	-2.911275e+02
6.870000e-06	-6.506762e-06	-1.190359e-09	-3.521128e+01	-2.919884e+02
6.880000e-06	-6.531002e-06	-1.193568e-09	-3.534245e+01	-2.928341e+02
6.890000e-06	-6.554991e-06	-1.196750e-09	-3.547227e+01	-2.936642e+02
6.900000e-06	-6.578590e-06	-1.199266e-09	-3.559997e+01	-2.944777e+02
6.910000e-06	-6.601675e-06	-1.202774e-09	-3.572490e+01	-2.952741e+02
6.920000e-06	-6.623881e-06	-1.205638e-09	-3.584507e+01	-2.960526e+02
6.930000e-06	-6.645107e-06	-1.207130e-09	-3.595994e+01	-2.968124e+02
6.940000e-06	-6.665750e-06	-1.208360e-09	-3.607164e+01	-2.975531e+02
6.950000e-06	-6.686018e-06	-1.209953e-09	-3.618132e+01	-2.982738e+02
6.960000e-06	-6.705976e-06	-1.211945e-09	-3.628933e+01	-2.989741e+02
6.970000e-06	-6.725720e-06	-1.213269e-09	-3.639617e+01	-2.996535e+02
6.980000e-06	-6.745037e-06	-1.214549e-09	-3.650070e+01	-3.003114e+02
6.990000e-06	-6.763729e-06	-1.216960e-09	-3.660185e+01	-3.009475e+02
7.000000e-06	-6.782036e-06	-1.219604e-09	-3.670093e+01	-3.015615e+02
7.010000e-06	-6.799935e-06	-1.222147e-09	-3.679778e+01	-3.021533e+02
7.020000e-06	-6.817293e-06	-1.223812e-09	-3.689171e+01	-3.027226e+02
7.030000e-06	-6.834194e-06	-1.224188e-09	-3.698318e+01	-3.032696e+02
7.040000e-06	-6.850713e-06	-1.224358e-09	-3.707257e+01	-3.037942e+02
7.050000e-06	-6.866921e-06	-1.224742e-09	-3.716028e+01	-3.042966e+02
7.060000e-06	-6.882741e-06	-1.224648e-09	-3.724589e+01	-3.047771e+02
7.070000e-06	-6.897855e-06	-1.224327e-09	-3.732768e+01	-3.052360e+02
7.080000e-06	-6.912241e-06	-1.224016e-09	-3.740553e+01	-3.056737e+02
7.090000e-06	-6.925934e-06	-1.224424e-09	-3.747962e+01	-3.060906e+02
7.100000e-06	-6.938915e-06	-1.226461e-09	-3.754987e+01	-3.064873e+02
7.110000e-06	-6.951337e-06	-1.228859e-09	-3.761709e+01	-3.068642e+02
7.120000e-06	-6.963252e-06	-1.230006e-09	-3.768157e+01	-3.072221e+02
7.130000e-06	-6.974562e-06	-1.229969e-09	-3.774277e+01	-3.075615e+02
7.140000e-06	-6.985320e-06	-1.229829e-09	-3.780099e+01	-3.078830e+02
7.150000e-06	-6.995686e-06	-1.230655e-09	-3.785709e+01	-3.081873e+02
7.160000e-06	-7.005625e-06	-1.231917e-09	-3.791087e+01	-3.084751e+02
7.170000e-06	-7.015077e-06	-1.232505e-09	-3.796202e+01	-3.087468e+02
7.180000e-06	-7.024016e-06	-1.232013e-09	-3.801040e+01	-3.090032e+02
7.190000e-06	-7.032534e-06	-1.231457e-09	-3.805649e+01	-3.092446e+02
7.200000e-06	-7.040735e-06	-1.232744e-09	-3.810087e+01	-3.094718e+02
7.210000e-06	-7.048552e-06	-1.234287e-09	-3.814317e+01	-3.096850e+02
7.220000e-06	-7.055812e-06	-1.234061e-09	-3.818246e+01	-3.098847e+02
7.230000e-06	-7.062448e-06	-1.233721e-09	-3.821837e+01	-3.100713e+02
7.240000e-06	-7.068338e-06	-1.234165e-09	-3.825024e+01	-3.102451e+02
7.250000e-06	-7.073530e-06	-1.234262e-09	-3.827834e+01	-3.104063e+02
7.260000e-06	-7.078221e-06	-1.234150e-09	-3.830373e+01	-3.105551e+02
7.270000e-06	-7.082499e-06	-1.233783e-09	-3.832688e+01	-3.106916e+02
7.280000e-06	-7.086350e-06	-1.233750e-09	-3.834771e+01	-3.108160e+02
7.290000e-06	-7.089752e-06	-1.235194e-09	-3.836612e+01	-3.109283e+02
7.300000e-06	-7.092753e-06	-1.236592e-09	-3.838236e+01	-3.110286e+02
7.310000e-06	-7.095282e-06	-1.235654e-09	-3.839605e+01	-3.111167e+02
7.320000e-06	-7.097298e-06	-1.233768e-09	-3.840696e+01	-3.111928e+02
7.330000e-06	-7.098775e-06	-1.232900e-09	-3.841495e+01	-3.112568e+02
7.340000e-06	-7.099616e-06	-1.232414e-09	-3.841950e+01	-3.113087e+02
