# Temperatura_=_0.6
# Concentracion g/m^3_=_7400.0
# C_Vs_to_Am_M_A/Vsm_=_254322799225.57578
# pendiente_HvsI_1/m_=_3716.3
# ordenada_HvsI_A/m_=_1297.0
# frecuencia_Hz_=_136109.14422566618

Tiempo_(s)	Campo_(V.s)	Magnetizacion_(V.s)	Campo_(kA/m)	Magnetizacion_(A/m)
0.000000e+00	-7.135007e-06	-1.336737e-09	-3.842569e+01	-3.362700e+02
1.000000e-08	-7.135120e-06	-1.335262e-09	-3.842630e+01	-3.363016e+02
2.000000e-08	-7.134970e-06	-1.334834e-09	-3.842549e+01	-3.363150e+02
3.000000e-08	-7.134301e-06	-1.334697e-09	-3.842189e+01	-3.363111e+02
4.000000e-08	-7.132934e-06	-1.334010e-09	-3.841453e+01	-3.362908e+02
5.000000e-08	-7.130799e-06	-1.332332e-09	-3.840303e+01	-3.362549e+02
6.000000e-08	-7.127967e-06	-1.329079e-09	-3.838778e+01	-3.362044e+02
7.000000e-08	-7.124599e-06	-1.326621e-09	-3.836964e+01	-3.361405e+02
8.000000e-08	-7.120766e-06	-1.330560e-09	-3.834900e+01	-3.360642e+02
9.000000e-08	-7.116430e-06	-1.336898e-09	-3.832565e+01	-3.359766e+02
1.000000e-07	-7.111493e-06	-1.322705e-09	-3.829906e+01	-3.358787e+02
1.100000e-07	-7.105813e-06	-1.297021e-09	-3.826847e+01	-3.357716e+02
1.200000e-07	-7.099601e-06	-1.305991e-09	-3.823502e+01	-3.356562e+02
1.300000e-07	-7.093233e-06	-1.356503e-09	-3.820072e+01	-3.355334e+02
1.400000e-07	-7.086558e-06	-1.346225e-09	-3.816477e+01	-3.354039e+02
1.500000e-07	-7.079382e-06	-1.279287e-09	-3.812613e+01	-3.352683e+02
1.600000e-07	-7.071761e-06	-1.292511e-09	-3.808508e+01	-3.351272e+02
1.700000e-07	-7.063715e-06	-1.364728e-09	-3.804175e+01	-3.349809e+02
1.800000e-07	-7.055193e-06	-1.344653e-09	-3.799585e+01	-3.348298e+02
1.900000e-07	-7.045942e-06	-1.250807e-09	-3.794603e+01	-3.346737e+02
2.000000e-07	-7.036183e-06	-1.279728e-09	-3.789348e+01	-3.345128e+02
2.100000e-07	-7.025806e-06	-1.377458e-09	-3.783759e+01	-3.343467e+02
2.200000e-07	-7.014754e-06	-1.342131e-09	-3.777807e+01	-3.341752e+02
2.300000e-07	-7.003141e-06	-1.246378e-09	-3.771553e+01	-3.339978e+02
2.400000e-07	-6.990887e-06	-1.286336e-09	-3.764953e+01	-3.338139e+02
2.500000e-07	-6.978101e-06	-1.356308e-09	-3.758068e+01	-3.336229e+02
2.600000e-07	-6.964701e-06	-1.302930e-09	-3.750851e+01	-3.334240e+02
2.700000e-07	-6.950668e-06	-1.256171e-09	-3.743293e+01	-3.332165e+02
2.800000e-07	-6.935828e-06	-1.314187e-09	-3.735302e+01	-3.329995e+02
2.900000e-07	-6.920281e-06	-1.331236e-09	-3.726928e+01	-3.327721e+02
3.000000e-07	-6.904138e-06	-1.271294e-09	-3.718235e+01	-3.325337e+02
3.100000e-07	-6.887504e-06	-1.284847e-09	-3.709276e+01	-3.322832e+02
3.200000e-07	-6.870548e-06	-1.322138e-09	-3.700144e+01	-3.320201e+02
3.300000e-07	-6.853219e-06	-1.273559e-09	-3.690812e+01	-3.317436e+02
3.400000e-07	-6.835387e-06	-1.256169e-09	-3.681209e+01	-3.314531e+02
3.500000e-07	-6.817102e-06	-1.326046e-09	-3.671361e+01	-3.311481e+02
3.600000e-07	-6.798315e-06	-1.312825e-09	-3.661244e+01	-3.308281e+02
3.700000e-07	-6.779024e-06	-1.232807e-09	-3.650854e+01	-3.304930e+02
3.800000e-07	-6.759360e-06	-1.265293e-09	-3.640264e+01	-3.301426e+02
3.900000e-07	-6.739435e-06	-1.322835e-09	-3.629533e+01	-3.297767e+02
4.000000e-07	-6.719093e-06	-1.265777e-09	-3.618578e+01	-3.293955e+02
4.100000e-07	-6.698173e-06	-1.235442e-09	-3.607312e+01	-3.289992e+02
4.200000e-07	-6.676758e-06	-1.292016e-09	-3.595779e+01	-3.285881e+02
4.300000e-07	-6.654870e-06	-1.285301e-09	-3.583991e+01	-3.281625e+02
4.400000e-07	-6.632508e-06	-1.240844e-09	-3.571948e+01	-3.277231e+02
4.500000e-07	-6.609728e-06	-1.270938e-09	-3.559680e+01	-3.272703e+02
4.600000e-07	-6.586488e-06	-1.279313e-09	-3.547163e+01	-3.268047e+02
4.700000e-07	-6.562820e-06	-1.231880e-09	-3.534417e+01	-3.263271e+02
4.800000e-07	-6.538949e-06	-1.249918e-09	-3.521561e+01	-3.258381e+02
4.900000e-07	-6.514738e-06	-1.283933e-09	-3.508522e+01	-3.253384e+02
5.000000e-07	-6.489668e-06	-1.239845e-09	-3.495021e+01	-3.248286e+02
5.100000e-07	-6.463857e-06	-1.222594e-09	-3.481120e+01	-3.243094e+02
5.200000e-07	-6.437553e-06	-1.259924e-09	-3.466954e+01	-3.237814e+02
5.300000e-07	-6.410618e-06	-1.245667e-09	-3.452448e+01	-3.232449e+02
5.400000e-07	-6.383281e-06	-1.220503e-09	-3.437726e+01	-3.227005e+02
5.500000e-07	-6.355641e-06	-1.244998e-09	-3.422840e+01	-3.221483e+02
5.600000e-07	-6.327515e-06	-1.242278e-09	-3.407693e+01	-3.215887e+02
5.700000e-07	-6.298817e-06	-1.214467e-09	-3.392238e+01	-3.210216e+02
5.800000e-07	-6.269724e-06	-1.229764e-09	-3.376570e+01	-3.204471e+02
5.900000e-07	-6.240407e-06	-1.236749e-09	-3.360781e+01	-3.198650e+02
6.000000e-07	-6.210708e-06	-1.209183e-09	-3.344787e+01	-3.192749e+02
6.100000e-07	-6.180506e-06	-1.210483e-09	-3.328522e+01	-3.186764e+02
6.200000e-07	-6.149797e-06	-1.224673e-09	-3.311983e+01	-3.180691e+02
6.300000e-07	-6.118607e-06	-1.209311e-09	-3.295186e+01	-3.174522e+02
6.400000e-07	-6.087156e-06	-1.203160e-09	-3.278248e+01	-3.168251e+02
6.500000e-07	-6.055447e-06	-1.211589e-09	-3.261171e+01	-3.161870e+02
6.600000e-07	-6.023382e-06	-1.200823e-09	-3.243902e+01	-3.155370e+02
6.700000e-07	-5.990926e-06	-1.192005e-09	-3.226423e+01	-3.148742e+02
6.800000e-07	-5.957890e-06	-1.199680e-09	-3.208631e+01	-3.141976e+02
6.900000e-07	-5.923941e-06	-1.193768e-09	-3.190348e+01	-3.135062e+02
7.000000e-07	-5.889206e-06	-1.181688e-09	-3.171641e+01	-3.127992e+02
7.100000e-07	-5.854048e-06	-1.182398e-09	-3.152707e+01	-3.120756e+02
7.200000e-07	-5.818543e-06	-1.181012e-09	-3.133585e+01	-3.113343e+02
7.300000e-07	-5.782816e-06	-1.174177e-09	-3.114345e+01	-3.105747e+02
7.400000e-07	-5.746859e-06	-1.172830e-09	-3.094980e+01	-3.097958e+02
7.500000e-07	-5.710584e-06	-1.169661e-09	-3.075444e+01	-3.089969e+02
7.600000e-07	-5.673899e-06	-1.164394e-09	-3.055687e+01	-3.081774e+02
7.700000e-07	-5.636773e-06	-1.163960e-09	-3.035693e+01	-3.073366e+02
7.800000e-07	-5.599176e-06	-1.160673e-09	-3.015445e+01	-3.064740e+02
7.900000e-07	-5.561033e-06	-1.152313e-09	-2.994903e+01	-3.055892e+02
8.000000e-07	-5.522512e-06	-1.146892e-09	-2.974158e+01	-3.046818e+02
8.100000e-07	-5.483557e-06	-1.144809e-09	-2.953179e+01	-3.037517e+02
8.200000e-07	-5.444206e-06	-1.142400e-09	-2.931986e+01	-3.027985e+02
8.300000e-07	-5.404637e-06	-1.138950e-09	-2.910676e+01	-3.018222e+02
8.400000e-07	-5.364855e-06	-1.133557e-09	-2.889251e+01	-3.008226e+02
8.500000e-07	-5.324874e-06	-1.128080e-09	-2.867719e+01	-2.997999e+02
8.600000e-07	-5.284512e-06	-1.124052e-09	-2.845982e+01	-2.987540e+02
8.700000e-07	-5.243661e-06	-1.120043e-09	-2.823982e+01	-2.976849e+02
8.800000e-07	-5.202188e-06	-1.114518e-09	-2.801647e+01	-2.965928e+02
8.900000e-07	-5.160065e-06	-1.108923e-09	-2.778961e+01	-2.954776e+02
9.000000e-07	-5.117469e-06	-1.103977e-09	-2.756021e+01	-2.943396e+02
9.100000e-07	-5.074491e-06	-1.100465e-09	-2.732875e+01	-2.931787e+02
9.200000e-07	-5.031232e-06	-1.096607e-09	-2.709578e+01	-2.919950e+02
9.300000e-07	-4.987655e-06	-1.090729e-09	-2.686110e+01	-2.907885e+02
9.400000e-07	-4.943837e-06	-1.084176e-09	-2.662511e+01	-2.895593e+02
9.500000e-07	-4.899749e-06	-1.078573e-09	-2.638768e+01	-2.883072e+02
9.600000e-07	-4.855181e-06	-1.073720e-09	-2.614766e+01	-2.870322e+02
9.700000e-07	-4.810293e-06	-1.069294e-09	-2.590591e+01	-2.857341e+02
9.800000e-07	-4.765105e-06	-1.063484e-09	-2.566255e+01	-2.844129e+02
9.900000e-07	-4.719544e-06	-1.056812e-09	-2.541718e+01	-2.830684e+02
1.000000e-06	-4.673679e-06	-1.050746e-09	-2.517017e+01	-2.817003e+02
1.010000e-06	-4.627452e-06	-1.044849e-09	-2.492122e+01	-2.803085e+02
1.020000e-06	-4.580828e-06	-1.038407e-09	-2.467012e+01	-2.788927e+02
1.030000e-06	-4.533943e-06	-1.031487e-09	-2.441762e+01	-2.774527e+02
1.040000e-06	-4.486899e-06	-1.025138e-09	-2.416426e+01	-2.759883e+02
1.050000e-06	-4.439564e-06	-1.019388e-09	-2.390934e+01	-2.744994e+02
1.060000e-06	-4.391895e-06	-1.013350e-09	-2.365262e+01	-2.729857e+02
1.070000e-06	-4.344011e-06	-1.006994e-09	-2.339474e+01	-2.714472e+02
1.080000e-06	-4.295877e-06	-9.994734e-10	-2.313551e+01	-2.698837e+02
1.090000e-06	-4.247365e-06	-9.910679e-10	-2.287425e+01	-2.682952e+02
1.100000e-06	-4.198301e-06	-9.835834e-10	-2.261002e+01	-2.666818e+02
1.110000e-06	-4.148717e-06	-9.769548e-10	-2.234298e+01	-2.650435e+02
1.120000e-06	-4.098682e-06	-9.707503e-10	-2.207352e+01	-2.633804e+02
1.130000e-06	-4.048098e-06	-9.641297e-10	-2.180110e+01	-2.616928e+02
1.140000e-06	-3.997150e-06	-9.561464e-10	-2.152672e+01	-2.599808e+02
1.150000e-06	-3.945890e-06	-9.476430e-10	-2.125065e+01	-2.582447e+02
1.160000e-06	-3.894337e-06	-9.400289e-10	-2.097301e+01	-2.564849e+02
1.170000e-06	-3.842549e-06	-9.329786e-10	-2.069411e+01	-2.547016e+02
1.180000e-06	-3.790394e-06	-9.256536e-10	-2.041323e+01	-2.528953e+02
1.190000e-06	-3.738048e-06	-9.176730e-10	-2.013132e+01	-2.510662e+02
1.200000e-06	-3.685459e-06	-9.104593e-10	-1.984810e+01	-2.492148e+02
1.210000e-06	-3.632435e-06	-9.035247e-10	-1.956254e+01	-2.473413e+02
1.220000e-06	-3.579096e-06	-8.961920e-10	-1.927528e+01	-2.454461e+02
1.230000e-06	-3.525492e-06	-8.887002e-10	-1.898660e+01	-2.435292e+02
1.240000e-06	-3.471743e-06	-8.804419e-10	-1.869713e+01	-2.415910e+02
1.250000e-06	-3.417848e-06	-8.713780e-10	-1.840688e+01	-2.396313e+02
1.260000e-06	-3.363711e-06	-8.630181e-10	-1.811532e+01	-2.376502e+02
1.270000e-06	-3.309302e-06	-8.552788e-10	-1.782230e+01	-2.356476e+02
1.280000e-06	-3.254681e-06	-8.469296e-10	-1.752814e+01	-2.336230e+02
1.290000e-06	-3.199745e-06	-8.383918e-10	-1.723228e+01	-2.315762e+02
1.300000e-06	-3.144560e-06	-8.307213e-10	-1.693508e+01	-2.295066e+02
1.310000e-06	-3.089200e-06	-8.236299e-10	-1.663694e+01	-2.274136e+02
1.320000e-06	-3.033615e-06	-8.156701e-10	-1.633758e+01	-2.252962e+02
1.330000e-06	-2.978109e-06	-8.061312e-10	-1.603865e+01	-2.231536e+02
1.340000e-06	-2.922598e-06	-7.959238e-10	-1.573970e+01	-2.209848e+02
1.350000e-06	-2.866877e-06	-7.867716e-10	-1.543961e+01	-2.187885e+02
1.360000e-06	-2.811014e-06	-7.788429e-10	-1.513876e+01	-2.165636e+02
1.370000e-06	-2.755041e-06	-7.708449e-10	-1.483732e+01	-2.143087e+02
1.380000e-06	-2.698941e-06	-7.620237e-10	-1.453519e+01	-2.120223e+02
1.390000e-06	-2.642562e-06	-7.537074e-10	-1.423156e+01	-2.097032e+02
1.400000e-06	-2.585908e-06	-7.459996e-10	-1.392645e+01	-2.073497e+02
1.410000e-06	-2.528992e-06	-7.370670e-10	-1.361993e+01	-2.049605e+02
1.420000e-06	-2.471627e-06	-7.266644e-10	-1.331099e+01	-2.025340e+02
1.430000e-06	-2.413931e-06	-7.162240e-10	-1.300026e+01	-2.000690e+02
1.440000e-06	-2.355950e-06	-7.065128e-10	-1.268801e+01	-1.975639e+02
1.450000e-06	-2.297647e-06	-6.977191e-10	-1.237402e+01	-1.950177e+02
1.460000e-06	-2.239132e-06	-6.886504e-10	-1.205888e+01	-1.924291e+02
1.470000e-06	-2.180327e-06	-6.782426e-10	-1.174219e+01	-1.897970e+02
1.480000e-06	-2.121299e-06	-6.678278e-10	-1.142429e+01	-1.871206e+02
1.490000e-06	-2.062199e-06	-6.576672e-10	-1.110601e+01	-1.843990e+02
1.500000e-06	-2.003017e-06	-6.463044e-10	-1.078728e+01	-1.816316e+02
1.510000e-06	-1.943675e-06	-6.347596e-10	-1.046770e+01	-1.788179e+02
1.520000e-06	-1.884215e-06	-6.245863e-10	-1.014747e+01	-1.759576e+02
1.530000e-06	-1.824700e-06	-6.148710e-10	-9.826952e+00	-1.730504e+02
1.540000e-06	-1.765094e-06	-6.040969e-10	-9.505942e+00	-1.700962e+02
1.550000e-06	-1.705394e-06	-5.926350e-10	-9.184428e+00	-1.670950e+02
1.560000e-06	-1.645627e-06	-5.814712e-10	-8.862551e+00	-1.640470e+02
1.570000e-06	-1.585799e-06	-5.698987e-10	-8.540348e+00	-1.609525e+02
1.580000e-06	-1.525920e-06	-5.580276e-10	-8.217867e+00	-1.578116e+02
1.590000e-06	-1.465993e-06	-5.465211e-10	-7.895131e+00	-1.546247e+02
1.600000e-06	-1.406035e-06	-5.349900e-10	-7.572221e+00	-1.513921e+02
1.610000e-06	-1.345969e-06	-5.240277e-10	-7.248736e+00	-1.481143e+02
1.620000e-06	-1.285758e-06	-5.128931e-10	-6.924468e+00	-1.447916e+02
1.630000e-06	-1.225480e-06	-5.002331e-10	-6.599842e+00	-1.414241e+02
1.640000e-06	-1.165052e-06	-4.869823e-10	-6.274404e+00	-1.380122e+02
1.650000e-06	-1.104633e-06	-4.734056e-10	-5.949021e+00	-1.345559e+02
1.660000e-06	-1.044198e-06	-4.601139e-10	-5.623545e+00	-1.310554e+02
1.670000e-06	-9.835210e-07	-4.478451e-10	-5.296768e+00	-1.275104e+02
1.680000e-06	-9.227500e-07	-4.351094e-10	-4.969485e+00	-1.239209e+02
1.690000e-06	-8.620046e-07	-4.212647e-10	-4.642339e+00	-1.202863e+02
1.700000e-06	-8.011846e-07	-4.073068e-10	-4.314793e+00	-1.166064e+02
1.710000e-06	-7.402270e-07	-3.934268e-10	-3.986504e+00	-1.128804e+02
1.720000e-06	-6.792856e-07	-3.797262e-10	-3.658304e+00	-1.091075e+02
1.730000e-06	-6.184020e-07	-3.661954e-10	-3.330414e+00	-1.052871e+02
1.740000e-06	-5.573308e-07	-3.523263e-10	-3.001514e+00	-1.014181e+02
1.750000e-06	-4.961105e-07	-3.376042e-10	-2.671811e+00	-9.749949e+01
1.760000e-06	-4.350065e-07	-3.220956e-10	-2.342734e+00	-9.353028e+01
1.770000e-06	-3.740184e-07	-3.057555e-10	-2.014282e+00	-8.950939e+01
1.780000e-06	-3.129068e-07	-2.892218e-10	-1.685165e+00	-8.543577e+01
1.790000e-06	-2.516259e-07	-2.737127e-10	-1.355135e+00	-8.130842e+01
1.800000e-06	-1.903075e-07	-2.594088e-10	-1.024904e+00	-7.712644e+01
1.810000e-06	-1.290305e-07	-2.447091e-10	-6.948958e-01	-7.288906e+01
1.820000e-06	-6.777155e-08	-2.291447e-10	-3.649848e-01	-6.859567e+01
1.830000e-06	-6.497526e-09	-2.145412e-10	-3.499253e-02	-6.424585e+01
1.840000e-06	5.468812e-08	-1.996697e-10	2.945237e-01	-5.983945e+01
1.850000e-06	1.157607e-07	-1.833074e-10	6.234309e-01	-5.537658e+01
1.860000e-06	1.769411e-07	-1.671204e-10	9.529189e-01	-5.085763e+01
1.870000e-06	2.382233e-07	-1.502352e-10	1.282955e+00	-4.628337e+01
1.880000e-06	2.994262e-07	-1.327582e-10	1.612564e+00	-4.165488e+01
1.890000e-06	3.606153e-07	-1.165342e-10	1.942099e+00	-3.697365e+01
1.900000e-06	4.218049e-07	-1.008366e-10	2.271637e+00	-3.224153e+01
1.910000e-06	4.830050e-07	-8.409108e-11	2.601231e+00	-2.746078e+01
1.920000e-06	5.441835e-07	-6.609348e-11	2.930709e+00	-2.263404e+01
1.930000e-06	6.052427e-07	-4.821900e-11	3.259544e+00	-1.776436e+01
1.940000e-06	6.662408e-07	-3.134056e-11	3.588051e+00	-1.285514e+01
1.950000e-06	7.271776e-07	-1.463966e-11	3.916226e+00	-7.910164e+00
1.960000e-06	7.879675e-07	3.302474e-12	4.243612e+00	-2.933536e+00
1.970000e-06	8.486808e-07	2.111833e-11	4.570584e+00	2.070327e+00
1.980000e-06	9.093612e-07	3.823299e-11	4.897379e+00	7.096736e+00
1.990000e-06	9.699819e-07	5.560573e-11	5.223853e+00	1.214076e+01
2.000000e-06	1.030457e-06	7.338606e-11	5.549544e+00	1.719730e+01
2.010000e-06	1.090847e-06	9.158485e-11	5.874776e+00	2.226108e+01
2.020000e-06	1.151234e-06	1.091219e-10	6.199988e+00	2.732673e+01
2.030000e-06	1.211477e-06	1.261324e-10	6.524430e+00	3.238886e+01
2.040000e-06	1.271573e-06	1.439568e-10	6.848074e+00	3.744204e+01
2.050000e-06	1.331699e-06	1.631601e-10	7.171886e+00	4.248091e+01
2.060000e-06	1.391744e-06	1.827535e-10	7.495258e+00	4.750021e+01
2.070000e-06	1.451730e-06	2.008220e-10	7.818313e+00	5.249481e+01
2.080000e-06	1.511667e-06	2.169624e-10	8.141104e+00	5.745976e+01
2.090000e-06	1.571444e-06	2.337355e-10	8.463039e+00	6.239036e+01
2.100000e-06	1.631161e-06	2.520889e-10	8.784644e+00	6.728216e+01
2.110000e-06	1.690803e-06	2.695522e-10	9.105845e+00	7.213099e+01
2.120000e-06	1.750417e-06	2.857087e-10	9.426900e+00	7.693301e+01
2.130000e-06	1.809929e-06	3.022341e-10	9.747401e+00	8.168472e+01
2.140000e-06	1.869298e-06	3.197051e-10	1.006714e+01	8.638296e+01
2.150000e-06	1.928749e-06	3.373712e-10	1.038731e+01	9.102495e+01
2.160000e-06	1.988234e-06	3.538226e-10	1.070767e+01	9.560826e+01
2.170000e-06	2.047639e-06	3.691042e-10	1.102759e+01	1.001308e+02
2.180000e-06	2.106874e-06	3.844844e-10	1.134660e+01	1.045910e+02
2.190000e-06	2.165715e-06	4.002262e-10	1.166349e+01	1.089873e+02
2.200000e-06	2.224313e-06	4.166091e-10	1.197907e+01	1.133188e+02
2.210000e-06	2.282777e-06	4.324407e-10	1.229393e+01	1.175847e+02
2.220000e-06	2.340944e-06	4.466285e-10	1.260719e+01	1.217846e+02
2.230000e-06	2.398658e-06	4.604248e-10	1.291801e+01	1.259182e+02
2.240000e-06	2.456139e-06	4.750130e-10	1.322758e+01	1.299857e+02
2.250000e-06	2.513409e-06	4.902892e-10	1.353600e+01	1.339873e+02
2.260000e-06	2.570245e-06	5.051773e-10	1.384209e+01	1.379233e+02
2.270000e-06	2.626777e-06	5.197025e-10	1.414655e+01	1.417942e+02
2.280000e-06	2.683176e-06	5.345011e-10	1.445029e+01	1.456008e+02
2.290000e-06	2.739395e-06	5.491514e-10	1.475305e+01	1.493437e+02
2.300000e-06	2.795318e-06	5.625515e-10	1.505423e+01	1.530238e+02
2.310000e-06	2.851096e-06	5.745834e-10	1.535462e+01	1.566417e+02
2.320000e-06	2.906764e-06	5.861214e-10	1.565442e+01	1.601984e+02
2.330000e-06	2.962335e-06	5.985015e-10	1.595370e+01	1.636946e+02
2.340000e-06	3.017857e-06	6.117552e-10	1.625271e+01	1.671310e+02
2.350000e-06	3.073242e-06	6.248780e-10	1.655100e+01	1.705085e+02
2.360000e-06	3.128399e-06	6.376183e-10	1.684804e+01	1.738277e+02
2.370000e-06	3.183274e-06	6.498465e-10	1.714357e+01	1.770893e+02
2.380000e-06	3.237991e-06	6.619347e-10	1.743825e+01	1.802939e+02
2.390000e-06	3.292413e-06	6.744720e-10	1.773134e+01	1.834421e+02
2.400000e-06	3.346463e-06	6.866493e-10	1.802243e+01	1.865343e+02
2.410000e-06	3.400404e-06	6.974293e-10	1.831293e+01	1.895712e+02
2.420000e-06	3.454239e-06	7.077825e-10	1.860286e+01	1.925531e+02
2.430000e-06	3.507899e-06	7.187622e-10	1.889185e+01	1.954805e+02
2.440000e-06	3.561309e-06	7.296930e-10	1.917949e+01	1.983540e+02
2.450000e-06	3.614369e-06	7.401682e-10	1.946524e+01	2.011739e+02
2.460000e-06	3.667166e-06	7.506005e-10	1.974958e+01	2.039409e+02
2.470000e-06	3.719751e-06	7.610715e-10	2.003278e+01	2.066555e+02
2.480000e-06	3.771933e-06	7.714251e-10	2.031380e+01	2.093184e+02
2.490000e-06	3.823667e-06	7.811246e-10	2.059242e+01	2.119301e+02
2.500000e-06	3.875041e-06	7.892431e-10	2.086909e+01	2.144914e+02
2.510000e-06	3.926203e-06	7.968009e-10	2.114463e+01	2.170033e+02
2.520000e-06	3.977177e-06	8.053001e-10	2.141915e+01	2.194665e+02
2.530000e-06	4.027778e-06	8.144047e-10	2.169166e+01	2.218821e+02
2.540000e-06	4.077984e-06	8.240494e-10	2.196205e+01	2.242511e+02
2.550000e-06	4.127755e-06	8.340393e-10	2.223009e+01	2.265747e+02
2.560000e-06	4.177082e-06	8.430062e-10	2.249574e+01	2.288542e+02
2.570000e-06	4.225931e-06	8.504645e-10	2.275882e+01	2.310907e+02
2.580000e-06	4.274276e-06	8.582296e-10	2.301918e+01	2.332857e+02
2.590000e-06	4.322258e-06	8.668171e-10	2.327759e+01	2.354405e+02
2.600000e-06	4.370031e-06	8.744593e-10	2.353487e+01	2.375565e+02
2.610000e-06	4.417676e-06	8.813541e-10	2.379146e+01	2.396352e+02
2.620000e-06	4.465082e-06	8.894941e-10	2.404677e+01	2.416779e+02
2.630000e-06	4.512181e-06	8.989566e-10	2.430042e+01	2.436861e+02
2.640000e-06	4.559071e-06	9.078414e-10	2.455295e+01	2.456612e+02
2.650000e-06	4.605613e-06	9.149515e-10	2.480360e+01	2.476043e+02
2.660000e-06	4.651606e-06	9.203465e-10	2.505130e+01	2.495169e+02
2.670000e-06	4.697209e-06	9.256770e-10	2.529689e+01	2.514000e+02
2.680000e-06	4.742527e-06	9.323227e-10	2.554095e+01	2.532547e+02
2.690000e-06	4.787537e-06	9.395154e-10	2.578336e+01	2.550821e+02
2.700000e-06	4.832329e-06	9.469317e-10	2.602459e+01	2.568831e+02
2.710000e-06	4.876863e-06	9.541543e-10	2.626443e+01	2.586583e+02
2.720000e-06	4.920984e-06	9.607163e-10	2.650204e+01	2.604084e+02
2.730000e-06	4.964736e-06	9.669457e-10	2.673766e+01	2.621341e+02
2.740000e-06	5.008204e-06	9.733271e-10	2.697176e+01	2.638357e+02
2.750000e-06	5.051405e-06	9.795282e-10	2.720442e+01	2.655136e+02
2.760000e-06	5.094430e-06	9.858692e-10	2.743613e+01	2.671680e+02
2.770000e-06	5.137210e-06	9.927001e-10	2.766652e+01	2.687990e+02
2.780000e-06	5.179478e-06	9.990499e-10	2.789416e+01	2.704068e+02
2.790000e-06	5.221089e-06	1.004486e-09	2.811826e+01	2.719913e+02
2.800000e-06	5.262051e-06	1.009407e-09	2.833886e+01	2.735524e+02
2.810000e-06	5.302459e-06	1.015317e-09	2.855648e+01	2.750902e+02
2.820000e-06	5.342426e-06	1.022355e-09	2.877172e+01	2.766043e+02
2.830000e-06	5.382042e-06	1.028819e-09	2.898507e+01	2.780948e+02
2.840000e-06	5.421490e-06	1.033939e-09	2.919752e+01	2.795614e+02
2.850000e-06	5.460679e-06	1.038654e-09	2.940857e+01	2.810041e+02
2.860000e-06	5.499414e-06	1.043962e-09	2.961718e+01	2.824228e+02
2.870000e-06	5.537704e-06	1.049450e-09	2.982340e+01	2.838174e+02
2.880000e-06	5.575624e-06	1.054917e-09	3.002761e+01	2.851878e+02
2.890000e-06	5.613234e-06	1.060792e-09	3.023016e+01	2.865343e+02
2.900000e-06	5.650447e-06	1.066936e-09	3.043057e+01	2.878567e+02
2.910000e-06	5.687125e-06	1.073260e-09	3.062810e+01	2.891553e+02
2.920000e-06	5.723411e-06	1.079498e-09	3.082352e+01	2.904303e+02
2.930000e-06	5.759405e-06	1.084612e-09	3.101737e+01	2.916820e+02
2.940000e-06	5.795122e-06	1.087698e-09	3.120972e+01	2.929106e+02
2.950000e-06	5.830614e-06	1.091481e-09	3.140087e+01	2.941165e+02
2.960000e-06	5.865826e-06	1.097833e-09	3.159050e+01	2.953002e+02
2.970000e-06	5.900642e-06	1.103791e-09	3.177800e+01	2.964620e+02
2.980000e-06	5.934866e-06	1.108485e-09	3.196232e+01	2.976025e+02
2.990000e-06	5.968362e-06	1.112737e-09	3.214271e+01	2.987221e+02
3.000000e-06	6.001130e-06	1.116646e-09	3.231918e+01	2.998212e+02
3.010000e-06	6.033394e-06	1.120883e-09	3.249294e+01	3.009004e+02
3.020000e-06	6.065205e-06	1.125010e-09	3.266426e+01	3.019600e+02
3.030000e-06	6.096641e-06	1.128756e-09	3.283356e+01	3.030005e+02
3.040000e-06	6.127946e-06	1.133539e-09	3.300215e+01	3.040222e+02
3.050000e-06	6.158865e-06	1.139633e-09	3.316867e+01	3.050255e+02
3.060000e-06	6.189275e-06	1.146423e-09	3.333244e+01	3.060106e+02
3.070000e-06	6.219315e-06	1.152155e-09	3.349422e+01	3.069778e+02
3.080000e-06	6.248860e-06	1.155829e-09	3.365334e+01	3.079272e+02
3.090000e-06	6.277993e-06	1.158907e-09	3.381023e+01	3.088590e+02
3.100000e-06	6.306697e-06	1.162627e-09	3.396482e+01	3.097731e+02
3.110000e-06	6.334951e-06	1.166959e-09	3.411698e+01	3.106697e+02
3.120000e-06	6.362907e-06	1.170961e-09	3.426754e+01	3.115485e+02
3.130000e-06	6.390631e-06	1.174718e-09	3.441685e+01	3.124097e+02
3.140000e-06	6.418152e-06	1.179597e-09	3.456506e+01	3.132529e+02
3.150000e-06	6.445240e-06	1.185126e-09	3.471094e+01	3.140782e+02
3.160000e-06	6.471635e-06	1.189614e-09	3.485309e+01	3.148853e+02
3.170000e-06	6.497300e-06	1.192391e-09	3.499131e+01	3.156742e+02
3.180000e-06	6.522247e-06	1.193690e-09	3.512567e+01	3.164446e+02
3.190000e-06	6.546500e-06	1.195297e-09	3.525628e+01	3.171965e+02
3.200000e-06	6.570251e-06	1.198288e-09	3.538419e+01	3.179299e+02
3.210000e-06	6.593648e-06	1.201754e-09	3.551020e+01	3.186447e+02
3.220000e-06	6.616589e-06	1.206550e-09	3.563375e+01	3.193409e+02
3.230000e-06	6.639142e-06	1.212853e-09	3.575520e+01	3.200187e+02
3.240000e-06	6.661248e-06	1.218062e-09	3.587426e+01	3.206782e+02
3.250000e-06	6.682854e-06	1.221555e-09	3.599062e+01	3.213197e+02
3.260000e-06	6.704025e-06	1.224023e-09	3.610464e+01	3.219436e+02
3.270000e-06	6.724754e-06	1.227045e-09	3.621627e+01	3.225501e+02
3.280000e-06	6.745083e-06	1.230385e-09	3.632575e+01	3.231399e+02
3.290000e-06	6.765030e-06	1.233163e-09	3.643318e+01	3.237133e+02
3.300000e-06	6.784652e-06	1.236538e-09	3.653885e+01	3.242712e+02
3.310000e-06	6.803909e-06	1.239652e-09	3.664256e+01	3.248140e+02
3.320000e-06	6.822607e-06	1.241811e-09	3.674326e+01	3.253425e+02
3.330000e-06	6.840856e-06	1.243741e-09	3.684154e+01	3.258573e+02
3.340000e-06	6.858641e-06	1.246642e-09	3.693732e+01	3.263593e+02
3.350000e-06	6.875690e-06	1.250840e-09	3.702914e+01	3.268491e+02
3.360000e-06	6.892054e-06	1.253880e-09	3.711727e+01	3.273275e+02
3.370000e-06	6.908143e-06	1.255545e-09	3.720392e+01	3.277950e+02
3.380000e-06	6.923969e-06	1.257945e-09	3.728914e+01	3.282524e+02
3.390000e-06	6.939059e-06	1.260351e-09	3.737041e+01	3.287000e+02
3.400000e-06	6.953527e-06	1.262994e-09	3.744833e+01	3.291385e+02
3.410000e-06	6.967502e-06	1.266630e-09	3.752359e+01	3.295681e+02
3.420000e-06	6.980880e-06	1.269472e-09	3.759564e+01	3.299891e+02
3.430000e-06	6.993730e-06	1.271338e-09	3.766484e+01	3.304017e+02
3.440000e-06	7.006101e-06	1.272348e-09	3.773147e+01	3.308058e+02
3.450000e-06	7.017959e-06	1.273664e-09	3.779533e+01	3.312015e+02
3.460000e-06	7.029264e-06	1.276785e-09	3.785621e+01	3.315883e+02
3.470000e-06	7.040101e-06	1.280078e-09	3.791458e+01	3.319661e+02
3.480000e-06	7.050277e-06	1.281787e-09	3.796938e+01	3.323343e+02
3.490000e-06	7.059657e-06	1.282061e-09	3.801990e+01	3.326923e+02
3.500000e-06	7.068394e-06	1.282978e-09	3.806695e+01	3.330396e+02
3.510000e-06	7.076578e-06	1.285414e-09	3.811102e+01	3.333754e+02
3.520000e-06	7.084282e-06	1.287710e-09	3.815251e+01	3.336989e+02
3.530000e-06	7.091518e-06	1.289718e-09	3.819149e+01	3.340092e+02
3.540000e-06	7.098376e-06	1.292104e-09	3.822842e+01	3.343054e+02
3.550000e-06	7.104730e-06	1.294333e-09	3.826264e+01	3.345868e+02
3.560000e-06	7.110536e-06	1.295736e-09	3.829390e+01	3.348523e+02
3.570000e-06	7.115818e-06	1.296869e-09	3.832235e+01	3.351012e+02
3.580000e-06	7.120534e-06	1.298266e-09	3.834775e+01	3.353327e+02
3.590000e-06	7.124844e-06	1.298763e-09	3.837096e+01	3.355460e+02
3.600000e-06	7.128777e-06	1.300476e-09	3.839214e+01	3.357406e+02
3.610000e-06	7.132300e-06	1.303996e-09	3.841112e+01	3.359160e+02
3.620000e-06	7.135425e-06	1.305735e-09	3.842795e+01	3.360718e+02
3.630000e-06	7.137960e-06	1.307038e-09	3.844160e+01	3.362077e+02
3.640000e-06	7.139794e-06	1.309594e-09	3.845148e+01	3.363236e+02
3.650000e-06	7.140914e-06	1.311670e-09	3.845751e+01	3.364196e+02
3.660000e-06	7.141377e-06	1.312224e-09	3.846000e+01	3.364958e+02
3.670000e-06	7.141327e-06	1.312836e-09	3.845973e+01	3.365526e+02
3.680000e-06	7.140786e-06	1.314198e-09	3.845682e+01	3.365904e+02
3.690000e-06	7.139819e-06	1.314785e-09	3.845161e+01	3.366099e+02
3.700000e-06	7.138409e-06	1.315446e-09	3.844401e+01	3.366117e+02
3.710000e-06	7.136573e-06	1.316810e-09	3.843413e+01	3.365968e+02
3.720000e-06	7.134381e-06	1.317472e-09	3.842232e+01	3.365660e+02
3.730000e-06	7.131693e-06	1.318847e-09	3.840785e+01	3.365203e+02
3.740000e-06	7.128490e-06	1.318565e-09	3.839060e+01	3.364608e+02
3.750000e-06	7.124856e-06	1.309923e-09	3.837103e+01	3.363886e+02
3.760000e-06	7.120619e-06	1.304845e-09	3.834821e+01	3.363046e+02
3.770000e-06	7.115699e-06	1.330555e-09	3.832171e+01	3.362101e+02
3.780000e-06	7.110091e-06	1.356104e-09	3.829151e+01	3.361060e+02
3.790000e-06	7.103994e-06	1.313423e-09	3.825867e+01	3.359933e+02
3.800000e-06	7.097575e-06	1.262925e-09	3.822410e+01	3.358729e+02
3.810000e-06	7.090712e-06	1.319249e-09	3.818714e+01	3.357456e+02
3.820000e-06	7.083311e-06	1.376983e-09	3.814729e+01	3.356120e+02
3.830000e-06	7.075270e-06	1.314523e-09	3.810398e+01	3.354728e+02
3.840000e-06	7.066828e-06	1.252355e-09	3.805851e+01	3.353283e+02
3.850000e-06	7.058055e-06	1.327894e-09	3.801127e+01	3.351787e+02
3.860000e-06	7.048751e-06	1.409068e-09	3.796116e+01	3.350244e+02
3.870000e-06	7.038843e-06	1.315520e-09	3.790780e+01	3.348651e+02
3.880000e-06	7.028538e-06	1.223185e-09	3.785230e+01	3.347009e+02
3.890000e-06	7.017864e-06	1.323624e-09	3.779482e+01	3.345313e+02
3.900000e-06	7.006564e-06	1.415329e-09	3.773396e+01	3.343559e+02
3.910000e-06	6.994662e-06	1.308831e-09	3.766986e+01	3.341743e+02
3.920000e-06	6.982291e-06	1.240836e-09	3.760324e+01	3.339858e+02
3.930000e-06	6.969354e-06	1.359237e-09	3.753357e+01	3.337896e+02
3.940000e-06	6.955582e-06	1.396599e-09	3.745940e+01	3.335851e+02
3.950000e-06	6.940883e-06	1.267903e-09	3.738024e+01	3.333714e+02
3.960000e-06	6.925499e-06	1.265676e-09	3.729739e+01	3.331476e+02
3.970000e-06	6.909568e-06	1.389751e-09	3.721159e+01	3.329130e+02
3.980000e-06	6.893212e-06	1.354719e-09	3.712350e+01	3.326667e+02
3.990000e-06	6.876595e-06	1.260348e-09	3.703401e+01	3.324079e+02
4.000000e-06	6.859575e-06	1.334118e-09	3.694235e+01	3.321360e+02
4.010000e-06	6.842123e-06	1.385855e-09	3.684836e+01	3.318502e+02
4.020000e-06	6.824134e-06	1.277468e-09	3.675148e+01	3.315501e+02
4.030000e-06	6.805616e-06	1.269371e-09	3.665175e+01	3.312353e+02
4.040000e-06	6.786634e-06	1.384897e-09	3.654952e+01	3.309053e+02
4.050000e-06	6.767198e-06	1.344744e-09	3.644486e+01	3.305600e+02
4.060000e-06	6.747318e-06	1.251300e-09	3.633779e+01	3.301993e+02
4.070000e-06	6.727018e-06	1.328945e-09	3.622846e+01	3.298233e+02
4.080000e-06	6.706474e-06	1.372034e-09	3.611782e+01	3.294320e+02
4.090000e-06	6.685539e-06	1.274359e-09	3.600508e+01	3.290258e+02
4.100000e-06	6.663883e-06	1.278762e-09	3.588845e+01	3.286051e+02
4.110000e-06	6.641427e-06	1.360623e-09	3.576751e+01	3.281702e+02
4.120000e-06	6.618184e-06	1.309119e-09	3.564233e+01	3.277218e+02
4.130000e-06	6.594327e-06	1.267883e-09	3.551385e+01	3.272605e+02
4.140000e-06	6.570179e-06	1.337230e-09	3.538381e+01	3.267869e+02
4.150000e-06	6.545738e-06	1.320563e-09	3.525217e+01	3.263017e+02
4.160000e-06	6.520954e-06	1.256243e-09	3.511870e+01	3.258055e+02
4.170000e-06	6.495715e-06	1.308553e-09	3.498278e+01	3.252991e+02
4.180000e-06	6.469972e-06	1.334854e-09	3.484414e+01	3.247830e+02
4.190000e-06	6.443821e-06	1.274489e-09	3.470330e+01	3.242578e+02
4.200000e-06	6.417225e-06	1.289753e-09	3.456007e+01	3.237242e+02
4.210000e-06	6.390127e-06	1.324393e-09	3.441413e+01	3.231824e+02
4.220000e-06	6.362483e-06	1.277158e-09	3.426525e+01	3.226328e+02
4.230000e-06	6.334437e-06	1.274380e-09	3.411421e+01	3.220757e+02
4.240000e-06	6.306106e-06	1.315335e-09	3.396164e+01	3.215112e+02
4.250000e-06	6.277533e-06	1.284610e-09	3.380775e+01	3.209392e+02
4.260000e-06	6.248639e-06	1.267185e-09	3.365214e+01	3.203597e+02
4.270000e-06	6.219109e-06	1.303752e-09	3.349311e+01	3.197723e+02
4.280000e-06	6.188813e-06	1.289209e-09	3.332995e+01	3.191767e+02
4.290000e-06	6.157759e-06	1.261385e-09	3.316271e+01	3.185725e+02
4.300000e-06	6.126084e-06	1.285085e-09	3.299212e+01	3.179589e+02
4.310000e-06	6.094087e-06	1.285572e-09	3.281980e+01	3.173354e+02
4.320000e-06	6.061775e-06	1.265284e-09	3.264579e+01	3.167011e+02
4.330000e-06	6.029143e-06	1.279560e-09	3.247005e+01	3.160552e+02
4.340000e-06	5.996138e-06	1.280993e-09	3.229230e+01	3.153967e+02
4.350000e-06	5.962656e-06	1.259403e-09	3.211198e+01	3.147249e+02
4.360000e-06	5.928660e-06	1.264946e-09	3.192889e+01	3.140386e+02
4.370000e-06	5.894265e-06	1.271199e-09	3.174366e+01	3.133370e+02
4.380000e-06	5.859586e-06	1.259269e-09	3.155690e+01	3.126190e+02
4.390000e-06	5.824409e-06	1.261070e-09	3.136745e+01	3.118838e+02
4.400000e-06	5.788773e-06	1.265458e-09	3.117553e+01	3.111304e+02
4.410000e-06	5.752875e-06	1.257226e-09	3.098220e+01	3.103581e+02
4.420000e-06	5.716742e-06	1.256793e-09	3.078761e+01	3.095660e+02
4.430000e-06	5.680373e-06	1.258181e-09	3.059174e+01	3.087534e+02
4.440000e-06	5.643699e-06	1.250689e-09	3.039423e+01	3.079198e+02
4.450000e-06	5.606400e-06	1.248566e-09	3.019336e+01	3.070646e+02
4.460000e-06	5.568440e-06	1.250050e-09	2.998892e+01	3.061873e+02
4.470000e-06	5.529839e-06	1.244858e-09	2.978103e+01	3.052875e+02
4.480000e-06	5.490565e-06	1.239113e-09	2.956953e+01	3.043650e+02
4.490000e-06	5.450853e-06	1.235508e-09	2.935566e+01	3.034196e+02
4.500000e-06	5.410832e-06	1.231330e-09	2.914012e+01	3.024510e+02
4.510000e-06	5.370577e-06	1.230698e-09	2.892333e+01	3.014593e+02
4.520000e-06	5.329986e-06	1.232179e-09	2.870473e+01	3.004443e+02
4.530000e-06	5.289033e-06	1.230300e-09	2.848417e+01	2.994061e+02
4.540000e-06	5.247690e-06	1.225638e-09	2.826152e+01	2.983448e+02
4.550000e-06	5.206017e-06	1.220470e-09	2.803709e+01	2.972604e+02
4.560000e-06	5.164094e-06	1.215576e-09	2.781131e+01	2.961530e+02
4.570000e-06	5.121880e-06	1.211067e-09	2.758397e+01	2.950226e+02
4.580000e-06	5.079249e-06	1.205508e-09	2.735438e+01	2.938694e+02
4.590000e-06	5.036124e-06	1.201470e-09	2.712213e+01	2.926933e+02
4.600000e-06	4.992598e-06	1.200488e-09	2.688771e+01	2.914945e+02
4.610000e-06	4.948717e-06	1.198927e-09	2.665139e+01	2.902729e+02
4.620000e-06	4.904675e-06	1.193937e-09	2.641421e+01	2.890284e+02
4.630000e-06	4.860494e-06	1.187538e-09	2.617627e+01	2.877611e+02
4.640000e-06	4.816123e-06	1.181878e-09	2.593731e+01	2.864708e+02
4.650000e-06	4.771418e-06	1.176974e-09	2.569655e+01	2.851574e+02
4.660000e-06	4.726256e-06	1.171641e-09	2.545333e+01	2.838207e+02
4.670000e-06	4.680679e-06	1.165609e-09	2.520787e+01	2.824605e+02
4.680000e-06	4.634801e-06	1.159270e-09	2.496079e+01	2.810766e+02
4.690000e-06	4.588679e-06	1.153838e-09	2.471240e+01	2.796689e+02
4.700000e-06	4.542141e-06	1.149831e-09	2.446177e+01	2.782371e+02
4.710000e-06	4.495266e-06	1.146814e-09	2.420933e+01	2.767809e+02
4.720000e-06	4.448084e-06	1.141839e-09	2.395522e+01	2.753002e+02
4.730000e-06	4.400615e-06	1.135048e-09	2.369958e+01	2.737948e+02
4.740000e-06	4.352913e-06	1.129127e-09	2.344268e+01	2.722646e+02
4.750000e-06	4.304955e-06	1.124125e-09	2.318441e+01	2.707095e+02
4.760000e-06	4.256520e-06	1.119139e-09	2.292356e+01	2.691294e+02
4.770000e-06	4.207725e-06	1.111783e-09	2.266077e+01	2.675244e+02
4.780000e-06	4.158746e-06	1.104385e-09	2.239699e+01	2.658944e+02
4.790000e-06	4.109289e-06	1.099334e-09	2.213064e+01	2.642396e+02
4.800000e-06	4.059387e-06	1.095182e-09	2.186189e+01	2.625601e+02
4.810000e-06	4.009115e-06	1.089623e-09	2.159115e+01	2.608563e+02
4.820000e-06	3.958561e-06	1.082781e-09	2.131889e+01	2.591282e+02
4.830000e-06	3.907733e-06	1.075386e-09	2.104516e+01	2.573763e+02
4.840000e-06	3.856570e-06	1.067458e-09	2.076962e+01	2.556009e+02
4.850000e-06	3.805054e-06	1.060096e-09	2.049218e+01	2.538022e+02
4.860000e-06	3.753311e-06	1.052877e-09	2.021352e+01	2.519808e+02
4.870000e-06	3.701405e-06	1.046189e-09	1.993397e+01	2.501368e+02
4.880000e-06	3.649199e-06	1.039674e-09	1.965282e+01	2.482707e+02
4.890000e-06	3.596793e-06	1.032798e-09	1.937058e+01	2.463827e+02
4.900000e-06	3.544254e-06	1.026951e-09	1.908764e+01	2.444731e+02
4.910000e-06	3.491493e-06	1.020322e-09	1.880349e+01	2.425420e+02
4.920000e-06	3.438235e-06	1.012523e-09	1.851667e+01	2.405895e+02
4.930000e-06	3.384281e-06	1.005025e-09	1.822610e+01	2.386156e+02
4.940000e-06	3.329853e-06	9.976139e-10	1.793298e+01	2.366202e+02
4.950000e-06	3.274949e-06	9.895218e-10	1.763729e+01	2.346031e+02
4.960000e-06	3.219642e-06	9.808590e-10	1.733943e+01	2.325638e+02
4.970000e-06	3.164195e-06	9.725254e-10	1.704082e+01	2.305019e+02
4.980000e-06	3.108576e-06	9.652223e-10	1.674128e+01	2.284168e+02
4.990000e-06	3.052750e-06	9.580190e-10	1.644063e+01	2.263076e+02
5.000000e-06	2.996699e-06	9.501046e-10	1.613877e+01	2.241736e+02
5.010000e-06	2.940483e-06	9.423681e-10	1.583602e+01	2.220137e+02
5.020000e-06	2.884190e-06	9.342733e-10	1.553285e+01	2.198268e+02
5.030000e-06	2.827754e-06	9.246098e-10	1.522892e+01	2.176116e+02
5.040000e-06	2.771067e-06	9.139152e-10	1.492363e+01	2.153668e+02
5.050000e-06	2.714165e-06	9.027218e-10	1.461718e+01	2.130912e+02
5.060000e-06	2.657085e-06	8.920789e-10	1.430977e+01	2.107832e+02
5.070000e-06	2.599923e-06	8.824584e-10	1.400193e+01	2.084413e+02
5.080000e-06	2.542680e-06	8.735110e-10	1.369364e+01	2.060642e+02
5.090000e-06	2.485124e-06	8.657535e-10	1.338367e+01	2.036504e+02
5.100000e-06	2.427449e-06	8.575230e-10	1.307307e+01	2.011984e+02
5.110000e-06	2.369718e-06	8.475250e-10	1.276215e+01	1.987069e+02
5.120000e-06	2.311771e-06	8.360215e-10	1.245008e+01	1.961746e+02
5.130000e-06	2.253620e-06	8.244984e-10	1.213690e+01	1.936002e+02
5.140000e-06	2.195269e-06	8.140231e-10	1.182266e+01	1.909828e+02
5.150000e-06	2.136867e-06	8.034692e-10	1.150813e+01	1.883213e+02
5.160000e-06	2.078268e-06	7.921375e-10	1.119255e+01	1.856149e+02
5.170000e-06	2.019447e-06	7.811767e-10	1.087576e+01	1.828629e+02
5.180000e-06	1.960499e-06	7.706922e-10	1.055830e+01	1.800647e+02
5.190000e-06	1.901444e-06	7.601513e-10	1.024026e+01	1.772200e+02
5.200000e-06	1.842289e-06	7.487965e-10	9.921676e+00	1.743285e+02
5.210000e-06	1.782990e-06	7.355536e-10	9.602320e+00	1.713900e+02
5.220000e-06	1.723533e-06	7.223105e-10	9.282116e+00	1.684045e+02
5.230000e-06	1.663976e-06	7.104382e-10	8.961369e+00	1.653722e+02
5.240000e-06	1.604355e-06	6.979374e-10	8.640279e+00	1.622931e+02
5.250000e-06	1.544491e-06	6.846487e-10	8.317883e+00	1.591677e+02
5.260000e-06	1.484522e-06	6.716348e-10	7.994916e+00	1.559961e+02
5.270000e-06	1.424563e-06	6.584703e-10	7.672006e+00	1.527788e+02
5.280000e-06	1.364543e-06	6.451359e-10	7.348768e+00	1.495161e+02
5.290000e-06	1.304453e-06	6.320274e-10	7.025150e+00	1.462083e+02
5.300000e-06	1.244271e-06	6.180106e-10	6.701042e+00	1.428558e+02
5.310000e-06	1.184054e-06	6.027657e-10	6.376741e+00	1.394587e+02
5.320000e-06	1.123826e-06	5.874220e-10	6.052384e+00	1.360173e+02
5.330000e-06	1.063550e-06	5.724711e-10	5.727765e+00	1.325315e+02
5.340000e-06	1.003218e-06	5.582786e-10	5.402845e+00	1.290014e+02
5.350000e-06	9.428366e-07	5.444137e-10	5.077661e+00	1.254268e+02
5.360000e-06	8.824048e-07	5.304357e-10	4.752205e+00	1.218074e+02
5.370000e-06	8.219888e-07	5.148837e-10	4.426834e+00	1.181427e+02
5.380000e-06	7.615651e-07	4.982211e-10	4.101421e+00	1.144321e+02
5.390000e-06	7.010516e-07	4.822108e-10	3.775525e+00	1.106750e+02
5.400000e-06	6.404953e-07	4.663305e-10	3.449398e+00	1.068706e+02
5.410000e-06	5.798760e-07	4.502926e-10	3.122932e+00	1.030179e+02
5.420000e-06	5.192001e-07	4.339293e-10	2.796160e+00	9.911601e+01
5.430000e-06	4.584600e-07	4.172098e-10	2.469044e+00	9.516384e+01
5.440000e-06	3.976544e-07	4.002605e-10	2.141574e+00	9.116034e+01
5.450000e-06	3.369294e-07	3.831629e-10	1.814539e+00	8.710445e+01
5.460000e-06	2.763296e-07	3.662525e-10	1.488178e+00	8.299516e+01
5.470000e-06	2.157968e-07	3.489137e-10	1.162177e+00	7.883152e+01
5.480000e-06	1.551523e-07	3.308330e-10	8.355753e-01	7.461273e+01
5.490000e-06	9.433379e-08	3.117498e-10	5.080361e-01	7.033811e+01
5.500000e-06	3.342766e-08	2.908696e-10	1.800252e-01	6.600717e+01
5.510000e-06	-2.733598e-08	2.704280e-10	-1.472183e-01	6.161968e+01
5.520000e-06	-8.803825e-08	2.506926e-10	-4.741314e-01	5.717564e+01
5.530000e-06	-1.488693e-07	2.301538e-10	-8.017378e-01	5.267536e+01
5.540000e-06	-2.096897e-07	2.104763e-10	-1.129287e+00	4.811947e+01
5.550000e-06	-2.705391e-07	1.918108e-10	-1.456993e+00	4.350896e+01
5.560000e-06	-3.313034e-07	1.731102e-10	-1.784240e+00	3.884516e+01
5.570000e-06	-3.920176e-07	1.543676e-10	-2.111217e+00	3.412982e+01
5.580000e-06	-4.527908e-07	1.346302e-10	-2.438512e+00	2.936505e+01
5.590000e-06	-5.134838e-07	1.131572e-10	-2.765375e+00	2.455336e+01
5.600000e-06	-5.741639e-07	9.088302e-11	-3.092169e+00	1.969768e+01
5.610000e-06	-6.347635e-07	6.845919e-11	-3.418529e+00	1.480128e+01
5.620000e-06	-6.952445e-07	4.699708e-11	-3.744251e+00	9.867826e+00
5.630000e-06	-7.556576e-07	2.621771e-11	-4.069606e+00	4.901314e+00
5.640000e-06	-8.159658e-07	4.942342e-12	-4.394397e+00	-9.393600e-02
5.650000e-06	-8.762543e-07	-1.596233e-11	-4.719082e+00	-5.113323e+00
5.660000e-06	-9.365353e-07	-3.707450e-11	-5.043726e+00	-1.015200e+01
5.670000e-06	-9.967747e-07	-5.868379e-11	-5.368146e+00	-1.520490e+01
5.680000e-06	-1.057025e-06	-8.028176e-11	-5.692624e+00	-2.026681e+01
5.690000e-06	-1.117277e-06	-1.036423e-10	-6.017114e+00	-2.533240e+01
5.700000e-06	-1.177506e-06	-1.280788e-10	-6.341480e+00	-3.039626e+01
5.710000e-06	-1.237665e-06	-1.511437e-10	-6.665464e+00	-3.545298e+01
5.720000e-06	-1.297708e-06	-1.726827e-10	-6.988826e+00	-4.049717e+01
5.730000e-06	-1.357703e-06	-1.934278e-10	-7.311931e+00	-4.552353e+01
5.740000e-06	-1.417643e-06	-2.139616e-10	-7.634740e+00	-5.052687e+01
5.750000e-06	-1.477581e-06	-2.342445e-10	-7.957534e+00	-5.550220e+01
5.760000e-06	-1.537507e-06	-2.543681e-10	-8.280269e+00	-6.044472e+01
5.770000e-06	-1.597268e-06	-2.753285e-10	-8.602112e+00	-6.534988e+01
5.780000e-06	-1.656847e-06	-2.976490e-10	-8.922978e+00	-7.021344e+01
5.790000e-06	-1.716332e-06	-3.200615e-10	-9.243335e+00	-7.503142e+01
5.800000e-06	-1.775678e-06	-3.420293e-10	-9.562940e+00	-7.980023e+01
5.810000e-06	-1.834928e-06	-3.626185e-10	-9.882034e+00	-8.451658e+01
5.820000e-06	-1.894046e-06	-3.810511e-10	-1.020041e+01	-8.917756e+01
5.830000e-06	-1.952914e-06	-3.995683e-10	-1.051745e+01	-9.378064e+01
5.840000e-06	-2.011684e-06	-4.183586e-10	-1.083396e+01	-9.832362e+01
5.850000e-06	-2.070389e-06	-4.364400e-10	-1.115011e+01	-1.028047e+02
5.860000e-06	-2.128873e-06	-4.554334e-10	-1.146508e+01	-1.072224e+02
5.870000e-06	-2.187143e-06	-4.759330e-10	-1.177889e+01	-1.115755e+02
5.880000e-06	-2.245324e-06	-4.963764e-10	-1.209223e+01	-1.158633e+02
5.890000e-06	-2.303392e-06	-5.154623e-10	-1.240495e+01	-1.200852e+02
5.900000e-06	-2.361213e-06	-5.331714e-10	-1.271635e+01	-1.242409e+02
5.910000e-06	-2.418870e-06	-5.499644e-10	-1.302686e+01	-1.283304e+02
5.920000e-06	-2.476408e-06	-5.661450e-10	-1.333673e+01	-1.323538e+02
5.930000e-06	-2.533621e-06	-5.824355e-10	-1.364486e+01	-1.363116e+02
5.940000e-06	-2.590639e-06	-5.995195e-10	-1.395193e+01	-1.402041e+02
5.950000e-06	-2.647575e-06	-6.165264e-10	-1.425856e+01	-1.440320e+02
5.960000e-06	-2.704237e-06	-6.323638e-10	-1.456371e+01	-1.477961e+02
5.970000e-06	-2.760808e-06	-6.478069e-10	-1.486838e+01	-1.514969e+02
5.980000e-06	-2.817358e-06	-6.637153e-10	-1.517293e+01	-1.551354e+02
5.990000e-06	-2.873737e-06	-6.796997e-10	-1.547656e+01	-1.587124e+02
6.000000e-06	-2.930013e-06	-6.947836e-10	-1.577963e+01	-1.622286e+02
6.010000e-06	-2.986124e-06	-7.098173e-10	-1.608182e+01	-1.656848e+02
6.020000e-06	-3.042041e-06	-7.253558e-10	-1.638296e+01	-1.690819e+02
6.030000e-06	-3.097610e-06	-7.399650e-10	-1.668223e+01	-1.724204e+02
6.040000e-06	-3.152864e-06	-7.530200e-10	-1.697980e+01	-1.757011e+02
6.050000e-06	-3.207966e-06	-7.651263e-10	-1.727655e+01	-1.789246e+02
6.060000e-06	-3.262771e-06	-7.767175e-10	-1.757170e+01	-1.820914e+02
6.070000e-06	-3.317125e-06	-7.883465e-10	-1.786443e+01	-1.852022e+02
6.080000e-06	-3.371027e-06	-8.012742e-10	-1.815472e+01	-1.882574e+02
6.090000e-06	-3.424560e-06	-8.139422e-10	-1.844302e+01	-1.912575e+02
6.100000e-06	-3.477711e-06	-8.262826e-10	-1.872927e+01	-1.942030e+02
6.110000e-06	-3.530521e-06	-8.396723e-10	-1.901368e+01	-1.970944e+02
6.120000e-06	-3.583071e-06	-8.522479e-10	-1.929669e+01	-1.999321e+02
6.130000e-06	-3.635397e-06	-8.631680e-10	-1.957849e+01	-2.027167e+02
6.140000e-06	-3.687555e-06	-8.739925e-10	-1.985938e+01	-2.054486e+02
6.150000e-06	-3.739459e-06	-8.857195e-10	-2.013891e+01	-2.081286e+02
6.160000e-06	-3.790948e-06	-8.981195e-10	-2.041621e+01	-2.107572e+02
6.170000e-06	-3.842076e-06	-9.101861e-10	-2.069156e+01	-2.133352e+02
6.180000e-06	-3.892955e-06	-9.211811e-10	-2.096557e+01	-2.158634e+02
6.190000e-06	-3.943448e-06	-9.312016e-10	-2.123750e+01	-2.183427e+02
6.200000e-06	-3.993657e-06	-9.406720e-10	-2.150790e+01	-2.207740e+02
6.210000e-06	-4.043709e-06	-9.507188e-10	-2.177746e+01	-2.231584e+02
6.220000e-06	-4.093305e-06	-9.616966e-10	-2.204456e+01	-2.254970e+02
6.230000e-06	-4.142435e-06	-9.719593e-10	-2.230915e+01	-2.277910e+02
6.240000e-06	-4.191279e-06	-9.804443e-10	-2.257220e+01	-2.300416e+02
6.250000e-06	-4.239910e-06	-9.881025e-10	-2.283410e+01	-2.322503e+02
6.260000e-06	-4.288011e-06	-9.961044e-10	-2.309315e+01	-2.344183e+02
6.270000e-06	-4.335460e-06	-1.005003e-09	-2.334869e+01	-2.365470e+02
6.280000e-06	-4.382680e-06	-1.013225e-09	-2.360300e+01	-2.386379e+02
6.290000e-06	-4.429719e-06	-1.020095e-09	-2.385632e+01	-2.406925e+02
6.300000e-06	-4.476396e-06	-1.028246e-09	-2.410770e+01	-2.427120e+02
6.310000e-06	-4.522833e-06	-1.037225e-09	-2.435779e+01	-2.446979e+02
6.320000e-06	-4.569120e-06	-1.045559e-09	-2.460707e+01	-2.466515e+02
6.330000e-06	-4.615040e-06	-1.052754e-09	-2.485437e+01	-2.485740e+02
6.340000e-06	-4.660580e-06	-1.058578e-09	-2.509963e+01	-2.504668e+02
6.350000e-06	-4.705866e-06	-1.063803e-09	-2.534352e+01	-2.523308e+02
6.360000e-06	-4.750783e-06	-1.069581e-09	-2.558542e+01	-2.541672e+02
6.370000e-06	-4.795345e-06	-1.077431e-09	-2.582541e+01	-2.559768e+02
6.380000e-06	-4.839687e-06	-1.085378e-09	-2.606421e+01	-2.577605e+02
6.390000e-06	-4.883797e-06	-1.091758e-09	-2.630177e+01	-2.595189e+02
6.400000e-06	-4.927704e-06	-1.098344e-09	-2.653823e+01	-2.612526e+02
6.410000e-06	-4.971331e-06	-1.105677e-09	-2.677318e+01	-2.629622e+02
6.420000e-06	-5.014550e-06	-1.112590e-09	-2.700594e+01	-2.646479e+02
6.430000e-06	-5.057340e-06	-1.118905e-09	-2.723639e+01	-2.663101e+02
6.440000e-06	-5.099866e-06	-1.125437e-09	-2.746541e+01	-2.679488e+02
6.450000e-06	-5.142104e-06	-1.132931e-09	-2.769288e+01	-2.695643e+02
6.460000e-06	-5.183884e-06	-1.140429e-09	-2.791789e+01	-2.711565e+02
6.470000e-06	-5.225341e-06	-1.146575e-09	-2.814116e+01	-2.727254e+02
6.480000e-06	-5.266541e-06	-1.151472e-09	-2.836304e+01	-2.742709e+02
6.490000e-06	-5.307342e-06	-1.156299e-09	-2.858277e+01	-2.757929e+02
6.500000e-06	-5.347695e-06	-1.161962e-09	-2.880010e+01	-2.772912e+02
6.510000e-06	-5.387815e-06	-1.167906e-09	-2.901616e+01	-2.787658e+02
6.520000e-06	-5.427649e-06	-1.173410e-09	-2.923069e+01	-2.802164e+02
6.530000e-06	-5.467157e-06	-1.178411e-09	-2.944346e+01	-2.816431e+02
6.540000e-06	-5.506324e-06	-1.183268e-09	-2.965440e+01	-2.830456e+02
6.550000e-06	-5.544995e-06	-1.189064e-09	-2.986266e+01	-2.844241e+02
6.560000e-06	-5.583014e-06	-1.194808e-09	-3.006741e+01	-2.857785e+02
6.570000e-06	-5.620315e-06	-1.199630e-09	-3.026829e+01	-2.871089e+02
6.580000e-06	-5.657085e-06	-1.204163e-09	-3.046632e+01	-2.884154e+02
6.590000e-06	-5.693459e-06	-1.208050e-09	-3.066221e+01	-2.896982e+02
6.600000e-06	-5.729542e-06	-1.212289e-09	-3.085654e+01	-2.909575e+02
6.610000e-06	-5.765368e-06	-1.217600e-09	-3.104948e+01	-2.921937e+02
6.620000e-06	-5.800874e-06	-1.223092e-09	-3.124070e+01	-2.934071e+02
6.630000e-06	-5.835956e-06	-1.228282e-09	-3.142963e+01	-2.945982e+02
6.640000e-06	-5.870651e-06	-1.233118e-09	-3.161649e+01	-2.957672e+02
6.650000e-06	-5.904998e-06	-1.237208e-09	-3.180146e+01	-2.969147e+02
6.660000e-06	-5.938939e-06	-1.241469e-09	-3.198425e+01	-2.980411e+02
6.670000e-06	-5.972447e-06	-1.245928e-09	-3.216471e+01	-2.991470e+02
6.680000e-06	-6.005658e-06	-1.249306e-09	-3.234356e+01	-3.002327e+02
6.690000e-06	-6.038335e-06	-1.252638e-09	-3.251955e+01	-3.012987e+02
6.700000e-06	-6.070401e-06	-1.256008e-09	-3.269224e+01	-3.023455e+02
6.710000e-06	-6.102253e-06	-1.259086e-09	-3.286378e+01	-3.033734e+02
6.720000e-06	-6.133789e-06	-1.262070e-09	-3.303362e+01	-3.043828e+02
6.730000e-06	-6.164779e-06	-1.264312e-09	-3.320052e+01	-3.053739e+02
6.740000e-06	-6.195160e-06	-1.267031e-09	-3.336414e+01	-3.063470e+02
6.750000e-06	-6.224964e-06	-1.271337e-09	-3.352464e+01	-3.073023e+02
6.760000e-06	-6.254198e-06	-1.276427e-09	-3.368208e+01	-3.082399e+02
6.770000e-06	-6.282848e-06	-1.280154e-09	-3.383638e+01	-3.091598e+02
6.780000e-06	-6.311112e-06	-1.281886e-09	-3.398859e+01	-3.100622e+02
6.790000e-06	-6.339093e-06	-1.283715e-09	-3.413929e+01	-3.109469e+02
6.800000e-06	-6.366682e-06	-1.286475e-09	-3.428787e+01	-3.118139e+02
6.810000e-06	-6.393812e-06	-1.289697e-09	-3.443398e+01	-3.126631e+02
6.820000e-06	-6.420460e-06	-1.292538e-09	-3.457749e+01	-3.134944e+02
6.830000e-06	-6.446592e-06	-1.294153e-09	-3.471822e+01	-3.143075e+02
6.840000e-06	-6.472195e-06	-1.295492e-09	-3.485611e+01	-3.151024e+02
6.850000e-06	-6.497325e-06	-1.297133e-09	-3.499145e+01	-3.158790e+02
6.860000e-06	-6.522161e-06	-1.298281e-09	-3.512520e+01	-3.166370e+02
6.870000e-06	-6.546712e-06	-1.299232e-09	-3.525742e+01	-3.173766e+02
6.880000e-06	-6.570843e-06	-1.301332e-09	-3.538738e+01	-3.180975e+02
6.890000e-06	-6.594639e-06	-1.305461e-09	-3.551553e+01	-3.187998e+02
6.900000e-06	-6.618100e-06	-1.309184e-09	-3.564188e+01	-3.194837e+02
6.910000e-06	-6.641046e-06	-1.311271e-09	-3.576546e+01	-3.201493e+02
6.920000e-06	-6.663209e-06	-1.313383e-09	-3.588482e+01	-3.207967e+02
6.930000e-06	-6.684497e-06	-1.314965e-09	-3.599947e+01	-3.214264e+02
6.940000e-06	-6.705129e-06	-1.315940e-09	-3.611058e+01	-3.220386e+02
6.950000e-06	-6.725406e-06	-1.316869e-09	-3.621978e+01	-3.226338e+02
6.960000e-06	-6.745410e-06	-1.317309e-09	-3.632751e+01	-3.232126e+02
6.970000e-06	-6.765068e-06	-1.318580e-09	-3.643338e+01	-3.237755e+02
6.980000e-06	-6.784247e-06	-1.320368e-09	-3.653667e+01	-3.243232e+02
6.990000e-06	-6.802874e-06	-1.321629e-09	-3.663699e+01	-3.248564e+02
7.000000e-06	-6.821052e-06	-1.322515e-09	-3.673488e+01	-3.253757e+02
7.010000e-06	-6.838804e-06	-1.323087e-09	-3.683049e+01	-3.258818e+02
7.020000e-06	-6.856053e-06	-1.324658e-09	-3.692338e+01	-3.263756e+02
7.030000e-06	-6.872887e-06	-1.325966e-09	-3.701405e+01	-3.268576e+02
7.040000e-06	-6.889304e-06	-1.326168e-09	-3.710246e+01	-3.273287e+02
7.050000e-06	-6.905329e-06	-1.325512e-09	-3.718876e+01	-3.277893e+02
7.060000e-06	-6.921111e-06	-1.324937e-09	-3.727375e+01	-3.282401e+02
7.070000e-06	-6.936190e-06	-1.324802e-09	-3.735496e+01	-3.286815e+02
7.080000e-06	-6.950328e-06	-1.325123e-09	-3.743110e+01	-3.291140e+02
7.090000e-06	-6.963748e-06	-1.326421e-09	-3.750338e+01	-3.295379e+02
7.100000e-06	-6.976565e-06	-1.327886e-09	-3.757240e+01	-3.299532e+02
7.110000e-06	-6.988835e-06	-1.328728e-09	-3.763848e+01	-3.303601e+02
7.120000e-06	-7.000685e-06	-1.329339e-09	-3.770230e+01	-3.307585e+02
7.130000e-06	-7.011985e-06	-1.329873e-09	-3.776316e+01	-3.311483e+02
7.140000e-06	-7.022697e-06	-1.329855e-09	-3.782085e+01	-3.315291e+02
7.150000e-06	-7.032989e-06	-1.330371e-09	-3.787627e+01	-3.319005e+02
7.160000e-06	-7.042797e-06	-1.332137e-09	-3.792910e+01	-3.322619e+02
7.170000e-06	-7.052139e-06	-1.334574e-09	-3.797941e+01	-3.326129e+02
7.180000e-06	-7.060998e-06	-1.335549e-09	-3.802712e+01	-3.329525e+02
7.190000e-06	-7.069518e-06	-1.334872e-09	-3.807300e+01	-3.332802e+02
7.200000e-06	-7.077643e-06	-1.334536e-09	-3.811676e+01	-3.335949e+02
7.210000e-06	-7.085289e-06	-1.334964e-09	-3.815794e+01	-3.338959e+02
7.220000e-06	-7.092490e-06	-1.335528e-09	-3.819672e+01	-3.341822e+02
7.230000e-06	-7.099025e-06	-1.336792e-09	-3.823191e+01	-3.344531e+02
7.240000e-06	-7.104724e-06	-1.337682e-09	-3.826261e+01	-3.347076e+02
7.250000e-06	-7.109861e-06	-1.337160e-09	-3.829027e+01	-3.349449e+02
7.260000e-06	-7.114481e-06	-1.336674e-09	-3.831515e+01	-3.351643e+02
7.270000e-06	-7.118489e-06	-1.336411e-09	-3.833674e+01	-3.353652e+02
7.280000e-06	-7.122184e-06	-1.337266e-09	-3.835664e+01	-3.355470e+02
7.290000e-06	-7.125490e-06	-1.338659e-09	-3.837444e+01	-3.357093e+02
7.300000e-06	-7.128272e-06	-1.338643e-09	-3.838942e+01	-3.358518e+02
7.310000e-06	-7.130592e-06	-1.338211e-09	-3.840191e+01	-3.359744e+02
7.320000e-06	-7.132365e-06	-1.337862e-09	-3.841147e+01	-3.360769e+02
7.330000e-06	-7.133651e-06	-1.337354e-09	-3.841839e+01	-3.361596e+02
7.340000e-06	-7.134559e-06	-1.337408e-09	-3.842328e+01	-3.362228e+02
