# Temperatura_=_-26.7
# Concentracion g/m^3_=_7400.0
# C_Vs_to_Am_M_A/Vsm_=_254322799225.57578
# pendiente_HvsI_1/m_=_3716.3
# ordenada_HvsI_A/m_=_1297.0
# frecuencia_Hz_=_136109.6919249678

Tiempo_(s)	Campo_(V.s)	Magnetizacion_(V.s)	Campo_(kA/m)	Magnetizacion_(A/m)
0.000000e+00	-7.095223e-06	-1.185624e-09	-3.842355e+01	-2.987445e+02
1.000000e-08	-7.095532e-06	-1.185384e-09	-3.842522e+01	-2.986932e+02
2.000000e-08	-7.095365e-06	-1.183946e-09	-3.842432e+01	-2.986260e+02
3.000000e-08	-7.094578e-06	-1.183361e-09	-3.842005e+01	-2.985434e+02
4.000000e-08	-7.093188e-06	-1.183737e-09	-3.841253e+01	-2.984463e+02
5.000000e-08	-7.091039e-06	-1.182571e-09	-3.840089e+01	-2.983354e+02
6.000000e-08	-7.088225e-06	-1.180419e-09	-3.838565e+01	-2.982116e+02
7.000000e-08	-7.084952e-06	-1.182571e-09	-3.836793e+01	-2.980756e+02
8.000000e-08	-7.081248e-06	-1.182574e-09	-3.834787e+01	-2.979285e+02
9.000000e-08	-7.077033e-06	-1.164695e-09	-3.832504e+01	-2.977711e+02
1.000000e-07	-7.072041e-06	-1.145583e-09	-3.829801e+01	-2.976043e+02
1.100000e-07	-7.066453e-06	-1.171901e-09	-3.826775e+01	-2.974291e+02
1.200000e-07	-7.060688e-06	-1.202259e-09	-3.823652e+01	-2.972464e+02
1.300000e-07	-7.054696e-06	-1.180029e-09	-3.820408e+01	-2.970570e+02
1.400000e-07	-7.048113e-06	-1.142456e-09	-3.816843e+01	-2.968618e+02
1.500000e-07	-7.040827e-06	-1.163024e-09	-3.812897e+01	-2.966615e+02
1.600000e-07	-7.033127e-06	-1.201624e-09	-3.808727e+01	-2.964569e+02
1.700000e-07	-7.025056e-06	-1.163478e-09	-3.804357e+01	-2.962485e+02
1.800000e-07	-7.016381e-06	-1.119726e-09	-3.799659e+01	-2.960369e+02
1.900000e-07	-7.006944e-06	-1.157711e-09	-3.794548e+01	-2.958225e+02
2.000000e-07	-6.997161e-06	-1.204608e-09	-3.789250e+01	-2.956055e+02
2.100000e-07	-6.986950e-06	-1.168826e-09	-3.783721e+01	-2.953863e+02
2.200000e-07	-6.975980e-06	-1.126741e-09	-3.777780e+01	-2.951648e+02
2.300000e-07	-6.964413e-06	-1.148534e-09	-3.771516e+01	-2.949411e+02
2.400000e-07	-6.952201e-06	-1.168552e-09	-3.764903e+01	-2.947149e+02
2.500000e-07	-6.939409e-06	-1.145240e-09	-3.757975e+01	-2.944861e+02
2.600000e-07	-6.926181e-06	-1.139184e-09	-3.750811e+01	-2.942542e+02
2.700000e-07	-6.912425e-06	-1.157126e-09	-3.743362e+01	-2.940187e+02
2.800000e-07	-6.897929e-06	-1.149369e-09	-3.735512e+01	-2.937792e+02
2.900000e-07	-6.882516e-06	-1.139099e-09	-3.727165e+01	-2.935349e+02
3.000000e-07	-6.866500e-06	-1.149025e-09	-3.718492e+01	-2.932852e+02
3.100000e-07	-6.850108e-06	-1.140340e-09	-3.709615e+01	-2.930293e+02
3.200000e-07	-6.833105e-06	-1.118999e-09	-3.700407e+01	-2.927664e+02
3.300000e-07	-6.815689e-06	-1.138730e-09	-3.690976e+01	-2.924957e+02
3.400000e-07	-6.797993e-06	-1.161652e-09	-3.681393e+01	-2.922164e+02
3.500000e-07	-6.779887e-06	-1.135456e-09	-3.671587e+01	-2.919278e+02
3.600000e-07	-6.761172e-06	-1.113514e-09	-3.661452e+01	-2.916289e+02
3.700000e-07	-6.741931e-06	-1.131884e-09	-3.651032e+01	-2.913192e+02
3.800000e-07	-6.722287e-06	-1.138058e-09	-3.640395e+01	-2.909980e+02
3.900000e-07	-6.702402e-06	-1.122197e-09	-3.629626e+01	-2.906646e+02
4.000000e-07	-6.682150e-06	-1.122765e-09	-3.618659e+01	-2.903186e+02
4.100000e-07	-6.661396e-06	-1.128893e-09	-3.607420e+01	-2.899596e+02
4.200000e-07	-6.640139e-06	-1.122001e-09	-3.595908e+01	-2.895872e+02
4.300000e-07	-6.618303e-06	-1.121277e-09	-3.584083e+01	-2.892013e+02
4.400000e-07	-6.596039e-06	-1.119399e-09	-3.572026e+01	-2.888016e+02
4.500000e-07	-6.573260e-06	-1.106811e-09	-3.559690e+01	-2.883884e+02
4.600000e-07	-6.549937e-06	-1.104888e-09	-3.547060e+01	-2.879615e+02
4.700000e-07	-6.526349e-06	-1.112949e-09	-3.534286e+01	-2.875213e+02
4.800000e-07	-6.502539e-06	-1.108294e-09	-3.521392e+01	-2.870679e+02
4.900000e-07	-6.478298e-06	-1.099979e-09	-3.508265e+01	-2.866019e+02
5.000000e-07	-6.453509e-06	-1.096687e-09	-3.494840e+01	-2.861235e+02
5.100000e-07	-6.427946e-06	-1.092809e-09	-3.480997e+01	-2.856333e+02
5.200000e-07	-6.401652e-06	-1.093325e-09	-3.466758e+01	-2.851319e+02
5.300000e-07	-6.374812e-06	-1.095112e-09	-3.452223e+01	-2.846196e+02
5.400000e-07	-6.347433e-06	-1.089250e-09	-3.437396e+01	-2.840972e+02
5.500000e-07	-6.319647e-06	-1.086857e-09	-3.422348e+01	-2.835651e+02
5.600000e-07	-6.291613e-06	-1.088545e-09	-3.407167e+01	-2.830238e+02
5.700000e-07	-6.263151e-06	-1.081499e-09	-3.391754e+01	-2.824739e+02
5.800000e-07	-6.234119e-06	-1.075776e-09	-3.376032e+01	-2.819156e+02
5.900000e-07	-6.204744e-06	-1.078208e-09	-3.360124e+01	-2.813494e+02
6.000000e-07	-6.175073e-06	-1.075591e-09	-3.344056e+01	-2.807755e+02
6.100000e-07	-6.145004e-06	-1.071865e-09	-3.327772e+01	-2.801941e+02
6.200000e-07	-6.114459e-06	-1.075387e-09	-3.311231e+01	-2.796052e+02
6.300000e-07	-6.083347e-06	-1.071640e-09	-3.294382e+01	-2.790088e+02
6.400000e-07	-6.051904e-06	-1.061828e-09	-3.277355e+01	-2.784047e+02
6.500000e-07	-6.020262e-06	-1.061398e-09	-3.260219e+01	-2.777925e+02
6.600000e-07	-5.988334e-06	-1.063383e-09	-3.242929e+01	-2.771720e+02
6.700000e-07	-5.956132e-06	-1.058557e-09	-3.225490e+01	-2.765426e+02
6.800000e-07	-5.923443e-06	-1.057187e-09	-3.207788e+01	-2.759036e+02
6.900000e-07	-5.890005e-06	-1.055857e-09	-3.189680e+01	-2.752544e+02
7.000000e-07	-5.855770e-06	-1.048186e-09	-3.171140e+01	-2.745942e+02
7.100000e-07	-5.820800e-06	-1.043405e-09	-3.152203e+01	-2.739220e+02
7.200000e-07	-5.785392e-06	-1.043499e-09	-3.133028e+01	-2.732370e+02
7.300000e-07	-5.749796e-06	-1.039495e-09	-3.113751e+01	-2.725382e+02
7.400000e-07	-5.714005e-06	-1.035418e-09	-3.094368e+01	-2.718246e+02
7.500000e-07	-5.677936e-06	-1.035439e-09	-3.074836e+01	-2.710951e+02
7.600000e-07	-5.641435e-06	-1.034425e-09	-3.055069e+01	-2.703487e+02
7.700000e-07	-5.604505e-06	-1.030605e-09	-3.035070e+01	-2.695844e+02
7.800000e-07	-5.567157e-06	-1.025954e-09	-3.014845e+01	-2.688013e+02
7.900000e-07	-5.529459e-06	-1.020091e-09	-2.994429e+01	-2.679984e+02
8.000000e-07	-5.491291e-06	-1.015877e-09	-2.973760e+01	-2.671749e+02
8.100000e-07	-5.452629e-06	-1.014475e-09	-2.952823e+01	-2.663300e+02
8.200000e-07	-5.413571e-06	-1.011644e-09	-2.931671e+01	-2.654629e+02
8.300000e-07	-5.374215e-06	-1.006245e-09	-2.910358e+01	-2.645731e+02
8.400000e-07	-5.334567e-06	-1.000461e-09	-2.888887e+01	-2.636601e+02
8.500000e-07	-5.294704e-06	-9.966187e-10	-2.867300e+01	-2.627234e+02
8.600000e-07	-5.254657e-06	-9.935040e-10	-2.845613e+01	-2.617628e+02
8.700000e-07	-5.214143e-06	-9.889290e-10	-2.823673e+01	-2.607780e+02
8.800000e-07	-5.173269e-06	-9.831554e-10	-2.801538e+01	-2.597690e+02
8.900000e-07	-5.131992e-06	-9.779112e-10	-2.779184e+01	-2.587357e+02
9.000000e-07	-5.089983e-06	-9.734796e-10	-2.756435e+01	-2.576782e+02
9.100000e-07	-5.047216e-06	-9.692928e-10	-2.733275e+01	-2.565967e+02
9.200000e-07	-5.004008e-06	-9.638481e-10	-2.709876e+01	-2.554915e+02
9.300000e-07	-4.960472e-06	-9.580228e-10	-2.686299e+01	-2.543627e+02
9.400000e-07	-4.916637e-06	-9.527113e-10	-2.662561e+01	-2.532107e+02
9.500000e-07	-4.872649e-06	-9.483356e-10	-2.638739e+01	-2.520359e+02
9.600000e-07	-4.828440e-06	-9.433240e-10	-2.614798e+01	-2.508387e+02
9.700000e-07	-4.783805e-06	-9.366121e-10	-2.590627e+01	-2.496193e+02
9.800000e-07	-4.738727e-06	-9.295772e-10	-2.566215e+01	-2.483783e+02
9.900000e-07	-4.693339e-06	-9.247455e-10	-2.541636e+01	-2.471159e+02
1.000000e-06	-4.647618e-06	-9.207789e-10	-2.516876e+01	-2.458324e+02
1.010000e-06	-4.601530e-06	-9.159732e-10	-2.491918e+01	-2.445281e+02
1.020000e-06	-4.555099e-06	-9.098073e-10	-2.466773e+01	-2.432032e+02
1.030000e-06	-4.508398e-06	-9.029053e-10	-2.441483e+01	-2.418578e+02
1.040000e-06	-4.461503e-06	-8.976723e-10	-2.416087e+01	-2.404921e+02
1.050000e-06	-4.414261e-06	-8.927637e-10	-2.390504e+01	-2.391060e+02
1.060000e-06	-4.366666e-06	-8.861400e-10	-2.364729e+01	-2.376994e+02
1.070000e-06	-4.318927e-06	-8.792465e-10	-2.338876e+01	-2.362723e+02
1.080000e-06	-4.271006e-06	-8.723546e-10	-2.312925e+01	-2.348243e+02
1.090000e-06	-4.222787e-06	-8.654606e-10	-2.286813e+01	-2.333553e+02
1.100000e-06	-4.174258e-06	-8.593862e-10	-2.260532e+01	-2.318649e+02
1.110000e-06	-4.125332e-06	-8.531976e-10	-2.234037e+01	-2.303527e+02
1.120000e-06	-4.075922e-06	-8.464515e-10	-2.207279e+01	-2.288183e+02
1.130000e-06	-4.025929e-06	-8.397104e-10	-2.180206e+01	-2.272611e+02
1.140000e-06	-3.975426e-06	-8.329394e-10	-2.152857e+01	-2.256807e+02
1.150000e-06	-3.924577e-06	-8.262115e-10	-2.125320e+01	-2.240765e+02
1.160000e-06	-3.873417e-06	-8.201335e-10	-2.097614e+01	-2.224481e+02
1.170000e-06	-3.822026e-06	-8.142583e-10	-2.069784e+01	-2.207949e+02
1.180000e-06	-3.770343e-06	-8.083855e-10	-2.041796e+01	-2.191164e+02
1.190000e-06	-3.718386e-06	-8.019622e-10	-2.013659e+01	-2.174121e+02
1.200000e-06	-3.666217e-06	-7.949320e-10	-1.985407e+01	-2.156816e+02
1.210000e-06	-3.613688e-06	-7.880937e-10	-1.956960e+01	-2.139245e+02
1.220000e-06	-3.560822e-06	-7.820855e-10	-1.928331e+01	-2.121404e+02
1.230000e-06	-3.507624e-06	-7.757931e-10	-1.899522e+01	-2.103291e+02
1.240000e-06	-3.454147e-06	-7.684205e-10	-1.870562e+01	-2.084902e+02
1.250000e-06	-3.400585e-06	-7.601123e-10	-1.841557e+01	-2.066237e+02
1.260000e-06	-3.346780e-06	-7.517629e-10	-1.812419e+01	-2.047294e+02
1.270000e-06	-3.292715e-06	-7.434779e-10	-1.783140e+01	-2.028073e+02
1.280000e-06	-3.238460e-06	-7.358763e-10	-1.753759e+01	-2.008574e+02
1.290000e-06	-3.183998e-06	-7.293465e-10	-1.724266e+01	-1.988797e+02
1.300000e-06	-3.129217e-06	-7.230567e-10	-1.694600e+01	-1.968744e+02
1.310000e-06	-3.074123e-06	-7.172392e-10	-1.664764e+01	-1.948417e+02
1.320000e-06	-3.018788e-06	-7.102423e-10	-1.634798e+01	-1.927816e+02
1.330000e-06	-2.963244e-06	-7.000432e-10	-1.604718e+01	-1.906946e+02
1.340000e-06	-2.907637e-06	-6.895468e-10	-1.574605e+01	-1.885807e+02
1.350000e-06	-2.851997e-06	-6.822270e-10	-1.544473e+01	-1.864403e+02
1.360000e-06	-2.796187e-06	-6.760334e-10	-1.514250e+01	-1.842736e+02
1.370000e-06	-2.740243e-06	-6.689520e-10	-1.483954e+01	-1.820808e+02
1.380000e-06	-2.684288e-06	-6.613973e-10	-1.453653e+01	-1.798623e+02
1.390000e-06	-2.628175e-06	-6.536320e-10	-1.423265e+01	-1.776181e+02
1.400000e-06	-2.571898e-06	-6.449689e-10	-1.392788e+01	-1.753486e+02
1.410000e-06	-2.515536e-06	-6.350321e-10	-1.362266e+01	-1.730537e+02
1.420000e-06	-2.458799e-06	-6.248459e-10	-1.331541e+01	-1.707335e+02
1.430000e-06	-2.401684e-06	-6.159087e-10	-1.300611e+01	-1.683882e+02
1.440000e-06	-2.344500e-06	-6.081027e-10	-1.269643e+01	-1.660177e+02
1.450000e-06	-2.287192e-06	-5.998877e-10	-1.238608e+01	-1.636219e+02
1.460000e-06	-2.229380e-06	-5.904385e-10	-1.207301e+01	-1.612007e+02
1.470000e-06	-2.171099e-06	-5.800772e-10	-1.175740e+01	-1.587539e+02
1.480000e-06	-2.112596e-06	-5.703916e-10	-1.144058e+01	-1.562813e+02
1.490000e-06	-2.053803e-06	-5.611536e-10	-1.112219e+01	-1.537825e+02
1.500000e-06	-1.994712e-06	-5.509585e-10	-1.080218e+01	-1.512573e+02
1.510000e-06	-1.935416e-06	-5.405957e-10	-1.048107e+01	-1.487053e+02
1.520000e-06	-1.876117e-06	-5.304683e-10	-1.015995e+01	-1.461260e+02
1.530000e-06	-1.816767e-06	-5.204899e-10	-9.838541e+00	-1.435191e+02
1.540000e-06	-1.757276e-06	-5.100127e-10	-9.516370e+00	-1.408840e+02
1.550000e-06	-1.697782e-06	-4.990389e-10	-9.194187e+00	-1.382203e+02
1.560000e-06	-1.638248e-06	-4.886745e-10	-8.871784e+00	-1.355276e+02
1.570000e-06	-1.578636e-06	-4.788750e-10	-8.548965e+00	-1.328053e+02
1.580000e-06	-1.518910e-06	-4.690381e-10	-8.225521e+00	-1.300530e+02
1.590000e-06	-1.459056e-06	-4.585515e-10	-7.901388e+00	-1.272702e+02
1.600000e-06	-1.399181e-06	-4.474975e-10	-7.577141e+00	-1.244565e+02
1.610000e-06	-1.339265e-06	-4.367733e-10	-7.252668e+00	-1.216114e+02
1.620000e-06	-1.279350e-06	-4.266970e-10	-6.928207e+00	-1.187347e+02
1.630000e-06	-1.219402e-06	-4.164347e-10	-6.603562e+00	-1.158259e+02
1.640000e-06	-1.159318e-06	-4.052165e-10	-6.278183e+00	-1.128848e+02
1.650000e-06	-1.099140e-06	-3.928280e-10	-5.952294e+00	-1.099111e+02
1.660000e-06	-1.038936e-06	-3.806546e-10	-5.626267e+00	-1.069045e+02
1.670000e-06	-9.788129e-07	-3.697133e-10	-5.300674e+00	-1.038648e+02
1.680000e-06	-9.186146e-07	-3.585545e-10	-4.974675e+00	-1.007920e+02
1.690000e-06	-8.582355e-07	-3.464460e-10	-4.647698e+00	-9.768587e+01
1.700000e-06	-7.978235e-07	-3.338267e-10	-4.320542e+00	-9.454637e+01
1.710000e-06	-7.374340e-07	-3.212954e-10	-3.993508e+00	-9.137349e+01
1.720000e-06	-6.769230e-07	-3.101037e-10	-3.665816e+00	-8.816724e+01
1.730000e-06	-6.162806e-07	-2.994172e-10	-3.337413e+00	-8.492767e+01
1.740000e-06	-5.555982e-07	-2.876908e-10	-3.008793e+00	-8.165487e+01
1.750000e-06	-4.948594e-07	-2.744763e-10	-2.679867e+00	-7.834898e+01
1.760000e-06	-4.340253e-07	-2.604826e-10	-2.350425e+00	-7.501014e+01
1.770000e-06	-3.732525e-07	-2.473386e-10	-2.021316e+00	-7.163858e+01
1.780000e-06	-3.125353e-07	-2.344071e-10	-1.692507e+00	-6.823453e+01
1.790000e-06	-2.516672e-07	-2.209804e-10	-1.362881e+00	-6.479828e+01
1.800000e-06	-1.907738e-07	-2.082871e-10	-1.033118e+00	-6.133015e+01
1.810000e-06	-1.299206e-07	-1.964650e-10	-7.035732e-01	-5.783054e+01
1.820000e-06	-6.901250e-08	-1.845035e-10	-3.737310e-01	-5.429986e+01
1.830000e-06	-8.054805e-09	-1.723594e-10	-4.362008e-02	-5.073860e+01
1.840000e-06	5.282231e-08	-1.598848e-10	2.860545e-01	-4.714733e+01
1.850000e-06	1.136249e-07	-1.469578e-10	6.153257e-01	-4.352665e+01
1.860000e-06	1.744707e-07	-1.334919e-10	9.448304e-01	-3.987726e+01
1.870000e-06	2.353991e-07	-1.193344e-10	1.274783e+00	-3.619995e+01
1.880000e-06	2.963377e-07	-1.051648e-10	1.604791e+00	-3.249556e+01
1.890000e-06	3.571925e-07	-9.181315e-11	1.934344e+00	-2.876508e+01
1.900000e-06	4.179279e-07	-7.957441e-11	2.263251e+00	-2.500955e+01
1.910000e-06	4.787036e-07	-6.706543e-11	2.592377e+00	-2.123015e+01
1.920000e-06	5.394828e-07	-5.351934e-11	2.921521e+00	-1.742814e+01
1.930000e-06	6.002639e-07	-3.993575e-11	3.250676e+00	-1.360494e+01
1.940000e-06	6.609656e-07	-2.631589e-11	3.579400e+00	-9.762039e+00
1.950000e-06	7.214433e-07	-1.244691e-11	3.906912e+00	-5.901072e+00
1.960000e-06	7.819376e-07	1.076037e-12	4.234514e+00	-2.023786e+00
1.970000e-06	8.424333e-07	1.422333e-11	4.562122e+00	1.867958e+00
1.980000e-06	9.027726e-07	2.741099e-11	4.888884e+00	5.772184e+00
1.990000e-06	9.630230e-07	4.058426e-11	5.215165e+00	9.686809e+00
2.000000e-06	1.023288e-06	5.351799e-11	5.541527e+00	1.360965e+01
2.010000e-06	1.083463e-06	6.690556e-11	5.867397e+00	1.753843e+01
2.020000e-06	1.143624e-06	8.052752e-11	6.193196e+00	2.147078e+01
2.030000e-06	1.203765e-06	9.344401e-11	6.518882e+00	2.540429e+01
2.040000e-06	1.263774e-06	1.066830e-10	6.843855e+00	2.933646e+01
2.050000e-06	1.323725e-06	1.212034e-10	7.168517e+00	3.326476e+01
2.060000e-06	1.383557e-06	1.362083e-10	7.492528e+00	3.718663e+01
2.070000e-06	1.443269e-06	1.505388e-10	7.815892e+00	4.109951e+01
2.080000e-06	1.502917e-06	1.642078e-10	8.138912e+00	4.500082e+01
2.090000e-06	1.562587e-06	1.780179e-10	8.462051e+00	4.888803e+01
2.100000e-06	1.622189e-06	1.921314e-10	8.784818e+00	5.275862e+01
2.110000e-06	1.681678e-06	2.061130e-10	9.106980e+00	5.661015e+01
2.120000e-06	1.741156e-06	2.196940e-10	9.429075e+00	6.044024e+01
2.130000e-06	1.800574e-06	2.331435e-10	9.750848e+00	6.424659e+01
2.140000e-06	1.859897e-06	2.472532e-10	1.007210e+01	6.802703e+01
2.150000e-06	1.919105e-06	2.620599e-10	1.039274e+01	7.177946e+01
2.160000e-06	1.978227e-06	2.757713e-10	1.071291e+01	7.550195e+01
2.170000e-06	2.037119e-06	2.880036e-10	1.103184e+01	7.919268e+01
2.180000e-06	2.095605e-06	3.010631e-10	1.134856e+01	8.284999e+01
2.190000e-06	2.154001e-06	3.148674e-10	1.166480e+01	8.647237e+01
2.200000e-06	2.212255e-06	3.282811e-10	1.198027e+01	9.005845e+01
2.210000e-06	2.270116e-06	3.416613e-10	1.229361e+01	9.360704e+01
2.220000e-06	2.327643e-06	3.546086e-10	1.260514e+01	9.711709e+01
2.230000e-06	2.384655e-06	3.667205e-10	1.291389e+01	1.005877e+02
2.240000e-06	2.441338e-06	3.793076e-10	1.322085e+01	1.040183e+02
2.250000e-06	2.498039e-06	3.928002e-10	1.352791e+01	1.074081e+02
2.260000e-06	2.554523e-06	4.054897e-10	1.383379e+01	1.107567e+02
2.270000e-06	2.610754e-06	4.185375e-10	1.413831e+01	1.140639e+02
2.280000e-06	2.666822e-06	4.328556e-10	1.444194e+01	1.173296e+02
2.290000e-06	2.722710e-06	4.461114e-10	1.474459e+01	1.205536e+02
2.300000e-06	2.778470e-06	4.579370e-10	1.504656e+01	1.237360e+02
2.310000e-06	2.834079e-06	4.691346e-10	1.534770e+01	1.268769e+02
2.320000e-06	2.889579e-06	4.797691e-10	1.564826e+01	1.299767e+02
2.330000e-06	2.945034e-06	4.907127e-10	1.594857e+01	1.330356e+02
2.340000e-06	3.000363e-06	5.023989e-10	1.624820e+01	1.360539e+02
2.350000e-06	3.055399e-06	5.135564e-10	1.654624e+01	1.390322e+02
2.360000e-06	3.110226e-06	5.239412e-10	1.684315e+01	1.419708e+02
2.370000e-06	3.164806e-06	5.342339e-10	1.713873e+01	1.448703e+02
2.380000e-06	3.219267e-06	5.445123e-10	1.743366e+01	1.477312e+02
2.390000e-06	3.273484e-06	5.549278e-10	1.772726e+01	1.505539e+02
2.400000e-06	3.327425e-06	5.654734e-10	1.801937e+01	1.533391e+02
2.410000e-06	3.381283e-06	5.756656e-10	1.831103e+01	1.560872e+02
2.420000e-06	3.434879e-06	5.852731e-10	1.860128e+01	1.587989e+02
2.430000e-06	3.488143e-06	5.952764e-10	1.888973e+01	1.614745e+02
2.440000e-06	3.541171e-06	6.057154e-10	1.917690e+01	1.641147e+02
2.450000e-06	3.593961e-06	6.155160e-10	1.946278e+01	1.667198e+02
2.460000e-06	3.646385e-06	6.248098e-10	1.974667e+01	1.692905e+02
2.470000e-06	3.698491e-06	6.339976e-10	2.002885e+01	1.718271e+02
2.480000e-06	3.750330e-06	6.435221e-10	2.030958e+01	1.743302e+02
2.490000e-06	3.801837e-06	6.522384e-10	2.058851e+01	1.768001e+02
2.500000e-06	3.852980e-06	6.593319e-10	2.086547e+01	1.792374e+02
2.510000e-06	3.903801e-06	6.664066e-10	2.114069e+01	1.816423e+02
2.520000e-06	3.954246e-06	6.749321e-10	2.141387e+01	1.840155e+02
2.530000e-06	4.004199e-06	6.836707e-10	2.168438e+01	1.863571e+02
2.540000e-06	4.053672e-06	6.916600e-10	2.195230e+01	1.886678e+02
2.550000e-06	4.102843e-06	7.001076e-10	2.221858e+01	1.909477e+02
2.560000e-06	4.151771e-06	7.081110e-10	2.248354e+01	1.931975e+02
2.570000e-06	4.200363e-06	7.153892e-10	2.274669e+01	1.954173e+02
2.580000e-06	4.248573e-06	7.230546e-10	2.300777e+01	1.976077e+02
2.590000e-06	4.296402e-06	7.311343e-10	2.326678e+01	1.997689e+02
2.600000e-06	4.343997e-06	7.391314e-10	2.352453e+01	2.019014e+02
2.610000e-06	4.391456e-06	7.470037e-10	2.378154e+01	2.040054e+02
2.620000e-06	4.438764e-06	7.551291e-10	2.403773e+01	2.060812e+02
2.630000e-06	4.485746e-06	7.627378e-10	2.429216e+01	2.081293e+02
2.640000e-06	4.532248e-06	7.698806e-10	2.454398e+01	2.101498e+02
2.650000e-06	4.578360e-06	7.772656e-10	2.479370e+01	2.121430e+02
2.660000e-06	4.624008e-06	7.847281e-10	2.504090e+01	2.141092e+02
2.670000e-06	4.669403e-06	7.913325e-10	2.528674e+01	2.160484e+02
2.680000e-06	4.714608e-06	7.970110e-10	2.553154e+01	2.179609e+02
2.690000e-06	4.759350e-06	8.031986e-10	2.577384e+01	2.198467e+02
2.700000e-06	4.803751e-06	8.100829e-10	2.601429e+01	2.217059e+02
2.710000e-06	4.847817e-06	8.171743e-10	2.625292e+01	2.235385e+02
2.720000e-06	4.891649e-06	8.240923e-10	2.649029e+01	2.253445e+02
2.730000e-06	4.935413e-06	8.304845e-10	2.672729e+01	2.271237e+02
2.740000e-06	4.979007e-06	8.366617e-10	2.696337e+01	2.288761e+02
2.750000e-06	5.022297e-06	8.431920e-10	2.719780e+01	2.306015e+02
2.760000e-06	5.065222e-06	8.494315e-10	2.743026e+01	2.322997e+02
2.770000e-06	5.107781e-06	8.550672e-10	2.766073e+01	2.339705e+02
2.780000e-06	5.149647e-06	8.608861e-10	2.788746e+01	2.356135e+02
2.790000e-06	5.190703e-06	8.674473e-10	2.810979e+01	2.372286e+02
2.800000e-06	5.231232e-06	8.742506e-10	2.832927e+01	2.388154e+02
2.810000e-06	5.271392e-06	8.810913e-10	2.854675e+01	2.403737e+02
2.820000e-06	5.311234e-06	8.877145e-10	2.876252e+01	2.419031e+02
2.830000e-06	5.350849e-06	8.937426e-10	2.897705e+01	2.434034e+02
2.840000e-06	5.390320e-06	9.005584e-10	2.919080e+01	2.448744e+02
2.850000e-06	5.429475e-06	9.080471e-10	2.940284e+01	2.463159e+02
2.860000e-06	5.468152e-06	9.146204e-10	2.961229e+01	2.477276e+02
2.870000e-06	5.506356e-06	9.196027e-10	2.981918e+01	2.491095e+02
2.880000e-06	5.544108e-06	9.238174e-10	3.002363e+01	2.504616e+02
2.890000e-06	5.581541e-06	9.288805e-10	3.022634e+01	2.517839e+02
2.900000e-06	5.618537e-06	9.344564e-10	3.042669e+01	2.530764e+02
2.910000e-06	5.655047e-06	9.396801e-10	3.062440e+01	2.543395e+02
2.920000e-06	5.691203e-06	9.446991e-10	3.082020e+01	2.555733e+02
2.930000e-06	5.727071e-06	9.502738e-10	3.101444e+01	2.567783e+02
2.940000e-06	5.762728e-06	9.559223e-10	3.120754e+01	2.579549e+02
2.950000e-06	5.798082e-06	9.607636e-10	3.139899e+01	2.591036e+02
2.960000e-06	5.833065e-06	9.651774e-10	3.158844e+01	2.602251e+02
2.970000e-06	5.867680e-06	9.691271e-10	3.177590e+01	2.613201e+02
2.980000e-06	5.901632e-06	9.732432e-10	3.195976e+01	2.623895e+02
2.990000e-06	5.934807e-06	9.787699e-10	3.213942e+01	2.634340e+02
3.000000e-06	5.967382e-06	9.845498e-10	3.231582e+01	2.644546e+02
3.010000e-06	5.999463e-06	9.890497e-10	3.248956e+01	2.654522e+02
3.020000e-06	6.031225e-06	9.926093e-10	3.266156e+01	2.664280e+02
3.030000e-06	6.062747e-06	9.963747e-10	3.283227e+01	2.673828e+02
3.040000e-06	6.093993e-06	1.001231e-09	3.300148e+01	2.683179e+02
3.050000e-06	6.124699e-06	1.007120e-09	3.316776e+01	2.692342e+02
3.060000e-06	6.154914e-06	1.012552e-09	3.333139e+01	2.701327e+02
3.070000e-06	6.184760e-06	1.016413e-09	3.349302e+01	2.710146e+02
3.080000e-06	6.214194e-06	1.019182e-09	3.365241e+01	2.718808e+02
3.090000e-06	6.243284e-06	1.022173e-09	3.380995e+01	2.727322e+02
3.100000e-06	6.271891e-06	1.025775e-09	3.396487e+01	2.735698e+02
3.110000e-06	6.300062e-06	1.028804e-09	3.411742e+01	2.743942e+02
3.120000e-06	6.327989e-06	1.031734e-09	3.426866e+01	2.752063e+02
3.130000e-06	6.355588e-06	1.035859e-09	3.441812e+01	2.760068e+02
3.140000e-06	6.382744e-06	1.040718e-09	3.456518e+01	2.767961e+02
3.150000e-06	6.409495e-06	1.045452e-09	3.471005e+01	2.775747e+02
3.160000e-06	6.435584e-06	1.048918e-09	3.485133e+01	2.783430e+02
3.170000e-06	6.460845e-06	1.050971e-09	3.498813e+01	2.791014e+02
3.180000e-06	6.485473e-06	1.054181e-09	3.512150e+01	2.798498e+02
3.190000e-06	6.509562e-06	1.058400e-09	3.525195e+01	2.805885e+02
3.200000e-06	6.533254e-06	1.062487e-09	3.538026e+01	2.813174e+02
3.210000e-06	6.556554e-06	1.066310e-09	3.550643e+01	2.820365e+02
3.220000e-06	6.579391e-06	1.070359e-09	3.563011e+01	2.827455e+02
3.230000e-06	6.601883e-06	1.076134e-09	3.575191e+01	2.834442e+02
3.240000e-06	6.623985e-06	1.081500e-09	3.587160e+01	2.841324e+02
3.250000e-06	6.645719e-06	1.084230e-09	3.598930e+01	2.848097e+02
3.260000e-06	6.666921e-06	1.086247e-09	3.610411e+01	2.854757e+02
3.270000e-06	6.687536e-06	1.089587e-09	3.621576e+01	2.861299e+02
3.280000e-06	6.707757e-06	1.094091e-09	3.632526e+01	2.867720e+02
3.290000e-06	6.727584e-06	1.098414e-09	3.643263e+01	2.874014e+02
3.300000e-06	6.747123e-06	1.101585e-09	3.653844e+01	2.880178e+02
3.310000e-06	6.766382e-06	1.103843e-09	3.664274e+01	2.886206e+02
3.320000e-06	6.785135e-06	1.105871e-09	3.674430e+01	2.892094e+02
3.330000e-06	6.803096e-06	1.108669e-09	3.684156e+01	2.897837e+02
3.340000e-06	6.820459e-06	1.112230e-09	3.693559e+01	2.903431e+02
3.350000e-06	6.837493e-06	1.114933e-09	3.702783e+01	2.908873e+02
3.360000e-06	6.854131e-06	1.117455e-09	3.711794e+01	2.914159e+02
3.370000e-06	6.870320e-06	1.120900e-09	3.720561e+01	2.919285e+02
3.380000e-06	6.885970e-06	1.124028e-09	3.729036e+01	2.924248e+02
3.390000e-06	6.900976e-06	1.126005e-09	3.737162e+01	2.929046e+02
3.400000e-06	6.915420e-06	1.127075e-09	3.744984e+01	2.933675e+02
3.410000e-06	6.929345e-06	1.129206e-09	3.752525e+01	2.938135e+02
3.420000e-06	6.942748e-06	1.132744e-09	3.759783e+01	2.942422e+02
3.430000e-06	6.955553e-06	1.135725e-09	3.766718e+01	2.946536e+02
3.440000e-06	6.967759e-06	1.136910e-09	3.773328e+01	2.950474e+02
3.450000e-06	6.979465e-06	1.137836e-09	3.779667e+01	2.954235e+02
3.460000e-06	6.990826e-06	1.141359e-09	3.785820e+01	2.957818e+02
3.470000e-06	7.001684e-06	1.146110e-09	3.791700e+01	2.961221e+02
3.480000e-06	7.011588e-06	1.148859e-09	3.797063e+01	2.964444e+02
3.490000e-06	7.020635e-06	1.149944e-09	3.801962e+01	2.967484e+02
3.500000e-06	7.029039e-06	1.151377e-09	3.806513e+01	2.970342e+02
3.510000e-06	7.036906e-06	1.153881e-09	3.810774e+01	2.973016e+02
3.520000e-06	7.044487e-06	1.156511e-09	3.814879e+01	2.975505e+02
3.530000e-06	7.051832e-06	1.158494e-09	3.818857e+01	2.977808e+02
3.540000e-06	7.058810e-06	1.159981e-09	3.822636e+01	2.979923e+02
3.550000e-06	7.065195e-06	1.160832e-09	3.826094e+01	2.981851e+02
3.560000e-06	7.071018e-06	1.162330e-09	3.829247e+01	2.983590e+02
3.570000e-06	7.076302e-06	1.164252e-09	3.832108e+01	2.985140e+02
3.580000e-06	7.080983e-06	1.164995e-09	3.834644e+01	2.986500e+02
3.590000e-06	7.085227e-06	1.165879e-09	3.836942e+01	2.987671e+02
3.600000e-06	7.089143e-06	1.168541e-09	3.839063e+01	2.988652e+02
3.610000e-06	7.092768e-06	1.172487e-09	3.841025e+01	2.989445e+02
3.620000e-06	7.095937e-06	1.175182e-09	3.842742e+01	2.990051e+02
3.630000e-06	7.098530e-06	1.175614e-09	3.844146e+01	2.990471e+02
3.640000e-06	7.100459e-06	1.174653e-09	3.845190e+01	2.990708e+02
3.650000e-06	7.101575e-06	1.174104e-09	3.845795e+01	2.990765e+02
3.660000e-06	7.101954e-06	1.175496e-09	3.846000e+01	2.990646e+02
3.670000e-06	7.101882e-06	1.177185e-09	3.845961e+01	2.990354e+02
3.680000e-06	7.101547e-06	1.178360e-09	3.845779e+01	2.989895e+02
3.690000e-06	7.100864e-06	1.179499e-09	3.845410e+01	2.989274e+02
3.700000e-06	7.099670e-06	1.180522e-09	3.844763e+01	2.988499e+02
3.710000e-06	7.097961e-06	1.181089e-09	3.843837e+01	2.987575e+02
3.720000e-06	7.095876e-06	1.180041e-09	3.842708e+01	2.986511e+02
3.730000e-06	7.093349e-06	1.176792e-09	3.841340e+01	2.985314e+02
3.740000e-06	7.090407e-06	1.168417e-09	3.839747e+01	2.983994e+02
3.750000e-06	7.086909e-06	1.173284e-09	3.837853e+01	2.982558e+02
3.760000e-06	7.082817e-06	1.208190e-09	3.835636e+01	2.981017e+02
3.770000e-06	7.078079e-06	1.209559e-09	3.833071e+01	2.979379e+02
3.780000e-06	7.072407e-06	1.158432e-09	3.829999e+01	2.977654e+02
3.790000e-06	7.066186e-06	1.142535e-09	3.826630e+01	2.975851e+02
3.800000e-06	7.059906e-06	1.186957e-09	3.823229e+01	2.973978e+02
3.810000e-06	7.053311e-06	1.211718e-09	3.819658e+01	2.972044e+02
3.820000e-06	7.046013e-06	1.162863e-09	3.815705e+01	2.970057e+02
3.830000e-06	7.038086e-06	1.141323e-09	3.811413e+01	2.968024e+02
3.840000e-06	7.029771e-06	1.208221e-09	3.806910e+01	2.965952e+02
3.850000e-06	7.021038e-06	1.228588e-09	3.802180e+01	2.963846e+02
3.860000e-06	7.011802e-06	1.150315e-09	3.797179e+01	2.961710e+02
3.870000e-06	7.002136e-06	1.120046e-09	3.791944e+01	2.959548e+02
3.880000e-06	6.992019e-06	1.193615e-09	3.786465e+01	2.957363e+02
3.890000e-06	6.981437e-06	1.219192e-09	3.780735e+01	2.955155e+02
3.900000e-06	6.970280e-06	1.159201e-09	3.774693e+01	2.952925e+02
3.910000e-06	6.958490e-06	1.153343e-09	3.768308e+01	2.950672e+02
3.920000e-06	6.946066e-06	1.207238e-09	3.761580e+01	2.948392e+02
3.930000e-06	6.932938e-06	1.190465e-09	3.754471e+01	2.946083e+02
3.940000e-06	6.919126e-06	1.137445e-09	3.746991e+01	2.943741e+02
3.950000e-06	6.904492e-06	1.161652e-09	3.739066e+01	2.941360e+02
3.960000e-06	6.888983e-06	1.198644e-09	3.730667e+01	2.938933e+02
3.970000e-06	6.873025e-06	1.171988e-09	3.722026e+01	2.936455e+02
3.980000e-06	6.856803e-06	1.162614e-09	3.713241e+01	2.933917e+02
3.990000e-06	6.840293e-06	1.194316e-09	3.704300e+01	2.931312e+02
4.000000e-06	6.823329e-06	1.176684e-09	3.695113e+01	2.928631e+02
4.010000e-06	6.805814e-06	1.140369e-09	3.685628e+01	2.925868e+02
4.020000e-06	6.787877e-06	1.169319e-09	3.675914e+01	2.923013e+02
4.030000e-06	6.769534e-06	1.195584e-09	3.665981e+01	2.920059e+02
4.040000e-06	6.750662e-06	1.164840e-09	3.655761e+01	2.916998e+02
4.050000e-06	6.731228e-06	1.156152e-09	3.645237e+01	2.913825e+02
4.060000e-06	6.711391e-06	1.180066e-09	3.634494e+01	2.910532e+02
4.070000e-06	6.691248e-06	1.170999e-09	3.623586e+01	2.907114e+02
4.080000e-06	6.670778e-06	1.152434e-09	3.612501e+01	2.903567e+02
4.090000e-06	6.649903e-06	1.165330e-09	3.601196e+01	2.899888e+02
4.100000e-06	6.628535e-06	1.166916e-09	3.589624e+01	2.896073e+02
4.110000e-06	6.606324e-06	1.156353e-09	3.577596e+01	2.892123e+02
4.120000e-06	6.583117e-06	1.163801e-09	3.565028e+01	2.888035e+02
4.130000e-06	6.559359e-06	1.162492e-09	3.552162e+01	2.883811e+02
4.140000e-06	6.535357e-06	1.146496e-09	3.539164e+01	2.879453e+02
4.150000e-06	6.511066e-06	1.149465e-09	3.526010e+01	2.874962e+02
4.160000e-06	6.486448e-06	1.156308e-09	3.512678e+01	2.870343e+02
4.170000e-06	6.461387e-06	1.153204e-09	3.499107e+01	2.865600e+02
4.180000e-06	6.435703e-06	1.156734e-09	3.485198e+01	2.860737e+02
4.190000e-06	6.409524e-06	1.155411e-09	3.471021e+01	2.855759e+02
4.200000e-06	6.382952e-06	1.145101e-09	3.456631e+01	2.850671e+02
4.210000e-06	6.355852e-06	1.146858e-09	3.441955e+01	2.845480e+02
4.220000e-06	6.328294e-06	1.147015e-09	3.427031e+01	2.840190e+02
4.230000e-06	6.300389e-06	1.137385e-09	3.411920e+01	2.834807e+02
4.240000e-06	6.272291e-06	1.140118e-09	3.396703e+01	2.829336e+02
4.250000e-06	6.244010e-06	1.143364e-09	3.381388e+01	2.823780e+02
4.260000e-06	6.215354e-06	1.134519e-09	3.365870e+01	2.818144e+02
4.270000e-06	6.186084e-06	1.135407e-09	3.350019e+01	2.812430e+02
4.280000e-06	6.155959e-06	1.137997e-09	3.333705e+01	2.806641e+02
4.290000e-06	6.125214e-06	1.126262e-09	3.317055e+01	2.800776e+02
4.300000e-06	6.093944e-06	1.126717e-09	3.300121e+01	2.794837e+02
4.310000e-06	6.062052e-06	1.135931e-09	3.282850e+01	2.788821e+02
4.320000e-06	6.029728e-06	1.127965e-09	3.265346e+01	2.782726e+02
4.330000e-06	5.997101e-06	1.121108e-09	3.247677e+01	2.776549e+02
4.340000e-06	5.964099e-06	1.125091e-09	3.229805e+01	2.770285e+02
4.350000e-06	5.930610e-06	1.120225e-09	3.211669e+01	2.763927e+02
4.360000e-06	5.896777e-06	1.116580e-09	3.193347e+01	2.757470e+02
4.370000e-06	5.862633e-06	1.121638e-09	3.174857e+01	2.750905e+02
4.380000e-06	5.828010e-06	1.118410e-09	3.156107e+01	2.744224e+02
4.390000e-06	5.792974e-06	1.112158e-09	3.137133e+01	2.737418e+02
4.400000e-06	5.757586e-06	1.114234e-09	3.117969e+01	2.730477e+02
4.410000e-06	5.721852e-06	1.112647e-09	3.098618e+01	2.723390e+02
4.420000e-06	5.685844e-06	1.106239e-09	3.079118e+01	2.716149e+02
4.430000e-06	5.649612e-06	1.104011e-09	3.059497e+01	2.708742e+02
4.440000e-06	5.613171e-06	1.103255e-09	3.039763e+01	2.701160e+02
4.450000e-06	5.576237e-06	1.101611e-09	3.019761e+01	2.693392e+02
4.460000e-06	5.538696e-06	1.099715e-09	2.999431e+01	2.685430e+02
4.470000e-06	5.500529e-06	1.095304e-09	2.978763e+01	2.677264e+02
4.480000e-06	5.461571e-06	1.090558e-09	2.957665e+01	2.668887e+02
4.490000e-06	5.422014e-06	1.087667e-09	2.936243e+01	2.660290e+02
4.500000e-06	5.382100e-06	1.085724e-09	2.914628e+01	2.651468e+02
4.510000e-06	5.341980e-06	1.084328e-09	2.892901e+01	2.642415e+02
4.520000e-06	5.301662e-06	1.081542e-09	2.871068e+01	2.633127e+02
4.530000e-06	5.261027e-06	1.076802e-09	2.849062e+01	2.623601e+02
4.540000e-06	5.219953e-06	1.072911e-09	2.826819e+01	2.613834e+02
4.550000e-06	5.178582e-06	1.071324e-09	2.804415e+01	2.603824e+02
4.560000e-06	5.136864e-06	1.068895e-09	2.781823e+01	2.593571e+02
4.570000e-06	5.094748e-06	1.064525e-09	2.759015e+01	2.583077e+02
4.580000e-06	5.052373e-06	1.059715e-09	2.736067e+01	2.572342e+02
4.590000e-06	5.009541e-06	1.056748e-09	2.712872e+01	2.561368e+02
4.600000e-06	4.966266e-06	1.054268e-09	2.689437e+01	2.550157e+02
4.610000e-06	4.922643e-06	1.049255e-09	2.665813e+01	2.538714e+02
4.620000e-06	4.878782e-06	1.043126e-09	2.642061e+01	2.527042e+02
4.630000e-06	4.834791e-06	1.038274e-09	2.618238e+01	2.515143e+02
4.640000e-06	4.790551e-06	1.034249e-09	2.594280e+01	2.503023e+02
4.650000e-06	4.746081e-06	1.030983e-09	2.570198e+01	2.490684e+02
4.660000e-06	4.701317e-06	1.026833e-09	2.545956e+01	2.478130e+02
4.670000e-06	4.656175e-06	1.020725e-09	2.521510e+01	2.465365e+02
4.680000e-06	4.610733e-06	1.014227e-09	2.496901e+01	2.452391e+02
4.690000e-06	4.565025e-06	1.009502e-09	2.472149e+01	2.439210e+02
4.700000e-06	4.518820e-06	1.005542e-09	2.447127e+01	2.425824e+02
4.710000e-06	4.472174e-06	9.999825e-10	2.421866e+01	2.412234e+02
4.720000e-06	4.425285e-06	9.933699e-10	2.396474e+01	2.398441e+02
4.730000e-06	4.378105e-06	9.883338e-10	2.370924e+01	2.384443e+02
4.740000e-06	4.330669e-06	9.849545e-10	2.345235e+01	2.370240e+02
4.750000e-06	4.282859e-06	9.810173e-10	2.319344e+01	2.355830e+02
4.760000e-06	4.234634e-06	9.763254e-10	2.293229e+01	2.341210e+02
4.770000e-06	4.186004e-06	9.709785e-10	2.266893e+01	2.326378e+02
4.780000e-06	4.137009e-06	9.643515e-10	2.240360e+01	2.311328e+02
4.790000e-06	4.087727e-06	9.577885e-10	2.213672e+01	2.296058e+02
4.800000e-06	4.038127e-06	9.514248e-10	2.186812e+01	2.280562e+02
4.810000e-06	3.988257e-06	9.448100e-10	2.159805e+01	2.264836e+02
4.820000e-06	3.938131e-06	9.390901e-10	2.132660e+01	2.248874e+02
4.830000e-06	3.887684e-06	9.339500e-10	2.105341e+01	2.232671e+02
4.840000e-06	3.836824e-06	9.288918e-10	2.077798e+01	2.216222e+02
4.850000e-06	3.785514e-06	9.224982e-10	2.050011e+01	2.199521e+02
4.860000e-06	3.733954e-06	9.151197e-10	2.022089e+01	2.182564e+02
4.870000e-06	3.682238e-06	9.084860e-10	1.994083e+01	2.165347e+02
4.880000e-06	3.630299e-06	9.026765e-10	1.965956e+01	2.147864e+02
4.890000e-06	3.578081e-06	8.963283e-10	1.937678e+01	2.130113e+02
4.900000e-06	3.525680e-06	8.895810e-10	1.909300e+01	2.112091e+02
4.910000e-06	3.472998e-06	8.821502e-10	1.880771e+01	2.093794e+02
4.920000e-06	3.419857e-06	8.737318e-10	1.851993e+01	2.075221e+02
4.930000e-06	3.366444e-06	8.655241e-10	1.823068e+01	2.056370e+02
4.940000e-06	3.312785e-06	8.573138e-10	1.794009e+01	2.037242e+02
4.950000e-06	3.258626e-06	8.484856e-10	1.764680e+01	2.017835e+02
4.960000e-06	3.204020e-06	8.408070e-10	1.735108e+01	1.998150e+02
4.970000e-06	3.149241e-06	8.351363e-10	1.705444e+01	1.978189e+02
4.980000e-06	3.094232e-06	8.289818e-10	1.675654e+01	1.957952e+02
4.990000e-06	3.038896e-06	8.215199e-10	1.645687e+01	1.937442e+02
5.000000e-06	2.983221e-06	8.135569e-10	1.615537e+01	1.916661e+02
5.010000e-06	2.927267e-06	8.048518e-10	1.585235e+01	1.895611e+02
5.020000e-06	2.871181e-06	7.952869e-10	1.554863e+01	1.874295e+02
5.030000e-06	2.815024e-06	7.850271e-10	1.524451e+01	1.852715e+02
5.040000e-06	2.758759e-06	7.754333e-10	1.493982e+01	1.830873e+02
5.050000e-06	2.702328e-06	7.672780e-10	1.463422e+01	1.808773e+02
5.060000e-06	2.645689e-06	7.596331e-10	1.432749e+01	1.786417e+02
5.070000e-06	2.588880e-06	7.519486e-10	1.401985e+01	1.763805e+02
5.080000e-06	2.531882e-06	7.425385e-10	1.371118e+01	1.740940e+02
5.090000e-06	2.474809e-06	7.318037e-10	1.340211e+01	1.717823e+02
5.100000e-06	2.417656e-06	7.225931e-10	1.309260e+01	1.694453e+02
5.110000e-06	2.360331e-06	7.136366e-10	1.278216e+01	1.670832e+02
5.120000e-06	2.302784e-06	7.025247e-10	1.247052e+01	1.646958e+02
5.130000e-06	2.244860e-06	6.916260e-10	1.215684e+01	1.622830e+02
5.140000e-06	2.186811e-06	6.821769e-10	1.184248e+01	1.598448e+02
5.150000e-06	2.128692e-06	6.726425e-10	1.152774e+01	1.573807e+02
5.160000e-06	2.070428e-06	6.621174e-10	1.121222e+01	1.548907e+02
5.170000e-06	2.012023e-06	6.517346e-10	1.089593e+01	1.523743e+02
5.180000e-06	1.953474e-06	6.414363e-10	1.057887e+01	1.498312e+02
5.190000e-06	1.894816e-06	6.305436e-10	1.026121e+01	1.472610e+02
5.200000e-06	1.835962e-06	6.196666e-10	9.942491e+00	1.446633e+02
5.210000e-06	1.776769e-06	6.072764e-10	9.621935e+00	1.420376e+02
5.220000e-06	1.717404e-06	5.942032e-10	9.300447e+00	1.393835e+02
5.230000e-06	1.658139e-06	5.827879e-10	8.979506e+00	1.367005e+02
5.240000e-06	1.598754e-06	5.730269e-10	8.657909e+00	1.339881e+02
5.250000e-06	1.539204e-06	5.631815e-10	8.335421e+00	1.312458e+02
5.260000e-06	1.479613e-06	5.527030e-10	8.012714e+00	1.284731e+02
5.270000e-06	1.419872e-06	5.415413e-10	7.689192e+00	1.256697e+02
5.280000e-06	1.359993e-06	5.296106e-10	7.364919e+00	1.228352e+02
5.290000e-06	1.300108e-06	5.176773e-10	7.040617e+00	1.199690e+02
5.300000e-06	1.240197e-06	5.049815e-10	6.716176e+00	1.170709e+02
5.310000e-06	1.180181e-06	4.919806e-10	6.391166e+00	1.141406e+02
5.320000e-06	1.120088e-06	4.795850e-10	6.065738e+00	1.111777e+02
5.330000e-06	1.059943e-06	4.679222e-10	5.740029e+00	1.081821e+02
5.340000e-06	9.997894e-07	4.572809e-10	5.414271e+00	1.051534e+02
5.350000e-06	9.396324e-07	4.462946e-10	5.088496e+00	1.020916e+02
5.360000e-06	8.794292e-07	4.335066e-10	4.762471e+00	9.899656e+01
5.370000e-06	8.192104e-07	4.189171e-10	4.436361e+00	9.586816e+01
5.380000e-06	7.589901e-07	4.042912e-10	4.110243e+00	9.270637e+01
5.390000e-06	6.987555e-07	3.907508e-10	3.784048e+00	8.951121e+01
5.400000e-06	6.384401e-07	3.773924e-10	3.457416e+00	8.628270e+01
5.410000e-06	5.780727e-07	3.639396e-10	3.130501e+00	8.302093e+01
5.420000e-06	5.177549e-07	3.504253e-10	2.803855e+00	7.972602e+01
5.430000e-06	4.574170e-07	3.365222e-10	2.477101e+00	7.639811e+01
5.440000e-06	3.969860e-07	3.226302e-10	2.149842e+00	7.303740e+01
5.450000e-06	3.365012e-07	3.095244e-10	1.822292e+00	6.964411e+01
5.460000e-06	2.760509e-07	2.958636e-10	1.494929e+00	6.621852e+01
5.470000e-06	2.156774e-07	2.808185e-10	1.167982e+00	6.276095e+01
5.480000e-06	1.553465e-07	2.653819e-10	8.412653e-01	5.927175e+01
5.490000e-06	9.499767e-08	2.491826e-10	5.144514e-01	5.575134e+01
5.500000e-06	3.453947e-08	2.321411e-10	1.870454e-01	5.220019e+01
5.510000e-06	-2.594441e-08	2.163722e-10	-1.404996e-01	4.861882e+01
5.520000e-06	-8.642229e-08	2.013834e-10	-4.680122e-01	4.500783e+01
5.530000e-06	-1.469324e-07	1.858776e-10	-7.956991e-01	4.136790e+01
5.540000e-06	-2.073369e-07	1.709388e-10	-1.122814e+00	3.769977e+01
5.550000e-06	-2.677177e-07	1.563044e-10	-1.449801e+00	3.400427e+01
5.560000e-06	-3.281610e-07	1.406796e-10	-1.777127e+00	3.028234e+01
5.570000e-06	-3.886468e-07	1.240374e-10	-2.104682e+00	2.653500e+01
5.580000e-06	-4.491728e-07	1.072070e-10	-2.432455e+00	2.276338e+01
5.590000e-06	-5.096572e-07	9.024048e-11	-2.760003e+00	1.896873e+01
5.600000e-06	-5.700520e-07	7.387744e-11	-3.087066e+00	1.515240e+01
5.610000e-06	-6.303803e-07	5.835284e-11	-3.413768e+00	1.131585e+01
5.620000e-06	-6.906938e-07	4.285311e-11	-3.740391e+00	7.460687e+00
5.630000e-06	-7.509639e-07	2.638292e-11	-4.066778e+00	3.588605e+00
5.640000e-06	-8.111824e-07	8.889662e-12	-4.392886e+00	-2.985678e-01
5.650000e-06	-8.714135e-07	-8.285143e-12	-4.719062e+00	-4.198893e+00
5.660000e-06	-9.315794e-07	-2.552918e-11	-5.044885e+00	-8.110324e+00
5.670000e-06	-9.917147e-07	-4.305658e-11	-5.370542e+00	-1.203071e+01
5.680000e-06	-1.051813e-06	-6.008937e-11	-5.696002e+00	-1.595780e+01
5.690000e-06	-1.111842e-06	-7.689602e-11	-6.021082e+00	-1.988926e+01
5.700000e-06	-1.171840e-06	-9.425807e-11	-6.345995e+00	-2.382269e+01
5.710000e-06	-1.231774e-06	-1.125101e-10	-6.670564e+00	-2.775562e+01
5.720000e-06	-1.291653e-06	-1.303129e-10	-6.994830e+00	-3.168553e+01
5.730000e-06	-1.351477e-06	-1.466162e-10	-7.318803e+00	-3.560986e+01
5.740000e-06	-1.411208e-06	-1.620558e-10	-7.642270e+00	-3.952606e+01
5.750000e-06	-1.470774e-06	-1.777064e-10	-7.964845e+00	-4.343155e+01
5.760000e-06	-1.530230e-06	-1.945878e-10	-8.286825e+00	-4.732377e+01
5.770000e-06	-1.589537e-06	-2.124364e-10	-8.607996e+00	-5.120021e+01
5.780000e-06	-1.648762e-06	-2.297593e-10	-8.928724e+00	-5.505840e+01
5.790000e-06	-1.707977e-06	-2.470838e-10	-9.249396e+00	-5.889592e+01
5.800000e-06	-1.766949e-06	-2.646763e-10	-9.568754e+00	-6.271047e+01
5.810000e-06	-1.825754e-06	-2.813259e-10	-9.887210e+00	-6.649982e+01
5.820000e-06	-1.884458e-06	-2.969526e-10	-1.020511e+01	-7.026184e+01
5.830000e-06	-1.943000e-06	-3.116524e-10	-1.052214e+01	-7.399455e+01
5.840000e-06	-2.001402e-06	-3.259229e-10	-1.083841e+01	-7.769610e+01
5.850000e-06	-2.059700e-06	-3.405577e-10	-1.115412e+01	-8.136476e+01
5.860000e-06	-2.117898e-06	-3.565982e-10	-1.146929e+01	-8.499897e+01
5.870000e-06	-2.175945e-06	-3.738950e-10	-1.178364e+01	-8.859733e+01
5.880000e-06	-2.233902e-06	-3.907232e-10	-1.209750e+01	-9.215857e+01
5.890000e-06	-2.291555e-06	-4.070202e-10	-1.240971e+01	-9.568161e+01
5.900000e-06	-2.348915e-06	-4.234400e-10	-1.272034e+01	-9.916552e+01
5.910000e-06	-2.406274e-06	-4.386704e-10	-1.303096e+01	-1.026095e+02
5.920000e-06	-2.463421e-06	-4.514463e-10	-1.334043e+01	-1.060130e+02
5.930000e-06	-2.520304e-06	-4.627866e-10	-1.364848e+01	-1.093754e+02
5.940000e-06	-2.577074e-06	-4.749665e-10	-1.395591e+01	-1.126965e+02
5.950000e-06	-2.633639e-06	-4.891519e-10	-1.426224e+01	-1.159761e+02
5.960000e-06	-2.689993e-06	-5.043498e-10	-1.456742e+01	-1.192140e+02
5.970000e-06	-2.746202e-06	-5.191844e-10	-1.487181e+01	-1.224102e+02
5.980000e-06	-2.802220e-06	-5.333612e-10	-1.517518e+01	-1.255650e+02
5.990000e-06	-2.858135e-06	-5.474040e-10	-1.547797e+01	-1.286785e+02
6.000000e-06	-2.914073e-06	-5.609087e-10	-1.578090e+01	-1.317510e+02
6.010000e-06	-2.969852e-06	-5.728764e-10	-1.608297e+01	-1.347829e+02
6.020000e-06	-3.025462e-06	-5.841143e-10	-1.638412e+01	-1.377745e+02
6.030000e-06	-3.080995e-06	-5.960149e-10	-1.668485e+01	-1.407263e+02
6.040000e-06	-3.136293e-06	-6.087705e-10	-1.698432e+01	-1.436388e+02
6.050000e-06	-3.191169e-06	-6.211445e-10	-1.728149e+01	-1.465125e+02
6.060000e-06	-3.245513e-06	-6.325886e-10	-1.757579e+01	-1.493480e+02
6.070000e-06	-3.299446e-06	-6.440544e-10	-1.786786e+01	-1.521457e+02
6.080000e-06	-3.353032e-06	-6.557700e-10	-1.815804e+01	-1.549061e+02
6.090000e-06	-3.406076e-06	-6.671471e-10	-1.844530e+01	-1.576299e+02
6.100000e-06	-3.458766e-06	-6.777731e-10	-1.873064e+01	-1.603175e+02
6.110000e-06	-3.511314e-06	-6.878460e-10	-1.901521e+01	-1.629695e+02
6.120000e-06	-3.563578e-06	-6.978565e-10	-1.929824e+01	-1.655863e+02
6.130000e-06	-3.615555e-06	-7.088512e-10	-1.957972e+01	-1.681684e+02
6.140000e-06	-3.667298e-06	-7.210879e-10	-1.985993e+01	-1.707164e+02
6.150000e-06	-3.718774e-06	-7.337139e-10	-2.013869e+01	-1.732306e+02
6.160000e-06	-3.769981e-06	-7.457254e-10	-2.041600e+01	-1.757116e+02
6.170000e-06	-3.820965e-06	-7.559420e-10	-2.069210e+01	-1.781597e+02
6.180000e-06	-3.871776e-06	-7.649152e-10	-2.096726e+01	-1.805754e+02
6.190000e-06	-3.922311e-06	-7.739407e-10	-2.124093e+01	-1.829591e+02
6.200000e-06	-3.972370e-06	-7.825600e-10	-2.151201e+01	-1.853113e+02
6.210000e-06	-4.022044e-06	-7.903307e-10	-2.178102e+01	-1.876323e+02
6.220000e-06	-4.071364e-06	-7.996598e-10	-2.204811e+01	-1.899225e+02
6.230000e-06	-4.120118e-06	-8.116929e-10	-2.231213e+01	-1.921823e+02
6.240000e-06	-4.168525e-06	-8.233380e-10	-2.257427e+01	-1.944121e+02
6.250000e-06	-4.216590e-06	-8.330854e-10	-2.283457e+01	-1.966123e+02
6.260000e-06	-4.264206e-06	-8.415804e-10	-2.309243e+01	-1.987832e+02
6.270000e-06	-4.311471e-06	-8.494618e-10	-2.334839e+01	-2.009252e+02
6.280000e-06	-4.358472e-06	-8.577671e-10	-2.360291e+01	-2.030387e+02
6.290000e-06	-4.405319e-06	-8.659321e-10	-2.385662e+01	-2.051239e+02
6.300000e-06	-4.451930e-06	-8.741082e-10	-2.410903e+01	-2.071813e+02
6.310000e-06	-4.498206e-06	-8.829508e-10	-2.435963e+01	-2.092110e+02
6.320000e-06	-4.544163e-06	-8.914776e-10	-2.460851e+01	-2.112133e+02
6.330000e-06	-4.589858e-06	-9.005110e-10	-2.485597e+01	-2.131885e+02
6.340000e-06	-4.635120e-06	-9.094088e-10	-2.510108e+01	-2.151367e+02
6.350000e-06	-4.680002e-06	-9.158138e-10	-2.534413e+01	-2.170581e+02
6.360000e-06	-4.724627e-06	-9.215225e-10	-2.558580e+01	-2.189528e+02
6.370000e-06	-4.769013e-06	-9.289549e-10	-2.582617e+01	-2.208209e+02
6.380000e-06	-4.813264e-06	-9.373275e-10	-2.606580e+01	-2.226625e+02
6.390000e-06	-4.857292e-06	-9.450103e-10	-2.630423e+01	-2.244773e+02
6.400000e-06	-4.901032e-06	-9.514085e-10	-2.654110e+01	-2.262655e+02
6.410000e-06	-4.944438e-06	-9.569454e-10	-2.677616e+01	-2.280269e+02
6.420000e-06	-4.987542e-06	-9.631237e-10	-2.700959e+01	-2.297614e+02
6.430000e-06	-5.030290e-06	-9.714525e-10	-2.724109e+01	-2.314687e+02
6.440000e-06	-5.072613e-06	-9.801094e-10	-2.747028e+01	-2.331487e+02
6.450000e-06	-5.114721e-06	-9.873108e-10	-2.769832e+01	-2.348010e+02
6.460000e-06	-5.156475e-06	-9.941886e-10	-2.792443e+01	-2.364255e+02
6.470000e-06	-5.197648e-06	-1.000478e-09	-2.814740e+01	-2.380218e+02
6.480000e-06	-5.238452e-06	-1.006114e-09	-2.836837e+01	-2.395897e+02
6.490000e-06	-5.279011e-06	-1.011844e-09	-2.858801e+01	-2.411288e+02
6.500000e-06	-5.319365e-06	-1.017905e-09	-2.880655e+01	-2.426389e+02
6.510000e-06	-5.359504e-06	-1.024321e-09	-2.902392e+01	-2.441197e+02
6.520000e-06	-5.399396e-06	-1.030560e-09	-2.923995e+01	-2.455710e+02
6.530000e-06	-5.438894e-06	-1.036937e-09	-2.945385e+01	-2.469927e+02
6.540000e-06	-5.477818e-06	-1.043239e-09	-2.966464e+01	-2.483846e+02
6.550000e-06	-5.516100e-06	-1.048267e-09	-2.987195e+01	-2.497467e+02
6.560000e-06	-5.553666e-06	-1.052511e-09	-3.007538e+01	-2.510789e+02
6.570000e-06	-5.590633e-06	-1.057886e-09	-3.027557e+01	-2.523814e+02
6.580000e-06	-5.627163e-06	-1.064384e-09	-3.047340e+01	-2.536543e+02
6.590000e-06	-5.663404e-06	-1.069420e-09	-3.066966e+01	-2.548979e+02
6.600000e-06	-5.699492e-06	-1.073113e-09	-3.086509e+01	-2.561124e+02
6.610000e-06	-5.735331e-06	-1.077751e-09	-3.105917e+01	-2.572985e+02
6.620000e-06	-5.770719e-06	-1.082631e-09	-3.125081e+01	-2.584564e+02
6.630000e-06	-5.805714e-06	-1.087340e-09	-3.144033e+01	-2.595870e+02
6.640000e-06	-5.840257e-06	-1.091610e-09	-3.162739e+01	-2.606908e+02
6.650000e-06	-5.874293e-06	-1.094900e-09	-3.181171e+01	-2.617686e+02
6.660000e-06	-5.907969e-06	-1.099269e-09	-3.199408e+01	-2.628213e+02
6.670000e-06	-5.941253e-06	-1.104859e-09	-3.217433e+01	-2.638498e+02
6.680000e-06	-5.974098e-06	-1.109461e-09	-3.235220e+01	-2.648550e+02
6.690000e-06	-6.006568e-06	-1.112327e-09	-3.252804e+01	-2.658380e+02
6.700000e-06	-6.038774e-06	-1.114425e-09	-3.270244e+01	-2.667998e+02
6.710000e-06	-6.070658e-06	-1.117368e-09	-3.287511e+01	-2.677413e+02
6.720000e-06	-6.102172e-06	-1.120802e-09	-3.304577e+01	-2.686638e+02
6.730000e-06	-6.133066e-06	-1.123358e-09	-3.321307e+01	-2.695682e+02
6.740000e-06	-6.163226e-06	-1.125101e-09	-3.337640e+01	-2.704556e+02
6.750000e-06	-6.192753e-06	-1.127747e-09	-3.353630e+01	-2.713269e+02
6.760000e-06	-6.221613e-06	-1.131806e-09	-3.369259e+01	-2.721832e+02
6.770000e-06	-6.250074e-06	-1.135236e-09	-3.384672e+01	-2.730253e+02
6.780000e-06	-6.278270e-06	-1.135797e-09	-3.399941e+01	-2.738540e+02
6.790000e-06	-6.306142e-06	-1.135903e-09	-3.415035e+01	-2.746702e+02
6.800000e-06	-6.333656e-06	-1.138144e-09	-3.429935e+01	-2.754745e+02
6.810000e-06	-6.360726e-06	-1.141540e-09	-3.444594e+01	-2.762675e+02
6.820000e-06	-6.387228e-06	-1.144754e-09	-3.458946e+01	-2.770497e+02
6.830000e-06	-6.413214e-06	-1.146661e-09	-3.473019e+01	-2.778215e+02
6.840000e-06	-6.438746e-06	-1.147730e-09	-3.486846e+01	-2.785831e+02
6.850000e-06	-6.463722e-06	-1.148914e-09	-3.500371e+01	-2.793349e+02
6.860000e-06	-6.488250e-06	-1.149863e-09	-3.513654e+01	-2.800769e+02
6.870000e-06	-6.512531e-06	-1.150476e-09	-3.526803e+01	-2.808091e+02
6.880000e-06	-6.536568e-06	-1.150760e-09	-3.539820e+01	-2.815315e+02
6.890000e-06	-6.560240e-06	-1.151778e-09	-3.552640e+01	-2.822439e+02
6.900000e-06	-6.583363e-06	-1.154907e-09	-3.565162e+01	-2.829461e+02
6.910000e-06	-6.605804e-06	-1.158607e-09	-3.577314e+01	-2.836379e+02
6.920000e-06	-6.627583e-06	-1.160219e-09	-3.589109e+01	-2.843189e+02
6.930000e-06	-6.648700e-06	-1.159860e-09	-3.600544e+01	-2.849887e+02
6.940000e-06	-6.669282e-06	-1.160433e-09	-3.611690e+01	-2.856470e+02
6.950000e-06	-6.689503e-06	-1.161922e-09	-3.622641e+01	-2.862932e+02
6.960000e-06	-6.709369e-06	-1.163526e-09	-3.633399e+01	-2.869269e+02
6.970000e-06	-6.728814e-06	-1.165254e-09	-3.643929e+01	-2.875477e+02
6.980000e-06	-6.747711e-06	-1.167087e-09	-3.654163e+01	-2.881551e+02
6.990000e-06	-6.766147e-06	-1.169334e-09	-3.664146e+01	-2.887486e+02
7.000000e-06	-6.784210e-06	-1.171261e-09	-3.673929e+01	-2.893279e+02
7.010000e-06	-6.801850e-06	-1.172085e-09	-3.683481e+01	-2.898924e+02
7.020000e-06	-6.818987e-06	-1.172521e-09	-3.692762e+01	-2.904417e+02
7.030000e-06	-6.835649e-06	-1.173268e-09	-3.701785e+01	-2.909755e+02
7.040000e-06	-6.852025e-06	-1.174943e-09	-3.710653e+01	-2.914935e+02
7.050000e-06	-6.868166e-06	-1.176817e-09	-3.719394e+01	-2.919953e+02
7.060000e-06	-6.883744e-06	-1.176953e-09	-3.727830e+01	-2.924807e+02
7.070000e-06	-6.898466e-06	-1.175959e-09	-3.735803e+01	-2.929493e+02
7.080000e-06	-6.912420e-06	-1.176335e-09	-3.743360e+01	-2.934010e+02
7.090000e-06	-6.925707e-06	-1.179062e-09	-3.750555e+01	-2.938355e+02
7.100000e-06	-6.938538e-06	-1.182589e-09	-3.757503e+01	-2.942527e+02
7.110000e-06	-6.950920e-06	-1.185314e-09	-3.764209e+01	-2.946524e+02
7.120000e-06	-6.962736e-06	-1.185947e-09	-3.770608e+01	-2.950345e+02
7.130000e-06	-6.973979e-06	-1.185445e-09	-3.776696e+01	-2.953988e+02
7.140000e-06	-6.984670e-06	-1.186172e-09	-3.782486e+01	-2.957451e+02
7.150000e-06	-6.994849e-06	-1.187962e-09	-3.787998e+01	-2.960735e+02
7.160000e-06	-7.004604e-06	-1.188981e-09	-3.793281e+01	-2.963836e+02
7.170000e-06	-7.013903e-06	-1.188893e-09	-3.798317e+01	-2.966756e+02
7.180000e-06	-7.022711e-06	-1.188127e-09	-3.803087e+01	-2.969492e+02
7.190000e-06	-7.031148e-06	-1.187942e-09	-3.807656e+01	-2.972042e+02
7.200000e-06	-7.039197e-06	-1.189545e-09	-3.812015e+01	-2.974408e+02
7.210000e-06	-7.046838e-06	-1.190499e-09	-3.816152e+01	-2.976586e+02
7.220000e-06	-7.053969e-06	-1.189159e-09	-3.820014e+01	-2.978577e+02
7.230000e-06	-7.060260e-06	-1.187691e-09	-3.823421e+01	-2.980379e+02
7.240000e-06	-7.065568e-06	-1.188109e-09	-3.826296e+01	-2.981992e+02
7.250000e-06	-7.070240e-06	-1.189075e-09	-3.828825e+01	-2.983416e+02
7.260000e-06	-7.074582e-06	-1.188440e-09	-3.831177e+01	-2.984650e+02
7.270000e-06	-7.078717e-06	-1.187380e-09	-3.833416e+01	-2.985695e+02
7.280000e-06	-7.082583e-06	-1.187103e-09	-3.835509e+01	-2.986551e+02
7.290000e-06	-7.085971e-06	-1.187319e-09	-3.837344e+01	-2.987219e+02
7.300000e-06	-7.088774e-06	-1.186759e-09	-3.838862e+01	-2.987702e+02
7.310000e-06	-7.090881e-06	-1.184984e-09	-3.840004e+01	-2.988000e+02
7.320000e-06	-7.092593e-06	-1.183809e-09	-3.840931e+01	-2.988117e+02
7.330000e-06	-7.093887e-06	-1.183563e-09	-3.841631e+01	-2.988056e+02
7.340000e-06	-7.094654e-06	-1.184349e-09	-3.842047e+01	-2.987821e+02
