# Temperatura_=_17.3
# Concentracion g/m^3_=_7400.0
# C_Vs_to_Am_M_A/Vsm_=_254322799225.57578
# pendiente_HvsI_1/m_=_3716.3
# ordenada_HvsI_A/m_=_1297.0
# frecuencia_Hz_=_136114.5867213523

Tiempo_(s)	Campo_(V.s)	Magnetizacion_(V.s)	Campo_(kA/m)	Magnetizacion_(A/m)
0.000000e+00	-7.148049e-06	-1.620743e-09	-3.843368e+01	-4.092030e+02
1.000000e-08	-7.148378e-06	-1.620839e-09	-3.843545e+01	-4.092810e+02
2.000000e-08	-7.148306e-06	-1.620535e-09	-3.843506e+01	-4.093405e+02
3.000000e-08	-7.147649e-06	-1.618963e-09	-3.843152e+01	-4.093822e+02
4.000000e-08	-7.146228e-06	-1.618008e-09	-3.842389e+01	-4.094072e+02
5.000000e-08	-7.144061e-06	-1.617521e-09	-3.841224e+01	-4.094163e+02
6.000000e-08	-7.141217e-06	-1.616872e-09	-3.839694e+01	-4.094104e+02
7.000000e-08	-7.137871e-06	-1.620695e-09	-3.837895e+01	-4.093906e+02
8.000000e-08	-7.134166e-06	-1.624553e-09	-3.835903e+01	-4.093576e+02
9.000000e-08	-7.129904e-06	-1.608615e-09	-3.833612e+01	-4.093123e+02
1.000000e-07	-7.124892e-06	-1.576690e-09	-3.830917e+01	-4.092556e+02
1.100000e-07	-7.119153e-06	-1.584530e-09	-3.827831e+01	-4.091881e+02
1.200000e-07	-7.112970e-06	-1.629867e-09	-3.824506e+01	-4.091106e+02
1.300000e-07	-7.106601e-06	-1.641057e-09	-3.821082e+01	-4.090237e+02
1.400000e-07	-7.099959e-06	-1.591777e-09	-3.817511e+01	-4.089278e+02
1.500000e-07	-7.092745e-06	-1.574604e-09	-3.813632e+01	-4.088234e+02
1.600000e-07	-7.085116e-06	-1.628609e-09	-3.809530e+01	-4.087109e+02
1.700000e-07	-7.077239e-06	-1.633917e-09	-3.805294e+01	-4.085903e+02
1.800000e-07	-7.068756e-06	-1.565807e-09	-3.800733e+01	-4.084619e+02
1.900000e-07	-7.059312e-06	-1.551635e-09	-3.795656e+01	-4.083255e+02
2.000000e-07	-7.049106e-06	-1.628549e-09	-3.790168e+01	-4.081812e+02
2.100000e-07	-7.038491e-06	-1.648701e-09	-3.784460e+01	-4.080287e+02
2.200000e-07	-7.027520e-06	-1.576231e-09	-3.778561e+01	-4.078677e+02
2.300000e-07	-7.016020e-06	-1.550466e-09	-3.772378e+01	-4.076977e+02
2.400000e-07	-7.003858e-06	-1.601842e-09	-3.765839e+01	-4.075182e+02
2.500000e-07	-6.991047e-06	-1.608534e-09	-3.758951e+01	-4.073288e+02
2.600000e-07	-6.977646e-06	-1.567413e-09	-3.751745e+01	-4.071286e+02
2.700000e-07	-6.963729e-06	-1.573750e-09	-3.744262e+01	-4.069171e+02
2.800000e-07	-6.949133e-06	-1.601804e-09	-3.736414e+01	-4.066934e+02
2.900000e-07	-6.933687e-06	-1.585042e-09	-3.728109e+01	-4.064568e+02
3.000000e-07	-6.917458e-06	-1.563812e-09	-3.719383e+01	-4.062064e+02
3.100000e-07	-6.900777e-06	-1.574509e-09	-3.710414e+01	-4.059415e+02
3.200000e-07	-6.883816e-06	-1.567144e-09	-3.701295e+01	-4.056612e+02
3.300000e-07	-6.866477e-06	-1.554940e-09	-3.691972e+01	-4.053648e+02
3.400000e-07	-6.848559e-06	-1.582791e-09	-3.682338e+01	-4.050515e+02
3.500000e-07	-6.830094e-06	-1.597418e-09	-3.672409e+01	-4.047206e+02
3.600000e-07	-6.811175e-06	-1.554272e-09	-3.662237e+01	-4.043714e+02
3.700000e-07	-6.791843e-06	-1.531784e-09	-3.651842e+01	-4.040034e+02
3.800000e-07	-6.772253e-06	-1.562575e-09	-3.641309e+01	-4.036161e+02
3.900000e-07	-6.752377e-06	-1.565700e-09	-3.630622e+01	-4.032090e+02
4.000000e-07	-6.732010e-06	-1.535216e-09	-3.619671e+01	-4.027819e+02
4.100000e-07	-6.711091e-06	-1.542347e-09	-3.608424e+01	-4.023346e+02
4.200000e-07	-6.689602e-06	-1.564241e-09	-3.596870e+01	-4.018669e+02
4.300000e-07	-6.667630e-06	-1.548760e-09	-3.585055e+01	-4.013788e+02
4.400000e-07	-6.645278e-06	-1.531411e-09	-3.573038e+01	-4.008704e+02
4.500000e-07	-6.622453e-06	-1.537705e-09	-3.560765e+01	-4.003420e+02
4.600000e-07	-6.599175e-06	-1.530195e-09	-3.548249e+01	-3.997938e+02
4.700000e-07	-6.575622e-06	-1.521027e-09	-3.535585e+01	-3.992262e+02
4.800000e-07	-6.551813e-06	-1.538512e-09	-3.522783e+01	-3.986396e+02
4.900000e-07	-6.527434e-06	-1.540245e-09	-3.509675e+01	-3.980347e+02
5.000000e-07	-6.502333e-06	-1.514844e-09	-3.496179e+01	-3.974120e+02
5.100000e-07	-6.476539e-06	-1.514463e-09	-3.482310e+01	-3.967722e+02
5.200000e-07	-6.450001e-06	-1.527097e-09	-3.468041e+01	-3.961159e+02
5.300000e-07	-6.422896e-06	-1.512459e-09	-3.453467e+01	-3.954440e+02
5.400000e-07	-6.395451e-06	-1.502598e-09	-3.438710e+01	-3.947571e+02
5.500000e-07	-6.367743e-06	-1.513448e-09	-3.423812e+01	-3.940559e+02
5.600000e-07	-6.339693e-06	-1.507887e-09	-3.408730e+01	-3.933412e+02
5.700000e-07	-6.311206e-06	-1.495196e-09	-3.393413e+01	-3.926137e+02
5.800000e-07	-6.282196e-06	-1.499486e-09	-3.377815e+01	-3.918739e+02
5.900000e-07	-6.252739e-06	-1.495120e-09	-3.361977e+01	-3.911224e+02
6.000000e-07	-6.222956e-06	-1.481493e-09	-3.345963e+01	-3.903598e+02
6.100000e-07	-6.192674e-06	-1.485710e-09	-3.329681e+01	-3.895864e+02
6.200000e-07	-6.161926e-06	-1.490144e-09	-3.313148e+01	-3.888025e+02
6.300000e-07	-6.130831e-06	-1.477762e-09	-3.296429e+01	-3.880084e+02
6.400000e-07	-6.099396e-06	-1.471385e-09	-3.279527e+01	-3.872041e+02
6.500000e-07	-6.067685e-06	-1.470957e-09	-3.262477e+01	-3.863896e+02
6.600000e-07	-6.035625e-06	-1.463272e-09	-3.245239e+01	-3.855647e+02
6.700000e-07	-6.002911e-06	-1.459875e-09	-3.227649e+01	-3.847292e+02
6.800000e-07	-5.969653e-06	-1.463290e-09	-3.209767e+01	-3.838827e+02
6.900000e-07	-5.935726e-06	-1.457919e-09	-3.191525e+01	-3.830247e+02
7.000000e-07	-5.901003e-06	-1.449607e-09	-3.172855e+01	-3.821545e+02
7.100000e-07	-5.865898e-06	-1.447049e-09	-3.153980e+01	-3.812715e+02
7.200000e-07	-5.830533e-06	-1.442401e-09	-3.134965e+01	-3.803748e+02
7.300000e-07	-5.794909e-06	-1.436049e-09	-3.115810e+01	-3.794634e+02
7.400000e-07	-5.758991e-06	-1.433338e-09	-3.096498e+01	-3.785365e+02
7.500000e-07	-5.722677e-06	-1.430504e-09	-3.076973e+01	-3.775929e+02
7.600000e-07	-5.685968e-06	-1.427734e-09	-3.057235e+01	-3.766315e+02
7.700000e-07	-5.648815e-06	-1.426146e-09	-3.037259e+01	-3.756513e+02
7.800000e-07	-5.611168e-06	-1.420082e-09	-3.017017e+01	-3.746511e+02
7.900000e-07	-5.573026e-06	-1.410835e-09	-2.996508e+01	-3.736297e+02
8.000000e-07	-5.534412e-06	-1.406152e-09	-2.975746e+01	-3.725860e+02
8.100000e-07	-5.495420e-06	-1.404452e-09	-2.954781e+01	-3.715189e+02
8.200000e-07	-5.456142e-06	-1.400781e-09	-2.933662e+01	-3.704273e+02
8.300000e-07	-5.416720e-06	-1.395144e-09	-2.912466e+01	-3.693102e+02
8.400000e-07	-5.377106e-06	-1.388031e-09	-2.891166e+01	-3.681668e+02
8.500000e-07	-5.337148e-06	-1.382235e-09	-2.869681e+01	-3.669962e+02
8.600000e-07	-5.296664e-06	-1.378269e-09	-2.847914e+01	-3.657976e+02
8.700000e-07	-5.255612e-06	-1.373404e-09	-2.825841e+01	-3.645705e+02
8.800000e-07	-5.214093e-06	-1.367556e-09	-2.803517e+01	-3.633143e+02
8.900000e-07	-5.172091e-06	-1.362018e-09	-2.780933e+01	-3.620285e+02
9.000000e-07	-5.129466e-06	-1.356370e-09	-2.758015e+01	-3.607130e+02
9.100000e-07	-5.086256e-06	-1.351338e-09	-2.734782e+01	-3.593676e+02
9.200000e-07	-5.042765e-06	-1.345520e-09	-2.711397e+01	-3.579922e+02
9.300000e-07	-4.999095e-06	-1.337141e-09	-2.687917e+01	-3.565869e+02
9.400000e-07	-4.955138e-06	-1.328944e-09	-2.664282e+01	-3.551519e+02
9.500000e-07	-4.910820e-06	-1.323689e-09	-2.640453e+01	-3.536874e+02
9.600000e-07	-4.866227e-06	-1.318068e-09	-2.616476e+01	-3.521940e+02
9.700000e-07	-4.821345e-06	-1.310502e-09	-2.592344e+01	-3.506719e+02
9.800000e-07	-4.776061e-06	-1.302477e-09	-2.567995e+01	-3.491218e+02
9.900000e-07	-4.730484e-06	-1.295350e-09	-2.543490e+01	-3.475441e+02
1.000000e-06	-4.684604e-06	-1.289129e-09	-2.518821e+01	-3.459396e+02
1.010000e-06	-4.638308e-06	-1.283326e-09	-2.493928e+01	-3.443089e+02
1.020000e-06	-4.591496e-06	-1.277480e-09	-2.468758e+01	-3.426526e+02
1.030000e-06	-4.544355e-06	-1.270820e-09	-2.443412e+01	-3.409713e+02
1.040000e-06	-4.497102e-06	-1.263861e-09	-2.418005e+01	-3.392657e+02
1.050000e-06	-4.449621e-06	-1.257398e-09	-2.392475e+01	-3.375363e+02
1.060000e-06	-4.401948e-06	-1.250530e-09	-2.366843e+01	-3.357836e+02
1.070000e-06	-4.354041e-06	-1.242794e-09	-2.341084e+01	-3.340080e+02
1.080000e-06	-4.305816e-06	-1.235876e-09	-2.315154e+01	-3.322100e+02
1.090000e-06	-4.257166e-06	-1.229043e-09	-2.288996e+01	-3.303898e+02
1.100000e-06	-4.207926e-06	-1.221496e-09	-2.262520e+01	-3.285476e+02
1.110000e-06	-4.158110e-06	-1.213949e-09	-2.235735e+01	-3.266833e+02
1.120000e-06	-4.107908e-06	-1.205962e-09	-2.208743e+01	-3.247971e+02
1.130000e-06	-4.057388e-06	-1.197651e-09	-2.181579e+01	-3.228886e+02
1.140000e-06	-4.006383e-06	-1.189209e-09	-2.154155e+01	-3.209577e+02
1.150000e-06	-3.954974e-06	-1.181015e-09	-2.126513e+01	-3.190040e+02
1.160000e-06	-3.903320e-06	-1.174128e-09	-2.098739e+01	-3.170270e+02
1.170000e-06	-3.851355e-06	-1.166681e-09	-2.070799e+01	-3.150262e+02
1.180000e-06	-3.799139e-06	-1.158105e-09	-2.042723e+01	-3.130008e+02
1.190000e-06	-3.746655e-06	-1.149734e-09	-2.014504e+01	-3.109501e+02
1.200000e-06	-3.693799e-06	-1.142053e-09	-1.986084e+01	-3.088734e+02
1.210000e-06	-3.640768e-06	-1.133829e-09	-1.957571e+01	-3.067699e+02
1.220000e-06	-3.587573e-06	-1.124682e-09	-1.928969e+01	-3.046386e+02
1.230000e-06	-3.534076e-06	-1.115599e-09	-1.900204e+01	-3.024786e+02
1.240000e-06	-3.480353e-06	-1.106605e-09	-1.871319e+01	-3.002891e+02
1.250000e-06	-3.426380e-06	-1.097708e-09	-1.842298e+01	-2.980692e+02
1.260000e-06	-3.372115e-06	-1.088483e-09	-1.813121e+01	-2.958180e+02
1.270000e-06	-3.317664e-06	-1.078409e-09	-1.783844e+01	-2.935348e+02
1.280000e-06	-3.263043e-06	-1.068634e-09	-1.754475e+01	-2.912188e+02
1.290000e-06	-3.208234e-06	-1.060558e-09	-1.725006e+01	-2.888693e+02
1.300000e-06	-3.153130e-06	-1.053682e-09	-1.695377e+01	-2.864857e+02
1.310000e-06	-3.097822e-06	-1.045661e-09	-1.665639e+01	-2.840676e+02
1.320000e-06	-3.042453e-06	-1.035344e-09	-1.635868e+01	-2.816143e+02
1.330000e-06	-2.986918e-06	-1.023888e-09	-1.606008e+01	-2.791258e+02
1.340000e-06	-2.931203e-06	-1.012850e-09	-1.576051e+01	-2.766017e+02
1.350000e-06	-2.875361e-06	-1.003168e-09	-1.546026e+01	-2.740418e+02
1.360000e-06	-2.819403e-06	-9.937958e-10	-1.515938e+01	-2.714461e+02
1.370000e-06	-2.763202e-06	-9.837860e-10	-1.485720e+01	-2.688146e+02
1.380000e-06	-2.706770e-06	-9.741907e-10	-1.455378e+01	-2.661474e+02
1.390000e-06	-2.650226e-06	-9.653268e-10	-1.424975e+01	-2.634445e+02
1.400000e-06	-2.593450e-06	-9.556297e-10	-1.394448e+01	-2.607062e+02
1.410000e-06	-2.536286e-06	-9.446038e-10	-1.363712e+01	-2.579327e+02
1.420000e-06	-2.478740e-06	-9.332083e-10	-1.332771e+01	-2.551239e+02
1.430000e-06	-2.420850e-06	-9.221686e-10	-1.301644e+01	-2.522801e+02
1.440000e-06	-2.362600e-06	-9.117689e-10	-1.270325e+01	-2.494014e+02
1.450000e-06	-2.304173e-06	-9.014322e-10	-1.238909e+01	-2.464877e+02
1.460000e-06	-2.245569e-06	-8.901407e-10	-1.207399e+01	-2.435389e+02
1.470000e-06	-2.186673e-06	-8.782673e-10	-1.175732e+01	-2.405548e+02
1.480000e-06	-2.127618e-06	-8.671174e-10	-1.143979e+01	-2.375350e+02
1.490000e-06	-2.068464e-06	-8.565519e-10	-1.112173e+01	-2.344789e+02
1.500000e-06	-2.009262e-06	-8.450325e-10	-1.080341e+01	-2.313857e+02
1.510000e-06	-1.950004e-06	-8.325159e-10	-1.048480e+01	-2.282546e+02
1.520000e-06	-1.890604e-06	-8.199455e-10	-1.016541e+01	-2.250843e+02
1.530000e-06	-1.831060e-06	-8.076581e-10	-9.845255e+00	-2.218734e+02
1.540000e-06	-1.771428e-06	-7.951020e-10	-9.524627e+00	-2.186202e+02
1.550000e-06	-1.711717e-06	-7.819633e-10	-9.203573e+00	-2.153230e+02
1.560000e-06	-1.651985e-06	-7.693752e-10	-8.882403e+00	-2.119794e+02
1.570000e-06	-1.592163e-06	-7.569229e-10	-8.560753e+00	-2.085873e+02
1.580000e-06	-1.532163e-06	-7.440317e-10	-8.238146e+00	-2.051439e+02
1.590000e-06	-1.472158e-06	-7.307980e-10	-7.915509e+00	-2.016465e+02
1.600000e-06	-1.412151e-06	-7.171552e-10	-7.592864e+00	-1.980921e+02
1.610000e-06	-1.351949e-06	-7.042692e-10	-7.269167e+00	-1.944775e+02
1.620000e-06	-1.291590e-06	-6.916589e-10	-6.944630e+00	-1.907995e+02
1.630000e-06	-1.231140e-06	-6.784258e-10	-6.619604e+00	-1.870546e+02
1.640000e-06	-1.170567e-06	-6.644553e-10	-6.293911e+00	-1.832395e+02
1.650000e-06	-1.109991e-06	-6.494320e-10	-5.968209e+00	-1.793507e+02
1.660000e-06	-1.049375e-06	-6.341820e-10	-5.642285e+00	-1.753847e+02
1.670000e-06	-9.885742e-07	-6.191271e-10	-5.315372e+00	-1.713381e+02
1.680000e-06	-9.276920e-07	-6.037753e-10	-4.988020e+00	-1.672076e+02
1.690000e-06	-8.668512e-07	-5.883257e-10	-4.660892e+00	-1.629902e+02
1.700000e-06	-8.060562e-07	-5.724312e-10	-4.334009e+00	-1.586830e+02
1.710000e-06	-7.451530e-07	-5.562848e-10	-4.006543e+00	-1.542833e+02
1.720000e-06	-6.841255e-07	-5.409832e-10	-3.678411e+00	-1.497887e+02
1.730000e-06	-6.230659e-07	-5.255402e-10	-3.350105e+00	-1.451973e+02
1.740000e-06	-5.620055e-07	-5.089346e-10	-3.021795e+00	-1.405075e+02
1.750000e-06	-5.009717e-07	-4.913351e-10	-2.693628e+00	-1.357182e+02
1.760000e-06	-4.398124e-07	-4.726653e-10	-2.364786e+00	-1.308286e+02
1.770000e-06	-3.785680e-07	-4.536772e-10	-2.035487e+00	-1.258385e+02
1.780000e-06	-3.174996e-07	-4.349911e-10	-1.707134e+00	-1.207483e+02
1.790000e-06	-2.564146e-07	-4.158325e-10	-1.378692e+00	-1.155589e+02
1.800000e-06	-1.951238e-07	-3.965484e-10	-1.049143e+00	-1.102717e+02
1.810000e-06	-1.337530e-07	-3.772173e-10	-7.191638e-01	-1.048886e+02
1.820000e-06	-7.241585e-08	-3.578122e-10	-3.893660e-01	-9.941232e+01
1.830000e-06	-1.110768e-08	-3.385503e-10	-5.972386e-02	-9.384596e+01
1.840000e-06	5.019091e-08	-3.183437e-10	2.698668e-01	-8.819321e+01
1.850000e-06	1.113815e-07	-2.973003e-10	5.988766e-01	-8.245830e+01
1.860000e-06	1.726498e-07	-2.754662e-10	9.283048e-01	-7.664600e+01
1.870000e-06	2.340750e-07	-2.525409e-10	1.258576e+00	-7.076152e+01
1.880000e-06	2.953918e-07	-2.293722e-10	1.588265e+00	-6.481057e+01
1.890000e-06	3.566464e-07	-2.065560e-10	1.917619e+00	-5.879923e+01
1.900000e-06	4.180045e-07	-1.840199e-10	2.247529e+00	-5.273395e+01
1.910000e-06	4.793125e-07	-1.610421e-10	2.577171e+00	-4.662150e+01
1.920000e-06	5.405583e-07	-1.383027e-10	2.906477e+00	-4.046891e+01
1.930000e-06	6.018130e-07	-1.161844e-10	3.235832e+00	-3.428340e+01
1.940000e-06	6.629312e-07	-9.311652e-11	3.564453e+00	-2.807235e+01
1.950000e-06	7.239366e-07	-6.835816e-11	3.892467e+00	-2.184321e+01
1.960000e-06	7.848991e-07	-4.383550e-11	4.220251e+00	-1.560346e+01
1.970000e-06	8.457518e-07	-2.123598e-11	4.547444e+00	-9.360552e+00
1.980000e-06	9.065839e-07	6.829649e-13	4.874526e+00	-3.121821e+00
1.990000e-06	9.673838e-07	2.333071e-11	5.201436e+00	3.105532e+00
2.000000e-06	1.028110e-06	4.699293e-11	5.527951e+00	9.314524e+00
2.010000e-06	1.088751e-06	7.067888e-11	5.854005e+00	1.549843e+01
2.020000e-06	1.149269e-06	9.367489e-11	6.179397e+00	2.165083e+01
2.030000e-06	1.209741e-06	1.163875e-10	6.504542e+00	2.776566e+01
2.040000e-06	1.270206e-06	1.385616e-10	6.829654e+00	3.383726e+01
2.050000e-06	1.330606e-06	1.612777e-10	7.154414e+00	3.986036e+01
2.060000e-06	1.390899e-06	1.849850e-10	7.478596e+00	4.583018e+01
2.070000e-06	1.451037e-06	2.072280e-10	7.801946e+00	5.174240e+01
2.080000e-06	1.511075e-06	2.271280e-10	8.124758e+00	5.759320e+01
2.090000e-06	1.570991e-06	2.471823e-10	8.446917e+00	6.337923e+01
2.100000e-06	1.630743e-06	2.690450e-10	8.768190e+00	6.909769e+01
2.110000e-06	1.690406e-06	2.902325e-10	9.088986e+00	7.474627e+01
2.120000e-06	1.749925e-06	3.102218e-10	9.409011e+00	8.032313e+01
2.130000e-06	1.809347e-06	3.309855e-10	9.728510e+00	8.582695e+01
2.140000e-06	1.868627e-06	3.516045e-10	1.004725e+01	9.125685e+01
2.150000e-06	1.927884e-06	3.717872e-10	1.036586e+01	9.661241e+01
2.160000e-06	1.987209e-06	3.914611e-10	1.068484e+01	1.018936e+02
2.170000e-06	2.046350e-06	4.095256e-10	1.100283e+01	1.071008e+02
2.180000e-06	2.105300e-06	4.277776e-10	1.131979e+01	1.122347e+02
2.190000e-06	2.164169e-06	4.477248e-10	1.163632e+01	1.172964e+02
2.200000e-06	2.223006e-06	4.681885e-10	1.195267e+01	1.222871e+02
2.210000e-06	2.281655e-06	4.872855e-10	1.226802e+01	1.272084e+02
2.220000e-06	2.340141e-06	5.043359e-10	1.258249e+01	1.320619e+02
2.230000e-06	2.398241e-06	5.201357e-10	1.289488e+01	1.368497e+02
2.240000e-06	2.455932e-06	5.357997e-10	1.320507e+01	1.415735e+02
2.250000e-06	2.513360e-06	5.522539e-10	1.351385e+01	1.462355e+02
2.260000e-06	2.570343e-06	5.692569e-10	1.382024e+01	1.508378e+02
2.270000e-06	2.627084e-06	5.861873e-10	1.412532e+01	1.553823e+02
2.280000e-06	2.683792e-06	6.036638e-10	1.443023e+01	1.598711e+02
2.290000e-06	2.740343e-06	6.214744e-10	1.473429e+01	1.643062e+02
2.300000e-06	2.796499e-06	6.379961e-10	1.503623e+01	1.686894e+02
2.310000e-06	2.852331e-06	6.526137e-10	1.533643e+01	1.730223e+02
2.320000e-06	2.908040e-06	6.662300e-10	1.563597e+01	1.773066e+02
2.330000e-06	2.963662e-06	6.813025e-10	1.593504e+01	1.815437e+02
2.340000e-06	3.019157e-06	6.977094e-10	1.623342e+01	1.857346e+02
2.350000e-06	3.074567e-06	7.133596e-10	1.653135e+01	1.898806e+02
2.360000e-06	3.129753e-06	7.284245e-10	1.682808e+01	1.939823e+02
2.370000e-06	3.184640e-06	7.435692e-10	1.712319e+01	1.980405e+02
2.380000e-06	3.239426e-06	7.586712e-10	1.741777e+01	2.020554e+02
2.390000e-06	3.294044e-06	7.732665e-10	1.771144e+01	2.060275e+02
2.400000e-06	3.348349e-06	7.873651e-10	1.800343e+01	2.099566e+02
2.410000e-06	3.402464e-06	8.004891e-10	1.829439e+01	2.138427e+02
2.420000e-06	3.456404e-06	8.128194e-10	1.858442e+01	2.176855e+02
2.430000e-06	3.510059e-06	8.257010e-10	1.887291e+01	2.214845e+02
2.440000e-06	3.563422e-06	8.393316e-10	1.915983e+01	2.252392e+02
2.450000e-06	3.616534e-06	8.528273e-10	1.944540e+01	2.289488e+02
2.460000e-06	3.669372e-06	8.659784e-10	1.972950e+01	2.326127e+02
2.470000e-06	3.721902e-06	8.787518e-10	2.001195e+01	2.362298e+02
2.480000e-06	3.774113e-06	8.914150e-10	2.029267e+01	2.397994e+02
2.490000e-06	3.825995e-06	9.038392e-10	2.057164e+01	2.433205e+02
2.500000e-06	3.877671e-06	9.151709e-10	2.084949e+01	2.467921e+02
2.510000e-06	3.929175e-06	9.259687e-10	2.112641e+01	2.502133e+02
2.520000e-06	3.980370e-06	9.372921e-10	2.140168e+01	2.535831e+02
2.530000e-06	4.031157e-06	9.496591e-10	2.167475e+01	2.569008e+02
2.540000e-06	4.081427e-06	9.623857e-10	2.194504e+01	2.601654e+02
2.550000e-06	4.131291e-06	9.745839e-10	2.221315e+01	2.633763e+02
2.560000e-06	4.180824e-06	9.857980e-10	2.247948e+01	2.665327e+02
2.570000e-06	4.229849e-06	9.960200e-10	2.274308e+01	2.696342e+02
2.580000e-06	4.278273e-06	1.006741e-09	2.300344e+01	2.726803e+02
2.590000e-06	4.326246e-06	1.018116e-09	2.326139e+01	2.756706e+02
2.600000e-06	4.373956e-06	1.028699e-09	2.351792e+01	2.786050e+02
2.610000e-06	4.421443e-06	1.038962e-09	2.377325e+01	2.814834e+02
2.620000e-06	4.468742e-06	1.050292e-09	2.402756e+01	2.843059e+02
2.630000e-06	4.515775e-06	1.062400e-09	2.428045e+01	2.870725e+02
2.640000e-06	4.562463e-06	1.072984e-09	2.453148e+01	2.897837e+02
2.650000e-06	4.608848e-06	1.081233e-09	2.478089e+01	2.924399e+02
2.660000e-06	4.654916e-06	1.088618e-09	2.502858e+01	2.950416e+02
2.670000e-06	4.700677e-06	1.096772e-09	2.527463e+01	2.975895e+02
2.680000e-06	4.746196e-06	1.106043e-09	2.551938e+01	3.000844e+02
2.690000e-06	4.791360e-06	1.115558e-09	2.576222e+01	3.025271e+02
2.700000e-06	4.836160e-06	1.124122e-09	2.600310e+01	3.049187e+02
2.710000e-06	4.880686e-06	1.131548e-09	2.624251e+01	3.072601e+02
2.720000e-06	4.924935e-06	1.139361e-09	2.648042e+01	3.095525e+02
2.730000e-06	4.968900e-06	1.147803e-09	2.671682e+01	3.117971e+02
2.740000e-06	5.012533e-06	1.155850e-09	2.695142e+01	3.139951e+02
2.750000e-06	5.055932e-06	1.163109e-09	2.718477e+01	3.161478e+02
2.760000e-06	5.099142e-06	1.170205e-09	2.741710e+01	3.182565e+02
2.770000e-06	5.141917e-06	1.177896e-09	2.764709e+01	3.203224e+02
2.780000e-06	5.184021e-06	1.185666e-09	2.787348e+01	3.223470e+02
2.790000e-06	5.225504e-06	1.192559e-09	2.809652e+01	3.243316e+02
2.800000e-06	5.266507e-06	1.198843e-09	2.831699e+01	3.262774e+02
2.810000e-06	5.306983e-06	1.206298e-09	2.853462e+01	3.281859e+02
2.820000e-06	5.347009e-06	1.215429e-09	2.874983e+01	3.300582e+02
2.830000e-06	5.386757e-06	1.224116e-09	2.896355e+01	3.318956e+02
2.840000e-06	5.426185e-06	1.231226e-09	2.917555e+01	3.336994e+02
2.850000e-06	5.465239e-06	1.237348e-09	2.938553e+01	3.354706e+02
2.860000e-06	5.504128e-06	1.244070e-09	2.959463e+01	3.372104e+02
2.870000e-06	5.542856e-06	1.251570e-09	2.980287e+01	3.389199e+02
2.880000e-06	5.581158e-06	1.258191e-09	3.000881e+01	3.406000e+02
2.890000e-06	5.618885e-06	1.264497e-09	3.021166e+01	3.422517e+02
2.900000e-06	5.656138e-06	1.271142e-09	3.041196e+01	3.438758e+02
2.910000e-06	5.693050e-06	1.278519e-09	3.061043e+01	3.454733e+02
2.920000e-06	5.729563e-06	1.286712e-09	3.080675e+01	3.470447e+02
2.930000e-06	5.765585e-06	1.293920e-09	3.100044e+01	3.485909e+02
2.940000e-06	5.801246e-06	1.299462e-09	3.119218e+01	3.501125e+02
2.950000e-06	5.836808e-06	1.304796e-09	3.138339e+01	3.516101e+02
2.960000e-06	5.872234e-06	1.311063e-09	3.157387e+01	3.530841e+02
2.970000e-06	5.907204e-06	1.317328e-09	3.176190e+01	3.545351e+02
2.980000e-06	5.941391e-06	1.322900e-09	3.194571e+01	3.559635e+02
2.990000e-06	5.974846e-06	1.328404e-09	3.212559e+01	3.573696e+02
3.000000e-06	6.007752e-06	1.333945e-09	3.230252e+01	3.587538e+02
3.010000e-06	6.040147e-06	1.339625e-09	3.247670e+01	3.601165e+02
3.020000e-06	6.072034e-06	1.345343e-09	3.264815e+01	3.614579e+02
3.030000e-06	6.103610e-06	1.350289e-09	3.281793e+01	3.627782e+02
3.040000e-06	6.135017e-06	1.355494e-09	3.298680e+01	3.640777e+02
3.050000e-06	6.165986e-06	1.361675e-09	3.315331e+01	3.653565e+02
3.060000e-06	6.196430e-06	1.368270e-09	3.331700e+01	3.666150e+02
3.070000e-06	6.226494e-06	1.374300e-09	3.347865e+01	3.678533e+02
3.080000e-06	6.256093e-06	1.378161e-09	3.363780e+01	3.690715e+02
3.090000e-06	6.285300e-06	1.381349e-09	3.379484e+01	3.702700e+02
3.100000e-06	6.314146e-06	1.385990e-09	3.394994e+01	3.714488e+02
3.110000e-06	6.342616e-06	1.390888e-09	3.410302e+01	3.726081e+02
3.120000e-06	6.370687e-06	1.395664e-09	3.425395e+01	3.737483e+02
3.130000e-06	6.398381e-06	1.401069e-09	3.440286e+01	3.748694e+02
3.140000e-06	6.425847e-06	1.407029e-09	3.455054e+01	3.759718e+02
3.150000e-06	6.452942e-06	1.413527e-09	3.469622e+01	3.770557e+02
3.160000e-06	6.479383e-06	1.418583e-09	3.483839e+01	3.781213e+02
3.170000e-06	6.505023e-06	1.421346e-09	3.497625e+01	3.791688e+02
3.180000e-06	6.529845e-06	1.423678e-09	3.510971e+01	3.801987e+02
3.190000e-06	6.554068e-06	1.426962e-09	3.523996e+01	3.812111e+02
3.200000e-06	6.577920e-06	1.431707e-09	3.536820e+01	3.822064e+02
3.210000e-06	6.601433e-06	1.437303e-09	3.549463e+01	3.831848e+02
3.220000e-06	6.624559e-06	1.442780e-09	3.561897e+01	3.841466e+02
3.230000e-06	6.647196e-06	1.448408e-09	3.574069e+01	3.850922e+02
3.240000e-06	6.669318e-06	1.454402e-09	3.585963e+01	3.860217e+02
3.250000e-06	6.690893e-06	1.459337e-09	3.597564e+01	3.869355e+02
3.260000e-06	6.712061e-06	1.462465e-09	3.608945e+01	3.878338e+02
3.270000e-06	6.732850e-06	1.465744e-09	3.620123e+01	3.887168e+02
3.280000e-06	6.753202e-06	1.470363e-09	3.631066e+01	3.895847e+02
3.290000e-06	6.773108e-06	1.474970e-09	3.641769e+01	3.904376e+02
3.300000e-06	6.792643e-06	1.479191e-09	3.652273e+01	3.912757e+02
3.310000e-06	6.811948e-06	1.483771e-09	3.662653e+01	3.920990e+02
3.320000e-06	6.830840e-06	1.488026e-09	3.672811e+01	3.929076e+02
3.330000e-06	6.849086e-06	1.491961e-09	3.682621e+01	3.937014e+02
3.340000e-06	6.866739e-06	1.496858e-09	3.692113e+01	3.944804e+02
3.350000e-06	6.883839e-06	1.502112e-09	3.701307e+01	3.952445e+02
3.360000e-06	6.900450e-06	1.506199e-09	3.710239e+01	3.959934e+02
3.370000e-06	6.916678e-06	1.508591e-09	3.718964e+01	3.967270e+02
3.380000e-06	6.932440e-06	1.511339e-09	3.727439e+01	3.974449e+02
3.390000e-06	6.947654e-06	1.515496e-09	3.735619e+01	3.981468e+02
3.400000e-06	6.962351e-06	1.519942e-09	3.743522e+01	3.988324e+02
3.410000e-06	6.976379e-06	1.524199e-09	3.751064e+01	3.995012e+02
3.420000e-06	6.989727e-06	1.528178e-09	3.758241e+01	4.001527e+02
3.430000e-06	7.002744e-06	1.532015e-09	3.765240e+01	4.007864e+02
3.440000e-06	7.015369e-06	1.535068e-09	3.772028e+01	4.014019e+02
3.450000e-06	7.027400e-06	1.538383e-09	3.778497e+01	4.019985e+02
3.460000e-06	7.038890e-06	1.542538e-09	3.784675e+01	4.025757e+02
3.470000e-06	7.049878e-06	1.546142e-09	3.790583e+01	4.031329e+02
3.480000e-06	7.060179e-06	1.549153e-09	3.796122e+01	4.036695e+02
3.490000e-06	7.069659e-06	1.552172e-09	3.801219e+01	4.041851e+02
3.500000e-06	7.078343e-06	1.555402e-09	3.805888e+01	4.046791e+02
3.510000e-06	7.086399e-06	1.558907e-09	3.810220e+01	4.051509e+02
3.520000e-06	7.094051e-06	1.562437e-09	3.814334e+01	4.056002e+02
3.530000e-06	7.101324e-06	1.566084e-09	3.818244e+01	4.060264e+02
3.540000e-06	7.108173e-06	1.569626e-09	3.821927e+01	4.064294e+02
3.550000e-06	7.114637e-06	1.572099e-09	3.825403e+01	4.068088e+02
3.560000e-06	7.120582e-06	1.574005e-09	3.828599e+01	4.071643e+02
3.570000e-06	7.126013e-06	1.575991e-09	3.831519e+01	4.074959e+02
3.580000e-06	7.130985e-06	1.577706e-09	3.834193e+01	4.078035e+02
3.590000e-06	7.135369e-06	1.579726e-09	3.836550e+01	4.080871e+02
3.600000e-06	7.139282e-06	1.582615e-09	3.838654e+01	4.083469e+02
3.610000e-06	7.142880e-06	1.585635e-09	3.840589e+01	4.085831e+02
3.620000e-06	7.146146e-06	1.588226e-09	3.842345e+01	4.087961e+02
3.630000e-06	7.148951e-06	1.590238e-09	3.843853e+01	4.089861e+02
3.640000e-06	7.151098e-06	1.591923e-09	3.845007e+01	4.091538e+02
3.650000e-06	7.152406e-06	1.594211e-09	3.845711e+01	4.092996e+02
3.660000e-06	7.152945e-06	1.597092e-09	3.846000e+01	4.094242e+02
3.670000e-06	7.152895e-06	1.599537e-09	3.845973e+01	4.095284e+02
3.680000e-06	7.152475e-06	1.601735e-09	3.845747e+01	4.096128e+02
3.690000e-06	7.151788e-06	1.604061e-09	3.845378e+01	4.096785e+02
3.700000e-06	7.150605e-06	1.606389e-09	3.844742e+01	4.097261e+02
3.710000e-06	7.148865e-06	1.607702e-09	3.843806e+01	4.097566e+02
3.720000e-06	7.146795e-06	1.607500e-09	3.842693e+01	4.097710e+02
3.730000e-06	7.144316e-06	1.604658e-09	3.841361e+01	4.097701e+02
3.740000e-06	7.141348e-06	1.595510e-09	3.839765e+01	4.097549e+02
3.750000e-06	7.137879e-06	1.595667e-09	3.837900e+01	4.097263e+02
3.760000e-06	7.133837e-06	1.630769e-09	3.835726e+01	4.096851e+02
3.770000e-06	7.129068e-06	1.657031e-09	3.833162e+01	4.096322e+02
3.780000e-06	7.123415e-06	1.618641e-09	3.830123e+01	4.095683e+02
3.790000e-06	7.117236e-06	1.565974e-09	3.826800e+01	4.094942e+02
3.800000e-06	7.111043e-06	1.586312e-09	3.823470e+01	4.094104e+02
3.810000e-06	7.104502e-06	1.651080e-09	3.819953e+01	4.093175e+02
3.820000e-06	7.097140e-06	1.630211e-09	3.815995e+01	4.092160e+02
3.830000e-06	7.089055e-06	1.563395e-09	3.811648e+01	4.091063e+02
3.840000e-06	7.080652e-06	1.602142e-09	3.807130e+01	4.089884e+02
3.850000e-06	7.071936e-06	1.683056e-09	3.802443e+01	4.088627e+02
3.860000e-06	7.062683e-06	1.641207e-09	3.797468e+01	4.087291e+02
3.870000e-06	7.052864e-06	1.539278e-09	3.792189e+01	4.085876e+02
3.880000e-06	7.042634e-06	1.570854e-09	3.786688e+01	4.084379e+02
3.890000e-06	7.032038e-06	1.669724e-09	3.780991e+01	4.082798e+02
3.900000e-06	7.020843e-06	1.644006e-09	3.774972e+01	4.081129e+02
3.910000e-06	7.009069e-06	1.565390e-09	3.768641e+01	4.079368e+02
3.920000e-06	6.996766e-06	1.605121e-09	3.762026e+01	4.077508e+02
3.930000e-06	6.983697e-06	1.665786e-09	3.754999e+01	4.075544e+02
3.940000e-06	6.969709e-06	1.608894e-09	3.747478e+01	4.073468e+02
3.950000e-06	6.955067e-06	1.559913e-09	3.739605e+01	4.071274e+02
3.960000e-06	6.939926e-06	1.622327e-09	3.731464e+01	4.068952e+02
3.970000e-06	6.924154e-06	1.658774e-09	3.722984e+01	4.066496e+02
3.980000e-06	6.907833e-06	1.607482e-09	3.714208e+01	4.063897e+02
3.990000e-06	6.891182e-06	1.601798e-09	3.705255e+01	4.061148e+02
4.000000e-06	6.874121e-06	1.642820e-09	3.696082e+01	4.058239e+02
4.010000e-06	6.856509e-06	1.611111e-09	3.686612e+01	4.055164e+02
4.020000e-06	6.838366e-06	1.569907e-09	3.676857e+01	4.051915e+02
4.030000e-06	6.819872e-06	1.618329e-09	3.666913e+01	4.048485e+02
4.040000e-06	6.800990e-06	1.650103e-09	3.656761e+01	4.044869e+02
4.050000e-06	6.781651e-06	1.598979e-09	3.646363e+01	4.041062e+02
4.060000e-06	6.761870e-06	1.586707e-09	3.635727e+01	4.037059e+02
4.070000e-06	6.741652e-06	1.632765e-09	3.624856e+01	4.032856e+02
4.080000e-06	6.721095e-06	1.618382e-09	3.613803e+01	4.028451e+02
4.090000e-06	6.700190e-06	1.578134e-09	3.602562e+01	4.023842e+02
4.100000e-06	6.678737e-06	1.602223e-09	3.591028e+01	4.019030e+02
4.110000e-06	6.656557e-06	1.623898e-09	3.579102e+01	4.014015e+02
4.120000e-06	6.633637e-06	1.594101e-09	3.566778e+01	4.008798e+02
4.130000e-06	6.610059e-06	1.591070e-09	3.554101e+01	4.003382e+02
4.140000e-06	6.585902e-06	1.610586e-09	3.541112e+01	3.997771e+02
4.150000e-06	6.561389e-06	1.587347e-09	3.527932e+01	3.991969e+02
4.160000e-06	6.536570e-06	1.572056e-09	3.514587e+01	3.985982e+02
4.170000e-06	6.511359e-06	1.602569e-09	3.501032e+01	3.979814e+02
4.180000e-06	6.485808e-06	1.603728e-09	3.487294e+01	3.973473e+02
4.190000e-06	6.459795e-06	1.578204e-09	3.473307e+01	3.966965e+02
4.200000e-06	6.433218e-06	1.588004e-09	3.459017e+01	3.960298e+02
4.210000e-06	6.406086e-06	1.593642e-09	3.444429e+01	3.953479e+02
4.220000e-06	6.378473e-06	1.570726e-09	3.429582e+01	3.946515e+02
4.230000e-06	6.350411e-06	1.573548e-09	3.414493e+01	3.939413e+02
4.240000e-06	6.322027e-06	1.586163e-09	3.399231e+01	3.932181e+02
4.250000e-06	6.293417e-06	1.569219e-09	3.383849e+01	3.924824e+02
4.260000e-06	6.264480e-06	1.565714e-09	3.368290e+01	3.917348e+02
4.270000e-06	6.234984e-06	1.579991e-09	3.352430e+01	3.909760e+02
4.280000e-06	6.204643e-06	1.567213e-09	3.336117e+01	3.902062e+02
4.290000e-06	6.173559e-06	1.552167e-09	3.319403e+01	3.894259e+02
4.300000e-06	6.141913e-06	1.561869e-09	3.302388e+01	3.886352e+02
4.310000e-06	6.109761e-06	1.562817e-09	3.285101e+01	3.878344e+02
4.320000e-06	6.077304e-06	1.555682e-09	3.267649e+01	3.870234e+02
4.330000e-06	6.044496e-06	1.559420e-09	3.250009e+01	3.862021e+02
4.340000e-06	6.011262e-06	1.554488e-09	3.232139e+01	3.853703e+02
4.350000e-06	5.977676e-06	1.542238e-09	3.214081e+01	3.845276e+02
4.360000e-06	5.943717e-06	1.544360e-09	3.195822e+01	3.836735e+02
4.370000e-06	5.909271e-06	1.546188e-09	3.177301e+01	3.828076e+02
4.380000e-06	5.874449e-06	1.539339e-09	3.158578e+01	3.819290e+02
4.390000e-06	5.839219e-06	1.537950e-09	3.139635e+01	3.810370e+02
4.400000e-06	5.803525e-06	1.537622e-09	3.120443e+01	3.801307e+02
4.410000e-06	5.767603e-06	1.533049e-09	3.101129e+01	3.792092e+02
4.420000e-06	5.731395e-06	1.530377e-09	3.081660e+01	3.782713e+02
4.430000e-06	5.694948e-06	1.526024e-09	3.062063e+01	3.773161e+02
4.440000e-06	5.658316e-06	1.520595e-09	3.042367e+01	3.763424e+02
4.450000e-06	5.621201e-06	1.520941e-09	3.022411e+01	3.753491e+02
4.460000e-06	5.583397e-06	1.520717e-09	3.002084e+01	3.743349e+02
4.470000e-06	5.544862e-06	1.515012e-09	2.981365e+01	3.732989e+02
4.480000e-06	5.505625e-06	1.509939e-09	2.960268e+01	3.722398e+02
4.490000e-06	5.465945e-06	1.505903e-09	2.938933e+01	3.711565e+02
4.500000e-06	5.425850e-06	1.502165e-09	2.917374e+01	3.700482e+02
4.510000e-06	5.385358e-06	1.501038e-09	2.895603e+01	3.689137e+02
4.520000e-06	5.344635e-06	1.498822e-09	2.873707e+01	3.677524e+02
4.530000e-06	5.303606e-06	1.493591e-09	2.851646e+01	3.665633e+02
4.540000e-06	5.262192e-06	1.489142e-09	2.829379e+01	3.653458e+02
4.550000e-06	5.220424e-06	1.485868e-09	2.806921e+01	3.640994e+02
4.560000e-06	5.178270e-06	1.481633e-09	2.784256e+01	3.628236e+02
4.570000e-06	5.135761e-06	1.476772e-09	2.761399e+01	3.615182e+02
4.580000e-06	5.093000e-06	1.471216e-09	2.738408e+01	3.601828e+02
4.590000e-06	5.049958e-06	1.467234e-09	2.715265e+01	3.588175e+02
4.600000e-06	5.006506e-06	1.464909e-09	2.691902e+01	3.574222e+02
4.610000e-06	4.962677e-06	1.460602e-09	2.668335e+01	3.559971e+02
4.620000e-06	4.918587e-06	1.452760e-09	2.644629e+01	3.545426e+02
4.630000e-06	4.874293e-06	1.445210e-09	2.620813e+01	3.530588e+02
4.640000e-06	4.829750e-06	1.440995e-09	2.596863e+01	3.515463e+02
4.650000e-06	4.784840e-06	1.437398e-09	2.572716e+01	3.500055e+02
4.660000e-06	4.739593e-06	1.432290e-09	2.548388e+01	3.484371e+02
4.670000e-06	4.694052e-06	1.425240e-09	2.523901e+01	3.468416e+02
4.680000e-06	4.648223e-06	1.416517e-09	2.499260e+01	3.452196e+02
4.690000e-06	4.602062e-06	1.408201e-09	2.474439e+01	3.435718e+02
4.700000e-06	4.555529e-06	1.401495e-09	2.449420e+01	3.418989e+02
4.710000e-06	4.508571e-06	1.395957e-09	2.424171e+01	3.402014e+02
4.720000e-06	4.461299e-06	1.390240e-09	2.398754e+01	3.384799e+02
4.730000e-06	4.413871e-06	1.384845e-09	2.373253e+01	3.367350e+02
4.740000e-06	4.366062e-06	1.379790e-09	2.347547e+01	3.349671e+02
4.750000e-06	4.317858e-06	1.373598e-09	2.321629e+01	3.331767e+02
4.760000e-06	4.269364e-06	1.365813e-09	2.295554e+01	3.313639e+02
4.770000e-06	4.220414e-06	1.357502e-09	2.269235e+01	3.295291e+02
4.780000e-06	4.170993e-06	1.350257e-09	2.242662e+01	3.276723e+02
4.790000e-06	4.121392e-06	1.344696e-09	2.215993e+01	3.257934e+02
4.800000e-06	4.071415e-06	1.339317e-09	2.189121e+01	3.238925e+02
4.810000e-06	4.021005e-06	1.332944e-09	2.162017e+01	3.219692e+02
4.820000e-06	3.970399e-06	1.325379e-09	2.134807e+01	3.200233e+02
4.830000e-06	3.919489e-06	1.316752e-09	2.107434e+01	3.180542e+02
4.840000e-06	3.868311e-06	1.308360e-09	2.079916e+01	3.160614e+02
4.850000e-06	3.816848e-06	1.300582e-09	2.052246e+01	3.140444e+02
4.860000e-06	3.765121e-06	1.293508e-09	2.024433e+01	3.120023e+02
4.870000e-06	3.713093e-06	1.286342e-09	1.996458e+01	3.099345e+02
4.880000e-06	3.660693e-06	1.279158e-09	1.968284e+01	3.078401e+02
4.890000e-06	3.607896e-06	1.271128e-09	1.939896e+01	3.057182e+02
4.900000e-06	3.554831e-06	1.261553e-09	1.911364e+01	3.035679e+02
4.910000e-06	3.501589e-06	1.251001e-09	1.882737e+01	3.013885e+02
4.920000e-06	3.447984e-06	1.240922e-09	1.853914e+01	2.991789e+02
4.930000e-06	3.394005e-06	1.233219e-09	1.824891e+01	2.969383e+02
4.940000e-06	3.339611e-06	1.226844e-09	1.795644e+01	2.946660e+02
4.950000e-06	3.284853e-06	1.219004e-09	1.766202e+01	2.923610e+02
4.960000e-06	3.229865e-06	1.209886e-09	1.736636e+01	2.900229e+02
4.970000e-06	3.174728e-06	1.201079e-09	1.706990e+01	2.876508e+02
4.980000e-06	3.119298e-06	1.192162e-09	1.677186e+01	2.852443e+02
4.990000e-06	3.063445e-06	1.182625e-09	1.647155e+01	2.828029e+02
5.000000e-06	3.007464e-06	1.172715e-09	1.617055e+01	2.803262e+02
5.010000e-06	2.951329e-06	1.162895e-09	1.586873e+01	2.778140e+02
5.020000e-06	2.894969e-06	1.153252e-09	1.556569e+01	2.752662e+02
5.030000e-06	2.838474e-06	1.142464e-09	1.526193e+01	2.726825e+02
5.040000e-06	2.781767e-06	1.130549e-09	1.495702e+01	2.700630e+02
5.050000e-06	2.724824e-06	1.118523e-09	1.465085e+01	2.674078e+02
5.060000e-06	2.667696e-06	1.106440e-09	1.434369e+01	2.647169e+02
5.070000e-06	2.610420e-06	1.095394e-09	1.403572e+01	2.619905e+02
5.080000e-06	2.552946e-06	1.085421e-09	1.372669e+01	2.592287e+02
5.090000e-06	2.495318e-06	1.074510e-09	1.341684e+01	2.564318e+02
5.100000e-06	2.437577e-06	1.062391e-09	1.310638e+01	2.535998e+02
5.110000e-06	2.379616e-06	1.050246e-09	1.279474e+01	2.507328e+02
5.120000e-06	2.321549e-06	1.038521e-09	1.248252e+01	2.478308e+02
5.130000e-06	2.263401e-06	1.027549e-09	1.216987e+01	2.448938e+02
5.140000e-06	2.205059e-06	1.016221e-09	1.185618e+01	2.419216e+02
5.150000e-06	2.146506e-06	1.003366e-09	1.154135e+01	2.389138e+02
5.160000e-06	2.087717e-06	9.899448e-10	1.122525e+01	2.358700e+02
5.170000e-06	2.028759e-06	9.770029e-10	1.090824e+01	2.327894e+02
5.180000e-06	1.969735e-06	9.641667e-10	1.059088e+01	2.296711e+02
5.190000e-06	1.910577e-06	9.508607e-10	1.027280e+01	2.265141e+02
5.200000e-06	1.851263e-06	9.372812e-10	9.953884e+00	2.233169e+02
5.210000e-06	1.791700e-06	9.237742e-10	9.633623e+00	2.200782e+02
5.220000e-06	1.731965e-06	9.106356e-10	9.312441e+00	2.167959e+02
5.230000e-06	1.672220e-06	8.976532e-10	8.991204e+00	2.134681e+02
5.240000e-06	1.612485e-06	8.832557e-10	8.670020e+00	2.100926e+02
5.250000e-06	1.552723e-06	8.675821e-10	8.348693e+00	2.066666e+02
5.260000e-06	1.492769e-06	8.527950e-10	8.026328e+00	2.031876e+02
5.270000e-06	1.432644e-06	8.388340e-10	7.703051e+00	1.996527e+02
5.280000e-06	1.372466e-06	8.241764e-10	7.379486e+00	1.960586e+02
5.290000e-06	1.312216e-06	8.086162e-10	7.055534e+00	1.924022e+02
5.300000e-06	1.251891e-06	7.926835e-10	6.731178e+00	1.886801e+02
5.310000e-06	1.191571e-06	7.763469e-10	6.406848e+00	1.848889e+02
5.320000e-06	1.131201e-06	7.594174e-10	6.082249e+00	1.810251e+02
5.330000e-06	1.070712e-06	7.421934e-10	5.757011e+00	1.770853e+02
5.340000e-06	1.010086e-06	7.253803e-10	5.431035e+00	1.730660e+02
5.350000e-06	9.494085e-07	7.093420e-10	5.104786e+00	1.689639e+02
5.360000e-06	8.887658e-07	6.935490e-10	4.778722e+00	1.647759e+02
5.370000e-06	8.281379e-07	6.762254e-10	4.452737e+00	1.604990e+02
5.380000e-06	7.675207e-07	6.568364e-10	4.126810e+00	1.561305e+02
5.390000e-06	7.068257e-07	6.367171e-10	3.800465e+00	1.516678e+02
5.400000e-06	6.461470e-07	6.167730e-10	3.474207e+00	1.471090e+02
5.410000e-06	5.854760e-07	5.978433e-10	3.147991e+00	1.424523e+02
5.420000e-06	5.247212e-07	5.790848e-10	2.821324e+00	1.376963e+02
5.430000e-06	4.639279e-07	5.590252e-10	2.494451e+00	1.328402e+02
5.440000e-06	4.030583e-07	5.385094e-10	2.167167e+00	1.278837e+02
5.450000e-06	3.421060e-07	5.178435e-10	1.839438e+00	1.228269e+02
5.460000e-06	2.811950e-07	4.969381e-10	1.511931e+00	1.176705e+02
5.470000e-06	2.203018e-07	4.757488e-10	1.184520e+00	1.124158e+02
5.480000e-06	1.593430e-07	4.532046e-10	8.567567e-01	1.070645e+02
5.490000e-06	9.836526e-08	4.286834e-10	5.288910e-01	1.016191e+02
5.500000e-06	3.735290e-08	4.035598e-10	2.008393e-01	9.608244e+01
5.510000e-06	-2.368756e-08	3.795525e-10	-1.273634e-01	9.045812e+01
5.520000e-06	-8.463024e-08	3.557194e-10	-4.550404e-01	8.475018e+01
5.530000e-06	-1.455873e-07	3.310020e-10	-7.827947e-01	7.896320e+01
5.540000e-06	-2.065732e-07	3.064581e-10	-1.110704e+00	7.310226e+01
5.550000e-06	-2.673987e-07	2.828204e-10	-1.437751e+00	6.717290e+01
5.560000e-06	-3.282748e-07	2.597343e-10	-1.765070e+00	6.118107e+01
5.570000e-06	-3.892920e-07	2.358066e-10	-2.093148e+00	5.513312e+01
5.580000e-06	-4.502605e-07	2.100026e-10	-2.420964e+00	4.903571e+01
5.590000e-06	-5.110773e-07	1.841053e-10	-2.747964e+00	4.289579e+01
5.600000e-06	-5.717963e-07	1.596819e-10	-3.074438e+00	3.672052e+01
5.610000e-06	-6.324779e-07	1.350931e-10	-3.400711e+00	3.051725e+01
5.620000e-06	-6.931950e-07	1.095716e-10	-3.727175e+00	2.429339e+01
5.630000e-06	-7.538363e-07	8.408768e-11	-4.053232e+00	1.805644e+01
5.640000e-06	-8.144029e-07	5.809473e-11	-4.378887e+00	1.181384e+01
5.650000e-06	-8.750309e-07	3.149358e-11	-4.704872e+00	5.572995e+00
5.660000e-06	-9.355692e-07	5.251076e-12	-5.030374e+00	-6.588534e-01
5.670000e-06	-9.959824e-07	-2.035443e-11	-5.355205e+00	-6.874642e+00
5.680000e-06	-1.056400e-06	-4.544883e-11	-5.680060e+00	-1.306755e+01
5.690000e-06	-1.116792e-06	-7.051987e-11	-6.004773e+00	-1.923106e+01
5.700000e-06	-1.177117e-06	-9.660282e-11	-6.329132e+00	-2.535898e+01
5.710000e-06	-1.237405e-06	-1.229347e-10	-6.653288e+00	-3.144551e+01
5.720000e-06	-1.297623e-06	-1.484105e-10	-6.977069e+00	-3.748525e+01
5.730000e-06	-1.357707e-06	-1.726528e-10	-7.300129e+00	-4.347325e+01
5.740000e-06	-1.417738e-06	-1.963309e-10	-7.622900e+00	-4.940503e+01
5.750000e-06	-1.477753e-06	-2.198684e-10	-7.945593e+00	-5.527661e+01
5.760000e-06	-1.537672e-06	-2.438200e-10	-8.267765e+00	-6.108449e+01
5.770000e-06	-1.597401e-06	-2.692954e-10	-8.588914e+00	-6.682567e+01
5.780000e-06	-1.657009e-06	-2.939580e-10	-8.909419e+00	-7.249768e+01
5.790000e-06	-1.716566e-06	-3.164805e-10	-9.229644e+00	-7.809853e+01
5.800000e-06	-1.776006e-06	-3.386586e-10	-9.549242e+00	-8.362674e+01
5.810000e-06	-1.835348e-06	-3.609096e-10	-9.868311e+00	-8.908126e+01
5.820000e-06	-1.894629e-06	-3.829622e-10	-1.018705e+01	-9.446154e+01
5.830000e-06	-1.953753e-06	-4.056350e-10	-1.050495e+01	-9.976741e+01
5.840000e-06	-2.012714e-06	-4.281479e-10	-1.082197e+01	-1.049991e+02
5.850000e-06	-2.071497e-06	-4.497467e-10	-1.113804e+01	-1.101573e+02
5.860000e-06	-2.130019e-06	-4.715009e-10	-1.145270e+01	-1.152428e+02
5.870000e-06	-2.188445e-06	-4.941357e-10	-1.176684e+01	-1.202569e+02
5.880000e-06	-2.246826e-06	-5.165596e-10	-1.208075e+01	-1.252011e+02
5.890000e-06	-2.304928e-06	-5.380012e-10	-1.239315e+01	-1.300769e+02
5.900000e-06	-2.362717e-06	-5.592994e-10	-1.270387e+01	-1.348863e+02
5.910000e-06	-2.420403e-06	-5.809221e-10	-1.301404e+01	-1.396311e+02
5.920000e-06	-2.477943e-06	-6.013252e-10	-1.332342e+01	-1.443134e+02
5.930000e-06	-2.535305e-06	-6.200762e-10	-1.363185e+01	-1.489353e+02
5.940000e-06	-2.592420e-06	-6.391187e-10	-1.393894e+01	-1.534988e+02
5.950000e-06	-2.649256e-06	-6.585563e-10	-1.424454e+01	-1.580059e+02
5.960000e-06	-2.706071e-06	-6.783192e-10	-1.455002e+01	-1.624586e+02
5.970000e-06	-2.762764e-06	-6.984734e-10	-1.485485e+01	-1.668588e+02
5.980000e-06	-2.819291e-06	-7.177407e-10	-1.515878e+01	-1.712082e+02
5.990000e-06	-2.875683e-06	-7.355323e-10	-1.546199e+01	-1.755084e+02
6.000000e-06	-2.931845e-06	-7.533899e-10	-1.576397e+01	-1.797610e+02
6.010000e-06	-2.987793e-06	-7.713448e-10	-1.606478e+01	-1.839671e+02
6.020000e-06	-3.043441e-06	-7.888755e-10	-1.636399e+01	-1.881279e+02
6.030000e-06	-3.098942e-06	-8.071047e-10	-1.666241e+01	-1.922442e+02
6.040000e-06	-3.154334e-06	-8.250245e-10	-1.696024e+01	-1.963167e+02
6.050000e-06	-3.209484e-06	-8.417435e-10	-1.725677e+01	-2.003460e+02
6.060000e-06	-3.264294e-06	-8.576466e-10	-1.755148e+01	-2.043322e+02
6.070000e-06	-3.318771e-06	-8.730559e-10	-1.784439e+01	-2.082756e+02
6.080000e-06	-3.372789e-06	-8.882502e-10	-1.813484e+01	-2.121760e+02
6.090000e-06	-3.426408e-06	-9.034208e-10	-1.842314e+01	-2.160331e+02
6.100000e-06	-3.479767e-06	-9.196055e-10	-1.871003e+01	-2.198467e+02
6.110000e-06	-3.532821e-06	-9.368191e-10	-1.899530e+01	-2.236162e+02
6.120000e-06	-3.585621e-06	-9.536388e-10	-1.927919e+01	-2.273408e+02
6.130000e-06	-3.638079e-06	-9.698345e-10	-1.956125e+01	-2.310199e+02
6.140000e-06	-3.690211e-06	-9.854960e-10	-1.984155e+01	-2.346527e+02
6.150000e-06	-3.742105e-06	-1.001072e-09	-2.012058e+01	-2.382381e+02
6.160000e-06	-3.793744e-06	-1.016642e-09	-2.039823e+01	-2.417754e+02
6.170000e-06	-3.845091e-06	-1.031462e-09	-2.067431e+01	-2.452635e+02
6.180000e-06	-3.896022e-06	-1.045584e-09	-2.094816e+01	-2.487015e+02
6.190000e-06	-3.946610e-06	-1.059066e-09	-2.122016e+01	-2.520885e+02
6.200000e-06	-3.997079e-06	-1.072570e-09	-2.149152e+01	-2.554236e+02
6.210000e-06	-4.047283e-06	-1.085749e-09	-2.176146e+01	-2.587059e+02
6.220000e-06	-4.097157e-06	-1.099400e-09	-2.202962e+01	-2.619346e+02
6.230000e-06	-4.146678e-06	-1.113959e-09	-2.229589e+01	-2.651092e+02
6.240000e-06	-4.195624e-06	-1.128004e-09	-2.255906e+01	-2.682290e+02
6.250000e-06	-4.244021e-06	-1.141461e-09	-2.281928e+01	-2.712935e+02
6.260000e-06	-4.292023e-06	-1.154579e-09	-2.307738e+01	-2.743023e+02
6.270000e-06	-4.339629e-06	-1.166775e-09	-2.333334e+01	-2.772553e+02
6.280000e-06	-4.386952e-06	-1.177413e-09	-2.358779e+01	-2.801523e+02
6.290000e-06	-4.434016e-06	-1.187929e-09	-2.384085e+01	-2.829933e+02
6.300000e-06	-4.480772e-06	-1.199611e-09	-2.409224e+01	-2.857784e+02
6.310000e-06	-4.527427e-06	-1.211497e-09	-2.434310e+01	-2.885080e+02
6.320000e-06	-4.573959e-06	-1.222973e-09	-2.459329e+01	-2.911824e+02
6.330000e-06	-4.620106e-06	-1.234915e-09	-2.484142e+01	-2.938021e+02
6.340000e-06	-4.665780e-06	-1.245982e-09	-2.508700e+01	-2.963677e+02
6.350000e-06	-4.711071e-06	-1.254939e-09	-2.533052e+01	-2.988801e+02
6.360000e-06	-4.756062e-06	-1.263861e-09	-2.557243e+01	-3.013401e+02
6.370000e-06	-4.800764e-06	-1.273430e-09	-2.581278e+01	-3.037485e+02
6.380000e-06	-4.845247e-06	-1.282200e-09	-2.605196e+01	-3.061064e+02
6.390000e-06	-4.889484e-06	-1.290989e-09	-2.628981e+01	-3.084149e+02
6.400000e-06	-4.933443e-06	-1.300643e-09	-2.652617e+01	-3.106752e+02
6.410000e-06	-4.977130e-06	-1.309236e-09	-2.676106e+01	-3.128886e+02
6.420000e-06	-5.020466e-06	-1.316596e-09	-2.699407e+01	-3.150561e+02
6.430000e-06	-5.063450e-06	-1.324989e-09	-2.722519e+01	-3.171792e+02
6.440000e-06	-5.106109e-06	-1.334962e-09	-2.745456e+01	-3.192592e+02
6.450000e-06	-5.148406e-06	-1.344857e-09	-2.768198e+01	-3.212973e+02
6.460000e-06	-5.190354e-06	-1.354588e-09	-2.790753e+01	-3.232950e+02
6.470000e-06	-5.231870e-06	-1.363536e-09	-2.813075e+01	-3.252535e+02
6.480000e-06	-5.273034e-06	-1.369887e-09	-2.835208e+01	-3.271742e+02
6.490000e-06	-5.313914e-06	-1.375796e-09	-2.857189e+01	-3.290584e+02
6.500000e-06	-5.354460e-06	-1.382973e-09	-2.878989e+01	-3.309072e+02
6.510000e-06	-5.394842e-06	-1.390057e-09	-2.900702e+01	-3.327220e+02
6.520000e-06	-5.434957e-06	-1.396882e-09	-2.922271e+01	-3.345038e+02
6.530000e-06	-5.474798e-06	-1.404319e-09	-2.943693e+01	-3.362539e+02
6.540000e-06	-5.514268e-06	-1.412019e-09	-2.964915e+01	-3.379733e+02
6.550000e-06	-5.552964e-06	-1.418888e-09	-2.985722e+01	-3.396630e+02
6.560000e-06	-5.590919e-06	-1.424820e-09	-3.006129e+01	-3.413239e+02
6.570000e-06	-5.628382e-06	-1.430839e-09	-3.026272e+01	-3.429571e+02
6.580000e-06	-5.665403e-06	-1.436975e-09	-3.046178e+01	-3.445633e+02
6.590000e-06	-5.702069e-06	-1.442072e-09	-3.065892e+01	-3.461432e+02
6.600000e-06	-5.738430e-06	-1.447525e-09	-3.085443e+01	-3.476977e+02
6.610000e-06	-5.774456e-06	-1.454109e-09	-3.104813e+01	-3.492273e+02
6.620000e-06	-5.810039e-06	-1.459797e-09	-3.123946e+01	-3.507327e+02
6.630000e-06	-5.845191e-06	-1.464950e-09	-3.142846e+01	-3.522145e+02
6.640000e-06	-5.879882e-06	-1.470639e-09	-3.161499e+01	-3.536730e+02
6.650000e-06	-5.914083e-06	-1.476977e-09	-3.179888e+01	-3.551088e+02
6.660000e-06	-5.948014e-06	-1.484488e-09	-3.198132e+01	-3.565222e+02
6.670000e-06	-5.981653e-06	-1.490745e-09	-3.216219e+01	-3.579136e+02
6.680000e-06	-6.014843e-06	-1.494239e-09	-3.234065e+01	-3.592834e+02
6.690000e-06	-6.047578e-06	-1.497681e-09	-3.251666e+01	-3.606317e+02
6.700000e-06	-6.079968e-06	-1.502685e-09	-3.269081e+01	-3.619589e+02
6.710000e-06	-6.112134e-06	-1.507981e-09	-3.286376e+01	-3.632652e+02
6.720000e-06	-6.143924e-06	-1.512056e-09	-3.303469e+01	-3.645509e+02
6.730000e-06	-6.175103e-06	-1.515157e-09	-3.320234e+01	-3.658161e+02
6.740000e-06	-6.205575e-06	-1.519424e-09	-3.336618e+01	-3.670610e+02
6.750000e-06	-6.235330e-06	-1.524978e-09	-3.352617e+01	-3.682858e+02
6.760000e-06	-6.264455e-06	-1.529545e-09	-3.368277e+01	-3.694907e+02
6.770000e-06	-6.293135e-06	-1.532764e-09	-3.383697e+01	-3.706759e+02
6.780000e-06	-6.321584e-06	-1.535166e-09	-3.398994e+01	-3.718417e+02
6.790000e-06	-6.349760e-06	-1.537639e-09	-3.414143e+01	-3.729881e+02
6.800000e-06	-6.377497e-06	-1.541606e-09	-3.429057e+01	-3.741155e+02
6.810000e-06	-6.404727e-06	-1.546540e-09	-3.443698e+01	-3.752240e+02
6.820000e-06	-6.431550e-06	-1.550939e-09	-3.458120e+01	-3.763139e+02
6.830000e-06	-6.457922e-06	-1.553728e-09	-3.472300e+01	-3.773855e+02
6.840000e-06	-6.483803e-06	-1.556115e-09	-3.486215e+01	-3.784390e+02
6.850000e-06	-6.509150e-06	-1.558694e-09	-3.499844e+01	-3.794746e+02
6.860000e-06	-6.533898e-06	-1.559703e-09	-3.513150e+01	-3.804927e+02
6.870000e-06	-6.558385e-06	-1.560105e-09	-3.526317e+01	-3.814936e+02
6.880000e-06	-6.582703e-06	-1.562538e-09	-3.539392e+01	-3.824775e+02
6.890000e-06	-6.606595e-06	-1.567245e-09	-3.552238e+01	-3.834448e+02
6.900000e-06	-6.629967e-06	-1.572199e-09	-3.564805e+01	-3.843956e+02
6.910000e-06	-6.652668e-06	-1.575284e-09	-3.577011e+01	-3.853304e+02
6.920000e-06	-6.674631e-06	-1.576715e-09	-3.588820e+01	-3.862493e+02
6.930000e-06	-6.695951e-06	-1.578145e-09	-3.600283e+01	-3.871527e+02
6.940000e-06	-6.716741e-06	-1.579726e-09	-3.611462e+01	-3.880406e+02
6.950000e-06	-6.737172e-06	-1.582133e-09	-3.622447e+01	-3.889134e+02
6.960000e-06	-6.757278e-06	-1.585222e-09	-3.633258e+01	-3.897713e+02
6.970000e-06	-6.776919e-06	-1.587919e-09	-3.643818e+01	-3.906142e+02
6.980000e-06	-6.796082e-06	-1.590543e-09	-3.654122e+01	-3.914423e+02
6.990000e-06	-6.814831e-06	-1.592958e-09	-3.664203e+01	-3.922558e+02
7.000000e-06	-6.833147e-06	-1.594218e-09	-3.674051e+01	-3.930544e+02
7.010000e-06	-6.850995e-06	-1.594580e-09	-3.683647e+01	-3.938383e+02
7.020000e-06	-6.868318e-06	-1.595896e-09	-3.692962e+01	-3.946073e+02
7.030000e-06	-6.885211e-06	-1.599242e-09	-3.702045e+01	-3.953612e+02
7.040000e-06	-6.901721e-06	-1.602717e-09	-3.710922e+01	-3.960998e+02
7.050000e-06	-6.917930e-06	-1.604709e-09	-3.719637e+01	-3.968229e+02
7.060000e-06	-6.933827e-06	-1.605476e-09	-3.728185e+01	-3.975301e+02
7.070000e-06	-6.949043e-06	-1.604844e-09	-3.736366e+01	-3.982211e+02
7.080000e-06	-6.963225e-06	-1.604559e-09	-3.743991e+01	-3.988954e+02
7.090000e-06	-6.976528e-06	-1.607372e-09	-3.751144e+01	-3.995527e+02
7.100000e-06	-6.989324e-06	-1.611743e-09	-3.758024e+01	-4.001923e+02
7.110000e-06	-7.001698e-06	-1.614249e-09	-3.764678e+01	-4.008138e+02
7.120000e-06	-7.013580e-06	-1.614901e-09	-3.771066e+01	-4.014167e+02
7.130000e-06	-7.024834e-06	-1.615801e-09	-3.777117e+01	-4.020003e+02
7.140000e-06	-7.035498e-06	-1.617144e-09	-3.782851e+01	-4.025642e+02
7.150000e-06	-7.045720e-06	-1.618451e-09	-3.788347e+01	-4.031077e+02
7.160000e-06	-7.055583e-06	-1.619702e-09	-3.793650e+01	-4.036302e+02
7.170000e-06	-7.064957e-06	-1.620717e-09	-3.798691e+01	-4.041314e+02
7.180000e-06	-7.073823e-06	-1.621343e-09	-3.803458e+01	-4.046105e+02
7.190000e-06	-7.082327e-06	-1.621773e-09	-3.808031e+01	-4.050673e+02
7.200000e-06	-7.090539e-06	-1.622306e-09	-3.812446e+01	-4.055012e+02
7.210000e-06	-7.098348e-06	-1.622107e-09	-3.816645e+01	-4.059119e+02
7.220000e-06	-7.105440e-06	-1.621266e-09	-3.820458e+01	-4.062990e+02
7.230000e-06	-7.111758e-06	-1.621496e-09	-3.823855e+01	-4.066625e+02
7.240000e-06	-7.117431e-06	-1.621999e-09	-3.826905e+01	-4.070019e+02
7.250000e-06	-7.122422e-06	-1.621687e-09	-3.829589e+01	-4.073175e+02
7.260000e-06	-7.126914e-06	-1.621695e-09	-3.832004e+01	-4.076090e+02
7.270000e-06	-7.131136e-06	-1.621807e-09	-3.834274e+01	-4.078766e+02
7.280000e-06	-7.134999e-06	-1.622406e-09	-3.836351e+01	-4.081206e+02
7.290000e-06	-7.138285e-06	-1.623345e-09	-3.838118e+01	-4.083412e+02
7.300000e-06	-7.141017e-06	-1.622675e-09	-3.839587e+01	-4.085387e+02
7.310000e-06	-7.143455e-06	-1.621015e-09	-3.840898e+01	-4.087137e+02
7.320000e-06	-7.145487e-06	-1.620502e-09	-3.841990e+01	-4.088666e+02
7.330000e-06	-7.146731e-06	-1.620721e-09	-3.842659e+01	-4.089981e+02
7.340000e-06	-7.147459e-06	-1.620793e-09	-3.843051e+01	-4.091089e+02
