# Temperatura_=_15.8
# Concentracion g/m^3_=_7400.0
# C_Vs_to_Am_M_A/Vsm_=_254322799225.57578
# pendiente_HvsI_1/m_=_3716.3
# ordenada_HvsI_A/m_=_1297.0
# frecuencia_Hz_=_136113.83026255373

Tiempo_(s)	Campo_(V.s)	Magnetizacion_(V.s)	Campo_(kA/m)	Magnetizacion_(A/m)
0.000000e+00	-7.126967e-06	-1.596295e-09	-3.843038e+01	-4.010654e+02
1.000000e-08	-7.127398e-06	-1.596299e-09	-3.843271e+01	-4.011035e+02
2.000000e-08	-7.127405e-06	-1.594628e-09	-3.843275e+01	-4.011262e+02
3.000000e-08	-7.126706e-06	-1.594012e-09	-3.842898e+01	-4.011345e+02
4.000000e-08	-7.125273e-06	-1.595043e-09	-3.842125e+01	-4.011290e+02
5.000000e-08	-7.123183e-06	-1.594209e-09	-3.840998e+01	-4.011105e+02
6.000000e-08	-7.120450e-06	-1.591805e-09	-3.839524e+01	-4.010798e+02
7.000000e-08	-7.117171e-06	-1.592284e-09	-3.837756e+01	-4.010376e+02
8.000000e-08	-7.113510e-06	-1.590085e-09	-3.835782e+01	-4.009848e+02
9.000000e-08	-7.109197e-06	-1.574152e-09	-3.833456e+01	-4.009219e+02
1.000000e-07	-7.103970e-06	-1.567474e-09	-3.830638e+01	-4.008495e+02
1.100000e-07	-7.098182e-06	-1.596473e-09	-3.827517e+01	-4.007683e+02
1.200000e-07	-7.092262e-06	-1.602639e-09	-3.824325e+01	-4.006787e+02
1.300000e-07	-7.086040e-06	-1.563557e-09	-3.820970e+01	-4.005811e+02
1.400000e-07	-7.079255e-06	-1.563462e-09	-3.817311e+01	-4.004758e+02
1.500000e-07	-7.072056e-06	-1.610171e-09	-3.813429e+01	-4.003630e+02
1.600000e-07	-7.064609e-06	-1.600898e-09	-3.809414e+01	-4.002429e+02
1.700000e-07	-7.056777e-06	-1.533666e-09	-3.805190e+01	-4.001155e+02
1.800000e-07	-7.048338e-06	-1.548498e-09	-3.800640e+01	-3.999806e+02
1.900000e-07	-7.039166e-06	-1.620571e-09	-3.795694e+01	-3.998382e+02
2.000000e-07	-7.029326e-06	-1.592397e-09	-3.790388e+01	-3.996880e+02
2.100000e-07	-7.018803e-06	-1.521694e-09	-3.784714e+01	-3.995297e+02
2.200000e-07	-7.007673e-06	-1.560576e-09	-3.778712e+01	-3.993627e+02
2.300000e-07	-6.996099e-06	-1.612820e-09	-3.772471e+01	-3.991868e+02
2.400000e-07	-6.983998e-06	-1.554777e-09	-3.765946e+01	-3.990012e+02
2.500000e-07	-6.971351e-06	-1.517559e-09	-3.759127e+01	-3.988054e+02
2.600000e-07	-6.958036e-06	-1.581521e-09	-3.751947e+01	-3.985989e+02
2.700000e-07	-6.944068e-06	-1.590605e-09	-3.744415e+01	-3.983809e+02
2.800000e-07	-6.929444e-06	-1.523861e-09	-3.736529e+01	-3.981507e+02
2.900000e-07	-6.913983e-06	-1.541018e-09	-3.728192e+01	-3.979078e+02
3.000000e-07	-6.897920e-06	-1.588434e-09	-3.719531e+01	-3.976513e+02
3.100000e-07	-6.881596e-06	-1.535807e-09	-3.710728e+01	-3.973807e+02
3.200000e-07	-6.864761e-06	-1.505587e-09	-3.701651e+01	-3.970954e+02
3.300000e-07	-6.847511e-06	-1.576070e-09	-3.692349e+01	-3.967947e+02
3.400000e-07	-6.829908e-06	-1.573242e-09	-3.682857e+01	-3.964781e+02
3.500000e-07	-6.811743e-06	-1.499279e-09	-3.673062e+01	-3.961452e+02
3.600000e-07	-6.793064e-06	-1.529942e-09	-3.662990e+01	-3.957954e+02
3.700000e-07	-6.773955e-06	-1.580390e-09	-3.652686e+01	-3.954285e+02
3.800000e-07	-6.754528e-06	-1.518380e-09	-3.642210e+01	-3.950440e+02
3.900000e-07	-6.734676e-06	-1.492302e-09	-3.631505e+01	-3.946418e+02
4.000000e-07	-6.714309e-06	-1.554957e-09	-3.620523e+01	-3.942217e+02
4.100000e-07	-6.693439e-06	-1.542397e-09	-3.609269e+01	-3.937836e+02
4.200000e-07	-6.672092e-06	-1.490961e-09	-3.597759e+01	-3.933275e+02
4.300000e-07	-6.650250e-06	-1.527124e-09	-3.585981e+01	-3.928533e+02
4.400000e-07	-6.627977e-06	-1.543578e-09	-3.573971e+01	-3.923611e+02
4.500000e-07	-6.605295e-06	-1.492763e-09	-3.561740e+01	-3.918512e+02
4.600000e-07	-6.582153e-06	-1.502434e-09	-3.549261e+01	-3.913236e+02
4.700000e-07	-6.558679e-06	-1.534841e-09	-3.536603e+01	-3.907785e+02
4.800000e-07	-6.535016e-06	-1.498428e-09	-3.523844e+01	-3.902163e+02
4.900000e-07	-6.510751e-06	-1.483913e-09	-3.510760e+01	-3.896373e+02
5.000000e-07	-6.485702e-06	-1.516672e-09	-3.497252e+01	-3.890416e+02
5.100000e-07	-6.460027e-06	-1.502254e-09	-3.483408e+01	-3.884298e+02
5.200000e-07	-6.433644e-06	-1.478137e-09	-3.469181e+01	-3.878020e+02
5.300000e-07	-6.406728e-06	-1.497579e-09	-3.454668e+01	-3.871586e+02
5.400000e-07	-6.379456e-06	-1.497781e-09	-3.439962e+01	-3.865000e+02
5.500000e-07	-6.351798e-06	-1.478581e-09	-3.425048e+01	-3.858264e+02
5.600000e-07	-6.323754e-06	-1.486228e-09	-3.409926e+01	-3.851382e+02
5.700000e-07	-6.295289e-06	-1.485138e-09	-3.394577e+01	-3.844357e+02
5.800000e-07	-6.266385e-06	-1.468875e-09	-3.378991e+01	-3.837190e+02
5.900000e-07	-6.237014e-06	-1.472936e-09	-3.363154e+01	-3.829885e+02
6.000000e-07	-6.207281e-06	-1.474473e-09	-3.347121e+01	-3.822442e+02
6.100000e-07	-6.177029e-06	-1.462757e-09	-3.330808e+01	-3.814864e+02
6.200000e-07	-6.146261e-06	-1.464174e-09	-3.314218e+01	-3.807152e+02
6.300000e-07	-6.115224e-06	-1.462545e-09	-3.297482e+01	-3.799307e+02
6.400000e-07	-6.083827e-06	-1.450822e-09	-3.280552e+01	-3.791328e+02
6.500000e-07	-6.052160e-06	-1.451589e-09	-3.263476e+01	-3.783216e+02
6.600000e-07	-6.020164e-06	-1.450567e-09	-3.246223e+01	-3.774970e+02
6.700000e-07	-5.987655e-06	-1.439165e-09	-3.228693e+01	-3.766590e+02
6.800000e-07	-5.954627e-06	-1.439728e-09	-3.210884e+01	-3.758073e+02
6.900000e-07	-5.920855e-06	-1.440967e-09	-3.192673e+01	-3.749419e+02
7.000000e-07	-5.886333e-06	-1.429606e-09	-3.174058e+01	-3.740624e+02
7.100000e-07	-5.851359e-06	-1.425562e-09	-3.155199e+01	-3.731687e+02
7.200000e-07	-5.816058e-06	-1.424570e-09	-3.136164e+01	-3.722605e+02
7.300000e-07	-5.780500e-06	-1.414953e-09	-3.116990e+01	-3.713373e+02
7.400000e-07	-5.744626e-06	-1.411646e-09	-3.097646e+01	-3.703988e+02
7.500000e-07	-5.708369e-06	-1.412977e-09	-3.078095e+01	-3.694447e+02
7.600000e-07	-5.671766e-06	-1.405185e-09	-3.058358e+01	-3.684744e+02
7.700000e-07	-5.634795e-06	-1.397983e-09	-3.038422e+01	-3.674875e+02
7.800000e-07	-5.597339e-06	-1.395639e-09	-3.018225e+01	-3.664835e+02
7.900000e-07	-5.559334e-06	-1.389025e-09	-2.997732e+01	-3.654619e+02
8.000000e-07	-5.520856e-06	-1.381824e-09	-2.976983e+01	-3.644220e+02
8.100000e-07	-5.482038e-06	-1.378210e-09	-2.956051e+01	-3.633634e+02
8.200000e-07	-5.442898e-06	-1.372780e-09	-2.934946e+01	-3.622854e+02
8.300000e-07	-5.403487e-06	-1.367136e-09	-2.913695e+01	-3.611875e+02
8.400000e-07	-5.363867e-06	-1.362864e-09	-2.892331e+01	-3.600691e+02
8.500000e-07	-5.323901e-06	-1.357380e-09	-2.870780e+01	-3.589295e+02
8.600000e-07	-5.283491e-06	-1.351401e-09	-2.848990e+01	-3.577682e+02
8.700000e-07	-5.242729e-06	-1.345545e-09	-2.827010e+01	-3.565846e+02
8.800000e-07	-5.201483e-06	-1.339930e-09	-2.804769e+01	-3.553781e+02
8.900000e-07	-5.159576e-06	-1.335887e-09	-2.782172e+01	-3.541482e+02
9.000000e-07	-5.117092e-06	-1.331227e-09	-2.759264e+01	-3.528943e+02
9.100000e-07	-5.074133e-06	-1.324855e-09	-2.736099e+01	-3.516160e+02
9.200000e-07	-5.030832e-06	-1.318899e-09	-2.712750e+01	-3.503128e+02
9.300000e-07	-4.987257e-06	-1.313104e-09	-2.689254e+01	-3.489842e+02
9.400000e-07	-4.943377e-06	-1.306865e-09	-2.665592e+01	-3.476300e+02
9.500000e-07	-4.899138e-06	-1.300680e-09	-2.641738e+01	-3.462498e+02
9.600000e-07	-4.854485e-06	-1.294069e-09	-2.617660e+01	-3.448433e+02
9.700000e-07	-4.809611e-06	-1.287259e-09	-2.593463e+01	-3.434103e+02
9.800000e-07	-4.764563e-06	-1.281557e-09	-2.569171e+01	-3.419507e+02
9.900000e-07	-4.719191e-06	-1.275431e-09	-2.544705e+01	-3.404643e+02
1.000000e-06	-4.673364e-06	-1.267277e-09	-2.519995e+01	-3.389511e+02
1.010000e-06	-4.627113e-06	-1.259338e-09	-2.495055e+01	-3.374110e+02
1.020000e-06	-4.580622e-06	-1.253522e-09	-2.469986e+01	-3.358442e+02
1.030000e-06	-4.533843e-06	-1.248168e-09	-2.444761e+01	-3.342507e+02
1.040000e-06	-4.486712e-06	-1.241618e-09	-2.419347e+01	-3.326306e+02
1.050000e-06	-4.439187e-06	-1.234548e-09	-2.393721e+01	-3.309842e+02
1.060000e-06	-4.391491e-06	-1.227545e-09	-2.368001e+01	-3.293114e+02
1.070000e-06	-4.343657e-06	-1.221276e-09	-2.342208e+01	-3.276127e+02
1.080000e-06	-4.295379e-06	-1.215407e-09	-2.316176e+01	-3.258881e+02
1.090000e-06	-4.246557e-06	-1.208082e-09	-2.289850e+01	-3.241380e+02
1.100000e-06	-4.197456e-06	-1.199637e-09	-2.263373e+01	-3.223624e+02
1.110000e-06	-4.148113e-06	-1.191681e-09	-2.236766e+01	-3.205615e+02
1.120000e-06	-4.098311e-06	-1.185156e-09	-2.209912e+01	-3.187356e+02
1.130000e-06	-4.048059e-06	-1.178173e-09	-2.182815e+01	-3.168847e+02
1.140000e-06	-3.997375e-06	-1.169244e-09	-2.155484e+01	-3.150089e+02
1.150000e-06	-3.946397e-06	-1.160911e-09	-2.127996e+01	-3.131082e+02
1.160000e-06	-3.895105e-06	-1.154588e-09	-2.100338e+01	-3.111826e+02
1.170000e-06	-3.843457e-06	-1.148592e-09	-2.072488e+01	-3.092320e+02
1.180000e-06	-3.791585e-06	-1.141761e-09	-2.044517e+01	-3.072562e+02
1.190000e-06	-3.739338e-06	-1.133711e-09	-2.016344e+01	-3.052550e+02
1.200000e-06	-3.686682e-06	-1.125173e-09	-1.987951e+01	-3.032281e+02
1.210000e-06	-3.633785e-06	-1.117177e-09	-1.959428e+01	-3.011752e+02
1.220000e-06	-3.580652e-06	-1.109834e-09	-1.930777e+01	-2.990958e+02
1.230000e-06	-3.527289e-06	-1.102481e-09	-1.902003e+01	-2.969893e+02
1.240000e-06	-3.473701e-06	-1.093379e-09	-1.873106e+01	-2.948554e+02
1.250000e-06	-3.419941e-06	-1.083755e-09	-1.844117e+01	-2.926934e+02
1.260000e-06	-3.365952e-06	-1.075558e-09	-1.815005e+01	-2.905027e+02
1.270000e-06	-3.311713e-06	-1.067125e-09	-1.785758e+01	-2.882825e+02
1.280000e-06	-3.257192e-06	-1.057729e-09	-1.756359e+01	-2.860323e+02
1.290000e-06	-3.202369e-06	-1.049048e-09	-1.726797e+01	-2.837514e+02
1.300000e-06	-3.147399e-06	-1.040580e-09	-1.697156e+01	-2.814391e+02
1.310000e-06	-3.092149e-06	-1.031410e-09	-1.667364e+01	-2.790946e+02
1.320000e-06	-3.036668e-06	-1.022268e-09	-1.637447e+01	-2.767174e+02
1.330000e-06	-2.981093e-06	-1.012001e-09	-1.607480e+01	-2.743069e+02
1.340000e-06	-2.925467e-06	-1.002008e-09	-1.577485e+01	-2.718624e+02
1.350000e-06	-2.869761e-06	-9.943627e-10	-1.547447e+01	-2.693834e+02
1.360000e-06	-2.813920e-06	-9.865102e-10	-1.517336e+01	-2.668694e+02
1.370000e-06	-2.758000e-06	-9.761288e-10	-1.487182e+01	-2.643201e+02
1.380000e-06	-2.701928e-06	-9.654676e-10	-1.456947e+01	-2.617349e+02
1.390000e-06	-2.645623e-06	-9.560814e-10	-1.426586e+01	-2.591136e+02
1.400000e-06	-2.588977e-06	-9.464148e-10	-1.396041e+01	-2.564559e+02
1.410000e-06	-2.532005e-06	-9.360185e-10	-1.365320e+01	-2.537615e+02
1.420000e-06	-2.474738e-06	-9.250479e-10	-1.334441e+01	-2.510301e+02
1.430000e-06	-2.417084e-06	-9.137464e-10	-1.303352e+01	-2.482616e+02
1.440000e-06	-2.359189e-06	-9.030330e-10	-1.272133e+01	-2.454558e+02
1.450000e-06	-2.301033e-06	-8.929839e-10	-1.240775e+01	-2.426123e+02
1.460000e-06	-2.242545e-06	-8.817421e-10	-1.209236e+01	-2.397310e+02
1.470000e-06	-2.183742e-06	-8.693163e-10	-1.177528e+01	-2.368115e+02
1.480000e-06	-2.124776e-06	-8.583539e-10	-1.145732e+01	-2.338534e+02
1.490000e-06	-2.065675e-06	-8.484574e-10	-1.113863e+01	-2.308563e+02
1.500000e-06	-2.006408e-06	-8.368487e-10	-1.081906e+01	-2.278194e+02
1.510000e-06	-1.947088e-06	-8.242601e-10	-1.049918e+01	-2.247421e+02
1.520000e-06	-1.887647e-06	-8.129843e-10	-1.017867e+01	-2.216234e+02
1.530000e-06	-1.828139e-06	-8.016831e-10	-9.857782e+00	-2.184623e+02
1.540000e-06	-1.768621e-06	-7.886141e-10	-9.536844e+00	-2.152575e+02
1.550000e-06	-1.709035e-06	-7.757373e-10	-9.215545e+00	-2.120075e+02
1.560000e-06	-1.649369e-06	-7.640715e-10	-8.893809e+00	-2.087107e+02
1.570000e-06	-1.589638e-06	-7.527012e-10	-8.571722e+00	-2.053651e+02
1.580000e-06	-1.529877e-06	-7.410130e-10	-8.249480e+00	-2.019686e+02
1.590000e-06	-1.470111e-06	-7.275769e-10	-7.927204e+00	-1.985190e+02
1.600000e-06	-1.410243e-06	-7.130073e-10	-7.604380e+00	-1.950136e+02
1.610000e-06	-1.350202e-06	-6.994993e-10	-7.280625e+00	-1.914498e+02
1.620000e-06	-1.290007e-06	-6.868036e-10	-6.956042e+00	-1.878246e+02
1.630000e-06	-1.229828e-06	-6.742007e-10	-6.631542e+00	-1.841351e+02
1.640000e-06	-1.169679e-06	-6.607190e-10	-6.307202e+00	-1.803781e+02
1.650000e-06	-1.109354e-06	-6.459224e-10	-5.981916e+00	-1.765504e+02
1.660000e-06	-1.048828e-06	-6.316208e-10	-5.655540e+00	-1.726487e+02
1.670000e-06	-9.882657e-07	-6.181766e-10	-5.328976e+00	-1.686696e+02
1.680000e-06	-9.276806e-07	-6.034345e-10	-5.002285e+00	-1.646101e+02
1.690000e-06	-8.670250e-07	-5.866378e-10	-4.675215e+00	-1.604669e+02
1.700000e-06	-8.063206e-07	-5.695513e-10	-4.347882e+00	-1.562371e+02
1.710000e-06	-7.456179e-07	-5.533628e-10	-4.020558e+00	-1.519179e+02
1.720000e-06	-6.848545e-07	-5.382313e-10	-3.692907e+00	-1.475066e+02
1.730000e-06	-6.239131e-07	-5.231590e-10	-3.364295e+00	-1.430011e+02
1.740000e-06	-5.628778e-07	-5.070332e-10	-3.035178e+00	-1.383995e+02
1.750000e-06	-5.018796e-07	-4.898949e-10	-2.706260e+00	-1.337002e+02
1.760000e-06	-4.408134e-07	-4.724514e-10	-2.376976e+00	-1.289023e+02
1.770000e-06	-3.796030e-07	-4.553197e-10	-2.046914e+00	-1.240050e+02
1.780000e-06	-3.184191e-07	-4.370001e-10	-1.716995e+00	-1.190084e+02
1.790000e-06	-2.572447e-07	-4.164990e-10	-1.387128e+00	-1.139129e+02
1.800000e-06	-1.960090e-07	-3.970451e-10	-1.056930e+00	-1.087196e+02
1.810000e-06	-1.348417e-07	-3.794723e-10	-7.271002e-01	-1.034302e+02
1.820000e-06	-7.375879e-08	-3.618371e-10	-3.977258e-01	-9.804694e+01
1.830000e-06	-1.268530e-08	-3.432660e-10	-6.840230e-02	-9.257266e+01
1.840000e-06	4.831960e-08	-3.232247e-10	2.605514e-01	-8.701082e+01
1.850000e-06	1.092822e-07	-3.027571e-10	5.892769e-01	-8.136548e+01
1.860000e-06	1.703736e-07	-2.821273e-10	9.186969e-01	-7.564125e+01
1.870000e-06	2.315228e-07	-2.595433e-10	1.248429e+00	-6.984326e+01
1.880000e-06	2.926690e-07	-2.345262e-10	1.578145e+00	-6.397717e+01
1.890000e-06	3.538574e-07	-2.108231e-10	1.908087e+00	-5.804907e+01
1.900000e-06	4.150653e-07	-1.896899e-10	2.238136e+00	-5.206546e+01
1.910000e-06	4.761364e-07	-1.679075e-10	2.567446e+00	-4.603321e+01
1.920000e-06	5.370572e-07	-1.442136e-10	2.895947e+00	-3.995945e+01
1.930000e-06	5.979003e-07	-1.200523e-10	3.224028e+00	-3.385156e+01
1.940000e-06	6.586537e-07	-9.639226e-11	3.551625e+00	-2.771707e+01
1.950000e-06	7.194134e-07	-7.322693e-11	3.879257e+00	-2.156362e+01
1.960000e-06	7.801907e-07	-5.072467e-11	4.206983e+00	-1.539884e+01
1.970000e-06	8.407980e-07	-2.919106e-11	4.533793e+00	-9.230347e+00
1.980000e-06	9.013571e-07	-6.920748e-12	4.860342e+00	-3.065621e+00
1.990000e-06	9.619451e-07	1.674933e-11	5.187048e+00	3.088026e+00
2.000000e-06	1.022419e-06	3.998781e-11	5.513139e+00	9.223530e+00
2.010000e-06	1.082851e-06	6.268111e-11	5.839001e+00	1.533412e+01
2.020000e-06	1.143216e-06	8.464266e-11	6.164506e+00	2.141339e+01
2.030000e-06	1.203456e-06	1.059432e-10	6.489333e+00	2.745533e+01
2.040000e-06	1.263543e-06	1.279459e-10	6.813338e+00	3.345436e+01
2.050000e-06	1.323492e-06	1.505915e-10	7.136600e+00	3.940539e+01
2.060000e-06	1.383368e-06	1.733466e-10	7.459466e+00	4.530384e+01
2.070000e-06	1.443192e-06	1.961743e-10	7.782050e+00	5.114561e+01
2.080000e-06	1.503005e-06	2.181104e-10	8.104579e+00	5.692719e+01
2.090000e-06	1.562813e-06	2.393581e-10	8.427077e+00	6.264556e+01
2.100000e-06	1.622519e-06	2.610087e-10	8.749025e+00	6.829826e+01
2.110000e-06	1.682128e-06	2.821256e-10	9.070452e+00	7.388333e+01
2.120000e-06	1.741610e-06	3.019862e-10	9.391196e+00	7.939933e+01
2.130000e-06	1.801044e-06	3.217220e-10	9.711677e+00	8.484529e+01
2.140000e-06	1.860522e-06	3.415279e-10	1.003240e+01	9.022071e+01
2.150000e-06	1.919982e-06	3.613708e-10	1.035302e+01	9.552547e+01
2.160000e-06	1.979376e-06	3.809442e-10	1.067329e+01	1.007598e+02
2.170000e-06	2.038636e-06	4.000106e-10	1.099283e+01	1.059245e+02
2.180000e-06	2.097733e-06	4.194966e-10	1.131150e+01	1.110202e+02
2.190000e-06	2.156628e-06	4.388478e-10	1.162908e+01	1.160482e+02
2.200000e-06	2.215298e-06	4.580654e-10	1.194544e+01	1.210098e+02
2.210000e-06	2.273826e-06	4.770565e-10	1.226104e+01	1.259066e+02
2.220000e-06	2.331995e-06	4.945257e-10	1.257470e+01	1.307400e+02
2.230000e-06	2.389647e-06	5.112382e-10	1.288558e+01	1.355117e+02
2.240000e-06	2.447028e-06	5.287999e-10	1.319499e+01	1.402235e+02
2.250000e-06	2.504073e-06	5.467756e-10	1.350259e+01	1.448770e+02
2.260000e-06	2.560739e-06	5.641566e-10	1.380814e+01	1.494737e+02
2.270000e-06	2.617045e-06	5.820691e-10	1.411176e+01	1.540152e+02
2.280000e-06	2.673146e-06	5.998266e-10	1.441427e+01	1.585029e+02
2.290000e-06	2.729219e-06	6.159105e-10	1.471663e+01	1.629381e+02
2.300000e-06	2.785120e-06	6.315876e-10	1.501806e+01	1.673220e+02
2.310000e-06	2.840841e-06	6.466776e-10	1.531852e+01	1.716554e+02
2.320000e-06	2.896397e-06	6.609407e-10	1.561809e+01	1.759392e+02
2.330000e-06	2.951821e-06	6.757312e-10	1.591696e+01	1.801740e+02
2.340000e-06	3.007196e-06	6.915797e-10	1.621555e+01	1.843604e+02
2.350000e-06	3.062446e-06	7.077796e-10	1.651347e+01	1.884985e+02
2.360000e-06	3.117477e-06	7.240638e-10	1.681021e+01	1.925887e+02
2.370000e-06	3.172229e-06	7.404997e-10	1.710545e+01	1.966309e+02
2.380000e-06	3.226742e-06	7.553131e-10	1.739940e+01	2.006250e+02
2.390000e-06	3.281278e-06	7.686322e-10	1.769347e+01	2.045708e+02
2.400000e-06	3.335631e-06	7.811582e-10	1.798656e+01	2.084680e+02
2.410000e-06	3.389619e-06	7.936854e-10	1.827767e+01	2.123164e+02
2.420000e-06	3.443405e-06	8.075452e-10	1.856770e+01	2.161154e+02
2.430000e-06	3.496900e-06	8.229236e-10	1.885616e+01	2.198646e+02
2.440000e-06	3.550146e-06	8.385370e-10	1.914327e+01	2.235636e+02
2.450000e-06	3.603267e-06	8.527282e-10	1.942971e+01	2.272120e+02
2.460000e-06	3.656073e-06	8.656838e-10	1.971446e+01	2.308093e+02
2.470000e-06	3.708495e-06	8.776628e-10	1.999713e+01	2.343552e+02
2.480000e-06	3.760585e-06	8.884848e-10	2.027801e+01	2.378493e+02
2.490000e-06	3.812327e-06	8.992047e-10	2.055702e+01	2.412913e+02
2.500000e-06	3.863807e-06	9.106363e-10	2.083461e+01	2.446809e+02
2.510000e-06	3.915021e-06	9.223989e-10	2.111077e+01	2.480182e+02
2.520000e-06	3.965860e-06	9.345957e-10	2.138491e+01	2.513029e+02
2.530000e-06	4.016439e-06	9.472353e-10	2.165764e+01	2.545350e+02
2.540000e-06	4.066701e-06	9.596721e-10	2.192867e+01	2.577146e+02
2.550000e-06	4.116451e-06	9.709841e-10	2.219693e+01	2.608418e+02
2.560000e-06	4.165772e-06	9.813931e-10	2.246288e+01	2.639167e+02
2.570000e-06	4.214546e-06	9.919212e-10	2.272588e+01	2.669396e+02
2.580000e-06	4.262765e-06	1.002899e-09	2.298589e+01	2.699108e+02
2.590000e-06	4.310606e-06	1.013745e-09	2.324386e+01	2.728304e+02
2.600000e-06	4.358227e-06	1.023945e-09	2.350065e+01	2.756989e+02
2.610000e-06	4.405713e-06	1.034006e-09	2.375670e+01	2.785166e+02
2.620000e-06	4.453003e-06	1.044591e-09	2.401170e+01	2.812837e+02
2.630000e-06	4.500034e-06	1.055538e-09	2.426531e+01	2.840007e+02
2.640000e-06	4.546708e-06	1.066413e-09	2.451698e+01	2.866679e+02
2.650000e-06	4.592963e-06	1.076540e-09	2.476640e+01	2.892856e+02
2.660000e-06	4.638885e-06	1.084866e-09	2.501403e+01	2.918541e+02
2.670000e-06	4.684529e-06	1.092148e-09	2.526015e+01	2.943738e+02
2.680000e-06	4.729893e-06	1.100900e-09	2.550477e+01	2.968449e+02
2.690000e-06	4.775058e-06	1.110509e-09	2.574830e+01	2.992677e+02
2.700000e-06	4.819844e-06	1.119246e-09	2.598980e+01	3.016425e+02
2.710000e-06	4.864132e-06	1.127246e-09	2.622862e+01	3.039695e+02
2.720000e-06	4.908137e-06	1.135227e-09	2.646590e+01	3.062492e+02
2.730000e-06	4.951909e-06	1.143831e-09	2.670193e+01	3.084817e+02
2.740000e-06	4.995449e-06	1.152652e-09	2.693671e+01	3.106674e+02
2.750000e-06	5.038853e-06	1.161369e-09	2.717076e+01	3.128066e+02
2.760000e-06	5.082108e-06	1.169546e-09	2.740400e+01	3.148998e+02
2.770000e-06	5.125058e-06	1.176669e-09	2.763559e+01	3.169474e+02
2.780000e-06	5.167426e-06	1.183730e-09	2.786405e+01	3.189498e+02
2.790000e-06	5.209157e-06	1.190594e-09	2.808907e+01	3.209078e+02
2.800000e-06	5.250228e-06	1.196892e-09	2.831054e+01	3.228219e+02
2.810000e-06	5.290605e-06	1.204118e-09	2.852826e+01	3.246929e+02
2.820000e-06	5.330511e-06	1.212766e-09	2.874344e+01	3.265217e+02
2.830000e-06	5.370197e-06	1.221640e-09	2.895744e+01	3.283092e+02
2.840000e-06	5.409665e-06	1.229589e-09	2.917026e+01	3.300564e+02
2.850000e-06	5.448811e-06	1.236785e-09	2.938135e+01	3.317644e+02
2.860000e-06	5.487664e-06	1.243373e-09	2.959086e+01	3.334345e+02
2.870000e-06	5.526128e-06	1.249179e-09	2.979826e+01	3.350679e+02
2.880000e-06	5.564150e-06	1.254614e-09	3.000328e+01	3.366661e+02
2.890000e-06	5.601824e-06	1.260516e-09	3.020643e+01	3.382306e+02
2.900000e-06	5.639049e-06	1.267075e-09	3.040716e+01	3.397628e+02
2.910000e-06	5.675698e-06	1.273873e-09	3.060478e+01	3.412643e+02
2.920000e-06	5.711906e-06	1.281082e-09	3.080002e+01	3.427366e+02
2.930000e-06	5.747804e-06	1.288290e-09	3.099360e+01	3.441816e+02
2.940000e-06	5.783456e-06	1.293683e-09	3.118584e+01	3.456006e+02
2.950000e-06	5.819003e-06	1.297261e-09	3.137752e+01	3.469954e+02
2.960000e-06	5.854304e-06	1.301439e-09	3.156787e+01	3.483675e+02
2.970000e-06	5.889052e-06	1.306113e-09	3.175524e+01	3.497184e+02
2.980000e-06	5.923195e-06	1.311184e-09	3.193935e+01	3.510495e+02
2.990000e-06	5.956806e-06	1.317346e-09	3.212059e+01	3.523623e+02
3.000000e-06	5.989763e-06	1.323479e-09	3.229830e+01	3.536579e+02
3.010000e-06	6.022006e-06	1.328816e-09	3.247216e+01	3.549376e+02
3.020000e-06	6.053833e-06	1.333342e-09	3.264378e+01	3.562023e+02
3.030000e-06	6.085401e-06	1.337893e-09	3.281400e+01	3.574529e+02
3.040000e-06	6.116711e-06	1.342939e-09	3.298283e+01	3.586902e+02
3.050000e-06	6.147718e-06	1.348771e-09	3.315003e+01	3.599148e+02
3.060000e-06	6.178217e-06	1.355781e-09	3.331449e+01	3.611271e+02
3.070000e-06	6.208195e-06	1.362226e-09	3.347614e+01	3.623274e+02
3.080000e-06	6.237738e-06	1.366748e-09	3.363544e+01	3.635160e+02
3.090000e-06	6.266834e-06	1.370835e-09	3.379233e+01	3.646928e+02
3.100000e-06	6.295586e-06	1.374702e-09	3.394737e+01	3.658578e+02
3.110000e-06	6.323870e-06	1.378223e-09	3.409988e+01	3.670106e+02
3.120000e-06	6.351668e-06	1.382104e-09	3.424978e+01	3.681511e+02
3.130000e-06	6.379207e-06	1.387208e-09	3.439828e+01	3.692787e+02
3.140000e-06	6.406529e-06	1.393591e-09	3.454560e+01	3.703929e+02
3.150000e-06	6.433606e-06	1.400575e-09	3.469161e+01	3.714931e+02
3.160000e-06	6.460120e-06	1.405852e-09	3.483458e+01	3.725787e+02
3.170000e-06	6.485837e-06	1.408014e-09	3.497325e+01	3.736491e+02
3.180000e-06	6.510795e-06	1.410195e-09	3.510783e+01	3.747034e+02
3.190000e-06	6.535044e-06	1.413646e-09	3.523859e+01	3.757411e+02
3.200000e-06	6.558811e-06	1.417838e-09	3.536675e+01	3.767614e+02
3.210000e-06	6.582221e-06	1.422954e-09	3.549298e+01	3.777637e+02
3.220000e-06	6.605148e-06	1.428373e-09	3.561660e+01	3.787472e+02
3.230000e-06	6.627559e-06	1.434053e-09	3.573745e+01	3.797115e+02
3.240000e-06	6.649614e-06	1.439856e-09	3.585638e+01	3.806559e+02
3.250000e-06	6.671281e-06	1.443689e-09	3.597321e+01	3.815801e+02
3.260000e-06	6.692408e-06	1.445534e-09	3.608714e+01	3.824835e+02
3.270000e-06	6.713015e-06	1.448233e-09	3.619825e+01	3.833658e+02
3.280000e-06	6.733282e-06	1.453113e-09	3.630754e+01	3.842268e+02
3.290000e-06	6.753245e-06	1.458499e-09	3.641519e+01	3.850662e+02
3.300000e-06	6.772834e-06	1.463364e-09	3.652081e+01	3.858839e+02
3.310000e-06	6.792012e-06	1.468506e-09	3.662422e+01	3.866799e+02
3.320000e-06	6.810678e-06	1.472619e-09	3.672488e+01	3.874540e+02
3.330000e-06	6.828696e-06	1.475230e-09	3.682203e+01	3.882064e+02
3.340000e-06	6.846282e-06	1.478138e-09	3.691686e+01	3.889370e+02
3.350000e-06	6.863456e-06	1.482326e-09	3.700947e+01	3.896461e+02
3.360000e-06	6.880170e-06	1.486469e-09	3.709959e+01	3.903337e+02
3.370000e-06	6.896495e-06	1.489247e-09	3.718762e+01	3.909999e+02
3.380000e-06	6.912224e-06	1.492204e-09	3.727244e+01	3.916450e+02
3.390000e-06	6.927397e-06	1.495883e-09	3.735425e+01	3.922690e+02
3.400000e-06	6.942045e-06	1.499699e-09	3.743324e+01	3.928722e+02
3.410000e-06	6.956162e-06	1.503599e-09	3.750936e+01	3.934547e+02
3.420000e-06	6.969740e-06	1.506865e-09	3.758258e+01	3.940165e+02
3.430000e-06	6.982655e-06	1.509229e-09	3.765222e+01	3.945577e+02
3.440000e-06	6.995027e-06	1.511736e-09	3.771893e+01	3.950785e+02
3.450000e-06	7.007010e-06	1.514946e-09	3.778355e+01	3.955789e+02
3.460000e-06	7.018548e-06	1.518517e-09	3.784576e+01	3.960588e+02
3.470000e-06	7.029532e-06	1.521446e-09	3.790499e+01	3.965182e+02
3.480000e-06	7.039679e-06	1.524009e-09	3.795971e+01	3.969572e+02
3.490000e-06	7.049002e-06	1.526750e-09	3.800998e+01	3.973756e+02
3.500000e-06	7.057703e-06	1.529409e-09	3.805690e+01	3.977734e+02
3.510000e-06	7.065842e-06	1.532007e-09	3.810078e+01	3.981505e+02
3.520000e-06	7.073580e-06	1.534273e-09	3.814251e+01	3.985069e+02
3.530000e-06	7.080925e-06	1.536255e-09	3.818211e+01	3.988424e+02
3.540000e-06	7.087769e-06	1.538953e-09	3.821902e+01	3.991571e+02
3.550000e-06	7.094146e-06	1.542316e-09	3.825341e+01	3.994509e+02
3.560000e-06	7.100017e-06	1.545132e-09	3.828506e+01	3.997237e+02
3.570000e-06	7.105429e-06	1.546646e-09	3.831425e+01	3.999758e+02
3.580000e-06	7.110445e-06	1.547081e-09	3.834130e+01	4.002072e+02
3.590000e-06	7.114940e-06	1.548053e-09	3.836553e+01	4.004180e+02
3.600000e-06	7.118974e-06	1.550149e-09	3.838728e+01	4.006085e+02
3.610000e-06	7.122704e-06	1.553063e-09	3.840740e+01	4.007789e+02
3.620000e-06	7.125926e-06	1.556102e-09	3.842477e+01	4.009296e+02
3.630000e-06	7.128517e-06	1.558134e-09	3.843875e+01	4.010611e+02
3.640000e-06	7.130458e-06	1.559242e-09	3.844921e+01	4.011737e+02
3.650000e-06	7.131752e-06	1.560672e-09	3.845618e+01	4.012681e+02
3.660000e-06	7.132430e-06	1.561980e-09	3.845984e+01	4.013448e+02
3.670000e-06	7.132459e-06	1.561970e-09	3.846000e+01	4.014045e+02
3.680000e-06	7.132055e-06	1.561844e-09	3.845782e+01	4.014479e+02
3.690000e-06	7.131296e-06	1.563280e-09	3.845373e+01	4.014758e+02
3.700000e-06	7.130173e-06	1.565260e-09	3.844767e+01	4.014888e+02
3.710000e-06	7.128549e-06	1.566507e-09	3.843892e+01	4.014878e+02
3.720000e-06	7.126459e-06	1.565913e-09	3.842765e+01	4.014736e+02
3.730000e-06	7.124086e-06	1.562355e-09	3.841485e+01	4.014469e+02
3.740000e-06	7.121301e-06	1.557356e-09	3.839983e+01	4.014086e+02
3.750000e-06	7.117857e-06	1.565974e-09	3.838126e+01	4.013593e+02
3.760000e-06	7.113758e-06	1.592851e-09	3.835916e+01	4.012997e+02
3.770000e-06	7.109052e-06	1.578512e-09	3.833378e+01	4.012305e+02
3.780000e-06	7.103567e-06	1.534455e-09	3.830421e+01	4.011522e+02
3.790000e-06	7.097526e-06	1.561335e-09	3.827163e+01	4.010654e+02
3.800000e-06	7.091234e-06	1.599090e-09	3.823770e+01	4.009705e+02
3.810000e-06	7.084518e-06	1.564345e-09	3.820149e+01	4.008678e+02
3.820000e-06	7.077184e-06	1.523588e-09	3.816194e+01	4.007575e+02
3.830000e-06	7.069288e-06	1.568085e-09	3.811937e+01	4.006399e+02
3.840000e-06	7.060948e-06	1.628542e-09	3.807439e+01	4.005149e+02
3.850000e-06	7.052122e-06	1.569326e-09	3.802680e+01	4.003826e+02
3.860000e-06	7.042807e-06	1.499992e-09	3.797657e+01	4.002428e+02
3.870000e-06	7.033078e-06	1.570903e-09	3.792412e+01	4.000953e+02
3.880000e-06	7.022929e-06	1.633274e-09	3.786938e+01	3.999397e+02
3.890000e-06	7.012312e-06	1.547699e-09	3.781214e+01	3.997758e+02
3.900000e-06	7.001089e-06	1.505406e-09	3.775162e+01	3.996029e+02
3.910000e-06	6.989344e-06	1.610692e-09	3.768829e+01	3.994206e+02
3.920000e-06	6.977064e-06	1.632101e-09	3.762207e+01	3.992284e+02
3.930000e-06	6.964019e-06	1.517087e-09	3.755173e+01	3.990256e+02
3.940000e-06	6.950163e-06	1.528427e-09	3.747702e+01	3.988115e+02
3.950000e-06	6.935672e-06	1.639618e-09	3.739888e+01	3.985855e+02
3.960000e-06	6.920599e-06	1.594128e-09	3.731760e+01	3.983469e+02
3.970000e-06	6.904934e-06	1.508436e-09	3.723313e+01	3.980951e+02
3.980000e-06	6.888815e-06	1.594905e-09	3.714621e+01	3.978293e+02
3.990000e-06	6.872226e-06	1.646788e-09	3.705676e+01	3.975490e+02
4.000000e-06	6.855076e-06	1.531830e-09	3.696428e+01	3.972536e+02
4.010000e-06	6.837491e-06	1.524765e-09	3.686946e+01	3.969424e+02
4.020000e-06	6.819496e-06	1.638291e-09	3.677242e+01	3.966150e+02
4.030000e-06	6.801104e-06	1.590326e-09	3.667325e+01	3.962710e+02
4.040000e-06	6.782194e-06	1.500385e-09	3.657129e+01	3.959098e+02
4.050000e-06	6.762694e-06	1.589603e-09	3.646613e+01	3.955313e+02
4.060000e-06	6.742905e-06	1.630839e-09	3.635943e+01	3.951351e+02
4.070000e-06	6.722798e-06	1.524246e-09	3.625100e+01	3.947210e+02
4.080000e-06	6.702393e-06	1.538979e-09	3.614097e+01	3.942890e+02
4.090000e-06	6.681697e-06	1.626628e-09	3.602938e+01	3.938389e+02
4.100000e-06	6.660427e-06	1.560990e-09	3.591469e+01	3.933707e+02
4.110000e-06	6.638275e-06	1.515973e-09	3.579524e+01	3.928846e+02
4.120000e-06	6.615251e-06	1.597319e-09	3.567108e+01	3.923806e+02
4.130000e-06	6.591626e-06	1.582892e-09	3.554369e+01	3.918589e+02
4.140000e-06	6.567558e-06	1.513231e-09	3.541391e+01	3.913197e+02
4.150000e-06	6.543170e-06	1.563635e-09	3.528241e+01	3.907632e+02
4.160000e-06	6.518467e-06	1.589917e-09	3.514920e+01	3.901898e+02
4.170000e-06	6.493368e-06	1.530701e-09	3.501386e+01	3.895997e+02
4.180000e-06	6.467868e-06	1.547340e-09	3.487636e+01	3.889933e+02
4.190000e-06	6.441858e-06	1.581779e-09	3.473611e+01	3.883708e+02
4.200000e-06	6.415320e-06	1.539730e-09	3.459300e+01	3.877326e+02
4.210000e-06	6.388221e-06	1.535830e-09	3.444688e+01	3.870791e+02
4.220000e-06	6.360607e-06	1.563714e-09	3.429798e+01	3.864105e+02
4.230000e-06	6.332671e-06	1.537132e-09	3.414734e+01	3.857272e+02
4.240000e-06	6.304413e-06	1.529575e-09	3.399497e+01	3.850295e+02
4.250000e-06	6.275857e-06	1.550690e-09	3.384099e+01	3.843175e+02
4.260000e-06	6.246993e-06	1.534264e-09	3.368534e+01	3.835916e+02
4.270000e-06	6.217531e-06	1.528331e-09	3.352648e+01	3.828520e+02
4.280000e-06	6.187409e-06	1.540960e-09	3.336405e+01	3.820987e+02
4.290000e-06	6.156718e-06	1.523034e-09	3.319856e+01	3.813320e+02
4.300000e-06	6.125369e-06	1.520182e-09	3.302952e+01	3.805520e+02
4.310000e-06	6.093531e-06	1.535059e-09	3.285784e+01	3.797586e+02
4.320000e-06	6.061310e-06	1.518092e-09	3.268409e+01	3.789519e+02
4.330000e-06	6.028672e-06	1.513438e-09	3.250811e+01	3.781318e+02
4.340000e-06	5.995540e-06	1.528343e-09	3.232945e+01	3.772983e+02
4.350000e-06	5.961947e-06	1.512136e-09	3.214831e+01	3.764512e+02
4.360000e-06	5.927985e-06	1.504015e-09	3.196517e+01	3.755905e+02
4.370000e-06	5.893763e-06	1.519277e-09	3.178064e+01	3.747158e+02
4.380000e-06	5.859102e-06	1.507674e-09	3.159374e+01	3.738269e+02
4.390000e-06	5.823970e-06	1.496632e-09	3.140430e+01	3.729236e+02
4.400000e-06	5.788513e-06	1.510098e-09	3.121311e+01	3.720055e+02
4.410000e-06	5.752620e-06	1.503356e-09	3.101956e+01	3.710722e+02
4.420000e-06	5.716407e-06	1.488022e-09	3.082430e+01	3.701234e+02
4.430000e-06	5.679973e-06	1.493706e-09	3.062783e+01	3.691586e+02
4.440000e-06	5.643398e-06	1.492528e-09	3.043061e+01	3.681773e+02
4.450000e-06	5.606581e-06	1.482945e-09	3.023208e+01	3.671791e+02
4.460000e-06	5.569021e-06	1.484243e-09	3.002955e+01	3.661634e+02
4.470000e-06	5.530536e-06	1.482179e-09	2.982203e+01	3.651298e+02
4.480000e-06	5.491388e-06	1.473833e-09	2.961093e+01	3.640775e+02
4.490000e-06	5.451688e-06	1.471505e-09	2.939686e+01	3.630061e+02
4.500000e-06	5.411676e-06	1.469417e-09	2.918111e+01	3.619150e+02
4.510000e-06	5.371438e-06	1.464922e-09	2.896413e+01	3.608035e+02
4.520000e-06	5.330893e-06	1.461289e-09	2.874550e+01	3.596711e+02
4.530000e-06	5.290127e-06	1.457073e-09	2.852569e+01	3.585171e+02
4.540000e-06	5.248955e-06	1.454349e-09	2.830368e+01	3.573411e+02
4.550000e-06	5.207321e-06	1.451668e-09	2.807918e+01	3.561423e+02
4.560000e-06	5.165382e-06	1.445183e-09	2.785303e+01	3.549203e+02
4.570000e-06	5.123112e-06	1.440190e-09	2.762510e+01	3.536745e+02
4.580000e-06	5.080475e-06	1.438021e-09	2.739519e+01	3.524044e+02
4.590000e-06	5.037426e-06	1.434515e-09	2.716306e+01	3.511096e+02
4.600000e-06	4.993985e-06	1.430090e-09	2.692881e+01	3.497896e+02
4.610000e-06	4.950279e-06	1.426201e-09	2.669314e+01	3.484440e+02
4.620000e-06	4.906324e-06	1.421092e-09	2.645613e+01	3.470726e+02
4.630000e-06	4.862095e-06	1.414677e-09	2.621763e+01	3.456749e+02
4.640000e-06	4.817692e-06	1.409533e-09	2.597820e+01	3.442508e+02
4.650000e-06	4.773029e-06	1.405371e-09	2.573737e+01	3.428001e+02
4.660000e-06	4.728024e-06	1.400110e-09	2.549468e+01	3.413227e+02
4.670000e-06	4.682656e-06	1.393930e-09	2.525005e+01	3.398185e+02
4.680000e-06	4.636849e-06	1.387936e-09	2.500305e+01	3.382874e+02
4.690000e-06	4.590699e-06	1.382215e-09	2.475419e+01	3.367296e+02
4.700000e-06	4.544297e-06	1.375946e-09	2.450399e+01	3.351450e+02
4.710000e-06	4.497569e-06	1.368995e-09	2.425201e+01	3.335338e+02
4.720000e-06	4.450415e-06	1.362983e-09	2.399775e+01	3.318962e+02
4.730000e-06	4.403003e-06	1.359249e-09	2.374209e+01	3.302322e+02
4.740000e-06	4.355361e-06	1.354824e-09	2.348520e+01	3.285422e+02
4.750000e-06	4.307333e-06	1.348009e-09	2.322622e+01	3.268262e+02
4.760000e-06	4.258919e-06	1.341502e-09	2.296516e+01	3.250846e+02
4.770000e-06	4.210155e-06	1.335965e-09	2.270221e+01	3.233175e+02
4.780000e-06	4.161139e-06	1.329989e-09	2.243790e+01	3.215251e+02
4.790000e-06	4.111692e-06	1.322576e-09	2.217127e+01	3.197076e+02
4.800000e-06	4.061938e-06	1.315151e-09	2.190298e+01	3.178650e+02
4.810000e-06	4.011985e-06	1.307978e-09	2.163362e+01	3.159976e+02
4.820000e-06	3.961630e-06	1.301397e-09	2.136210e+01	3.141052e+02
4.830000e-06	3.910914e-06	1.295197e-09	2.108862e+01	3.121880e+02
4.840000e-06	3.859820e-06	1.287614e-09	2.081311e+01	3.102458e+02
4.850000e-06	3.808467e-06	1.278922e-09	2.053621e+01	3.082785e+02
4.860000e-06	3.756940e-06	1.270911e-09	2.025836e+01	3.062858e+02
4.870000e-06	3.705148e-06	1.264033e-09	1.997908e+01	3.042676e+02
4.880000e-06	3.653055e-06	1.256951e-09	1.969819e+01	3.022234e+02
4.890000e-06	3.600763e-06	1.249032e-09	1.941622e+01	3.001529e+02
4.900000e-06	3.548227e-06	1.240719e-09	1.913292e+01	2.980556e+02
4.910000e-06	3.495241e-06	1.232413e-09	1.884721e+01	2.959310e+02
4.920000e-06	3.441811e-06	1.223787e-09	1.855910e+01	2.937784e+02
4.930000e-06	3.388079e-06	1.214579e-09	1.826937e+01	2.915974e+02
4.940000e-06	3.334012e-06	1.205602e-09	1.797782e+01	2.893872e+02
4.950000e-06	3.279534e-06	1.196908e-09	1.768406e+01	2.871471e+02
4.960000e-06	3.224701e-06	1.188465e-09	1.738839e+01	2.848766e+02
4.970000e-06	3.169493e-06	1.180672e-09	1.709070e+01	2.825748e+02
4.980000e-06	3.113938e-06	1.172510e-09	1.679113e+01	2.802412e+02
4.990000e-06	3.058140e-06	1.162722e-09	1.649026e+01	2.778750e+02
5.000000e-06	3.002080e-06	1.152229e-09	1.618796e+01	2.754757e+02
5.010000e-06	2.945863e-06	1.142849e-09	1.588483e+01	2.730426e+02
5.020000e-06	2.889518e-06	1.133508e-09	1.558100e+01	2.705752e+02
5.030000e-06	2.833054e-06	1.122379e-09	1.527654e+01	2.680730e+02
5.040000e-06	2.776495e-06	1.110521e-09	1.497156e+01	2.655356e+02
5.050000e-06	2.719760e-06	1.099931e-09	1.466562e+01	2.629624e+02
5.060000e-06	2.662936e-06	1.089915e-09	1.435922e+01	2.603533e+02
5.070000e-06	2.605985e-06	1.079617e-09	1.405212e+01	2.577077e+02
5.080000e-06	2.548791e-06	1.068815e-09	1.374372e+01	2.550256e+02
5.090000e-06	2.491422e-06	1.056855e-09	1.343437e+01	2.523067e+02
5.100000e-06	2.433828e-06	1.045249e-09	1.312381e+01	2.495506e+02
5.110000e-06	2.376054e-06	1.034561e-09	1.281228e+01	2.467573e+02
5.120000e-06	2.318115e-06	1.023135e-09	1.249985e+01	2.439264e+02
5.130000e-06	2.259947e-06	1.010620e-09	1.218620e+01	2.410578e+02
5.140000e-06	2.201702e-06	9.983433e-10	1.187213e+01	2.381512e+02
5.150000e-06	2.143299e-06	9.870849e-10	1.155720e+01	2.352060e+02
5.160000e-06	2.084654e-06	9.764059e-10	1.124097e+01	2.322220e+02
5.170000e-06	2.025798e-06	9.646066e-10	1.092361e+01	2.291985e+02
5.180000e-06	1.966869e-06	9.510806e-10	1.060585e+01	2.261348e+02
5.190000e-06	1.907822e-06	9.376134e-10	1.028745e+01	2.230301e+02
5.200000e-06	1.848535e-06	9.245580e-10	9.967763e+00	2.198833e+02
5.210000e-06	1.789187e-06	9.112814e-10	9.647743e+00	2.166933e+02
5.220000e-06	1.729742e-06	8.978529e-10	9.327203e+00	2.134586e+02
5.230000e-06	1.670136e-06	8.835949e-10	9.005793e+00	2.101776e+02
5.240000e-06	1.610417e-06	8.692176e-10	8.683773e+00	2.068485e+02
5.250000e-06	1.550610e-06	8.555704e-10	8.361278e+00	2.034693e+02
5.260000e-06	1.490646e-06	8.416436e-10	8.037934e+00	2.000377e+02
5.270000e-06	1.430546e-06	8.270914e-10	7.713863e+00	1.965512e+02
5.280000e-06	1.370421e-06	8.123313e-10	7.389652e+00	1.930072e+02
5.290000e-06	1.310257e-06	7.977604e-10	7.065233e+00	1.894029e+02
5.300000e-06	1.250112e-06	7.827352e-10	6.740915e+00	1.857353e+02
5.310000e-06	1.189919e-06	7.663145e-10	6.416338e+00	1.820012e+02
5.320000e-06	1.129638e-06	7.486541e-10	6.091291e+00	1.781974e+02
5.330000e-06	1.069355e-06	7.312495e-10	5.766229e+00	1.743208e+02
5.340000e-06	1.009046e-06	7.153705e-10	5.441030e+00	1.703679e+02
5.350000e-06	9.487066e-07	7.005936e-10	5.115663e+00	1.663356e+02
5.360000e-06	8.883441e-07	6.856819e-10	4.790173e+00	1.622207e+02
5.370000e-06	8.279045e-07	6.686644e-10	4.464268e+00	1.580202e+02
5.380000e-06	7.674569e-07	6.494092e-10	4.138319e+00	1.537311e+02
5.390000e-06	7.070026e-07	6.302368e-10	3.812334e+00	1.493508e+02
5.400000e-06	6.465072e-07	6.118699e-10	3.486128e+00	1.448770e+02
5.410000e-06	5.860450e-07	5.929570e-10	3.160101e+00	1.403077e+02
5.420000e-06	5.255367e-07	5.730149e-10	2.833825e+00	1.356411e+02
5.430000e-06	4.649194e-07	5.529700e-10	2.506961e+00	1.308762e+02
5.440000e-06	4.043235e-07	5.332451e-10	2.180213e+00	1.260121e+02
5.450000e-06	3.437997e-07	5.133831e-10	1.853854e+00	1.210486e+02
5.460000e-06	2.831381e-07	4.925321e-10	1.526751e+00	1.159860e+02
5.470000e-06	2.223887e-07	4.707705e-10	1.199175e+00	1.108252e+02
5.480000e-06	1.616873e-07	4.487204e-10	8.718585e-01	1.055677e+02
5.490000e-06	1.009282e-07	4.259732e-10	5.442298e-01	1.002155e+02
5.500000e-06	4.022843e-08	4.023184e-10	2.169217e-01	9.477122e+01
5.510000e-06	-2.048963e-08	3.780514e-10	-1.104852e-01	8.923820e+01
5.520000e-06	-8.123600e-08	3.541254e-10	-4.380448e-01	8.362025e+01
5.530000e-06	-1.419320e-07	3.306234e-10	-7.653329e-01	7.792182e+01
5.540000e-06	-2.026378e-07	3.069488e-10	-1.092674e+00	7.214786e+01
5.550000e-06	-2.633470e-07	2.832123e-10	-1.420033e+00	6.630386e+01
5.560000e-06	-3.240585e-07	2.594024e-10	-1.747404e+00	6.039577e+01
5.570000e-06	-3.846784e-07	2.357473e-10	-2.074282e+00	5.442997e+01
5.580000e-06	-4.451810e-07	2.113523e-10	-2.400527e+00	4.841319e+01
5.590000e-06	-5.056748e-07	1.863348e-10	-2.726725e+00	4.235251e+01
5.600000e-06	-5.662121e-07	1.605198e-10	-3.053157e+00	3.625521e+01
5.610000e-06	-6.267126e-07	1.340239e-10	-3.379391e+00	3.012879e+01
5.620000e-06	-6.871880e-07	1.090176e-10	-3.705489e+00	2.398086e+01
5.630000e-06	-7.476279e-07	8.485712e-11	-4.031396e+00	1.781905e+01
5.640000e-06	-8.080460e-07	5.956897e-11	-4.357186e+00	1.165100e+01
5.650000e-06	-8.684334e-07	3.399528e-11	-4.682810e+00	5.484244e+00
5.660000e-06	-9.287543e-07	8.842776e-12	-5.008075e+00	-6.738480e-01
5.670000e-06	-9.890780e-07	-1.604435e-11	-5.333355e+00	-6.816121e+00
5.680000e-06	-1.049414e-06	-4.013156e-11	-5.658700e+00	-1.293570e+01
5.690000e-06	-1.109696e-06	-6.382239e-11	-5.983760e+00	-1.902606e+01
5.700000e-06	-1.169918e-06	-8.861560e-11	-6.308488e+00	-2.508103e+01
5.710000e-06	-1.230132e-06	-1.146903e-10	-6.633179e+00	-3.109491e+01
5.720000e-06	-1.290324e-06	-1.400074e-10	-6.957747e+00	-3.706243e+01
5.730000e-06	-1.350461e-06	-1.642798e-10	-7.282025e+00	-4.297883e+01
5.740000e-06	-1.410506e-06	-1.885589e-10	-7.605802e+00	-4.883987e+01
5.750000e-06	-1.470353e-06	-2.127656e-10	-7.928510e+00	-5.464183e+01
5.760000e-06	-1.530101e-06	-2.363780e-10	-8.250685e+00	-6.038152e+01
5.770000e-06	-1.589806e-06	-2.598124e-10	-8.572632e+00	-6.605630e+01
5.780000e-06	-1.649356e-06	-2.831818e-10	-8.893741e+00	-7.166406e+01
5.790000e-06	-1.708761e-06	-3.067051e-10	-9.214065e+00	-7.720316e+01
5.800000e-06	-1.768123e-06	-3.312505e-10	-9.534163e+00	-8.267251e+01
5.810000e-06	-1.827297e-06	-3.552036e-10	-9.853239e+00	-8.807142e+01
5.820000e-06	-1.886237e-06	-3.772303e-10	-1.017106e+01	-9.339967e+01
5.830000e-06	-1.945105e-06	-3.983229e-10	-1.048849e+01	-9.865742e+01
5.840000e-06	-2.003807e-06	-4.192633e-10	-1.080502e+01	-1.038451e+02
5.850000e-06	-2.062448e-06	-4.406902e-10	-1.112123e+01	-1.089637e+02
5.860000e-06	-2.121029e-06	-4.628799e-10	-1.143712e+01	-1.140141e+02
5.870000e-06	-2.179386e-06	-4.852595e-10	-1.175179e+01	-1.189976e+02
5.880000e-06	-2.237519e-06	-5.071861e-10	-1.206526e+01	-1.239158e+02
5.890000e-06	-2.295413e-06	-5.287002e-10	-1.237744e+01	-1.287701e+02
5.900000e-06	-2.353229e-06	-5.498131e-10	-1.268920e+01	-1.335621e+02
5.910000e-06	-2.410996e-06	-5.699140e-10	-1.300069e+01	-1.382937e+02
5.920000e-06	-2.468466e-06	-5.891698e-10	-1.331058e+01	-1.429663e+02
5.930000e-06	-2.525634e-06	-6.080013e-10	-1.361885e+01	-1.475818e+02
5.940000e-06	-2.582620e-06	-6.271601e-10	-1.392613e+01	-1.521415e+02
5.950000e-06	-2.639353e-06	-6.470686e-10	-1.423205e+01	-1.566469e+02
5.960000e-06	-2.695878e-06	-6.659444e-10	-1.453685e+01	-1.610995e+02
5.970000e-06	-2.752340e-06	-6.835856e-10	-1.484130e+01	-1.655003e+02
5.980000e-06	-2.808751e-06	-7.017450e-10	-1.514549e+01	-1.698503e+02
5.990000e-06	-2.865112e-06	-7.204384e-10	-1.544940e+01	-1.741505e+02
6.000000e-06	-2.921349e-06	-7.387560e-10	-1.575264e+01	-1.784016e+02
6.010000e-06	-2.977429e-06	-7.563632e-10	-1.605504e+01	-1.826040e+02
6.020000e-06	-3.033341e-06	-7.739854e-10	-1.635653e+01	-1.867582e+02
6.030000e-06	-3.088995e-06	-7.915139e-10	-1.665663e+01	-1.908643e+02
6.040000e-06	-3.144276e-06	-8.082749e-10	-1.695472e+01	-1.949224e+02
6.050000e-06	-3.199215e-06	-8.245394e-10	-1.725096e+01	-1.989325e+02
6.060000e-06	-3.253852e-06	-8.398876e-10	-1.754558e+01	-2.028944e+02
6.070000e-06	-3.308065e-06	-8.545956e-10	-1.783791e+01	-2.068078e+02
6.080000e-06	-3.361842e-06	-8.701116e-10	-1.812789e+01	-2.106724e+02
6.090000e-06	-3.415249e-06	-8.860399e-10	-1.841587e+01	-2.144879e+02
6.100000e-06	-3.468298e-06	-9.016043e-10	-1.870193e+01	-2.182537e+02
6.110000e-06	-3.521009e-06	-9.174556e-10	-1.898616e+01	-2.219695e+02
6.120000e-06	-3.573474e-06	-9.332843e-10	-1.926906e+01	-2.256348e+02
6.130000e-06	-3.625719e-06	-9.482607e-10	-1.955078e+01	-2.292491e+02
6.140000e-06	-3.677823e-06	-9.634226e-10	-1.983174e+01	-2.328121e+02
6.150000e-06	-3.729669e-06	-9.791121e-10	-2.011131e+01	-2.363234e+02
6.160000e-06	-3.781055e-06	-9.938064e-10	-2.038839e+01	-2.397828e+02
6.170000e-06	-3.832052e-06	-1.007665e-09	-2.066338e+01	-2.431899e+02
6.180000e-06	-3.882847e-06	-1.021858e-09	-2.093728e+01	-2.465445e+02
6.190000e-06	-3.933511e-06	-1.035569e-09	-2.121047e+01	-2.498467e+02
6.200000e-06	-3.983927e-06	-1.048508e-09	-2.148233e+01	-2.530963e+02
6.210000e-06	-4.034078e-06	-1.061917e-09	-2.175275e+01	-2.562933e+02
6.220000e-06	-4.083959e-06	-1.075823e-09	-2.202172e+01	-2.594379e+02
6.230000e-06	-4.133230e-06	-1.089453e-09	-2.228741e+01	-2.625302e+02
6.240000e-06	-4.181827e-06	-1.102710e-09	-2.254945e+01	-2.655704e+02
6.250000e-06	-4.230106e-06	-1.115767e-09	-2.280979e+01	-2.685588e+02
6.260000e-06	-4.277953e-06	-1.128071e-09	-2.306779e+01	-2.714955e+02
6.270000e-06	-4.325289e-06	-1.139774e-09	-2.332304e+01	-2.743810e+02
6.280000e-06	-4.372338e-06	-1.151226e-09	-2.357674e+01	-2.772155e+02
6.290000e-06	-4.419316e-06	-1.161906e-09	-2.383006e+01	-2.799994e+02
6.300000e-06	-4.466164e-06	-1.172533e-09	-2.408267e+01	-2.827330e+02
6.310000e-06	-4.512687e-06	-1.183949e-09	-2.433354e+01	-2.854167e+02
6.320000e-06	-4.558933e-06	-1.195324e-09	-2.458290e+01	-2.880508e+02
6.330000e-06	-4.604861e-06	-1.205946e-09	-2.483056e+01	-2.906356e+02
6.340000e-06	-4.650429e-06	-1.216390e-09	-2.507627e+01	-2.931715e+02
6.350000e-06	-4.695543e-06	-1.226131e-09	-2.531954e+01	-2.956587e+02
6.360000e-06	-4.740228e-06	-1.234089e-09	-2.556049e+01	-2.980975e+02
6.370000e-06	-4.784678e-06	-1.242042e-09	-2.580018e+01	-3.004882e+02
6.380000e-06	-4.829024e-06	-1.251026e-09	-2.603930e+01	-3.028312e+02
6.390000e-06	-4.873212e-06	-1.260564e-09	-2.627757e+01	-3.051265e+02
6.400000e-06	-4.917243e-06	-1.270509e-09	-2.651500e+01	-3.073747e+02
6.410000e-06	-4.960921e-06	-1.280443e-09	-2.675052e+01	-3.095759e+02
6.420000e-06	-5.004176e-06	-1.289327e-09	-2.698377e+01	-3.117305e+02
6.430000e-06	-5.047144e-06	-1.297399e-09	-2.721546e+01	-3.138389e+02
6.440000e-06	-5.089675e-06	-1.306927e-09	-2.744480e+01	-3.159016e+02
6.450000e-06	-5.131856e-06	-1.317242e-09	-2.767225e+01	-3.179190e+02
6.460000e-06	-5.173814e-06	-1.325499e-09	-2.789850e+01	-3.198917e+02
6.470000e-06	-5.215419e-06	-1.332282e-09	-2.812284e+01	-3.218203e+02
6.480000e-06	-5.256570e-06	-1.338867e-09	-2.834474e+01	-3.237055e+02
6.490000e-06	-5.297391e-06	-1.345685e-09	-2.856486e+01	-3.255483e+02
6.500000e-06	-5.337966e-06	-1.352875e-09	-2.878364e+01	-3.273493e+02
6.510000e-06	-5.378331e-06	-1.359675e-09	-2.900130e+01	-3.291098e+02
6.520000e-06	-5.418390e-06	-1.366047e-09	-2.921731e+01	-3.308307e+02
6.530000e-06	-5.458007e-06	-1.373758e-09	-2.943094e+01	-3.325132e+02
6.540000e-06	-5.497112e-06	-1.383104e-09	-2.964180e+01	-3.341587e+02
6.550000e-06	-5.535647e-06	-1.390537e-09	-2.984959e+01	-3.357685e+02
6.560000e-06	-5.573527e-06	-1.394977e-09	-3.005385e+01	-3.373439e+02
6.570000e-06	-5.610798e-06	-1.399859e-09	-3.025483e+01	-3.388867e+02
6.580000e-06	-5.647610e-06	-1.405882e-09	-3.045332e+01	-3.403982e+02
6.590000e-06	-5.684091e-06	-1.411831e-09	-3.065004e+01	-3.418800e+02
6.600000e-06	-5.720311e-06	-1.417822e-09	-3.084535e+01	-3.433339e+02
6.610000e-06	-5.756186e-06	-1.423217e-09	-3.103879e+01	-3.447613e+02
6.620000e-06	-5.791707e-06	-1.428959e-09	-3.123033e+01	-3.461640e+02
6.630000e-06	-5.826847e-06	-1.435152e-09	-3.141982e+01	-3.475434e+02
6.640000e-06	-5.861587e-06	-1.440050e-09	-3.160714e+01	-3.489011e+02
6.650000e-06	-5.895874e-06	-1.443946e-09	-3.179202e+01	-3.502387e+02
6.660000e-06	-5.929700e-06	-1.448946e-09	-3.197442e+01	-3.515574e+02
6.670000e-06	-5.963095e-06	-1.455391e-09	-3.215449e+01	-3.528585e+02
6.680000e-06	-5.996066e-06	-1.461739e-09	-3.233228e+01	-3.541434e+02
6.690000e-06	-6.028700e-06	-1.466402e-09	-3.250826e+01	-3.554129e+02
6.700000e-06	-6.061064e-06	-1.468707e-09	-3.268277e+01	-3.566680e+02
6.710000e-06	-6.093095e-06	-1.471382e-09	-3.285549e+01	-3.579097e+02
6.720000e-06	-6.124671e-06	-1.475551e-09	-3.302576e+01	-3.591384e+02
6.730000e-06	-6.155834e-06	-1.479580e-09	-3.319379e+01	-3.603547e+02
6.740000e-06	-6.186297e-06	-1.483378e-09	-3.335806e+01	-3.615590e+02
6.750000e-06	-6.215877e-06	-1.487204e-09	-3.351756e+01	-3.627514e+02
6.760000e-06	-6.244883e-06	-1.492024e-09	-3.367397e+01	-3.639321e+02
6.770000e-06	-6.273512e-06	-1.496387e-09	-3.382834e+01	-3.651010e+02
6.780000e-06	-6.301840e-06	-1.498707e-09	-3.398109e+01	-3.662579e+02
6.790000e-06	-6.329838e-06	-1.500898e-09	-3.413206e+01	-3.674024e+02
6.800000e-06	-6.357498e-06	-1.505096e-09	-3.428122e+01	-3.685343e+02
6.810000e-06	-6.384766e-06	-1.510346e-09	-3.442825e+01	-3.696530e+02
6.820000e-06	-6.411531e-06	-1.514861e-09	-3.457257e+01	-3.707579e+02
6.830000e-06	-6.437675e-06	-1.518114e-09	-3.471355e+01	-3.718484e+02
6.840000e-06	-6.463345e-06	-1.520181e-09	-3.485197e+01	-3.729239e+02
6.850000e-06	-6.488556e-06	-1.522395e-09	-3.498792e+01	-3.739836e+02
6.860000e-06	-6.513306e-06	-1.525639e-09	-3.512137e+01	-3.750269e+02
6.870000e-06	-6.537782e-06	-1.529449e-09	-3.525335e+01	-3.760530e+02
6.880000e-06	-6.562007e-06	-1.533538e-09	-3.538398e+01	-3.770613e+02
6.890000e-06	-6.585815e-06	-1.537954e-09	-3.551236e+01	-3.780511e+02
6.900000e-06	-6.608980e-06	-1.542451e-09	-3.563727e+01	-3.790218e+02
6.910000e-06	-6.631647e-06	-1.546979e-09	-3.575949e+01	-3.799729e+02
6.920000e-06	-6.653752e-06	-1.550137e-09	-3.587869e+01	-3.809038e+02
6.930000e-06	-6.675107e-06	-1.551389e-09	-3.599384e+01	-3.818141e+02
6.940000e-06	-6.695913e-06	-1.552734e-09	-3.610603e+01	-3.827035e+02
6.950000e-06	-6.716347e-06	-1.554964e-09	-3.621622e+01	-3.835715e+02
6.960000e-06	-6.736463e-06	-1.557533e-09	-3.632469e+01	-3.844181e+02
6.970000e-06	-6.756193e-06	-1.561027e-09	-3.643108e+01	-3.852430e+02
6.980000e-06	-6.775406e-06	-1.564361e-09	-3.653468e+01	-3.860462e+02
6.990000e-06	-6.794180e-06	-1.566507e-09	-3.663592e+01	-3.868276e+02
7.000000e-06	-6.812526e-06	-1.569380e-09	-3.673484e+01	-3.875871e+02
7.010000e-06	-6.830333e-06	-1.572977e-09	-3.683086e+01	-3.883250e+02
7.020000e-06	-6.847675e-06	-1.575774e-09	-3.692437e+01	-3.890412e+02
7.030000e-06	-6.864556e-06	-1.577314e-09	-3.701540e+01	-3.897358e+02
7.040000e-06	-6.880984e-06	-1.578476e-09	-3.710398e+01	-3.904091e+02
7.050000e-06	-6.897155e-06	-1.580175e-09	-3.719118e+01	-3.910612e+02
7.060000e-06	-6.912877e-06	-1.582519e-09	-3.727596e+01	-3.916922e+02
7.070000e-06	-6.927844e-06	-1.583917e-09	-3.735666e+01	-3.923023e+02
7.080000e-06	-6.942076e-06	-1.583896e-09	-3.743341e+01	-3.928916e+02
7.090000e-06	-6.955538e-06	-1.584931e-09	-3.750599e+01	-3.934602e+02
7.100000e-06	-6.968456e-06	-1.588159e-09	-3.757565e+01	-3.940082e+02
7.110000e-06	-6.980923e-06	-1.591887e-09	-3.764288e+01	-3.945358e+02
7.120000e-06	-6.992871e-06	-1.593856e-09	-3.770730e+01	-3.950429e+02
7.130000e-06	-7.004287e-06	-1.593437e-09	-3.776887e+01	-3.955296e+02
7.140000e-06	-7.015051e-06	-1.593342e-09	-3.782691e+01	-3.959958e+02
7.150000e-06	-7.025298e-06	-1.595149e-09	-3.788216e+01	-3.964416e+02
7.160000e-06	-7.035040e-06	-1.596687e-09	-3.793469e+01	-3.968668e+02
7.170000e-06	-7.044237e-06	-1.596633e-09	-3.798428e+01	-3.972715e+02
7.180000e-06	-7.053027e-06	-1.595311e-09	-3.803168e+01	-3.976554e+02
7.190000e-06	-7.061587e-06	-1.595444e-09	-3.807784e+01	-3.980187e+02
7.200000e-06	-7.069803e-06	-1.598184e-09	-3.812214e+01	-3.983611e+02
7.210000e-06	-7.077378e-06	-1.601108e-09	-3.816299e+01	-3.986827e+02
7.220000e-06	-7.084390e-06	-1.602192e-09	-3.820080e+01	-3.989834e+02
7.230000e-06	-7.090762e-06	-1.601390e-09	-3.823516e+01	-3.992632e+02
7.240000e-06	-7.096269e-06	-1.600294e-09	-3.826485e+01	-3.995221e+02
7.250000e-06	-7.101183e-06	-1.600614e-09	-3.829135e+01	-3.997603e+02
7.260000e-06	-7.105824e-06	-1.601405e-09	-3.831638e+01	-3.999779e+02
7.270000e-06	-7.110095e-06	-1.600214e-09	-3.833941e+01	-4.001751e+02
7.280000e-06	-7.113928e-06	-1.599041e-09	-3.836008e+01	-4.003521e+02
7.290000e-06	-7.117253e-06	-1.600359e-09	-3.837801e+01	-4.005093e+02
7.300000e-06	-7.120052e-06	-1.602027e-09	-3.839310e+01	-4.006471e+02
7.310000e-06	-7.122482e-06	-1.601191e-09	-3.840620e+01	-4.007659e+02
7.320000e-06	-7.124393e-06	-1.598126e-09	-3.841650e+01	-4.008662e+02
7.330000e-06	-7.125623e-06	-1.595226e-09	-3.842314e+01	-4.009487e+02
7.340000e-06	-7.126388e-06	-1.594928e-09	-3.842727e+01	-4.010140e+02
