# Temperatura_=_18.6
# Concentracion g/m^3_=_7400.0
# C_Vs_to_Am_M_A/Vsm_=_254322799225.57578
# pendiente_HvsI_1/m_=_3716.3
# ordenada_HvsI_A/m_=_1297.0
# frecuencia_Hz_=_136117.84067132117

Tiempo_(s)	Campo_(V.s)	Magnetizacion_(V.s)	Campo_(kA/m)	Magnetizacion_(A/m)
0.000000e+00	-7.141241e-06	-1.648881e-09	-3.843334e+01	-4.141432e+02
1.000000e-08	-7.141499e-06	-1.647441e-09	-3.843473e+01	-4.140915e+02
2.000000e-08	-7.141287e-06	-1.646146e-09	-3.843359e+01	-4.140217e+02
3.000000e-08	-7.140560e-06	-1.645536e-09	-3.842968e+01	-4.139351e+02
4.000000e-08	-7.138932e-06	-1.645168e-09	-3.842092e+01	-4.138331e+02
5.000000e-08	-7.136556e-06	-1.643803e-09	-3.840813e+01	-4.137171e+02
6.000000e-08	-7.133764e-06	-1.642393e-09	-3.839310e+01	-4.135884e+02
7.000000e-08	-7.130482e-06	-1.643604e-09	-3.837544e+01	-4.134485e+02
8.000000e-08	-7.126678e-06	-1.642594e-09	-3.835497e+01	-4.132987e+02
9.000000e-08	-7.122228e-06	-1.634404e-09	-3.833102e+01	-4.131403e+02
1.000000e-07	-7.117089e-06	-1.625099e-09	-3.830336e+01	-4.129746e+02
1.100000e-07	-7.111405e-06	-1.626499e-09	-3.827277e+01	-4.128028e+02
1.200000e-07	-7.105419e-06	-1.623735e-09	-3.824055e+01	-4.126259e+02
1.300000e-07	-7.099052e-06	-1.632756e-09	-3.820629e+01	-4.124450e+02
1.400000e-07	-7.092198e-06	-1.642545e-09	-3.816940e+01	-4.122609e+02
1.500000e-07	-7.084796e-06	-1.627073e-09	-3.812956e+01	-4.120742e+02
1.600000e-07	-7.077008e-06	-1.609481e-09	-3.808765e+01	-4.118856e+02
1.700000e-07	-7.069011e-06	-1.617836e-09	-3.804461e+01	-4.116953e+02
1.800000e-07	-7.060428e-06	-1.636980e-09	-3.799842e+01	-4.115037e+02
1.900000e-07	-7.050916e-06	-1.609879e-09	-3.794723e+01	-4.113109e+02
2.000000e-07	-7.040738e-06	-1.585487e-09	-3.789245e+01	-4.111167e+02
2.100000e-07	-7.030053e-06	-1.619395e-09	-3.783494e+01	-4.109209e+02
2.200000e-07	-7.018757e-06	-1.643972e-09	-3.777415e+01	-4.107231e+02
2.300000e-07	-7.006893e-06	-1.597861e-09	-3.771030e+01	-4.105228e+02
2.400000e-07	-6.994567e-06	-1.571882e-09	-3.764396e+01	-4.103192e+02
2.500000e-07	-6.981784e-06	-1.613098e-09	-3.757516e+01	-4.101117e+02
2.600000e-07	-6.968479e-06	-1.624691e-09	-3.750356e+01	-4.098993e+02
2.700000e-07	-6.954549e-06	-1.580645e-09	-3.742859e+01	-4.096811e+02
2.800000e-07	-6.939614e-06	-1.582296e-09	-3.734821e+01	-4.094559e+02
2.900000e-07	-6.923787e-06	-1.622660e-09	-3.726303e+01	-4.092227e+02
3.000000e-07	-6.907449e-06	-1.600927e-09	-3.717510e+01	-4.089802e+02
3.100000e-07	-6.890846e-06	-1.567074e-09	-3.708574e+01	-4.087274e+02
3.200000e-07	-6.873973e-06	-1.594949e-09	-3.699494e+01	-4.084629e+02
3.300000e-07	-6.856694e-06	-1.608028e-09	-3.690194e+01	-4.081857e+02
3.400000e-07	-6.839011e-06	-1.570968e-09	-3.680678e+01	-4.078945e+02
3.500000e-07	-6.820755e-06	-1.580119e-09	-3.670853e+01	-4.075881e+02
3.600000e-07	-6.801896e-06	-1.612898e-09	-3.660703e+01	-4.072656e+02
3.700000e-07	-6.782600e-06	-1.575996e-09	-3.650318e+01	-4.069258e+02
3.800000e-07	-6.763015e-06	-1.545502e-09	-3.639778e+01	-4.065677e+02
3.900000e-07	-6.743168e-06	-1.586103e-09	-3.629096e+01	-4.061906e+02
4.000000e-07	-6.722751e-06	-1.589253e-09	-3.618108e+01	-4.057935e+02
4.100000e-07	-6.701666e-06	-1.544672e-09	-3.606760e+01	-4.053757e+02
4.200000e-07	-6.680145e-06	-1.559597e-09	-3.595178e+01	-4.049367e+02
4.300000e-07	-6.658220e-06	-1.588465e-09	-3.583378e+01	-4.044758e+02
4.400000e-07	-6.635832e-06	-1.552780e-09	-3.571329e+01	-4.039926e+02
4.500000e-07	-6.612960e-06	-1.538351e-09	-3.559020e+01	-4.034867e+02
4.600000e-07	-6.589628e-06	-1.565927e-09	-3.546462e+01	-4.029580e+02
4.700000e-07	-6.565974e-06	-1.551285e-09	-3.533732e+01	-4.024062e+02
4.800000e-07	-6.541839e-06	-1.531799e-09	-3.520743e+01	-4.018313e+02
4.900000e-07	-6.516981e-06	-1.556231e-09	-3.507365e+01	-4.012332e+02
5.000000e-07	-6.491538e-06	-1.551427e-09	-3.493671e+01	-4.006120e+02
5.100000e-07	-6.465450e-06	-1.521446e-09	-3.479632e+01	-3.999679e+02
5.200000e-07	-6.438830e-06	-1.533995e-09	-3.465305e+01	-3.993011e+02
5.300000e-07	-6.411806e-06	-1.544683e-09	-3.450761e+01	-3.986119e+02
5.400000e-07	-6.384335e-06	-1.521874e-09	-3.435976e+01	-3.979007e+02
5.500000e-07	-6.356585e-06	-1.521722e-09	-3.421041e+01	-3.971677e+02
5.600000e-07	-6.328435e-06	-1.532723e-09	-3.405891e+01	-3.964135e+02
5.700000e-07	-6.299801e-06	-1.517120e-09	-3.390481e+01	-3.956386e+02
5.800000e-07	-6.270797e-06	-1.511651e-09	-3.374871e+01	-3.948434e+02
5.900000e-07	-6.241387e-06	-1.518979e-09	-3.359043e+01	-3.940285e+02
6.000000e-07	-6.211543e-06	-1.507050e-09	-3.342981e+01	-3.931944e+02
6.100000e-07	-6.181273e-06	-1.500024e-09	-3.326691e+01	-3.923417e+02
6.200000e-07	-6.150432e-06	-1.507785e-09	-3.310092e+01	-3.914710e+02
6.300000e-07	-6.118938e-06	-1.501195e-09	-3.293142e+01	-3.905829e+02
6.400000e-07	-6.087220e-06	-1.492182e-09	-3.276072e+01	-3.896779e+02
6.500000e-07	-6.055526e-06	-1.492543e-09	-3.259015e+01	-3.887566e+02
6.600000e-07	-6.023456e-06	-1.485009e-09	-3.241755e+01	-3.878196e+02
6.700000e-07	-5.990777e-06	-1.477318e-09	-3.224168e+01	-3.868674e+02
6.800000e-07	-5.957480e-06	-1.478841e-09	-3.206248e+01	-3.859005e+02
6.900000e-07	-5.923428e-06	-1.472779e-09	-3.187921e+01	-3.849194e+02
7.000000e-07	-5.888711e-06	-1.463743e-09	-3.169237e+01	-3.839244e+02
7.100000e-07	-5.853580e-06	-1.461387e-09	-3.150330e+01	-3.829160e+02
7.200000e-07	-5.818115e-06	-1.456205e-09	-3.131243e+01	-3.818944e+02
7.300000e-07	-5.782402e-06	-1.448541e-09	-3.112022e+01	-3.808600e+02
7.400000e-07	-5.746449e-06	-1.446378e-09	-3.092673e+01	-3.798130e+02
7.500000e-07	-5.710127e-06	-1.441843e-09	-3.073125e+01	-3.787533e+02
7.600000e-07	-5.673260e-06	-1.435417e-09	-3.053283e+01	-3.776812e+02
7.700000e-07	-5.635856e-06	-1.433418e-09	-3.033153e+01	-3.765966e+02
7.800000e-07	-5.598153e-06	-1.428785e-09	-3.012862e+01	-3.754993e+02
7.900000e-07	-5.560159e-06	-1.419557e-09	-2.992414e+01	-3.743893e+02
8.000000e-07	-5.521697e-06	-1.413494e-09	-2.971714e+01	-3.732661e+02
8.100000e-07	-5.482633e-06	-1.408970e-09	-2.950690e+01	-3.721295e+02
8.200000e-07	-5.443126e-06	-1.403363e-09	-2.929428e+01	-3.709791e+02
8.300000e-07	-5.403518e-06	-1.398999e-09	-2.908112e+01	-3.698142e+02
8.400000e-07	-5.363752e-06	-1.393500e-09	-2.886710e+01	-3.686345e+02
8.500000e-07	-5.323631e-06	-1.386456e-09	-2.865118e+01	-3.674391e+02
8.600000e-07	-5.283033e-06	-1.380715e-09	-2.843268e+01	-3.662274e+02
8.700000e-07	-5.241960e-06	-1.376022e-09	-2.821163e+01	-3.649986e+02
8.800000e-07	-5.200429e-06	-1.370152e-09	-2.798811e+01	-3.637520e+02
8.900000e-07	-5.158299e-06	-1.364497e-09	-2.776138e+01	-3.624867e+02
9.000000e-07	-5.115626e-06	-1.358733e-09	-2.753172e+01	-3.612019e+02
9.100000e-07	-5.072483e-06	-1.353314e-09	-2.729952e+01	-3.598967e+02
9.200000e-07	-5.028965e-06	-1.347606e-09	-2.706532e+01	-3.585701e+02
9.300000e-07	-4.985238e-06	-1.340672e-09	-2.682998e+01	-3.572215e+02
9.400000e-07	-4.941221e-06	-1.333499e-09	-2.659309e+01	-3.558500e+02
9.500000e-07	-4.896957e-06	-1.327212e-09	-2.635486e+01	-3.544546e+02
9.600000e-07	-4.852355e-06	-1.321019e-09	-2.611482e+01	-3.530348e+02
9.700000e-07	-4.807386e-06	-1.315306e-09	-2.587280e+01	-3.515898e+02
9.800000e-07	-4.762158e-06	-1.309490e-09	-2.562939e+01	-3.501190e+02
9.900000e-07	-4.716620e-06	-1.302709e-09	-2.538431e+01	-3.486218e+02
1.000000e-06	-4.670749e-06	-1.295935e-09	-2.513744e+01	-3.470977e+02
1.010000e-06	-4.624557e-06	-1.290337e-09	-2.488884e+01	-3.455463e+02
1.020000e-06	-4.578092e-06	-1.284448e-09	-2.463877e+01	-3.439672e+02
1.030000e-06	-4.531288e-06	-1.277929e-09	-2.438687e+01	-3.423601e+02
1.040000e-06	-4.484147e-06	-1.271229e-09	-2.413317e+01	-3.407249e+02
1.050000e-06	-4.436666e-06	-1.264412e-09	-2.387763e+01	-3.390614e+02
1.060000e-06	-4.388899e-06	-1.257004e-09	-2.362055e+01	-3.373696e+02
1.070000e-06	-4.340929e-06	-1.249695e-09	-2.336238e+01	-3.356494e+02
1.080000e-06	-4.292630e-06	-1.243314e-09	-2.310244e+01	-3.339009e+02
1.090000e-06	-4.243911e-06	-1.236359e-09	-2.284024e+01	-3.321240e+02
1.100000e-06	-4.194630e-06	-1.229836e-09	-2.257502e+01	-3.303190e+02
1.110000e-06	-4.144872e-06	-1.223563e-09	-2.230723e+01	-3.284858e+02
1.120000e-06	-4.094725e-06	-1.215527e-09	-2.203734e+01	-3.266246e+02
1.130000e-06	-4.044016e-06	-1.206377e-09	-2.176443e+01	-3.247355e+02
1.140000e-06	-3.992865e-06	-1.198026e-09	-2.148914e+01	-3.228184e+02
1.150000e-06	-3.941491e-06	-1.190900e-09	-2.121265e+01	-3.208735e+02
1.160000e-06	-3.889953e-06	-1.184883e-09	-2.093528e+01	-3.189005e+02
1.170000e-06	-3.838201e-06	-1.178299e-09	-2.065676e+01	-3.168996e+02
1.180000e-06	-3.786201e-06	-1.170617e-09	-2.037690e+01	-3.148704e+02
1.190000e-06	-3.733797e-06	-1.162146e-09	-2.009487e+01	-3.128128e+02
1.200000e-06	-3.681010e-06	-1.153863e-09	-1.981077e+01	-3.107264e+02
1.210000e-06	-3.627951e-06	-1.146038e-09	-1.952522e+01	-3.086109e+02
1.220000e-06	-3.574611e-06	-1.138053e-09	-1.923815e+01	-3.064658e+02
1.230000e-06	-3.520984e-06	-1.129630e-09	-1.894953e+01	-3.042905e+02
1.240000e-06	-3.467102e-06	-1.121529e-09	-1.865955e+01	-3.020844e+02
1.250000e-06	-3.413136e-06	-1.113492e-09	-1.836911e+01	-2.998470e+02
1.260000e-06	-3.359084e-06	-1.104629e-09	-1.807821e+01	-2.975775e+02
1.270000e-06	-3.304756e-06	-1.095422e-09	-1.778582e+01	-2.952752e+02
1.280000e-06	-3.250000e-06	-1.086412e-09	-1.749113e+01	-2.929394e+02
1.290000e-06	-3.194856e-06	-1.077736e-09	-1.719435e+01	-2.905692e+02
1.300000e-06	-3.139557e-06	-1.069564e-09	-1.689674e+01	-2.881640e+02
1.310000e-06	-3.084170e-06	-1.060688e-09	-1.659865e+01	-2.857230e+02
1.320000e-06	-3.028651e-06	-1.050549e-09	-1.629985e+01	-2.832456e+02
1.330000e-06	-2.973014e-06	-1.039315e-09	-1.600042e+01	-2.807312e+02
1.340000e-06	-2.917311e-06	-1.028555e-09	-1.570064e+01	-2.781792e+02
1.350000e-06	-2.861529e-06	-1.019323e-09	-1.540042e+01	-2.755891e+02
1.360000e-06	-2.805674e-06	-1.010013e-09	-1.509982e+01	-2.729605e+02
1.370000e-06	-2.749691e-06	-1.000728e-09	-1.479853e+01	-2.702933e+02
1.380000e-06	-2.693377e-06	-9.916331e-10	-1.449545e+01	-2.675871e+02
1.390000e-06	-2.636736e-06	-9.822554e-10	-1.419061e+01	-2.648420e+02
1.400000e-06	-2.579780e-06	-9.717978e-10	-1.388408e+01	-2.620579e+02
1.410000e-06	-2.522539e-06	-9.603274e-10	-1.357601e+01	-2.592349e+02
1.420000e-06	-2.465089e-06	-9.482619e-10	-1.326683e+01	-2.563732e+02
1.430000e-06	-2.407273e-06	-9.361818e-10	-1.295567e+01	-2.534730e+02
1.440000e-06	-2.349188e-06	-9.251853e-10	-1.264306e+01	-2.505346e+02
1.450000e-06	-2.290958e-06	-9.149133e-10	-1.232967e+01	-2.475582e+02
1.460000e-06	-2.232400e-06	-9.043624e-10	-1.201452e+01	-2.445442e+02
1.470000e-06	-2.173524e-06	-8.929086e-10	-1.169766e+01	-2.414927e+02
1.480000e-06	-2.114386e-06	-8.811578e-10	-1.137938e+01	-2.384039e+02
1.490000e-06	-2.055067e-06	-8.693552e-10	-1.106014e+01	-2.352778e+02
1.500000e-06	-1.995685e-06	-8.561325e-10	-1.074055e+01	-2.321144e+02
1.510000e-06	-1.936222e-06	-8.430362e-10	-1.042053e+01	-2.289134e+02
1.520000e-06	-1.876696e-06	-8.310094e-10	-1.010016e+01	-2.256744e+02
1.530000e-06	-1.817077e-06	-8.185438e-10	-9.779301e+00	-2.223966e+02
1.540000e-06	-1.757403e-06	-8.048139e-10	-9.458142e+00	-2.190792e+02
1.550000e-06	-1.697717e-06	-7.908846e-10	-9.136920e+00	-2.157209e+02
1.560000e-06	-1.637992e-06	-7.777268e-10	-8.815486e+00	-2.123202e+02
1.570000e-06	-1.578217e-06	-7.644483e-10	-8.493785e+00	-2.088752e+02
1.580000e-06	-1.518392e-06	-7.508812e-10	-8.171812e+00	-2.053838e+02
1.590000e-06	-1.458539e-06	-7.371401e-10	-7.849691e+00	-2.018435e+02
1.600000e-06	-1.398541e-06	-7.236616e-10	-7.526790e+00	-1.982515e+02
1.610000e-06	-1.338511e-06	-7.107109e-10	-7.203713e+00	-1.946047e+02
1.620000e-06	-1.278495e-06	-6.974377e-10	-6.880715e+00	-1.908996e+02
1.630000e-06	-1.218271e-06	-6.830774e-10	-6.556594e+00	-1.871326e+02
1.640000e-06	-1.157799e-06	-6.676431e-10	-6.231142e+00	-1.832998e+02
1.650000e-06	-1.097285e-06	-6.523590e-10	-5.905465e+00	-1.793970e+02
1.660000e-06	-1.036695e-06	-6.381507e-10	-5.579376e+00	-1.754201e+02
1.670000e-06	-9.759487e-07	-6.239626e-10	-5.252444e+00	-1.713647e+02
1.680000e-06	-9.152458e-07	-6.091210e-10	-4.925748e+00	-1.672264e+02
1.690000e-06	-8.545456e-07	-5.932875e-10	-4.599067e+00	-1.630010e+02
1.700000e-06	-7.938163e-07	-5.764773e-10	-4.272228e+00	-1.586842e+02
1.710000e-06	-7.329395e-07	-5.602377e-10	-3.944597e+00	-1.542720e+02
1.720000e-06	-6.719242e-07	-5.452141e-10	-3.616219e+00	-1.497605e+02
1.730000e-06	-6.108895e-07	-5.296025e-10	-3.287738e+00	-1.451465e+02
1.740000e-06	-5.497151e-07	-5.131710e-10	-2.958504e+00	-1.404267e+02
1.750000e-06	-4.885322e-07	-4.961823e-10	-2.629225e+00	-1.355985e+02
1.760000e-06	-4.274381e-07	-4.784860e-10	-2.300423e+00	-1.306600e+02
1.770000e-06	-3.662756e-07	-4.597784e-10	-1.971254e+00	-1.256095e+02
1.780000e-06	-3.049447e-07	-4.397827e-10	-1.641178e+00	-1.204463e+02
1.790000e-06	-2.435382e-07	-4.196706e-10	-1.310695e+00	-1.151702e+02
1.800000e-06	-1.821726e-07	-4.007145e-10	-9.804321e-01	-1.097817e+02
1.810000e-06	-1.208685e-07	-3.822394e-10	-6.505003e-01	-1.042823e+02
1.820000e-06	-5.968572e-08	-3.634215e-10	-3.212217e-01	-9.867401e+01
1.830000e-06	1.429335e-09	-3.437289e-10	7.692517e-03	-9.295978e+01
1.840000e-06	6.264026e-08	-3.221098e-10	3.371227e-01	-8.714332e+01
1.850000e-06	1.240114e-07	-2.996587e-10	6.674152e-01	-8.122912e+01
1.860000e-06	1.854136e-07	-2.770107e-10	9.978747e-01	-7.522242e+01
1.870000e-06	2.466325e-07	-2.532565e-10	1.327348e+00	-6.912920e+01
1.880000e-06	3.077413e-07	-2.286384e-10	1.656229e+00	-6.295610e+01
1.890000e-06	3.688355e-07	-2.055762e-10	1.985031e+00	-5.671039e+01
1.900000e-06	4.299328e-07	-1.831993e-10	2.313849e+00	-5.039992e+01
1.910000e-06	4.910685e-07	-1.594706e-10	2.642875e+00	-4.403301e+01
1.920000e-06	5.522333e-07	-1.348606e-10	2.972057e+00	-3.761839e+01
1.930000e-06	6.134477e-07	-1.090756e-10	3.301505e+00	-3.116513e+01
1.940000e-06	6.745405e-07	-8.329232e-11	3.630300e+00	-2.468253e+01
1.950000e-06	7.354759e-07	-5.887403e-11	3.958247e+00	-1.818004e+01
1.960000e-06	7.963760e-07	-3.519856e-11	4.286005e+00	-1.166715e+01
1.970000e-06	8.571677e-07	-1.151483e-11	4.613178e+00	-5.153307e+00
1.980000e-06	9.179267e-07	1.317162e-11	4.940177e+00	1.352163e+00
1.990000e-06	9.786735e-07	3.861964e-11	5.267109e+00	7.840177e+00
2.000000e-06	1.039296e-06	6.268089e-11	5.593370e+00	1.430196e+01
2.010000e-06	1.099939e-06	8.617999e-11	5.919748e+00	2.072914e+01
2.020000e-06	1.160584e-06	1.103696e-10	6.246130e+00	2.711379e+01
2.030000e-06	1.221086e-06	1.338403e-10	6.571745e+00	3.344855e+01
2.040000e-06	1.281377e-06	1.567990e-10	6.896224e+00	3.972664e+01
2.050000e-06	1.341536e-06	1.801717e-10	7.219992e+00	4.594190e+01
2.060000e-06	1.401665e-06	2.044376e-10	7.543599e+00	5.208889e+01
2.070000e-06	1.461650e-06	2.281754e-10	7.866434e+00	5.816283e+01
2.080000e-06	1.521518e-06	2.502329e-10	8.188636e+00	6.415971e+01
2.090000e-06	1.581300e-06	2.718840e-10	8.510375e+00	7.007620e+01
2.100000e-06	1.640989e-06	2.934607e-10	8.831617e+00	7.590974e+01
2.110000e-06	1.700635e-06	3.138324e-10	9.152626e+00	8.165844e+01
2.120000e-06	1.760273e-06	3.342147e-10	9.473587e+00	8.732113e+01
2.130000e-06	1.819920e-06	3.563415e-10	9.794601e+00	9.289726e+01
2.140000e-06	1.879511e-06	3.788254e-10	1.011531e+01	9.838691e+01
2.150000e-06	1.938975e-06	4.006921e-10	1.043534e+01	1.037907e+02
2.160000e-06	1.998326e-06	4.216788e-10	1.075476e+01	1.091098e+02
2.170000e-06	2.057620e-06	4.410844e-10	1.107388e+01	1.143459e+02
2.180000e-06	2.116766e-06	4.595406e-10	1.139220e+01	1.195008e+02
2.190000e-06	2.175710e-06	4.778964e-10	1.170942e+01	1.245768e+02
2.200000e-06	2.234463e-06	4.953921e-10	1.202563e+01	1.295766e+02
2.210000e-06	2.293072e-06	5.129898e-10	1.234105e+01	1.345029e+02
2.220000e-06	2.351433e-06	5.318814e-10	1.265514e+01	1.393585e+02
2.230000e-06	2.409457e-06	5.499789e-10	1.296742e+01	1.441464e+02
2.240000e-06	2.467016e-06	5.671417e-10	1.327720e+01	1.488696e+02
2.250000e-06	2.524078e-06	5.847784e-10	1.358430e+01	1.535308e+02
2.260000e-06	2.580903e-06	6.021282e-10	1.389013e+01	1.581328e+02
2.270000e-06	2.637513e-06	6.192106e-10	1.419479e+01	1.626784e+02
2.280000e-06	2.693911e-06	6.365411e-10	1.449832e+01	1.671699e+02
2.290000e-06	2.750079e-06	6.533591e-10	1.480061e+01	1.716097e+02
2.300000e-06	2.806044e-06	6.687697e-10	1.510181e+01	1.759997e+02
2.310000e-06	2.861852e-06	6.838027e-10	1.540216e+01	1.803416e+02
2.320000e-06	2.917479e-06	6.987089e-10	1.570154e+01	1.846371e+02
2.330000e-06	2.973006e-06	7.131691e-10	1.600038e+01	1.888872e+02
2.340000e-06	3.028435e-06	7.282220e-10	1.629869e+01	1.930931e+02
2.350000e-06	3.083668e-06	7.435776e-10	1.659595e+01	1.972554e+02
2.360000e-06	3.138713e-06	7.587690e-10	1.689219e+01	2.013745e+02
2.370000e-06	3.193630e-06	7.737654e-10	1.718775e+01	2.054507e+02
2.380000e-06	3.248288e-06	7.882194e-10	1.748191e+01	2.094842e+02
2.390000e-06	3.302616e-06	8.023424e-10	1.777430e+01	2.134746e+02
2.400000e-06	3.356742e-06	8.161184e-10	1.806560e+01	2.174218e+02
2.410000e-06	3.410714e-06	8.289637e-10	1.835607e+01	2.213253e+02
2.420000e-06	3.464476e-06	8.418199e-10	1.864541e+01	2.251847e+02
2.430000e-06	3.517943e-06	8.558651e-10	1.893317e+01	2.289992e+02
2.440000e-06	3.571150e-06	8.700472e-10	1.921952e+01	2.327683e+02
2.450000e-06	3.624169e-06	8.837740e-10	1.950486e+01	2.364913e+02
2.460000e-06	3.676917e-06	8.971734e-10	1.978875e+01	2.401676e+02
2.470000e-06	3.729438e-06	9.095709e-10	2.007141e+01	2.437964e+02
2.480000e-06	3.781646e-06	9.215168e-10	2.035239e+01	2.473771e+02
2.490000e-06	3.833470e-06	9.335650e-10	2.063130e+01	2.509093e+02
2.500000e-06	3.885031e-06	9.456706e-10	2.090879e+01	2.543923e+02
2.510000e-06	3.936317e-06	9.577689e-10	2.118481e+01	2.578257e+02
2.520000e-06	3.987329e-06	9.700158e-10	2.145935e+01	2.612091e+02
2.530000e-06	4.037967e-06	9.822111e-10	2.173188e+01	2.645421e+02
2.540000e-06	4.088082e-06	9.941378e-10	2.200159e+01	2.678246e+02
2.550000e-06	4.137843e-06	1.005659e-09	2.226940e+01	2.710562e+02
2.560000e-06	4.187252e-06	1.016445e-09	2.253531e+01	2.742369e+02
2.570000e-06	4.236177e-06	1.027153e-09	2.279862e+01	2.773665e+02
2.580000e-06	4.284640e-06	1.038310e-09	2.305944e+01	2.804450e+02
2.590000e-06	4.332744e-06	1.049766e-09	2.331834e+01	2.834722e+02
2.600000e-06	4.380589e-06	1.060980e-09	2.357583e+01	2.864481e+02
2.610000e-06	4.428100e-06	1.071519e-09	2.383153e+01	2.893728e+02
2.620000e-06	4.475332e-06	1.082164e-09	2.408572e+01	2.922461e+02
2.630000e-06	4.522341e-06	1.092920e-09	2.433872e+01	2.950680e+02
2.640000e-06	4.569095e-06	1.103165e-09	2.459035e+01	2.978385e+02
2.650000e-06	4.615457e-06	1.113388e-09	2.483986e+01	3.005574e+02
2.660000e-06	4.661420e-06	1.122966e-09	2.508723e+01	3.032246e+02
2.670000e-06	4.707112e-06	1.131163e-09	2.533314e+01	3.058401e+02
2.680000e-06	4.752478e-06	1.139708e-09	2.557729e+01	3.084037e+02
2.690000e-06	4.797558e-06	1.149128e-09	2.581991e+01	3.109152e+02
2.700000e-06	4.842350e-06	1.157812e-09	2.606098e+01	3.133745e+02
2.710000e-06	4.886798e-06	1.166246e-09	2.630019e+01	3.157815e+02
2.720000e-06	4.930925e-06	1.175351e-09	2.653767e+01	3.181361e+02
2.730000e-06	4.974727e-06	1.184011e-09	2.677341e+01	3.204383e+02
2.740000e-06	5.018299e-06	1.191557e-09	2.700791e+01	3.226880e+02
2.750000e-06	5.061639e-06	1.199293e-09	2.724116e+01	3.248853e+02
2.760000e-06	5.104663e-06	1.207435e-09	2.747271e+01	3.270304e+02
2.770000e-06	5.147180e-06	1.215567e-09	2.770153e+01	3.291236e+02
2.780000e-06	5.189157e-06	1.223382e-09	2.792745e+01	3.311652e+02
2.790000e-06	5.230690e-06	1.230857e-09	2.815098e+01	3.331559e+02
2.800000e-06	5.271574e-06	1.238525e-09	2.837101e+01	3.350963e+02
2.810000e-06	5.311875e-06	1.246417e-09	2.858791e+01	3.369872e+02
2.820000e-06	5.351877e-06	1.254717e-09	2.880319e+01	3.388296e+02
2.830000e-06	5.391614e-06	1.263176e-09	2.901705e+01	3.406248e+02
2.840000e-06	5.431112e-06	1.270512e-09	2.922963e+01	3.423741e+02
2.850000e-06	5.470397e-06	1.276963e-09	2.944105e+01	3.440789e+02
2.860000e-06	5.509343e-06	1.284534e-09	2.965065e+01	3.457410e+02
2.870000e-06	5.547801e-06	1.292071e-09	2.985763e+01	3.473622e+02
2.880000e-06	5.585826e-06	1.298204e-09	3.006228e+01	3.489445e+02
2.890000e-06	5.623517e-06	1.304415e-09	3.026513e+01	3.504899e+02
2.900000e-06	5.660814e-06	1.311203e-09	3.046586e+01	3.520007e+02
2.910000e-06	5.697608e-06	1.318738e-09	3.066387e+01	3.534791e+02
2.920000e-06	5.733947e-06	1.326358e-09	3.085945e+01	3.549275e+02
2.930000e-06	5.770018e-06	1.332864e-09	3.105358e+01	3.563481e+02
2.940000e-06	5.805801e-06	1.338407e-09	3.124616e+01	3.577435e+02
2.950000e-06	5.841292e-06	1.343472e-09	3.143716e+01	3.591158e+02
2.960000e-06	5.876485e-06	1.348741e-09	3.162657e+01	3.604674e+02
2.970000e-06	5.911189e-06	1.354128e-09	3.181334e+01	3.618004e+02
2.980000e-06	5.945340e-06	1.360300e-09	3.199714e+01	3.631170e+02
2.990000e-06	5.978882e-06	1.367354e-09	3.217766e+01	3.644191e+02
3.000000e-06	6.011761e-06	1.373536e-09	3.235461e+01	3.657084e+02
3.010000e-06	6.044060e-06	1.378918e-09	3.252844e+01	3.669866e+02
3.020000e-06	6.075897e-06	1.383743e-09	3.269978e+01	3.682550e+02
3.030000e-06	6.107442e-06	1.388216e-09	3.286955e+01	3.695148e+02
3.040000e-06	6.138698e-06	1.393536e-09	3.303777e+01	3.707670e+02
3.050000e-06	6.169521e-06	1.399346e-09	3.320366e+01	3.720124e+02
3.060000e-06	6.199920e-06	1.404850e-09	3.336726e+01	3.732513e+02
3.070000e-06	6.229878e-06	1.410067e-09	3.352849e+01	3.744841e+02
3.080000e-06	6.259439e-06	1.414805e-09	3.368758e+01	3.757108e+02
3.090000e-06	6.288653e-06	1.418269e-09	3.384481e+01	3.769311e+02
3.100000e-06	6.317364e-06	1.420961e-09	3.399933e+01	3.781448e+02
3.110000e-06	6.345692e-06	1.423929e-09	3.415179e+01	3.793511e+02
3.120000e-06	6.373771e-06	1.428121e-09	3.430291e+01	3.805494e+02
3.130000e-06	6.401463e-06	1.434083e-09	3.445194e+01	3.817388e+02
3.140000e-06	6.428795e-06	1.440842e-09	3.459904e+01	3.829181e+02
3.150000e-06	6.455622e-06	1.447250e-09	3.474342e+01	3.840863e+02
3.160000e-06	6.481765e-06	1.451985e-09	3.488412e+01	3.852422e+02
3.170000e-06	6.507132e-06	1.455538e-09	3.502064e+01	3.863845e+02
3.180000e-06	6.531853e-06	1.459163e-09	3.515369e+01	3.875120e+02
3.190000e-06	6.556070e-06	1.463373e-09	3.528402e+01	3.886233e+02
3.200000e-06	6.579733e-06	1.468130e-09	3.541137e+01	3.897172e+02
3.210000e-06	6.603035e-06	1.473180e-09	3.553678e+01	3.907926e+02
3.220000e-06	6.626056e-06	1.479688e-09	3.566068e+01	3.918482e+02
3.230000e-06	6.648584e-06	1.486887e-09	3.578192e+01	3.928830e+02
3.240000e-06	6.670494e-06	1.492431e-09	3.589984e+01	3.938961e+02
3.250000e-06	6.691930e-06	1.496237e-09	3.601520e+01	3.948866e+02
3.260000e-06	6.712993e-06	1.499971e-09	3.612856e+01	3.958539e+02
3.270000e-06	6.733659e-06	1.504479e-09	3.623978e+01	3.967972e+02
3.280000e-06	6.753902e-06	1.509380e-09	3.634873e+01	3.977161e+02
3.290000e-06	6.773689e-06	1.514663e-09	3.645522e+01	3.986103e+02
3.300000e-06	6.793102e-06	1.519590e-09	3.655970e+01	3.994795e+02
3.310000e-06	6.812151e-06	1.523399e-09	3.666222e+01	4.003236e+02
3.320000e-06	6.830721e-06	1.526417e-09	3.676216e+01	4.011425e+02
3.330000e-06	6.848857e-06	1.530141e-09	3.685976e+01	4.019362e+02
3.340000e-06	6.866466e-06	1.535032e-09	3.695453e+01	4.027049e+02
3.350000e-06	6.883473e-06	1.539944e-09	3.704606e+01	4.034487e+02
3.360000e-06	6.900068e-06	1.544722e-09	3.713538e+01	4.041679e+02
3.370000e-06	6.916148e-06	1.548471e-09	3.722192e+01	4.048627e+02
3.380000e-06	6.931643e-06	1.551658e-09	3.730531e+01	4.055332e+02
3.390000e-06	6.946578e-06	1.554831e-09	3.738569e+01	4.061799e+02
3.400000e-06	6.960925e-06	1.557649e-09	3.746290e+01	4.068028e+02
3.410000e-06	6.974673e-06	1.561689e-09	3.753690e+01	4.074022e+02
3.420000e-06	6.987893e-06	1.566359e-09	3.760804e+01	4.079781e+02
3.430000e-06	7.000715e-06	1.570106e-09	3.767705e+01	4.085308e+02
3.440000e-06	7.013012e-06	1.573501e-09	3.774323e+01	4.090603e+02
3.450000e-06	7.024760e-06	1.577283e-09	3.780646e+01	4.095665e+02
3.460000e-06	7.035997e-06	1.581595e-09	3.786693e+01	4.100494e+02
3.470000e-06	7.046668e-06	1.584949e-09	3.792436e+01	4.105089e+02
3.480000e-06	7.056620e-06	1.586904e-09	3.797792e+01	4.109447e+02
3.490000e-06	7.065747e-06	1.588822e-09	3.802704e+01	4.113568e+02
3.500000e-06	7.074167e-06	1.592135e-09	3.807236e+01	4.117448e+02
3.510000e-06	7.082082e-06	1.596746e-09	3.811495e+01	4.121085e+02
3.520000e-06	7.089684e-06	1.600575e-09	3.815587e+01	4.124476e+02
3.530000e-06	7.096899e-06	1.603386e-09	3.819470e+01	4.127619e+02
3.540000e-06	7.103577e-06	1.605447e-09	3.823064e+01	4.130511e+02
3.550000e-06	7.109804e-06	1.606983e-09	3.826415e+01	4.133150e+02
3.560000e-06	7.115643e-06	1.608793e-09	3.829558e+01	4.135534e+02
3.570000e-06	7.120962e-06	1.610288e-09	3.832420e+01	4.137662e+02
3.580000e-06	7.125716e-06	1.611442e-09	3.834979e+01	4.139535e+02
3.590000e-06	7.130049e-06	1.613029e-09	3.837311e+01	4.141153e+02
3.600000e-06	7.133963e-06	1.615118e-09	3.839417e+01	4.142518e+02
3.610000e-06	7.137486e-06	1.618228e-09	3.841313e+01	4.143633e+02
3.620000e-06	7.140654e-06	1.621825e-09	3.843018e+01	4.144502e+02
3.630000e-06	7.143202e-06	1.624020e-09	3.844390e+01	4.145130e+02
3.640000e-06	7.144885e-06	1.624772e-09	3.845295e+01	4.145523e+02
3.650000e-06	7.145826e-06	1.626057e-09	3.845802e+01	4.145690e+02
3.660000e-06	7.146194e-06	1.627880e-09	3.846000e+01	4.145639e+02
3.670000e-06	7.146051e-06	1.628750e-09	3.845923e+01	4.145381e+02
3.680000e-06	7.145531e-06	1.629067e-09	3.845643e+01	4.144926e+02
3.690000e-06	7.144694e-06	1.629057e-09	3.845193e+01	4.144286e+02
3.700000e-06	7.143457e-06	1.630013e-09	3.844527e+01	4.143475e+02
3.710000e-06	7.141703e-06	1.631715e-09	3.843583e+01	4.142504e+02
3.720000e-06	7.139455e-06	1.631463e-09	3.842373e+01	4.141389e+02
3.730000e-06	7.136748e-06	1.629690e-09	3.840916e+01	4.140143e+02
3.740000e-06	7.133630e-06	1.625572e-09	3.839238e+01	4.138779e+02
3.750000e-06	7.130036e-06	1.629097e-09	3.837304e+01	4.137312e+02
3.760000e-06	7.125748e-06	1.641668e-09	3.834996e+01	4.135755e+02
3.770000e-06	7.120666e-06	1.637460e-09	3.832261e+01	4.134120e+02
3.780000e-06	7.114876e-06	1.638086e-09	3.829145e+01	4.132421e+02
3.790000e-06	7.108735e-06	1.638051e-09	3.825840e+01	4.130668e+02
3.800000e-06	7.102303e-06	1.614271e-09	3.822378e+01	4.128871e+02
3.810000e-06	7.095338e-06	1.617171e-09	3.818630e+01	4.127039e+02
3.820000e-06	7.087789e-06	1.640220e-09	3.814567e+01	4.125180e+02
3.830000e-06	7.079724e-06	1.643602e-09	3.810227e+01	4.123299e+02
3.840000e-06	7.071282e-06	1.620763e-09	3.805683e+01	4.121402e+02
3.850000e-06	7.062406e-06	1.611021e-09	3.800906e+01	4.119490e+02
3.860000e-06	7.052984e-06	1.646910e-09	3.795835e+01	4.117565e+02
3.870000e-06	7.043048e-06	1.651806e-09	3.790488e+01	4.115628e+02
3.880000e-06	7.032648e-06	1.598664e-09	3.784891e+01	4.113675e+02
3.890000e-06	7.021778e-06	1.592116e-09	3.779041e+01	4.111704e+02
3.900000e-06	7.010431e-06	1.660043e-09	3.772934e+01	4.109709e+02
3.910000e-06	6.998505e-06	1.667359e-09	3.766515e+01	4.107685e+02
3.920000e-06	6.985913e-06	1.598834e-09	3.759739e+01	4.105624e+02
3.930000e-06	6.972682e-06	1.604801e-09	3.752618e+01	4.103517e+02
3.940000e-06	6.958739e-06	1.672159e-09	3.745114e+01	4.101355e+02
3.950000e-06	6.944035e-06	1.646690e-09	3.737200e+01	4.099127e+02
3.960000e-06	6.928659e-06	1.588304e-09	3.728925e+01	4.096823e+02
3.970000e-06	6.912780e-06	1.640765e-09	3.720379e+01	4.094430e+02
3.980000e-06	6.896519e-06	1.692339e-09	3.711627e+01	4.091937e+02
3.990000e-06	6.879853e-06	1.628999e-09	3.702658e+01	4.089332e+02
4.000000e-06	6.862709e-06	1.603280e-09	3.693432e+01	4.086604e+02
4.010000e-06	6.845060e-06	1.670172e-09	3.683933e+01	4.083739e+02
4.020000e-06	6.826931e-06	1.654856e-09	3.674176e+01	4.080727e+02
4.030000e-06	6.808339e-06	1.587542e-09	3.664170e+01	4.077556e+02
4.040000e-06	6.789293e-06	1.635185e-09	3.653920e+01	4.074216e+02
4.050000e-06	6.769735e-06	1.683977e-09	3.643394e+01	4.070697e+02
4.060000e-06	6.749719e-06	1.614023e-09	3.632622e+01	4.066990e+02
4.070000e-06	6.729405e-06	1.597319e-09	3.621689e+01	4.063086e+02
4.080000e-06	6.708851e-06	1.665452e-09	3.610627e+01	4.058978e+02
4.090000e-06	6.687925e-06	1.639360e-09	3.599365e+01	4.054659e+02
4.100000e-06	6.666364e-06	1.583168e-09	3.587761e+01	4.050123e+02
4.110000e-06	6.643988e-06	1.635309e-09	3.575719e+01	4.045365e+02
4.120000e-06	6.620750e-06	1.654214e-09	3.563212e+01	4.040382e+02
4.130000e-06	6.596910e-06	1.593930e-09	3.550381e+01	4.035171e+02
4.140000e-06	6.572721e-06	1.609260e-09	3.537363e+01	4.029730e+02
4.150000e-06	6.548242e-06	1.647812e-09	3.524189e+01	4.024057e+02
4.160000e-06	6.523483e-06	1.602910e-09	3.510864e+01	4.018153e+02
4.170000e-06	6.498258e-06	1.593837e-09	3.497288e+01	4.012018e+02
4.180000e-06	6.472491e-06	1.636897e-09	3.483421e+01	4.005653e+02
4.190000e-06	6.446272e-06	1.615526e-09	3.469310e+01	3.999060e+02
4.200000e-06	6.419557e-06	1.591800e-09	3.454932e+01	3.992242e+02
4.210000e-06	6.392364e-06	1.619622e-09	3.440297e+01	3.985202e+02
4.220000e-06	6.364643e-06	1.608922e-09	3.425378e+01	3.977945e+02
4.230000e-06	6.336471e-06	1.584737e-09	3.410216e+01	3.970473e+02
4.240000e-06	6.308086e-06	1.605225e-09	3.394940e+01	3.962792e+02
4.250000e-06	6.279413e-06	1.603010e-09	3.379508e+01	3.954906e+02
4.260000e-06	6.250233e-06	1.583498e-09	3.363804e+01	3.946822e+02
4.270000e-06	6.220430e-06	1.597454e-09	3.347764e+01	3.938544e+02
4.280000e-06	6.189892e-06	1.596470e-09	3.331329e+01	3.930078e+02
4.290000e-06	6.158695e-06	1.577877e-09	3.314539e+01	3.921430e+02
4.300000e-06	6.127016e-06	1.587077e-09	3.297490e+01	3.912606e+02
4.310000e-06	6.094930e-06	1.587504e-09	3.280221e+01	3.903611e+02
4.320000e-06	6.062462e-06	1.573454e-09	3.262748e+01	3.894452e+02
4.330000e-06	6.029666e-06	1.580993e-09	3.245097e+01	3.885134e+02
4.340000e-06	5.996503e-06	1.579274e-09	3.227249e+01	3.875661e+02
4.350000e-06	5.962990e-06	1.561389e-09	3.209213e+01	3.866040e+02
4.360000e-06	5.929082e-06	1.565318e-09	3.190964e+01	3.856275e+02
4.370000e-06	5.894645e-06	1.567239e-09	3.172431e+01	3.846371e+02
4.380000e-06	5.859791e-06	1.555277e-09	3.153673e+01	3.836331e+02
4.390000e-06	5.824579e-06	1.558454e-09	3.134722e+01	3.826159e+02
4.400000e-06	5.788923e-06	1.559407e-09	3.115532e+01	3.815857e+02
4.410000e-06	5.752873e-06	1.545541e-09	3.096130e+01	3.805428e+02
4.420000e-06	5.716590e-06	1.543489e-09	3.076604e+01	3.794873e+02
4.430000e-06	5.680057e-06	1.544329e-09	3.056942e+01	3.784193e+02
4.440000e-06	5.643133e-06	1.534418e-09	3.037070e+01	3.773388e+02
4.450000e-06	5.605695e-06	1.531649e-09	3.016921e+01	3.762458e+02
4.460000e-06	5.567585e-06	1.533427e-09	2.996411e+01	3.751400e+02
4.470000e-06	5.528805e-06	1.527230e-09	2.975540e+01	3.740212e+02
4.480000e-06	5.489403e-06	1.521919e-09	2.954334e+01	3.728891e+02
4.490000e-06	5.449550e-06	1.518769e-09	2.932886e+01	3.717433e+02
4.500000e-06	5.409438e-06	1.512445e-09	2.911298e+01	3.705833e+02
4.510000e-06	5.369094e-06	1.508356e-09	2.889585e+01	3.694085e+02
4.520000e-06	5.328453e-06	1.506212e-09	2.867713e+01	3.682184e+02
4.530000e-06	5.287504e-06	1.502059e-09	2.845674e+01	3.670121e+02
4.540000e-06	5.246173e-06	1.497458e-09	2.823430e+01	3.657891e+02
4.550000e-06	5.204352e-06	1.492780e-09	2.800923e+01	3.645485e+02
4.560000e-06	5.162275e-06	1.488016e-09	2.778278e+01	3.632895e+02
4.570000e-06	5.119977e-06	1.484803e-09	2.755513e+01	3.620113e+02
4.580000e-06	5.077217e-06	1.480822e-09	2.732500e+01	3.607129e+02
4.590000e-06	5.033960e-06	1.476259e-09	2.709220e+01	3.593936e+02
4.600000e-06	4.990327e-06	1.473618e-09	2.685737e+01	3.580524e+02
4.610000e-06	4.946406e-06	1.470082e-09	2.662099e+01	3.566885e+02
4.620000e-06	4.902321e-06	1.463134e-09	2.638373e+01	3.553011e+02
4.630000e-06	4.858026e-06	1.456011e-09	2.614534e+01	3.538896e+02
4.640000e-06	4.813444e-06	1.449962e-09	2.590541e+01	3.524530e+02
4.650000e-06	4.768663e-06	1.444583e-09	2.566440e+01	3.509908e+02
4.660000e-06	4.723502e-06	1.439687e-09	2.542135e+01	3.495024e+02
4.670000e-06	4.677879e-06	1.434405e-09	2.517581e+01	3.479873e+02
4.680000e-06	4.631901e-06	1.427282e-09	2.492836e+01	3.464450e+02
4.690000e-06	4.585547e-06	1.419212e-09	2.467889e+01	3.448751e+02
4.700000e-06	4.538872e-06	1.412034e-09	2.442769e+01	3.432774e+02
4.710000e-06	4.491895e-06	1.406180e-09	2.417486e+01	3.416515e+02
4.720000e-06	4.444651e-06	1.400911e-09	2.392060e+01	3.399975e+02
4.730000e-06	4.397126e-06	1.395378e-09	2.366483e+01	3.383151e+02
4.740000e-06	4.349323e-06	1.389266e-09	2.340756e+01	3.366043e+02
4.750000e-06	4.301203e-06	1.383541e-09	2.314858e+01	3.348652e+02
4.760000e-06	4.252622e-06	1.378300e-09	2.288712e+01	3.330977e+02
4.770000e-06	4.203576e-06	1.372312e-09	2.262316e+01	3.313020e+02
4.780000e-06	4.154253e-06	1.365232e-09	2.235771e+01	3.294782e+02
4.790000e-06	4.104672e-06	1.358775e-09	2.209087e+01	3.276263e+02
4.800000e-06	4.054700e-06	1.353297e-09	2.182193e+01	3.257464e+02
4.810000e-06	4.004447e-06	1.346518e-09	2.155148e+01	3.238386e+02
4.820000e-06	3.953854e-06	1.338795e-09	2.127919e+01	3.219029e+02
4.830000e-06	3.902979e-06	1.330335e-09	2.100539e+01	3.199393e+02
4.840000e-06	3.851903e-06	1.321460e-09	2.073050e+01	3.179477e+02
4.850000e-06	3.800404e-06	1.313828e-09	2.045334e+01	3.159279e+02
4.860000e-06	3.748473e-06	1.307791e-09	2.017385e+01	3.138798e+02
4.870000e-06	3.696366e-06	1.301628e-09	1.989342e+01	3.118030e+02
4.880000e-06	3.644110e-06	1.293837e-09	1.961218e+01	3.096972e+02
4.890000e-06	3.591634e-06	1.285020e-09	1.932976e+01	3.075620e+02
4.900000e-06	3.538971e-06	1.276060e-09	1.904634e+01	3.053968e+02
4.910000e-06	3.485990e-06	1.266191e-09	1.876120e+01	3.032010e+02
4.920000e-06	3.432514e-06	1.256409e-09	1.847340e+01	3.009741e+02
4.930000e-06	3.378587e-06	1.247542e-09	1.818317e+01	2.987154e+02
4.940000e-06	3.324259e-06	1.238428e-09	1.789078e+01	2.964240e+02
4.950000e-06	3.269513e-06	1.228490e-09	1.759615e+01	2.940994e+02
4.960000e-06	3.214306e-06	1.219320e-09	1.729903e+01	2.917408e+02
4.970000e-06	3.158719e-06	1.211239e-09	1.699987e+01	2.893473e+02
4.980000e-06	3.102961e-06	1.202590e-09	1.669978e+01	2.869183e+02
4.990000e-06	3.047096e-06	1.192606e-09	1.639912e+01	2.844530e+02
5.000000e-06	2.991076e-06	1.182431e-09	1.609763e+01	2.819510e+02
5.010000e-06	2.934833e-06	1.172820e-09	1.579494e+01	2.794115e+02
5.020000e-06	2.878470e-06	1.162487e-09	1.549160e+01	2.768341e+02
5.030000e-06	2.822078e-06	1.149418e-09	1.518810e+01	2.742184e+02
5.040000e-06	2.765611e-06	1.135065e-09	1.488420e+01	2.715640e+02
5.050000e-06	2.708851e-06	1.122910e-09	1.457873e+01	2.688708e+02
5.060000e-06	2.651935e-06	1.113054e-09	1.427241e+01	2.661387e+02
5.070000e-06	2.595048e-06	1.103386e-09	1.396625e+01	2.633675e+02
5.080000e-06	2.537923e-06	1.092105e-09	1.365881e+01	2.605574e+02
5.090000e-06	2.480470e-06	1.079950e-09	1.334961e+01	2.577086e+02
5.100000e-06	2.422728e-06	1.068021e-09	1.303884e+01	2.548212e+02
5.110000e-06	2.364736e-06	1.055822e-09	1.272674e+01	2.518954e+02
5.120000e-06	2.306654e-06	1.042790e-09	1.241415e+01	2.489317e+02
5.130000e-06	2.248426e-06	1.029857e-09	1.210077e+01	2.459301e+02
5.140000e-06	2.190018e-06	1.017143e-09	1.178643e+01	2.428910e+02
5.150000e-06	2.131538e-06	1.004520e-09	1.147170e+01	2.398146e+02
5.160000e-06	2.072776e-06	9.915765e-10	1.115544e+01	2.367009e+02
5.170000e-06	2.013776e-06	9.780504e-10	1.083791e+01	2.335500e+02
5.180000e-06	1.954709e-06	9.638615e-10	1.052002e+01	2.303615e+02
5.190000e-06	1.895511e-06	9.490547e-10	1.020143e+01	2.271352e+02
5.200000e-06	1.836184e-06	9.355689e-10	9.882131e+00	2.238704e+02
5.210000e-06	1.776671e-06	9.225574e-10	9.561839e+00	2.205663e+02
5.220000e-06	1.717007e-06	9.082433e-10	9.240733e+00	2.172217e+02
5.230000e-06	1.657234e-06	8.940550e-10	8.919043e+00	2.138353e+02
5.240000e-06	1.597394e-06	8.798624e-10	8.596993e+00	2.104053e+02
5.250000e-06	1.537549e-06	8.652911e-10	8.274914e+00	2.069296e+02
5.260000e-06	1.477656e-06	8.512710e-10	7.952577e+00	2.034059e+02
5.270000e-06	1.417652e-06	8.371561e-10	7.629641e+00	1.998314e+02
5.280000e-06	1.357535e-06	8.225750e-10	7.306096e+00	1.962032e+02
5.290000e-06	1.297342e-06	8.076928e-10	6.982145e+00	1.925179e+02
5.300000e-06	1.237092e-06	7.919132e-10	6.657890e+00	1.887719e+02
5.310000e-06	1.176858e-06	7.747396e-10	6.333713e+00	1.849614e+02
5.320000e-06	1.116643e-06	7.561616e-10	6.009643e+00	1.810824e+02
5.330000e-06	1.056376e-06	7.381923e-10	5.685293e+00	1.771307e+02
5.340000e-06	9.960604e-07	7.225426e-10	5.360683e+00	1.731019e+02
5.350000e-06	9.357252e-07	7.080188e-10	5.035966e+00	1.689917e+02
5.360000e-06	8.753689e-07	6.922861e-10	4.711135e+00	1.647957e+02
5.370000e-06	8.150280e-07	6.734842e-10	4.386387e+00	1.605098e+02
5.380000e-06	7.545989e-07	6.531437e-10	4.061165e+00	1.561298e+02
5.390000e-06	6.941046e-07	6.339019e-10	3.735591e+00	1.516518e+02
5.400000e-06	6.335337e-07	6.151590e-10	3.409606e+00	1.470723e+02
5.410000e-06	5.728118e-07	5.958096e-10	3.082808e+00	1.423880e+02
5.420000e-06	5.121722e-07	5.757130e-10	2.756452e+00	1.375962e+02
5.430000e-06	4.515544e-07	5.550570e-10	2.430214e+00	1.326946e+02
5.440000e-06	3.909328e-07	5.351127e-10	2.103956e+00	1.276815e+02
5.450000e-06	3.302733e-07	5.146582e-10	1.777493e+00	1.225559e+02
5.460000e-06	2.695327e-07	4.922357e-10	1.450594e+00	1.173174e+02
5.470000e-06	2.087738e-07	4.691186e-10	1.123597e+00	1.119662e+02
5.480000e-06	1.480133e-07	4.460689e-10	7.965906e-01	1.065036e+02
5.490000e-06	8.728455e-08	4.217307e-10	4.697555e-01	1.009313e+02
5.500000e-06	2.652939e-08	3.964806e-10	1.427782e-01	9.525193e+01
5.510000e-06	-3.422968e-08	3.717834e-10	-1.842202e-01	8.946906e+01
5.520000e-06	-9.495890e-08	3.467080e-10	-5.110579e-01	8.358686e+01
5.530000e-06	-1.558246e-07	3.212669e-10	-8.386301e-01	7.761033e+01
5.540000e-06	-2.167457e-07	2.971528e-10	-1.166501e+00	7.154521e+01
5.550000e-06	-2.773981e-07	2.737709e-10	-1.492925e+00	6.539792e+01
5.560000e-06	-3.380232e-07	2.490438e-10	-1.819202e+00	5.917554e+01
5.570000e-06	-3.987966e-07	2.234081e-10	-2.146278e+00	5.288573e+01
5.580000e-06	-4.595630e-07	1.969991e-10	-2.473316e+00	4.653664e+01
5.590000e-06	-5.202464e-07	1.706120e-10	-2.799907e+00	4.013690e+01
5.600000e-06	-5.808216e-07	1.451064e-10	-3.125915e+00	3.369547e+01
5.610000e-06	-6.413213e-07	1.189607e-10	-3.451518e+00	2.722157e+01
5.620000e-06	-7.017634e-07	9.228186e-11	-3.776811e+00	2.072462e+01
5.630000e-06	-7.620913e-07	6.573593e-11	-4.101488e+00	1.421411e+01
5.640000e-06	-8.223973e-07	3.916874e-11	-4.426048e+00	7.699506e+00
5.650000e-06	-8.828056e-07	1.200825e-11	-4.751159e+00	1.190191e+00
5.660000e-06	-9.432361e-07	-1.611742e-11	-5.076389e+00	-5.304666e+00
5.670000e-06	-1.003604e-06	-4.289555e-11	-5.401283e+00	-1.177618e+01
5.680000e-06	-1.063930e-06	-6.724955e-11	-5.725950e+00	-1.821583e+01
5.690000e-06	-1.124194e-06	-9.176099e-11	-6.050286e+00	-2.461553e+01
5.700000e-06	-1.184400e-06	-1.188979e-10	-6.374304e+00	-3.096774e+01
5.710000e-06	-1.244582e-06	-1.472786e-10	-6.698197e+00	-3.726547e+01
5.720000e-06	-1.304704e-06	-1.735199e-10	-7.021767e+00	-4.350235e+01
5.730000e-06	-1.364818e-06	-1.978746e-10	-7.345293e+00	-4.967269e+01
5.740000e-06	-1.424880e-06	-2.218362e-10	-7.668541e+00	-5.577150e+01
5.750000e-06	-1.484866e-06	-2.457439e-10	-7.991379e+00	-6.179450e+01
5.760000e-06	-1.544839e-06	-2.705402e-10	-8.314146e+00	-6.773814e+01
5.770000e-06	-1.604659e-06	-2.957675e-10	-8.636092e+00	-7.359960e+01
5.780000e-06	-1.664261e-06	-3.199957e-10	-8.956863e+00	-7.937678e+01
5.790000e-06	-1.723735e-06	-3.438606e-10	-9.276947e+00	-8.506826e+01
5.800000e-06	-1.783110e-06	-3.684610e-10	-9.596493e+00	-9.067330e+01
5.810000e-06	-1.842383e-06	-3.922522e-10	-9.915493e+00	-9.619177e+01
5.820000e-06	-1.901496e-06	-4.140246e-10	-1.023363e+01	-1.016241e+02
5.830000e-06	-1.960553e-06	-4.352503e-10	-1.055147e+01	-1.069714e+02
5.840000e-06	-2.019573e-06	-4.569695e-10	-1.086911e+01	-1.122349e+02
5.850000e-06	-2.078364e-06	-4.794153e-10	-1.118552e+01	-1.174166e+02
5.860000e-06	-2.136931e-06	-5.023583e-10	-1.150072e+01	-1.225187e+02
5.870000e-06	-2.195297e-06	-5.252028e-10	-1.181484e+01	-1.275437e+02
5.880000e-06	-2.253516e-06	-5.471424e-10	-1.212816e+01	-1.324942e+02
5.890000e-06	-2.311575e-06	-5.680848e-10	-1.244063e+01	-1.373731e+02
5.900000e-06	-2.369495e-06	-5.890133e-10	-1.275235e+01	-1.421833e+02
5.910000e-06	-2.427115e-06	-6.102294e-10	-1.306246e+01	-1.469277e+02
5.920000e-06	-2.484464e-06	-6.305158e-10	-1.337110e+01	-1.516092e+02
5.930000e-06	-2.541778e-06	-6.498335e-10	-1.367956e+01	-1.562308e+02
5.940000e-06	-2.598977e-06	-6.695996e-10	-1.398740e+01	-1.607949e+02
5.950000e-06	-2.656049e-06	-6.896370e-10	-1.429455e+01	-1.653042e+02
5.960000e-06	-2.712886e-06	-7.091798e-10	-1.460044e+01	-1.697611e+02
5.970000e-06	-2.769424e-06	-7.282367e-10	-1.490472e+01	-1.741674e+02
5.980000e-06	-2.825797e-06	-7.467839e-10	-1.520812e+01	-1.785253e+02
5.990000e-06	-2.882052e-06	-7.658570e-10	-1.551088e+01	-1.828361e+02
6.000000e-06	-2.938190e-06	-7.850346e-10	-1.581300e+01	-1.871013e+02
6.010000e-06	-2.994190e-06	-8.025959e-10	-1.611439e+01	-1.913218e+02
6.020000e-06	-3.050061e-06	-8.200695e-10	-1.641508e+01	-1.954986e+02
6.030000e-06	-3.105819e-06	-8.379343e-10	-1.671516e+01	-1.996321e+02
6.040000e-06	-3.161271e-06	-8.552252e-10	-1.701360e+01	-2.037227e+02
6.050000e-06	-3.216339e-06	-8.725831e-10	-1.730997e+01	-2.077704e+02
6.060000e-06	-3.271214e-06	-8.886879e-10	-1.760530e+01	-2.117752e+02
6.070000e-06	-3.325682e-06	-9.037367e-10	-1.789844e+01	-2.157369e+02
6.080000e-06	-3.379551e-06	-9.193869e-10	-1.818836e+01	-2.196551e+02
6.090000e-06	-3.433129e-06	-9.347810e-10	-1.847671e+01	-2.235292e+02
6.100000e-06	-3.486338e-06	-9.501171e-10	-1.876307e+01	-2.273588e+02
6.110000e-06	-3.539113e-06	-9.657684e-10	-1.904710e+01	-2.311432e+02
6.120000e-06	-3.591689e-06	-9.810960e-10	-1.933006e+01	-2.348817e+02
6.130000e-06	-3.644079e-06	-9.970322e-10	-1.961202e+01	-2.385736e+02
6.140000e-06	-3.696233e-06	-1.014044e-09	-1.989270e+01	-2.422183e+02
6.150000e-06	-3.748140e-06	-1.030507e-09	-2.017206e+01	-2.458152e+02
6.160000e-06	-3.799776e-06	-1.045619e-09	-2.044996e+01	-2.493636e+02
6.170000e-06	-3.851136e-06	-1.060186e-09	-2.072637e+01	-2.528631e+02
6.180000e-06	-3.902175e-06	-1.075338e-09	-2.100106e+01	-2.563131e+02
6.190000e-06	-3.952829e-06	-1.089964e-09	-2.127368e+01	-2.597132e+02
6.200000e-06	-4.003160e-06	-1.103019e-09	-2.154455e+01	-2.630631e+02
6.210000e-06	-4.053228e-06	-1.116216e-09	-2.181401e+01	-2.663625e+02
6.220000e-06	-4.103035e-06	-1.131181e-09	-2.208207e+01	-2.696112e+02
6.230000e-06	-4.152621e-06	-1.146756e-09	-2.234893e+01	-2.728089e+02
6.240000e-06	-4.201732e-06	-1.160489e-09	-2.261324e+01	-2.759556e+02
6.250000e-06	-4.250305e-06	-1.172929e-09	-2.287465e+01	-2.790511e+02
6.260000e-06	-4.298426e-06	-1.184757e-09	-2.313364e+01	-2.820954e+02
6.270000e-06	-4.346006e-06	-1.195875e-09	-2.338971e+01	-2.850885e+02
6.280000e-06	-4.393214e-06	-1.207271e-09	-2.364378e+01	-2.880303e+02
6.290000e-06	-4.440121e-06	-1.218408e-09	-2.389622e+01	-2.909208e+02
6.300000e-06	-4.486805e-06	-1.229633e-09	-2.414747e+01	-2.937599e+02
6.310000e-06	-4.533285e-06	-1.241859e-09	-2.439762e+01	-2.965475e+02
6.320000e-06	-4.579570e-06	-1.255346e-09	-2.464672e+01	-2.992836e+02
6.330000e-06	-4.625637e-06	-1.269144e-09	-2.489465e+01	-3.019682e+02
6.340000e-06	-4.671361e-06	-1.279875e-09	-2.514073e+01	-3.046009e+02
6.350000e-06	-4.716681e-06	-1.287817e-09	-2.538464e+01	-3.071819e+02
6.360000e-06	-4.761636e-06	-1.296041e-09	-2.562658e+01	-3.097108e+02
6.370000e-06	-4.806275e-06	-1.305782e-09	-2.586682e+01	-3.121875e+02
6.380000e-06	-4.850620e-06	-1.316401e-09	-2.610548e+01	-3.146120e+02
6.390000e-06	-4.894781e-06	-1.327008e-09	-2.634315e+01	-3.169841e+02
6.400000e-06	-4.938716e-06	-1.337746e-09	-2.657960e+01	-3.193038e+02
6.410000e-06	-4.982386e-06	-1.348070e-09	-2.681463e+01	-3.215710e+02
6.420000e-06	-5.025805e-06	-1.358504e-09	-2.704831e+01	-3.237858e+02
6.430000e-06	-5.068831e-06	-1.368268e-09	-2.727987e+01	-3.259483e+02
6.440000e-06	-5.111374e-06	-1.375699e-09	-2.750883e+01	-3.280588e+02
6.450000e-06	-5.153463e-06	-1.382853e-09	-2.773535e+01	-3.301176e+02
6.460000e-06	-5.195085e-06	-1.392228e-09	-2.795936e+01	-3.321253e+02
6.470000e-06	-5.236411e-06	-1.401761e-09	-2.818177e+01	-3.340824e+02
6.480000e-06	-5.277543e-06	-1.409567e-09	-2.840313e+01	-3.359897e+02
6.490000e-06	-5.318443e-06	-1.416343e-09	-2.862325e+01	-3.378482e+02
6.500000e-06	-5.358998e-06	-1.422616e-09	-2.884151e+01	-3.396590e+02
6.510000e-06	-5.399230e-06	-1.429564e-09	-2.905804e+01	-3.414235e+02
6.520000e-06	-5.439127e-06	-1.437123e-09	-2.927276e+01	-3.431429e+02
6.530000e-06	-5.478656e-06	-1.444435e-09	-2.948550e+01	-3.448191e+02
6.540000e-06	-5.517850e-06	-1.451070e-09	-2.969644e+01	-3.464538e+02
6.550000e-06	-5.556347e-06	-1.456737e-09	-2.990362e+01	-3.480489e+02
6.560000e-06	-5.594164e-06	-1.462064e-09	-3.010715e+01	-3.496064e+02
6.570000e-06	-5.631496e-06	-1.467249e-09	-3.030807e+01	-3.511285e+02
6.580000e-06	-5.668365e-06	-1.471895e-09	-3.050649e+01	-3.526174e+02
6.590000e-06	-5.704830e-06	-1.476296e-09	-3.070274e+01	-3.540756e+02
6.600000e-06	-5.740967e-06	-1.482209e-09	-3.089723e+01	-3.555052e+02
6.610000e-06	-5.776811e-06	-1.490607e-09	-3.109014e+01	-3.569088e+02
6.620000e-06	-5.812375e-06	-1.498567e-09	-3.128154e+01	-3.582886e+02
6.630000e-06	-5.847517e-06	-1.503676e-09	-3.147067e+01	-3.596468e+02
6.640000e-06	-5.882132e-06	-1.506875e-09	-3.165696e+01	-3.609859e+02
6.650000e-06	-5.916317e-06	-1.510439e-09	-3.184094e+01	-3.623078e+02
6.660000e-06	-5.950044e-06	-1.516372e-09	-3.202245e+01	-3.636145e+02
6.670000e-06	-5.983372e-06	-1.522922e-09	-3.220183e+01	-3.649079e+02
6.680000e-06	-6.016353e-06	-1.526924e-09	-3.237933e+01	-3.661897e+02
6.690000e-06	-6.048829e-06	-1.529078e-09	-3.255411e+01	-3.674612e+02
6.700000e-06	-6.080934e-06	-1.532251e-09	-3.272689e+01	-3.687238e+02
6.710000e-06	-6.112901e-06	-1.537267e-09	-3.289894e+01	-3.699785e+02
6.720000e-06	-6.144581e-06	-1.541377e-09	-3.306943e+01	-3.712261e+02
6.730000e-06	-6.175734e-06	-1.543524e-09	-3.323710e+01	-3.724672e+02
6.740000e-06	-6.206207e-06	-1.545887e-09	-3.340110e+01	-3.737020e+02
6.750000e-06	-6.235927e-06	-1.550697e-09	-3.356105e+01	-3.749308e+02
6.760000e-06	-6.264959e-06	-1.556281e-09	-3.371729e+01	-3.761533e+02
6.770000e-06	-6.293483e-06	-1.559236e-09	-3.387081e+01	-3.773693e+02
6.780000e-06	-6.321697e-06	-1.559766e-09	-3.402265e+01	-3.785782e+02
6.790000e-06	-6.349685e-06	-1.561706e-09	-3.417328e+01	-3.797793e+02
6.800000e-06	-6.377278e-06	-1.567061e-09	-3.432178e+01	-3.809718e+02
6.810000e-06	-6.404280e-06	-1.572830e-09	-3.446710e+01	-3.821546e+02
6.820000e-06	-6.430757e-06	-1.577296e-09	-3.460960e+01	-3.833267e+02
6.830000e-06	-6.456794e-06	-1.579656e-09	-3.474973e+01	-3.844869e+02
6.840000e-06	-6.482469e-06	-1.581350e-09	-3.488791e+01	-3.856339e+02
6.850000e-06	-6.507849e-06	-1.584002e-09	-3.502450e+01	-3.867665e+02
6.860000e-06	-6.532804e-06	-1.587344e-09	-3.515881e+01	-3.878833e+02
6.870000e-06	-6.557371e-06	-1.591472e-09	-3.529102e+01	-3.889832e+02
6.880000e-06	-6.581628e-06	-1.594798e-09	-3.542157e+01	-3.900649e+02
6.890000e-06	-6.605470e-06	-1.598815e-09	-3.554988e+01	-3.911272e+02
6.900000e-06	-6.628792e-06	-1.603797e-09	-3.567540e+01	-3.921691e+02
6.910000e-06	-6.651498e-06	-1.607379e-09	-3.579760e+01	-3.931896e+02
6.920000e-06	-6.673601e-06	-1.609211e-09	-3.591656e+01	-3.941878e+02
6.930000e-06	-6.695018e-06	-1.611204e-09	-3.603182e+01	-3.951629e+02
6.940000e-06	-6.715788e-06	-1.613845e-09	-3.614360e+01	-3.961143e+02
6.950000e-06	-6.736125e-06	-1.616865e-09	-3.625305e+01	-3.970414e+02
6.960000e-06	-6.756106e-06	-1.620606e-09	-3.636059e+01	-3.979439e+02
6.970000e-06	-6.775634e-06	-1.623144e-09	-3.646569e+01	-3.988215e+02
6.980000e-06	-6.794594e-06	-1.625338e-09	-3.656773e+01	-3.996740e+02
6.990000e-06	-6.813205e-06	-1.629110e-09	-3.666789e+01	-4.005013e+02
7.000000e-06	-6.831468e-06	-1.633533e-09	-3.676618e+01	-4.013034e+02
7.010000e-06	-6.849275e-06	-1.636288e-09	-3.686201e+01	-4.020805e+02
7.020000e-06	-6.866589e-06	-1.637256e-09	-3.695520e+01	-4.028326e+02
7.030000e-06	-6.883384e-06	-1.637766e-09	-3.704559e+01	-4.035601e+02
7.040000e-06	-6.899800e-06	-1.638624e-09	-3.713394e+01	-4.042630e+02
7.050000e-06	-6.915849e-06	-1.639477e-09	-3.722031e+01	-4.049416e+02
7.060000e-06	-6.931436e-06	-1.639271e-09	-3.730419e+01	-4.055962e+02
7.070000e-06	-6.946303e-06	-1.638692e-09	-3.738421e+01	-4.062270e+02
7.080000e-06	-6.960295e-06	-1.639677e-09	-3.745951e+01	-4.068343e+02
7.090000e-06	-6.973602e-06	-1.642307e-09	-3.753113e+01	-4.074181e+02
7.100000e-06	-6.986281e-06	-1.645156e-09	-3.759936e+01	-4.079786e+02
7.110000e-06	-6.998351e-06	-1.646848e-09	-3.766433e+01	-4.085158e+02
7.120000e-06	-7.009914e-06	-1.647211e-09	-3.772655e+01	-4.090298e+02
7.130000e-06	-7.021007e-06	-1.647917e-09	-3.778626e+01	-4.095205e+02
7.140000e-06	-7.031663e-06	-1.650067e-09	-3.784361e+01	-4.099878e+02
7.150000e-06	-7.041787e-06	-1.651968e-09	-3.789809e+01	-4.104316e+02
7.160000e-06	-7.051416e-06	-1.652694e-09	-3.794992e+01	-4.108517e+02
7.170000e-06	-7.060592e-06	-1.652766e-09	-3.799930e+01	-4.112478e+02
7.180000e-06	-7.069228e-06	-1.651759e-09	-3.804577e+01	-4.116196e+02
7.190000e-06	-7.077606e-06	-1.651851e-09	-3.809087e+01	-4.119670e+02
7.200000e-06	-7.085712e-06	-1.653312e-09	-3.813449e+01	-4.122896e+02
7.210000e-06	-7.093227e-06	-1.653751e-09	-3.817493e+01	-4.125872e+02
7.220000e-06	-7.100109e-06	-1.653455e-09	-3.821197e+01	-4.128596e+02
7.230000e-06	-7.106271e-06	-1.654046e-09	-3.824514e+01	-4.131065e+02
7.240000e-06	-7.111711e-06	-1.655217e-09	-3.827442e+01	-4.133280e+02
7.250000e-06	-7.116547e-06	-1.655350e-09	-3.830044e+01	-4.135238e+02
7.260000e-06	-7.120935e-06	-1.653266e-09	-3.832406e+01	-4.136941e+02
7.270000e-06	-7.125019e-06	-1.650529e-09	-3.834604e+01	-4.138391e+02
7.280000e-06	-7.128705e-06	-1.650568e-09	-3.836587e+01	-4.139589e+02
7.290000e-06	-7.131842e-06	-1.652181e-09	-3.838276e+01	-4.140539e+02
7.300000e-06	-7.134498e-06	-1.652311e-09	-3.839705e+01	-4.141247e+02
7.310000e-06	-7.136721e-06	-1.650922e-09	-3.840902e+01	-4.141718e+02
7.320000e-06	-7.138563e-06	-1.649926e-09	-3.841893e+01	-4.141960e+02
7.330000e-06	-7.139869e-06	-1.649308e-09	-3.842596e+01	-4.141981e+02
7.340000e-06	-7.140661e-06	-1.649120e-09	-3.843022e+01	-4.141791e+02
