# Temperatura_=_13.8
# Concentracion g/m^3_=_7400.0
# C_Vs_to_Am_M_A/Vsm_=_254322799225.57578
# pendiente_HvsI_1/m_=_3716.3
# ordenada_HvsI_A/m_=_1297.0
# frecuencia_Hz_=_136112.47018150074

Tiempo_(s)	Campo_(V.s)	Magnetizacion_(V.s)	Campo_(kA/m)	Magnetizacion_(A/m)
0.000000e+00	-7.119446e-06	-1.582029e-09	-3.844149e+01	-3.973369e+02
1.000000e-08	-7.119609e-06	-1.582288e-09	-3.844237e+01	-3.974126e+02
2.000000e-08	-7.119418e-06	-1.582561e-09	-3.844134e+01	-3.974711e+02
3.000000e-08	-7.118554e-06	-1.582684e-09	-3.843667e+01	-3.975127e+02
4.000000e-08	-7.116981e-06	-1.582993e-09	-3.842818e+01	-3.975380e+02
5.000000e-08	-7.114819e-06	-1.583202e-09	-3.841651e+01	-3.975473e+02
6.000000e-08	-7.112009e-06	-1.581303e-09	-3.840134e+01	-3.975412e+02
7.000000e-08	-7.108598e-06	-1.579898e-09	-3.838292e+01	-3.975201e+02
8.000000e-08	-7.104790e-06	-1.589982e-09	-3.836235e+01	-3.974847e+02
9.000000e-08	-7.100475e-06	-1.597767e-09	-3.833905e+01	-3.974352e+02
1.000000e-07	-7.095404e-06	-1.558794e-09	-3.831167e+01	-3.973723e+02
1.100000e-07	-7.089602e-06	-1.522160e-09	-3.828035e+01	-3.972965e+02
1.200000e-07	-7.083331e-06	-1.578040e-09	-3.824648e+01	-3.972082e+02
1.300000e-07	-7.077005e-06	-1.646556e-09	-3.821233e+01	-3.971079e+02
1.400000e-07	-7.070466e-06	-1.576069e-09	-3.817702e+01	-3.969962e+02
1.500000e-07	-7.063224e-06	-1.486331e-09	-3.813792e+01	-3.968733e+02
1.600000e-07	-7.055460e-06	-1.573294e-09	-3.809600e+01	-3.967399e+02
1.700000e-07	-7.047438e-06	-1.665607e-09	-3.805268e+01	-3.965962e+02
1.800000e-07	-7.038980e-06	-1.549603e-09	-3.800702e+01	-3.964426e+02
1.900000e-07	-7.029648e-06	-1.443975e-09	-3.795663e+01	-3.962796e+02
2.000000e-07	-7.019376e-06	-1.580961e-09	-3.790116e+01	-3.961073e+02
2.100000e-07	-7.008671e-06	-1.682626e-09	-3.784336e+01	-3.959261e+02
2.200000e-07	-6.997712e-06	-1.538200e-09	-3.778419e+01	-3.957361e+02
2.300000e-07	-6.986120e-06	-1.453407e-09	-3.772160e+01	-3.955376e+02
2.400000e-07	-6.973919e-06	-1.586213e-09	-3.765572e+01	-3.953305e+02
2.500000e-07	-6.961300e-06	-1.620351e-09	-3.758758e+01	-3.951151e+02
2.600000e-07	-6.948011e-06	-1.492418e-09	-3.751583e+01	-3.948912e+02
2.700000e-07	-6.933960e-06	-1.504675e-09	-3.743996e+01	-3.946588e+02
2.800000e-07	-6.919196e-06	-1.608758e-09	-3.736024e+01	-3.944178e+02
2.900000e-07	-6.903547e-06	-1.553018e-09	-3.727574e+01	-3.941679e+02
3.000000e-07	-6.887303e-06	-1.485137e-09	-3.718803e+01	-3.939090e+02
3.100000e-07	-6.870606e-06	-1.569210e-09	-3.709787e+01	-3.936407e+02
3.200000e-07	-6.853435e-06	-1.572170e-09	-3.700516e+01	-3.933627e+02
3.300000e-07	-6.836032e-06	-1.465059e-09	-3.691120e+01	-3.930745e+02
3.400000e-07	-6.818203e-06	-1.520961e-09	-3.681493e+01	-3.927757e+02
3.500000e-07	-6.799856e-06	-1.623595e-09	-3.671586e+01	-3.924657e+02
3.600000e-07	-6.780935e-06	-1.520424e-09	-3.661370e+01	-3.921442e+02
3.700000e-07	-6.761460e-06	-1.444280e-09	-3.650854e+01	-3.918104e+02
3.800000e-07	-6.741629e-06	-1.560514e-09	-3.640146e+01	-3.914637e+02
3.900000e-07	-6.721579e-06	-1.575989e-09	-3.629320e+01	-3.911037e+02
4.000000e-07	-6.701178e-06	-1.461312e-09	-3.618305e+01	-3.907296e+02
4.100000e-07	-6.680329e-06	-1.495103e-09	-3.607048e+01	-3.903409e+02
4.200000e-07	-6.658993e-06	-1.569974e-09	-3.595527e+01	-3.899368e+02
4.300000e-07	-6.637166e-06	-1.499352e-09	-3.583741e+01	-3.895170e+02
4.400000e-07	-6.614832e-06	-1.474763e-09	-3.571682e+01	-3.890807e+02
4.500000e-07	-6.591959e-06	-1.543140e-09	-3.559332e+01	-3.886275e+02
4.600000e-07	-6.568670e-06	-1.503791e-09	-3.546757e+01	-3.881569e+02
4.700000e-07	-6.545013e-06	-1.451489e-09	-3.533984e+01	-3.876684e+02
4.800000e-07	-6.521015e-06	-1.520577e-09	-3.521026e+01	-3.871616e+02
4.900000e-07	-6.496624e-06	-1.529600e-09	-3.507856e+01	-3.866363e+02
5.000000e-07	-6.471560e-06	-1.452878e-09	-3.494323e+01	-3.860920e+02
5.100000e-07	-6.445757e-06	-1.474116e-09	-3.480390e+01	-3.855288e+02
5.200000e-07	-6.419310e-06	-1.516916e-09	-3.466110e+01	-3.849463e+02
5.300000e-07	-6.392248e-06	-1.469881e-09	-3.451498e+01	-3.843446e+02
5.400000e-07	-6.364698e-06	-1.460737e-09	-3.436622e+01	-3.837235e+02
5.500000e-07	-6.336857e-06	-1.501309e-09	-3.421590e+01	-3.830833e+02
5.600000e-07	-6.308746e-06	-1.477482e-09	-3.406411e+01	-3.824239e+02
5.700000e-07	-6.280171e-06	-1.453734e-09	-3.390982e+01	-3.817455e+02
5.800000e-07	-6.251108e-06	-1.482154e-09	-3.375289e+01	-3.810484e+02
5.900000e-07	-6.221619e-06	-1.473520e-09	-3.359367e+01	-3.803328e+02
6.000000e-07	-6.191833e-06	-1.443296e-09	-3.343284e+01	-3.795990e+02
6.100000e-07	-6.161728e-06	-1.457752e-09	-3.327028e+01	-3.788473e+02
6.200000e-07	-6.131095e-06	-1.464931e-09	-3.310488e+01	-3.780781e+02
6.300000e-07	-6.099928e-06	-1.443666e-09	-3.293660e+01	-3.772916e+02
6.400000e-07	-6.068500e-06	-1.443613e-09	-3.276690e+01	-3.764883e+02
6.500000e-07	-6.036812e-06	-1.447564e-09	-3.259580e+01	-3.756683e+02
6.600000e-07	-6.004657e-06	-1.432336e-09	-3.242218e+01	-3.748322e+02
6.700000e-07	-5.972195e-06	-1.429009e-09	-3.224690e+01	-3.739800e+02
6.800000e-07	-5.939323e-06	-1.435473e-09	-3.206941e+01	-3.731121e+02
6.900000e-07	-5.905668e-06	-1.427078e-09	-3.188769e+01	-3.722286e+02
7.000000e-07	-5.871187e-06	-1.417631e-09	-3.170151e+01	-3.713297e+02
7.100000e-07	-5.836055e-06	-1.415485e-09	-3.151181e+01	-3.704155e+02
7.200000e-07	-5.800532e-06	-1.410917e-09	-3.132001e+01	-3.694859e+02
7.300000e-07	-5.764809e-06	-1.406328e-09	-3.112712e+01	-3.685409e+02
7.400000e-07	-5.728828e-06	-1.402665e-09	-3.093284e+01	-3.675804e+02
7.500000e-07	-5.692588e-06	-1.396096e-09	-3.073716e+01	-3.666042e+02
7.600000e-07	-5.656046e-06	-1.392978e-09	-3.053985e+01	-3.656121e+02
7.700000e-07	-5.618958e-06	-1.392504e-09	-3.033960e+01	-3.646037e+02
7.800000e-07	-5.581323e-06	-1.386368e-09	-3.013639e+01	-3.635787e+02
7.900000e-07	-5.543325e-06	-1.376576e-09	-2.993122e+01	-3.625367e+02
8.000000e-07	-5.505004e-06	-1.369988e-09	-2.972430e+01	-3.614772e+02
8.100000e-07	-5.466170e-06	-1.366164e-09	-2.951461e+01	-3.603996e+02
8.200000e-07	-5.426821e-06	-1.363342e-09	-2.930215e+01	-3.593034e+02
8.300000e-07	-5.387247e-06	-1.359535e-09	-2.908847e+01	-3.581881e+02
8.400000e-07	-5.347565e-06	-1.352233e-09	-2.887421e+01	-3.570531e+02
8.500000e-07	-5.307695e-06	-1.345551e-09	-2.865893e+01	-3.558978e+02
8.600000e-07	-5.267428e-06	-1.341653e-09	-2.844151e+01	-3.547216e+02
8.700000e-07	-5.226614e-06	-1.337654e-09	-2.822113e+01	-3.535240e+02
8.800000e-07	-5.185357e-06	-1.331812e-09	-2.799836e+01	-3.523044e+02
8.900000e-07	-5.143719e-06	-1.324766e-09	-2.777354e+01	-3.510624e+02
9.000000e-07	-5.101420e-06	-1.318727e-09	-2.754515e+01	-3.497976e+02
9.100000e-07	-5.058428e-06	-1.314573e-09	-2.731301e+01	-3.485094e+02
9.200000e-07	-5.015002e-06	-1.309298e-09	-2.707854e+01	-3.471976e+02
9.300000e-07	-4.971353e-06	-1.300981e-09	-2.684285e+01	-3.458618e+02
9.400000e-07	-4.927502e-06	-1.291816e-09	-2.660607e+01	-3.445019e+02
9.500000e-07	-4.883384e-06	-1.284571e-09	-2.636786e+01	-3.431177e+02
9.600000e-07	-4.838939e-06	-1.278967e-09	-2.612788e+01	-3.417090e+02
9.700000e-07	-4.794107e-06	-1.273579e-09	-2.588581e+01	-3.402758e+02
9.800000e-07	-4.748968e-06	-1.266641e-09	-2.564208e+01	-3.388182e+02
9.900000e-07	-4.703550e-06	-1.259280e-09	-2.539685e+01	-3.373361e+02
1.000000e-06	-4.657697e-06	-1.252461e-09	-2.514926e+01	-3.358297e+02
1.010000e-06	-4.611553e-06	-1.246239e-09	-2.490011e+01	-3.342991e+02
1.020000e-06	-4.565133e-06	-1.239708e-09	-2.464946e+01	-3.327445e+02
1.030000e-06	-4.518340e-06	-1.232535e-09	-2.439680e+01	-3.311659e+02
1.040000e-06	-4.471183e-06	-1.225816e-09	-2.414218e+01	-3.295637e+02
1.050000e-06	-4.423645e-06	-1.219573e-09	-2.388550e+01	-3.279378e+02
1.060000e-06	-4.375972e-06	-1.212895e-09	-2.362808e+01	-3.262886e+02
1.070000e-06	-4.328179e-06	-1.205530e-09	-2.337003e+01	-3.246161e+02
1.080000e-06	-4.280083e-06	-1.197816e-09	-2.311033e+01	-3.229204e+02
1.090000e-06	-4.231594e-06	-1.190316e-09	-2.284852e+01	-3.212015e+02
1.100000e-06	-4.182800e-06	-1.183518e-09	-2.258505e+01	-3.194594e+02
1.110000e-06	-4.133619e-06	-1.176763e-09	-2.231950e+01	-3.176940e+02
1.120000e-06	-4.083879e-06	-1.169451e-09	-2.205093e+01	-3.159050e+02
1.130000e-06	-4.033635e-06	-1.161653e-09	-2.177964e+01	-3.140923e+02
1.140000e-06	-3.982936e-06	-1.153640e-09	-2.150589e+01	-3.122556e+02
1.150000e-06	-3.931800e-06	-1.146272e-09	-2.122978e+01	-3.103943e+02
1.160000e-06	-3.880303e-06	-1.139794e-09	-2.095172e+01	-3.085081e+02
1.170000e-06	-3.828518e-06	-1.132796e-09	-2.067210e+01	-3.065963e+02
1.180000e-06	-3.776600e-06	-1.125404e-09	-2.039178e+01	-3.046583e+02
1.190000e-06	-3.724396e-06	-1.118360e-09	-2.010990e+01	-3.026934e+02
1.200000e-06	-3.671735e-06	-1.111448e-09	-1.982556e+01	-3.007009e+02
1.210000e-06	-3.618847e-06	-1.104053e-09	-1.953999e+01	-2.986798e+02
1.220000e-06	-3.565723e-06	-1.096259e-09	-1.925314e+01	-2.966295e+02
1.230000e-06	-3.512357e-06	-1.088469e-09	-1.896499e+01	-2.945489e+02
1.240000e-06	-3.458775e-06	-1.080016e-09	-1.867568e+01	-2.924373e+02
1.250000e-06	-3.404921e-06	-1.070117e-09	-1.838489e+01	-2.902937e+02
1.260000e-06	-3.350768e-06	-1.060667e-09	-1.809249e+01	-2.881174e+02
1.270000e-06	-3.296440e-06	-1.051662e-09	-1.779915e+01	-2.859074e+02
1.280000e-06	-3.242103e-06	-1.041509e-09	-1.750576e+01	-2.836630e+02
1.290000e-06	-3.187482e-06	-1.032585e-09	-1.721083e+01	-2.813834e+02
1.300000e-06	-3.132372e-06	-1.025568e-09	-1.691326e+01	-2.790681e+02
1.310000e-06	-3.076957e-06	-1.017291e-09	-1.661405e+01	-2.767164e+02
1.320000e-06	-3.021491e-06	-1.007182e-09	-1.631456e+01	-2.743279e+02
1.330000e-06	-2.966021e-06	-9.967957e-10	-1.601505e+01	-2.719022e+02
1.340000e-06	-2.910420e-06	-9.865996e-10	-1.571483e+01	-2.694389e+02
1.350000e-06	-2.854721e-06	-9.767199e-10	-1.541408e+01	-2.669379e+02
1.360000e-06	-2.798935e-06	-9.678232e-10	-1.511287e+01	-2.643991e+02
1.370000e-06	-2.742953e-06	-9.591110e-10	-1.481059e+01	-2.618224e+02
1.380000e-06	-2.686769e-06	-9.500924e-10	-1.450722e+01	-2.592079e+02
1.390000e-06	-2.630341e-06	-9.413018e-10	-1.420254e+01	-2.565557e+02
1.400000e-06	-2.573719e-06	-9.317633e-10	-1.389681e+01	-2.538660e+02
1.410000e-06	-2.516970e-06	-9.203843e-10	-1.359039e+01	-2.511391e+02
1.420000e-06	-2.459903e-06	-9.081951e-10	-1.328226e+01	-2.483752e+02
1.430000e-06	-2.402489e-06	-8.969897e-10	-1.297225e+01	-2.455745e+02
1.440000e-06	-2.344679e-06	-8.867381e-10	-1.266011e+01	-2.427373e+02
1.450000e-06	-2.286634e-06	-8.770353e-10	-1.234670e+01	-2.398637e+02
1.460000e-06	-2.228298e-06	-8.667818e-10	-1.203171e+01	-2.369540e+02
1.470000e-06	-2.169564e-06	-8.553752e-10	-1.171457e+01	-2.340081e+02
1.480000e-06	-2.110651e-06	-8.444288e-10	-1.139647e+01	-2.310259e+02
1.490000e-06	-2.051606e-06	-8.338103e-10	-1.107766e+01	-2.280073e+02
1.500000e-06	-1.992499e-06	-8.212577e-10	-1.075851e+01	-2.249519e+02
1.510000e-06	-1.933251e-06	-8.080504e-10	-1.043860e+01	-2.218591e+02
1.520000e-06	-1.873808e-06	-7.963465e-10	-1.011764e+01	-2.187281e+02
1.530000e-06	-1.814213e-06	-7.848724e-10	-9.795856e+00	-2.155581e+02
1.540000e-06	-1.754587e-06	-7.715366e-10	-9.473901e+00	-2.123479e+02
1.550000e-06	-1.694963e-06	-7.575434e-10	-9.151962e+00	-2.090960e+02
1.560000e-06	-1.635345e-06	-7.446327e-10	-8.830058e+00	-2.058009e+02
1.570000e-06	-1.575659e-06	-7.323437e-10	-8.507782e+00	-2.024606e+02
1.580000e-06	-1.515807e-06	-7.202205e-10	-8.184607e+00	-1.990731e+02
1.590000e-06	-1.455865e-06	-7.074316e-10	-7.860953e+00	-1.956361e+02
1.600000e-06	-1.395886e-06	-6.942405e-10	-7.537096e+00	-1.921471e+02
1.610000e-06	-1.335846e-06	-6.813835e-10	-7.212909e+00	-1.886034e+02
1.620000e-06	-1.275712e-06	-6.682548e-10	-6.888214e+00	-1.850021e+02
1.630000e-06	-1.215530e-06	-6.543875e-10	-6.563260e+00	-1.813403e+02
1.640000e-06	-1.155327e-06	-6.391663e-10	-6.238195e+00	-1.776149e+02
1.650000e-06	-1.095013e-06	-6.238126e-10	-5.912527e+00	-1.738228e+02
1.660000e-06	-1.034599e-06	-6.097997e-10	-5.586323e+00	-1.699608e+02
1.670000e-06	-9.741237e-07	-5.958424e-10	-5.259787e+00	-1.660258e+02
1.680000e-06	-9.136941e-07	-5.806921e-10	-4.933497e+00	-1.620147e+02
1.690000e-06	-8.532089e-07	-5.647731e-10	-4.606906e+00	-1.579246e+02
1.700000e-06	-7.926508e-07	-5.492360e-10	-4.279922e+00	-1.537527e+02
1.710000e-06	-7.321308e-07	-5.341899e-10	-3.953144e+00	-1.494963e+02
1.720000e-06	-6.714204e-07	-5.191385e-10	-3.625339e+00	-1.451531e+02
1.730000e-06	-6.105334e-07	-5.034071e-10	-3.296579e+00	-1.407211e+02
1.740000e-06	-5.496629e-07	-4.869550e-10	-2.967908e+00	-1.361984e+02
1.750000e-06	-4.888128e-07	-4.699924e-10	-2.639347e+00	-1.315839e+02
1.760000e-06	-4.278531e-07	-4.524468e-10	-2.310196e+00	-1.268765e+02
1.770000e-06	-3.667315e-07	-4.338098e-10	-1.980169e+00	-1.220757e+02
1.780000e-06	-3.055719e-07	-4.145034e-10	-1.649937e+00	-1.171815e+02
1.790000e-06	-2.443696e-07	-3.956172e-10	-1.319475e+00	-1.121944e+02
1.800000e-06	-1.831595e-07	-3.779310e-10	-9.889707e-01	-1.071154e+02
1.810000e-06	-1.220281e-07	-3.604562e-10	-6.588915e-01	-1.019461e+02
1.820000e-06	-6.093966e-08	-3.419214e-10	-3.290441e-01	-9.668832e+01
1.830000e-06	1.368035e-10	-3.223914e-10	7.386714e-04	-9.134481e+01
1.840000e-06	6.123467e-08	-3.029184e-10	3.306369e-01	-8.591862e+01
1.850000e-06	1.222918e-07	-2.841635e-10	6.603155e-01	-8.041335e+01
1.860000e-06	1.833138e-07	-2.642097e-10	9.898037e-01	-7.483309e+01
1.870000e-06	2.443269e-07	-2.420139e-10	1.319244e+00	-6.918241e+01
1.880000e-06	3.052914e-07	-2.192728e-10	1.648422e+00	-6.346629e+01
1.890000e-06	3.661891e-07	-1.975695e-10	1.977240e+00	-5.769011e+01
1.900000e-06	4.271822e-07	-1.763459e-10	2.306573e+00	-5.185961e+01
1.910000e-06	4.882929e-07	-1.546740e-10	2.636541e+00	-4.598084e+01
1.920000e-06	5.493287e-07	-1.321533e-10	2.966104e+00	-4.006009e+01
1.930000e-06	6.102640e-07	-1.096562e-10	3.295124e+00	-3.410389e+01
1.940000e-06	6.711389e-07	-8.789834e-11	3.623818e+00	-2.811889e+01
1.950000e-06	7.318602e-07	-6.514111e-11	3.951684e+00	-2.211186e+01
1.960000e-06	7.924434e-07	-4.118948e-11	4.278803e+00	-1.608961e+01
1.970000e-06	8.531272e-07	-1.808564e-11	4.606465e+00	-1.005892e+01
1.980000e-06	9.138204e-07	4.531808e-12	4.934178e+00	-4.026511e+00
1.990000e-06	9.742990e-07	2.680721e-11	5.260733e+00	2.001006e+00
2.000000e-06	1.034628e-06	4.793908e-11	5.586481e+00	8.017208e+00
2.010000e-06	1.094958e-06	6.875644e-11	5.912234e+00	1.401589e+01
2.020000e-06	1.155229e-06	9.019403e-11	6.237667e+00	1.999110e+01
2.030000e-06	1.215322e-06	1.120316e-10	6.562137e+00	2.593722e+01
2.040000e-06	1.275315e-06	1.335845e-10	6.886072e+00	3.184893e+01
2.050000e-06	1.335282e-06	1.556557e-10	7.209863e+00	3.772132e+01
2.060000e-06	1.395245e-06	1.779383e-10	7.533632e+00	4.354985e+01
2.070000e-06	1.455096e-06	1.992020e-10	7.856798e+00	4.933040e+01
2.080000e-06	1.514816e-06	2.196022e-10	8.179260e+00	5.505929e+01
2.090000e-06	1.574502e-06	2.402196e-10	8.501532e+00	6.073326e+01
2.100000e-06	1.634187e-06	2.614785e-10	8.823804e+00	6.634950e+01
2.110000e-06	1.693867e-06	2.823435e-10	9.146045e+00	7.190564e+01
2.120000e-06	1.753461e-06	3.023644e-10	9.467825e+00	7.739971e+01
2.130000e-06	1.813009e-06	3.222402e-10	9.789353e+00	8.283019e+01
2.140000e-06	1.872498e-06	3.425606e-10	1.011056e+01	8.819593e+01
2.150000e-06	1.931858e-06	3.628740e-10	1.043108e+01	9.349616e+01
2.160000e-06	1.991150e-06	3.822372e-10	1.075123e+01	9.873046e+01
2.170000e-06	2.050240e-06	4.005981e-10	1.107029e+01	1.038987e+02
2.180000e-06	2.109077e-06	4.195149e-10	1.138797e+01	1.090011e+02
2.190000e-06	2.167751e-06	4.391139e-10	1.170479e+01	1.140381e+02
2.200000e-06	2.226251e-06	4.574238e-10	1.202066e+01	1.190104e+02
2.210000e-06	2.284573e-06	4.745207e-10	1.233556e+01	1.239186e+02
2.220000e-06	2.342663e-06	4.916530e-10	1.264922e+01	1.287640e+02
2.230000e-06	2.400167e-06	5.083617e-10	1.295971e+01	1.335475e+02
2.240000e-06	2.457215e-06	5.251201e-10	1.326775e+01	1.382702e+02
2.250000e-06	2.514034e-06	5.427961e-10	1.357454e+01	1.429335e+02
2.260000e-06	2.570632e-06	5.605876e-10	1.388014e+01	1.475385e+02
2.270000e-06	2.627064e-06	5.778100e-10	1.418485e+01	1.520864e+02
2.280000e-06	2.683257e-06	5.948070e-10	1.448826e+01	1.565784e+02
2.290000e-06	2.739271e-06	6.116143e-10	1.479071e+01	1.610156e+02
2.300000e-06	2.795072e-06	6.271729e-10	1.509201e+01	1.653989e+02
2.310000e-06	2.850735e-06	6.415079e-10	1.539256e+01	1.697292e+02
2.320000e-06	2.906350e-06	6.562407e-10	1.569285e+01	1.740074e+02
2.330000e-06	2.961897e-06	6.720365e-10	1.599278e+01	1.782340e+02
2.340000e-06	3.017278e-06	6.879094e-10	1.629181e+01	1.824097e+02
2.350000e-06	3.072524e-06	7.027044e-10	1.659011e+01	1.865347e+02
2.360000e-06	3.127541e-06	7.166153e-10	1.688717e+01	1.906093e+02
2.370000e-06	3.182280e-06	7.309038e-10	1.718274e+01	1.946337e+02
2.380000e-06	3.236767e-06	7.460227e-10	1.747694e+01	1.986079e+02
2.390000e-06	3.291040e-06	7.610793e-10	1.776999e+01	2.025317e+02
2.400000e-06	3.345104e-06	7.758467e-10	1.806191e+01	2.064049e+02
2.410000e-06	3.398938e-06	7.901568e-10	1.835259e+01	2.102272e+02
2.420000e-06	3.452579e-06	8.035913e-10	1.864222e+01	2.139982e+02
2.430000e-06	3.506001e-06	8.170017e-10	1.893068e+01	2.177176e+02
2.440000e-06	3.559227e-06	8.306641e-10	1.921807e+01	2.213848e+02
2.450000e-06	3.612164e-06	8.438855e-10	1.950390e+01	2.249993e+02
2.460000e-06	3.664717e-06	8.566068e-10	1.978766e+01	2.285606e+02
2.470000e-06	3.717018e-06	8.690041e-10	2.007006e+01	2.320683e+02
2.480000e-06	3.769071e-06	8.812750e-10	2.035112e+01	2.355219e+02
2.490000e-06	3.820743e-06	8.928621e-10	2.063013e+01	2.389209e+02
2.500000e-06	3.872079e-06	9.036485e-10	2.090731e+01	2.422650e+02
2.510000e-06	3.923127e-06	9.143775e-10	2.118295e+01	2.455540e+02
2.520000e-06	3.973824e-06	9.256318e-10	2.145668e+01	2.487876e+02
2.530000e-06	4.023975e-06	9.371664e-10	2.172747e+01	2.519656e+02
2.540000e-06	4.073594e-06	9.489507e-10	2.199539e+01	2.550882e+02
2.550000e-06	4.122919e-06	9.603118e-10	2.226172e+01	2.581553e+02
2.560000e-06	4.171833e-06	9.702905e-10	2.252584e+01	2.611671e+02
2.570000e-06	4.220239e-06	9.799393e-10	2.278720e+01	2.641240e+02
2.580000e-06	4.268360e-06	9.910681e-10	2.304703e+01	2.670263e+02
2.590000e-06	4.316247e-06	1.002392e-09	2.330560e+01	2.698745e+02
2.600000e-06	4.363917e-06	1.012133e-09	2.356300e+01	2.726692e+02
2.610000e-06	4.411328e-06	1.021650e-09	2.381899e+01	2.754111e+02
2.620000e-06	4.458440e-06	1.032178e-09	2.407337e+01	2.781009e+02
2.630000e-06	4.505349e-06	1.042408e-09	2.432666e+01	2.807396e+02
2.640000e-06	4.551832e-06	1.050614e-09	2.457764e+01	2.833279e+02
2.650000e-06	4.597839e-06	1.058748e-09	2.482606e+01	2.858669e+02
2.660000e-06	4.643693e-06	1.067736e-09	2.507365e+01	2.883576e+02
2.670000e-06	4.689346e-06	1.076088e-09	2.532015e+01	2.908009e+02
2.680000e-06	4.734559e-06	1.083093e-09	2.556428e+01	2.931980e+02
2.690000e-06	4.779416e-06	1.090320e-09	2.580648e+01	2.955498e+02
2.700000e-06	4.824030e-06	1.098955e-09	2.604738e+01	2.978575e+02
2.710000e-06	4.868314e-06	1.108238e-09	2.628649e+01	3.001221e+02
2.720000e-06	4.912259e-06	1.117302e-09	2.652377e+01	3.023445e+02
2.730000e-06	4.955980e-06	1.125243e-09	2.675984e+01	3.045259e+02
2.740000e-06	4.999604e-06	1.133148e-09	2.699539e+01	3.066671e+02
2.750000e-06	5.043048e-06	1.141672e-09	2.722997e+01	3.087691e+02
2.760000e-06	5.086161e-06	1.149014e-09	2.746276e+01	3.108328e+02
2.770000e-06	5.128770e-06	1.155830e-09	2.769283e+01	3.128588e+02
2.780000e-06	5.170686e-06	1.162960e-09	2.791915e+01	3.148481e+02
2.790000e-06	5.211906e-06	1.169688e-09	2.814172e+01	3.168014e+02
2.800000e-06	5.252469e-06	1.176421e-09	2.836074e+01	3.187192e+02
2.810000e-06	5.292578e-06	1.184194e-09	2.857731e+01	3.206021e+02
2.820000e-06	5.332454e-06	1.192561e-09	2.879262e+01	3.224509e+02
2.830000e-06	5.372123e-06	1.200186e-09	2.900681e+01	3.242659e+02
2.840000e-06	5.411494e-06	1.207186e-09	2.921939e+01	3.260476e+02
2.850000e-06	5.450555e-06	1.214230e-09	2.943030e+01	3.277965e+02
2.860000e-06	5.489268e-06	1.221261e-09	2.963934e+01	3.295129e+02
2.870000e-06	5.527549e-06	1.227617e-09	2.984603e+01	3.311974e+02
2.880000e-06	5.565463e-06	1.233343e-09	3.005075e+01	3.328501e+02
2.890000e-06	5.603004e-06	1.239298e-09	3.025345e+01	3.344716e+02
2.900000e-06	5.640162e-06	1.245875e-09	3.045409e+01	3.360621e+02
2.910000e-06	5.676857e-06	1.253293e-09	3.065222e+01	3.376221e+02
2.920000e-06	5.713069e-06	1.260823e-09	3.084775e+01	3.391519e+02
2.930000e-06	5.748926e-06	1.267215e-09	3.104136e+01	3.406519e+02
2.940000e-06	5.784586e-06	1.272895e-09	3.123391e+01	3.421225e+02
2.950000e-06	5.820033e-06	1.278901e-09	3.142530e+01	3.435642e+02
2.960000e-06	5.855108e-06	1.285243e-09	3.161469e+01	3.449775e+02
2.970000e-06	5.889666e-06	1.290623e-09	3.180129e+01	3.463628e+02
2.980000e-06	5.923634e-06	1.295338e-09	3.198470e+01	3.477207e+02
2.990000e-06	5.956974e-06	1.301063e-09	3.216472e+01	3.490518e+02
3.000000e-06	5.989628e-06	1.307018e-09	3.234103e+01	3.503567e+02
3.010000e-06	6.021703e-06	1.312018e-09	3.251422e+01	3.516361e+02
3.020000e-06	6.053423e-06	1.316485e-09	3.268549e+01	3.528906e+02
3.030000e-06	6.084926e-06	1.321088e-09	3.285560e+01	3.541210e+02
3.040000e-06	6.116109e-06	1.326657e-09	3.302397e+01	3.553280e+02
3.050000e-06	6.146784e-06	1.333584e-09	3.318960e+01	3.565123e+02
3.060000e-06	6.176937e-06	1.339713e-09	3.335241e+01	3.576748e+02
3.070000e-06	6.206698e-06	1.344071e-09	3.351310e+01	3.588162e+02
3.080000e-06	6.236097e-06	1.348104e-09	3.367184e+01	3.599373e+02
3.090000e-06	6.265163e-06	1.352395e-09	3.382878e+01	3.610389e+02
3.100000e-06	6.293805e-06	1.356189e-09	3.398344e+01	3.621217e+02
3.110000e-06	6.322018e-06	1.359084e-09	3.413577e+01	3.631866e+02
3.120000e-06	6.349936e-06	1.362448e-09	3.428652e+01	3.642342e+02
3.130000e-06	6.377564e-06	1.367914e-09	3.443569e+01	3.652652e+02
3.140000e-06	6.404942e-06	1.374761e-09	3.458352e+01	3.662804e+02
3.150000e-06	6.431872e-06	1.380220e-09	3.472893e+01	3.672803e+02
3.160000e-06	6.458005e-06	1.383483e-09	3.487003e+01	3.682655e+02
3.170000e-06	6.483327e-06	1.385775e-09	3.500676e+01	3.692365e+02
3.180000e-06	6.507941e-06	1.388437e-09	3.513967e+01	3.701938e+02
3.190000e-06	6.531971e-06	1.391671e-09	3.526942e+01	3.711377e+02
3.200000e-06	6.555650e-06	1.395349e-09	3.539727e+01	3.720686e+02
3.210000e-06	6.579032e-06	1.399749e-09	3.552352e+01	3.729868e+02
3.220000e-06	6.601992e-06	1.405426e-09	3.564750e+01	3.738923e+02
3.230000e-06	6.624477e-06	1.411964e-09	3.576890e+01	3.747854e+02
3.240000e-06	6.646474e-06	1.417480e-09	3.588767e+01	3.756660e+02
3.250000e-06	6.667956e-06	1.420000e-09	3.600367e+01	3.765343e+02
3.260000e-06	6.689039e-06	1.420520e-09	3.611751e+01	3.773899e+02
3.270000e-06	6.709604e-06	1.423545e-09	3.622855e+01	3.782329e+02
3.280000e-06	6.729625e-06	1.429285e-09	3.633665e+01	3.790631e+02
3.290000e-06	6.749388e-06	1.434656e-09	3.644336e+01	3.798801e+02
3.300000e-06	6.768890e-06	1.438508e-09	3.654866e+01	3.806836e+02
3.310000e-06	6.787970e-06	1.441300e-09	3.665168e+01	3.814733e+02
3.320000e-06	6.806520e-06	1.444648e-09	3.675184e+01	3.822488e+02
3.330000e-06	6.824603e-06	1.448834e-09	3.684949e+01	3.830098e+02
3.340000e-06	6.842109e-06	1.453103e-09	3.694401e+01	3.837556e+02
3.350000e-06	6.859089e-06	1.456923e-09	3.703569e+01	3.844859e+02
3.360000e-06	6.875706e-06	1.459842e-09	3.712541e+01	3.852002e+02
3.370000e-06	6.891976e-06	1.463120e-09	3.721326e+01	3.858980e+02
3.380000e-06	6.907685e-06	1.467168e-09	3.729808e+01	3.865788e+02
3.390000e-06	6.922697e-06	1.470691e-09	3.737914e+01	3.872421e+02
3.400000e-06	6.937250e-06	1.473921e-09	3.745772e+01	3.878875e+02
3.410000e-06	6.951279e-06	1.477863e-09	3.753347e+01	3.885146e+02
3.420000e-06	6.964641e-06	1.482624e-09	3.760562e+01	3.891228e+02
3.430000e-06	6.977489e-06	1.486722e-09	3.767500e+01	3.897117e+02
3.440000e-06	6.989829e-06	1.489559e-09	3.774162e+01	3.902811e+02
3.450000e-06	7.001538e-06	1.492341e-09	3.780485e+01	3.908305e+02
3.460000e-06	7.012683e-06	1.495749e-09	3.786502e+01	3.913596e+02
3.470000e-06	7.023214e-06	1.498686e-09	3.792189e+01	3.918682e+02
3.480000e-06	7.032943e-06	1.500525e-09	3.797442e+01	3.923560e+02
3.490000e-06	7.041901e-06	1.502691e-09	3.802278e+01	3.928229e+02
3.500000e-06	7.050275e-06	1.505883e-09	3.806800e+01	3.932687e+02
3.510000e-06	7.058169e-06	1.508925e-09	3.811063e+01	3.936932e+02
3.520000e-06	7.065775e-06	1.511331e-09	3.815169e+01	3.940964e+02
3.530000e-06	7.073107e-06	1.514296e-09	3.819128e+01	3.944783e+02
3.540000e-06	7.079908e-06	1.517277e-09	3.822801e+01	3.948389e+02
3.550000e-06	7.086180e-06	1.519246e-09	3.826187e+01	3.951782e+02
3.560000e-06	7.091993e-06	1.521594e-09	3.829326e+01	3.954963e+02
3.570000e-06	7.097240e-06	1.523304e-09	3.832159e+01	3.957934e+02
3.580000e-06	7.101996e-06	1.524063e-09	3.834727e+01	3.960695e+02
3.590000e-06	7.106313e-06	1.525614e-09	3.837058e+01	3.963248e+02
3.600000e-06	7.110272e-06	1.528045e-09	3.839195e+01	3.965597e+02
3.610000e-06	7.113867e-06	1.530476e-09	3.841137e+01	3.967743e+02
3.620000e-06	7.116979e-06	1.531683e-09	3.842817e+01	3.969689e+02
3.630000e-06	7.119537e-06	1.533065e-09	3.844198e+01	3.971438e+02
3.640000e-06	7.121346e-06	1.535644e-09	3.845175e+01	3.972993e+02
3.650000e-06	7.122420e-06	1.536899e-09	3.845755e+01	3.974358e+02
3.660000e-06	7.122874e-06	1.537174e-09	3.846000e+01	3.975536e+02
3.670000e-06	7.122749e-06	1.538237e-09	3.845932e+01	3.976532e+02
3.680000e-06	7.122309e-06	1.539665e-09	3.845695e+01	3.977349e+02
3.690000e-06	7.121571e-06	1.541136e-09	3.845296e+01	3.977991e+02
3.700000e-06	7.120379e-06	1.543201e-09	3.844653e+01	3.978464e+02
3.710000e-06	7.118691e-06	1.545330e-09	3.843741e+01	3.978771e+02
3.720000e-06	7.116524e-06	1.545743e-09	3.842571e+01	3.978918e+02
3.730000e-06	7.113933e-06	1.547562e-09	3.841172e+01	3.978908e+02
3.740000e-06	7.110895e-06	1.543571e-09	3.839532e+01	3.978748e+02
3.750000e-06	7.107349e-06	1.522376e-09	3.837617e+01	3.978442e+02
3.760000e-06	7.103201e-06	1.527554e-09	3.835378e+01	3.977994e+02
3.770000e-06	7.098406e-06	1.594548e-09	3.832788e+01	3.977410e+02
3.780000e-06	7.092688e-06	1.602899e-09	3.829701e+01	3.976695e+02
3.790000e-06	7.086231e-06	1.490721e-09	3.826214e+01	3.975854e+02
3.800000e-06	7.079786e-06	1.463012e-09	3.822735e+01	3.974892e+02
3.810000e-06	7.073273e-06	1.594608e-09	3.819218e+01	3.973813e+02
3.820000e-06	7.066007e-06	1.627249e-09	3.815294e+01	3.972622e+02
3.830000e-06	7.057906e-06	1.476162e-09	3.810921e+01	3.971323e+02
3.840000e-06	7.049447e-06	1.447598e-09	3.806353e+01	3.969920e+02
3.850000e-06	7.040719e-06	1.635362e-09	3.801640e+01	3.968418e+02
3.860000e-06	7.031398e-06	1.667201e-09	3.796608e+01	3.966820e+02
3.870000e-06	7.021467e-06	1.443952e-09	3.791245e+01	3.965128e+02
3.880000e-06	7.011196e-06	1.411694e-09	3.785700e+01	3.963346e+02
3.890000e-06	7.000619e-06	1.645863e-09	3.779988e+01	3.961477e+02
3.900000e-06	6.989464e-06	1.660388e-09	3.773965e+01	3.959520e+02
3.910000e-06	6.977511e-06	1.436778e-09	3.767511e+01	3.957479e+02
3.920000e-06	6.965038e-06	1.474588e-09	3.760776e+01	3.955353e+02
3.930000e-06	6.952140e-06	1.686085e-09	3.753812e+01	3.953143e+02
3.940000e-06	6.938329e-06	1.589240e-09	3.746355e+01	3.950849e+02
3.950000e-06	6.923702e-06	1.403685e-09	3.738457e+01	3.948468e+02
3.960000e-06	6.908596e-06	1.547729e-09	3.730300e+01	3.946000e+02
3.970000e-06	6.892865e-06	1.680220e-09	3.721806e+01	3.943442e+02
3.980000e-06	6.876542e-06	1.505749e-09	3.712993e+01	3.940792e+02
3.990000e-06	6.859895e-06	1.462175e-09	3.704004e+01	3.938045e+02
4.000000e-06	6.842936e-06	1.650034e-09	3.694847e+01	3.935198e+02
4.010000e-06	6.825475e-06	1.592336e-09	3.685419e+01	3.932247e+02
4.020000e-06	6.807499e-06	1.414648e-09	3.675713e+01	3.929186e+02
4.030000e-06	6.789074e-06	1.548769e-09	3.665765e+01	3.926011e+02
4.040000e-06	6.770162e-06	1.674844e-09	3.655553e+01	3.922715e+02
4.050000e-06	6.750695e-06	1.499368e-09	3.645042e+01	3.919293e+02
4.060000e-06	6.730847e-06	1.461461e-09	3.634325e+01	3.915739e+02
4.070000e-06	6.710754e-06	1.640014e-09	3.623475e+01	3.912046e+02
4.080000e-06	6.690304e-06	1.581187e-09	3.612434e+01	3.908209e+02
4.090000e-06	6.669326e-06	1.440360e-09	3.601106e+01	3.904221e+02
4.100000e-06	6.647793e-06	1.555983e-09	3.589480e+01	3.900077e+02
4.110000e-06	6.625624e-06	1.613591e-09	3.577509e+01	3.895771e+02
4.120000e-06	6.602630e-06	1.483222e-09	3.565094e+01	3.891296e+02
4.130000e-06	6.578996e-06	1.517410e-09	3.552332e+01	3.886649e+02
4.140000e-06	6.554896e-06	1.613734e-09	3.539320e+01	3.881825e+02
4.150000e-06	6.530429e-06	1.512933e-09	3.526109e+01	3.876820e+02
4.160000e-06	6.505638e-06	1.475606e-09	3.512723e+01	3.871629e+02
4.170000e-06	6.480319e-06	1.584140e-09	3.499052e+01	3.866251e+02
4.180000e-06	6.454458e-06	1.554121e-09	3.485088e+01	3.860683e+02
4.190000e-06	6.428317e-06	1.484004e-09	3.470974e+01	3.854923e+02
4.200000e-06	6.401827e-06	1.551241e-09	3.456670e+01	3.848971e+02
4.210000e-06	6.374733e-06	1.558171e-09	3.442041e+01	3.842826e+02
4.220000e-06	6.347069e-06	1.489799e-09	3.427104e+01	3.836488e+02
4.230000e-06	6.319060e-06	1.524648e-09	3.411980e+01	3.829958e+02
4.240000e-06	6.290814e-06	1.552822e-09	3.396729e+01	3.823238e+02
4.250000e-06	6.262211e-06	1.499750e-09	3.381284e+01	3.816330e+02
4.260000e-06	6.233230e-06	1.509446e-09	3.365636e+01	3.809237e+02
4.270000e-06	6.203705e-06	1.544737e-09	3.349694e+01	3.801960e+02
4.280000e-06	6.173488e-06	1.511391e-09	3.333378e+01	3.794503e+02
4.290000e-06	6.142639e-06	1.497426e-09	3.316722e+01	3.786870e+02
4.300000e-06	6.111096e-06	1.519838e-09	3.299690e+01	3.779063e+02
4.310000e-06	6.079004e-06	1.509409e-09	3.282362e+01	3.771086e+02
4.320000e-06	6.046588e-06	1.502553e-09	3.264859e+01	3.762943e+02
4.330000e-06	6.013832e-06	1.515217e-09	3.247172e+01	3.754636e+02
4.340000e-06	5.980675e-06	1.504213e-09	3.229269e+01	3.746168e+02
4.350000e-06	5.947108e-06	1.492483e-09	3.211144e+01	3.737542e+02
4.360000e-06	5.913145e-06	1.498065e-09	3.192806e+01	3.728760e+02
4.370000e-06	5.878872e-06	1.495251e-09	3.174300e+01	3.719823e+02
4.380000e-06	5.844199e-06	1.492465e-09	3.155579e+01	3.710732e+02
4.390000e-06	5.809137e-06	1.494381e-09	3.136647e+01	3.701488e+02
4.400000e-06	5.773734e-06	1.488166e-09	3.117531e+01	3.692090e+02
4.410000e-06	5.737882e-06	1.486065e-09	3.098173e+01	3.682538e+02
4.420000e-06	5.701669e-06	1.487972e-09	3.078619e+01	3.672830e+02
4.430000e-06	5.665225e-06	1.478353e-09	3.058941e+01	3.662963e+02
4.440000e-06	5.628410e-06	1.471039e-09	3.039063e+01	3.652935e+02
4.450000e-06	5.591085e-06	1.474702e-09	3.018910e+01	3.642741e+02
4.460000e-06	5.553328e-06	1.473498e-09	2.998523e+01	3.632379e+02
4.470000e-06	5.515060e-06	1.467313e-09	2.977860e+01	3.621843e+02
4.480000e-06	5.476151e-06	1.464119e-09	2.956851e+01	3.611129e+02
4.490000e-06	5.436622e-06	1.458918e-09	2.935507e+01	3.600231e+02
4.500000e-06	5.396648e-06	1.453426e-09	2.913923e+01	3.589143e+02
4.510000e-06	5.356453e-06	1.453847e-09	2.892220e+01	3.577860e+02
4.520000e-06	5.315981e-06	1.453685e-09	2.870367e+01	3.566376e+02
4.530000e-06	5.275103e-06	1.447980e-09	2.848295e+01	3.554685e+02
4.540000e-06	5.233881e-06	1.441933e-09	2.826037e+01	3.542782e+02
4.550000e-06	5.192301e-06	1.438604e-09	2.803586e+01	3.530661e+02
4.560000e-06	5.150325e-06	1.435629e-09	2.780921e+01	3.518317e+02
4.570000e-06	5.108057e-06	1.431280e-09	2.758098e+01	3.505746e+02
4.580000e-06	5.065439e-06	1.425791e-09	2.735087e+01	3.492943e+02
4.590000e-06	5.022430e-06	1.421941e-09	2.711864e+01	3.479905e+02
4.600000e-06	4.979057e-06	1.420736e-09	2.688445e+01	3.466628e+02
4.610000e-06	4.935254e-06	1.417445e-09	2.664793e+01	3.453111e+02
4.620000e-06	4.891138e-06	1.409475e-09	2.640973e+01	3.439350e+02
4.630000e-06	4.846855e-06	1.402365e-09	2.617062e+01	3.425346e+02
4.640000e-06	4.802354e-06	1.398212e-09	2.593034e+01	3.411097e+02
4.650000e-06	4.757659e-06	1.394632e-09	2.568901e+01	3.396603e+02
4.660000e-06	4.712729e-06	1.390110e-09	2.544641e+01	3.381864e+02
4.670000e-06	4.667437e-06	1.383754e-09	2.520186e+01	3.366882e+02
4.680000e-06	4.621718e-06	1.375663e-09	2.495499e+01	3.351657e+02
4.690000e-06	4.575534e-06	1.368729e-09	2.470562e+01	3.336192e+02
4.700000e-06	4.529062e-06	1.364269e-09	2.445470e+01	3.320486e+02
4.710000e-06	4.482256e-06	1.360051e-09	2.420197e+01	3.304543e+02
4.720000e-06	4.435080e-06	1.354492e-09	2.394724e+01	3.288365e+02
4.730000e-06	4.387702e-06	1.348201e-09	2.369142e+01	3.271951e+02
4.740000e-06	4.340090e-06	1.342834e-09	2.343434e+01	3.255304e+02
4.750000e-06	4.292254e-06	1.338364e-09	2.317605e+01	3.238425e+02
4.760000e-06	4.244045e-06	1.332378e-09	2.291575e+01	3.221315e+02
4.770000e-06	4.195364e-06	1.324897e-09	2.265289e+01	3.203972e+02
4.780000e-06	4.146304e-06	1.317987e-09	2.238799e+01	3.186396e+02
4.790000e-06	4.096853e-06	1.312673e-09	2.212098e+01	3.168586e+02
4.800000e-06	4.047075e-06	1.307577e-09	2.185220e+01	3.150539e+02
4.810000e-06	3.997013e-06	1.300841e-09	2.158190e+01	3.132253e+02
4.820000e-06	3.946657e-06	1.293321e-09	2.131000e+01	3.113723e+02
4.830000e-06	3.896036e-06	1.285381e-09	2.103667e+01	3.094946e+02
4.840000e-06	3.845054e-06	1.277273e-09	2.076139e+01	3.075915e+02
4.850000e-06	3.793717e-06	1.269735e-09	2.048420e+01	3.056624e+02
4.860000e-06	3.742052e-06	1.263091e-09	2.020523e+01	3.037066e+02
4.870000e-06	3.690057e-06	1.256484e-09	1.992448e+01	3.017235e+02
4.880000e-06	3.637867e-06	1.249137e-09	1.964268e+01	2.997121e+02
4.890000e-06	3.585476e-06	1.241961e-09	1.935980e+01	2.976717e+02
4.900000e-06	3.532843e-06	1.234647e-09	1.907561e+01	2.956014e+02
4.910000e-06	3.479995e-06	1.224884e-09	1.879025e+01	2.935003e+02
4.920000e-06	3.426751e-06	1.214054e-09	1.850276e+01	2.913676e+02
4.930000e-06	3.373025e-06	1.205121e-09	1.821267e+01	2.892023e+02
4.940000e-06	3.318887e-06	1.197199e-09	1.792035e+01	2.870037e+02
4.950000e-06	3.264286e-06	1.188765e-09	1.762553e+01	2.847709e+02
4.960000e-06	3.209371e-06	1.179932e-09	1.732902e+01	2.825033e+02
4.970000e-06	3.154121e-06	1.171514e-09	1.703070e+01	2.802000e+02
4.980000e-06	3.098534e-06	1.162847e-09	1.673055e+01	2.778606e+02
4.990000e-06	3.042746e-06	1.153157e-09	1.642932e+01	2.754845e+02
5.000000e-06	2.986682e-06	1.143854e-09	1.612661e+01	2.730713e+02
5.010000e-06	2.930455e-06	1.135209e-09	1.582301e+01	2.706206e+02
5.020000e-06	2.874169e-06	1.125675e-09	1.551909e+01	2.681323e+02
5.030000e-06	2.817793e-06	1.114227e-09	1.521469e+01	2.656062e+02
5.040000e-06	2.761313e-06	1.102529e-09	1.490973e+01	2.630422e+02
5.050000e-06	2.704745e-06	1.091397e-09	1.460428e+01	2.604403e+02
5.060000e-06	2.648057e-06	1.080800e-09	1.429820e+01	2.578008e+02
5.070000e-06	2.591146e-06	1.070900e-09	1.399091e+01	2.551237e+02
5.080000e-06	2.534034e-06	1.059825e-09	1.368253e+01	2.524092e+02
5.090000e-06	2.476718e-06	1.047886e-09	1.337305e+01	2.496577e+02
5.100000e-06	2.419150e-06	1.036487e-09	1.306222e+01	2.468693e+02
5.110000e-06	2.361395e-06	1.024691e-09	1.275037e+01	2.440443e+02
5.120000e-06	2.303512e-06	1.012495e-09	1.243782e+01	2.411830e+02
5.130000e-06	2.245406e-06	1.000510e-09	1.212408e+01	2.382854e+02
5.140000e-06	2.187089e-06	9.888221e-10	1.180920e+01	2.353516e+02
5.150000e-06	2.128593e-06	9.774988e-10	1.149335e+01	2.323816e+02
5.160000e-06	2.069942e-06	9.662232e-10	1.117666e+01	2.293753e+02
5.170000e-06	2.011221e-06	9.539797e-10	1.085960e+01	2.263323e+02
5.180000e-06	1.952313e-06	9.400424e-10	1.054153e+01	2.232520e+02
5.190000e-06	1.893246e-06	9.266268e-10	1.022259e+01	2.201340e+02
5.200000e-06	1.834179e-06	9.146021e-10	9.903658e+00	2.169772e+02
5.210000e-06	1.774965e-06	9.015307e-10	9.583934e+00	2.137806e+02
5.220000e-06	1.715575e-06	8.876461e-10	9.263256e+00	2.105429e+02
5.230000e-06	1.656056e-06	8.745402e-10	8.941884e+00	2.072624e+02
5.240000e-06	1.596338e-06	8.609028e-10	8.619436e+00	2.039375e+02
5.250000e-06	1.536518e-06	8.469029e-10	8.296439e+00	2.005661e+02
5.260000e-06	1.476677e-06	8.334553e-10	7.973329e+00	1.971459e+02
5.270000e-06	1.416722e-06	8.190096e-10	7.649600e+00	1.936746e+02
5.280000e-06	1.356656e-06	8.033216e-10	7.325274e+00	1.901495e+02
5.290000e-06	1.296567e-06	7.882099e-10	7.000823e+00	1.865678e+02
5.300000e-06	1.236432e-06	7.739000e-10	6.676124e+00	1.829266e+02
5.310000e-06	1.176254e-06	7.585954e-10	6.351191e+00	1.792228e+02
5.320000e-06	1.116025e-06	7.415804e-10	6.025981e+00	1.754534e+02
5.330000e-06	1.055754e-06	7.248647e-10	5.700549e+00	1.716151e+02
5.340000e-06	9.954538e-07	7.101978e-10	5.374959e+00	1.677049e+02
5.350000e-06	9.351126e-07	6.963768e-10	5.049146e+00	1.637196e+02
5.360000e-06	8.747949e-07	6.809940e-10	4.723460e+00	1.596563e+02
5.370000e-06	8.145325e-07	6.626047e-10	4.398073e+00	1.555120e+02
5.380000e-06	7.542411e-07	6.426015e-10	4.072529e+00	1.512841e+02
5.390000e-06	6.938686e-07	6.237258e-10	3.746547e+00	1.469702e+02
5.400000e-06	6.333981e-07	6.062612e-10	3.420037e+00	1.425680e+02
5.410000e-06	5.728479e-07	5.880646e-10	3.093095e+00	1.380759e+02
5.420000e-06	5.122616e-07	5.686907e-10	2.765959e+00	1.334922e+02
5.430000e-06	4.516319e-07	5.492122e-10	2.438589e+00	1.288158e+02
5.440000e-06	3.909918e-07	5.303654e-10	2.111163e+00	1.240463e+02
5.450000e-06	3.304227e-07	5.115225e-10	1.784119e+00	1.191833e+02
5.460000e-06	2.699134e-07	4.911348e-10	1.457399e+00	1.142272e+02
5.470000e-06	2.093380e-07	4.690975e-10	1.130322e+00	1.091788e+02
5.480000e-06	1.487466e-07	4.467533e-10	8.031580e-01	1.040394e+02
5.490000e-06	8.821819e-08	4.243083e-10	4.763346e-01	9.881095e+01
5.500000e-06	2.773021e-08	4.012355e-10	1.497294e-01	9.349580e+01
5.510000e-06	-3.272253e-08	3.777652e-10	-1.766855e-01	8.809687e+01
5.520000e-06	-9.326197e-08	3.536373e-10	-5.035685e-01	8.261761e+01
5.530000e-06	-1.539073e-07	3.298550e-10	-8.310233e-01	7.706195e+01
5.540000e-06	-2.144711e-07	3.076511e-10	-1.158038e+00	7.143429e+01
5.550000e-06	-2.749552e-07	2.859813e-10	-1.484622e+00	6.573948e+01
5.560000e-06	-3.354617e-07	2.630396e-10	-1.811327e+00	5.998278e+01
5.570000e-06	-3.960088e-07	2.386569e-10	-2.138252e+00	5.416982e+01
5.580000e-06	-4.566136e-07	2.140557e-10	-2.465488e+00	4.830653e+01
5.590000e-06	-5.171538e-07	1.897798e-10	-2.792375e+00	4.239914e+01
5.600000e-06	-5.776849e-07	1.658457e-10	-3.119213e+00	3.645411e+01
5.610000e-06	-6.382101e-07	1.411187e-10	-3.446019e+00	3.047804e+01
5.620000e-06	-6.985650e-07	1.158850e-10	-3.771906e+00	2.447768e+01
5.630000e-06	-7.588407e-07	9.137711e-11	-4.097365e+00	1.845983e+01
5.640000e-06	-8.191960e-07	6.675991e-11	-4.423253e+00	1.243128e+01
5.650000e-06	-8.795801e-07	4.111544e-11	-4.749298e+00	6.398789e+00
5.660000e-06	-9.398745e-07	1.453919e-11	-5.074858e+00	3.690009e-01
5.670000e-06	-1.000112e-06	-1.077583e-11	-5.400111e+00	-5.651593e+00
5.680000e-06	-1.060344e-06	-3.428275e-11	-5.725336e+00	-1.165671e+01
5.690000e-06	-1.120601e-06	-5.829641e-11	-6.050689e+00	-1.764030e+01
5.700000e-06	-1.180832e-06	-8.326204e-11	-6.375909e+00	-2.359664e+01
5.710000e-06	-1.241006e-06	-1.086646e-10	-6.700820e+00	-2.952031e+01
5.720000e-06	-1.301092e-06	-1.337642e-10	-7.025252e+00	-3.540624e+01
5.730000e-06	-1.361087e-06	-1.574752e-10	-7.349198e+00	-4.124979e+01
5.740000e-06	-1.420991e-06	-1.799721e-10	-7.672648e+00	-4.704668e+01
5.750000e-06	-1.480816e-06	-2.026282e-10	-7.995675e+00	-5.279309e+01
5.760000e-06	-1.540578e-06	-2.267097e-10	-8.318360e+00	-5.848562e+01
5.770000e-06	-1.600226e-06	-2.509862e-10	-8.640429e+00	-6.412131e+01
5.780000e-06	-1.659682e-06	-2.745109e-10	-8.961465e+00	-6.969764e+01
5.790000e-06	-1.719081e-06	-2.982409e-10	-9.282185e+00	-7.521251e+01
5.800000e-06	-1.778383e-06	-3.221626e-10	-9.602390e+00	-8.066425e+01
5.810000e-06	-1.837442e-06	-3.446578e-10	-9.921279e+00	-8.605159e+01
5.820000e-06	-1.896422e-06	-3.656473e-10	-1.023974e+01	-9.137363e+01
5.830000e-06	-1.955156e-06	-3.871055e-10	-1.055688e+01	-9.662985e+01
5.840000e-06	-2.013735e-06	-4.087223e-10	-1.087318e+01	-1.018200e+02
5.850000e-06	-2.072282e-06	-4.304844e-10	-1.118930e+01	-1.069443e+02
5.860000e-06	-2.130628e-06	-4.535329e-10	-1.150434e+01	-1.120029e+02
5.870000e-06	-2.188862e-06	-4.759047e-10	-1.181878e+01	-1.169966e+02
5.880000e-06	-2.246936e-06	-4.961388e-10	-1.213234e+01	-1.219260e+02
5.890000e-06	-2.304825e-06	-5.163270e-10	-1.244492e+01	-1.267921e+02
5.900000e-06	-2.362519e-06	-5.377078e-10	-1.275643e+01	-1.315960e+02
5.910000e-06	-2.419973e-06	-5.587959e-10	-1.306666e+01	-1.363388e+02
5.920000e-06	-2.477269e-06	-5.787458e-10	-1.337603e+01	-1.410217e+02
5.930000e-06	-2.534480e-06	-5.987411e-10	-1.368494e+01	-1.456459e+02
5.940000e-06	-2.591536e-06	-6.187947e-10	-1.399301e+01	-1.502126e+02
5.950000e-06	-2.648328e-06	-6.381837e-10	-1.429966e+01	-1.547231e+02
5.960000e-06	-2.704820e-06	-6.572357e-10	-1.460469e+01	-1.591783e+02
5.970000e-06	-2.761140e-06	-6.757456e-10	-1.490879e+01	-1.635794e+02
5.980000e-06	-2.817415e-06	-6.940932e-10	-1.521265e+01	-1.679272e+02
5.990000e-06	-2.873546e-06	-7.132833e-10	-1.551573e+01	-1.722226e+02
6.000000e-06	-2.929542e-06	-7.322212e-10	-1.581808e+01	-1.764663e+02
6.010000e-06	-2.985512e-06	-7.495731e-10	-1.612029e+01	-1.806588e+02
6.020000e-06	-3.041257e-06	-7.664076e-10	-1.642129e+01	-1.848006e+02
6.030000e-06	-3.096738e-06	-7.832060e-10	-1.672086e+01	-1.888919e+02
6.040000e-06	-3.152058e-06	-8.000535e-10	-1.701955e+01	-1.929330e+02
6.050000e-06	-3.206984e-06	-8.173952e-10	-1.731613e+01	-1.969238e+02
6.060000e-06	-3.261587e-06	-8.338143e-10	-1.761096e+01	-2.008643e+02
6.070000e-06	-3.315895e-06	-8.487771e-10	-1.790419e+01	-2.047543e+02
6.080000e-06	-3.369674e-06	-8.643168e-10	-1.819457e+01	-2.085935e+02
6.090000e-06	-3.422988e-06	-8.807323e-10	-1.848244e+01	-2.123816e+02
6.100000e-06	-3.475929e-06	-8.965213e-10	-1.876830e+01	-2.161182e+02
6.110000e-06	-3.528560e-06	-9.115460e-10	-1.905248e+01	-2.198027e+02
6.120000e-06	-3.580983e-06	-9.265101e-10	-1.933554e+01	-2.234348e+02
6.130000e-06	-3.633153e-06	-9.418302e-10	-1.961723e+01	-2.270138e+02
6.140000e-06	-3.685021e-06	-9.581856e-10	-1.989729e+01	-2.305393e+02
6.150000e-06	-3.736655e-06	-9.740109e-10	-2.017609e+01	-2.340109e+02
6.160000e-06	-3.788083e-06	-9.869312e-10	-2.045378e+01	-2.374281e+02
6.170000e-06	-3.839119e-06	-9.985090e-10	-2.072934e+01	-2.407905e+02
6.180000e-06	-3.889781e-06	-1.011951e-09	-2.100289e+01	-2.440978e+02
6.190000e-06	-3.940207e-06	-1.027060e-09	-2.127517e+01	-2.473497e+02
6.200000e-06	-3.990415e-06	-1.040918e-09	-2.154627e+01	-2.505462e+02
6.210000e-06	-4.040322e-06	-1.053260e-09	-2.181574e+01	-2.536872e+02
6.220000e-06	-4.089793e-06	-1.066202e-09	-2.208286e+01	-2.567727e+02
6.230000e-06	-4.138873e-06	-1.079984e-09	-2.234787e+01	-2.598028e+02
6.240000e-06	-4.187717e-06	-1.093196e-09	-2.261160e+01	-2.627779e+02
6.250000e-06	-4.236012e-06	-1.105528e-09	-2.287237e+01	-2.656982e+02
6.260000e-06	-4.283700e-06	-1.117266e-09	-2.312986e+01	-2.685643e+02
6.270000e-06	-4.331065e-06	-1.129087e-09	-2.338561e+01	-2.713767e+02
6.280000e-06	-4.378101e-06	-1.140897e-09	-2.363958e+01	-2.741361e+02
6.290000e-06	-4.424966e-06	-1.150721e-09	-2.389263e+01	-2.768431e+02
6.300000e-06	-4.471578e-06	-1.159635e-09	-2.414431e+01	-2.794986e+02
6.310000e-06	-4.517788e-06	-1.169691e-09	-2.439382e+01	-2.821036e+02
6.320000e-06	-4.563701e-06	-1.181060e-09	-2.464173e+01	-2.846588e+02
6.330000e-06	-4.609456e-06	-1.193521e-09	-2.488878e+01	-2.871654e+02
6.340000e-06	-4.654988e-06	-1.203957e-09	-2.513463e+01	-2.896243e+02
6.350000e-06	-4.700118e-06	-1.211051e-09	-2.537831e+01	-2.920366e+02
6.360000e-06	-4.744847e-06	-1.218123e-09	-2.561983e+01	-2.944033e+02
6.370000e-06	-4.789277e-06	-1.227369e-09	-2.585973e+01	-2.967255e+02
6.380000e-06	-4.833469e-06	-1.237614e-09	-2.609835e+01	-2.990043e+02
6.390000e-06	-4.877520e-06	-1.247805e-09	-2.633620e+01	-3.012406e+02
6.400000e-06	-4.921402e-06	-1.257073e-09	-2.657314e+01	-3.034354e+02
6.410000e-06	-4.965031e-06	-1.265273e-09	-2.680871e+01	-3.055899e+02
6.420000e-06	-5.008270e-06	-1.274284e-09	-2.704219e+01	-3.077048e+02
6.430000e-06	-5.051067e-06	-1.284026e-09	-2.727327e+01	-3.097810e+02
6.440000e-06	-5.093530e-06	-1.293279e-09	-2.750255e+01	-3.118194e+02
6.450000e-06	-5.135618e-06	-1.301596e-09	-2.772980e+01	-3.138208e+02
6.460000e-06	-5.177340e-06	-1.309899e-09	-2.795508e+01	-3.157859e+02
6.470000e-06	-5.218764e-06	-1.318776e-09	-2.817875e+01	-3.177154e+02
6.480000e-06	-5.259808e-06	-1.326657e-09	-2.840036e+01	-3.196098e+02
6.490000e-06	-5.300414e-06	-1.332853e-09	-2.861962e+01	-3.214698e+02
6.500000e-06	-5.340663e-06	-1.338342e-09	-2.883694e+01	-3.232959e+02
6.510000e-06	-5.380653e-06	-1.344217e-09	-2.905287e+01	-3.250886e+02
6.520000e-06	-5.420450e-06	-1.351703e-09	-2.926775e+01	-3.268483e+02
6.530000e-06	-5.460045e-06	-1.360783e-09	-2.948154e+01	-3.285754e+02
6.540000e-06	-5.499119e-06	-1.369061e-09	-2.969252e+01	-3.302704e+02
6.550000e-06	-5.537560e-06	-1.375165e-09	-2.990009e+01	-3.319336e+02
6.560000e-06	-5.575500e-06	-1.380478e-09	-3.010494e+01	-3.335654e+02
6.570000e-06	-5.612848e-06	-1.386756e-09	-3.030660e+01	-3.351661e+02
6.580000e-06	-5.649606e-06	-1.393399e-09	-3.050508e+01	-3.367362e+02
6.590000e-06	-5.685944e-06	-1.399192e-09	-3.070129e+01	-3.382759e+02
6.600000e-06	-5.722097e-06	-1.404938e-09	-3.089650e+01	-3.397857e+02
6.610000e-06	-5.757900e-06	-1.411612e-09	-3.108981e+01	-3.412660e+02
6.620000e-06	-5.793182e-06	-1.418316e-09	-3.128032e+01	-3.427172e+02
6.630000e-06	-5.828085e-06	-1.423836e-09	-3.146878e+01	-3.441398e+02
6.640000e-06	-5.862718e-06	-1.428433e-09	-3.165578e+01	-3.455342e+02
6.650000e-06	-5.896946e-06	-1.432665e-09	-3.184060e+01	-3.469012e+02
6.660000e-06	-5.930689e-06	-1.437698e-09	-3.202279e+01	-3.482411e+02
6.670000e-06	-5.963927e-06	-1.444389e-09	-3.220226e+01	-3.495546e+02
6.680000e-06	-5.996654e-06	-1.449942e-09	-3.237897e+01	-3.508423e+02
6.690000e-06	-6.029058e-06	-1.453925e-09	-3.255393e+01	-3.521049e+02
6.700000e-06	-6.061229e-06	-1.457769e-09	-3.272764e+01	-3.533432e+02
6.710000e-06	-6.093104e-06	-1.461542e-09	-3.289975e+01	-3.545578e+02
6.720000e-06	-6.124505e-06	-1.465033e-09	-3.306930e+01	-3.557496e+02
6.730000e-06	-6.155368e-06	-1.468390e-09	-3.323594e+01	-3.569191e+02
6.740000e-06	-6.185638e-06	-1.472627e-09	-3.339939e+01	-3.580674e+02
6.750000e-06	-6.215292e-06	-1.477751e-09	-3.355951e+01	-3.591951e+02
6.760000e-06	-6.244341e-06	-1.483102e-09	-3.371636e+01	-3.603030e+02
6.770000e-06	-6.272921e-06	-1.487703e-09	-3.387068e+01	-3.613919e+02
6.780000e-06	-6.301171e-06	-1.489280e-09	-3.402321e+01	-3.624626e+02
6.790000e-06	-6.329106e-06	-1.490208e-09	-3.417405e+01	-3.635158e+02
6.800000e-06	-6.356615e-06	-1.494476e-09	-3.432258e+01	-3.645522e+02
6.810000e-06	-6.383556e-06	-1.499504e-09	-3.446805e+01	-3.655725e+02
6.820000e-06	-6.409991e-06	-1.503234e-09	-3.461079e+01	-3.665774e+02
6.830000e-06	-6.436003e-06	-1.505797e-09	-3.475124e+01	-3.675674e+02
6.840000e-06	-6.461627e-06	-1.508047e-09	-3.488960e+01	-3.685430e+02
6.850000e-06	-6.486794e-06	-1.510488e-09	-3.502548e+01	-3.695047e+02
6.860000e-06	-6.511433e-06	-1.512607e-09	-3.515852e+01	-3.704529e+02
6.870000e-06	-6.535633e-06	-1.514433e-09	-3.528919e+01	-3.713881e+02
6.880000e-06	-6.559626e-06	-1.516255e-09	-3.541874e+01	-3.723103e+02
6.890000e-06	-6.583420e-06	-1.518860e-09	-3.554721e+01	-3.732200e+02
6.900000e-06	-6.606696e-06	-1.522425e-09	-3.567289e+01	-3.741171e+02
6.910000e-06	-6.629230e-06	-1.525521e-09	-3.579456e+01	-3.750018e+02
6.920000e-06	-6.651055e-06	-1.527769e-09	-3.591241e+01	-3.758741e+02
6.930000e-06	-6.672213e-06	-1.529734e-09	-3.602665e+01	-3.767339e+02
6.940000e-06	-6.692856e-06	-1.531153e-09	-3.613811e+01	-3.775811e+02
6.950000e-06	-6.713143e-06	-1.533446e-09	-3.624766e+01	-3.784154e+02
6.960000e-06	-6.733157e-06	-1.536694e-09	-3.635572e+01	-3.792368e+02
6.970000e-06	-6.752867e-06	-1.540154e-09	-3.646215e+01	-3.800447e+02
6.980000e-06	-6.772053e-06	-1.543159e-09	-3.656574e+01	-3.808390e+02
6.990000e-06	-6.790709e-06	-1.545303e-09	-3.666647e+01	-3.816192e+02
7.000000e-06	-6.808910e-06	-1.548016e-09	-3.676475e+01	-3.823850e+02
7.010000e-06	-6.826696e-06	-1.550265e-09	-3.686079e+01	-3.831358e+02
7.020000e-06	-6.843954e-06	-1.552235e-09	-3.695397e+01	-3.838713e+02
7.030000e-06	-6.860642e-06	-1.553701e-09	-3.704408e+01	-3.845909e+02
7.040000e-06	-6.876982e-06	-1.554222e-09	-3.713231e+01	-3.852942e+02
7.050000e-06	-6.893096e-06	-1.554379e-09	-3.721931e+01	-3.859806e+02
7.060000e-06	-6.908886e-06	-1.555625e-09	-3.730457e+01	-3.866497e+02
7.070000e-06	-6.923956e-06	-1.558478e-09	-3.738594e+01	-3.873011e+02
7.080000e-06	-6.938052e-06	-1.562272e-09	-3.746205e+01	-3.879342e+02
7.090000e-06	-6.951287e-06	-1.566228e-09	-3.753352e+01	-3.885486e+02
7.100000e-06	-6.963966e-06	-1.569056e-09	-3.760197e+01	-3.891440e+02
7.110000e-06	-6.976226e-06	-1.570686e-09	-3.766818e+01	-3.897198e+02
7.120000e-06	-6.987934e-06	-1.570081e-09	-3.773139e+01	-3.902758e+02
7.130000e-06	-6.999073e-06	-1.568618e-09	-3.779154e+01	-3.908117e+02
7.140000e-06	-7.009679e-06	-1.568889e-09	-3.784880e+01	-3.913271e+02
7.150000e-06	-7.019802e-06	-1.571022e-09	-3.790346e+01	-3.918218e+02
7.160000e-06	-7.029583e-06	-1.573959e-09	-3.795627e+01	-3.922956e+02
7.170000e-06	-7.038877e-06	-1.576369e-09	-3.800646e+01	-3.927483e+02
7.180000e-06	-7.047633e-06	-1.576480e-09	-3.805373e+01	-3.931798e+02
7.190000e-06	-7.056007e-06	-1.575045e-09	-3.809895e+01	-3.935901e+02
7.200000e-06	-7.064041e-06	-1.574612e-09	-3.814233e+01	-3.939790e+02
7.210000e-06	-7.071696e-06	-1.574804e-09	-3.818367e+01	-3.943466e+02
7.220000e-06	-7.078804e-06	-1.574878e-09	-3.822204e+01	-3.946929e+02
7.230000e-06	-7.085058e-06	-1.576044e-09	-3.825581e+01	-3.950180e+02
7.240000e-06	-7.090411e-06	-1.578291e-09	-3.828471e+01	-3.953219e+02
7.250000e-06	-7.095125e-06	-1.579873e-09	-3.831017e+01	-3.956049e+02
7.260000e-06	-7.099421e-06	-1.580526e-09	-3.833337e+01	-3.958671e+02
7.270000e-06	-7.103409e-06	-1.580866e-09	-3.835490e+01	-3.961087e+02
7.280000e-06	-7.107067e-06	-1.581640e-09	-3.837465e+01	-3.963299e+02
7.290000e-06	-7.110376e-06	-1.583360e-09	-3.839252e+01	-3.965311e+02
7.300000e-06	-7.113227e-06	-1.583380e-09	-3.840791e+01	-3.967124e+02
7.310000e-06	-7.115587e-06	-1.581493e-09	-3.842065e+01	-3.968743e+02
7.320000e-06	-7.117418e-06	-1.580577e-09	-3.843054e+01	-3.970170e+02
7.330000e-06	-7.118609e-06	-1.580713e-09	-3.843697e+01	-3.971409e+02
7.340000e-06	-7.119176e-06	-1.581441e-09	-3.844003e+01	-3.972464e+02
