# Temperatura_=_8.8
# Concentracion g/m^3_=_7400.0
# C_Vs_to_Am_M_A/Vsm_=_254322799225.57578
# pendiente_HvsI_1/m_=_3716.3
# ordenada_HvsI_A/m_=_1297.0
# frecuencia_Hz_=_136108.36198931307

Tiempo_(s)	Campo_(V.s)	Magnetizacion_(V.s)	Campo_(kA/m)	Magnetizacion_(A/m)
0.000000e+00	-7.111756e-06	-1.511974e-09	-3.841896e+01	-3.798725e+02
1.000000e-08	-7.112019e-06	-1.512604e-09	-3.842039e+01	-3.799061e+02
2.000000e-08	-7.111886e-06	-1.511500e-09	-3.841967e+01	-3.799226e+02
3.000000e-08	-7.111381e-06	-1.508648e-09	-3.841694e+01	-3.799228e+02
4.000000e-08	-7.110297e-06	-1.506358e-09	-3.841108e+01	-3.799076e+02
5.000000e-08	-7.108541e-06	-1.505945e-09	-3.840160e+01	-3.798780e+02
6.000000e-08	-7.106088e-06	-1.506317e-09	-3.838835e+01	-3.798348e+02
7.000000e-08	-7.102902e-06	-1.507858e-09	-3.837114e+01	-3.797792e+02
8.000000e-08	-7.099281e-06	-1.513555e-09	-3.835158e+01	-3.797119e+02
9.000000e-08	-7.095261e-06	-1.506888e-09	-3.832986e+01	-3.796339e+02
1.000000e-07	-7.090480e-06	-1.475505e-09	-3.830403e+01	-3.795462e+02
1.100000e-07	-7.084945e-06	-1.465852e-09	-3.827413e+01	-3.794495e+02
1.200000e-07	-7.079059e-06	-1.522667e-09	-3.824233e+01	-3.793445e+02
1.300000e-07	-7.073092e-06	-1.546031e-09	-3.821010e+01	-3.792319e+02
1.400000e-07	-7.066746e-06	-1.482975e-09	-3.817581e+01	-3.791124e+02
1.500000e-07	-7.059672e-06	-1.452226e-09	-3.813760e+01	-3.789863e+02
1.600000e-07	-7.052105e-06	-1.521795e-09	-3.809672e+01	-3.788540e+02
1.700000e-07	-7.044376e-06	-1.547055e-09	-3.805497e+01	-3.787158e+02
1.800000e-07	-7.036269e-06	-1.449021e-09	-3.801117e+01	-3.785717e+02
1.900000e-07	-7.027378e-06	-1.421958e-09	-3.796314e+01	-3.784219e+02
2.000000e-07	-7.017526e-06	-1.525621e-09	-3.790992e+01	-3.782662e+02
2.100000e-07	-7.007073e-06	-1.553386e-09	-3.785345e+01	-3.781044e+02
2.200000e-07	-6.996275e-06	-1.451721e-09	-3.779512e+01	-3.779362e+02
2.300000e-07	-6.984823e-06	-1.428851e-09	-3.773325e+01	-3.777612e+02
2.400000e-07	-6.972690e-06	-1.507742e-09	-3.766771e+01	-3.775788e+02
2.500000e-07	-6.960230e-06	-1.507017e-09	-3.760040e+01	-3.773886e+02
2.600000e-07	-6.947311e-06	-1.443506e-09	-3.753060e+01	-3.771899e+02
2.700000e-07	-6.933701e-06	-1.465139e-09	-3.745708e+01	-3.769820e+02
2.800000e-07	-6.919479e-06	-1.506429e-09	-3.738025e+01	-3.767642e+02
2.900000e-07	-6.904456e-06	-1.468710e-09	-3.729910e+01	-3.765359e+02
3.000000e-07	-6.888491e-06	-1.451251e-09	-3.721285e+01	-3.762962e+02
3.100000e-07	-6.872023e-06	-1.485647e-09	-3.712389e+01	-3.760446e+02
3.200000e-07	-6.855324e-06	-1.464813e-09	-3.703367e+01	-3.757804e+02
3.300000e-07	-6.838260e-06	-1.430867e-09	-3.694149e+01	-3.755029e+02
3.400000e-07	-6.820861e-06	-1.480408e-09	-3.684750e+01	-3.752116e+02
3.500000e-07	-6.802965e-06	-1.506413e-09	-3.675082e+01	-3.749059e+02
3.600000e-07	-6.784498e-06	-1.439078e-09	-3.665106e+01	-3.745855e+02
3.700000e-07	-6.765456e-06	-1.421793e-09	-3.654819e+01	-3.742500e+02
3.800000e-07	-6.745994e-06	-1.476381e-09	-3.644306e+01	-3.738992e+02
3.900000e-07	-6.726195e-06	-1.465803e-09	-3.633610e+01	-3.735329e+02
4.000000e-07	-6.706063e-06	-1.421762e-09	-3.622734e+01	-3.731509e+02
4.100000e-07	-6.685427e-06	-1.445647e-09	-3.611586e+01	-3.727533e+02
4.200000e-07	-6.664186e-06	-1.468042e-09	-3.600111e+01	-3.723403e+02
4.300000e-07	-6.642543e-06	-1.438174e-09	-3.588419e+01	-3.719119e+02
4.400000e-07	-6.620507e-06	-1.434561e-09	-3.576515e+01	-3.714683e+02
4.500000e-07	-6.597955e-06	-1.450017e-09	-3.564332e+01	-3.710100e+02
4.600000e-07	-6.574862e-06	-1.428603e-09	-3.551857e+01	-3.705372e+02
4.700000e-07	-6.551353e-06	-1.418618e-09	-3.539157e+01	-3.700503e+02
4.800000e-07	-6.527599e-06	-1.444965e-09	-3.526325e+01	-3.695497e+02
4.900000e-07	-6.503524e-06	-1.439133e-09	-3.513319e+01	-3.690358e+02
5.000000e-07	-6.478910e-06	-1.410182e-09	-3.500022e+01	-3.685092e+02
5.100000e-07	-6.453763e-06	-1.414887e-09	-3.486437e+01	-3.679701e+02
5.200000e-07	-6.427943e-06	-1.426473e-09	-3.472489e+01	-3.674189e+02
5.300000e-07	-6.401341e-06	-1.411399e-09	-3.458118e+01	-3.668561e+02
5.400000e-07	-6.374099e-06	-1.405077e-09	-3.443401e+01	-3.662819e+02
5.500000e-07	-6.346449e-06	-1.414114e-09	-3.428464e+01	-3.656966e+02
5.600000e-07	-6.318557e-06	-1.409382e-09	-3.413397e+01	-3.651004e+02
5.700000e-07	-6.290320e-06	-1.399509e-09	-3.398142e+01	-3.644934e+02
5.800000e-07	-6.261602e-06	-1.401082e-09	-3.382628e+01	-3.638756e+02
5.900000e-07	-6.232430e-06	-1.399340e-09	-3.366869e+01	-3.632471e+02
6.000000e-07	-6.202931e-06	-1.390928e-09	-3.350933e+01	-3.626077e+02
6.100000e-07	-6.173053e-06	-1.390694e-09	-3.334792e+01	-3.619573e+02
6.200000e-07	-6.142599e-06	-1.395010e-09	-3.318341e+01	-3.612956e+02
6.300000e-07	-6.111549e-06	-1.389955e-09	-3.301567e+01	-3.606223e+02
6.400000e-07	-6.080157e-06	-1.380439e-09	-3.284608e+01	-3.599371e+02
6.500000e-07	-6.048640e-06	-1.377948e-09	-3.267583e+01	-3.592395e+02
6.600000e-07	-6.016911e-06	-1.376005e-09	-3.250442e+01	-3.585291e+02
6.700000e-07	-5.984771e-06	-1.370808e-09	-3.233079e+01	-3.578052e+02
6.800000e-07	-5.952038e-06	-1.368910e-09	-3.215397e+01	-3.570675e+02
6.900000e-07	-5.918616e-06	-1.368166e-09	-3.197341e+01	-3.563153e+02
7.000000e-07	-5.884378e-06	-1.360779e-09	-3.178845e+01	-3.555480e+02
7.100000e-07	-5.849554e-06	-1.354480e-09	-3.160033e+01	-3.547651e+02
7.200000e-07	-5.814365e-06	-1.353084e-09	-3.141023e+01	-3.539660e+02
7.300000e-07	-5.778797e-06	-1.349099e-09	-3.121809e+01	-3.531501e+02
7.400000e-07	-5.742985e-06	-1.341524e-09	-3.102462e+01	-3.523170e+02
7.500000e-07	-5.706962e-06	-1.338227e-09	-3.083002e+01	-3.514661e+02
7.600000e-07	-5.670559e-06	-1.337272e-09	-3.063336e+01	-3.505969e+02
7.700000e-07	-5.633658e-06	-1.334080e-09	-3.043402e+01	-3.497090e+02
7.800000e-07	-5.596372e-06	-1.328389e-09	-3.023260e+01	-3.488021e+02
7.900000e-07	-5.558701e-06	-1.321644e-09	-3.002909e+01	-3.478757e+02
8.000000e-07	-5.520609e-06	-1.315224e-09	-2.982331e+01	-3.469297e+02
8.100000e-07	-5.482063e-06	-1.311770e-09	-2.961508e+01	-3.459636e+02
8.200000e-07	-5.443084e-06	-1.309192e-09	-2.940450e+01	-3.449774e+02
8.300000e-07	-5.403719e-06	-1.304319e-09	-2.919185e+01	-3.439708e+02
8.400000e-07	-5.364102e-06	-1.297456e-09	-2.897783e+01	-3.429436e+02
8.500000e-07	-5.324337e-06	-1.291516e-09	-2.876301e+01	-3.418958e+02
8.600000e-07	-5.284325e-06	-1.288423e-09	-2.854686e+01	-3.408272e+02
8.700000e-07	-5.243915e-06	-1.284735e-09	-2.832856e+01	-3.397377e+02
8.800000e-07	-5.203170e-06	-1.278244e-09	-2.810845e+01	-3.386273e+02
8.900000e-07	-5.162038e-06	-1.271996e-09	-2.788624e+01	-3.374957e+02
9.000000e-07	-5.120179e-06	-1.268319e-09	-2.766011e+01	-3.363431e+02
9.100000e-07	-5.077462e-06	-1.264622e-09	-2.742935e+01	-3.351691e+02
9.200000e-07	-5.034195e-06	-1.260071e-09	-2.719561e+01	-3.339738e+02
9.300000e-07	-4.990678e-06	-1.253894e-09	-2.696053e+01	-3.327569e+02
9.400000e-07	-4.946943e-06	-1.246585e-09	-2.672426e+01	-3.315182e+02
9.500000e-07	-4.903005e-06	-1.241426e-09	-2.648690e+01	-3.302577e+02
9.600000e-07	-4.858793e-06	-1.237829e-09	-2.624806e+01	-3.289749e+02
9.700000e-07	-4.814175e-06	-1.231748e-09	-2.600703e+01	-3.276698e+02
9.800000e-07	-4.769293e-06	-1.224216e-09	-2.576457e+01	-3.263418e+02
9.900000e-07	-4.724075e-06	-1.217341e-09	-2.552029e+01	-3.249909e+02
1.000000e-06	-4.678411e-06	-1.211440e-09	-2.527361e+01	-3.236165e+02
1.010000e-06	-4.632404e-06	-1.205820e-09	-2.502507e+01	-3.222182e+02
1.020000e-06	-4.586023e-06	-1.200546e-09	-2.477451e+01	-3.207958e+02
1.030000e-06	-4.539388e-06	-1.193928e-09	-2.452258e+01	-3.193487e+02
1.040000e-06	-4.492503e-06	-1.187160e-09	-2.426930e+01	-3.178766e+02
1.050000e-06	-4.445251e-06	-1.181301e-09	-2.401404e+01	-3.163790e+02
1.060000e-06	-4.397752e-06	-1.175449e-09	-2.375744e+01	-3.148554e+02
1.070000e-06	-4.350070e-06	-1.168518e-09	-2.349985e+01	-3.133055e+02
1.080000e-06	-4.302177e-06	-1.161516e-09	-2.324112e+01	-3.117288e+02
1.090000e-06	-4.253986e-06	-1.154857e-09	-2.298078e+01	-3.101249e+02
1.100000e-06	-4.205470e-06	-1.147684e-09	-2.271869e+01	-3.084935e+02
1.110000e-06	-4.156494e-06	-1.140693e-09	-2.245412e+01	-3.068343e+02
1.120000e-06	-4.106892e-06	-1.133492e-09	-2.218616e+01	-3.051468e+02
1.130000e-06	-4.056860e-06	-1.125518e-09	-2.191588e+01	-3.034308e+02
1.140000e-06	-4.006443e-06	-1.117199e-09	-2.164351e+01	-3.016862e+02
1.150000e-06	-3.955600e-06	-1.109494e-09	-2.136885e+01	-2.999126e+02
1.160000e-06	-3.904399e-06	-1.102450e-09	-2.109225e+01	-2.981100e+02
1.170000e-06	-3.852914e-06	-1.094994e-09	-2.081413e+01	-2.962781e+02
1.180000e-06	-3.801183e-06	-1.086977e-09	-2.053466e+01	-2.944170e+02
1.190000e-06	-3.749143e-06	-1.079122e-09	-2.025353e+01	-2.925265e+02
1.200000e-06	-3.696684e-06	-1.071274e-09	-1.997014e+01	-2.906066e+02
1.210000e-06	-3.643969e-06	-1.063973e-09	-1.968536e+01	-2.886573e+02
1.220000e-06	-3.591040e-06	-1.056635e-09	-1.939943e+01	-2.866787e+02
1.230000e-06	-3.537760e-06	-1.048994e-09	-1.911161e+01	-2.846707e+02
1.240000e-06	-3.484303e-06	-1.041227e-09	-1.882282e+01	-2.826335e+02
1.250000e-06	-3.430671e-06	-1.033364e-09	-1.853309e+01	-2.805670e+02
1.260000e-06	-3.376819e-06	-1.024299e-09	-1.824217e+01	-2.784713e+02
1.270000e-06	-3.322711e-06	-1.014335e-09	-1.794987e+01	-2.763465e+02
1.280000e-06	-3.268334e-06	-1.005184e-09	-1.765612e+01	-2.741925e+02
1.290000e-06	-3.213778e-06	-9.978972e-10	-1.736140e+01	-2.720094e+02
1.300000e-06	-3.159003e-06	-9.912916e-10	-1.706549e+01	-2.697972e+02
1.310000e-06	-3.103916e-06	-9.829941e-10	-1.676790e+01	-2.675558e+02
1.320000e-06	-3.048602e-06	-9.734773e-10	-1.646909e+01	-2.652851e+02
1.330000e-06	-2.993226e-06	-9.638895e-10	-1.616993e+01	-2.629850e+02
1.340000e-06	-2.937709e-06	-9.534662e-10	-1.587002e+01	-2.606554e+02
1.350000e-06	-2.882066e-06	-9.436963e-10	-1.556943e+01	-2.582960e+02
1.360000e-06	-2.826331e-06	-9.353522e-10	-1.526834e+01	-2.559067e+02
1.370000e-06	-2.770492e-06	-9.265433e-10	-1.496669e+01	-2.534870e+02
1.380000e-06	-2.714491e-06	-9.172687e-10	-1.466416e+01	-2.510368e+02
1.390000e-06	-2.658230e-06	-9.090570e-10	-1.436023e+01	-2.485555e+02
1.400000e-06	-2.601792e-06	-9.005668e-10	-1.405534e+01	-2.460427e+02
1.410000e-06	-2.545191e-06	-8.903202e-10	-1.374957e+01	-2.434979e+02
1.420000e-06	-2.488205e-06	-8.797402e-10	-1.344172e+01	-2.409205e+02
1.430000e-06	-2.430909e-06	-8.694446e-10	-1.313220e+01	-2.383100e+02
1.440000e-06	-2.373456e-06	-8.597139e-10	-1.282183e+01	-2.356657e+02
1.450000e-06	-2.315726e-06	-8.503598e-10	-1.250996e+01	-2.329868e+02
1.460000e-06	-2.257721e-06	-8.405153e-10	-1.219661e+01	-2.302724e+02
1.470000e-06	-2.199346e-06	-8.292412e-10	-1.188125e+01	-2.275218e+02
1.480000e-06	-2.140621e-06	-8.175804e-10	-1.156402e+01	-2.247341e+02
1.490000e-06	-2.081742e-06	-8.071216e-10	-1.124594e+01	-2.219081e+02
1.500000e-06	-2.022624e-06	-7.969731e-10	-1.092657e+01	-2.190428e+02
1.510000e-06	-1.963324e-06	-7.857571e-10	-1.060622e+01	-2.161371e+02
1.520000e-06	-1.904017e-06	-7.744497e-10	-1.028584e+01	-2.131897e+02
1.530000e-06	-1.844672e-06	-7.633346e-10	-9.965244e+00	-2.101993e+02
1.540000e-06	-1.785196e-06	-7.519041e-10	-9.643946e+00	-2.071645e+02
1.550000e-06	-1.725591e-06	-7.397164e-10	-9.321947e+00	-2.040839e+02
1.560000e-06	-1.665875e-06	-7.272041e-10	-8.999351e+00	-2.009557e+02
1.570000e-06	-1.606119e-06	-7.148608e-10	-8.676540e+00	-1.977784e+02
1.580000e-06	-1.546397e-06	-7.023723e-10	-8.353909e+00	-1.945502e+02
1.590000e-06	-1.486648e-06	-6.897598e-10	-8.031136e+00	-1.912693e+02
1.600000e-06	-1.426804e-06	-6.772068e-10	-7.707846e+00	-1.879338e+02
1.610000e-06	-1.366870e-06	-6.645309e-10	-7.384075e+00	-1.845417e+02
1.620000e-06	-1.306858e-06	-6.519670e-10	-7.059878e+00	-1.810909e+02
1.630000e-06	-1.246745e-06	-6.406153e-10	-6.735138e+00	-1.775794e+02
1.640000e-06	-1.186560e-06	-6.290027e-10	-6.410008e+00	-1.740051e+02
1.650000e-06	-1.126354e-06	-6.153707e-10	-6.084761e+00	-1.703658e+02
1.660000e-06	-1.066053e-06	-6.002895e-10	-5.759008e+00	-1.666593e+02
1.670000e-06	-1.005645e-06	-5.847756e-10	-5.432672e+00	-1.628836e+02
1.680000e-06	-9.451771e-07	-5.693680e-10	-5.106014e+00	-1.590366e+02
1.690000e-06	-8.846320e-07	-5.551900e-10	-4.778939e+00	-1.551161e+02
1.700000e-06	-8.240279e-07	-5.423748e-10	-4.451545e+00	-1.511204e+02
1.710000e-06	-7.633862e-07	-5.292937e-10	-4.123948e+00	-1.470476e+02
1.720000e-06	-7.027133e-07	-5.152063e-10	-3.796182e+00	-1.428960e+02
1.730000e-06	-6.419931e-07	-5.009319e-10	-3.468160e+00	-1.386641e+02
1.740000e-06	-5.812262e-07	-4.860272e-10	-3.139887e+00	-1.343507e+02
1.750000e-06	-5.204459e-07	-4.692303e-10	-2.811541e+00	-1.299548e+02
1.760000e-06	-4.596492e-07	-4.510448e-10	-2.483106e+00	-1.254755e+02
1.770000e-06	-3.986864e-07	-4.326064e-10	-2.153775e+00	-1.209124e+02
1.780000e-06	-3.376734e-07	-4.156516e-10	-1.824171e+00	-1.162653e+02
1.790000e-06	-2.767414e-07	-3.999030e-10	-1.495006e+00	-1.115345e+02
1.800000e-06	-2.158268e-07	-3.831000e-10	-1.165935e+00	-1.067205e+02
1.810000e-06	-1.548733e-07	-3.645498e-10	-8.366528e-01	-1.018242e+02
1.820000e-06	-9.384719e-08	-3.452599e-10	-5.069792e-01	-9.684707e+01
1.830000e-06	-3.278776e-08	-3.274039e-10	-1.771253e-01	-9.179081e+01
1.840000e-06	2.829098e-08	-3.105250e-10	1.528329e-01	-8.665763e+01
1.850000e-06	8.930588e-08	-2.923557e-10	4.824462e-01	-8.145013e+01
1.860000e-06	1.502406e-07	-2.723784e-10	8.116264e-01	-7.617135e+01
1.870000e-06	2.112353e-07	-2.517948e-10	1.141130e+00	-7.082473e+01
1.880000e-06	2.722282e-07	-2.317180e-10	1.470625e+00	-6.541410e+01
1.890000e-06	3.331595e-07	-2.117178e-10	1.799787e+00	-5.994366e+01
1.900000e-06	3.940832e-07	-1.918844e-10	2.128907e+00	-5.441800e+01
1.910000e-06	4.550059e-07	-1.718973e-10	2.458023e+00	-4.884199e+01
1.920000e-06	5.159523e-07	-1.514422e-10	2.787266e+00	-4.322083e+01
1.930000e-06	5.768661e-07	-1.313690e-10	3.116333e+00	-3.755995e+01
1.940000e-06	6.377008e-07	-1.108108e-10	3.444973e+00	-3.186500e+01
1.950000e-06	6.984617e-07	-8.890111e-11	3.773214e+00	-2.614181e+01
1.960000e-06	7.591647e-07	-6.657110e-11	4.101142e+00	-2.039633e+01
1.970000e-06	8.197954e-07	-4.568650e-11	4.428680e+00	-1.463459e+01
1.980000e-06	8.803469e-07	-2.612173e-11	4.755790e+00	-8.862647e+00
1.990000e-06	9.407591e-07	-5.634581e-12	5.082147e+00	-3.086535e+00
2.000000e-06	1.001025e-06	1.595798e-11	5.407716e+00	2.687778e+00
2.010000e-06	1.061303e-06	3.753008e-11	5.733345e+00	8.454440e+00
2.020000e-06	1.121596e-06	5.816049e-11	6.059058e+00	1.420777e+01
2.030000e-06	1.181775e-06	7.767649e-11	6.384160e+00	1.994227e+01
2.040000e-06	1.241891e-06	9.673578e-11	6.708913e+00	2.565273e+01
2.050000e-06	1.301916e-06	1.175364e-10	7.033179e+00	3.133417e+01
2.060000e-06	1.361858e-06	1.402562e-10	7.356999e+00	3.698197e+01
2.070000e-06	1.421765e-06	1.619952e-10	7.680624e+00	4.259182e+01
2.080000e-06	1.481607e-06	1.819108e-10	8.003906e+00	4.815980e+01
2.090000e-06	1.541370e-06	2.017043e-10	8.326753e+00	5.368234e+01
2.100000e-06	1.601065e-06	2.229047e-10	8.649235e+00	5.915628e+01
2.110000e-06	1.660728e-06	2.439239e-10	8.971549e+00	6.457886e+01
2.120000e-06	1.720373e-06	2.632095e-10	9.293758e+00	6.994769e+01
2.130000e-06	1.779951e-06	2.821229e-10	9.615613e+00	7.526079e+01
2.140000e-06	1.839407e-06	3.019779e-10	9.936803e+00	8.051655e+01
2.150000e-06	1.898779e-06	3.225451e-10	1.025754e+01	8.571374e+01
2.160000e-06	1.958073e-06	3.428826e-10	1.057786e+01	9.085144e+01
2.170000e-06	2.017209e-06	3.616327e-10	1.089732e+01	9.592906e+01
2.180000e-06	2.076205e-06	3.788960e-10	1.121602e+01	1.009463e+02
2.190000e-06	2.135107e-06	3.967005e-10	1.153423e+01	1.059032e+02
2.200000e-06	2.193795e-06	4.155308e-10	1.185127e+01	1.107998e+02
2.210000e-06	2.252159e-06	4.337935e-10	1.216656e+01	1.156365e+02
2.220000e-06	2.310131e-06	4.506954e-10	1.247974e+01	1.204139e+02
2.230000e-06	2.367801e-06	4.670142e-10	1.279128e+01	1.251326e+02
2.240000e-06	2.425205e-06	4.832406e-10	1.310139e+01	1.297934e+02
2.250000e-06	2.482249e-06	5.003718e-10	1.340955e+01	1.343969e+02
2.260000e-06	2.538901e-06	5.177008e-10	1.371559e+01	1.389441e+02
2.270000e-06	2.595274e-06	5.338100e-10	1.402013e+01	1.434357e+02
2.280000e-06	2.651462e-06	5.497261e-10	1.432367e+01	1.478725e+02
2.290000e-06	2.707510e-06	5.665238e-10	1.462645e+01	1.522550e+02
2.300000e-06	2.763447e-06	5.835637e-10	1.492863e+01	1.565841e+02
2.310000e-06	2.819237e-06	5.998887e-10	1.523002e+01	1.608601e+02
2.320000e-06	2.874929e-06	6.147540e-10	1.553087e+01	1.650836e+02
2.330000e-06	2.930543e-06	6.292082e-10	1.583131e+01	1.692547e+02
2.340000e-06	2.985980e-06	6.441644e-10	1.613079e+01	1.733736e+02
2.350000e-06	3.041175e-06	6.590291e-10	1.642897e+01	1.774405e+02
2.360000e-06	3.096232e-06	6.733346e-10	1.672639e+01	1.814553e+02
2.370000e-06	3.151066e-06	6.868199e-10	1.702262e+01	1.854178e+02
2.380000e-06	3.205589e-06	7.010616e-10	1.731716e+01	1.893278e+02
2.390000e-06	3.259985e-06	7.165204e-10	1.761102e+01	1.931850e+02
2.400000e-06	3.314210e-06	7.318373e-10	1.790395e+01	1.969889e+02
2.410000e-06	3.368127e-06	7.455991e-10	1.819522e+01	2.007391e+02
2.420000e-06	3.421822e-06	7.576829e-10	1.848529e+01	2.044351e+02
2.430000e-06	3.475358e-06	7.702119e-10	1.877450e+01	2.080765e+02
2.440000e-06	3.528553e-06	7.841230e-10	1.906187e+01	2.116629e+02
2.450000e-06	3.581366e-06	7.974688e-10	1.934717e+01	2.151936e+02
2.460000e-06	3.634028e-06	8.095723e-10	1.963167e+01	2.186684e+02
2.470000e-06	3.686550e-06	8.219779e-10	1.991539e+01	2.220869e+02
2.480000e-06	3.738745e-06	8.349607e-10	2.019736e+01	2.254488e+02
2.490000e-06	3.790595e-06	8.468979e-10	2.047746e+01	2.287540e+02
2.500000e-06	3.842131e-06	8.579296e-10	2.075587e+01	2.320024e+02
2.510000e-06	3.893405e-06	8.690863e-10	2.103286e+01	2.351940e+02
2.520000e-06	3.944370e-06	8.804146e-10	2.130819e+01	2.383290e+02
2.530000e-06	3.994865e-06	8.916650e-10	2.158097e+01	2.414076e+02
2.540000e-06	4.044868e-06	9.026656e-10	2.185109e+01	2.444302e+02
2.550000e-06	4.094432e-06	9.133220e-10	2.211885e+01	2.473973e+02
2.560000e-06	4.143585e-06	9.232646e-10	2.238438e+01	2.503094e+02
2.570000e-06	4.192261e-06	9.329671e-10	2.264734e+01	2.531673e+02
2.580000e-06	4.240489e-06	9.430443e-10	2.290787e+01	2.559716e+02
2.590000e-06	4.288429e-06	9.535729e-10	2.316686e+01	2.587234e+02
2.600000e-06	4.336187e-06	9.642896e-10	2.342485e+01	2.614233e+02
2.610000e-06	4.383748e-06	9.743215e-10	2.368178e+01	2.640725e+02
2.620000e-06	4.431013e-06	9.839805e-10	2.393712e+01	2.666718e+02
2.630000e-06	4.477982e-06	9.940014e-10	2.419085e+01	2.692223e+02
2.640000e-06	4.524787e-06	1.002958e-09	2.444370e+01	2.717250e+02
2.650000e-06	4.571186e-06	1.011391e-09	2.469435e+01	2.741808e+02
2.660000e-06	4.617089e-06	1.020982e-09	2.494233e+01	2.765908e+02
2.670000e-06	4.662728e-06	1.029991e-09	2.518888e+01	2.789558e+02
2.680000e-06	4.708039e-06	1.037148e-09	2.543366e+01	2.812768e+02
2.690000e-06	4.753091e-06	1.044386e-09	2.567704e+01	2.835545e+02
2.700000e-06	4.797988e-06	1.053033e-09	2.591958e+01	2.857897e+02
2.710000e-06	4.842471e-06	1.061930e-09	2.615989e+01	2.879832e+02
2.720000e-06	4.886506e-06	1.069954e-09	2.639777e+01	2.901354e+02
2.730000e-06	4.930354e-06	1.077404e-09	2.663465e+01	2.922472e+02
2.740000e-06	4.974059e-06	1.084313e-09	2.687075e+01	2.943188e+02
2.750000e-06	5.017590e-06	1.091285e-09	2.710591e+01	2.963508e+02
2.760000e-06	5.060812e-06	1.098659e-09	2.733940e+01	2.983436e+02
2.770000e-06	5.103462e-06	1.105839e-09	2.756981e+01	3.002975e+02
2.780000e-06	5.145485e-06	1.113021e-09	2.779682e+01	3.022129e+02
2.790000e-06	5.186945e-06	1.120322e-09	2.802080e+01	3.040899e+02
2.800000e-06	5.227678e-06	1.127287e-09	2.824085e+01	3.059290e+02
2.810000e-06	5.267841e-06	1.134003e-09	2.845781e+01	3.077305e+02
2.820000e-06	5.307793e-06	1.140949e-09	2.867364e+01	3.094945e+02
2.830000e-06	5.347562e-06	1.148047e-09	2.888848e+01	3.112215e+02
2.840000e-06	5.387116e-06	1.154786e-09	2.910216e+01	3.129119e+02
2.850000e-06	5.426360e-06	1.161633e-09	2.931416e+01	3.145659e+02
2.860000e-06	5.465277e-06	1.168632e-09	2.952439e+01	3.161842e+02
2.870000e-06	5.503860e-06	1.175036e-09	2.973283e+01	3.177673e+02
2.880000e-06	5.541990e-06	1.181001e-09	2.993881e+01	3.193157e+02
2.890000e-06	5.579605e-06	1.186707e-09	3.014201e+01	3.208301e+02
2.900000e-06	5.616816e-06	1.192708e-09	3.034304e+01	3.223114e+02
2.910000e-06	5.653703e-06	1.199463e-09	3.054231e+01	3.237603e+02
2.920000e-06	5.690161e-06	1.206750e-09	3.073926e+01	3.251777e+02
2.930000e-06	5.726188e-06	1.212804e-09	3.093388e+01	3.265647e+02
2.940000e-06	5.761983e-06	1.217618e-09	3.112725e+01	3.279223e+02
2.950000e-06	5.797633e-06	1.221653e-09	3.131984e+01	3.292516e+02
2.960000e-06	5.832939e-06	1.225833e-09	3.151057e+01	3.305537e+02
2.970000e-06	5.867794e-06	1.231415e-09	3.169886e+01	3.318298e+02
2.980000e-06	5.902098e-06	1.237579e-09	3.188418e+01	3.330810e+02
2.990000e-06	5.935686e-06	1.244043e-09	3.206563e+01	3.343088e+02
3.000000e-06	5.968541e-06	1.250230e-09	3.224311e+01	3.355141e+02
3.010000e-06	6.000792e-06	1.255401e-09	3.241734e+01	3.366982e+02
3.020000e-06	6.032716e-06	1.259650e-09	3.258980e+01	3.378622e+02
3.030000e-06	6.064469e-06	1.262999e-09	3.276133e+01	3.390074e+02
3.040000e-06	6.095956e-06	1.266622e-09	3.293143e+01	3.401346e+02
3.050000e-06	6.126974e-06	1.271550e-09	3.309900e+01	3.412449e+02
3.060000e-06	6.157482e-06	1.277315e-09	3.326381e+01	3.423391e+02
3.070000e-06	6.187583e-06	1.282970e-09	3.342642e+01	3.434182e+02
3.080000e-06	6.217287e-06	1.287344e-09	3.358689e+01	3.444827e+02
3.090000e-06	6.246429e-06	1.291119e-09	3.374432e+01	3.455334e+02
3.100000e-06	6.275080e-06	1.295672e-09	3.389909e+01	3.465707e+02
3.110000e-06	6.303392e-06	1.300876e-09	3.405204e+01	3.475950e+02
3.120000e-06	6.331378e-06	1.306044e-09	3.420323e+01	3.486067e+02
3.130000e-06	6.359186e-06	1.311581e-09	3.435345e+01	3.496060e+02
3.140000e-06	6.386805e-06	1.316475e-09	3.450265e+01	3.505929e+02
3.150000e-06	6.414101e-06	1.321255e-09	3.465011e+01	3.515675e+02
3.160000e-06	6.440832e-06	1.326483e-09	3.479451e+01	3.525298e+02
3.170000e-06	6.466676e-06	1.330311e-09	3.493413e+01	3.534795e+02
3.180000e-06	6.491560e-06	1.334210e-09	3.506856e+01	3.544167e+02
3.190000e-06	6.515837e-06	1.338873e-09	3.519971e+01	3.553409e+02
3.200000e-06	6.539740e-06	1.343301e-09	3.532884e+01	3.562519e+02
3.210000e-06	6.563350e-06	1.347606e-09	3.545638e+01	3.571494e+02
3.220000e-06	6.586585e-06	1.351830e-09	3.558190e+01	3.580331e+02
3.230000e-06	6.609217e-06	1.356904e-09	3.570416e+01	3.589026e+02
3.240000e-06	6.631409e-06	1.362015e-09	3.582405e+01	3.597576e+02
3.250000e-06	6.653209e-06	1.366665e-09	3.594181e+01	3.605977e+02
3.260000e-06	6.674463e-06	1.371050e-09	3.605663e+01	3.614227e+02
3.270000e-06	6.695183e-06	1.375028e-09	3.616857e+01	3.622322e+02
3.280000e-06	6.715455e-06	1.379977e-09	3.627808e+01	3.630260e+02
3.290000e-06	6.735330e-06	1.385075e-09	3.638545e+01	3.638038e+02
3.300000e-06	6.754977e-06	1.389967e-09	3.649158e+01	3.645654e+02
3.310000e-06	6.774382e-06	1.394279e-09	3.659641e+01	3.653106e+02
3.320000e-06	6.793302e-06	1.397535e-09	3.669862e+01	3.660392e+02
3.330000e-06	6.811624e-06	1.400558e-09	3.679760e+01	3.667512e+02
3.340000e-06	6.829261e-06	1.403496e-09	3.689288e+01	3.674465e+02
3.350000e-06	6.846380e-06	1.405587e-09	3.698536e+01	3.681248e+02
3.360000e-06	6.863210e-06	1.406592e-09	3.707628e+01	3.687863e+02
3.370000e-06	6.879669e-06	1.408447e-09	3.716519e+01	3.694307e+02
3.380000e-06	6.895533e-06	1.412594e-09	3.725089e+01	3.700581e+02
3.390000e-06	6.910765e-06	1.417678e-09	3.733317e+01	3.706683e+02
3.400000e-06	6.925331e-06	1.421818e-09	3.741186e+01	3.712613e+02
3.410000e-06	6.939298e-06	1.425117e-09	3.748731e+01	3.718369e+02
3.420000e-06	6.952864e-06	1.427812e-09	3.756061e+01	3.723951e+02
3.430000e-06	6.965892e-06	1.429722e-09	3.763098e+01	3.729357e+02
3.440000e-06	6.978363e-06	1.431256e-09	3.769836e+01	3.734585e+02
3.450000e-06	6.990429e-06	1.433190e-09	3.776354e+01	3.739634e+02
3.460000e-06	7.002081e-06	1.436347e-09	3.782648e+01	3.744500e+02
3.470000e-06	7.013174e-06	1.440303e-09	3.788641e+01	3.749182e+02
3.480000e-06	7.023479e-06	1.443713e-09	3.794208e+01	3.753676e+02
3.490000e-06	7.032907e-06	1.446018e-09	3.799301e+01	3.757980e+02
3.500000e-06	7.041657e-06	1.447145e-09	3.804028e+01	3.762090e+02
3.510000e-06	7.049875e-06	1.448838e-09	3.808467e+01	3.766003e+02
3.520000e-06	7.057687e-06	1.451892e-09	3.812688e+01	3.769715e+02
3.530000e-06	7.065213e-06	1.454968e-09	3.816753e+01	3.773224e+02
3.540000e-06	7.072372e-06	1.457510e-09	3.820621e+01	3.776527e+02
3.550000e-06	7.079019e-06	1.459718e-09	3.824211e+01	3.779620e+02
3.560000e-06	7.085052e-06	1.461922e-09	3.827470e+01	3.782502e+02
3.570000e-06	7.090621e-06	1.464047e-09	3.830479e+01	3.785170e+02
3.580000e-06	7.095680e-06	1.465462e-09	3.833212e+01	3.787623e+02
3.590000e-06	7.100134e-06	1.466598e-09	3.835618e+01	3.789862e+02
3.600000e-06	7.104198e-06	1.467768e-09	3.837814e+01	3.791885e+02
3.610000e-06	7.107984e-06	1.469864e-09	3.839859e+01	3.793694e+02
3.620000e-06	7.111464e-06	1.472790e-09	3.841739e+01	3.795290e+02
3.630000e-06	7.114552e-06	1.474616e-09	3.843407e+01	3.796677e+02
3.640000e-06	7.117035e-06	1.475501e-09	3.844749e+01	3.797858e+02
3.650000e-06	7.118610e-06	1.474920e-09	3.845599e+01	3.798837e+02
3.660000e-06	7.119279e-06	1.474856e-09	3.845960e+01	3.799620e+02
3.670000e-06	7.119352e-06	1.476828e-09	3.846000e+01	3.800214e+02
3.680000e-06	7.119141e-06	1.478533e-09	3.845886e+01	3.800624e+02
3.690000e-06	7.118659e-06	1.479848e-09	3.845626e+01	3.800860e+02
3.700000e-06	7.117654e-06	1.481005e-09	3.845083e+01	3.800929e+02
3.710000e-06	7.116121e-06	1.482087e-09	3.844255e+01	3.800840e+02
3.720000e-06	7.114149e-06	1.482537e-09	3.843189e+01	3.800603e+02
3.730000e-06	7.111748e-06	1.481128e-09	3.841892e+01	3.800227e+02
3.740000e-06	7.108887e-06	1.476657e-09	3.840347e+01	3.799721e+02
3.750000e-06	7.105495e-06	1.468582e-09	3.838514e+01	3.799096e+02
3.760000e-06	7.101649e-06	1.487539e-09	3.836436e+01	3.798360e+02
3.770000e-06	7.097175e-06	1.533647e-09	3.834020e+01	3.797523e+02
3.780000e-06	7.091787e-06	1.503092e-09	3.831109e+01	3.796592e+02
3.790000e-06	7.085745e-06	1.428256e-09	3.827845e+01	3.795576e+02
3.800000e-06	7.079523e-06	1.446899e-09	3.824484e+01	3.794481e+02
3.810000e-06	7.073113e-06	1.530048e-09	3.821021e+01	3.793314e+02
3.820000e-06	7.066052e-06	1.520526e-09	3.817206e+01	3.792080e+02
3.830000e-06	7.058162e-06	1.425955e-09	3.812944e+01	3.790783e+02
3.840000e-06	7.049815e-06	1.452038e-09	3.808435e+01	3.789426e+02
3.850000e-06	7.041315e-06	1.570592e-09	3.803843e+01	3.788010e+02
3.860000e-06	7.032272e-06	1.533785e-09	3.798958e+01	3.786536e+02
3.870000e-06	7.022559e-06	1.395241e-09	3.793711e+01	3.785004e+02
3.880000e-06	7.012429e-06	1.427710e-09	3.788238e+01	3.783412e+02
3.890000e-06	7.001972e-06	1.566741e-09	3.782589e+01	3.781758e+02
3.900000e-06	6.991023e-06	1.531285e-09	3.776674e+01	3.780036e+02
3.910000e-06	6.979360e-06	1.414202e-09	3.770374e+01	3.778244e+02
3.920000e-06	6.967181e-06	1.474101e-09	3.763795e+01	3.776376e+02
3.930000e-06	6.954489e-06	1.568457e-09	3.756938e+01	3.774425e+02
3.940000e-06	6.940941e-06	1.482834e-09	3.749619e+01	3.772385e+02
3.950000e-06	6.926569e-06	1.411151e-09	3.741855e+01	3.770250e+02
3.960000e-06	6.911636e-06	1.509922e-09	3.733788e+01	3.768011e+02
3.970000e-06	6.896073e-06	1.550282e-09	3.725381e+01	3.765663e+02
3.980000e-06	6.879951e-06	1.459407e-09	3.716671e+01	3.763198e+02
3.990000e-06	6.863544e-06	1.467477e-09	3.707808e+01	3.760610e+02
4.000000e-06	6.846815e-06	1.541925e-09	3.698771e+01	3.757891e+02
4.010000e-06	6.829552e-06	1.482738e-09	3.689445e+01	3.755036e+02
4.020000e-06	6.811786e-06	1.423286e-09	3.679848e+01	3.752040e+02
4.030000e-06	6.793585e-06	1.510094e-09	3.670015e+01	3.748898e+02
4.040000e-06	6.774847e-06	1.541813e-09	3.659892e+01	3.745607e+02
4.050000e-06	6.755647e-06	1.455350e-09	3.649520e+01	3.742163e+02
4.060000e-06	6.736100e-06	1.462914e-09	3.638960e+01	3.738564e+02
4.070000e-06	6.716102e-06	1.530574e-09	3.628157e+01	3.734810e+02
4.080000e-06	6.695771e-06	1.488603e-09	3.617174e+01	3.730899e+02
4.090000e-06	6.675159e-06	1.444977e-09	3.606039e+01	3.726834e+02
4.100000e-06	6.654129e-06	1.498050e-09	3.594678e+01	3.722613e+02
4.110000e-06	6.632347e-06	1.504864e-09	3.582911e+01	3.718241e+02
4.120000e-06	6.609506e-06	1.460460e-09	3.570572e+01	3.713719e+02
4.130000e-06	6.585883e-06	1.481868e-09	3.557811e+01	3.709051e+02
4.140000e-06	6.561877e-06	1.501349e-09	3.544842e+01	3.704240e+02
4.150000e-06	6.537593e-06	1.457614e-09	3.531724e+01	3.699291e+02
4.160000e-06	6.513071e-06	1.456059e-09	3.518476e+01	3.694208e+02
4.170000e-06	6.488160e-06	1.493925e-09	3.505019e+01	3.688994e+02
4.180000e-06	6.462641e-06	1.481288e-09	3.491233e+01	3.683655e+02
4.190000e-06	6.436631e-06	1.459494e-09	3.477182e+01	3.678193e+02
4.200000e-06	6.410206e-06	1.474522e-09	3.462907e+01	3.672614e+02
4.210000e-06	6.383235e-06	1.473780e-09	3.448336e+01	3.666919e+02
4.220000e-06	6.355719e-06	1.456164e-09	3.433472e+01	3.661112e+02
4.230000e-06	6.327805e-06	1.461818e-09	3.418393e+01	3.655195e+02
4.240000e-06	6.299658e-06	1.469241e-09	3.403187e+01	3.649170e+02
4.250000e-06	6.271396e-06	1.458296e-09	3.387919e+01	3.643038e+02
4.260000e-06	6.242845e-06	1.455519e-09	3.372495e+01	3.636797e+02
4.270000e-06	6.213816e-06	1.463735e-09	3.356814e+01	3.630449e+02
4.280000e-06	6.184105e-06	1.458752e-09	3.340763e+01	3.623992e+02
4.290000e-06	6.153519e-06	1.446113e-09	3.324240e+01	3.617422e+02
4.300000e-06	6.122238e-06	1.446526e-09	3.307341e+01	3.610739e+02
4.310000e-06	6.090480e-06	1.454781e-09	3.290185e+01	3.603937e+02
4.320000e-06	6.058343e-06	1.452220e-09	3.272824e+01	3.597013e+02
4.330000e-06	6.025793e-06	1.446742e-09	3.255240e+01	3.589963e+02
4.340000e-06	5.992840e-06	1.447551e-09	3.237439e+01	3.582782e+02
4.350000e-06	5.959497e-06	1.442660e-09	3.219426e+01	3.575463e+02
4.360000e-06	5.925758e-06	1.435390e-09	3.201200e+01	3.568002e+02
4.370000e-06	5.891645e-06	1.440172e-09	3.182771e+01	3.560393e+02
4.380000e-06	5.857174e-06	1.441981e-09	3.164149e+01	3.552630e+02
4.390000e-06	5.822297e-06	1.432747e-09	3.145308e+01	3.544707e+02
4.400000e-06	5.786943e-06	1.429848e-09	3.126209e+01	3.536620e+02
4.410000e-06	5.751230e-06	1.433277e-09	3.106916e+01	3.528361e+02
4.420000e-06	5.715240e-06	1.428345e-09	3.087474e+01	3.519927e+02
4.430000e-06	5.678984e-06	1.420992e-09	3.067888e+01	3.511312e+02
4.440000e-06	5.642444e-06	1.419617e-09	3.048148e+01	3.502512e+02
4.450000e-06	5.605459e-06	1.419633e-09	3.028168e+01	3.493522e+02
4.460000e-06	5.567728e-06	1.417329e-09	3.007785e+01	3.484340e+02
4.470000e-06	5.529291e-06	1.413222e-09	2.987021e+01	3.474962e+02
4.480000e-06	5.490351e-06	1.407757e-09	2.965985e+01	3.465386e+02
4.490000e-06	5.450948e-06	1.403177e-09	2.944698e+01	3.455608e+02
4.500000e-06	5.411116e-06	1.400018e-09	2.923181e+01	3.445627e+02
4.510000e-06	5.370935e-06	1.398122e-09	2.901474e+01	3.435442e+02
4.520000e-06	5.330549e-06	1.396398e-09	2.879657e+01	3.425050e+02
4.530000e-06	5.289946e-06	1.391981e-09	2.857723e+01	3.414451e+02
4.540000e-06	5.249027e-06	1.387049e-09	2.835617e+01	3.403643e+02
4.550000e-06	5.207696e-06	1.385052e-09	2.813290e+01	3.392626e+02
4.560000e-06	5.165918e-06	1.382795e-09	2.790720e+01	3.381399e+02
4.570000e-06	5.123800e-06	1.378013e-09	2.767967e+01	3.369961e+02
4.580000e-06	5.081358e-06	1.373210e-09	2.745040e+01	3.358311e+02
4.590000e-06	5.038595e-06	1.369861e-09	2.721938e+01	3.346447e+02
4.600000e-06	4.995515e-06	1.367768e-09	2.698666e+01	3.334368e+02
4.610000e-06	4.952122e-06	1.364736e-09	2.675224e+01	3.322072e+02
4.620000e-06	4.908397e-06	1.359201e-09	2.651603e+01	3.309559e+02
4.630000e-06	4.864354e-06	1.353397e-09	2.627810e+01	3.296824e+02
4.640000e-06	4.820080e-06	1.350029e-09	2.603893e+01	3.283867e+02
4.650000e-06	4.775547e-06	1.347566e-09	2.579835e+01	3.270683e+02
4.660000e-06	4.730827e-06	1.344220e-09	2.555677e+01	3.257270e+02
4.670000e-06	4.685706e-06	1.338113e-09	2.531302e+01	3.243624e+02
4.680000e-06	4.640164e-06	1.330676e-09	2.506699e+01	3.229742e+02
4.690000e-06	4.594313e-06	1.323943e-09	2.481929e+01	3.215619e+02
4.700000e-06	4.547984e-06	1.318506e-09	2.456902e+01	3.201252e+02
4.710000e-06	4.501264e-06	1.313081e-09	2.431663e+01	3.186636e+02
4.720000e-06	4.454304e-06	1.307157e-09	2.406294e+01	3.171766e+02
4.730000e-06	4.407132e-06	1.302304e-09	2.380811e+01	3.156640e+02
4.740000e-06	4.359763e-06	1.299875e-09	2.355221e+01	3.141251e+02
4.750000e-06	4.312122e-06	1.296580e-09	2.329485e+01	3.125596e+02
4.760000e-06	4.263961e-06	1.289691e-09	2.303467e+01	3.109672e+02
4.770000e-06	4.215524e-06	1.281659e-09	2.277301e+01	3.093473e+02
4.780000e-06	4.166832e-06	1.274889e-09	2.250996e+01	3.076997e+02
4.790000e-06	4.117639e-06	1.268937e-09	2.224422e+01	3.060240e+02
4.800000e-06	4.068044e-06	1.263723e-09	2.197629e+01	3.043200e+02
4.810000e-06	4.018054e-06	1.258407e-09	2.170624e+01	3.025874e+02
4.820000e-06	3.967862e-06	1.252519e-09	2.143509e+01	3.008259e+02
4.830000e-06	3.917471e-06	1.247289e-09	2.116287e+01	2.990354e+02
4.840000e-06	3.866715e-06	1.240935e-09	2.088868e+01	2.972157e+02
4.850000e-06	3.815596e-06	1.232254e-09	2.061252e+01	2.953668e+02
4.860000e-06	3.764255e-06	1.223007e-09	2.033517e+01	2.934886e+02
4.870000e-06	3.712624e-06	1.215539e-09	2.005625e+01	2.915810e+02
4.880000e-06	3.660678e-06	1.209128e-09	1.977563e+01	2.896440e+02
4.890000e-06	3.608512e-06	1.202590e-09	1.949382e+01	2.876776e+02
4.900000e-06	3.556016e-06	1.195104e-09	1.921023e+01	2.856819e+02
4.910000e-06	3.503303e-06	1.186465e-09	1.892546e+01	2.836569e+02
4.920000e-06	3.450323e-06	1.177214e-09	1.863926e+01	2.816026e+02
4.930000e-06	3.396806e-06	1.168911e-09	1.835015e+01	2.795191e+02
4.940000e-06	3.342779e-06	1.161132e-09	1.805828e+01	2.774064e+02
4.950000e-06	3.288589e-06	1.152505e-09	1.776554e+01	2.752646e+02
4.960000e-06	3.234168e-06	1.143010e-09	1.747155e+01	2.730937e+02
4.970000e-06	3.179231e-06	1.134215e-09	1.717477e+01	2.708936e+02
4.980000e-06	3.123984e-06	1.126975e-09	1.687631e+01	2.686644e+02
4.990000e-06	3.068453e-06	1.119201e-09	1.657633e+01	2.664059e+02
5.000000e-06	3.012577e-06	1.109243e-09	1.627448e+01	2.641181e+02
5.010000e-06	2.956551e-06	1.099509e-09	1.597181e+01	2.618009e+02
5.020000e-06	2.900432e-06	1.091635e-09	1.566865e+01	2.594539e+02
5.030000e-06	2.844184e-06	1.082796e-09	1.536479e+01	2.570771e+02
5.040000e-06	2.787832e-06	1.072103e-09	1.506036e+01	2.546702e+02
5.050000e-06	2.731377e-06	1.061009e-09	1.475538e+01	2.522327e+02
5.060000e-06	2.674789e-06	1.049951e-09	1.444969e+01	2.497644e+02
5.070000e-06	2.618009e-06	1.040006e-09	1.414295e+01	2.472648e+02
5.080000e-06	2.561040e-06	1.031383e-09	1.383519e+01	2.447335e+02
5.090000e-06	2.503905e-06	1.021720e-09	1.352654e+01	2.421698e+02
5.100000e-06	2.446542e-06	1.010394e-09	1.321665e+01	2.395732e+02
5.110000e-06	2.389067e-06	9.992964e-10	1.290616e+01	2.369431e+02
5.120000e-06	2.331428e-06	9.889853e-10	1.259479e+01	2.342787e+02
5.130000e-06	2.273541e-06	9.784372e-10	1.228207e+01	2.315792e+02
5.140000e-06	2.215470e-06	9.672037e-10	1.196836e+01	2.288439e+02
5.150000e-06	2.157242e-06	9.549262e-10	1.165380e+01	2.260717e+02
5.160000e-06	2.098877e-06	9.428765e-10	1.133850e+01	2.232618e+02
5.170000e-06	2.040330e-06	9.317462e-10	1.102222e+01	2.204131e+02
5.180000e-06	1.981629e-06	9.207215e-10	1.070511e+01	2.175244e+02
5.190000e-06	1.922786e-06	9.085091e-10	1.038723e+01	2.145945e+02
5.200000e-06	1.863809e-06	8.954265e-10	1.006863e+01	2.116223e+02
5.210000e-06	1.804794e-06	8.829715e-10	9.749819e+00	2.086062e+02
5.220000e-06	1.745633e-06	8.715428e-10	9.430219e+00	2.055448e+02
5.230000e-06	1.686233e-06	8.594097e-10	9.109328e+00	2.024367e+02
5.240000e-06	1.626753e-06	8.462639e-10	8.788010e+00	1.992801e+02
5.250000e-06	1.567230e-06	8.324818e-10	8.466452e+00	1.960733e+02
5.260000e-06	1.507593e-06	8.181149e-10	8.144282e+00	1.928146e+02
5.270000e-06	1.447851e-06	8.047141e-10	7.821547e+00	1.895021e+02
5.280000e-06	1.387967e-06	7.909830e-10	7.498042e+00	1.861338e+02
5.290000e-06	1.327919e-06	7.766259e-10	7.173652e+00	1.827078e+02
5.300000e-06	1.267795e-06	7.621913e-10	6.848854e+00	1.792219e+02
5.310000e-06	1.207663e-06	7.473285e-10	6.524007e+00	1.756740e+02
5.320000e-06	1.147529e-06	7.322986e-10	6.199154e+00	1.720621e+02
5.330000e-06	1.087340e-06	7.165959e-10	5.874004e+00	1.683839e+02
5.340000e-06	1.027160e-06	7.000068e-10	5.548901e+00	1.646373e+02
5.350000e-06	9.669913e-07	6.841000e-10	5.223858e+00	1.608202e+02
5.360000e-06	9.067161e-07	6.695259e-10	4.898241e+00	1.569307e+02
5.370000e-06	8.463979e-07	6.543166e-10	4.572391e+00	1.529666e+02
5.380000e-06	7.861589e-07	6.366698e-10	4.246970e+00	1.489261e+02
5.390000e-06	7.259083e-07	6.184979e-10	3.921485e+00	1.448075e+02
5.400000e-06	6.655318e-07	6.014963e-10	3.595321e+00	1.406093e+02
5.410000e-06	6.050094e-07	5.841497e-10	3.268368e+00	1.363300e+02
5.420000e-06	5.444085e-07	5.653272e-10	2.940991e+00	1.319686e+02
5.430000e-06	4.838104e-07	5.457695e-10	2.613629e+00	1.275241e+02
5.440000e-06	4.231949e-07	5.266990e-10	2.286174e+00	1.229960e+02
5.450000e-06	3.626104e-07	5.087053e-10	1.958886e+00	1.183840e+02
5.460000e-06	3.020123e-07	4.899054e-10	1.631524e+00	1.136880e+02
5.470000e-06	2.412966e-07	4.690813e-10	1.303527e+00	1.089086e+02
5.480000e-06	1.805691e-07	4.474606e-10	9.754664e-01	1.040465e+02
5.490000e-06	1.198128e-07	4.255811e-10	6.472500e-01	9.910287e+01
5.500000e-06	5.911517e-08	4.032996e-10	3.193506e-01	9.407936e+01
5.510000e-06	-1.482676e-09	3.807738e-10	-8.009679e-03	8.897796e+01
5.520000e-06	-6.207185e-08	3.585899e-10	-3.353231e-01	8.380110e+01
5.530000e-06	-1.226520e-07	3.358756e-10	-6.625876e-01	7.855165e+01
5.540000e-06	-1.832880e-07	3.129978e-10	-9.901540e-01	7.323288e+01
5.550000e-06	-2.439700e-07	2.907028e-10	-1.317969e+00	6.784845e+01
5.560000e-06	-3.046389e-07	2.675814e-10	-1.645714e+00	6.240242e+01
5.570000e-06	-3.652076e-07	2.439185e-10	-1.972916e+00	5.689922e+01
5.580000e-06	-4.256493e-07	2.205924e-10	-2.299433e+00	5.134359e+01
5.590000e-06	-4.860815e-07	1.981004e-10	-2.625898e+00	4.574062e+01
5.600000e-06	-5.465218e-07	1.758388e-10	-2.952407e+00	4.009563e+01
5.610000e-06	-6.070037e-07	1.516794e-10	-3.279141e+00	3.441420e+01
5.620000e-06	-6.674698e-07	1.258311e-10	-3.605790e+00	2.870209e+01
5.630000e-06	-7.278357e-07	1.012489e-10	-3.931898e+00	2.296519e+01
5.640000e-06	-7.882079e-07	7.822073e-11	-4.258039e+00	1.720951e+01
5.650000e-06	-8.485568e-07	5.466309e-11	-4.584054e+00	1.144111e+01
5.660000e-06	-9.088723e-07	3.031306e-11	-4.909889e+00	5.666023e+00
5.670000e-06	-9.691232e-07	5.285155e-12	-5.235375e+00	-1.097355e-01
5.680000e-06	-1.029294e-06	-1.917561e-11	-5.560430e+00	-5.880264e+00
5.690000e-06	-1.089434e-06	-4.214286e-11	-5.885317e+00	-1.163980e+01
5.700000e-06	-1.149531e-06	-6.555129e-11	-6.209971e+00	-1.738278e+01
5.710000e-06	-1.209578e-06	-9.172410e-11	-6.534357e+00	-2.310385e+01
5.720000e-06	-1.269576e-06	-1.182398e-10	-6.858473e+00	-2.879794e+01
5.730000e-06	-1.329502e-06	-1.411533e-10	-7.182204e+00	-3.446028e+01
5.740000e-06	-1.389420e-06	-1.619262e-10	-7.505893e+00	-4.008642e+01
5.750000e-06	-1.449259e-06	-1.835507e-10	-7.829156e+00	-4.567228e+01
5.760000e-06	-1.509028e-06	-2.063260e-10	-8.152034e+00	-5.121414e+01
5.770000e-06	-1.568696e-06	-2.295970e-10	-8.474376e+00	-5.670866e+01
5.780000e-06	-1.628113e-06	-2.528924e-10	-8.795356e+00	-6.215293e+01
5.790000e-06	-1.687389e-06	-2.751911e-10	-9.115573e+00	-6.754439e+01
5.800000e-06	-1.746603e-06	-2.972621e-10	-9.435457e+00	-7.288091e+01
5.810000e-06	-1.805730e-06	-3.205635e-10	-9.754873e+00	-7.816071e+01
5.820000e-06	-1.864766e-06	-3.430438e-10	-1.007380e+01	-8.338241e+01
5.830000e-06	-1.923713e-06	-3.637903e-10	-1.039224e+01	-8.854496e+01
5.840000e-06	-1.982544e-06	-3.843199e-10	-1.071006e+01	-9.364765e+01
5.850000e-06	-2.041172e-06	-4.053294e-10	-1.102677e+01	-9.869005e+01
5.860000e-06	-2.099567e-06	-4.270085e-10	-1.134223e+01	-1.036720e+02
5.870000e-06	-2.157762e-06	-4.486359e-10	-1.165661e+01	-1.085937e+02
5.880000e-06	-2.215726e-06	-4.688129e-10	-1.196975e+01	-1.134553e+02
5.890000e-06	-2.273566e-06	-4.878874e-10	-1.228221e+01	-1.182573e+02
5.900000e-06	-2.331254e-06	-5.083956e-10	-1.259385e+01	-1.230004e+02
5.910000e-06	-2.388727e-06	-5.295750e-10	-1.290433e+01	-1.276852e+02
5.920000e-06	-2.446060e-06	-5.486415e-10	-1.321405e+01	-1.323124e+02
5.930000e-06	-2.503206e-06	-5.662076e-10	-1.352276e+01	-1.368830e+02
5.940000e-06	-2.560160e-06	-5.844065e-10	-1.383044e+01	-1.413976e+02
5.950000e-06	-2.616947e-06	-6.036202e-10	-1.413721e+01	-1.458571e+02
5.960000e-06	-2.673529e-06	-6.225852e-10	-1.444288e+01	-1.502622e+02
5.970000e-06	-2.730002e-06	-6.406753e-10	-1.474795e+01	-1.546134e+02
5.980000e-06	-2.786399e-06	-6.584035e-10	-1.505262e+01	-1.589115e+02
5.990000e-06	-2.842640e-06	-6.760265e-10	-1.535644e+01	-1.631568e+02
6.000000e-06	-2.898756e-06	-6.945985e-10	-1.565960e+01	-1.673496e+02
6.010000e-06	-2.954799e-06	-7.131193e-10	-1.596235e+01	-1.714903e+02
6.020000e-06	-3.010706e-06	-7.298028e-10	-1.626437e+01	-1.755788e+02
6.030000e-06	-3.066363e-06	-7.459648e-10	-1.656504e+01	-1.796153e+02
6.040000e-06	-3.121633e-06	-7.627283e-10	-1.686361e+01	-1.835996e+02
6.050000e-06	-3.176462e-06	-7.801158e-10	-1.715981e+01	-1.875315e+02
6.060000e-06	-3.230977e-06	-7.963917e-10	-1.745431e+01	-1.914107e+02
6.070000e-06	-3.285171e-06	-8.104919e-10	-1.774707e+01	-1.952368e+02
6.080000e-06	-3.338975e-06	-8.248016e-10	-1.803773e+01	-1.990094e+02
6.090000e-06	-3.392406e-06	-8.403402e-10	-1.832638e+01	-2.027281e+02
6.100000e-06	-3.445416e-06	-8.561868e-10	-1.861275e+01	-2.063923e+02
6.110000e-06	-3.498046e-06	-8.721202e-10	-1.889706e+01	-2.100016e+02
6.120000e-06	-3.550482e-06	-8.871675e-10	-1.918033e+01	-2.135555e+02
6.130000e-06	-3.602730e-06	-9.016342e-10	-1.946258e+01	-2.170537e+02
6.140000e-06	-3.654734e-06	-9.167235e-10	-1.974352e+01	-2.204956e+02
6.150000e-06	-3.706509e-06	-9.321335e-10	-2.002322e+01	-2.238812e+02
6.160000e-06	-3.757926e-06	-9.464042e-10	-2.030098e+01	-2.272100e+02
6.170000e-06	-3.808992e-06	-9.589868e-10	-2.057685e+01	-2.304820e+02
6.180000e-06	-3.859814e-06	-9.721754e-10	-2.085140e+01	-2.336973e+02
6.190000e-06	-3.910446e-06	-9.869799e-10	-2.112492e+01	-2.368558e+02
6.200000e-06	-3.960890e-06	-1.001298e-09	-2.139743e+01	-2.399578e+02
6.210000e-06	-4.010967e-06	-1.013388e-09	-2.166795e+01	-2.430037e+02
6.220000e-06	-4.060711e-06	-1.024759e-09	-2.193668e+01	-2.459938e+02
6.230000e-06	-4.110194e-06	-1.038574e-09	-2.220399e+01	-2.489287e+02
6.240000e-06	-4.159072e-06	-1.052783e-09	-2.246804e+01	-2.518091e+02
6.250000e-06	-4.207315e-06	-1.064881e-09	-2.272866e+01	-2.546356e+02
6.260000e-06	-4.255350e-06	-1.076258e-09	-2.298816e+01	-2.574091e+02
6.270000e-06	-4.303120e-06	-1.087148e-09	-2.324622e+01	-2.601305e+02
6.280000e-06	-4.350416e-06	-1.097575e-09	-2.350172e+01	-2.628007e+02
6.290000e-06	-4.397433e-06	-1.108221e-09	-2.375571e+01	-2.654207e+02
6.300000e-06	-4.444286e-06	-1.119266e-09	-2.400882e+01	-2.679914e+02
6.310000e-06	-4.490844e-06	-1.130021e-09	-2.426034e+01	-2.705138e+02
6.320000e-06	-4.537104e-06	-1.140045e-09	-2.451024e+01	-2.729891e+02
6.330000e-06	-4.583099e-06	-1.150717e-09	-2.475871e+01	-2.754180e+02
6.340000e-06	-4.628665e-06	-1.162120e-09	-2.500487e+01	-2.778016e+02
6.350000e-06	-4.673829e-06	-1.171696e-09	-2.524885e+01	-2.801408e+02
6.360000e-06	-4.718796e-06	-1.179880e-09	-2.549177e+01	-2.824364e+02
6.370000e-06	-4.763449e-06	-1.188704e-09	-2.573300e+01	-2.846892e+02
6.380000e-06	-4.807779e-06	-1.197922e-09	-2.597248e+01	-2.869000e+02
6.390000e-06	-4.851955e-06	-1.207395e-09	-2.621112e+01	-2.890693e+02
6.400000e-06	-4.895872e-06	-1.216667e-09	-2.644837e+01	-2.911978e+02
6.410000e-06	-4.939499e-06	-1.224809e-09	-2.668405e+01	-2.932861e+02
6.420000e-06	-4.982903e-06	-1.232306e-09	-2.691853e+01	-2.953346e+02
6.430000e-06	-5.025951e-06	-1.240916e-09	-2.715108e+01	-2.973436e+02
6.440000e-06	-5.068564e-06	-1.251010e-09	-2.738128e+01	-2.993137e+02
6.450000e-06	-5.110841e-06	-1.260463e-09	-2.760967e+01	-3.012450e+02
6.460000e-06	-5.152768e-06	-1.268213e-09	-2.783616e+01	-3.031380e+02
6.470000e-06	-5.194259e-06	-1.275525e-09	-2.806031e+01	-3.049929e+02
6.480000e-06	-5.235308e-06	-1.282417e-09	-2.828206e+01	-3.068099e+02
6.490000e-06	-5.276048e-06	-1.288823e-09	-2.850215e+01	-3.085895e+02
6.500000e-06	-5.316498e-06	-1.294834e-09	-2.872066e+01	-3.103319e+02
6.510000e-06	-5.356661e-06	-1.300508e-09	-2.893763e+01	-3.120374e+02
6.520000e-06	-5.396647e-06	-1.306756e-09	-2.915364e+01	-3.137065e+02
6.530000e-06	-5.436362e-06	-1.313582e-09	-2.936819e+01	-3.153396e+02
6.540000e-06	-5.475622e-06	-1.320574e-09	-2.958028e+01	-3.169373e+02
6.550000e-06	-5.514298e-06	-1.326789e-09	-2.978922e+01	-3.185000e+02
6.560000e-06	-5.552414e-06	-1.331531e-09	-2.999512e+01	-3.200285e+02
6.570000e-06	-5.589991e-06	-1.336132e-09	-3.019812e+01	-3.215234e+02
6.580000e-06	-5.626973e-06	-1.341853e-09	-3.039791e+01	-3.229857e+02
6.590000e-06	-5.663507e-06	-1.347839e-09	-3.059527e+01	-3.244161e+02
6.600000e-06	-5.699685e-06	-1.353041e-09	-3.079071e+01	-3.258157e+02
6.610000e-06	-5.735593e-06	-1.358794e-09	-3.098469e+01	-3.271853e+02
6.620000e-06	-5.771188e-06	-1.365690e-09	-3.117698e+01	-3.285263e+02
6.630000e-06	-5.806400e-06	-1.372080e-09	-3.136720e+01	-3.298395e+02
6.640000e-06	-5.841270e-06	-1.376578e-09	-3.155557e+01	-3.311263e+02
6.650000e-06	-5.875712e-06	-1.380308e-09	-3.174164e+01	-3.323877e+02
6.660000e-06	-5.909631e-06	-1.384508e-09	-3.192487e+01	-3.336251e+02
6.670000e-06	-5.942959e-06	-1.389392e-09	-3.210492e+01	-3.348396e+02
6.680000e-06	-5.975878e-06	-1.394587e-09	-3.228275e+01	-3.360323e+02
6.690000e-06	-6.008536e-06	-1.398077e-09	-3.245918e+01	-3.372046e+02
6.700000e-06	-6.040937e-06	-1.400066e-09	-3.263421e+01	-3.383575e+02
6.710000e-06	-6.073016e-06	-1.403005e-09	-3.280751e+01	-3.394920e+02
6.720000e-06	-6.104663e-06	-1.407245e-09	-3.297847e+01	-3.406092e+02
6.730000e-06	-6.135804e-06	-1.410860e-09	-3.314670e+01	-3.417100e+02
6.740000e-06	-6.166323e-06	-1.414074e-09	-3.331157e+01	-3.427953e+02
6.750000e-06	-6.196132e-06	-1.418108e-09	-3.347260e+01	-3.438658e+02
6.760000e-06	-6.225272e-06	-1.422691e-09	-3.363002e+01	-3.449221e+02
6.770000e-06	-6.253936e-06	-1.427114e-09	-3.378487e+01	-3.459649e+02
6.780000e-06	-6.282281e-06	-1.430862e-09	-3.393799e+01	-3.469946e+02
6.790000e-06	-6.310369e-06	-1.432543e-09	-3.408973e+01	-3.480115e+02
6.800000e-06	-6.338107e-06	-1.434249e-09	-3.423958e+01	-3.490159e+02
6.810000e-06	-6.365345e-06	-1.438820e-09	-3.438672e+01	-3.500079e+02
6.820000e-06	-6.392157e-06	-1.444644e-09	-3.453156e+01	-3.509876e+02
6.830000e-06	-6.418489e-06	-1.449196e-09	-3.467382e+01	-3.519550e+02
6.840000e-06	-6.444345e-06	-1.450362e-09	-3.481349e+01	-3.529100e+02
6.850000e-06	-6.469648e-06	-1.450218e-09	-3.495019e+01	-3.538524e+02
6.860000e-06	-6.494419e-06	-1.450765e-09	-3.508400e+01	-3.547820e+02
6.870000e-06	-6.518839e-06	-1.451459e-09	-3.521592e+01	-3.556985e+02
6.880000e-06	-6.542998e-06	-1.453565e-09	-3.534644e+01	-3.566017e+02
6.890000e-06	-6.566927e-06	-1.456527e-09	-3.547570e+01	-3.574911e+02
6.900000e-06	-6.590386e-06	-1.460214e-09	-3.560243e+01	-3.583666e+02
6.910000e-06	-6.613076e-06	-1.464586e-09	-3.572501e+01	-3.592276e+02
6.920000e-06	-6.635107e-06	-1.467839e-09	-3.584403e+01	-3.600740e+02
6.930000e-06	-6.656561e-06	-1.470118e-09	-3.595992e+01	-3.609053e+02
6.940000e-06	-6.677500e-06	-1.471315e-09	-3.607304e+01	-3.617213e+02
6.950000e-06	-6.698045e-06	-1.472776e-09	-3.618402e+01	-3.625216e+02
6.960000e-06	-6.718216e-06	-1.476172e-09	-3.629299e+01	-3.633061e+02
6.970000e-06	-6.738006e-06	-1.479957e-09	-3.639990e+01	-3.640744e+02
6.980000e-06	-6.757285e-06	-1.482289e-09	-3.650405e+01	-3.648264e+02
6.990000e-06	-6.776124e-06	-1.483579e-09	-3.660582e+01	-3.655620e+02
7.000000e-06	-6.794525e-06	-1.485213e-09	-3.670523e+01	-3.662809e+02
7.010000e-06	-6.812430e-06	-1.487199e-09	-3.680195e+01	-3.669831e+02
7.020000e-06	-6.829787e-06	-1.488671e-09	-3.689572e+01	-3.676685e+02
7.030000e-06	-6.846573e-06	-1.490221e-09	-3.698640e+01	-3.683370e+02
7.040000e-06	-6.862958e-06	-1.492198e-09	-3.707492e+01	-3.689885e+02
7.050000e-06	-6.879040e-06	-1.493586e-09	-3.716179e+01	-3.696229e+02
7.060000e-06	-6.894718e-06	-1.494583e-09	-3.724649e+01	-3.702403e+02
7.070000e-06	-6.909851e-06	-1.495743e-09	-3.732824e+01	-3.708404e+02
7.080000e-06	-6.924156e-06	-1.496566e-09	-3.740552e+01	-3.714233e+02
7.090000e-06	-6.937592e-06	-1.497599e-09	-3.747810e+01	-3.719888e+02
7.100000e-06	-6.950449e-06	-1.500708e-09	-3.754755e+01	-3.725367e+02
7.110000e-06	-6.962805e-06	-1.505090e-09	-3.761431e+01	-3.730669e+02
7.120000e-06	-6.974640e-06	-1.507717e-09	-3.767824e+01	-3.735793e+02
7.130000e-06	-6.985894e-06	-1.507354e-09	-3.773904e+01	-3.740735e+02
7.140000e-06	-6.996676e-06	-1.506941e-09	-3.779729e+01	-3.745494e+02
7.150000e-06	-7.007125e-06	-1.508743e-09	-3.785373e+01	-3.750067e+02
7.160000e-06	-7.017148e-06	-1.510422e-09	-3.790788e+01	-3.754450e+02
7.170000e-06	-7.026585e-06	-1.510830e-09	-3.795886e+01	-3.758641e+02
7.180000e-06	-7.035465e-06	-1.510911e-09	-3.800683e+01	-3.762636e+02
7.190000e-06	-7.044052e-06	-1.510750e-09	-3.805322e+01	-3.766432e+02
7.200000e-06	-7.052372e-06	-1.510394e-09	-3.809816e+01	-3.770026e+02
7.210000e-06	-7.060262e-06	-1.510303e-09	-3.814079e+01	-3.773414e+02
7.220000e-06	-7.067525e-06	-1.509700e-09	-3.818002e+01	-3.776595e+02
7.230000e-06	-7.074052e-06	-1.508612e-09	-3.821528e+01	-3.779565e+02
7.240000e-06	-7.079807e-06	-1.509549e-09	-3.824637e+01	-3.782322e+02
7.250000e-06	-7.084862e-06	-1.511333e-09	-3.827368e+01	-3.784865e+02
7.260000e-06	-7.089433e-06	-1.511629e-09	-3.829837e+01	-3.787193e+02
7.270000e-06	-7.093663e-06	-1.511590e-09	-3.832123e+01	-3.789305e+02
7.280000e-06	-7.097538e-06	-1.511830e-09	-3.834216e+01	-3.791203e+02
7.290000e-06	-7.101025e-06	-1.512426e-09	-3.836100e+01	-3.792887e+02
7.300000e-06	-7.104055e-06	-1.512776e-09	-3.837736e+01	-3.794361e+02
7.310000e-06	-7.106586e-06	-1.511767e-09	-3.839104e+01	-3.795627e+02
7.320000e-06	-7.108668e-06	-1.510805e-09	-3.840228e+01	-3.796689e+02
7.330000e-06	-7.110179e-06	-1.511070e-09	-3.841044e+01	-3.797553e+02
7.340000e-06	-7.111139e-06	-1.511517e-09	-3.841563e+01	-3.798224e+02
