# Temperatura_=_17.1
# Concentracion g/m^3_=_7400.0
# C_Vs_to_Am_M_A/Vsm_=_254322799225.57578
# pendiente_HvsI_1/m_=_3716.3
# ordenada_HvsI_A/m_=_1297.0
# frecuencia_Hz_=_136115.31987363545

Tiempo_(s)	Campo_(V.s)	Magnetizacion_(V.s)	Campo_(kA/m)	Magnetizacion_(A/m)
0.000000e+00	-7.106733e-06	-1.604986e-09	-3.842420e+01	-4.034514e+02
1.000000e-08	-7.106905e-06	-1.603769e-09	-3.842513e+01	-4.034341e+02
2.000000e-08	-7.106826e-06	-1.602491e-09	-3.842470e+01	-4.034043e+02
3.000000e-08	-7.106233e-06	-1.601064e-09	-3.842150e+01	-4.033632e+02
4.000000e-08	-7.104817e-06	-1.600206e-09	-3.841384e+01	-4.033121e+02
5.000000e-08	-7.102507e-06	-1.599659e-09	-3.840135e+01	-4.032522e+02
6.000000e-08	-7.099455e-06	-1.599495e-09	-3.838485e+01	-4.031844e+02
7.000000e-08	-7.096019e-06	-1.603986e-09	-3.836627e+01	-4.031097e+02
8.000000e-08	-7.092319e-06	-1.609922e-09	-3.834627e+01	-4.030287e+02
9.000000e-08	-7.088121e-06	-1.592241e-09	-3.832357e+01	-4.029423e+02
1.000000e-07	-7.083012e-06	-1.550957e-09	-3.829595e+01	-4.028507e+02
1.100000e-07	-7.077057e-06	-1.561837e-09	-3.826375e+01	-4.027544e+02
1.200000e-07	-7.070875e-06	-1.634345e-09	-3.823032e+01	-4.026535e+02
1.300000e-07	-7.064698e-06	-1.638074e-09	-3.819693e+01	-4.025480e+02
1.400000e-07	-7.058064e-06	-1.548160e-09	-3.816106e+01	-4.024380e+02
1.500000e-07	-7.050691e-06	-1.539437e-09	-3.812119e+01	-4.023231e+02
1.600000e-07	-7.042882e-06	-1.640986e-09	-3.807897e+01	-4.022029e+02
1.700000e-07	-7.034885e-06	-1.635465e-09	-3.803574e+01	-4.020772e+02
1.800000e-07	-7.026362e-06	-1.508156e-09	-3.798966e+01	-4.019452e+02
1.900000e-07	-7.017038e-06	-1.516686e-09	-3.793924e+01	-4.018065e+02
2.000000e-07	-7.006984e-06	-1.658700e-09	-3.788488e+01	-4.016602e+02
2.100000e-07	-6.996317e-06	-1.647023e-09	-3.782721e+01	-4.015058e+02
2.200000e-07	-6.985083e-06	-1.508889e-09	-3.776647e+01	-4.013425e+02
2.300000e-07	-6.973322e-06	-1.523199e-09	-3.770288e+01	-4.011695e+02
2.400000e-07	-6.961136e-06	-1.628838e-09	-3.763699e+01	-4.009860e+02
2.500000e-07	-6.948464e-06	-1.586955e-09	-3.756848e+01	-4.007914e+02
2.600000e-07	-6.935098e-06	-1.508174e-09	-3.749621e+01	-4.005850e+02
2.700000e-07	-6.921088e-06	-1.568894e-09	-3.742047e+01	-4.003662e+02
2.800000e-07	-6.906545e-06	-1.613530e-09	-3.734184e+01	-4.001342e+02
2.900000e-07	-6.891174e-06	-1.543872e-09	-3.725873e+01	-3.998887e+02
3.000000e-07	-6.874965e-06	-1.533947e-09	-3.717109e+01	-3.996292e+02
3.100000e-07	-6.858274e-06	-1.588972e-09	-3.708085e+01	-3.993552e+02
3.200000e-07	-6.841330e-06	-1.547158e-09	-3.698924e+01	-3.990664e+02
3.300000e-07	-6.823989e-06	-1.507326e-09	-3.689548e+01	-3.987627e+02
3.400000e-07	-6.806166e-06	-1.588221e-09	-3.679911e+01	-3.984437e+02
3.500000e-07	-6.787836e-06	-1.604161e-09	-3.670001e+01	-3.981094e+02
3.600000e-07	-6.768972e-06	-1.502021e-09	-3.659802e+01	-3.977598e+02
3.700000e-07	-6.749746e-06	-1.506949e-09	-3.649407e+01	-3.973947e+02
3.800000e-07	-6.730190e-06	-1.591740e-09	-3.638833e+01	-3.970143e+02
3.900000e-07	-6.710336e-06	-1.548814e-09	-3.628099e+01	-3.966184e+02
4.000000e-07	-6.690005e-06	-1.484791e-09	-3.617106e+01	-3.962073e+02
4.100000e-07	-6.669076e-06	-1.542771e-09	-3.605790e+01	-3.957809e+02
4.200000e-07	-6.647611e-06	-1.566034e-09	-3.594185e+01	-3.953392e+02
4.300000e-07	-6.625692e-06	-1.504920e-09	-3.582334e+01	-3.948825e+02
4.400000e-07	-6.603414e-06	-1.512170e-09	-3.570289e+01	-3.944105e+02
4.500000e-07	-6.580693e-06	-1.543978e-09	-3.558004e+01	-3.939234e+02
4.600000e-07	-6.557528e-06	-1.501374e-09	-3.545479e+01	-3.934211e+02
4.700000e-07	-6.534067e-06	-1.495235e-09	-3.532795e+01	-3.929034e+02
4.800000e-07	-6.510322e-06	-1.544423e-09	-3.519956e+01	-3.923703e+02
4.900000e-07	-6.486139e-06	-1.519906e-09	-3.506881e+01	-3.918216e+02
5.000000e-07	-6.461295e-06	-1.476139e-09	-3.493449e+01	-3.912569e+02
5.100000e-07	-6.435613e-06	-1.508333e-09	-3.479563e+01	-3.906762e+02
5.200000e-07	-6.409129e-06	-1.520784e-09	-3.465244e+01	-3.900790e+02
5.300000e-07	-6.382020e-06	-1.483588e-09	-3.450587e+01	-3.894650e+02
5.400000e-07	-6.354525e-06	-1.489954e-09	-3.435721e+01	-3.888339e+02
5.500000e-07	-6.326789e-06	-1.510564e-09	-3.420725e+01	-3.881853e+02
5.600000e-07	-6.298730e-06	-1.488750e-09	-3.405554e+01	-3.875188e+02
5.700000e-07	-6.270252e-06	-1.481615e-09	-3.390157e+01	-3.868340e+02
5.800000e-07	-6.241382e-06	-1.495777e-09	-3.374548e+01	-3.861306e+02
5.900000e-07	-6.212045e-06	-1.481055e-09	-3.358686e+01	-3.854081e+02
6.000000e-07	-6.182309e-06	-1.468599e-09	-3.342608e+01	-3.846664e+02
6.100000e-07	-6.152150e-06	-1.482800e-09	-3.326302e+01	-3.839051e+02
6.200000e-07	-6.121312e-06	-1.482028e-09	-3.309629e+01	-3.831241e+02
6.300000e-07	-6.090047e-06	-1.466847e-09	-3.292725e+01	-3.823231e+02
6.400000e-07	-6.058629e-06	-1.465783e-09	-3.275738e+01	-3.815020e+02
6.500000e-07	-6.027019e-06	-1.464365e-09	-3.258648e+01	-3.806609e+02
6.600000e-07	-5.995147e-06	-1.456384e-09	-3.241415e+01	-3.797998e+02
6.700000e-07	-5.962928e-06	-1.457068e-09	-3.223995e+01	-3.789187e+02
6.800000e-07	-5.930145e-06	-1.457787e-09	-3.206270e+01	-3.780179e+02
6.900000e-07	-5.896548e-06	-1.449764e-09	-3.188105e+01	-3.770975e+02
7.000000e-07	-5.862177e-06	-1.443205e-09	-3.169522e+01	-3.761579e+02
7.100000e-07	-5.827185e-06	-1.439226e-09	-3.150603e+01	-3.751994e+02
7.200000e-07	-5.791796e-06	-1.433436e-09	-3.131469e+01	-3.742223e+02
7.300000e-07	-5.756166e-06	-1.427806e-09	-3.112205e+01	-3.732270e+02
7.400000e-07	-5.720299e-06	-1.422948e-09	-3.092812e+01	-3.722140e+02
7.500000e-07	-5.684128e-06	-1.419732e-09	-3.073255e+01	-3.711837e+02
7.600000e-07	-5.647516e-06	-1.418959e-09	-3.053461e+01	-3.701364e+02
7.700000e-07	-5.610431e-06	-1.414023e-09	-3.033409e+01	-3.690726e+02
7.800000e-07	-5.572945e-06	-1.403610e-09	-3.013142e+01	-3.679926e+02
7.900000e-07	-5.535137e-06	-1.395035e-09	-2.992700e+01	-3.668966e+02
8.000000e-07	-5.496878e-06	-1.391298e-09	-2.972014e+01	-3.657849e+02
8.100000e-07	-5.458100e-06	-1.388603e-09	-2.951048e+01	-3.646577e+02
8.200000e-07	-5.418963e-06	-1.384142e-09	-2.929888e+01	-3.635150e+02
8.300000e-07	-5.379571e-06	-1.377315e-09	-2.908590e+01	-3.623569e+02
8.400000e-07	-5.339928e-06	-1.369447e-09	-2.887156e+01	-3.611831e+02
8.500000e-07	-5.299931e-06	-1.363443e-09	-2.865530e+01	-3.599936e+02
8.600000e-07	-5.259621e-06	-1.359043e-09	-2.843736e+01	-3.587880e+02
8.700000e-07	-5.218954e-06	-1.353034e-09	-2.821748e+01	-3.575659e+02
8.800000e-07	-5.177847e-06	-1.345895e-09	-2.799523e+01	-3.563270e+02
8.900000e-07	-5.136280e-06	-1.341180e-09	-2.777049e+01	-3.550705e+02
9.000000e-07	-5.094110e-06	-1.337860e-09	-2.754249e+01	-3.537959e+02
9.100000e-07	-5.051238e-06	-1.332703e-09	-2.731069e+01	-3.525026e+02
9.200000e-07	-5.007862e-06	-1.325461e-09	-2.707617e+01	-3.511896e+02
9.300000e-07	-4.964234e-06	-1.318015e-09	-2.684028e+01	-3.498563e+02
9.400000e-07	-4.920390e-06	-1.312363e-09	-2.660323e+01	-3.485019e+02
9.500000e-07	-4.876295e-06	-1.307517e-09	-2.636482e+01	-3.471254e+02
9.600000e-07	-4.831826e-06	-1.300725e-09	-2.612439e+01	-3.457261e+02
9.700000e-07	-4.787082e-06	-1.292809e-09	-2.588247e+01	-3.443033e+02
9.800000e-07	-4.742114e-06	-1.286119e-09	-2.563934e+01	-3.428560e+02
9.900000e-07	-4.696803e-06	-1.280851e-09	-2.539436e+01	-3.413836e+02
1.000000e-06	-4.651138e-06	-1.275034e-09	-2.514745e+01	-3.398854e+02
1.010000e-06	-4.605071e-06	-1.267942e-09	-2.489838e+01	-3.383608e+02
1.020000e-06	-4.558577e-06	-1.260112e-09	-2.464701e+01	-3.368093e+02
1.030000e-06	-4.511818e-06	-1.253521e-09	-2.439419e+01	-3.352303e+02
1.040000e-06	-4.464825e-06	-1.248112e-09	-2.414011e+01	-3.336236e+02
1.050000e-06	-4.417559e-06	-1.242136e-09	-2.388456e+01	-3.319889e+02
1.060000e-06	-4.369996e-06	-1.234316e-09	-2.362740e+01	-3.303259e+02
1.070000e-06	-4.322237e-06	-1.225828e-09	-2.336917e+01	-3.286345e+02
1.080000e-06	-4.274301e-06	-1.218684e-09	-2.311000e+01	-3.269147e+02
1.090000e-06	-4.225980e-06	-1.212456e-09	-2.284874e+01	-3.251664e+02
1.100000e-06	-4.177140e-06	-1.205167e-09	-2.258468e+01	-3.233899e+02
1.110000e-06	-4.127768e-06	-1.195951e-09	-2.231773e+01	-3.215851e+02
1.120000e-06	-4.078015e-06	-1.186986e-09	-2.204873e+01	-3.197522e+02
1.130000e-06	-4.027843e-06	-1.179535e-09	-2.177747e+01	-3.178915e+02
1.140000e-06	-3.977299e-06	-1.171993e-09	-2.150419e+01	-3.160030e+02
1.150000e-06	-3.926466e-06	-1.164129e-09	-2.122935e+01	-3.140870e+02
1.160000e-06	-3.875290e-06	-1.156436e-09	-2.095265e+01	-3.121435e+02
1.170000e-06	-3.823750e-06	-1.149538e-09	-2.067399e+01	-3.101727e+02
1.180000e-06	-3.771865e-06	-1.143707e-09	-2.039346e+01	-3.081746e+02
1.190000e-06	-3.719626e-06	-1.136662e-09	-2.011102e+01	-3.061493e+02
1.200000e-06	-3.667031e-06	-1.128004e-09	-1.982665e+01	-3.040965e+02
1.210000e-06	-3.614134e-06	-1.119140e-09	-1.954065e+01	-3.020163e+02
1.220000e-06	-3.561106e-06	-1.111236e-09	-1.925394e+01	-2.999082e+02
1.230000e-06	-3.507885e-06	-1.104587e-09	-1.896619e+01	-2.977721e+02
1.240000e-06	-3.454404e-06	-1.097321e-09	-1.867703e+01	-2.956075e+02
1.250000e-06	-3.400778e-06	-1.087649e-09	-1.838709e+01	-2.934140e+02
1.260000e-06	-3.346795e-06	-1.077061e-09	-1.809522e+01	-2.911908e+02
1.270000e-06	-3.292440e-06	-1.067388e-09	-1.780134e+01	-2.889375e+02
1.280000e-06	-3.238013e-06	-1.059386e-09	-1.750707e+01	-2.866534e+02
1.290000e-06	-3.183456e-06	-1.052085e-09	-1.721209e+01	-2.843377e+02
1.300000e-06	-3.128529e-06	-1.043687e-09	-1.691512e+01	-2.819896e+02
1.310000e-06	-3.073325e-06	-1.034892e-09	-1.661665e+01	-2.796085e+02
1.320000e-06	-3.017949e-06	-1.026249e-09	-1.631724e+01	-2.771934e+02
1.330000e-06	-2.962480e-06	-1.016060e-09	-1.601733e+01	-2.747436e+02
1.340000e-06	-2.906984e-06	-1.005224e-09	-1.571728e+01	-2.722584e+02
1.350000e-06	-2.851331e-06	-9.952005e-10	-1.541638e+01	-2.697371e+02
1.360000e-06	-2.795440e-06	-9.856140e-10	-1.511420e+01	-2.671790e+02
1.370000e-06	-2.739435e-06	-9.767753e-10	-1.481139e+01	-2.645835e+02
1.380000e-06	-2.683379e-06	-9.684017e-10	-1.450831e+01	-2.619501e+02
1.390000e-06	-2.627188e-06	-9.595120e-10	-1.420450e+01	-2.592784e+02
1.400000e-06	-2.570761e-06	-9.490949e-10	-1.389942e+01	-2.565680e+02
1.410000e-06	-2.514137e-06	-9.374278e-10	-1.359326e+01	-2.538186e+02
1.420000e-06	-2.457167e-06	-9.259790e-10	-1.328524e+01	-2.510300e+02
1.430000e-06	-2.399841e-06	-9.157292e-10	-1.297530e+01	-2.482020e+02
1.440000e-06	-2.342329e-06	-9.053773e-10	-1.266434e+01	-2.453347e+02
1.450000e-06	-2.284426e-06	-8.939429e-10	-1.235128e+01	-2.424279e+02
1.460000e-06	-2.226069e-06	-8.823563e-10	-1.203576e+01	-2.394816e+02
1.470000e-06	-2.167534e-06	-8.709073e-10	-1.171927e+01	-2.364958e+02
1.480000e-06	-2.108924e-06	-8.598693e-10	-1.140239e+01	-2.334705e+02
1.490000e-06	-2.050194e-06	-8.488136e-10	-1.108485e+01	-2.304055e+02
1.500000e-06	-1.991252e-06	-8.362679e-10	-1.076616e+01	-2.273008e+02
1.510000e-06	-1.931948e-06	-8.237492e-10	-1.044553e+01	-2.241561e+02
1.520000e-06	-1.872458e-06	-8.124967e-10	-1.012388e+01	-2.209711e+02
1.530000e-06	-1.812966e-06	-8.005830e-10	-9.802221e+00	-2.177451e+02
1.540000e-06	-1.753464e-06	-7.871572e-10	-9.480512e+00	-2.144776e+02
1.550000e-06	-1.693864e-06	-7.734803e-10	-9.158270e+00	-2.111676e+02
1.560000e-06	-1.634187e-06	-7.604858e-10	-8.835609e+00	-2.078141e+02
1.570000e-06	-1.574515e-06	-7.484061e-10	-8.512978e+00	-2.044157e+02
1.580000e-06	-1.514832e-06	-7.367674e-10	-8.190291e+00	-2.009709e+02
1.590000e-06	-1.455111e-06	-7.236076e-10	-7.867397e+00	-1.974778e+02
1.600000e-06	-1.395261e-06	-7.094574e-10	-7.543804e+00	-1.939344e+02
1.610000e-06	-1.335350e-06	-6.963896e-10	-7.219882e+00	-1.903384e+02
1.620000e-06	-1.275408e-06	-6.837419e-10	-6.895789e+00	-1.866872e+02
1.630000e-06	-1.215365e-06	-6.702519e-10	-6.571154e+00	-1.829781e+02
1.640000e-06	-1.155199e-06	-6.555735e-10	-6.245851e+00	-1.792081e+02
1.650000e-06	-1.094862e-06	-6.402646e-10	-5.919627e+00	-1.753741e+02
1.660000e-06	-1.034445e-06	-6.252555e-10	-5.592968e+00	-1.714729e+02
1.670000e-06	-9.739159e-07	-6.106372e-10	-5.265702e+00	-1.675011e+02
1.680000e-06	-9.133851e-07	-5.957742e-10	-4.938429e+00	-1.634554e+02
1.690000e-06	-8.529523e-07	-5.799371e-10	-4.611684e+00	-1.593324e+02
1.700000e-06	-7.924687e-07	-5.640279e-10	-4.284666e+00	-1.551287e+02
1.710000e-06	-7.319256e-07	-5.492862e-10	-3.957325e+00	-1.508411e+02
1.720000e-06	-6.712587e-07	-5.353136e-10	-3.629316e+00	-1.464667e+02
1.730000e-06	-6.105460e-07	-5.200667e-10	-3.301059e+00	-1.420027e+02
1.740000e-06	-5.498964e-07	-5.029024e-10	-2.973142e+00	-1.374465e+02
1.750000e-06	-4.891345e-07	-4.849010e-10	-2.644619e+00	-1.327960e+02
1.760000e-06	-4.282032e-07	-4.667343e-10	-2.315180e+00	-1.280494e+02
1.770000e-06	-3.672086e-07	-4.487557e-10	-1.985399e+00	-1.232054e+02
1.780000e-06	-3.061981e-07	-4.302328e-10	-1.655531e+00	-1.182633e+02
1.790000e-06	-2.452158e-07	-4.111198e-10	-1.325816e+00	-1.132228e+02
1.800000e-06	-1.842676e-07	-3.926460e-10	-9.962856e-01	-1.080842e+02
1.810000e-06	-1.233227e-07	-3.753840e-10	-6.667726e-01	-1.028484e+02
1.820000e-06	-6.242182e-08	-3.582635e-10	-3.374981e-01	-9.751704e+01
1.830000e-06	-1.487068e-09	-3.392064e-10	-8.040178e-03	-9.209227e+01
1.840000e-06	5.948792e-08	-3.175297e-10	3.216353e-01	-8.657694e+01
1.850000e-06	1.204720e-07	-2.957650e-10	6.513599e-01	-8.097453e+01
1.860000e-06	1.814709e-07	-2.751980e-10	9.811645e-01	-7.528917e+01
1.870000e-06	2.423984e-07	-2.536280e-10	1.310583e+00	-6.952556e+01
1.880000e-06	3.033363e-07	-2.307687e-10	1.640058e+00	-6.368899e+01
1.890000e-06	3.642700e-07	-2.087567e-10	1.969510e+00	-5.778528e+01
1.900000e-06	4.251904e-07	-1.878133e-10	2.298891e+00	-5.182074e+01
1.910000e-06	4.861331e-07	-1.666116e-10	2.628391e+00	-4.580213e+01
1.920000e-06	5.470326e-07	-1.438494e-10	2.957659e+00	-3.973655e+01
1.930000e-06	6.077933e-07	-1.193044e-10	3.286175e+00	-3.363143e+01
1.940000e-06	6.684246e-07	-9.452073e-11	3.613993e+00	-2.749445e+01
1.950000e-06	7.290583e-07	-7.069543e-11	3.941823e+00	-2.133344e+01
1.960000e-06	7.897587e-07	-4.820454e-11	4.270014e+00	-1.515635e+01
1.970000e-06	8.504765e-07	-2.623907e-11	4.598298e+00	-8.971112e+00
1.980000e-06	9.109972e-07	-4.201341e-12	4.925517e+00	-2.785645e+00
1.990000e-06	9.713022e-07	1.806266e-11	5.251570e+00	3.392278e+00
2.000000e-06	1.031570e-06	4.004173e-11	5.577422e+00	9.555075e+00
2.010000e-06	1.091855e-06	6.146990e-11	5.903365e+00	1.569543e+01
2.020000e-06	1.152090e-06	8.367960e-11	6.229041e+00	2.180634e+01
2.030000e-06	1.212217e-06	1.070130e-10	6.554131e+00	2.788119e+01
2.040000e-06	1.272280e-06	1.300030e-10	6.878875e+00	3.391379e+01
2.050000e-06	1.332258e-06	1.528987e-10	7.203163e+00	3.989842e+01
2.060000e-06	1.392161e-06	1.766586e-10	7.527041e+00	4.582988e+01
2.070000e-06	1.452006e-06	1.991109e-10	7.850607e+00	5.170347e+01
2.080000e-06	1.511772e-06	2.194695e-10	8.173747e+00	5.751507e+01
2.090000e-06	1.571450e-06	2.404581e-10	8.496406e+00	6.326111e+01
2.100000e-06	1.631045e-06	2.617524e-10	8.818625e+00	6.893860e+01
2.110000e-06	1.690677e-06	2.815079e-10	9.141036e+00	7.454509e+01
2.120000e-06	1.750316e-06	3.013575e-10	9.463489e+00	8.007871e+01
2.130000e-06	1.809857e-06	3.228119e-10	9.785412e+00	8.553807e+01
2.140000e-06	1.869271e-06	3.442418e-10	1.010664e+01	9.092234e+01
2.150000e-06	1.928462e-06	3.648614e-10	1.042668e+01	9.623113e+01
2.160000e-06	1.987569e-06	3.848587e-10	1.074625e+01	1.014645e+02
2.170000e-06	2.046615e-06	4.031767e-10	1.106550e+01	1.066229e+02
2.180000e-06	2.105368e-06	4.213034e-10	1.138316e+01	1.117071e+02
2.190000e-06	2.163921e-06	4.406291e-10	1.169974e+01	1.167182e+02
2.200000e-06	2.222224e-06	4.598462e-10	1.201497e+01	1.216576e+02
2.210000e-06	2.280116e-06	4.782764e-10	1.232797e+01	1.265269e+02
2.220000e-06	2.337814e-06	4.962458e-10	1.263993e+01	1.313279e+02
2.230000e-06	2.395297e-06	5.131155e-10	1.295073e+01	1.360624e+02
2.240000e-06	2.452461e-06	5.298114e-10	1.325980e+01	1.407323e+02
2.250000e-06	2.509417e-06	5.473207e-10	1.356775e+01	1.453396e+02
2.260000e-06	2.566093e-06	5.646417e-10	1.387418e+01	1.498864e+02
2.270000e-06	2.622539e-06	5.820981e-10	1.417936e+01	1.543745e+02
2.280000e-06	2.678823e-06	6.000349e-10	1.448368e+01	1.588059e+02
2.290000e-06	2.734858e-06	6.165527e-10	1.478664e+01	1.631822e+02
2.300000e-06	2.790681e-06	6.311148e-10	1.508846e+01	1.675051e+02
2.310000e-06	2.846379e-06	6.453031e-10	1.538961e+01	1.717763e+02
2.320000e-06	2.901886e-06	6.600943e-10	1.568972e+01	1.759969e+02
2.330000e-06	2.957263e-06	6.758065e-10	1.598913e+01	1.801683e+02
2.340000e-06	3.012452e-06	6.926116e-10	1.628752e+01	1.842916e+02
2.350000e-06	3.067414e-06	7.093015e-10	1.658468e+01	1.883675e+02
2.360000e-06	3.122216e-06	7.238437e-10	1.688098e+01	1.923968e+02
2.370000e-06	3.176791e-06	7.370615e-10	1.717606e+01	1.963802e+02
2.380000e-06	3.231166e-06	7.501874e-10	1.747005e+01	2.003180e+02
2.390000e-06	3.285381e-06	7.638054e-10	1.776317e+01	2.042106e+02
2.400000e-06	3.339436e-06	7.789444e-10	1.805543e+01	2.080581e+02
2.410000e-06	3.393302e-06	7.940493e-10	1.834668e+01	2.118606e+02
2.420000e-06	3.446941e-06	8.076969e-10	1.863669e+01	2.156182e+02
2.430000e-06	3.500214e-06	8.214278e-10	1.892472e+01	2.193308e+02
2.440000e-06	3.553174e-06	8.352807e-10	1.921106e+01	2.229981e+02
2.450000e-06	3.605941e-06	8.478080e-10	1.949636e+01	2.266200e+02
2.460000e-06	3.658435e-06	8.599559e-10	1.978018e+01	2.301963e+02
2.470000e-06	3.710644e-06	8.728403e-10	2.006246e+01	2.337267e+02
2.480000e-06	3.762627e-06	8.859442e-10	2.034351e+01	2.372109e+02
2.490000e-06	3.814350e-06	8.984285e-10	2.062317e+01	2.406488e+02
2.500000e-06	3.865707e-06	9.102855e-10	2.090084e+01	2.440399e+02
2.510000e-06	3.916649e-06	9.216498e-10	2.117627e+01	2.473842e+02
2.520000e-06	3.967175e-06	9.330365e-10	2.144945e+01	2.506813e+02
2.530000e-06	4.017319e-06	9.450116e-10	2.172057e+01	2.539310e+02
2.540000e-06	4.067042e-06	9.571593e-10	2.198941e+01	2.571331e+02
2.550000e-06	4.116313e-06	9.688310e-10	2.225580e+01	2.602875e+02
2.560000e-06	4.165200e-06	9.795902e-10	2.252012e+01	2.633940e+02
2.570000e-06	4.213652e-06	9.900020e-10	2.278209e+01	2.664525e+02
2.580000e-06	4.261712e-06	1.001105e-09	2.304193e+01	2.694628e+02
2.590000e-06	4.309500e-06	1.012541e-09	2.330031e+01	2.724249e+02
2.600000e-06	4.357147e-06	1.022579e-09	2.355793e+01	2.753386e+02
2.610000e-06	4.404633e-06	1.031779e-09	2.381467e+01	2.782038e+02
2.620000e-06	4.451748e-06	1.042362e-09	2.406941e+01	2.810206e+02
2.630000e-06	4.498509e-06	1.053730e-09	2.432223e+01	2.837888e+02
2.640000e-06	4.544917e-06	1.063803e-09	2.457314e+01	2.865083e+02
2.650000e-06	4.590926e-06	1.072377e-09	2.482191e+01	2.891792e+02
2.660000e-06	4.636673e-06	1.080168e-09	2.506924e+01	2.918014e+02
2.670000e-06	4.682154e-06	1.087980e-09	2.531515e+01	2.943748e+02
2.680000e-06	4.727256e-06	1.096786e-09	2.555901e+01	2.968996e+02
2.690000e-06	4.772033e-06	1.106592e-09	2.580110e+01	2.993756e+02
2.700000e-06	4.816491e-06	1.115795e-09	2.604147e+01	3.018030e+02
2.710000e-06	4.860764e-06	1.124074e-09	2.628085e+01	3.041819e+02
2.720000e-06	4.904796e-06	1.132682e-09	2.651892e+01	3.065124e+02
2.730000e-06	4.948478e-06	1.141161e-09	2.675509e+01	3.087946e+02
2.740000e-06	4.992011e-06	1.148421e-09	2.699047e+01	3.110289e+02
2.750000e-06	5.035224e-06	1.155367e-09	2.722411e+01	3.132155e+02
2.760000e-06	5.078010e-06	1.163646e-09	2.745544e+01	3.153547e+02
2.770000e-06	5.120315e-06	1.172838e-09	2.768417e+01	3.174472e+02
2.780000e-06	5.162009e-06	1.180570e-09	2.790960e+01	3.194934e+02
2.790000e-06	5.203056e-06	1.186943e-09	2.813153e+01	3.214938e+02
2.800000e-06	5.243594e-06	1.193537e-09	2.835071e+01	3.234494e+02
2.810000e-06	5.283853e-06	1.201032e-09	2.856837e+01	3.253607e+02
2.820000e-06	5.323821e-06	1.210240e-09	2.878447e+01	3.272288e+02
2.830000e-06	5.363497e-06	1.219526e-09	2.899899e+01	3.290547e+02
2.840000e-06	5.402870e-06	1.226942e-09	2.921187e+01	3.308393e+02
2.850000e-06	5.441978e-06	1.234026e-09	2.942332e+01	3.325839e+02
2.860000e-06	5.480824e-06	1.241891e-09	2.963335e+01	3.342897e+02
2.870000e-06	5.519258e-06	1.249130e-09	2.984115e+01	3.359581e+02
2.880000e-06	5.557197e-06	1.255441e-09	3.004627e+01	3.375902e+02
2.890000e-06	5.594552e-06	1.261700e-09	3.024824e+01	3.391877e+02
2.900000e-06	5.631493e-06	1.268330e-09	3.044797e+01	3.407518e+02
2.910000e-06	5.668153e-06	1.275404e-09	3.064618e+01	3.422841e+02
2.920000e-06	5.704327e-06	1.282852e-09	3.084177e+01	3.437861e+02
2.930000e-06	5.740166e-06	1.289443e-09	3.103554e+01	3.452592e+02
2.940000e-06	5.775856e-06	1.294100e-09	3.122851e+01	3.467050e+02
2.950000e-06	5.811261e-06	1.299183e-09	3.141993e+01	3.481247e+02
2.960000e-06	5.846385e-06	1.306286e-09	3.160983e+01	3.495200e+02
2.970000e-06	5.881035e-06	1.312808e-09	3.179718e+01	3.508920e+02
2.980000e-06	5.914888e-06	1.318579e-09	3.198021e+01	3.522421e+02
2.990000e-06	5.948006e-06	1.325145e-09	3.215927e+01	3.535715e+02
3.000000e-06	5.980523e-06	1.331346e-09	3.233508e+01	3.548813e+02
3.010000e-06	6.012611e-06	1.336619e-09	3.250857e+01	3.561727e+02
3.020000e-06	6.044384e-06	1.341894e-09	3.268036e+01	3.574465e+02
3.030000e-06	6.075832e-06	1.346993e-09	3.285039e+01	3.587036e+02
3.040000e-06	6.106954e-06	1.352337e-09	3.301866e+01	3.599449e+02
3.050000e-06	6.137586e-06	1.358714e-09	3.318428e+01	3.611709e+02
3.060000e-06	6.167668e-06	1.364675e-09	3.334693e+01	3.623824e+02
3.070000e-06	6.197344e-06	1.369511e-09	3.350738e+01	3.635797e+02
3.080000e-06	6.226649e-06	1.373922e-09	3.366582e+01	3.647633e+02
3.090000e-06	6.255535e-06	1.378406e-09	3.382200e+01	3.659336e+02
3.100000e-06	6.284012e-06	1.382741e-09	3.397597e+01	3.670908e+02
3.110000e-06	6.312208e-06	1.386784e-09	3.412842e+01	3.682351e+02
3.120000e-06	6.340184e-06	1.390907e-09	3.427967e+01	3.693666e+02
3.130000e-06	6.367899e-06	1.395650e-09	3.442952e+01	3.704853e+02
3.140000e-06	6.395378e-06	1.401456e-09	3.457809e+01	3.715914e+02
3.150000e-06	6.422330e-06	1.408379e-09	3.472381e+01	3.726848e+02
3.160000e-06	6.448514e-06	1.413690e-09	3.486539e+01	3.737654e+02
3.170000e-06	6.473931e-06	1.416313e-09	3.500281e+01	3.748332e+02
3.180000e-06	6.498634e-06	1.418451e-09	3.513637e+01	3.758880e+02
3.190000e-06	6.522797e-06	1.421858e-09	3.526701e+01	3.769298e+02
3.200000e-06	6.546530e-06	1.426749e-09	3.539533e+01	3.779583e+02
3.210000e-06	6.569856e-06	1.431329e-09	3.552145e+01	3.789734e+02
3.220000e-06	6.592640e-06	1.437179e-09	3.564464e+01	3.799749e+02
3.230000e-06	6.614877e-06	1.444978e-09	3.576487e+01	3.809626e+02
3.240000e-06	6.636838e-06	1.451251e-09	3.588360e+01	3.819363e+02
3.250000e-06	6.658527e-06	1.455154e-09	3.600087e+01	3.828957e+02
3.260000e-06	6.679713e-06	1.457346e-09	3.611542e+01	3.838405e+02
3.270000e-06	6.700402e-06	1.460268e-09	3.622728e+01	3.847705e+02
3.280000e-06	6.720635e-06	1.465909e-09	3.633667e+01	3.856852e+02
3.290000e-06	6.740492e-06	1.471793e-09	3.644403e+01	3.865843e+02
3.300000e-06	6.760088e-06	1.475862e-09	3.654998e+01	3.874675e+02
3.310000e-06	6.779326e-06	1.479064e-09	3.665400e+01	3.883342e+02
3.320000e-06	6.797968e-06	1.482619e-09	3.675479e+01	3.891839e+02
3.330000e-06	6.815897e-06	1.486391e-09	3.685172e+01	3.900161e+02
3.340000e-06	6.833260e-06	1.491276e-09	3.694560e+01	3.908301e+02
3.350000e-06	6.850316e-06	1.496595e-09	3.703782e+01	3.916254e+02
3.360000e-06	6.866989e-06	1.500185e-09	3.712797e+01	3.924011e+02
3.370000e-06	6.883156e-06	1.502833e-09	3.721538e+01	3.931567e+02
3.380000e-06	6.898740e-06	1.506254e-09	3.729964e+01	3.938913e+02
3.390000e-06	6.913661e-06	1.509110e-09	3.738031e+01	3.946041e+02
3.400000e-06	6.928043e-06	1.511602e-09	3.745807e+01	3.952944e+02
3.410000e-06	6.941873e-06	1.515843e-09	3.753284e+01	3.959612e+02
3.420000e-06	6.955121e-06	1.520847e-09	3.760447e+01	3.966037e+02
3.430000e-06	6.967803e-06	1.525885e-09	3.767304e+01	3.972212e+02
3.440000e-06	6.980037e-06	1.529641e-09	3.773919e+01	3.978128e+02
3.450000e-06	6.991851e-06	1.531878e-09	3.780306e+01	3.983779e+02
3.460000e-06	7.003145e-06	1.535532e-09	3.786413e+01	3.989156e+02
3.470000e-06	7.013760e-06	1.539968e-09	3.792152e+01	3.994255e+02
3.480000e-06	7.023646e-06	1.542945e-09	3.797497e+01	3.999069e+02
3.490000e-06	7.032890e-06	1.544472e-09	3.802495e+01	4.003594e+02
3.500000e-06	7.041475e-06	1.545820e-09	3.807137e+01	4.007826e+02
3.510000e-06	7.049479e-06	1.548755e-09	3.811464e+01	4.011765e+02
3.520000e-06	7.057153e-06	1.553435e-09	3.815613e+01	4.015408e+02
3.530000e-06	7.064464e-06	1.558418e-09	3.819566e+01	4.018756e+02
3.540000e-06	7.071250e-06	1.561905e-09	3.823235e+01	4.021811e+02
3.550000e-06	7.077462e-06	1.564787e-09	3.826594e+01	4.024577e+02
3.560000e-06	7.083027e-06	1.567828e-09	3.829603e+01	4.027058e+02
3.570000e-06	7.088197e-06	1.569295e-09	3.832398e+01	4.029260e+02
3.580000e-06	7.092929e-06	1.568446e-09	3.834956e+01	4.031192e+02
3.590000e-06	7.097068e-06	1.567075e-09	3.837194e+01	4.032862e+02
3.600000e-06	7.100849e-06	1.568760e-09	3.839239e+01	4.034280e+02
3.610000e-06	7.104396e-06	1.572936e-09	3.841156e+01	4.035458e+02
3.620000e-06	7.107576e-06	1.576772e-09	3.842876e+01	4.036408e+02
3.630000e-06	7.110117e-06	1.579493e-09	3.844249e+01	4.037143e+02
3.640000e-06	7.111907e-06	1.579463e-09	3.845217e+01	4.037676e+02
3.650000e-06	7.112966e-06	1.577873e-09	3.845790e+01	4.038023e+02
3.660000e-06	7.113355e-06	1.578506e-09	3.846000e+01	4.038197e+02
3.670000e-06	7.113254e-06	1.579873e-09	3.845946e+01	4.038213e+02
3.680000e-06	7.112843e-06	1.580078e-09	3.845723e+01	4.038084e+02
3.690000e-06	7.112185e-06	1.580896e-09	3.845368e+01	4.037826e+02
3.700000e-06	7.111031e-06	1.583218e-09	3.844744e+01	4.037452e+02
3.710000e-06	7.109222e-06	1.585762e-09	3.843766e+01	4.036973e+02
3.720000e-06	7.106964e-06	1.586315e-09	3.842545e+01	4.036402e+02
3.730000e-06	7.104300e-06	1.582662e-09	3.841104e+01	4.035749e+02
3.740000e-06	7.101111e-06	1.571574e-09	3.839380e+01	4.035024e+02
3.750000e-06	7.097475e-06	1.568471e-09	3.837414e+01	4.034234e+02
3.760000e-06	7.093372e-06	1.610130e-09	3.835196e+01	4.033387e+02
3.770000e-06	7.088545e-06	1.650594e-09	3.832586e+01	4.032488e+02
3.780000e-06	7.082864e-06	1.588570e-09	3.829515e+01	4.031540e+02
3.790000e-06	7.076809e-06	1.505874e-09	3.826241e+01	4.030547e+02
3.800000e-06	7.070703e-06	1.564934e-09	3.822939e+01	4.029507e+02
3.810000e-06	7.063994e-06	1.662894e-09	3.819312e+01	4.028422e+02
3.820000e-06	7.056478e-06	1.600356e-09	3.815249e+01	4.027290e+02
3.830000e-06	7.048441e-06	1.497388e-09	3.810903e+01	4.026106e+02
3.840000e-06	7.040064e-06	1.584572e-09	3.806374e+01	4.024868e+02
3.850000e-06	7.031396e-06	1.710631e-09	3.801687e+01	4.023570e+02
3.860000e-06	7.022172e-06	1.603749e-09	3.796700e+01	4.022205e+02
3.870000e-06	7.012255e-06	1.449683e-09	3.791338e+01	4.020769e+02
3.880000e-06	7.001972e-06	1.557597e-09	3.785779e+01	4.019252e+02
3.890000e-06	6.991334e-06	1.709977e-09	3.780027e+01	4.017650e+02
3.900000e-06	6.979983e-06	1.598641e-09	3.773889e+01	4.015952e+02
3.910000e-06	6.967866e-06	1.476719e-09	3.767338e+01	4.014153e+02
3.920000e-06	6.955233e-06	1.610664e-09	3.760508e+01	4.012246e+02
3.930000e-06	6.942014e-06	1.694103e-09	3.753361e+01	4.010222e+02
3.940000e-06	6.927858e-06	1.535712e-09	3.745707e+01	4.008075e+02
3.950000e-06	6.913021e-06	1.491969e-09	3.737685e+01	4.005800e+02
3.960000e-06	6.897726e-06	1.656315e-09	3.729415e+01	4.003391e+02
3.970000e-06	6.881842e-06	1.657907e-09	3.720827e+01	4.000842e+02
3.980000e-06	6.865539e-06	1.518851e-09	3.712013e+01	3.998151e+02
3.990000e-06	6.849031e-06	1.576239e-09	3.703087e+01	3.995313e+02
4.000000e-06	6.832208e-06	1.671943e-09	3.693992e+01	3.992325e+02
4.010000e-06	6.814694e-06	1.551990e-09	3.684522e+01	3.989186e+02
4.020000e-06	6.796643e-06	1.500639e-09	3.674762e+01	3.985895e+02
4.030000e-06	6.778284e-06	1.650378e-09	3.664836e+01	3.982450e+02
4.040000e-06	6.759427e-06	1.651689e-09	3.654641e+01	3.978850e+02
4.050000e-06	6.740054e-06	1.514865e-09	3.644166e+01	3.975097e+02
4.060000e-06	6.720304e-06	1.569737e-09	3.633488e+01	3.971190e+02
4.070000e-06	6.700234e-06	1.662831e-09	3.622637e+01	3.967129e+02
4.080000e-06	6.679871e-06	1.559251e-09	3.611627e+01	3.962916e+02
4.090000e-06	6.659108e-06	1.517948e-09	3.600401e+01	3.958550e+02
4.100000e-06	6.637825e-06	1.627216e-09	3.588894e+01	3.954033e+02
4.110000e-06	6.615699e-06	1.610303e-09	3.576931e+01	3.949364e+02
4.120000e-06	6.592522e-06	1.530563e-09	3.564400e+01	3.944543e+02
4.130000e-06	6.568727e-06	1.590676e-09	3.551535e+01	3.939571e+02
4.140000e-06	6.544610e-06	1.614564e-09	3.538495e+01	3.934445e+02
4.150000e-06	6.520304e-06	1.530814e-09	3.525354e+01	3.929166e+02
4.160000e-06	6.495749e-06	1.550669e-09	3.512077e+01	3.923731e+02
4.170000e-06	6.470738e-06	1.615439e-09	3.498555e+01	3.918138e+02
4.180000e-06	6.445205e-06	1.566571e-09	3.484750e+01	3.912384e+02
4.190000e-06	6.419180e-06	1.541249e-09	3.470679e+01	3.906467e+02
4.200000e-06	6.392655e-06	1.589333e-09	3.456337e+01	3.900384e+02
4.210000e-06	6.365525e-06	1.570036e-09	3.441669e+01	3.894130e+02
4.220000e-06	6.337844e-06	1.534607e-09	3.426702e+01	3.887703e+02
4.230000e-06	6.309797e-06	1.566859e-09	3.411538e+01	3.881098e+02
4.240000e-06	6.281505e-06	1.570522e-09	3.396241e+01	3.874311e+02
4.250000e-06	6.252968e-06	1.539189e-09	3.380812e+01	3.867339e+02
4.260000e-06	6.224128e-06	1.552692e-09	3.365219e+01	3.860179e+02
4.270000e-06	6.194761e-06	1.562991e-09	3.349341e+01	3.852826e+02
4.280000e-06	6.164676e-06	1.538179e-09	3.333075e+01	3.845279e+02
4.290000e-06	6.133825e-06	1.534435e-09	3.316395e+01	3.837534e+02
4.300000e-06	6.102330e-06	1.545218e-09	3.299366e+01	3.829591e+02
4.310000e-06	6.070372e-06	1.541748e-09	3.282087e+01	3.821447e+02
4.320000e-06	6.038082e-06	1.541220e-09	3.264629e+01	3.813103e+02
4.330000e-06	6.005362e-06	1.540904e-09	3.246938e+01	3.804558e+02
4.340000e-06	5.972223e-06	1.531959e-09	3.229021e+01	3.795814e+02
4.350000e-06	5.938856e-06	1.527737e-09	3.210980e+01	3.786871e+02
4.360000e-06	5.905157e-06	1.526372e-09	3.192760e+01	3.777732e+02
4.370000e-06	5.871069e-06	1.524282e-09	3.174329e+01	3.768400e+02
4.380000e-06	5.836475e-06	1.524844e-09	3.155625e+01	3.758877e+02
4.390000e-06	5.801369e-06	1.519119e-09	3.136645e+01	3.749167e+02
4.400000e-06	5.765885e-06	1.512817e-09	3.117459e+01	3.739275e+02
4.410000e-06	5.730031e-06	1.515359e-09	3.098074e+01	3.729204e+02
4.420000e-06	5.693947e-06	1.511598e-09	3.078565e+01	3.718958e+02
4.430000e-06	5.657662e-06	1.500637e-09	3.058946e+01	3.708541e+02
4.440000e-06	5.621085e-06	1.499581e-09	3.039170e+01	3.697957e+02
4.450000e-06	5.584154e-06	1.501785e-09	3.019202e+01	3.687211e+02
4.460000e-06	5.546593e-06	1.496037e-09	2.998894e+01	3.676304e+02
4.470000e-06	5.508163e-06	1.490034e-09	2.978116e+01	3.665239e+02
4.480000e-06	5.469065e-06	1.486437e-09	2.956977e+01	3.654018e+02
4.490000e-06	5.429487e-06	1.480574e-09	2.935578e+01	3.642643e+02
4.500000e-06	5.389489e-06	1.476270e-09	2.913952e+01	3.631113e+02
4.510000e-06	5.349201e-06	1.475773e-09	2.892170e+01	3.619428e+02
4.520000e-06	5.308689e-06	1.473230e-09	2.870266e+01	3.607585e+02
4.530000e-06	5.267929e-06	1.466836e-09	2.848228e+01	3.595583e+02
4.540000e-06	5.226822e-06	1.462112e-09	2.826003e+01	3.583418e+02
4.550000e-06	5.185342e-06	1.460120e-09	2.803575e+01	3.571085e+02
4.560000e-06	5.143435e-06	1.456567e-09	2.780917e+01	3.558579e+02
4.570000e-06	5.101128e-06	1.450875e-09	2.758043e+01	3.545895e+02
4.580000e-06	5.058514e-06	1.445853e-09	2.735003e+01	3.533024e+02
4.590000e-06	5.015642e-06	1.443332e-09	2.711823e+01	3.519961e+02
4.600000e-06	4.972336e-06	1.441489e-09	2.688409e+01	3.506697e+02
4.610000e-06	4.928528e-06	1.437020e-09	2.664723e+01	3.493223e+02
4.620000e-06	4.884505e-06	1.429583e-09	2.640921e+01	3.479533e+02
4.630000e-06	4.840306e-06	1.423118e-09	2.617023e+01	3.465617e+02
4.640000e-06	4.795917e-06	1.419289e-09	2.593024e+01	3.451468e+02
4.650000e-06	4.751237e-06	1.415509e-09	2.568866e+01	3.437077e+02
4.660000e-06	4.706142e-06	1.410241e-09	2.544485e+01	3.422438e+02
4.670000e-06	4.660847e-06	1.403556e-09	2.519995e+01	3.407543e+02
4.680000e-06	4.615312e-06	1.396052e-09	2.495375e+01	3.392385e+02
4.690000e-06	4.569290e-06	1.389119e-09	2.470492e+01	3.376960e+02
4.700000e-06	4.522843e-06	1.383268e-09	2.445380e+01	3.361263e+02
4.710000e-06	4.476105e-06	1.377541e-09	2.420110e+01	3.345288e+02
4.720000e-06	4.429129e-06	1.370692e-09	2.394711e+01	3.329035e+02
4.730000e-06	4.381942e-06	1.363921e-09	2.369198e+01	3.312499e+02
4.740000e-06	4.334435e-06	1.358659e-09	2.343512e+01	3.295680e+02
4.750000e-06	4.286521e-06	1.353909e-09	2.317607e+01	3.278576e+02
4.760000e-06	4.238272e-06	1.348090e-09	2.291520e+01	3.261189e+02
4.770000e-06	4.189728e-06	1.341306e-09	2.265274e+01	3.243517e+02
4.780000e-06	4.140689e-06	1.334350e-09	2.238759e+01	3.225563e+02
4.790000e-06	4.091188e-06	1.328413e-09	2.211996e+01	3.207328e+02
4.800000e-06	4.041380e-06	1.323198e-09	2.185066e+01	3.188813e+02
4.810000e-06	3.991298e-06	1.316527e-09	2.157988e+01	3.170021e+02
4.820000e-06	3.941019e-06	1.308516e-09	2.130803e+01	3.150952e+02
4.830000e-06	3.890319e-06	1.300293e-09	2.103391e+01	3.131608e+02
4.840000e-06	3.839207e-06	1.292198e-09	2.075756e+01	3.111991e+02
4.850000e-06	3.787842e-06	1.284029e-09	2.047985e+01	3.092102e+02
4.860000e-06	3.736237e-06	1.276778e-09	2.020083e+01	3.071939e+02
4.870000e-06	3.684399e-06	1.269970e-09	1.992056e+01	3.051503e+02
4.880000e-06	3.632353e-06	1.262268e-09	1.963916e+01	3.030792e+02
4.890000e-06	3.580122e-06	1.255198e-09	1.935676e+01	3.009805e+02
4.900000e-06	3.527525e-06	1.248028e-09	1.907238e+01	2.988538e+02
4.910000e-06	3.474567e-06	1.238514e-09	1.878605e+01	2.966987e+02
4.920000e-06	3.421330e-06	1.228759e-09	1.849821e+01	2.945148e+02
4.930000e-06	3.367812e-06	1.220348e-09	1.820886e+01	2.923016e+02
4.940000e-06	3.313825e-06	1.212493e-09	1.791696e+01	2.900585e+02
4.950000e-06	3.259376e-06	1.203586e-09	1.762257e+01	2.877847e+02
4.960000e-06	3.204670e-06	1.194333e-09	1.732679e+01	2.854796e+02
4.970000e-06	3.149703e-06	1.185947e-09	1.702960e+01	2.831424e+02
4.980000e-06	3.094421e-06	1.177965e-09	1.673071e+01	2.807723e+02
4.990000e-06	3.038852e-06	1.169872e-09	1.643026e+01	2.783686e+02
5.000000e-06	2.983021e-06	1.160358e-09	1.612839e+01	2.759305e+02
5.010000e-06	2.927001e-06	1.150007e-09	1.582551e+01	2.734572e+02
5.020000e-06	2.870928e-06	1.139408e-09	1.552234e+01	2.709479e+02
5.030000e-06	2.814755e-06	1.127269e-09	1.521863e+01	2.684022e+02
5.040000e-06	2.758345e-06	1.115134e-09	1.491363e+01	2.658192e+02
5.050000e-06	2.701742e-06	1.104439e-09	1.460759e+01	2.631985e+02
5.060000e-06	2.644998e-06	1.093399e-09	1.430079e+01	2.605396e+02
5.070000e-06	2.588009e-06	1.082332e-09	1.399267e+01	2.578421e+02
5.080000e-06	2.530843e-06	1.071254e-09	1.368359e+01	2.551057e+02
5.090000e-06	2.473539e-06	1.059770e-09	1.337376e+01	2.523302e+02
5.100000e-06	2.416105e-06	1.048356e-09	1.306323e+01	2.495154e+02
5.110000e-06	2.358620e-06	1.036663e-09	1.275242e+01	2.466612e+02
5.120000e-06	2.300884e-06	1.024399e-09	1.244026e+01	2.437675e+02
5.130000e-06	2.242806e-06	1.011919e-09	1.212625e+01	2.408344e+02
5.140000e-06	2.184586e-06	9.999389e-10	1.181147e+01	2.378618e+02
5.150000e-06	2.126228e-06	9.877770e-10	1.149594e+01	2.348496e+02
5.160000e-06	2.067701e-06	9.744990e-10	1.117950e+01	2.317979e+02
5.170000e-06	2.009032e-06	9.605969e-10	1.086230e+01	2.287065e+02
5.180000e-06	1.950231e-06	9.469510e-10	1.054437e+01	2.255751e+02
5.190000e-06	1.891258e-06	9.340122e-10	1.022553e+01	2.224036e+02
5.200000e-06	1.832226e-06	9.210265e-10	9.906354e+00	2.191913e+02
5.210000e-06	1.773158e-06	9.068997e-10	9.586990e+00	2.159377e+02
5.220000e-06	1.713933e-06	8.923343e-10	9.266778e+00	2.126420e+02
5.230000e-06	1.654556e-06	8.781484e-10	8.945740e+00	2.093031e+02
5.240000e-06	1.595028e-06	8.640216e-10	8.623889e+00	2.059199e+02
5.250000e-06	1.535439e-06	8.495619e-10	8.301709e+00	2.024907e+02
5.260000e-06	1.475831e-06	8.347257e-10	7.979423e+00	1.990139e+02
5.270000e-06	1.416141e-06	8.199120e-10	7.656695e+00	1.954875e+02
5.280000e-06	1.356348e-06	8.054097e-10	7.333409e+00	1.919093e+02
5.290000e-06	1.296451e-06	7.908785e-10	7.009564e+00	1.882768e+02
5.300000e-06	1.236429e-06	7.755017e-10	6.685038e+00	1.845873e+02
5.310000e-06	1.176332e-06	7.586553e-10	6.360114e+00	1.808380e+02
5.320000e-06	1.116173e-06	7.411681e-10	6.034851e+00	1.770257e+02
5.330000e-06	1.055958e-06	7.250673e-10	5.709283e+00	1.731472e+02
5.340000e-06	9.957649e-07	7.101056e-10	5.383834e+00	1.691993e+02
5.350000e-06	9.355323e-07	6.945265e-10	5.058172e+00	1.651786e+02
5.360000e-06	8.751814e-07	6.774630e-10	4.731871e+00	1.610817e+02
5.370000e-06	8.147739e-07	6.589554e-10	4.405264e+00	1.569052e+02
5.380000e-06	7.543488e-07	6.405786e-10	4.078562e+00	1.526460e+02
5.390000e-06	6.939149e-07	6.228222e-10	3.751812e+00	1.483009e+02
5.400000e-06	6.334379e-07	6.041861e-10	3.424829e+00	1.438670e+02
5.410000e-06	5.729023e-07	5.844817e-10	3.097529e+00	1.393418e+02
5.420000e-06	5.123365e-07	5.649852e-10	2.770066e+00	1.347229e+02
5.430000e-06	4.517289e-07	5.456897e-10	2.442377e+00	1.300085e+02
5.440000e-06	3.911410e-07	5.265485e-10	2.114794e+00	1.251971e+02
5.450000e-06	3.305946e-07	5.069770e-10	1.787436e+00	1.202878e+02
5.460000e-06	2.700466e-07	4.862580e-10	1.460070e+00	1.152800e+02
5.470000e-06	2.094808e-07	4.649394e-10	1.132606e+00	1.101740e+02
5.480000e-06	1.488136e-07	4.429619e-10	8.045952e-01	1.049705e+02
5.490000e-06	8.807816e-08	4.195695e-10	4.762150e-01	9.967079e+01
5.500000e-06	2.748377e-08	3.948683e-10	1.485974e-01	9.427686e+01
5.510000e-06	-3.308436e-08	3.706555e-10	-1.788782e-01	8.879135e+01
5.520000e-06	-9.371466e-08	3.473157e-10	-5.066900e-01	8.321754e+01
5.530000e-06	-1.542971e-07	3.241083e-10	-8.342429e-01	7.755933e+01
5.540000e-06	-2.147696e-07	3.008728e-10	-1.161202e+00	7.182123e+01
5.550000e-06	-2.751266e-07	2.772826e-10	-1.487536e+00	6.600836e+01
5.560000e-06	-3.355896e-07	2.531814e-10	-1.814443e+00	6.012634e+01
5.570000e-06	-3.961867e-07	2.283402e-10	-2.142075e+00	5.418135e+01
5.580000e-06	-4.567572e-07	2.028523e-10	-2.469564e+00	4.817998e+01
5.590000e-06	-5.172646e-07	1.776375e-10	-2.796711e+00	4.212924e+01
5.600000e-06	-5.777654e-07	1.532446e-10	-3.123823e+00	3.603645e+01
5.610000e-06	-6.382511e-07	1.288641e-10	-3.450852e+00	2.990923e+01
5.620000e-06	-6.986614e-07	1.047909e-10	-3.777475e+00	2.375534e+01
5.630000e-06	-7.590037e-07	8.094640e-11	-4.103729e+00	1.758272e+01
5.640000e-06	-8.192451e-07	5.562840e-11	-4.429439e+00	1.139931e+01
5.650000e-06	-8.795048e-07	2.901036e-11	-4.755246e+00	5.213044e+00
5.660000e-06	-9.398347e-07	1.816733e-12	-5.081434e+00	-9.682524e-01
5.670000e-06	-1.000154e-06	-2.499733e-11	-5.407566e+00	-7.136925e+00
5.680000e-06	-1.060345e-06	-4.987340e-11	-5.733000e+00	-1.328556e+01
5.690000e-06	-1.120445e-06	-7.339437e-11	-6.057945e+00	-1.940704e+01
5.700000e-06	-1.180548e-06	-9.836594e-11	-6.382908e+00	-2.549463e+01
5.710000e-06	-1.240577e-06	-1.252901e-10	-6.707466e+00	-3.154198e+01
5.720000e-06	-1.300513e-06	-1.513149e-10	-7.031523e+00	-3.754321e+01
5.730000e-06	-1.360376e-06	-1.754146e-10	-7.355186e+00	-4.349294e+01
5.740000e-06	-1.420232e-06	-1.988054e-10	-7.678813e+00	-4.938631e+01
5.750000e-06	-1.480001e-06	-2.223447e-10	-8.001966e+00	-5.521901e+01
5.760000e-06	-1.539594e-06	-2.463819e-10	-8.324171e+00	-6.098727e+01
5.770000e-06	-1.599129e-06	-2.698118e-10	-8.646063e+00	-6.668791e+01
5.780000e-06	-1.658524e-06	-2.925626e-10	-8.967193e+00	-7.231832e+01
5.790000e-06	-1.717648e-06	-3.162390e-10	-9.286864e+00	-7.787640e+01
5.800000e-06	-1.776704e-06	-3.409503e-10	-9.606159e+00	-8.336064e+01
5.810000e-06	-1.835799e-06	-3.645063e-10	-9.925671e+00	-8.877002e+01
5.820000e-06	-1.894817e-06	-3.860151e-10	-1.024477e+01	-9.410398e+01
5.830000e-06	-1.953562e-06	-4.064281e-10	-1.056239e+01	-9.936245e+01
5.840000e-06	-2.012141e-06	-4.267688e-10	-1.087911e+01	-1.045458e+02
5.850000e-06	-2.070579e-06	-4.484603e-10	-1.119507e+01	-1.096546e+02
5.860000e-06	-2.128795e-06	-4.717514e-10	-1.150983e+01	-1.146899e+02
5.870000e-06	-2.186949e-06	-4.946735e-10	-1.182425e+01	-1.196531e+02
5.880000e-06	-2.245017e-06	-5.158513e-10	-1.213820e+01	-1.245456e+02
5.890000e-06	-2.302836e-06	-5.368143e-10	-1.245081e+01	-1.293692e+02
5.900000e-06	-2.360363e-06	-5.584119e-10	-1.276185e+01	-1.341256e+02
5.910000e-06	-2.417743e-06	-5.794858e-10	-1.307209e+01	-1.388168e+02
5.920000e-06	-2.474904e-06	-5.989549e-10	-1.338114e+01	-1.434448e+02
5.930000e-06	-2.531965e-06	-6.171765e-10	-1.368966e+01	-1.480116e+02
5.940000e-06	-2.588835e-06	-6.356643e-10	-1.399713e+01	-1.525190e+02
5.950000e-06	-2.645447e-06	-6.553683e-10	-1.430322e+01	-1.569691e+02
5.960000e-06	-2.701974e-06	-6.746964e-10	-1.460885e+01	-1.613636e+02
5.970000e-06	-2.758398e-06	-6.923151e-10	-1.491392e+01	-1.657041e+02
5.980000e-06	-2.814736e-06	-7.098489e-10	-1.521853e+01	-1.699924e+02
5.990000e-06	-2.870831e-06	-7.292734e-10	-1.552181e+01	-1.742297e+02
6.000000e-06	-2.926697e-06	-7.492548e-10	-1.582387e+01	-1.784174e+02
6.010000e-06	-2.982375e-06	-7.670857e-10	-1.612490e+01	-1.825566e+02
6.020000e-06	-3.037828e-06	-7.832934e-10	-1.642472e+01	-1.866482e+02
6.030000e-06	-3.093106e-06	-7.989255e-10	-1.672360e+01	-1.906930e+02
6.040000e-06	-3.148098e-06	-8.150718e-10	-1.702092e+01	-1.946916e+02
6.050000e-06	-3.202690e-06	-8.319572e-10	-1.731608e+01	-1.986446e+02
6.060000e-06	-3.256977e-06	-8.474845e-10	-1.760960e+01	-2.025522e+02
6.070000e-06	-3.310941e-06	-8.624348e-10	-1.790137e+01	-2.064148e+02
6.080000e-06	-3.364463e-06	-8.781869e-10	-1.819075e+01	-2.102323e+02
6.090000e-06	-3.417630e-06	-8.938810e-10	-1.847821e+01	-2.140049e+02
6.100000e-06	-3.470601e-06	-9.098036e-10	-1.876461e+01	-2.177325e+02
6.110000e-06	-3.523324e-06	-9.256096e-10	-1.904967e+01	-2.214149e+02
6.120000e-06	-3.575796e-06	-9.407343e-10	-1.933337e+01	-2.250520e+02
6.130000e-06	-3.628049e-06	-9.562780e-10	-1.961589e+01	-2.286435e+02
6.140000e-06	-3.679952e-06	-9.724845e-10	-1.989652e+01	-2.321892e+02
6.150000e-06	-3.731583e-06	-9.882275e-10	-2.017567e+01	-2.356889e+02
6.160000e-06	-3.782942e-06	-1.002335e-09	-2.045335e+01	-2.391422e+02
6.170000e-06	-3.833959e-06	-1.015261e-09	-2.072919e+01	-2.425490e+02
6.180000e-06	-3.884701e-06	-1.029559e-09	-2.100353e+01	-2.459089e+02
6.190000e-06	-3.935121e-06	-1.045116e-09	-2.127614e+01	-2.492217e+02
6.200000e-06	-3.985292e-06	-1.059075e-09	-2.154740e+01	-2.524873e+02
6.210000e-06	-4.035240e-06	-1.071076e-09	-2.181746e+01	-2.557053e+02
6.220000e-06	-4.084754e-06	-1.083636e-09	-2.208517e+01	-2.588757e+02
6.230000e-06	-4.133666e-06	-1.096620e-09	-2.234962e+01	-2.619982e+02
6.240000e-06	-4.182228e-06	-1.108255e-09	-2.261219e+01	-2.650727e+02
6.250000e-06	-4.230478e-06	-1.120018e-09	-2.287306e+01	-2.680990e+02
6.260000e-06	-4.278215e-06	-1.132851e-09	-2.313116e+01	-2.710772e+02
6.270000e-06	-4.325544e-06	-1.146773e-09	-2.338706e+01	-2.740070e+02
6.280000e-06	-4.372577e-06	-1.159872e-09	-2.364135e+01	-2.768884e+02
6.290000e-06	-4.419416e-06	-1.170694e-09	-2.389460e+01	-2.797214e+02
6.300000e-06	-4.465994e-06	-1.180592e-09	-2.414643e+01	-2.825057e+02
6.310000e-06	-4.512324e-06	-1.190432e-09	-2.439693e+01	-2.852415e+02
6.320000e-06	-4.558393e-06	-1.200884e-09	-2.464601e+01	-2.879286e+02
6.330000e-06	-4.603977e-06	-1.212679e-09	-2.489247e+01	-2.905670e+02
6.340000e-06	-4.649163e-06	-1.224216e-09	-2.513678e+01	-2.931567e+02
6.350000e-06	-4.694179e-06	-1.233328e-09	-2.538017e+01	-2.956977e+02
6.360000e-06	-4.738946e-06	-1.242097e-09	-2.562221e+01	-2.981900e+02
6.370000e-06	-4.783420e-06	-1.252825e-09	-2.586267e+01	-3.006336e+02
6.380000e-06	-4.827685e-06	-1.263286e-09	-2.610200e+01	-3.030287e+02
6.390000e-06	-4.871746e-06	-1.272039e-09	-2.634023e+01	-3.053753e+02
6.400000e-06	-4.915560e-06	-1.280327e-09	-2.657711e+01	-3.076736e+02
6.410000e-06	-4.958933e-06	-1.288225e-09	-2.681162e+01	-3.099238e+02
6.420000e-06	-5.001946e-06	-1.296898e-09	-2.704418e+01	-3.121263e+02
6.430000e-06	-5.044623e-06	-1.306589e-09	-2.727492e+01	-3.142813e+02
6.440000e-06	-5.086931e-06	-1.316274e-09	-2.750367e+01	-3.163893e+02
6.450000e-06	-5.128970e-06	-1.325460e-09	-2.773097e+01	-3.184508e+02
6.460000e-06	-5.170711e-06	-1.334320e-09	-2.795665e+01	-3.204665e+02
6.470000e-06	-5.212070e-06	-1.344423e-09	-2.818026e+01	-3.224369e+02
6.480000e-06	-5.253038e-06	-1.353748e-09	-2.840177e+01	-3.243629e+02
6.490000e-06	-5.293689e-06	-1.359744e-09	-2.862156e+01	-3.262453e+02
6.500000e-06	-5.334010e-06	-1.364570e-09	-2.883956e+01	-3.280851e+02
6.510000e-06	-5.374169e-06	-1.370462e-09	-2.905669e+01	-3.298834e+02
6.520000e-06	-5.414024e-06	-1.377529e-09	-2.927217e+01	-3.316412e+02
6.530000e-06	-5.453386e-06	-1.385096e-09	-2.948500e+01	-3.333598e+02
6.540000e-06	-5.492320e-06	-1.392758e-09	-2.969550e+01	-3.350405e+02
6.550000e-06	-5.530681e-06	-1.400301e-09	-2.990291e+01	-3.366846e+02
6.560000e-06	-5.568325e-06	-1.407244e-09	-3.010644e+01	-3.382934e+02
6.570000e-06	-5.605425e-06	-1.413939e-09	-3.030703e+01	-3.398685e+02
6.580000e-06	-5.642161e-06	-1.419953e-09	-3.050565e+01	-3.414113e+02
6.590000e-06	-5.678593e-06	-1.424281e-09	-3.070263e+01	-3.429232e+02
6.600000e-06	-5.714687e-06	-1.428351e-09	-3.089778e+01	-3.444058e+02
6.610000e-06	-5.750440e-06	-1.433632e-09	-3.109109e+01	-3.458605e+02
6.620000e-06	-5.785860e-06	-1.439977e-09	-3.128259e+01	-3.472888e+02
6.630000e-06	-5.820787e-06	-1.445889e-09	-3.147143e+01	-3.486920e+02
6.640000e-06	-5.855299e-06	-1.450276e-09	-3.165803e+01	-3.500717e+02
6.650000e-06	-5.889369e-06	-1.454937e-09	-3.184224e+01	-3.514289e+02
6.660000e-06	-5.923013e-06	-1.460688e-09	-3.202414e+01	-3.527651e+02
6.670000e-06	-5.956321e-06	-1.466658e-09	-3.220423e+01	-3.540814e+02
6.680000e-06	-5.989271e-06	-1.472453e-09	-3.238238e+01	-3.553788e+02
6.690000e-06	-6.021855e-06	-1.476613e-09	-3.255855e+01	-3.566583e+02
6.700000e-06	-6.054066e-06	-1.479096e-09	-3.273271e+01	-3.579209e+02
6.710000e-06	-6.085879e-06	-1.482309e-09	-3.290471e+01	-3.591674e+02
6.720000e-06	-6.117240e-06	-1.486600e-09	-3.307427e+01	-3.603984e+02
6.730000e-06	-6.147988e-06	-1.490000e-09	-3.324052e+01	-3.616147e+02
6.740000e-06	-6.178070e-06	-1.493587e-09	-3.340317e+01	-3.628167e+02
6.750000e-06	-6.207446e-06	-1.499254e-09	-3.356200e+01	-3.640049e+02
6.760000e-06	-6.236179e-06	-1.504960e-09	-3.371735e+01	-3.651796e+02
6.770000e-06	-6.264633e-06	-1.509288e-09	-3.387119e+01	-3.663411e+02
6.780000e-06	-6.292801e-06	-1.511787e-09	-3.402349e+01	-3.674897e+02
6.790000e-06	-6.320561e-06	-1.513901e-09	-3.417358e+01	-3.686254e+02
6.800000e-06	-6.347939e-06	-1.517518e-09	-3.432160e+01	-3.697484e+02
6.810000e-06	-6.374928e-06	-1.522274e-09	-3.446752e+01	-3.708587e+02
6.820000e-06	-6.401484e-06	-1.526846e-09	-3.461111e+01	-3.719563e+02
6.830000e-06	-6.427501e-06	-1.529101e-09	-3.475177e+01	-3.730412e+02
6.840000e-06	-6.452961e-06	-1.531188e-09	-3.488943e+01	-3.741133e+02
6.850000e-06	-6.477916e-06	-1.534449e-09	-3.502436e+01	-3.751725e+02
6.860000e-06	-6.502495e-06	-1.536611e-09	-3.515724e+01	-3.762186e+02
6.870000e-06	-6.526819e-06	-1.538585e-09	-3.528876e+01	-3.772516e+02
6.880000e-06	-6.550904e-06	-1.541411e-09	-3.541898e+01	-3.782712e+02
6.890000e-06	-6.574685e-06	-1.544302e-09	-3.554756e+01	-3.792772e+02
6.900000e-06	-6.598008e-06	-1.548089e-09	-3.567366e+01	-3.802696e+02
6.910000e-06	-6.620545e-06	-1.551954e-09	-3.579551e+01	-3.812480e+02
6.920000e-06	-6.642170e-06	-1.554252e-09	-3.591243e+01	-3.822121e+02
6.930000e-06	-6.663109e-06	-1.556482e-09	-3.602564e+01	-3.831619e+02
6.940000e-06	-6.683565e-06	-1.558719e-09	-3.613624e+01	-3.840968e+02
6.950000e-06	-6.703718e-06	-1.561057e-09	-3.624520e+01	-3.850167e+02
6.960000e-06	-6.723599e-06	-1.564805e-09	-3.635270e+01	-3.859211e+02
6.970000e-06	-6.743067e-06	-1.568710e-09	-3.645796e+01	-3.868096e+02
6.980000e-06	-6.762091e-06	-1.572062e-09	-3.656081e+01	-3.876818e+02
6.990000e-06	-6.780649e-06	-1.575287e-09	-3.666115e+01	-3.885373e+02
7.000000e-06	-6.798740e-06	-1.578170e-09	-3.675896e+01	-3.893754e+02
7.010000e-06	-6.816286e-06	-1.579951e-09	-3.685383e+01	-3.901955e+02
7.020000e-06	-6.833248e-06	-1.580834e-09	-3.694554e+01	-3.909971e+02
7.030000e-06	-6.849892e-06	-1.581843e-09	-3.703553e+01	-3.917795e+02
7.040000e-06	-6.866302e-06	-1.583564e-09	-3.712425e+01	-3.925419e+02
7.050000e-06	-6.882398e-06	-1.586179e-09	-3.721128e+01	-3.932836e+02
7.060000e-06	-6.897908e-06	-1.587550e-09	-3.729514e+01	-3.940037e+02
7.070000e-06	-6.912680e-06	-1.587630e-09	-3.737501e+01	-3.947016e+02
7.080000e-06	-6.926738e-06	-1.588666e-09	-3.745101e+01	-3.953763e+02
7.090000e-06	-6.940048e-06	-1.591297e-09	-3.752298e+01	-3.960270e+02
7.100000e-06	-6.952648e-06	-1.595578e-09	-3.759110e+01	-3.966530e+02
7.110000e-06	-6.964753e-06	-1.598631e-09	-3.765655e+01	-3.972533e+02
7.120000e-06	-6.976428e-06	-1.599017e-09	-3.771967e+01	-3.978273e+02
7.130000e-06	-6.987501e-06	-1.599751e-09	-3.777954e+01	-3.983742e+02
7.140000e-06	-6.997956e-06	-1.601064e-09	-3.783607e+01	-3.988934e+02
7.150000e-06	-7.007919e-06	-1.602172e-09	-3.788994e+01	-3.993844e+02
7.160000e-06	-7.017481e-06	-1.603406e-09	-3.794164e+01	-3.998466e+02
7.170000e-06	-7.026580e-06	-1.602897e-09	-3.799083e+01	-4.002796e+02
7.180000e-06	-7.035187e-06	-1.601888e-09	-3.803737e+01	-4.006833e+02
7.190000e-06	-7.043471e-06	-1.603610e-09	-3.808216e+01	-4.010574e+02
7.200000e-06	-7.051434e-06	-1.605661e-09	-3.812521e+01	-4.014021e+02
7.210000e-06	-7.058959e-06	-1.606264e-09	-3.816590e+01	-4.017173e+02
7.220000e-06	-7.065874e-06	-1.606200e-09	-3.820328e+01	-4.020035e+02
7.230000e-06	-7.071961e-06	-1.606002e-09	-3.823620e+01	-4.022610e+02
7.240000e-06	-7.077317e-06	-1.607033e-09	-3.826515e+01	-4.024905e+02
7.250000e-06	-7.082112e-06	-1.608561e-09	-3.829108e+01	-4.026926e+02
7.260000e-06	-7.086430e-06	-1.608785e-09	-3.831443e+01	-4.028682e+02
7.270000e-06	-7.090467e-06	-1.607572e-09	-3.833625e+01	-4.030183e+02
7.280000e-06	-7.094194e-06	-1.606543e-09	-3.835640e+01	-4.031440e+02
7.290000e-06	-7.097379e-06	-1.606598e-09	-3.837363e+01	-4.032464e+02
7.300000e-06	-7.100082e-06	-1.605858e-09	-3.838824e+01	-4.033269e+02
7.310000e-06	-7.102339e-06	-1.603973e-09	-3.840044e+01	-4.033869e+02
7.320000e-06	-7.104217e-06	-1.603765e-09	-3.841060e+01	-4.034276e+02
7.330000e-06	-7.105571e-06	-1.604484e-09	-3.841791e+01	-4.034506e+02
7.340000e-06	-7.106312e-06	-1.605115e-09	-3.842193e+01	-4.034573e+02
