# Temperatura_=_10.7
# Concentracion g/m^3_=_7400.0
# C_Vs_to_Am_M_A/Vsm_=_254322799225.57578
# pendiente_HvsI_1/m_=_3716.3
# ordenada_HvsI_A/m_=_1297.0
# frecuencia_Hz_=_136107.6903012452

Tiempo_(s)	Campo_(V.s)	Magnetizacion_(V.s)	Campo_(kA/m)	Magnetizacion_(A/m)
0.000000e+00	-7.130717e-06	-1.544748e-09	-3.843330e+01	-3.897312e+02
1.000000e-08	-7.131036e-06	-1.544312e-09	-3.843502e+01	-3.897036e+02
2.000000e-08	-7.131023e-06	-1.543054e-09	-3.843495e+01	-3.896591e+02
3.000000e-08	-7.130591e-06	-1.541093e-09	-3.843262e+01	-3.895989e+02
4.000000e-08	-7.129533e-06	-1.539905e-09	-3.842692e+01	-3.895241e+02
5.000000e-08	-7.127669e-06	-1.539442e-09	-3.841687e+01	-3.894361e+02
6.000000e-08	-7.124999e-06	-1.538505e-09	-3.840248e+01	-3.893363e+02
7.000000e-08	-7.121763e-06	-1.537303e-09	-3.838504e+01	-3.892261e+02
8.000000e-08	-7.118158e-06	-1.540365e-09	-3.836561e+01	-3.891067e+02
9.000000e-08	-7.114169e-06	-1.539611e-09	-3.834411e+01	-3.889795e+02
1.000000e-07	-7.109366e-06	-1.514663e-09	-3.831822e+01	-3.888457e+02
1.100000e-07	-7.103665e-06	-1.492181e-09	-3.828750e+01	-3.887066e+02
1.200000e-07	-7.097661e-06	-1.538326e-09	-3.825514e+01	-3.885632e+02
1.300000e-07	-7.091610e-06	-1.576899e-09	-3.822252e+01	-3.884165e+02
1.400000e-07	-7.085161e-06	-1.526501e-09	-3.818776e+01	-3.882672e+02
1.500000e-07	-7.078121e-06	-1.475926e-09	-3.814982e+01	-3.881160e+02
1.600000e-07	-7.070598e-06	-1.532662e-09	-3.810927e+01	-3.879634e+02
1.700000e-07	-7.062779e-06	-1.585775e-09	-3.806713e+01	-3.878096e+02
1.800000e-07	-7.054477e-06	-1.499106e-09	-3.802238e+01	-3.876550e+02
1.900000e-07	-7.045458e-06	-1.443620e-09	-3.797377e+01	-3.874993e+02
2.000000e-07	-7.035595e-06	-1.538187e-09	-3.792061e+01	-3.873423e+02
2.100000e-07	-7.025166e-06	-1.596111e-09	-3.786440e+01	-3.871837e+02
2.200000e-07	-7.014338e-06	-1.495817e-09	-3.780604e+01	-3.870229e+02
2.300000e-07	-7.002908e-06	-1.448563e-09	-3.774443e+01	-3.868591e+02
2.400000e-07	-6.990925e-06	-1.533261e-09	-3.767985e+01	-3.866916e+02
2.500000e-07	-6.978465e-06	-1.550020e-09	-3.761269e+01	-3.865193e+02
2.600000e-07	-6.965462e-06	-1.469572e-09	-3.754260e+01	-3.863411e+02
2.700000e-07	-6.951792e-06	-1.481001e-09	-3.746893e+01	-3.861560e+02
2.800000e-07	-6.937451e-06	-1.545657e-09	-3.739163e+01	-3.859626e+02
2.900000e-07	-6.922417e-06	-1.508101e-09	-3.731060e+01	-3.857598e+02
3.000000e-07	-6.906659e-06	-1.468580e-09	-3.722567e+01	-3.855463e+02
3.100000e-07	-6.890185e-06	-1.514760e-09	-3.713688e+01	-3.853208e+02
3.200000e-07	-6.873397e-06	-1.513173e-09	-3.704639e+01	-3.850821e+02
3.300000e-07	-6.856209e-06	-1.450674e-09	-3.695375e+01	-3.848291e+02
3.400000e-07	-6.838570e-06	-1.490161e-09	-3.685868e+01	-3.845606e+02
3.500000e-07	-6.820541e-06	-1.548742e-09	-3.676151e+01	-3.842755e+02
3.600000e-07	-6.801943e-06	-1.482812e-09	-3.666126e+01	-3.839731e+02
3.700000e-07	-6.782788e-06	-1.437916e-09	-3.655803e+01	-3.836524e+02
3.800000e-07	-6.763245e-06	-1.508265e-09	-3.645269e+01	-3.833128e+02
3.900000e-07	-6.743500e-06	-1.515113e-09	-3.634627e+01	-3.829538e+02
4.000000e-07	-6.723377e-06	-1.444145e-09	-3.623781e+01	-3.825747e+02
4.100000e-07	-6.702672e-06	-1.462540e-09	-3.612621e+01	-3.821755e+02
4.200000e-07	-6.681451e-06	-1.509245e-09	-3.601184e+01	-3.817557e+02
4.300000e-07	-6.659689e-06	-1.467315e-09	-3.589454e+01	-3.813155e+02
4.400000e-07	-6.637478e-06	-1.448906e-09	-3.577483e+01	-3.808547e+02
4.500000e-07	-6.614889e-06	-1.488439e-09	-3.565308e+01	-3.803737e+02
4.600000e-07	-6.591763e-06	-1.469260e-09	-3.552843e+01	-3.798724e+02
4.700000e-07	-6.568131e-06	-1.435264e-09	-3.540106e+01	-3.793514e+02
4.800000e-07	-6.544292e-06	-1.471884e-09	-3.527257e+01	-3.788109e+02
4.900000e-07	-6.520219e-06	-1.482283e-09	-3.514283e+01	-3.782513e+02
5.000000e-07	-6.495586e-06	-1.434741e-09	-3.501006e+01	-3.776732e+02
5.100000e-07	-6.470121e-06	-1.435946e-09	-3.487280e+01	-3.770770e+02
5.200000e-07	-6.443905e-06	-1.465384e-09	-3.473150e+01	-3.764631e+02
5.300000e-07	-6.417150e-06	-1.442973e-09	-3.458730e+01	-3.758321e+02
5.400000e-07	-6.389836e-06	-1.425494e-09	-3.444009e+01	-3.751844e+02
5.500000e-07	-6.362099e-06	-1.447910e-09	-3.429058e+01	-3.745204e+02
5.600000e-07	-6.334048e-06	-1.443712e-09	-3.413940e+01	-3.738406e+02
5.700000e-07	-6.305618e-06	-1.420775e-09	-3.398616e+01	-3.731453e+02
5.800000e-07	-6.276725e-06	-1.427836e-09	-3.383044e+01	-3.724347e+02
5.900000e-07	-6.247466e-06	-1.432752e-09	-3.367273e+01	-3.717092e+02
6.000000e-07	-6.217794e-06	-1.413411e-09	-3.351281e+01	-3.709690e+02
6.100000e-07	-6.187693e-06	-1.410124e-09	-3.335057e+01	-3.702141e+02
6.200000e-07	-6.157234e-06	-1.421237e-09	-3.318640e+01	-3.694447e+02
6.300000e-07	-6.126355e-06	-1.413333e-09	-3.301997e+01	-3.686609e+02
6.400000e-07	-6.095049e-06	-1.400191e-09	-3.285124e+01	-3.678626e+02
6.500000e-07	-6.063422e-06	-1.402501e-09	-3.268077e+01	-3.670498e+02
6.600000e-07	-6.031458e-06	-1.400502e-09	-3.250849e+01	-3.662224e+02
6.700000e-07	-5.999079e-06	-1.390454e-09	-3.233397e+01	-3.653803e+02
6.800000e-07	-5.966171e-06	-1.389618e-09	-3.215660e+01	-3.645235e+02
6.900000e-07	-5.932595e-06	-1.391300e-09	-3.197563e+01	-3.636518e+02
7.000000e-07	-5.898244e-06	-1.381050e-09	-3.179049e+01	-3.627650e+02
7.100000e-07	-5.863244e-06	-1.373127e-09	-3.160184e+01	-3.618631e+02
7.200000e-07	-5.827909e-06	-1.374145e-09	-3.141139e+01	-3.609458e+02
7.300000e-07	-5.792288e-06	-1.369730e-09	-3.121940e+01	-3.600132e+02
7.400000e-07	-5.756337e-06	-1.360268e-09	-3.102564e+01	-3.590650e+02
7.500000e-07	-5.720141e-06	-1.357270e-09	-3.083054e+01	-3.581012e+02
7.600000e-07	-5.683664e-06	-1.355997e-09	-3.063394e+01	-3.571217e+02
7.700000e-07	-5.646653e-06	-1.351074e-09	-3.043446e+01	-3.561263e+02
7.800000e-07	-5.609198e-06	-1.345753e-09	-3.023258e+01	-3.551152e+02
7.900000e-07	-5.571437e-06	-1.339175e-09	-3.002906e+01	-3.540881e+02
8.000000e-07	-5.533250e-06	-1.330801e-09	-2.982324e+01	-3.530451e+02
8.100000e-07	-5.494580e-06	-1.326086e-09	-2.961481e+01	-3.519860e+02
8.200000e-07	-5.455439e-06	-1.323613e-09	-2.940385e+01	-3.509109e+02
8.300000e-07	-5.416038e-06	-1.318442e-09	-2.919148e+01	-3.498195e+02
8.400000e-07	-5.376492e-06	-1.312752e-09	-2.897834e+01	-3.487119e+02
8.500000e-07	-5.336623e-06	-1.307820e-09	-2.876345e+01	-3.475878e+02
8.600000e-07	-5.296306e-06	-1.303578e-09	-2.854615e+01	-3.464471e+02
8.700000e-07	-5.255484e-06	-1.298876e-09	-2.832613e+01	-3.452895e+02
8.800000e-07	-5.214237e-06	-1.292873e-09	-2.810381e+01	-3.441148e+02
8.900000e-07	-5.172589e-06	-1.286497e-09	-2.787934e+01	-3.429225e+02
9.000000e-07	-5.130374e-06	-1.281908e-09	-2.765181e+01	-3.417124e+02
9.100000e-07	-5.087497e-06	-1.277484e-09	-2.742071e+01	-3.404840e+02
9.200000e-07	-5.044159e-06	-1.272872e-09	-2.718712e+01	-3.392367e+02
9.300000e-07	-5.000553e-06	-1.266878e-09	-2.695210e+01	-3.379701e+02
9.400000e-07	-4.956643e-06	-1.260077e-09	-2.671543e+01	-3.366833e+02
9.500000e-07	-4.912457e-06	-1.254345e-09	-2.647727e+01	-3.353759e+02
9.600000e-07	-4.868065e-06	-1.249080e-09	-2.623801e+01	-3.340470e+02
9.700000e-07	-4.823357e-06	-1.243672e-09	-2.599704e+01	-3.326958e+02
9.800000e-07	-4.778317e-06	-1.238087e-09	-2.575428e+01	-3.313217e+02
9.900000e-07	-4.732989e-06	-1.231768e-09	-2.550997e+01	-3.299237e+02
1.000000e-06	-4.687221e-06	-1.225494e-09	-2.526329e+01	-3.285010e+02
1.010000e-06	-4.641120e-06	-1.219154e-09	-2.501482e+01	-3.270528e+02
1.020000e-06	-4.594788e-06	-1.212935e-09	-2.476509e+01	-3.255783e+02
1.030000e-06	-4.548106e-06	-1.206099e-09	-2.451349e+01	-3.240766e+02
1.040000e-06	-4.501049e-06	-1.199315e-09	-2.425986e+01	-3.225470e+02
1.050000e-06	-4.453674e-06	-1.193491e-09	-2.400451e+01	-3.209888e+02
1.060000e-06	-4.406112e-06	-1.187530e-09	-2.374816e+01	-3.194013e+02
1.070000e-06	-4.358220e-06	-1.180563e-09	-2.349003e+01	-3.177839e+02
1.080000e-06	-4.309977e-06	-1.172669e-09	-2.323001e+01	-3.161360e+02
1.090000e-06	-4.261452e-06	-1.165038e-09	-2.296847e+01	-3.144573e+02
1.100000e-06	-4.212516e-06	-1.157977e-09	-2.270472e+01	-3.127473e+02
1.110000e-06	-4.163276e-06	-1.151574e-09	-2.243932e+01	-3.110057e+02
1.120000e-06	-4.113568e-06	-1.145097e-09	-2.217140e+01	-3.092324e+02
1.130000e-06	-4.063283e-06	-1.138341e-09	-2.190038e+01	-3.074272e+02
1.140000e-06	-4.012544e-06	-1.130697e-09	-2.162690e+01	-3.055901e+02
1.150000e-06	-3.961435e-06	-1.122047e-09	-2.135143e+01	-3.037211e+02
1.160000e-06	-3.910095e-06	-1.114170e-09	-2.107472e+01	-3.018203e+02
1.170000e-06	-3.858556e-06	-1.107064e-09	-2.079693e+01	-2.998880e+02
1.180000e-06	-3.806744e-06	-1.099233e-09	-2.051768e+01	-2.979243e+02
1.190000e-06	-3.754581e-06	-1.091657e-09	-2.023652e+01	-2.959296e+02
1.200000e-06	-3.702071e-06	-1.084063e-09	-1.995351e+01	-2.939042e+02
1.210000e-06	-3.649267e-06	-1.076427e-09	-1.966890e+01	-2.918483e+02
1.220000e-06	-3.596198e-06	-1.068353e-09	-1.938287e+01	-2.897625e+02
1.230000e-06	-3.542873e-06	-1.060185e-09	-1.909546e+01	-2.876470e+02
1.240000e-06	-3.489207e-06	-1.051998e-09	-1.880621e+01	-2.855022e+02
1.250000e-06	-3.435293e-06	-1.042893e-09	-1.851562e+01	-2.833284e+02
1.260000e-06	-3.381256e-06	-1.033560e-09	-1.822437e+01	-2.811260e+02
1.270000e-06	-3.326965e-06	-1.024399e-09	-1.793175e+01	-2.788952e+02
1.280000e-06	-3.272412e-06	-1.015342e-09	-1.763772e+01	-2.766362e+02
1.290000e-06	-3.217677e-06	-1.007524e-09	-1.734271e+01	-2.743493e+02
1.300000e-06	-3.162763e-06	-1.000196e-09	-1.704673e+01	-2.720345e+02
1.310000e-06	-3.107679e-06	-9.912681e-10	-1.674984e+01	-2.696919e+02
1.320000e-06	-3.052444e-06	-9.812169e-10	-1.645213e+01	-2.673215e+02
1.330000e-06	-2.997019e-06	-9.706718e-10	-1.615340e+01	-2.649232e+02
1.340000e-06	-2.941393e-06	-9.596661e-10	-1.585359e+01	-2.624970e+02
1.350000e-06	-2.885636e-06	-9.501948e-10	-1.555306e+01	-2.600425e+02
1.360000e-06	-2.829692e-06	-9.423613e-10	-1.525154e+01	-2.575595e+02
1.370000e-06	-2.773495e-06	-9.338207e-10	-1.494865e+01	-2.550478e+02
1.380000e-06	-2.717116e-06	-9.245606e-10	-1.464478e+01	-2.525069e+02
1.390000e-06	-2.660613e-06	-9.153068e-10	-1.434023e+01	-2.499364e+02
1.400000e-06	-2.603956e-06	-9.054873e-10	-1.403486e+01	-2.473358e+02
1.410000e-06	-2.547027e-06	-8.942496e-10	-1.372802e+01	-2.447047e+02
1.420000e-06	-2.489837e-06	-8.830470e-10	-1.341978e+01	-2.420423e+02
1.430000e-06	-2.432423e-06	-8.726135e-10	-1.311033e+01	-2.393481e+02
1.440000e-06	-2.374717e-06	-8.627214e-10	-1.279930e+01	-2.366215e+02
1.450000e-06	-2.316666e-06	-8.531140e-10	-1.248642e+01	-2.338617e+02
1.460000e-06	-2.258308e-06	-8.428998e-10	-1.217188e+01	-2.310679e+02
1.470000e-06	-2.199681e-06	-8.316861e-10	-1.185589e+01	-2.282394e+02
1.480000e-06	-2.140847e-06	-8.199645e-10	-1.153879e+01	-2.253752e+02
1.490000e-06	-2.081809e-06	-8.090341e-10	-1.122058e+01	-2.224744e+02
1.500000e-06	-2.022635e-06	-7.984202e-10	-1.090164e+01	-2.195360e+02
1.510000e-06	-1.963367e-06	-7.862644e-10	-1.058220e+01	-2.165590e+02
1.520000e-06	-1.903988e-06	-7.740425e-10	-1.026216e+01	-2.135421e+02
1.530000e-06	-1.844561e-06	-7.629235e-10	-9.941856e+00	-2.104840e+02
1.540000e-06	-1.785049e-06	-7.512626e-10	-9.621097e+00	-2.073835e+02
1.550000e-06	-1.725505e-06	-7.386678e-10	-9.300169e+00	-2.042391e+02
1.560000e-06	-1.665895e-06	-7.268300e-10	-8.978876e+00	-2.010491e+02
1.570000e-06	-1.606123e-06	-7.157473e-10	-8.656720e+00	-1.978118e+02
1.580000e-06	-1.546225e-06	-7.036002e-10	-8.333878e+00	-1.945253e+02
1.590000e-06	-1.486283e-06	-6.907342e-10	-8.010802e+00	-1.911878e+02
1.600000e-06	-1.426299e-06	-6.781565e-10	-7.687500e+00	-1.877971e+02
1.610000e-06	-1.366227e-06	-6.654155e-10	-7.363721e+00	-1.843509e+02
1.620000e-06	-1.306011e-06	-6.526978e-10	-7.039170e+00	-1.808469e+02
1.630000e-06	-1.245673e-06	-6.405011e-10	-6.713957e+00	-1.772827e+02
1.640000e-06	-1.185350e-06	-6.279005e-10	-6.388827e+00	-1.736556e+02
1.650000e-06	-1.124989e-06	-6.141795e-10	-6.063489e+00	-1.699631e+02
1.660000e-06	-1.064554e-06	-6.000190e-10	-5.737758e+00	-1.662025e+02
1.670000e-06	-1.004080e-06	-5.863181e-10	-5.411811e+00	-1.623710e+02
1.680000e-06	-9.434222e-07	-5.720576e-10	-5.084879e+00	-1.584660e+02
1.690000e-06	-8.826322e-07	-5.570334e-10	-4.757231e+00	-1.544847e+02
1.700000e-06	-8.218434e-07	-5.422973e-10	-4.429590e+00	-1.504246e+02
1.710000e-06	-7.609966e-07	-5.274913e-10	-4.101637e+00	-1.462831e+02
1.720000e-06	-7.001195e-07	-5.126311e-10	-3.773520e+00	-1.420579e+02
1.730000e-06	-6.392232e-07	-4.983341e-10	-3.445300e+00	-1.377468e+02
1.740000e-06	-5.782582e-07	-4.836795e-10	-3.116709e+00	-1.333479e+02
1.750000e-06	-5.172673e-07	-4.679298e-10	-2.787979e+00	-1.288596e+02
1.760000e-06	-4.562463e-07	-4.509518e-10	-2.459087e+00	-1.242804e+02
1.770000e-06	-3.952116e-07	-4.332808e-10	-2.130120e+00	-1.196095e+02
1.780000e-06	-3.341147e-07	-4.157264e-10	-1.800819e+00	-1.148462e+02
1.790000e-06	-2.729171e-07	-3.976723e-10	-1.470975e+00	-1.099904e+02
1.800000e-06	-2.117517e-07	-3.795662e-10	-1.141304e+00	-1.050425e+02
1.810000e-06	-1.506146e-07	-3.621127e-10	-8.117858e-01	-1.000032e+02
1.820000e-06	-8.944742e-08	-3.447517e-10	-4.821057e-01	-9.487399e+01
1.830000e-06	-2.831505e-08	-3.276889e-10	-1.526131e-01	-8.965664e+01
1.840000e-06	3.278419e-08	-3.096627e-10	1.767010e-01	-8.435361e+01
1.850000e-06	9.384800e-08	-2.899592e-10	5.058241e-01	-7.896787e+01
1.860000e-06	1.549225e-07	-2.692172e-10	8.350050e-01	-7.350292e+01
1.870000e-06	2.159831e-07	-2.475342e-10	1.164110e+00	-6.796281e+01
1.880000e-06	2.770163e-07	-2.248399e-10	1.493069e+00	-6.235209e+01
1.890000e-06	3.381266e-07	-2.022817e-10	1.822442e+00	-5.667580e+01
1.900000e-06	3.992676e-07	-1.814207e-10	2.151982e+00	-5.093942e+01
1.910000e-06	4.602991e-07	-1.614299e-10	2.480931e+00	-4.514886e+01
1.920000e-06	5.212949e-07	-1.415323e-10	2.809687e+00	-3.931038e+01
1.930000e-06	5.823265e-07	-1.208123e-10	3.138637e+00	-3.343056e+01
1.940000e-06	6.433662e-07	-9.826146e-11	3.467630e+00	-2.751624e+01
1.950000e-06	7.042322e-07	-7.511355e-11	3.795687e+00	-2.157443e+01
1.960000e-06	7.648987e-07	-5.210405e-11	4.122668e+00	-1.561231e+01
1.970000e-06	8.255664e-07	-2.981977e-11	4.449657e+00	-9.637095e+00
1.980000e-06	8.862284e-07	-8.223954e-12	4.776614e+00	-3.656008e+00
1.990000e-06	9.468724e-07	1.429383e-11	5.103474e+00	2.323795e+00
2.000000e-06	1.007487e-06	3.586734e-11	5.430176e+00	8.295295e+00
2.010000e-06	1.068011e-06	5.556242e-11	5.756388e+00	1.425167e+01
2.020000e-06	1.128438e-06	7.583045e-11	6.082083e+00	2.018636e+01
2.030000e-06	1.188783e-06	9.717110e-11	6.407331e+00	2.609311e+01
2.040000e-06	1.249054e-06	1.194478e-10	6.732181e+00	3.196604e+01
2.050000e-06	1.309274e-06	1.426762e-10	7.056754e+00	3.779968e+01
2.060000e-06	1.369446e-06	1.656688e-10	7.381072e+00	4.358901e+01
2.070000e-06	1.429483e-06	1.871668e-10	7.704658e+00	4.932949e+01
2.080000e-06	1.489357e-06	2.071171e-10	8.027370e+00	5.501708e+01
2.090000e-06	1.549232e-06	2.270044e-10	8.350087e+00	6.064827e+01
2.100000e-06	1.609053e-06	2.470462e-10	8.672509e+00	6.622006e+01
2.110000e-06	1.668744e-06	2.668609e-10	8.994237e+00	7.173000e+01
2.120000e-06	1.728349e-06	2.868131e-10	9.315496e+00	7.717616e+01
2.130000e-06	1.787893e-06	3.077733e-10	9.636427e+00	8.255708e+01
2.140000e-06	1.847409e-06	3.289226e-10	9.957208e+00	8.787183e+01
2.150000e-06	1.906886e-06	3.485561e-10	1.027778e+01	9.311990e+01
2.160000e-06	1.966315e-06	3.673629e-10	1.059809e+01	9.830121e+01
2.170000e-06	2.025661e-06	3.860204e-10	1.091796e+01	1.034161e+02
2.180000e-06	2.084847e-06	4.045654e-10	1.123695e+01	1.084651e+02
2.190000e-06	2.143822e-06	4.235411e-10	1.155482e+01	1.134492e+02
2.200000e-06	2.202606e-06	4.418424e-10	1.187166e+01	1.183695e+02
2.210000e-06	2.261241e-06	4.587477e-10	1.218769e+01	1.232274e+02
2.220000e-06	2.319583e-06	4.755553e-10	1.250214e+01	1.280243e+02
2.230000e-06	2.377574e-06	4.922992e-10	1.281471e+01	1.327619e+02
2.240000e-06	2.435222e-06	5.091432e-10	1.312542e+01	1.374416e+02
2.250000e-06	2.492545e-06	5.262151e-10	1.343437e+01	1.420652e+02
2.260000e-06	2.549631e-06	5.428229e-10	1.374206e+01	1.466341e+02
2.270000e-06	2.606402e-06	5.595789e-10	1.404805e+01	1.511498e+02
2.280000e-06	2.662810e-06	5.767327e-10	1.435207e+01	1.556137e+02
2.290000e-06	2.718998e-06	5.928346e-10	1.465492e+01	1.600268e+02
2.300000e-06	2.775025e-06	6.073794e-10	1.495689e+01	1.643903e+02
2.310000e-06	2.830860e-06	6.216234e-10	1.525783e+01	1.687050e+02
2.320000e-06	2.886601e-06	6.366987e-10	1.555827e+01	1.729714e+02
2.330000e-06	2.942224e-06	6.526620e-10	1.585807e+01	1.771899e+02
2.340000e-06	2.997703e-06	6.684931e-10	1.615709e+01	1.813609e+02
2.350000e-06	3.053048e-06	6.834370e-10	1.645539e+01	1.854843e+02
2.360000e-06	3.108208e-06	6.981378e-10	1.675269e+01	1.895600e+02
2.370000e-06	3.163163e-06	7.128125e-10	1.704889e+01	1.935875e+02
2.380000e-06	3.217850e-06	7.269124e-10	1.734364e+01	1.975664e+02
2.390000e-06	3.272351e-06	7.403037e-10	1.763739e+01	2.014961e+02
2.400000e-06	3.326669e-06	7.528268e-10	1.793015e+01	2.053758e+02
2.410000e-06	3.380767e-06	7.652676e-10	1.822173e+01	2.092048e+02
2.420000e-06	3.434672e-06	7.788355e-10	1.851227e+01	2.129820e+02
2.430000e-06	3.488302e-06	7.933831e-10	1.880133e+01	2.167068e+02
2.440000e-06	3.541720e-06	8.076959e-10	1.908924e+01	2.203780e+02
2.450000e-06	3.594862e-06	8.209508e-10	1.937567e+01	2.239950e+02
2.460000e-06	3.647655e-06	8.339186e-10	1.966022e+01	2.275568e+02
2.470000e-06	3.700214e-06	8.469686e-10	1.994350e+01	2.310628e+02
2.480000e-06	3.752481e-06	8.590881e-10	2.022521e+01	2.345123e+02
2.490000e-06	3.804402e-06	8.701701e-10	2.050505e+01	2.379047e+02
2.500000e-06	3.856070e-06	8.811427e-10	2.078353e+01	2.412397e+02
2.510000e-06	3.907443e-06	8.933734e-10	2.106042e+01	2.445170e+02
2.520000e-06	3.958393e-06	9.062913e-10	2.133504e+01	2.477365e+02
2.530000e-06	4.008957e-06	9.185234e-10	2.160757e+01	2.508980e+02
2.540000e-06	4.059203e-06	9.298949e-10	2.187838e+01	2.540019e+02
2.550000e-06	4.108998e-06	9.408166e-10	2.214677e+01	2.570483e+02
2.560000e-06	4.158245e-06	9.518846e-10	2.241221e+01	2.600377e+02
2.570000e-06	4.207006e-06	9.629054e-10	2.267501e+01	2.629705e+02
2.580000e-06	4.255385e-06	9.736980e-10	2.293577e+01	2.658473e+02
2.590000e-06	4.303428e-06	9.842578e-10	2.319471e+01	2.686689e+02
2.600000e-06	4.351217e-06	9.947809e-10	2.345229e+01	2.714360e+02
2.610000e-06	4.398807e-06	1.005206e-09	2.370879e+01	2.741494e+02
2.620000e-06	4.446082e-06	1.015443e-09	2.396359e+01	2.768099e+02
2.630000e-06	4.492999e-06	1.025618e-09	2.421647e+01	2.794185e+02
2.640000e-06	4.539695e-06	1.035388e-09	2.446815e+01	2.819759e+02
2.650000e-06	4.586105e-06	1.045112e-09	2.471829e+01	2.844831e+02
2.660000e-06	4.632189e-06	1.054922e-09	2.496668e+01	2.869408e+02
2.670000e-06	4.677954e-06	1.064072e-09	2.521334e+01	2.893499e+02
2.680000e-06	4.723369e-06	1.072179e-09	2.545812e+01	2.917111e+02
2.690000e-06	4.768485e-06	1.079958e-09	2.570129e+01	2.940251e+02
2.700000e-06	4.813260e-06	1.088824e-09	2.594262e+01	2.962926e+02
2.710000e-06	4.857743e-06	1.097833e-09	2.618237e+01	2.985143e+02
2.720000e-06	4.901917e-06	1.105779e-09	2.642047e+01	3.006906e+02
2.730000e-06	4.945782e-06	1.113451e-09	2.665689e+01	3.028221e+02
2.740000e-06	4.989464e-06	1.121060e-09	2.689233e+01	3.049093e+02
2.750000e-06	5.032941e-06	1.128334e-09	2.712666e+01	3.069527e+02
2.760000e-06	5.076193e-06	1.135916e-09	2.735978e+01	3.089527e+02
2.770000e-06	5.119086e-06	1.143738e-09	2.759097e+01	3.109099e+02
2.780000e-06	5.161373e-06	1.151055e-09	2.781889e+01	3.128246e+02
2.790000e-06	5.203008e-06	1.157617e-09	2.804329e+01	3.146975e+02
2.800000e-06	5.243944e-06	1.164010e-09	2.826393e+01	3.165290e+02
2.810000e-06	5.284359e-06	1.171124e-09	2.848176e+01	3.183197e+02
2.820000e-06	5.324403e-06	1.178903e-09	2.869759e+01	3.200704e+02
2.830000e-06	5.364122e-06	1.186921e-09	2.891167e+01	3.217819e+02
2.840000e-06	5.403585e-06	1.194589e-09	2.912436e+01	3.234548e+02
2.850000e-06	5.442826e-06	1.201742e-09	2.933587e+01	3.250903e+02
2.860000e-06	5.481911e-06	1.208841e-09	2.954653e+01	3.266893e+02
2.870000e-06	5.520575e-06	1.215676e-09	2.975492e+01	3.282530e+02
2.880000e-06	5.558597e-06	1.221432e-09	2.995985e+01	3.297825e+02
2.890000e-06	5.596151e-06	1.226139e-09	3.016226e+01	3.312793e+02
2.900000e-06	5.633366e-06	1.231233e-09	3.036284e+01	3.327447e+02
2.910000e-06	5.670266e-06	1.237520e-09	3.056173e+01	3.341801e+02
2.920000e-06	5.706867e-06	1.244236e-09	3.075900e+01	3.355872e+02
2.930000e-06	5.743137e-06	1.250831e-09	3.095449e+01	3.369674e+02
2.940000e-06	5.779044e-06	1.256325e-09	3.114803e+01	3.383225e+02
2.950000e-06	5.814644e-06	1.260656e-09	3.133990e+01	3.396539e+02
2.960000e-06	5.850049e-06	1.265991e-09	3.153073e+01	3.409634e+02
2.970000e-06	5.885032e-06	1.271790e-09	3.171928e+01	3.422523e+02
2.980000e-06	5.919282e-06	1.276936e-09	3.190388e+01	3.435223e+02
2.990000e-06	5.952751e-06	1.282742e-09	3.208427e+01	3.447748e+02
3.000000e-06	5.985546e-06	1.288407e-09	3.226103e+01	3.460110e+02
3.010000e-06	6.017856e-06	1.293263e-09	3.243518e+01	3.472322e+02
3.020000e-06	6.049852e-06	1.298074e-09	3.260763e+01	3.484395e+02
3.030000e-06	6.081597e-06	1.302754e-09	3.277873e+01	3.496337e+02
3.040000e-06	6.113005e-06	1.307828e-09	3.294801e+01	3.508157e+02
3.050000e-06	6.144001e-06	1.313507e-09	3.311507e+01	3.519861e+02
3.060000e-06	6.174558e-06	1.319925e-09	3.327977e+01	3.531452e+02
3.070000e-06	6.204644e-06	1.325982e-09	3.344193e+01	3.542933e+02
3.080000e-06	6.234263e-06	1.329720e-09	3.360157e+01	3.554306e+02
3.090000e-06	6.263470e-06	1.332187e-09	3.375899e+01	3.565568e+02
3.100000e-06	6.292321e-06	1.335127e-09	3.391449e+01	3.576718e+02
3.110000e-06	6.320729e-06	1.340038e-09	3.406761e+01	3.587751e+02
3.120000e-06	6.348698e-06	1.346413e-09	3.421836e+01	3.598663e+02
3.130000e-06	6.376454e-06	1.352415e-09	3.436796e+01	3.609446e+02
3.140000e-06	6.403972e-06	1.358296e-09	3.451627e+01	3.620093e+02
3.150000e-06	6.431039e-06	1.364707e-09	3.466216e+01	3.630595e+02
3.160000e-06	6.457601e-06	1.370838e-09	3.480532e+01	3.640944e+02
3.170000e-06	6.483494e-06	1.374942e-09	3.494488e+01	3.651130e+02
3.180000e-06	6.508492e-06	1.377722e-09	3.507962e+01	3.661144e+02
3.190000e-06	6.532698e-06	1.380709e-09	3.521008e+01	3.670976e+02
3.200000e-06	6.556481e-06	1.384762e-09	3.533827e+01	3.680618e+02
3.210000e-06	6.579998e-06	1.389800e-09	3.546502e+01	3.690060e+02
3.220000e-06	6.603068e-06	1.394831e-09	3.558937e+01	3.699296e+02
3.230000e-06	6.625650e-06	1.400713e-09	3.571108e+01	3.708317e+02
3.240000e-06	6.647822e-06	1.406783e-09	3.583058e+01	3.717118e+02
3.250000e-06	6.669602e-06	1.412026e-09	3.594797e+01	3.725695e+02
3.260000e-06	6.690911e-06	1.415717e-09	3.606282e+01	3.734042e+02
3.270000e-06	6.711720e-06	1.417909e-09	3.617498e+01	3.742159e+02
3.280000e-06	6.732108e-06	1.421266e-09	3.628487e+01	3.750043e+02
3.290000e-06	6.752151e-06	1.425954e-09	3.639290e+01	3.757694e+02
3.300000e-06	6.771891e-06	1.430940e-09	3.649929e+01	3.765114e+02
3.310000e-06	6.791358e-06	1.435673e-09	3.660422e+01	3.772304e+02
3.320000e-06	6.810374e-06	1.439632e-09	3.670671e+01	3.779267e+02
3.330000e-06	6.828700e-06	1.442658e-09	3.680548e+01	3.786007e+02
3.340000e-06	6.846430e-06	1.445899e-09	3.690104e+01	3.792529e+02
3.350000e-06	6.863611e-06	1.449667e-09	3.699365e+01	3.798838e+02
3.360000e-06	6.880290e-06	1.452183e-09	3.708354e+01	3.804938e+02
3.370000e-06	6.896602e-06	1.454126e-09	3.717146e+01	3.810836e+02
3.380000e-06	6.912542e-06	1.457173e-09	3.725737e+01	3.816535e+02
3.390000e-06	6.927959e-06	1.461144e-09	3.734047e+01	3.822042e+02
3.400000e-06	6.942706e-06	1.464368e-09	3.741995e+01	3.827361e+02
3.410000e-06	6.956804e-06	1.466816e-09	3.749594e+01	3.832497e+02
3.420000e-06	6.970311e-06	1.470060e-09	3.756874e+01	3.837451e+02
3.430000e-06	6.983362e-06	1.473524e-09	3.763908e+01	3.842228e+02
3.440000e-06	6.995939e-06	1.476505e-09	3.770687e+01	3.846829e+02
3.450000e-06	7.007958e-06	1.478774e-09	3.777165e+01	3.851254e+02
3.460000e-06	7.019580e-06	1.481563e-09	3.783429e+01	3.855504e+02
3.470000e-06	7.030729e-06	1.485345e-09	3.789438e+01	3.859578e+02
3.480000e-06	7.041157e-06	1.488408e-09	3.795059e+01	3.863474e+02
3.490000e-06	7.050826e-06	1.490835e-09	3.800270e+01	3.867189e+02
3.500000e-06	7.059649e-06	1.492865e-09	3.805026e+01	3.870720e+02
3.510000e-06	7.067778e-06	1.495599e-09	3.809407e+01	3.874063e+02
3.520000e-06	7.075573e-06	1.498320e-09	3.813608e+01	3.877213e+02
3.530000e-06	7.083051e-06	1.500224e-09	3.817639e+01	3.880166e+02
3.540000e-06	7.090082e-06	1.502919e-09	3.821429e+01	3.882918e+02
3.550000e-06	7.096532e-06	1.505832e-09	3.824905e+01	3.885463e+02
3.560000e-06	7.102453e-06	1.508026e-09	3.828096e+01	3.887797e+02
3.570000e-06	7.107959e-06	1.509771e-09	3.831064e+01	3.889917e+02
3.580000e-06	7.112901e-06	1.511030e-09	3.833728e+01	3.891820e+02
3.590000e-06	7.117267e-06	1.511544e-09	3.836081e+01	3.893502e+02
3.600000e-06	7.121287e-06	1.512138e-09	3.838247e+01	3.894963e+02
3.610000e-06	7.125037e-06	1.514338e-09	3.840269e+01	3.896203e+02
3.620000e-06	7.128478e-06	1.517048e-09	3.842123e+01	3.897222e+02
3.630000e-06	7.131409e-06	1.518214e-09	3.843703e+01	3.898024e+02
3.640000e-06	7.133605e-06	1.519317e-09	3.844887e+01	3.898612e+02
3.650000e-06	7.135015e-06	1.519788e-09	3.845647e+01	3.898991e+02
3.660000e-06	7.135632e-06	1.519562e-09	3.845979e+01	3.899168e+02
3.670000e-06	7.135671e-06	1.520418e-09	3.846000e+01	3.899151e+02
3.680000e-06	7.135361e-06	1.521074e-09	3.845833e+01	3.898950e+02
3.690000e-06	7.134782e-06	1.521458e-09	3.845521e+01	3.898574e+02
3.700000e-06	7.133870e-06	1.522213e-09	3.845029e+01	3.898035e+02
3.710000e-06	7.132325e-06	1.523511e-09	3.844197e+01	3.897346e+02
3.720000e-06	7.130189e-06	1.524991e-09	3.843045e+01	3.896520e+02
3.730000e-06	7.127681e-06	1.524965e-09	3.841694e+01	3.895570e+02
3.740000e-06	7.124707e-06	1.522705e-09	3.840091e+01	3.894509e+02
3.750000e-06	7.121269e-06	1.514722e-09	3.838237e+01	3.893351e+02
3.760000e-06	7.117326e-06	1.522730e-09	3.836112e+01	3.892110e+02
3.770000e-06	7.112758e-06	1.566435e-09	3.833650e+01	3.890799e+02
3.780000e-06	7.107381e-06	1.561606e-09	3.830752e+01	3.889429e+02
3.790000e-06	7.101265e-06	1.481700e-09	3.827456e+01	3.888011e+02
3.800000e-06	7.094974e-06	1.477670e-09	3.824065e+01	3.886556e+02
3.810000e-06	7.088606e-06	1.561542e-09	3.820633e+01	3.885073e+02
3.820000e-06	7.081581e-06	1.575506e-09	3.816847e+01	3.883568e+02
3.830000e-06	7.073701e-06	1.480326e-09	3.812599e+01	3.882047e+02
3.840000e-06	7.065337e-06	1.471112e-09	3.808092e+01	3.880515e+02
3.850000e-06	7.056696e-06	1.595824e-09	3.803434e+01	3.878972e+02
3.860000e-06	7.047516e-06	1.598254e-09	3.798486e+01	3.877419e+02
3.870000e-06	7.037634e-06	1.453487e-09	3.793160e+01	3.875855e+02
3.880000e-06	7.027288e-06	1.446029e-09	3.787584e+01	3.874276e+02
3.890000e-06	7.016731e-06	1.597411e-09	3.781894e+01	3.872678e+02
3.900000e-06	7.005754e-06	1.594627e-09	3.775977e+01	3.871054e+02
3.910000e-06	6.994091e-06	1.457251e-09	3.769691e+01	3.869395e+02
3.920000e-06	6.981900e-06	1.489385e-09	3.763121e+01	3.867693e+02
3.930000e-06	6.969113e-06	1.617545e-09	3.756228e+01	3.865937e+02
3.940000e-06	6.955418e-06	1.550698e-09	3.748847e+01	3.864116e+02
3.950000e-06	6.940981e-06	1.442891e-09	3.741066e+01	3.862219e+02
3.960000e-06	6.926056e-06	1.538442e-09	3.733021e+01	3.860232e+02
3.970000e-06	6.910495e-06	1.616441e-09	3.724634e+01	3.858142e+02
3.980000e-06	6.894367e-06	1.510158e-09	3.715942e+01	3.855939e+02
3.990000e-06	6.877898e-06	1.483451e-09	3.707065e+01	3.853608e+02
4.000000e-06	6.861137e-06	1.593183e-09	3.698031e+01	3.851139e+02
4.010000e-06	6.843740e-06	1.555093e-09	3.688655e+01	3.848519e+02
4.020000e-06	6.825821e-06	1.450678e-09	3.678997e+01	3.845739e+02
4.030000e-06	6.807590e-06	1.533910e-09	3.669170e+01	3.842788e+02
4.040000e-06	6.788884e-06	1.607250e-09	3.659088e+01	3.839658e+02
4.050000e-06	6.769715e-06	1.500799e-09	3.648756e+01	3.836342e+02
4.060000e-06	6.750020e-06	1.477117e-09	3.638141e+01	3.832833e+02
4.070000e-06	6.729921e-06	1.581886e-09	3.627308e+01	3.829126e+02
4.080000e-06	6.709592e-06	1.550298e-09	3.616351e+01	3.825218e+02
4.090000e-06	6.688899e-06	1.464833e-09	3.605198e+01	3.821106e+02
4.100000e-06	6.667745e-06	1.533403e-09	3.593796e+01	3.816789e+02
4.110000e-06	6.645972e-06	1.572357e-09	3.582061e+01	3.812267e+02
4.120000e-06	6.623314e-06	1.495551e-09	3.569849e+01	3.807541e+02
4.130000e-06	6.599887e-06	1.506469e-09	3.557222e+01	3.802612e+02
4.140000e-06	6.575928e-06	1.563173e-09	3.544308e+01	3.797484e+02
4.150000e-06	6.551526e-06	1.507608e-09	3.531156e+01	3.792159e+02
4.160000e-06	6.526852e-06	1.478459e-09	3.517857e+01	3.786642e+02
4.170000e-06	6.501854e-06	1.542275e-09	3.504384e+01	3.780938e+02
4.180000e-06	6.476333e-06	1.537601e-09	3.490629e+01	3.775051e+02
4.190000e-06	6.450380e-06	1.489060e-09	3.476641e+01	3.768985e+02
4.200000e-06	6.423996e-06	1.516352e-09	3.462420e+01	3.762745e+02
4.210000e-06	6.397062e-06	1.533186e-09	3.447903e+01	3.756337e+02
4.220000e-06	6.369587e-06	1.492951e-09	3.433094e+01	3.749765e+02
4.230000e-06	6.341686e-06	1.493592e-09	3.418056e+01	3.743032e+02
4.240000e-06	6.313399e-06	1.518895e-09	3.402810e+01	3.736143e+02
4.250000e-06	6.284769e-06	1.501252e-09	3.387379e+01	3.729100e+02
4.260000e-06	6.255810e-06	1.487736e-09	3.371771e+01	3.721907e+02
4.270000e-06	6.226543e-06	1.506432e-09	3.355996e+01	3.714566e+02
4.280000e-06	6.196652e-06	1.504778e-09	3.339885e+01	3.707078e+02
4.290000e-06	6.165867e-06	1.483458e-09	3.323293e+01	3.699445e+02
4.300000e-06	6.134469e-06	1.484829e-09	3.306370e+01	3.691666e+02
4.310000e-06	6.102585e-06	1.498162e-09	3.289185e+01	3.683744e+02
4.320000e-06	6.070257e-06	1.490170e-09	3.271761e+01	3.675676e+02
4.330000e-06	6.037676e-06	1.479753e-09	3.254201e+01	3.667463e+02
4.340000e-06	6.004866e-06	1.485535e-09	3.236516e+01	3.659104e+02
4.350000e-06	5.971581e-06	1.482367e-09	3.218576e+01	3.650597e+02
4.360000e-06	5.937646e-06	1.468455e-09	3.200286e+01	3.641942e+02
4.370000e-06	5.903345e-06	1.472952e-09	3.181798e+01	3.633137e+02
4.380000e-06	5.868728e-06	1.479747e-09	3.163140e+01	3.624181e+02
4.390000e-06	5.833692e-06	1.467845e-09	3.144256e+01	3.615073e+02
4.400000e-06	5.798278e-06	1.462912e-09	3.125169e+01	3.605810e+02
4.410000e-06	5.762441e-06	1.469839e-09	3.105854e+01	3.596393e+02
4.420000e-06	5.726333e-06	1.463068e-09	3.086392e+01	3.586820e+02
4.430000e-06	5.690024e-06	1.452280e-09	3.066822e+01	3.577090e+02
4.440000e-06	5.653431e-06	1.452412e-09	3.047099e+01	3.567203e+02
4.450000e-06	5.616533e-06	1.452069e-09	3.027212e+01	3.557158e+02
4.460000e-06	5.579095e-06	1.448050e-09	3.007033e+01	3.546953e+02
4.470000e-06	5.540910e-06	1.444626e-09	2.986452e+01	3.536590e+02
4.480000e-06	5.501972e-06	1.439998e-09	2.965466e+01	3.526066e+02
4.490000e-06	5.462350e-06	1.435047e-09	2.944110e+01	3.515381e+02
4.500000e-06	5.422348e-06	1.431228e-09	2.922549e+01	3.504536e+02
4.510000e-06	5.382118e-06	1.428353e-09	2.900866e+01	3.493527e+02
4.520000e-06	5.341644e-06	1.426798e-09	2.879051e+01	3.482355e+02
4.530000e-06	5.300953e-06	1.422020e-09	2.857120e+01	3.471017e+02
4.540000e-06	5.259957e-06	1.415760e-09	2.835024e+01	3.459512e+02
4.550000e-06	5.218528e-06	1.414035e-09	2.812694e+01	3.447836e+02
4.560000e-06	5.176650e-06	1.411668e-09	2.790122e+01	3.435987e+02
4.570000e-06	5.134435e-06	1.405455e-09	2.767370e+01	3.423961e+02
4.580000e-06	5.091943e-06	1.401628e-09	2.744467e+01	3.411754e+02
4.590000e-06	5.049009e-06	1.399698e-09	2.721327e+01	3.399360e+02
4.600000e-06	5.005646e-06	1.397939e-09	2.697955e+01	3.386775e+02
4.610000e-06	4.961983e-06	1.395014e-09	2.674421e+01	3.373992e+02
4.620000e-06	4.917964e-06	1.388428e-09	2.650695e+01	3.361005e+02
4.630000e-06	4.873631e-06	1.380957e-09	2.626801e+01	3.347806e+02
4.640000e-06	4.829161e-06	1.376283e-09	2.602832e+01	3.334388e+02
4.650000e-06	4.784570e-06	1.372388e-09	2.578799e+01	3.320743e+02
4.660000e-06	4.739713e-06	1.367913e-09	2.554621e+01	3.306864e+02
4.670000e-06	4.694519e-06	1.362636e-09	2.530263e+01	3.292741e+02
4.680000e-06	4.648961e-06	1.356804e-09	2.505707e+01	3.278366e+02
4.690000e-06	4.602910e-06	1.351037e-09	2.480887e+01	3.263731e+02
4.700000e-06	4.556424e-06	1.345426e-09	2.455832e+01	3.248828e+02
4.710000e-06	4.509713e-06	1.338880e-09	2.430655e+01	3.233650e+02
4.720000e-06	4.462698e-06	1.331897e-09	2.405315e+01	3.218188e+02
4.730000e-06	4.415402e-06	1.325520e-09	2.379823e+01	3.202435e+02
4.740000e-06	4.367809e-06	1.320315e-09	2.354172e+01	3.186387e+02
4.750000e-06	4.319797e-06	1.315337e-09	2.328294e+01	3.170035e+02
4.760000e-06	4.271567e-06	1.309494e-09	2.302299e+01	3.153377e+02
4.770000e-06	4.222935e-06	1.302645e-09	2.276087e+01	3.136408e+02
4.780000e-06	4.173830e-06	1.296303e-09	2.249620e+01	3.119124e+02
4.790000e-06	4.124484e-06	1.291192e-09	2.223024e+01	3.101523e+02
4.800000e-06	4.074746e-06	1.284975e-09	2.196216e+01	3.083604e+02
4.810000e-06	4.024798e-06	1.277849e-09	2.169295e+01	3.065366e+02
4.820000e-06	3.974616e-06	1.270240e-09	2.142247e+01	3.046808e+02
4.830000e-06	3.923927e-06	1.262883e-09	2.114927e+01	3.027933e+02
4.840000e-06	3.872947e-06	1.255419e-09	2.087450e+01	3.008741e+02
4.850000e-06	3.821687e-06	1.247462e-09	2.059821e+01	2.989234e+02
4.860000e-06	3.770098e-06	1.239275e-09	2.032016e+01	2.969416e+02
4.870000e-06	3.718323e-06	1.231267e-09	2.004110e+01	2.949289e+02
4.880000e-06	3.666359e-06	1.223884e-09	1.976102e+01	2.928857e+02
4.890000e-06	3.614061e-06	1.216819e-09	1.947915e+01	2.908123e+02
4.900000e-06	3.561420e-06	1.208746e-09	1.919542e+01	2.887091e+02
4.910000e-06	3.508479e-06	1.199394e-09	1.891008e+01	2.865765e+02
4.920000e-06	3.455330e-06	1.188948e-09	1.862362e+01	2.844147e+02
4.930000e-06	3.401851e-06	1.179271e-09	1.833537e+01	2.822242e+02
4.940000e-06	3.347873e-06	1.171074e-09	1.804444e+01	2.800052e+02
4.950000e-06	3.293520e-06	1.162446e-09	1.775149e+01	2.777579e+02
4.960000e-06	3.238774e-06	1.153168e-09	1.745642e+01	2.754826e+02
4.970000e-06	3.183635e-06	1.144928e-09	1.715923e+01	2.731794e+02
4.980000e-06	3.128230e-06	1.137101e-09	1.686061e+01	2.708484e+02
4.990000e-06	3.072603e-06	1.127338e-09	1.656078e+01	2.684896e+02
5.000000e-06	3.016745e-06	1.116170e-09	1.625972e+01	2.661030e+02
5.010000e-06	2.960667e-06	1.106253e-09	1.595747e+01	2.636884e+02
5.020000e-06	2.904428e-06	1.097733e-09	1.565435e+01	2.612457e+02
5.030000e-06	2.848043e-06	1.087642e-09	1.535045e+01	2.587746e+02
5.040000e-06	2.791533e-06	1.076416e-09	1.504587e+01	2.562749e+02
5.050000e-06	2.734892e-06	1.065878e-09	1.474058e+01	2.537462e+02
5.060000e-06	2.678067e-06	1.055758e-09	1.443431e+01	2.511881e+02
5.070000e-06	2.621103e-06	1.046205e-09	1.412728e+01	2.486001e+02
5.080000e-06	2.563948e-06	1.036528e-09	1.381922e+01	2.459817e+02
5.090000e-06	2.506598e-06	1.025607e-09	1.351012e+01	2.433325e+02
5.100000e-06	2.449023e-06	1.014283e-09	1.319980e+01	2.406516e+02
5.110000e-06	2.391263e-06	1.003655e-09	1.288848e+01	2.379386e+02
5.120000e-06	2.333495e-06	9.928990e-10	1.257713e+01	2.351927e+02
5.130000e-06	2.275665e-06	9.810778e-10	1.226543e+01	2.324132e+02
5.140000e-06	2.217604e-06	9.692681e-10	1.195249e+01	2.295992e+02
5.150000e-06	2.159240e-06	9.579213e-10	1.163792e+01	2.267500e+02
5.160000e-06	2.100624e-06	9.471534e-10	1.132199e+01	2.238645e+02
5.170000e-06	2.041833e-06	9.360388e-10	1.100512e+01	2.209419e+02
5.180000e-06	1.982870e-06	9.239611e-10	1.068732e+01	2.179811e+02
5.190000e-06	1.923762e-06	9.112242e-10	1.036874e+01	2.149810e+02
5.200000e-06	1.864604e-06	8.984297e-10	1.004989e+01	2.119403e+02
5.210000e-06	1.805360e-06	8.856403e-10	9.730568e+00	2.088576e+02
5.220000e-06	1.745983e-06	8.723632e-10	9.410539e+00	2.057317e+02
5.230000e-06	1.686445e-06	8.593154e-10	9.089640e+00	2.025608e+02
5.240000e-06	1.626769e-06	8.460213e-10	8.767996e+00	1.993434e+02
5.250000e-06	1.566994e-06	8.323840e-10	8.445819e+00	1.960777e+02
5.260000e-06	1.507143e-06	8.190004e-10	8.123233e+00	1.927617e+02
5.270000e-06	1.447233e-06	8.053333e-10	7.800329e+00	1.893934e+02
5.280000e-06	1.387257e-06	7.906373e-10	7.477069e+00	1.859706e+02
5.290000e-06	1.327263e-06	7.752647e-10	7.153714e+00	1.824910e+02
5.300000e-06	1.267196e-06	7.598324e-10	6.829963e+00	1.789521e+02
5.310000e-06	1.207062e-06	7.439665e-10	6.505851e+00	1.753516e+02
5.320000e-06	1.146924e-06	7.280270e-10	6.181715e+00	1.716867e+02
5.330000e-06	1.086768e-06	7.123161e-10	5.857487e+00	1.679547e+02
5.340000e-06	1.026572e-06	6.962382e-10	5.533044e+00	1.641531e+02
5.350000e-06	9.662580e-07	6.807334e-10	5.207959e+00	1.602791e+02
5.360000e-06	9.058346e-07	6.652976e-10	4.882288e+00	1.563299e+02
5.370000e-06	8.453497e-07	6.485609e-10	4.556285e+00	1.523029e+02
5.380000e-06	7.848280e-07	6.304638e-10	4.230084e+00	1.481956e+02
5.390000e-06	7.242999e-07	6.117761e-10	3.903848e+00	1.440056e+02
5.400000e-06	6.637308e-07	5.938597e-10	3.577391e+00	1.397305e+02
5.410000e-06	6.031013e-07	5.759325e-10	3.250609e+00	1.353684e+02
5.420000e-06	5.424490e-07	5.564809e-10	2.923704e+00	1.309175e+02
5.430000e-06	4.817386e-07	5.364070e-10	2.596486e+00	1.263763e+02
5.440000e-06	4.210063e-07	5.169037e-10	2.269149e+00	1.217437e+02
5.450000e-06	3.602488e-07	4.979523e-10	1.941677e+00	1.170189e+02
5.460000e-06	2.994689e-07	4.781277e-10	1.614084e+00	1.122017e+02
5.470000e-06	2.387178e-07	4.573840e-10	1.286646e+00	1.072921e+02
5.480000e-06	1.779787e-07	4.361132e-10	9.592739e-01	1.022907e+02
5.490000e-06	1.172774e-07	4.135134e-10	6.321046e-01	9.719880e+01
5.500000e-06	5.659878e-08	3.898863e-10	3.050574e-01	9.201789e+01
5.510000e-06	-4.166175e-09	3.667134e-10	-2.245494e-02	8.675023e+01
5.520000e-06	-6.498678e-08	3.441532e-10	-3.502672e-01	8.139855e+01
5.530000e-06	-1.257771e-07	3.206267e-10	-6.779164e-01	7.596614e+01
5.540000e-06	-1.865266e-07	2.971034e-10	-1.005345e+00	7.045682e+01
5.550000e-06	-2.472326e-07	2.739545e-10	-1.332540e+00	6.487493e+01
5.560000e-06	-3.078872e-07	2.503122e-10	-1.659458e+00	5.922531e+01
5.570000e-06	-3.685208e-07	2.265448e-10	-1.986262e+00	5.351327e+01
5.580000e-06	-4.292771e-07	2.029045e-10	-2.313727e+00	4.774454e+01
5.590000e-06	-4.900269e-07	1.787880e-10	-2.641158e+00	4.192524e+01
5.600000e-06	-5.505847e-07	1.545132e-10	-2.967554e+00	3.606182e+01
5.610000e-06	-6.110339e-07	1.293514e-10	-3.293364e+00	3.016103e+01
5.620000e-06	-6.715389e-07	1.032355e-10	-3.619476e+00	2.422980e+01
5.630000e-06	-7.320910e-07	7.832749e-11	-3.945841e+00	1.827527e+01
5.640000e-06	-7.925952e-07	5.409404e-11	-4.271947e+00	1.230462e+01
5.650000e-06	-8.530096e-07	2.940221e-11	-4.597570e+00	6.325100e+00
5.660000e-06	-9.133640e-07	4.500676e-12	-4.922870e+00	3.438942e-01
5.670000e-06	-9.737168e-07	-2.061888e-11	-5.248161e+00	-5.631912e+00
5.680000e-06	-1.034052e-06	-4.539914e-11	-5.573357e+00	-1.159541e+01
5.690000e-06	-1.094353e-06	-6.945050e-11	-5.898368e+00	-1.753991e+01
5.700000e-06	-1.154587e-06	-9.392913e-11	-6.223020e+00	-2.345905e+01
5.710000e-06	-1.214701e-06	-1.194500e-10	-6.547021e+00	-2.934676e+01
5.720000e-06	-1.274776e-06	-1.449301e-10	-6.870815e+00	-3.519742e+01
5.730000e-06	-1.334814e-06	-1.687232e-10	-7.194408e+00	-4.100580e+01
5.740000e-06	-1.394827e-06	-1.913595e-10	-7.517871e+00	-4.676716e+01
5.750000e-06	-1.454787e-06	-2.139629e-10	-7.841043e+00	-5.247725e+01
5.760000e-06	-1.514609e-06	-2.369874e-10	-8.163475e+00	-5.813233e+01
5.770000e-06	-1.574340e-06	-2.603184e-10	-8.485416e+00	-6.372921e+01
5.780000e-06	-1.633951e-06	-2.832504e-10	-8.806706e+00	-6.926519e+01
5.790000e-06	-1.693395e-06	-3.055591e-10	-9.127100e+00	-7.473813e+01
5.800000e-06	-1.752770e-06	-3.279991e-10	-9.447121e+00	-8.014639e+01
5.810000e-06	-1.812115e-06	-3.515014e-10	-9.766977e+00	-8.548880e+01
5.820000e-06	-1.871346e-06	-3.739658e-10	-1.008622e+01	-9.076469e+01
5.830000e-06	-1.930462e-06	-3.949502e-10	-1.040485e+01	-9.597381e+01
5.840000e-06	-1.989340e-06	-4.162457e-10	-1.072219e+01	-1.011163e+02
5.850000e-06	-2.047991e-06	-4.378317e-10	-1.103831e+01	-1.061926e+02
5.860000e-06	-2.106582e-06	-4.598902e-10	-1.135410e+01	-1.112037e+02
5.870000e-06	-2.165040e-06	-4.820308e-10	-1.166918e+01	-1.161504e+02
5.880000e-06	-2.223209e-06	-5.028647e-10	-1.198270e+01	-1.210341e+02
5.890000e-06	-2.281181e-06	-5.228247e-10	-1.229516e+01	-1.258563e+02
5.900000e-06	-2.338983e-06	-5.436804e-10	-1.260670e+01	-1.306184e+02
5.910000e-06	-2.396629e-06	-5.651990e-10	-1.291740e+01	-1.353221e+02
5.920000e-06	-2.454161e-06	-5.850590e-10	-1.322749e+01	-1.399689e+02
5.930000e-06	-2.511456e-06	-6.028399e-10	-1.353630e+01	-1.445604e+02
5.940000e-06	-2.568597e-06	-6.208099e-10	-1.384428e+01	-1.490981e+02
5.950000e-06	-2.625564e-06	-6.395963e-10	-1.415132e+01	-1.535834e+02
5.960000e-06	-2.682305e-06	-6.588710e-10	-1.445715e+01	-1.580176e+02
5.970000e-06	-2.738912e-06	-6.778674e-10	-1.476225e+01	-1.624016e+02
5.980000e-06	-2.795370e-06	-6.957441e-10	-1.506655e+01	-1.667365e+02
5.990000e-06	-2.851742e-06	-7.134364e-10	-1.537039e+01	-1.710230e+02
6.000000e-06	-2.908008e-06	-7.325140e-10	-1.567365e+01	-1.752615e+02
6.010000e-06	-2.964080e-06	-7.515039e-10	-1.597587e+01	-1.794523e+02
6.020000e-06	-3.020002e-06	-7.690025e-10	-1.627727e+01	-1.835955e+02
6.030000e-06	-3.075739e-06	-7.862254e-10	-1.657769e+01	-1.876911e+02
6.040000e-06	-3.131193e-06	-8.036776e-10	-1.687658e+01	-1.917387e+02
6.050000e-06	-3.186336e-06	-8.215327e-10	-1.717379e+01	-1.957380e+02
6.060000e-06	-3.241141e-06	-8.385558e-10	-1.746918e+01	-1.996883e+02
6.070000e-06	-3.295526e-06	-8.537242e-10	-1.776230e+01	-2.035889e+02
6.080000e-06	-3.349331e-06	-8.686960e-10	-1.805230e+01	-2.074391e+02
6.090000e-06	-3.402716e-06	-8.847273e-10	-1.834004e+01	-2.112380e+02
6.100000e-06	-3.455908e-06	-9.008972e-10	-1.862673e+01	-2.149848e+02
6.110000e-06	-3.508870e-06	-9.171430e-10	-1.891219e+01	-2.186784e+02
6.120000e-06	-3.561561e-06	-9.331403e-10	-1.919618e+01	-2.223181e+02
6.130000e-06	-3.613924e-06	-9.476476e-10	-1.947841e+01	-2.259030e+02
6.140000e-06	-3.666140e-06	-9.621412e-10	-1.975984e+01	-2.294323e+02
6.150000e-06	-3.718213e-06	-9.778923e-10	-2.004051e+01	-2.329054e+02
6.160000e-06	-3.769892e-06	-9.929682e-10	-2.031905e+01	-2.363217e+02
6.170000e-06	-3.821209e-06	-1.006515e-09	-2.059564e+01	-2.396807e+02
6.180000e-06	-3.872224e-06	-1.019688e-09	-2.087060e+01	-2.429821e+02
6.190000e-06	-3.922936e-06	-1.033720e-09	-2.114393e+01	-2.462256e+02
6.200000e-06	-3.973390e-06	-1.047208e-09	-2.141587e+01	-2.494113e+02
6.210000e-06	-4.023579e-06	-1.059395e-09	-2.168638e+01	-2.525392e+02
6.220000e-06	-4.073439e-06	-1.072293e-09	-2.195512e+01	-2.556095e+02
6.230000e-06	-4.122981e-06	-1.086774e-09	-2.222214e+01	-2.586226e+02
6.240000e-06	-4.172016e-06	-1.101544e-09	-2.248643e+01	-2.615789e+02
6.250000e-06	-4.220474e-06	-1.114688e-09	-2.274761e+01	-2.644790e+02
6.260000e-06	-4.268606e-06	-1.126107e-09	-2.300703e+01	-2.673235e+02
6.270000e-06	-4.316293e-06	-1.136665e-09	-2.326405e+01	-2.701132e+02
6.280000e-06	-4.363531e-06	-1.147232e-09	-2.351866e+01	-2.728489e+02
6.290000e-06	-4.410485e-06	-1.157965e-09	-2.377173e+01	-2.755313e+02
6.300000e-06	-4.457230e-06	-1.168723e-09	-2.402368e+01	-2.781614e+02
6.310000e-06	-4.503849e-06	-1.179224e-09	-2.427495e+01	-2.807401e+02
6.320000e-06	-4.550235e-06	-1.189654e-09	-2.452496e+01	-2.832681e+02
6.330000e-06	-4.596282e-06	-1.200427e-09	-2.477315e+01	-2.857463e+02
6.340000e-06	-4.641946e-06	-1.211108e-09	-2.501927e+01	-2.881756e+02
6.350000e-06	-4.687206e-06	-1.220514e-09	-2.526321e+01	-2.905566e+02
6.360000e-06	-4.732111e-06	-1.227938e-09	-2.550524e+01	-2.928903e+02
6.370000e-06	-4.776754e-06	-1.235251e-09	-2.574586e+01	-2.951771e+02
6.380000e-06	-4.821174e-06	-1.244447e-09	-2.598527e+01	-2.974178e+02
6.390000e-06	-4.865407e-06	-1.254070e-09	-2.622368e+01	-2.996129e+02
6.400000e-06	-4.909441e-06	-1.262041e-09	-2.646101e+01	-3.017630e+02
6.410000e-06	-4.953202e-06	-1.269558e-09	-2.669688e+01	-3.038687e+02
6.420000e-06	-4.996562e-06	-1.277592e-09	-2.693058e+01	-3.059303e+02
6.430000e-06	-5.039510e-06	-1.286183e-09	-2.716207e+01	-3.079483e+02
6.440000e-06	-5.082124e-06	-1.295767e-09	-2.739175e+01	-3.099233e+02
6.450000e-06	-5.124464e-06	-1.305215e-09	-2.761995e+01	-3.118556e+02
6.460000e-06	-5.166514e-06	-1.312732e-09	-2.784660e+01	-3.137459e+02
6.470000e-06	-5.208245e-06	-1.318871e-09	-2.807152e+01	-3.155945e+02
6.480000e-06	-5.249609e-06	-1.325808e-09	-2.829446e+01	-3.174022e+02
6.490000e-06	-5.290519e-06	-1.332595e-09	-2.851496e+01	-3.191695e+02
6.500000e-06	-5.331077e-06	-1.338718e-09	-2.873356e+01	-3.208972e+02
6.510000e-06	-5.371362e-06	-1.344808e-09	-2.895069e+01	-3.225861e+02
6.520000e-06	-5.411455e-06	-1.351224e-09	-2.916678e+01	-3.242371e+02
6.530000e-06	-5.451337e-06	-1.358626e-09	-2.938174e+01	-3.258511e+02
6.540000e-06	-5.490747e-06	-1.365361e-09	-2.959415e+01	-3.274294e+02
6.550000e-06	-5.529501e-06	-1.370814e-09	-2.980303e+01	-3.289730e+02
6.560000e-06	-5.567562e-06	-1.375622e-09	-3.000817e+01	-3.304833e+02
6.570000e-06	-5.604965e-06	-1.380966e-09	-3.020977e+01	-3.319616e+02
6.580000e-06	-5.641871e-06	-1.387084e-09	-3.040868e+01	-3.334093e+02
6.590000e-06	-5.678452e-06	-1.392542e-09	-3.060585e+01	-3.348280e+02
6.600000e-06	-5.714779e-06	-1.396901e-09	-3.080165e+01	-3.362193e+02
6.610000e-06	-5.750794e-06	-1.402068e-09	-3.099576e+01	-3.375846e+02
6.620000e-06	-5.786437e-06	-1.408844e-09	-3.118787e+01	-3.389257e+02
6.630000e-06	-5.821676e-06	-1.415369e-09	-3.137780e+01	-3.402441e+02
6.640000e-06	-5.856521e-06	-1.420263e-09	-3.156561e+01	-3.415414e+02
6.650000e-06	-5.891034e-06	-1.423620e-09	-3.175163e+01	-3.428192e+02
6.660000e-06	-5.925128e-06	-1.427387e-09	-3.193539e+01	-3.440788e+02
6.670000e-06	-5.958746e-06	-1.432633e-09	-3.211659e+01	-3.453216e+02
6.680000e-06	-5.991956e-06	-1.437567e-09	-3.229558e+01	-3.465489e+02
6.690000e-06	-6.024668e-06	-1.440620e-09	-3.247189e+01	-3.477619e+02
6.700000e-06	-6.057022e-06	-1.442969e-09	-3.264627e+01	-3.489615e+02
6.710000e-06	-6.089206e-06	-1.446868e-09	-3.281974e+01	-3.501485e+02
6.720000e-06	-6.120886e-06	-1.452055e-09	-3.299049e+01	-3.513236e+02
6.730000e-06	-6.151944e-06	-1.456175e-09	-3.315789e+01	-3.524874e+02
6.740000e-06	-6.182432e-06	-1.458758e-09	-3.332221e+01	-3.536401e+02
6.750000e-06	-6.212238e-06	-1.461803e-09	-3.348286e+01	-3.547819e+02
6.760000e-06	-6.241366e-06	-1.466677e-09	-3.363986e+01	-3.559127e+02
6.770000e-06	-6.270052e-06	-1.471678e-09	-3.379447e+01	-3.570325e+02
6.780000e-06	-6.298502e-06	-1.474886e-09	-3.394781e+01	-3.581407e+02
6.790000e-06	-6.326653e-06	-1.476836e-09	-3.409954e+01	-3.592370e+02
6.800000e-06	-6.354431e-06	-1.480008e-09	-3.424926e+01	-3.603208e+02
6.810000e-06	-6.381768e-06	-1.485193e-09	-3.439660e+01	-3.613912e+02
6.820000e-06	-6.408619e-06	-1.490691e-09	-3.454132e+01	-3.624476e+02
6.830000e-06	-6.435067e-06	-1.494929e-09	-3.468387e+01	-3.634890e+02
6.840000e-06	-6.461035e-06	-1.496687e-09	-3.482383e+01	-3.645145e+02
6.850000e-06	-6.486450e-06	-1.498287e-09	-3.496082e+01	-3.655232e+02
6.860000e-06	-6.511349e-06	-1.501317e-09	-3.509502e+01	-3.665141e+02
6.870000e-06	-6.535874e-06	-1.504261e-09	-3.522720e+01	-3.674863e+02
6.880000e-06	-6.560122e-06	-1.507041e-09	-3.535790e+01	-3.684390e+02
6.890000e-06	-6.584060e-06	-1.510565e-09	-3.548691e+01	-3.693712e+02
6.900000e-06	-6.607613e-06	-1.514796e-09	-3.561386e+01	-3.702824e+02
6.910000e-06	-6.630618e-06	-1.517994e-09	-3.573785e+01	-3.711717e+02
6.920000e-06	-6.652830e-06	-1.519782e-09	-3.585758e+01	-3.720388e+02
6.930000e-06	-6.674206e-06	-1.520717e-09	-3.597278e+01	-3.728831e+02
6.940000e-06	-6.695016e-06	-1.521696e-09	-3.608495e+01	-3.737044e+02
6.950000e-06	-6.715484e-06	-1.523674e-09	-3.619527e+01	-3.745025e+02
6.960000e-06	-6.735636e-06	-1.526527e-09	-3.630388e+01	-3.752774e+02
6.970000e-06	-6.755433e-06	-1.529289e-09	-3.641059e+01	-3.760290e+02
6.980000e-06	-6.774689e-06	-1.532045e-09	-3.651437e+01	-3.767575e+02
6.990000e-06	-6.793360e-06	-1.535296e-09	-3.661501e+01	-3.774632e+02
7.000000e-06	-6.811727e-06	-1.537904e-09	-3.671400e+01	-3.781465e+02
7.010000e-06	-6.829730e-06	-1.539293e-09	-3.681103e+01	-3.788078e+02
7.020000e-06	-6.847100e-06	-1.540080e-09	-3.690466e+01	-3.794475e+02
7.030000e-06	-6.863915e-06	-1.541003e-09	-3.699529e+01	-3.800661e+02
7.040000e-06	-6.880415e-06	-1.541448e-09	-3.708422e+01	-3.806643e+02
7.050000e-06	-6.896639e-06	-1.541039e-09	-3.717166e+01	-3.812424e+02
7.060000e-06	-6.912534e-06	-1.540557e-09	-3.725733e+01	-3.818011e+02
7.070000e-06	-6.927811e-06	-1.541326e-09	-3.733967e+01	-3.823408e+02
7.080000e-06	-6.942325e-06	-1.542581e-09	-3.741790e+01	-3.828619e+02
7.090000e-06	-6.956033e-06	-1.544333e-09	-3.749178e+01	-3.833649e+02
7.100000e-06	-6.969033e-06	-1.546637e-09	-3.756185e+01	-3.838499e+02
7.110000e-06	-6.981559e-06	-1.547841e-09	-3.762937e+01	-3.843173e+02
7.120000e-06	-6.993607e-06	-1.547996e-09	-3.769430e+01	-3.847672e+02
7.130000e-06	-7.005030e-06	-1.547573e-09	-3.775587e+01	-3.851995e+02
7.140000e-06	-7.015785e-06	-1.547365e-09	-3.781384e+01	-3.856143e+02
7.150000e-06	-7.026123e-06	-1.547588e-09	-3.786956e+01	-3.860113e+02
7.160000e-06	-7.036048e-06	-1.548207e-09	-3.792305e+01	-3.863904e+02
7.170000e-06	-7.045445e-06	-1.549537e-09	-3.797370e+01	-3.867512e+02
7.180000e-06	-7.054302e-06	-1.550513e-09	-3.802144e+01	-3.870934e+02
7.190000e-06	-7.062730e-06	-1.550284e-09	-3.806686e+01	-3.874165e+02
7.200000e-06	-7.070910e-06	-1.549941e-09	-3.811095e+01	-3.877201e+02
7.210000e-06	-7.078789e-06	-1.549820e-09	-3.815342e+01	-3.880037e+02
7.220000e-06	-7.086164e-06	-1.548935e-09	-3.819317e+01	-3.882669e+02
7.230000e-06	-7.092798e-06	-1.548149e-09	-3.822892e+01	-3.885091e+02
7.240000e-06	-7.098631e-06	-1.548428e-09	-3.826036e+01	-3.887301e+02
7.250000e-06	-7.103712e-06	-1.548924e-09	-3.828775e+01	-3.889295e+02
7.260000e-06	-7.108262e-06	-1.549282e-09	-3.831227e+01	-3.891069e+02
7.270000e-06	-7.112508e-06	-1.548883e-09	-3.833516e+01	-3.892622e+02
7.280000e-06	-7.116383e-06	-1.548695e-09	-3.835604e+01	-3.893954e+02
7.290000e-06	-7.119836e-06	-1.550098e-09	-3.837465e+01	-3.895065e+02
7.300000e-06	-7.122860e-06	-1.550779e-09	-3.839095e+01	-3.895957e+02
7.310000e-06	-7.125420e-06	-1.548552e-09	-3.840475e+01	-3.896634e+02
7.320000e-06	-7.127489e-06	-1.546295e-09	-3.841590e+01	-3.897099e+02
7.330000e-06	-7.129080e-06	-1.546085e-09	-3.842448e+01	-3.897360e+02
7.340000e-06	-7.130108e-06	-1.545707e-09	-3.843002e+01	-3.897423e+02
