# Temperatura_=_11.5
# Concentracion g/m^3_=_7400.0
# C_Vs_to_Am_M_A/Vsm_=_254322799225.57578
# pendiente_HvsI_1/m_=_3716.3
# ordenada_HvsI_A/m_=_1297.0
# frecuencia_Hz_=_136107.12833314398

Tiempo_(s)	Campo_(V.s)	Magnetizacion_(V.s)	Campo_(kA/m)	Magnetizacion_(A/m)
0.000000e+00	-7.123329e-06	-1.553080e-09	-3.842647e+01	-3.918571e+02
1.000000e-08	-7.123628e-06	-1.552394e-09	-3.842808e+01	-3.918420e+02
2.000000e-08	-7.123626e-06	-1.550542e-09	-3.842807e+01	-3.918124e+02
3.000000e-08	-7.123128e-06	-1.548918e-09	-3.842538e+01	-3.917694e+02
4.000000e-08	-7.121745e-06	-1.548108e-09	-3.841792e+01	-3.917143e+02
5.000000e-08	-7.119468e-06	-1.547850e-09	-3.840564e+01	-3.916480e+02
6.000000e-08	-7.116557e-06	-1.546835e-09	-3.838993e+01	-3.915716e+02
7.000000e-08	-7.113157e-06	-1.549118e-09	-3.837159e+01	-3.914862e+02
8.000000e-08	-7.109419e-06	-1.555257e-09	-3.835143e+01	-3.913927e+02
9.000000e-08	-7.105294e-06	-1.537732e-09	-3.832917e+01	-3.912917e+02
1.000000e-07	-7.100347e-06	-1.497967e-09	-3.830249e+01	-3.911842e+02
1.100000e-07	-7.094531e-06	-1.516151e-09	-3.827111e+01	-3.910707e+02
1.200000e-07	-7.088383e-06	-1.592591e-09	-3.823795e+01	-3.909518e+02
1.300000e-07	-7.082207e-06	-1.571380e-09	-3.820463e+01	-3.908277e+02
1.400000e-07	-7.075655e-06	-1.479461e-09	-3.816929e+01	-3.906988e+02
1.500000e-07	-7.068469e-06	-1.502117e-09	-3.813052e+01	-3.905652e+02
1.600000e-07	-7.060958e-06	-1.604505e-09	-3.809001e+01	-3.904269e+02
1.700000e-07	-7.053283e-06	-1.560750e-09	-3.804860e+01	-3.902838e+02
1.800000e-07	-7.044939e-06	-1.429444e-09	-3.800359e+01	-3.901358e+02
1.900000e-07	-7.035622e-06	-1.491416e-09	-3.795333e+01	-3.899826e+02
2.000000e-07	-7.025736e-06	-1.626717e-09	-3.790000e+01	-3.898236e+02
2.100000e-07	-7.015472e-06	-1.556814e-09	-3.784464e+01	-3.896586e+02
2.200000e-07	-7.004402e-06	-1.429714e-09	-3.778492e+01	-3.894868e+02
2.300000e-07	-6.992553e-06	-1.503301e-09	-3.772100e+01	-3.893078e+02
2.400000e-07	-6.980361e-06	-1.586857e-09	-3.765523e+01	-3.891208e+02
2.500000e-07	-6.967751e-06	-1.495756e-09	-3.758721e+01	-3.889253e+02
2.600000e-07	-6.954586e-06	-1.450723e-09	-3.751619e+01	-3.887204e+02
2.700000e-07	-6.940820e-06	-1.547293e-09	-3.744193e+01	-3.885055e+02
2.800000e-07	-6.926313e-06	-1.547759e-09	-3.736367e+01	-3.882800e+02
2.900000e-07	-6.910912e-06	-1.462598e-09	-3.728059e+01	-3.880430e+02
3.000000e-07	-6.894686e-06	-1.501963e-09	-3.719306e+01	-3.877939e+02
3.100000e-07	-6.878034e-06	-1.543501e-09	-3.710323e+01	-3.875321e+02
3.200000e-07	-6.861118e-06	-1.456571e-09	-3.701198e+01	-3.872571e+02
3.300000e-07	-6.843709e-06	-1.452758e-09	-3.691807e+01	-3.869681e+02
3.400000e-07	-6.825871e-06	-1.564050e-09	-3.682184e+01	-3.866648e+02
3.500000e-07	-6.807691e-06	-1.524904e-09	-3.672377e+01	-3.863467e+02
3.600000e-07	-6.789011e-06	-1.417555e-09	-3.662300e+01	-3.860133e+02
3.700000e-07	-6.769781e-06	-1.484379e-09	-3.651927e+01	-3.856643e+02
3.800000e-07	-6.750306e-06	-1.547637e-09	-3.641421e+01	-3.852994e+02
3.900000e-07	-6.730529e-06	-1.455653e-09	-3.630752e+01	-3.849184e+02
4.000000e-07	-6.710205e-06	-1.436467e-09	-3.619789e+01	-3.845209e+02
4.100000e-07	-6.689358e-06	-1.517614e-09	-3.608543e+01	-3.841068e+02
4.200000e-07	-6.667983e-06	-1.489175e-09	-3.597012e+01	-3.836759e+02
4.300000e-07	-6.646154e-06	-1.436214e-09	-3.585237e+01	-3.832282e+02
4.400000e-07	-6.624054e-06	-1.487171e-09	-3.573315e+01	-3.827635e+02
4.500000e-07	-6.601346e-06	-1.486346e-09	-3.561065e+01	-3.822817e+02
4.600000e-07	-6.578063e-06	-1.426240e-09	-3.548505e+01	-3.817828e+02
4.700000e-07	-6.554579e-06	-1.462279e-09	-3.535837e+01	-3.812667e+02
4.800000e-07	-6.530787e-06	-1.500294e-09	-3.523002e+01	-3.807333e+02
4.900000e-07	-6.506411e-06	-1.442232e-09	-3.509853e+01	-3.801827e+02
5.000000e-07	-6.481415e-06	-1.428563e-09	-3.496369e+01	-3.796148e+02
5.100000e-07	-6.455972e-06	-1.470457e-09	-3.482644e+01	-3.790295e+02
5.200000e-07	-6.429808e-06	-1.450531e-09	-3.468530e+01	-3.784268e+02
5.300000e-07	-6.402835e-06	-1.425459e-09	-3.453979e+01	-3.778067e+02
5.400000e-07	-6.375414e-06	-1.451185e-09	-3.439187e+01	-3.771693e+02
5.500000e-07	-6.347802e-06	-1.448540e-09	-3.424292e+01	-3.765144e+02
5.600000e-07	-6.319828e-06	-1.426140e-09	-3.409202e+01	-3.758420e+02
5.700000e-07	-6.291363e-06	-1.438184e-09	-3.393846e+01	-3.751523e+02
5.800000e-07	-6.262441e-06	-1.439496e-09	-3.378244e+01	-3.744451e+02
5.900000e-07	-6.233130e-06	-1.418029e-09	-3.362433e+01	-3.737206e+02
6.000000e-07	-6.203484e-06	-1.418810e-09	-3.346440e+01	-3.729789e+02
6.100000e-07	-6.173317e-06	-1.425531e-09	-3.330167e+01	-3.722200e+02
6.200000e-07	-6.142581e-06	-1.417715e-09	-3.313587e+01	-3.714440e+02
6.300000e-07	-6.111388e-06	-1.413923e-09	-3.296760e+01	-3.706511e+02
6.400000e-07	-6.079949e-06	-1.409594e-09	-3.279800e+01	-3.698416e+02
6.500000e-07	-6.048323e-06	-1.401730e-09	-3.262740e+01	-3.690155e+02
6.600000e-07	-6.016311e-06	-1.400474e-09	-3.245471e+01	-3.681731e+02
6.700000e-07	-5.983828e-06	-1.399636e-09	-3.227948e+01	-3.673146e+02
6.800000e-07	-5.950791e-06	-1.395520e-09	-3.210126e+01	-3.664404e+02
6.900000e-07	-5.917189e-06	-1.393405e-09	-3.192000e+01	-3.655507e+02
7.000000e-07	-5.882900e-06	-1.386606e-09	-3.173503e+01	-3.646458e+02
7.100000e-07	-5.847997e-06	-1.379407e-09	-3.154674e+01	-3.637260e+02
7.200000e-07	-5.812764e-06	-1.378658e-09	-3.135668e+01	-3.627915e+02
7.300000e-07	-5.777279e-06	-1.373465e-09	-3.116526e+01	-3.618426e+02
7.400000e-07	-5.741475e-06	-1.363239e-09	-3.097212e+01	-3.608796e+02
7.500000e-07	-5.705166e-06	-1.362487e-09	-3.077625e+01	-3.599027e+02
7.600000e-07	-5.668425e-06	-1.364507e-09	-3.057805e+01	-3.589119e+02
7.700000e-07	-5.631388e-06	-1.359234e-09	-3.037826e+01	-3.579075e+02
7.800000e-07	-5.593911e-06	-1.351213e-09	-3.017609e+01	-3.568894e+02
7.900000e-07	-5.555953e-06	-1.342825e-09	-2.997133e+01	-3.558576e+02
8.000000e-07	-5.517506e-06	-1.335600e-09	-2.976392e+01	-3.548120e+02
8.100000e-07	-5.478655e-06	-1.334069e-09	-2.955435e+01	-3.537525e+02
8.200000e-07	-5.439522e-06	-1.332288e-09	-2.934325e+01	-3.526788e+02
8.300000e-07	-5.400078e-06	-1.324636e-09	-2.913047e+01	-3.515905e+02
8.400000e-07	-5.360449e-06	-1.316258e-09	-2.891669e+01	-3.504871e+02
8.500000e-07	-5.320572e-06	-1.311307e-09	-2.870157e+01	-3.493683e+02
8.600000e-07	-5.280175e-06	-1.308274e-09	-2.848366e+01	-3.482333e+02
8.700000e-07	-5.239258e-06	-1.303717e-09	-2.826293e+01	-3.470815e+02
8.800000e-07	-5.198106e-06	-1.297166e-09	-2.804094e+01	-3.459122e+02
8.900000e-07	-5.156670e-06	-1.291169e-09	-2.781741e+01	-3.447246e+02
9.000000e-07	-5.114522e-06	-1.287680e-09	-2.759005e+01	-3.435178e+02
9.100000e-07	-5.071606e-06	-1.283751e-09	-2.735854e+01	-3.422910e+02
9.200000e-07	-5.028251e-06	-1.277355e-09	-2.712467e+01	-3.410432e+02
9.300000e-07	-4.984571e-06	-1.269682e-09	-2.688903e+01	-3.397736e+02
9.400000e-07	-4.940634e-06	-1.263644e-09	-2.665202e+01	-3.384812e+02
9.500000e-07	-4.896462e-06	-1.259051e-09	-2.641374e+01	-3.371652e+02
9.600000e-07	-4.852040e-06	-1.254175e-09	-2.617410e+01	-3.358247e+02
9.700000e-07	-4.807343e-06	-1.247585e-09	-2.593299e+01	-3.344590e+02
9.800000e-07	-4.762323e-06	-1.239519e-09	-2.569013e+01	-3.330672e+02
9.900000e-07	-4.716905e-06	-1.231898e-09	-2.544512e+01	-3.316487e+02
1.000000e-06	-4.671227e-06	-1.226501e-09	-2.519871e+01	-3.302030e+02
1.010000e-06	-4.625218e-06	-1.221385e-09	-2.495052e+01	-3.287295e+02
1.020000e-06	-4.578831e-06	-1.214879e-09	-2.470029e+01	-3.272278e+02
1.030000e-06	-4.532175e-06	-1.207278e-09	-2.444861e+01	-3.256977e+02
1.040000e-06	-4.485202e-06	-1.200964e-09	-2.419521e+01	-3.241389e+02
1.050000e-06	-4.438006e-06	-1.196396e-09	-2.394061e+01	-3.225514e+02
1.060000e-06	-4.390522e-06	-1.190092e-09	-2.368446e+01	-3.209351e+02
1.070000e-06	-4.342752e-06	-1.181487e-09	-2.342677e+01	-3.192901e+02
1.080000e-06	-4.294542e-06	-1.173312e-09	-2.316671e+01	-3.176166e+02
1.090000e-06	-4.245944e-06	-1.166155e-09	-2.290455e+01	-3.159149e+02
1.100000e-06	-4.197097e-06	-1.159452e-09	-2.264104e+01	-3.141851e+02
1.110000e-06	-4.147824e-06	-1.153142e-09	-2.237524e+01	-3.124278e+02
1.120000e-06	-4.098142e-06	-1.146221e-09	-2.210723e+01	-3.106432e+02
1.130000e-06	-4.048081e-06	-1.138361e-09	-2.183718e+01	-3.088317e+02
1.140000e-06	-3.997527e-06	-1.130599e-09	-2.156447e+01	-3.069937e+02
1.150000e-06	-3.946546e-06	-1.123660e-09	-2.128946e+01	-3.051296e+02
1.160000e-06	-3.895155e-06	-1.116843e-09	-2.101223e+01	-3.032397e+02
1.170000e-06	-3.843512e-06	-1.109527e-09	-2.073364e+01	-3.013242e+02
1.180000e-06	-3.791712e-06	-1.102266e-09	-2.045421e+01	-2.993833e+02
1.190000e-06	-3.739577e-06	-1.095848e-09	-2.017297e+01	-2.974172e+02
1.200000e-06	-3.687114e-06	-1.089205e-09	-1.988997e+01	-2.954259e+02
1.210000e-06	-3.634276e-06	-1.080903e-09	-1.960493e+01	-2.934093e+02
1.220000e-06	-3.581224e-06	-1.071938e-09	-1.931875e+01	-2.913672e+02
1.230000e-06	-3.528022e-06	-1.064289e-09	-1.903175e+01	-2.892994e+02
1.240000e-06	-3.474439e-06	-1.057551e-09	-1.874270e+01	-2.872055e+02
1.250000e-06	-3.420621e-06	-1.050988e-09	-1.845238e+01	-2.850849e+02
1.260000e-06	-3.366713e-06	-1.042894e-09	-1.816158e+01	-2.829370e+02
1.270000e-06	-3.312591e-06	-1.032375e-09	-1.786962e+01	-2.807612e+02
1.280000e-06	-3.258134e-06	-1.022116e-09	-1.757585e+01	-2.785566e+02
1.290000e-06	-3.203416e-06	-1.014059e-09	-1.728068e+01	-2.763224e+02
1.300000e-06	-3.148434e-06	-1.006396e-09	-1.698408e+01	-2.740577e+02
1.310000e-06	-3.093201e-06	-9.977931e-10	-1.668613e+01	-2.717615e+02
1.320000e-06	-3.037958e-06	-9.890670e-10	-1.638812e+01	-2.694328e+02
1.330000e-06	-2.982521e-06	-9.802008e-10	-1.608907e+01	-2.670706e+02
1.340000e-06	-2.926790e-06	-9.703897e-10	-1.578843e+01	-2.646740e+02
1.350000e-06	-2.870926e-06	-9.608110e-10	-1.548708e+01	-2.622419e+02
1.360000e-06	-2.814968e-06	-9.515673e-10	-1.518521e+01	-2.597736e+02
1.370000e-06	-2.758908e-06	-9.420465e-10	-1.488280e+01	-2.572681e+02
1.380000e-06	-2.702759e-06	-9.334312e-10	-1.457991e+01	-2.547247e+02
1.390000e-06	-2.646407e-06	-9.259917e-10	-1.427592e+01	-2.521426e+02
1.400000e-06	-2.589813e-06	-9.173701e-10	-1.397062e+01	-2.495213e+02
1.410000e-06	-2.532967e-06	-9.060894e-10	-1.366397e+01	-2.468603e+02
1.420000e-06	-2.475936e-06	-8.943120e-10	-1.335632e+01	-2.441592e+02
1.430000e-06	-2.418735e-06	-8.828721e-10	-1.304775e+01	-2.414176e+02
1.440000e-06	-2.361270e-06	-8.718257e-10	-1.273776e+01	-2.386353e+02
1.450000e-06	-2.303518e-06	-8.611537e-10	-1.242622e+01	-2.358122e+02
1.460000e-06	-2.245418e-06	-8.504447e-10	-1.211280e+01	-2.329483e+02
1.470000e-06	-2.187072e-06	-8.393774e-10	-1.179805e+01	-2.300434e+02
1.480000e-06	-2.128357e-06	-8.289303e-10	-1.148132e+01	-2.270976e+02
1.490000e-06	-2.069290e-06	-8.194029e-10	-1.116269e+01	-2.241109e+02
1.500000e-06	-2.010067e-06	-8.081404e-10	-1.084321e+01	-2.210833e+02
1.510000e-06	-1.950692e-06	-7.952280e-10	-1.052292e+01	-2.180147e+02
1.520000e-06	-1.891159e-06	-7.831941e-10	-1.020177e+01	-2.149051e+02
1.530000e-06	-1.831554e-06	-7.719537e-10	-9.880231e+00	-2.117541e+02
1.540000e-06	-1.771923e-06	-7.593462e-10	-9.558556e+00	-2.085616e+02
1.550000e-06	-1.712231e-06	-7.454579e-10	-9.236547e+00	-2.053270e+02
1.560000e-06	-1.652431e-06	-7.326451e-10	-8.913964e+00	-2.020496e+02
1.570000e-06	-1.592524e-06	-7.210252e-10	-8.590797e+00	-1.987286e+02
1.580000e-06	-1.532632e-06	-7.095311e-10	-8.267711e+00	-1.953630e+02
1.590000e-06	-1.472705e-06	-6.971821e-10	-7.944436e+00	-1.919514e+02
1.600000e-06	-1.412665e-06	-6.840750e-10	-7.620556e+00	-1.884925e+02
1.610000e-06	-1.352573e-06	-6.714629e-10	-7.296393e+00	-1.849844e+02
1.620000e-06	-1.292391e-06	-6.591113e-10	-6.971742e+00	-1.814251e+02
1.630000e-06	-1.232119e-06	-6.457398e-10	-6.646608e+00	-1.778125e+02
1.640000e-06	-1.171844e-06	-6.313714e-10	-6.321459e+00	-1.741443e+02
1.650000e-06	-1.111573e-06	-6.165586e-10	-5.996331e+00	-1.704177e+02
1.660000e-06	-1.051235e-06	-6.020982e-10	-5.670840e+00	-1.666300e+02
1.670000e-06	-9.907732e-07	-5.884648e-10	-5.344680e+00	-1.627783e+02
1.680000e-06	-9.302722e-07	-5.742274e-10	-5.018310e+00	-1.588597e+02
1.690000e-06	-8.697154e-07	-5.594058e-10	-4.691639e+00	-1.548711e+02
1.700000e-06	-8.091138e-07	-5.440467e-10	-4.364726e+00	-1.508095e+02
1.710000e-06	-7.485252e-07	-5.281221e-10	-4.037884e+00	-1.466717e+02
1.720000e-06	-6.878900e-07	-5.131859e-10	-3.710791e+00	-1.424550e+02
1.730000e-06	-6.271828e-07	-4.984966e-10	-3.383308e+00	-1.381565e+02
1.740000e-06	-5.664413e-07	-4.828073e-10	-3.055641e+00	-1.337736e+02
1.750000e-06	-5.055661e-07	-4.664461e-10	-2.727252e+00	-1.293040e+02
1.760000e-06	-4.445190e-07	-4.497105e-10	-2.397937e+00	-1.247458e+02
1.770000e-06	-3.834249e-07	-4.323529e-10	-2.068368e+00	-1.200973e+02
1.780000e-06	-3.223365e-07	-4.139467e-10	-1.738829e+00	-1.153572e+02
1.790000e-06	-2.613611e-07	-3.949548e-10	-1.409900e+00	-1.105248e+02
1.800000e-06	-2.004703e-07	-3.763239e-10	-1.081428e+00	-1.055998e+02
1.810000e-06	-1.393261e-07	-3.588434e-10	-7.515881e-01	-1.005824e+02
1.820000e-06	-7.814976e-08	-3.423235e-10	-4.215752e-01	-9.547349e+01
1.830000e-06	-1.721569e-08	-3.255409e-10	-9.286925e-02	-9.027445e+01
1.840000e-06	4.383122e-08	-3.073083e-10	2.364454e-01	-8.498726e+01
1.850000e-06	1.049964e-07	-2.882589e-10	5.663981e-01	-7.961450e+01
1.860000e-06	1.661096e-07	-2.691821e-10	8.960706e-01	-7.415935e+01
1.870000e-06	2.271711e-07	-2.484878e-10	1.225464e+00	-6.862558e+01
1.880000e-06	2.882976e-07	-2.254682e-10	1.555208e+00	-6.301750e+01
1.890000e-06	3.494625e-07	-2.031243e-10	1.885159e+00	-5.733999e+01
1.900000e-06	4.106804e-07	-1.827572e-10	2.215396e+00	-5.159840e+01
1.910000e-06	4.718669e-07	-1.633180e-10	2.545464e+00	-4.579853e+01
1.920000e-06	5.328902e-07	-1.428476e-10	2.874651e+00	-3.994662e+01
1.930000e-06	5.937602e-07	-1.204719e-10	3.203012e+00	-3.404922e+01
1.940000e-06	6.544935e-07	-9.785686e-11	3.530634e+00	-2.811320e+01
1.950000e-06	7.152123e-07	-7.454319e-11	3.858179e+00	-2.214564e+01
1.960000e-06	7.758815e-07	-5.129937e-11	4.185457e+00	-1.615380e+01
1.970000e-06	8.365787e-07	-2.974075e-11	4.512884e+00	-1.014499e+01
1.980000e-06	8.972411e-07	-8.045743e-12	4.840125e+00	-4.126580e+00
1.990000e-06	9.577092e-07	1.405462e-11	5.166317e+00	1.894123e+00
2.000000e-06	1.018116e-06	3.493094e-11	5.492177e+00	7.909927e+00
2.010000e-06	1.078496e-06	5.569660e-11	5.817896e+00	1.391382e+01
2.020000e-06	1.138813e-06	7.734617e-11	6.143275e+00	1.989904e+01
2.030000e-06	1.199141e-06	9.847267e-11	6.468710e+00	2.585910e+01
2.040000e-06	1.259405e-06	1.190026e-10	6.793802e+00	3.178789e+01
2.050000e-06	1.319486e-06	1.407999e-10	7.117904e+00	3.767968e+01
2.060000e-06	1.379485e-06	1.641481e-10	7.441567e+00	4.352917e+01
2.070000e-06	1.439522e-06	1.867924e-10	7.765434e+00	4.933153e+01
2.080000e-06	1.499550e-06	2.079670e-10	8.089250e+00	5.508243e+01
2.090000e-06	1.559473e-06	2.288203e-10	8.412504e+00	6.077803e+01
2.100000e-06	1.619330e-06	2.490967e-10	8.735399e+00	6.641500e+01
2.110000e-06	1.679094e-06	2.691084e-10	9.057795e+00	7.199054e+01
2.120000e-06	1.738710e-06	2.887988e-10	9.379387e+00	7.750234e+01
2.130000e-06	1.798182e-06	3.087541e-10	9.700209e+00	8.294860e+01
2.140000e-06	1.857627e-06	3.295601e-10	1.002088e+01	8.832798e+01
2.150000e-06	1.916998e-06	3.499829e-10	1.034116e+01	9.363960e+01
2.160000e-06	1.976299e-06	3.695608e-10	1.066105e+01	9.888298e+01
2.170000e-06	2.035673e-06	3.881244e-10	1.098134e+01	1.040581e+02
2.180000e-06	2.094808e-06	4.063839e-10	1.130035e+01	1.091651e+02
2.190000e-06	2.153449e-06	4.252902e-10	1.161668e+01	1.142045e+02
2.200000e-06	2.211721e-06	4.441421e-10	1.193102e+01	1.191773e+02
2.210000e-06	2.269766e-06	4.618025e-10	1.224415e+01	1.240844e+02
2.220000e-06	2.327648e-06	4.792500e-10	1.255639e+01	1.289270e+02
2.230000e-06	2.385363e-06	4.970719e-10	1.286773e+01	1.337064e+02
2.240000e-06	2.442806e-06	5.145446e-10	1.317760e+01	1.384240e+02
2.250000e-06	2.499991e-06	5.324080e-10	1.348608e+01	1.430813e+02
2.260000e-06	2.556913e-06	5.500020e-10	1.379314e+01	1.476795e+02
2.270000e-06	2.613495e-06	5.669434e-10	1.409837e+01	1.522202e+02
2.280000e-06	2.669883e-06	5.842197e-10	1.440256e+01	1.567046e+02
2.290000e-06	2.726119e-06	6.012989e-10	1.470592e+01	1.611339e+02
2.300000e-06	2.782178e-06	6.170447e-10	1.500833e+01	1.655094e+02
2.310000e-06	2.838092e-06	6.315052e-10	1.530995e+01	1.698319e+02
2.320000e-06	2.893788e-06	6.460516e-10	1.561040e+01	1.741023e+02
2.330000e-06	2.949359e-06	6.612281e-10	1.591018e+01	1.783213e+02
2.340000e-06	3.004805e-06	6.764726e-10	1.620928e+01	1.824895e+02
2.350000e-06	3.059969e-06	6.917266e-10	1.650686e+01	1.866071e+02
2.360000e-06	3.115005e-06	7.068606e-10	1.680375e+01	1.906745e+02
2.370000e-06	3.169841e-06	7.218044e-10	1.709956e+01	1.946918e+02
2.380000e-06	3.224466e-06	7.366832e-10	1.739423e+01	1.986588e+02
2.390000e-06	3.278906e-06	7.508237e-10	1.768790e+01	2.025756e+02
2.400000e-06	3.333102e-06	7.646285e-10	1.798026e+01	2.064417e+02
2.410000e-06	3.387084e-06	7.781802e-10	1.827147e+01	2.102569e+02
2.420000e-06	3.440801e-06	7.913056e-10	1.856124e+01	2.140208e+02
2.430000e-06	3.494248e-06	8.051188e-10	1.884955e+01	2.177329e+02
2.440000e-06	3.547458e-06	8.194056e-10	1.913660e+01	2.213928e+02
2.450000e-06	3.600465e-06	8.330255e-10	1.942254e+01	2.250000e+02
2.460000e-06	3.653115e-06	8.456222e-10	1.970656e+01	2.285540e+02
2.470000e-06	3.705375e-06	8.578601e-10	1.998847e+01	2.320544e+02
2.480000e-06	3.757431e-06	8.697672e-10	2.026929e+01	2.355008e+02
2.490000e-06	3.809337e-06	8.810681e-10	2.054929e+01	2.388928e+02
2.500000e-06	3.860971e-06	8.920186e-10	2.082783e+01	2.422302e+02
2.510000e-06	3.912343e-06	9.029857e-10	2.110495e+01	2.455127e+02
2.520000e-06	3.963398e-06	9.144596e-10	2.138036e+01	2.487401e+02
2.530000e-06	4.013991e-06	9.261149e-10	2.165328e+01	2.519124e+02
2.540000e-06	4.064211e-06	9.378134e-10	2.192419e+01	2.550296e+02
2.550000e-06	4.113877e-06	9.494743e-10	2.219212e+01	2.580918e+02
2.560000e-06	4.163087e-06	9.605398e-10	2.245758e+01	2.610992e+02
2.570000e-06	4.211935e-06	9.708022e-10	2.272109e+01	2.640519e+02
2.580000e-06	4.260209e-06	9.808404e-10	2.298150e+01	2.669503e+02
2.590000e-06	4.308219e-06	9.913873e-10	2.324049e+01	2.697947e+02
2.600000e-06	4.356033e-06	1.001784e-09	2.349842e+01	2.725856e+02
2.610000e-06	4.403547e-06	1.011121e-09	2.375473e+01	2.753234e+02
2.620000e-06	4.450835e-06	1.021025e-09	2.400982e+01	2.780086e+02
2.630000e-06	4.497830e-06	1.031958e-09	2.426333e+01	2.806418e+02
2.640000e-06	4.544465e-06	1.041882e-09	2.451490e+01	2.832235e+02
2.650000e-06	4.590826e-06	1.050532e-09	2.476500e+01	2.857544e+02
2.660000e-06	4.636885e-06	1.058473e-09	2.501346e+01	2.882350e+02
2.670000e-06	4.682574e-06	1.066620e-09	2.525992e+01	2.906659e+02
2.680000e-06	4.727803e-06	1.074679e-09	2.550391e+01	2.930478e+02
2.690000e-06	4.772669e-06	1.082157e-09	2.574594e+01	2.953813e+02
2.700000e-06	4.817335e-06	1.090213e-09	2.598689e+01	2.976671e+02
2.710000e-06	4.861774e-06	1.098588e-09	2.622661e+01	2.999057e+02
2.720000e-06	4.905914e-06	1.107101e-09	2.646472e+01	3.020979e+02
2.730000e-06	4.949773e-06	1.115590e-09	2.670132e+01	3.042442e+02
2.740000e-06	4.993491e-06	1.123930e-09	2.693715e+01	3.063455e+02
2.750000e-06	5.036994e-06	1.132185e-09	2.717183e+01	3.084023e+02
2.760000e-06	5.080214e-06	1.139674e-09	2.740497e+01	3.104153e+02
2.770000e-06	5.123068e-06	1.146857e-09	2.763615e+01	3.123854e+02
2.780000e-06	5.165165e-06	1.154614e-09	2.786324e+01	3.143133e+02
2.790000e-06	5.206513e-06	1.161482e-09	2.808629e+01	3.161997e+02
2.800000e-06	5.247480e-06	1.167690e-09	2.830729e+01	3.180456e+02
2.810000e-06	5.287966e-06	1.175045e-09	2.852568e+01	3.198518e+02
2.820000e-06	5.327918e-06	1.182842e-09	2.874121e+01	3.216192e+02
2.830000e-06	5.367587e-06	1.190796e-09	2.895520e+01	3.233487e+02
2.840000e-06	5.407164e-06	1.198761e-09	2.916869e+01	3.250414e+02
2.850000e-06	5.446612e-06	1.206601e-09	2.938150e+01	3.266982e+02
2.860000e-06	5.485664e-06	1.214470e-09	2.959215e+01	3.283204e+02
2.870000e-06	5.524306e-06	1.221638e-09	2.980061e+01	3.299089e+02
2.880000e-06	5.562524e-06	1.227761e-09	3.000677e+01	3.314648e+02
2.890000e-06	5.600124e-06	1.233261e-09	3.020960e+01	3.329894e+02
2.900000e-06	5.637216e-06	1.238508e-09	3.040970e+01	3.344838e+02
2.910000e-06	5.673902e-06	1.244537e-09	3.060760e+01	3.359492e+02
2.920000e-06	5.710234e-06	1.251496e-09	3.080359e+01	3.373867e+02
2.930000e-06	5.746341e-06	1.258699e-09	3.099837e+01	3.387975e+02
2.940000e-06	5.782227e-06	1.265501e-09	3.119195e+01	3.401827e+02
2.950000e-06	5.817899e-06	1.271574e-09	3.138438e+01	3.415434e+02
2.960000e-06	5.853267e-06	1.276976e-09	3.157517e+01	3.428806e+02
2.970000e-06	5.888107e-06	1.281186e-09	3.176311e+01	3.441954e+02
2.980000e-06	5.922285e-06	1.285758e-09	3.194749e+01	3.454887e+02
2.990000e-06	5.955802e-06	1.291513e-09	3.212829e+01	3.467613e+02
3.000000e-06	5.988702e-06	1.296677e-09	3.230577e+01	3.480142e+02
3.010000e-06	6.020957e-06	1.301385e-09	3.247977e+01	3.492480e+02
3.020000e-06	6.052680e-06	1.305898e-09	3.265090e+01	3.504634e+02
3.030000e-06	6.084150e-06	1.310500e-09	3.282066e+01	3.516609e+02
3.040000e-06	6.115345e-06	1.316001e-09	3.298894e+01	3.528410e+02
3.050000e-06	6.146292e-06	1.322060e-09	3.315588e+01	3.540042e+02
3.060000e-06	6.176770e-06	1.327483e-09	3.332030e+01	3.551508e+02
3.070000e-06	6.206675e-06	1.331933e-09	3.348162e+01	3.562810e+02
3.080000e-06	6.236299e-06	1.336062e-09	3.364142e+01	3.573950e+02
3.090000e-06	6.265501e-06	1.339960e-09	3.379895e+01	3.584930e+02
3.100000e-06	6.294200e-06	1.343618e-09	3.395376e+01	3.595750e+02
3.110000e-06	6.322494e-06	1.347050e-09	3.410640e+01	3.606410e+02
3.120000e-06	6.350421e-06	1.351288e-09	3.425705e+01	3.616910e+02
3.130000e-06	6.378070e-06	1.356303e-09	3.440620e+01	3.627250e+02
3.140000e-06	6.405489e-06	1.361649e-09	3.455411e+01	3.637428e+02
3.150000e-06	6.432555e-06	1.367146e-09	3.470011e+01	3.647445e+02
3.160000e-06	6.459013e-06	1.371283e-09	3.484284e+01	3.657299e+02
3.170000e-06	6.484734e-06	1.373079e-09	3.498159e+01	3.666988e+02
3.180000e-06	6.509747e-06	1.374619e-09	3.511653e+01	3.676513e+02
3.190000e-06	6.534042e-06	1.377874e-09	3.524758e+01	3.685873e+02
3.200000e-06	6.557796e-06	1.382218e-09	3.537572e+01	3.695067e+02
3.210000e-06	6.581168e-06	1.386180e-09	3.550180e+01	3.704094e+02
3.220000e-06	6.604187e-06	1.389833e-09	3.562598e+01	3.712955e+02
3.230000e-06	6.626777e-06	1.395623e-09	3.574784e+01	3.721650e+02
3.240000e-06	6.648848e-06	1.401844e-09	3.586690e+01	3.730178e+02
3.250000e-06	6.670500e-06	1.405236e-09	3.598370e+01	3.738542e+02
3.260000e-06	6.691693e-06	1.407419e-09	3.609802e+01	3.746740e+02
3.270000e-06	6.712442e-06	1.410942e-09	3.620995e+01	3.754775e+02
3.280000e-06	6.732696e-06	1.414856e-09	3.631921e+01	3.762646e+02
3.290000e-06	6.752471e-06	1.418653e-09	3.642589e+01	3.770354e+02
3.300000e-06	6.772023e-06	1.422750e-09	3.653136e+01	3.777900e+02
3.310000e-06	6.791304e-06	1.426367e-09	3.663537e+01	3.785284e+02
3.320000e-06	6.810142e-06	1.429581e-09	3.673699e+01	3.792507e+02
3.330000e-06	6.828323e-06	1.433327e-09	3.683507e+01	3.799568e+02
3.340000e-06	6.845812e-06	1.437357e-09	3.692941e+01	3.806467e+02
3.350000e-06	6.862873e-06	1.440258e-09	3.702145e+01	3.813202e+02
3.360000e-06	6.879610e-06	1.442906e-09	3.711173e+01	3.819773e+02
3.370000e-06	6.895888e-06	1.445724e-09	3.719954e+01	3.826176e+02
3.380000e-06	6.911591e-06	1.449130e-09	3.728425e+01	3.832410e+02
3.390000e-06	6.926715e-06	1.453042e-09	3.736584e+01	3.838471e+02
3.400000e-06	6.941153e-06	1.456206e-09	3.744372e+01	3.844356e+02
3.410000e-06	6.955002e-06	1.459366e-09	3.751843e+01	3.850061e+02
3.420000e-06	6.968448e-06	1.463801e-09	3.759096e+01	3.855580e+02
3.430000e-06	6.981468e-06	1.468931e-09	3.766120e+01	3.860909e+02
3.440000e-06	6.993884e-06	1.471317e-09	3.772818e+01	3.866043e+02
3.450000e-06	7.005697e-06	1.471895e-09	3.779191e+01	3.870975e+02
3.460000e-06	7.017065e-06	1.474780e-09	3.785323e+01	3.875701e+02
3.470000e-06	7.027786e-06	1.479097e-09	3.791106e+01	3.880214e+02
3.480000e-06	7.037622e-06	1.482024e-09	3.796412e+01	3.884510e+02
3.490000e-06	7.046678e-06	1.483492e-09	3.801297e+01	3.888582e+02
3.500000e-06	7.055123e-06	1.484926e-09	3.805853e+01	3.892426e+02
3.510000e-06	7.063061e-06	1.487308e-09	3.810135e+01	3.896038e+02
3.520000e-06	7.070678e-06	1.490692e-09	3.814244e+01	3.899413e+02
3.530000e-06	7.078077e-06	1.494101e-09	3.818235e+01	3.902550e+02
3.540000e-06	7.085060e-06	1.496617e-09	3.822002e+01	3.905445e+02
3.550000e-06	7.091469e-06	1.498346e-09	3.825460e+01	3.908098e+02
3.560000e-06	7.097348e-06	1.500900e-09	3.828631e+01	3.910509e+02
3.570000e-06	7.102762e-06	1.503849e-09	3.831551e+01	3.912678e+02
3.580000e-06	7.107739e-06	1.505209e-09	3.834236e+01	3.914609e+02
3.590000e-06	7.112021e-06	1.506513e-09	3.836546e+01	3.916303e+02
3.600000e-06	7.115806e-06	1.508909e-09	3.838588e+01	3.917767e+02
3.610000e-06	7.119468e-06	1.511948e-09	3.840563e+01	3.919005e+02
3.620000e-06	7.122768e-06	1.514673e-09	3.842344e+01	3.920025e+02
3.630000e-06	7.125633e-06	1.516652e-09	3.843889e+01	3.920834e+02
3.640000e-06	7.127755e-06	1.517120e-09	3.845034e+01	3.921440e+02
3.650000e-06	7.129005e-06	1.516790e-09	3.845708e+01	3.921854e+02
3.660000e-06	7.129546e-06	1.518518e-09	3.846000e+01	3.922086e+02
3.670000e-06	7.129528e-06	1.520326e-09	3.845991e+01	3.922146e+02
3.680000e-06	7.129260e-06	1.520534e-09	3.845846e+01	3.922046e+02
3.690000e-06	7.128656e-06	1.521478e-09	3.845520e+01	3.921798e+02
3.700000e-06	7.127473e-06	1.523439e-09	3.844882e+01	3.921411e+02
3.710000e-06	7.125703e-06	1.525991e-09	3.843927e+01	3.920899e+02
3.720000e-06	7.123636e-06	1.527795e-09	3.842812e+01	3.920272e+02
3.730000e-06	7.121210e-06	1.525271e-09	3.841503e+01	3.919541e+02
3.740000e-06	7.118208e-06	1.515354e-09	3.839884e+01	3.918716e+02
3.750000e-06	7.114639e-06	1.511013e-09	3.837959e+01	3.917807e+02
3.760000e-06	7.110589e-06	1.553751e-09	3.835774e+01	3.916821e+02
3.770000e-06	7.105896e-06	1.594820e-09	3.833242e+01	3.915767e+02
3.780000e-06	7.100328e-06	1.517909e-09	3.830238e+01	3.914652e+02
3.790000e-06	7.094304e-06	1.446524e-09	3.826989e+01	3.913480e+02
3.800000e-06	7.088269e-06	1.532767e-09	3.823733e+01	3.912255e+02
3.810000e-06	7.081846e-06	1.609559e-09	3.820269e+01	3.910982e+02
3.820000e-06	7.074496e-06	1.520463e-09	3.816304e+01	3.909662e+02
3.830000e-06	7.066399e-06	1.433627e-09	3.811936e+01	3.908294e+02
3.840000e-06	7.058062e-06	1.553103e-09	3.807439e+01	3.906880e+02
3.850000e-06	7.049383e-06	1.659954e-09	3.802757e+01	3.905417e+02
3.860000e-06	7.039999e-06	1.506291e-09	3.797694e+01	3.903902e+02
3.870000e-06	7.030026e-06	1.385073e-09	3.792315e+01	3.902332e+02
3.880000e-06	7.019710e-06	1.546784e-09	3.786750e+01	3.900702e+02
3.890000e-06	7.009224e-06	1.657922e-09	3.781093e+01	3.899008e+02
3.900000e-06	6.998015e-06	1.490992e-09	3.775046e+01	3.897242e+02
3.910000e-06	6.986103e-06	1.424874e-09	3.768620e+01	3.895400e+02
3.920000e-06	6.973813e-06	1.608975e-09	3.761991e+01	3.893474e+02
3.930000e-06	6.960933e-06	1.625511e-09	3.755043e+01	3.891457e+02
3.940000e-06	6.947232e-06	1.433264e-09	3.747652e+01	3.889342e+02
3.950000e-06	6.932848e-06	1.468931e-09	3.739892e+01	3.887123e+02
3.960000e-06	6.917872e-06	1.643012e-09	3.731814e+01	3.884792e+02
3.970000e-06	6.902156e-06	1.557535e-09	3.723335e+01	3.882342e+02
3.980000e-06	6.885975e-06	1.440371e-09	3.714607e+01	3.879767e+02
3.990000e-06	6.869401e-06	1.578029e-09	3.705666e+01	3.877062e+02
4.000000e-06	6.852462e-06	1.619794e-09	3.696528e+01	3.874219e+02
4.010000e-06	6.835125e-06	1.444468e-09	3.687176e+01	3.871235e+02
4.020000e-06	6.817317e-06	1.474530e-09	3.677570e+01	3.868103e+02
4.030000e-06	6.799029e-06	1.641062e-09	3.667704e+01	3.864821e+02
4.040000e-06	6.780124e-06	1.545610e-09	3.657506e+01	3.861383e+02
4.050000e-06	6.760667e-06	1.433105e-09	3.647010e+01	3.857788e+02
4.060000e-06	6.740927e-06	1.571254e-09	3.636361e+01	3.854031e+02
4.070000e-06	6.720849e-06	1.601638e-09	3.625530e+01	3.850111e+02
4.080000e-06	6.700471e-06	1.455415e-09	3.614538e+01	3.846026e+02
4.090000e-06	6.679730e-06	1.497437e-09	3.603349e+01	3.841773e+02
4.100000e-06	6.658292e-06	1.601426e-09	3.591784e+01	3.837352e+02
4.110000e-06	6.635953e-06	1.507015e-09	3.579734e+01	3.832762e+02
4.120000e-06	6.612811e-06	1.476287e-09	3.567250e+01	3.828001e+02
4.130000e-06	6.589097e-06	1.577019e-09	3.554458e+01	3.823069e+02
4.140000e-06	6.565039e-06	1.532027e-09	3.541480e+01	3.817965e+02
4.150000e-06	6.540724e-06	1.456105e-09	3.528363e+01	3.812689e+02
4.160000e-06	6.516052e-06	1.535900e-09	3.515053e+01	3.807240e+02
4.170000e-06	6.490940e-06	1.556376e-09	3.501507e+01	3.801619e+02
4.180000e-06	6.465443e-06	1.483427e-09	3.487753e+01	3.795824e+02
4.190000e-06	6.439445e-06	1.510181e-09	3.473728e+01	3.789855e+02
4.200000e-06	6.412941e-06	1.542707e-09	3.459431e+01	3.783712e+02
4.210000e-06	6.385910e-06	1.491840e-09	3.444849e+01	3.777396e+02
4.220000e-06	6.358262e-06	1.494326e-09	3.429935e+01	3.770905e+02
4.230000e-06	6.330216e-06	1.525836e-09	3.414805e+01	3.764239e+02
4.240000e-06	6.301974e-06	1.497864e-09	3.399570e+01	3.757400e+02
4.250000e-06	6.273475e-06	1.490969e-09	3.384197e+01	3.750386e+02
4.260000e-06	6.244424e-06	1.513246e-09	3.368525e+01	3.743199e+02
4.270000e-06	6.214867e-06	1.500659e-09	3.352581e+01	3.735839e+02
4.280000e-06	6.184833e-06	1.489483e-09	3.336379e+01	3.728307e+02
4.290000e-06	6.154044e-06	1.491879e-09	3.319770e+01	3.720604e+02
4.300000e-06	6.122581e-06	1.484157e-09	3.302798e+01	3.712731e+02
4.310000e-06	6.090651e-06	1.490788e-09	3.285573e+01	3.704691e+02
4.320000e-06	6.058309e-06	1.494077e-09	3.268126e+01	3.696485e+02
4.330000e-06	6.025596e-06	1.478685e-09	3.250480e+01	3.688115e+02
4.340000e-06	5.992513e-06	1.479996e-09	3.232633e+01	3.679584e+02
4.350000e-06	5.959016e-06	1.481397e-09	3.214563e+01	3.670894e+02
4.360000e-06	5.925099e-06	1.466638e-09	3.196267e+01	3.662048e+02
4.370000e-06	5.890846e-06	1.472107e-09	3.177789e+01	3.653049e+02
4.380000e-06	5.856202e-06	1.477690e-09	3.159101e+01	3.643901e+02
4.390000e-06	5.821131e-06	1.461331e-09	3.140182e+01	3.634604e+02
4.400000e-06	5.785743e-06	1.461712e-09	3.121092e+01	3.625163e+02
4.410000e-06	5.749940e-06	1.470998e-09	3.101778e+01	3.615580e+02
4.420000e-06	5.713819e-06	1.457400e-09	3.082293e+01	3.605857e+02
4.430000e-06	5.677555e-06	1.448770e-09	3.062730e+01	3.595995e+02
4.440000e-06	5.640997e-06	1.454455e-09	3.043010e+01	3.585996e+02
4.450000e-06	5.604096e-06	1.451402e-09	3.023103e+01	3.575861e+02
4.460000e-06	5.566659e-06	1.446212e-09	3.002908e+01	3.565589e+02
4.470000e-06	5.528309e-06	1.445145e-09	2.982220e+01	3.555179e+02
4.480000e-06	5.489199e-06	1.439556e-09	2.961122e+01	3.544631e+02
4.490000e-06	5.449636e-06	1.432815e-09	2.939780e+01	3.533941e+02
4.500000e-06	5.409714e-06	1.430290e-09	2.918245e+01	3.523107e+02
4.510000e-06	5.369534e-06	1.428933e-09	2.896570e+01	3.512124e+02
4.520000e-06	5.329045e-06	1.425607e-09	2.874728e+01	3.500988e+02
4.530000e-06	5.288205e-06	1.420125e-09	2.852697e+01	3.489693e+02
4.540000e-06	5.247068e-06	1.416515e-09	2.830506e+01	3.478232e+02
4.550000e-06	5.205661e-06	1.415875e-09	2.808169e+01	3.466598e+02
4.560000e-06	5.163968e-06	1.412720e-09	2.785678e+01	3.454784e+02
4.570000e-06	5.121899e-06	1.406745e-09	2.762985e+01	3.442781e+02
4.580000e-06	5.079340e-06	1.402396e-09	2.740026e+01	3.430580e+02
4.590000e-06	5.036330e-06	1.400042e-09	2.716825e+01	3.418173e+02
4.600000e-06	4.992988e-06	1.397727e-09	2.693444e+01	3.405551e+02
4.610000e-06	4.949263e-06	1.392767e-09	2.669857e+01	3.392704e+02
4.620000e-06	4.905200e-06	1.385640e-09	2.646087e+01	3.379623e+02
4.630000e-06	4.860960e-06	1.380206e-09	2.622222e+01	3.366301e+02
4.640000e-06	4.816585e-06	1.377577e-09	2.598284e+01	3.352728e+02
4.650000e-06	4.772048e-06	1.373767e-09	2.574259e+01	3.338898e+02
4.660000e-06	4.727171e-06	1.367090e-09	2.550050e+01	3.324803e+02
4.670000e-06	4.681926e-06	1.359286e-09	2.525643e+01	3.310437e+02
4.680000e-06	4.636332e-06	1.353300e-09	2.501048e+01	3.295795e+02
4.690000e-06	4.590236e-06	1.348597e-09	2.476181e+01	3.280873e+02
4.700000e-06	4.543732e-06	1.344048e-09	2.451095e+01	3.265666e+02
4.710000e-06	4.496927e-06	1.338982e-09	2.425846e+01	3.250174e+02
4.720000e-06	4.449855e-06	1.332710e-09	2.400453e+01	3.234395e+02
4.730000e-06	4.402581e-06	1.327237e-09	2.374952e+01	3.218328e+02
4.740000e-06	4.354800e-06	1.323625e-09	2.349177e+01	3.201973e+02
4.750000e-06	4.306590e-06	1.318887e-09	2.323169e+01	3.185333e+02
4.760000e-06	4.258063e-06	1.312369e-09	2.296992e+01	3.168410e+02
4.770000e-06	4.209192e-06	1.305803e-09	2.270629e+01	3.151206e+02
4.780000e-06	4.160059e-06	1.300131e-09	2.244124e+01	3.133724e+02
4.790000e-06	4.110527e-06	1.295380e-09	2.217405e+01	3.115968e+02
4.800000e-06	4.060614e-06	1.289416e-09	2.190479e+01	3.097942e+02
4.810000e-06	4.010471e-06	1.280908e-09	2.163430e+01	3.079651e+02
4.820000e-06	3.960134e-06	1.272364e-09	2.136276e+01	3.061096e+02
4.830000e-06	3.909494e-06	1.265315e-09	2.108958e+01	3.042282e+02
4.840000e-06	3.858561e-06	1.258725e-09	2.081482e+01	3.023212e+02
4.850000e-06	3.807296e-06	1.251667e-09	2.053828e+01	3.003888e+02
4.860000e-06	3.755657e-06	1.243926e-09	2.025972e+01	2.984311e+02
4.870000e-06	3.703708e-06	1.236735e-09	1.997948e+01	2.964482e+02
4.880000e-06	3.651604e-06	1.230325e-09	1.969840e+01	2.944400e+02
4.890000e-06	3.599363e-06	1.224435e-09	1.941660e+01	2.924065e+02
4.900000e-06	3.546884e-06	1.216845e-09	1.913350e+01	2.903473e+02
4.910000e-06	3.494041e-06	1.206846e-09	1.884844e+01	2.882621e+02
4.920000e-06	3.440828e-06	1.197283e-09	1.856138e+01	2.861505e+02
4.930000e-06	3.387121e-06	1.189817e-09	1.827166e+01	2.840118e+02
4.940000e-06	3.332880e-06	1.181472e-09	1.797907e+01	2.818453e+02
4.950000e-06	3.278329e-06	1.171294e-09	1.768479e+01	2.796504e+02
4.960000e-06	3.223519e-06	1.161907e-09	1.738912e+01	2.774262e+02
4.970000e-06	3.168452e-06	1.154979e-09	1.709207e+01	2.751718e+02
4.980000e-06	3.112962e-06	1.148581e-09	1.679272e+01	2.728861e+02
4.990000e-06	3.057071e-06	1.139648e-09	1.649123e+01	2.705684e+02
5.000000e-06	3.001042e-06	1.128730e-09	1.618898e+01	2.682175e+02
5.010000e-06	2.944942e-06	1.118359e-09	1.588635e+01	2.658324e+02
5.020000e-06	2.888674e-06	1.108789e-09	1.558281e+01	2.634123e+02
5.030000e-06	2.832180e-06	1.098741e-09	1.527806e+01	2.609561e+02
5.040000e-06	2.775613e-06	1.088327e-09	1.497292e+01	2.584631e+02
5.050000e-06	2.719046e-06	1.078618e-09	1.466776e+01	2.559324e+02
5.060000e-06	2.662319e-06	1.068176e-09	1.436175e+01	2.533633e+02
5.070000e-06	2.605384e-06	1.056770e-09	1.405462e+01	2.507552e+02
5.080000e-06	2.548296e-06	1.044870e-09	1.374666e+01	2.481074e+02
5.090000e-06	2.491072e-06	1.032556e-09	1.343797e+01	2.454197e+02
5.100000e-06	2.433650e-06	1.021470e-09	1.312821e+01	2.426916e+02
5.110000e-06	2.375884e-06	1.011109e-09	1.281660e+01	2.399229e+02
5.120000e-06	2.317949e-06	1.000165e-09	1.250407e+01	2.371135e+02
5.130000e-06	2.259964e-06	9.886475e-10	1.219127e+01	2.342631e+02
5.140000e-06	2.201720e-06	9.771335e-10	1.187707e+01	2.313719e+02
5.150000e-06	2.143078e-06	9.651046e-10	1.156073e+01	2.284397e+02
5.160000e-06	2.084263e-06	9.519406e-10	1.124346e+01	2.254667e+02
5.170000e-06	2.025415e-06	9.378860e-10	1.092601e+01	2.224527e+02
5.180000e-06	1.966476e-06	9.243276e-10	1.060806e+01	2.193978e+02
5.190000e-06	1.907422e-06	9.120564e-10	1.028950e+01	2.163018e+02
5.200000e-06	1.848249e-06	8.993262e-10	9.970291e+00	2.131647e+02
5.210000e-06	1.788987e-06	8.852427e-10	9.650608e+00	2.099861e+02
5.220000e-06	1.729635e-06	8.718078e-10	9.330433e+00	2.067655e+02
5.230000e-06	1.670158e-06	8.585658e-10	9.009587e+00	2.035025e+02
5.240000e-06	1.610508e-06	8.444576e-10	8.687811e+00	2.001961e+02
5.250000e-06	1.550730e-06	8.309642e-10	8.365341e+00	1.968455e+02
5.260000e-06	1.490849e-06	8.177413e-10	8.042316e+00	1.934494e+02
5.270000e-06	1.430970e-06	8.030835e-10	7.719301e+00	1.900065e+02
5.280000e-06	1.371033e-06	7.881706e-10	7.395974e+00	1.865149e+02
5.290000e-06	1.310927e-06	7.737193e-10	7.071735e+00	1.829730e+02
5.300000e-06	1.250769e-06	7.575506e-10	6.747213e+00	1.793784e+02
5.310000e-06	1.190601e-06	7.407081e-10	6.422640e+00	1.757290e+02
5.320000e-06	1.130408e-06	7.248280e-10	6.097934e+00	1.720221e+02
5.330000e-06	1.070160e-06	7.089551e-10	5.772929e+00	1.682551e+02
5.340000e-06	1.009770e-06	6.936030e-10	5.447154e+00	1.644251e+02
5.350000e-06	9.493228e-07	6.790423e-10	5.121077e+00	1.605292e+02
5.360000e-06	8.890025e-07	6.632502e-10	4.795682e+00	1.565643e+02
5.370000e-06	8.286882e-07	6.456761e-10	4.470319e+00	1.525273e+02
5.380000e-06	7.682539e-07	6.274234e-10	4.144310e+00	1.484152e+02
5.390000e-06	7.077826e-07	6.096562e-10	3.818100e+00	1.442251e+02
5.400000e-06	6.473343e-07	5.921778e-10	3.492015e+00	1.399542e+02
5.410000e-06	5.868588e-07	5.746881e-10	3.165782e+00	1.355997e+02
5.420000e-06	5.263805e-07	5.571906e-10	2.839535e+00	1.311593e+02
5.430000e-06	4.657908e-07	5.389785e-10	2.512686e+00	1.266308e+02
5.440000e-06	4.050651e-07	5.206561e-10	2.185104e+00	1.220125e+02
5.450000e-06	3.443647e-07	5.021557e-10	1.857659e+00	1.173031e+02
5.460000e-06	2.836637e-07	4.822771e-10	1.530211e+00	1.125015e+02
5.470000e-06	2.229182e-07	4.611927e-10	1.202522e+00	1.076073e+02
5.480000e-06	1.621324e-07	4.392225e-10	8.746159e-01	1.026207e+02
5.490000e-06	1.014313e-07	4.164258e-10	5.471664e-01	9.754215e+01
5.500000e-06	4.082549e-08	3.936015e-10	2.202312e-01	9.237296e+01
5.510000e-06	-1.972611e-08	3.710974e-10	-1.064116e-01	8.711489e+01
5.520000e-06	-8.025475e-08	3.484297e-10	-4.329305e-01	8.177033e+01
5.530000e-06	-1.408461e-07	3.250807e-10	-7.597878e-01	7.634225e+01
5.540000e-06	-2.014059e-07	3.023495e-10	-1.086475e+00	7.083423e+01
5.550000e-06	-2.619504e-07	2.799482e-10	-1.413079e+00	6.525041e+01
5.560000e-06	-3.226028e-07	2.569280e-10	-1.740266e+00	5.959547e+01
5.570000e-06	-3.833018e-07	2.335583e-10	-2.067704e+00	5.387461e+01
5.580000e-06	-4.440167e-07	2.093684e-10	-2.395227e+00	4.809349e+01
5.590000e-06	-5.046556e-07	1.855033e-10	-2.722341e+00	4.225821e+01
5.600000e-06	-5.652079e-07	1.625161e-10	-3.048988e+00	3.637522e+01
5.610000e-06	-6.257502e-07	1.382941e-10	-3.375580e+00	3.045130e+01
5.620000e-06	-6.862160e-07	1.126829e-10	-3.701760e+00	2.449345e+01
5.630000e-06	-7.466221e-07	8.742120e-11	-4.027618e+00	1.850889e+01
5.640000e-06	-8.070099e-07	6.222158e-11	-4.353377e+00	1.250492e+01
5.650000e-06	-8.673591e-07	3.705132e-11	-4.678928e+00	6.488890e+00
5.660000e-06	-9.276631e-07	1.207218e-11	-5.004235e+00	4.681433e-01
5.670000e-06	-9.879367e-07	-1.348339e-11	-5.329378e+00	-5.550085e+00
5.680000e-06	-1.048212e-06	-3.819652e-11	-5.654533e+00	-1.155872e+01
5.690000e-06	-1.108487e-06	-6.222388e-11	-5.979681e+00	-1.755090e+01
5.700000e-06	-1.168699e-06	-8.766538e-11	-6.304490e+00	-2.352004e+01
5.710000e-06	-1.228770e-06	-1.138613e-10	-6.628542e+00	-2.945992e+01
5.720000e-06	-1.288744e-06	-1.392003e-10	-6.952069e+00	-3.536465e+01
5.730000e-06	-1.348778e-06	-1.625057e-10	-7.275921e+00	-4.122880e+01
5.740000e-06	-1.408775e-06	-1.843412e-10	-7.599570e+00	-4.704739e+01
5.750000e-06	-1.468532e-06	-2.061961e-10	-7.921929e+00	-5.281589e+01
5.760000e-06	-1.528092e-06	-2.305018e-10	-8.243219e+00	-5.853032e+01
5.770000e-06	-1.587558e-06	-2.570316e-10	-8.564009e+00	-6.418717e+01
5.780000e-06	-1.647043e-06	-2.833526e-10	-8.884895e+00	-6.978347e+01
5.790000e-06	-1.706482e-06	-3.085214e-10	-9.205535e+00	-7.531675e+01
5.800000e-06	-1.765705e-06	-3.319764e-10	-9.525014e+00	-8.078502e+01
5.810000e-06	-1.824834e-06	-3.537435e-10	-9.843980e+00	-8.618682e+01
5.820000e-06	-1.883892e-06	-3.739525e-10	-1.016257e+01	-9.152110e+01
5.830000e-06	-1.942775e-06	-3.943257e-10	-1.048021e+01	-9.678726e+01
5.840000e-06	-2.001585e-06	-4.159203e-10	-1.079746e+01	-1.019851e+02
5.850000e-06	-2.060208e-06	-4.382791e-10	-1.111369e+01	-1.071147e+02
5.860000e-06	-2.118635e-06	-4.620840e-10	-1.142888e+01	-1.121767e+02
5.870000e-06	-2.176938e-06	-4.865159e-10	-1.174339e+01	-1.171716e+02
5.880000e-06	-2.235046e-06	-5.083277e-10	-1.205685e+01	-1.221004e+02
5.890000e-06	-2.292999e-06	-5.273791e-10	-1.236947e+01	-1.269644e+02
5.900000e-06	-2.350790e-06	-5.467414e-10	-1.268123e+01	-1.317647e+02
5.910000e-06	-2.408376e-06	-5.670418e-10	-1.299187e+01	-1.365028e+02
5.920000e-06	-2.465719e-06	-5.872526e-10	-1.330121e+01	-1.411800e+02
5.930000e-06	-2.522809e-06	-6.065536e-10	-1.360918e+01	-1.457977e+02
5.940000e-06	-2.579717e-06	-6.258992e-10	-1.391616e+01	-1.503574e+02
5.950000e-06	-2.636505e-06	-6.465391e-10	-1.422250e+01	-1.548604e+02
5.960000e-06	-2.693142e-06	-6.663847e-10	-1.452803e+01	-1.593080e+02
5.970000e-06	-2.749623e-06	-6.845328e-10	-1.483271e+01	-1.637013e+02
5.980000e-06	-2.806030e-06	-7.023652e-10	-1.513700e+01	-1.680414e+02
5.990000e-06	-2.862334e-06	-7.205367e-10	-1.544073e+01	-1.723291e+02
6.000000e-06	-2.918483e-06	-7.393741e-10	-1.574362e+01	-1.765652e+02
6.010000e-06	-2.974428e-06	-7.577844e-10	-1.604541e+01	-1.807502e+02
6.020000e-06	-3.030244e-06	-7.750146e-10	-1.634651e+01	-1.848847e+02
6.030000e-06	-3.085852e-06	-7.915794e-10	-1.664648e+01	-1.889688e+02
6.040000e-06	-3.141052e-06	-8.073011e-10	-1.694426e+01	-1.930028e+02
6.050000e-06	-3.195927e-06	-8.231726e-10	-1.724028e+01	-1.969866e+02
6.060000e-06	-3.250460e-06	-8.393495e-10	-1.753445e+01	-2.009201e+02
6.070000e-06	-3.304802e-06	-8.550614e-10	-1.782760e+01	-2.048031e+02
6.080000e-06	-3.358892e-06	-8.706150e-10	-1.811939e+01	-2.086354e+02
6.090000e-06	-3.412387e-06	-8.856707e-10	-1.840796e+01	-2.124164e+02
6.100000e-06	-3.465468e-06	-9.021446e-10	-1.869430e+01	-2.161458e+02
6.110000e-06	-3.518310e-06	-9.193580e-10	-1.897936e+01	-2.198232e+02
6.120000e-06	-3.570892e-06	-9.340911e-10	-1.926301e+01	-2.234480e+02
6.130000e-06	-3.623279e-06	-9.489490e-10	-1.954561e+01	-2.270198e+02
6.140000e-06	-3.675398e-06	-9.648795e-10	-1.982676e+01	-2.305381e+02
6.150000e-06	-3.727143e-06	-9.806677e-10	-2.010590e+01	-2.340026e+02
6.160000e-06	-3.778540e-06	-9.953476e-10	-2.038316e+01	-2.374128e+02
6.170000e-06	-3.829743e-06	-1.008062e-09	-2.065937e+01	-2.407684e+02
6.180000e-06	-3.880713e-06	-1.019819e-09	-2.093432e+01	-2.440692e+02
6.190000e-06	-3.931298e-06	-1.032035e-09	-2.120720e+01	-2.473150e+02
6.200000e-06	-3.981568e-06	-1.045683e-09	-2.147838e+01	-2.505057e+02
6.210000e-06	-4.031612e-06	-1.059808e-09	-2.174834e+01	-2.536412e+02
6.220000e-06	-4.081331e-06	-1.074116e-09	-2.201655e+01	-2.567218e+02
6.230000e-06	-4.130683e-06	-1.088367e-09	-2.228278e+01	-2.597474e+02
6.240000e-06	-4.179614e-06	-1.100776e-09	-2.254673e+01	-2.627182e+02
6.250000e-06	-4.228034e-06	-1.111334e-09	-2.280793e+01	-2.656347e+02
6.260000e-06	-4.275897e-06	-1.121281e-09	-2.306613e+01	-2.684971e+02
6.270000e-06	-4.323364e-06	-1.131165e-09	-2.332219e+01	-2.713058e+02
6.280000e-06	-4.370662e-06	-1.141536e-09	-2.357733e+01	-2.740612e+02
6.290000e-06	-4.417595e-06	-1.152457e-09	-2.383051e+01	-2.767639e+02
6.300000e-06	-4.464228e-06	-1.164699e-09	-2.408207e+01	-2.794144e+02
6.310000e-06	-4.510720e-06	-1.177205e-09	-2.433287e+01	-2.820132e+02
6.320000e-06	-4.556997e-06	-1.187935e-09	-2.458250e+01	-2.845610e+02
6.330000e-06	-4.603062e-06	-1.198500e-09	-2.483100e+01	-2.870583e+02
6.340000e-06	-4.648708e-06	-1.208977e-09	-2.507724e+01	-2.895057e+02
6.350000e-06	-4.693867e-06	-1.216716e-09	-2.532084e+01	-2.919039e+02
6.360000e-06	-4.738726e-06	-1.223165e-09	-2.556283e+01	-2.942534e+02
6.370000e-06	-4.783290e-06	-1.231707e-09	-2.580323e+01	-2.965550e+02
6.380000e-06	-4.827543e-06	-1.241232e-09	-2.604196e+01	-2.988093e+02
6.390000e-06	-4.871568e-06	-1.250289e-09	-2.627945e+01	-3.010169e+02
6.400000e-06	-4.915454e-06	-1.259637e-09	-2.651618e+01	-3.031784e+02
6.410000e-06	-4.959043e-06	-1.269349e-09	-2.675133e+01	-3.052946e+02
6.420000e-06	-5.002286e-06	-1.278177e-09	-2.698460e+01	-3.073661e+02
6.430000e-06	-5.045221e-06	-1.286042e-09	-2.721621e+01	-3.093937e+02
6.440000e-06	-5.087679e-06	-1.293465e-09	-2.744525e+01	-3.113781e+02
6.450000e-06	-5.129715e-06	-1.300533e-09	-2.767200e+01	-3.133199e+02
6.460000e-06	-5.171481e-06	-1.308751e-09	-2.789731e+01	-3.152201e+02
6.470000e-06	-5.212933e-06	-1.317237e-09	-2.812092e+01	-3.170794e+02
6.480000e-06	-5.254004e-06	-1.324210e-09	-2.834248e+01	-3.188987e+02
6.490000e-06	-5.294701e-06	-1.330683e-09	-2.856202e+01	-3.206789e+02
6.500000e-06	-5.335132e-06	-1.337618e-09	-2.878012e+01	-3.224209e+02
6.510000e-06	-5.375328e-06	-1.344347e-09	-2.899695e+01	-3.241258e+02
6.520000e-06	-5.415284e-06	-1.350232e-09	-2.921250e+01	-3.257945e+02
6.530000e-06	-5.454996e-06	-1.357195e-09	-2.942672e+01	-3.274281e+02
6.540000e-06	-5.494276e-06	-1.365161e-09	-2.963861e+01	-3.290277e+02
6.550000e-06	-5.532817e-06	-1.371022e-09	-2.984652e+01	-3.305943e+02
6.560000e-06	-5.570745e-06	-1.375060e-09	-3.005112e+01	-3.321293e+02
6.570000e-06	-5.608073e-06	-1.379085e-09	-3.025249e+01	-3.336336e+02
6.580000e-06	-5.644786e-06	-1.383459e-09	-3.045053e+01	-3.351086e+02
6.590000e-06	-5.681197e-06	-1.388327e-09	-3.064695e+01	-3.365552e+02
6.600000e-06	-5.717355e-06	-1.394518e-09	-3.084200e+01	-3.379748e+02
6.610000e-06	-5.753297e-06	-1.402154e-09	-3.103589e+01	-3.393684e+02
6.620000e-06	-5.788956e-06	-1.409524e-09	-3.122825e+01	-3.407371e+02
6.630000e-06	-5.824031e-06	-1.415750e-09	-3.141746e+01	-3.420820e+02
6.640000e-06	-5.858625e-06	-1.420226e-09	-3.160408e+01	-3.434042e+02
6.650000e-06	-5.892886e-06	-1.423680e-09	-3.178890e+01	-3.447046e+02
6.660000e-06	-5.926576e-06	-1.427523e-09	-3.197064e+01	-3.459840e+02
6.670000e-06	-5.959897e-06	-1.431465e-09	-3.215039e+01	-3.472434e+02
6.680000e-06	-5.992840e-06	-1.435354e-09	-3.232809e+01	-3.484835e+02
6.690000e-06	-6.025344e-06	-1.439451e-09	-3.250343e+01	-3.497049e+02
6.700000e-06	-6.057709e-06	-1.443493e-09	-3.267803e+01	-3.509083e+02
6.710000e-06	-6.089880e-06	-1.447279e-09	-3.285157e+01	-3.520942e+02
6.720000e-06	-6.121583e-06	-1.451168e-09	-3.302259e+01	-3.532630e+02
6.730000e-06	-6.152656e-06	-1.454449e-09	-3.319022e+01	-3.544151e+02
6.740000e-06	-6.183009e-06	-1.457142e-09	-3.335395e+01	-3.555507e+02
6.750000e-06	-6.212633e-06	-1.461814e-09	-3.351376e+01	-3.566701e+02
6.760000e-06	-6.241632e-06	-1.467771e-09	-3.367019e+01	-3.577735e+02
6.770000e-06	-6.270227e-06	-1.471800e-09	-3.382444e+01	-3.588608e+02
6.780000e-06	-6.298565e-06	-1.473835e-09	-3.397731e+01	-3.599321e+02
6.790000e-06	-6.326594e-06	-1.476310e-09	-3.412851e+01	-3.609875e+02
6.800000e-06	-6.354279e-06	-1.480624e-09	-3.427786e+01	-3.620268e+02
6.810000e-06	-6.381563e-06	-1.484926e-09	-3.442504e+01	-3.630500e+02
6.820000e-06	-6.408307e-06	-1.489345e-09	-3.456931e+01	-3.640571e+02
6.830000e-06	-6.434527e-06	-1.493047e-09	-3.471076e+01	-3.650479e+02
6.840000e-06	-6.460333e-06	-1.494791e-09	-3.484996e+01	-3.660224e+02
6.850000e-06	-6.485601e-06	-1.496482e-09	-3.498627e+01	-3.669804e+02
6.860000e-06	-6.510351e-06	-1.498123e-09	-3.511978e+01	-3.679218e+02
6.870000e-06	-6.534766e-06	-1.499840e-09	-3.525149e+01	-3.688467e+02
6.880000e-06	-6.558924e-06	-1.502362e-09	-3.538181e+01	-3.697550e+02
6.890000e-06	-6.582741e-06	-1.506137e-09	-3.551029e+01	-3.706467e+02
6.900000e-06	-6.606127e-06	-1.510726e-09	-3.563644e+01	-3.715217e+02
6.910000e-06	-6.628858e-06	-1.513811e-09	-3.575906e+01	-3.723801e+02
6.920000e-06	-6.650806e-06	-1.515232e-09	-3.587746e+01	-3.732219e+02
6.930000e-06	-6.672106e-06	-1.515931e-09	-3.599236e+01	-3.740473e+02
6.940000e-06	-6.692830e-06	-1.516321e-09	-3.610415e+01	-3.748562e+02
6.950000e-06	-6.713161e-06	-1.518427e-09	-3.621383e+01	-3.756487e+02
6.960000e-06	-6.733242e-06	-1.521715e-09	-3.632216e+01	-3.764250e+02
6.970000e-06	-6.752923e-06	-1.523640e-09	-3.642833e+01	-3.771850e+02
6.980000e-06	-6.772088e-06	-1.525608e-09	-3.653171e+01	-3.779288e+02
6.990000e-06	-6.790803e-06	-1.528304e-09	-3.663267e+01	-3.786565e+02
7.000000e-06	-6.809160e-06	-1.530457e-09	-3.673170e+01	-3.793680e+02
7.010000e-06	-6.827056e-06	-1.532124e-09	-3.682823e+01	-3.800633e+02
7.020000e-06	-6.844296e-06	-1.533292e-09	-3.692123e+01	-3.807423e+02
7.030000e-06	-6.861053e-06	-1.534568e-09	-3.701163e+01	-3.814048e+02
7.040000e-06	-6.877510e-06	-1.536135e-09	-3.710041e+01	-3.820508e+02
7.050000e-06	-6.893663e-06	-1.537465e-09	-3.718754e+01	-3.826798e+02
7.060000e-06	-6.909488e-06	-1.538335e-09	-3.727291e+01	-3.832918e+02
7.070000e-06	-6.924648e-06	-1.539098e-09	-3.735469e+01	-3.838862e+02
7.080000e-06	-6.938837e-06	-1.540836e-09	-3.743123e+01	-3.844627e+02
7.090000e-06	-6.952180e-06	-1.544192e-09	-3.750321e+01	-3.850209e+02
7.100000e-06	-6.964917e-06	-1.548538e-09	-3.757192e+01	-3.855602e+02
7.110000e-06	-6.977223e-06	-1.552636e-09	-3.763830e+01	-3.860801e+02
7.120000e-06	-6.989085e-06	-1.554973e-09	-3.770229e+01	-3.865801e+02
7.130000e-06	-7.000314e-06	-1.554653e-09	-3.776286e+01	-3.870597e+02
7.140000e-06	-7.010963e-06	-1.553416e-09	-3.782031e+01	-3.875181e+02
7.150000e-06	-7.021255e-06	-1.554219e-09	-3.787583e+01	-3.879550e+02
7.160000e-06	-7.031071e-06	-1.556538e-09	-3.792878e+01	-3.883697e+02
7.170000e-06	-7.040254e-06	-1.557625e-09	-3.797832e+01	-3.887618e+02
7.180000e-06	-7.049010e-06	-1.557112e-09	-3.802555e+01	-3.891308e+02
7.190000e-06	-7.057489e-06	-1.556849e-09	-3.807129e+01	-3.894762e+02
7.200000e-06	-7.065734e-06	-1.557862e-09	-3.811577e+01	-3.897979e+02
7.210000e-06	-7.073676e-06	-1.559211e-09	-3.815862e+01	-3.900955e+02
7.220000e-06	-7.080934e-06	-1.559770e-09	-3.819777e+01	-3.903688e+02
7.230000e-06	-7.087332e-06	-1.559047e-09	-3.823228e+01	-3.906180e+02
7.240000e-06	-7.092922e-06	-1.558806e-09	-3.826244e+01	-3.908430e+02
7.250000e-06	-7.097891e-06	-1.559569e-09	-3.828924e+01	-3.910439e+02
7.260000e-06	-7.102435e-06	-1.559858e-09	-3.831375e+01	-3.912212e+02
7.270000e-06	-7.106639e-06	-1.558976e-09	-3.833643e+01	-3.913752e+02
7.280000e-06	-7.110447e-06	-1.557788e-09	-3.835697e+01	-3.915065e+02
7.290000e-06	-7.113694e-06	-1.558174e-09	-3.837449e+01	-3.916157e+02
7.300000e-06	-7.116455e-06	-1.557730e-09	-3.838938e+01	-3.917035e+02
7.310000e-06	-7.118906e-06	-1.555532e-09	-3.840260e+01	-3.917708e+02
7.320000e-06	-7.120924e-06	-1.554664e-09	-3.841349e+01	-3.918185e+02
7.330000e-06	-7.122147e-06	-1.554455e-09	-3.842009e+01	-3.918476e+02
7.340000e-06	-7.122819e-06	-1.553552e-09	-3.842371e+01	-3.918593e+02
