# Temperatura_=_18.5
# Concentracion g/m^3_=_7400.0
# C_Vs_to_Am_M_A/Vsm_=_254322799225.57578
# pendiente_HvsI_1/m_=_3716.3
# ordenada_HvsI_A/m_=_1297.0
# frecuencia_Hz_=_136118.38779497103

Tiempo_(s)	Campo_(V.s)	Magnetizacion_(V.s)	Campo_(kA/m)	Magnetizacion_(A/m)
0.000000e+00	-7.095995e-06	-1.656122e-09	-3.842928e+01	-4.178788e+02
1.000000e-08	-7.096111e-06	-1.655570e-09	-3.842991e+01	-4.178791e+02
2.000000e-08	-7.095892e-06	-1.653839e-09	-3.842872e+01	-4.178580e+02
3.000000e-08	-7.095218e-06	-1.652511e-09	-3.842507e+01	-4.178170e+02
4.000000e-08	-7.093785e-06	-1.652198e-09	-3.841731e+01	-4.177573e+02
5.000000e-08	-7.091469e-06	-1.651476e-09	-3.840477e+01	-4.176805e+02
6.000000e-08	-7.088579e-06	-1.649736e-09	-3.838912e+01	-4.175880e+02
7.000000e-08	-7.085282e-06	-1.651691e-09	-3.837126e+01	-4.174813e+02
8.000000e-08	-7.081513e-06	-1.651669e-09	-3.835085e+01	-4.173617e+02
9.000000e-08	-7.077137e-06	-1.636718e-09	-3.832715e+01	-4.172306e+02
1.000000e-07	-7.072001e-06	-1.622020e-09	-3.829934e+01	-4.170893e+02
1.100000e-07	-7.066264e-06	-1.636898e-09	-3.826827e+01	-4.169389e+02
1.200000e-07	-7.060267e-06	-1.647518e-09	-3.823579e+01	-4.167805e+02
1.300000e-07	-7.053990e-06	-1.640165e-09	-3.820180e+01	-4.166151e+02
1.400000e-07	-7.047181e-06	-1.632808e-09	-3.816492e+01	-4.164433e+02
1.500000e-07	-7.039773e-06	-1.636458e-09	-3.812480e+01	-4.162660e+02
1.600000e-07	-7.032010e-06	-1.638655e-09	-3.808276e+01	-4.160837e+02
1.700000e-07	-7.023930e-06	-1.623918e-09	-3.803900e+01	-4.158967e+02
1.800000e-07	-7.015340e-06	-1.620766e-09	-3.799248e+01	-4.157053e+02
1.900000e-07	-7.006016e-06	-1.622659e-09	-3.794199e+01	-4.155095e+02
2.000000e-07	-6.996078e-06	-1.623632e-09	-3.788817e+01	-4.153094e+02
2.100000e-07	-6.985574e-06	-1.628437e-09	-3.783128e+01	-4.151048e+02
2.200000e-07	-6.974313e-06	-1.630909e-09	-3.777029e+01	-4.148954e+02
2.300000e-07	-6.962428e-06	-1.610445e-09	-3.770593e+01	-4.146808e+02
2.400000e-07	-6.950053e-06	-1.597201e-09	-3.763891e+01	-4.144606e+02
2.500000e-07	-6.937195e-06	-1.614309e-09	-3.756928e+01	-4.142342e+02
2.600000e-07	-6.923815e-06	-1.623363e-09	-3.749682e+01	-4.140009e+02
2.700000e-07	-6.909995e-06	-1.601949e-09	-3.742197e+01	-4.137601e+02
2.800000e-07	-6.895732e-06	-1.598221e-09	-3.734473e+01	-4.135110e+02
2.900000e-07	-6.880548e-06	-1.620477e-09	-3.726250e+01	-4.132529e+02
3.000000e-07	-6.864343e-06	-1.609156e-09	-3.717474e+01	-4.129850e+02
3.100000e-07	-6.847662e-06	-1.580946e-09	-3.708440e+01	-4.127066e+02
3.200000e-07	-6.830563e-06	-1.590269e-09	-3.699180e+01	-4.124168e+02
3.300000e-07	-6.813139e-06	-1.608264e-09	-3.689744e+01	-4.121150e+02
3.400000e-07	-6.795403e-06	-1.591476e-09	-3.680139e+01	-4.118004e+02
3.500000e-07	-6.777227e-06	-1.587746e-09	-3.670295e+01	-4.114723e+02
3.600000e-07	-6.758535e-06	-1.603638e-09	-3.660172e+01	-4.111300e+02
3.700000e-07	-6.739277e-06	-1.586268e-09	-3.649743e+01	-4.107729e+02
3.800000e-07	-6.719669e-06	-1.564651e-09	-3.639124e+01	-4.104004e+02
3.900000e-07	-6.699767e-06	-1.585451e-09	-3.628346e+01	-4.100119e+02
4.000000e-07	-6.679461e-06	-1.590222e-09	-3.617349e+01	-4.096070e+02
4.100000e-07	-6.658597e-06	-1.561818e-09	-3.606050e+01	-4.091851e+02
4.200000e-07	-6.637245e-06	-1.567798e-09	-3.594486e+01	-4.087457e+02
4.300000e-07	-6.615565e-06	-1.588488e-09	-3.582745e+01	-4.082885e+02
4.400000e-07	-6.593431e-06	-1.564582e-09	-3.570758e+01	-4.078129e+02
4.500000e-07	-6.570786e-06	-1.549932e-09	-3.558494e+01	-4.073187e+02
4.600000e-07	-6.547684e-06	-1.570298e-09	-3.545983e+01	-4.068055e+02
4.700000e-07	-6.524156e-06	-1.563810e-09	-3.533241e+01	-4.062728e+02
4.800000e-07	-6.500347e-06	-1.546190e-09	-3.520347e+01	-4.057203e+02
4.900000e-07	-6.476186e-06	-1.560844e-09	-3.507262e+01	-4.051477e+02
5.000000e-07	-6.451499e-06	-1.559570e-09	-3.493893e+01	-4.045546e+02
5.100000e-07	-6.426207e-06	-1.534703e-09	-3.480195e+01	-4.039408e+02
5.200000e-07	-6.400222e-06	-1.541069e-09	-3.466123e+01	-4.033058e+02
5.300000e-07	-6.373485e-06	-1.552001e-09	-3.451643e+01	-4.026493e+02
5.400000e-07	-6.346061e-06	-1.533812e-09	-3.436792e+01	-4.019712e+02
5.500000e-07	-6.318274e-06	-1.530095e-09	-3.421743e+01	-4.012710e+02
5.600000e-07	-6.290240e-06	-1.541642e-09	-3.406561e+01	-4.005486e+02
5.700000e-07	-6.261793e-06	-1.529598e-09	-3.391155e+01	-3.998036e+02
5.800000e-07	-6.232885e-06	-1.519480e-09	-3.375500e+01	-3.990360e+02
5.900000e-07	-6.203532e-06	-1.526441e-09	-3.359603e+01	-3.982456e+02
6.000000e-07	-6.173762e-06	-1.520411e-09	-3.343481e+01	-3.974323e+02
6.100000e-07	-6.143559e-06	-1.511025e-09	-3.327124e+01	-3.965961e+02
6.200000e-07	-6.112954e-06	-1.516282e-09	-3.310550e+01	-3.957369e+02
6.300000e-07	-6.081900e-06	-1.512883e-09	-3.293732e+01	-3.948548e+02
6.400000e-07	-6.050510e-06	-1.501636e-09	-3.276732e+01	-3.939500e+02
6.500000e-07	-6.018864e-06	-1.500487e-09	-3.259594e+01	-3.930228e+02
6.600000e-07	-5.986843e-06	-1.498248e-09	-3.242252e+01	-3.920733e+02
6.700000e-07	-5.954392e-06	-1.490420e-09	-3.224678e+01	-3.911020e+02
6.800000e-07	-5.921385e-06	-1.488369e-09	-3.206803e+01	-3.901094e+02
6.900000e-07	-5.887762e-06	-1.484927e-09	-3.188594e+01	-3.890957e+02
7.000000e-07	-5.853451e-06	-1.477060e-09	-3.170012e+01	-3.880618e+02
7.100000e-07	-5.818639e-06	-1.471850e-09	-3.151159e+01	-3.870080e+02
7.200000e-07	-5.783455e-06	-1.468033e-09	-3.132105e+01	-3.859351e+02
7.300000e-07	-5.747910e-06	-1.462523e-09	-3.112855e+01	-3.848438e+02
7.400000e-07	-5.712140e-06	-1.458591e-09	-3.093483e+01	-3.837347e+02
7.500000e-07	-5.676005e-06	-1.455035e-09	-3.073914e+01	-3.826084e+02
7.600000e-07	-5.639411e-06	-1.450995e-09	-3.054096e+01	-3.814658e+02
7.700000e-07	-5.602386e-06	-1.447432e-09	-3.034045e+01	-3.803074e+02
7.800000e-07	-5.564912e-06	-1.441167e-09	-3.013750e+01	-3.791339e+02
7.900000e-07	-5.527137e-06	-1.432605e-09	-2.993293e+01	-3.779459e+02
8.000000e-07	-5.489052e-06	-1.427281e-09	-2.972667e+01	-3.767438e+02
8.100000e-07	-5.450406e-06	-1.423748e-09	-2.951738e+01	-3.755280e+02
8.200000e-07	-5.411229e-06	-1.418280e-09	-2.930521e+01	-3.742990e+02
8.300000e-07	-5.371867e-06	-1.412639e-09	-2.909204e+01	-3.730568e+02
8.400000e-07	-5.332357e-06	-1.406103e-09	-2.887807e+01	-3.718017e+02
8.500000e-07	-5.292492e-06	-1.399064e-09	-2.866218e+01	-3.705337e+02
8.600000e-07	-5.252315e-06	-1.392474e-09	-2.844459e+01	-3.692527e+02
8.700000e-07	-5.211778e-06	-1.386095e-09	-2.822506e+01	-3.679583e+02
8.800000e-07	-5.170799e-06	-1.379491e-09	-2.800313e+01	-3.666503e+02
8.900000e-07	-5.129251e-06	-1.373464e-09	-2.777813e+01	-3.653281e+02
9.000000e-07	-5.086935e-06	-1.367575e-09	-2.754895e+01	-3.639913e+02
9.100000e-07	-5.043962e-06	-1.362297e-09	-2.731623e+01	-3.626391e+02
9.200000e-07	-5.000653e-06	-1.356656e-09	-2.708169e+01	-3.612707e+02
9.300000e-07	-4.957111e-06	-1.349583e-09	-2.684588e+01	-3.598852e+02
9.400000e-07	-4.913303e-06	-1.341838e-09	-2.660863e+01	-3.584818e+02
9.500000e-07	-4.869213e-06	-1.334525e-09	-2.636985e+01	-3.570593e+02
9.600000e-07	-4.824784e-06	-1.327495e-09	-2.612924e+01	-3.556168e+02
9.700000e-07	-4.780038e-06	-1.321278e-09	-2.588691e+01	-3.541533e+02
9.800000e-07	-4.735002e-06	-1.315003e-09	-2.564302e+01	-3.526676e+02
9.900000e-07	-4.689630e-06	-1.308365e-09	-2.539730e+01	-3.511587e+02
1.000000e-06	-4.643921e-06	-1.301713e-09	-2.514975e+01	-3.496256e+02
1.010000e-06	-4.597903e-06	-1.295229e-09	-2.490054e+01	-3.480673e+02
1.020000e-06	-4.551452e-06	-1.288948e-09	-2.464898e+01	-3.464829e+02
1.030000e-06	-4.504634e-06	-1.282166e-09	-2.439543e+01	-3.448714e+02
1.040000e-06	-4.457635e-06	-1.275075e-09	-2.414090e+01	-3.432321e+02
1.050000e-06	-4.410385e-06	-1.268836e-09	-2.388501e+01	-3.415644e+02
1.060000e-06	-4.362861e-06	-1.263217e-09	-2.362764e+01	-3.398675e+02
1.070000e-06	-4.315124e-06	-1.256605e-09	-2.336911e+01	-3.381410e+02
1.080000e-06	-4.267137e-06	-1.248475e-09	-2.310923e+01	-3.363844e+02
1.090000e-06	-4.218744e-06	-1.240049e-09	-2.284716e+01	-3.345975e+02
1.100000e-06	-4.169844e-06	-1.232603e-09	-2.258233e+01	-3.327799e+02
1.110000e-06	-4.120393e-06	-1.225469e-09	-2.231452e+01	-3.309315e+02
1.120000e-06	-4.070603e-06	-1.218172e-09	-2.204488e+01	-3.290523e+02
1.130000e-06	-4.020550e-06	-1.210097e-09	-2.177381e+01	-3.271422e+02
1.140000e-06	-3.969983e-06	-1.201437e-09	-2.149995e+01	-3.252013e+02
1.150000e-06	-3.919103e-06	-1.193284e-09	-2.122441e+01	-3.232295e+02
1.160000e-06	-3.867963e-06	-1.185979e-09	-2.094745e+01	-3.212272e+02
1.170000e-06	-3.816422e-06	-1.178379e-09	-2.066833e+01	-3.191943e+02
1.180000e-06	-3.764545e-06	-1.170486e-09	-2.038738e+01	-3.171310e+02
1.190000e-06	-3.712394e-06	-1.162764e-09	-2.010495e+01	-3.150374e+02
1.200000e-06	-3.660023e-06	-1.155910e-09	-1.982133e+01	-3.129136e+02
1.210000e-06	-3.607318e-06	-1.149244e-09	-1.953590e+01	-3.107596e+02
1.220000e-06	-3.554285e-06	-1.141052e-09	-1.924869e+01	-3.085756e+02
1.230000e-06	-3.501020e-06	-1.131390e-09	-1.896023e+01	-3.063613e+02
1.240000e-06	-3.447508e-06	-1.122307e-09	-1.867042e+01	-3.041168e+02
1.250000e-06	-3.393782e-06	-1.113120e-09	-1.837946e+01	-3.018419e+02
1.260000e-06	-3.339861e-06	-1.103670e-09	-1.808745e+01	-2.995363e+02
1.270000e-06	-3.285734e-06	-1.094878e-09	-1.779432e+01	-2.971997e+02
1.280000e-06	-3.231271e-06	-1.086135e-09	-1.749936e+01	-2.948319e+02
1.290000e-06	-3.176517e-06	-1.077691e-09	-1.720284e+01	-2.924324e+02
1.300000e-06	-3.121662e-06	-1.069533e-09	-1.690576e+01	-2.900008e+02
1.310000e-06	-3.066596e-06	-1.061369e-09	-1.660755e+01	-2.875366e+02
1.320000e-06	-3.011278e-06	-1.052313e-09	-1.630797e+01	-2.850392e+02
1.330000e-06	-2.955787e-06	-1.041641e-09	-1.600745e+01	-2.825081e+02
1.340000e-06	-2.900120e-06	-1.031292e-09	-1.570597e+01	-2.799428e+02
1.350000e-06	-2.844367e-06	-1.022209e-09	-1.540404e+01	-2.773427e+02
1.360000e-06	-2.788551e-06	-1.012656e-09	-1.510176e+01	-2.747072e+02
1.370000e-06	-2.732673e-06	-1.002249e-09	-1.479915e+01	-2.720359e+02
1.380000e-06	-2.676728e-06	-9.923912e-10	-1.449617e+01	-2.693281e+02
1.390000e-06	-2.620500e-06	-9.839863e-10	-1.419166e+01	-2.665835e+02
1.400000e-06	-2.564054e-06	-9.752266e-10	-1.388597e+01	-2.638014e+02
1.410000e-06	-2.507582e-06	-9.646471e-10	-1.358013e+01	-2.609817e+02
1.420000e-06	-2.450903e-06	-9.527066e-10	-1.327319e+01	-2.581238e+02
1.430000e-06	-2.393843e-06	-9.407483e-10	-1.296417e+01	-2.552273e+02
1.440000e-06	-2.336419e-06	-9.294398e-10	-1.265318e+01	-2.522920e+02
1.450000e-06	-2.278793e-06	-9.182305e-10	-1.234110e+01	-2.493176e+02
1.460000e-06	-2.220952e-06	-9.067602e-10	-1.202785e+01	-2.463036e+02
1.470000e-06	-2.162743e-06	-8.961049e-10	-1.171261e+01	-2.432498e+02
1.480000e-06	-2.104257e-06	-8.866722e-10	-1.139588e+01	-2.401557e+02
1.490000e-06	-2.045644e-06	-8.763449e-10	-1.107845e+01	-2.370209e+02
1.500000e-06	-1.986829e-06	-8.627810e-10	-1.075993e+01	-2.338449e+02
1.510000e-06	-1.927646e-06	-8.483187e-10	-1.043942e+01	-2.306272e+02
1.520000e-06	-1.868222e-06	-8.353313e-10	-1.011760e+01	-2.273668e+02
1.530000e-06	-1.808821e-06	-8.224499e-10	-9.795906e+00	-2.240631e+02
1.540000e-06	-1.749383e-06	-8.093539e-10	-9.474010e+00	-2.207149e+02
1.550000e-06	-1.689843e-06	-7.966453e-10	-9.151563e+00	-2.173211e+02
1.560000e-06	-1.630199e-06	-7.841640e-10	-8.828555e+00	-2.138802e+02
1.570000e-06	-1.570469e-06	-7.707207e-10	-8.505080e+00	-2.103906e+02
1.580000e-06	-1.510737e-06	-7.568807e-10	-8.181591e+00	-2.068504e+02
1.590000e-06	-1.450924e-06	-7.428834e-10	-7.857668e+00	-2.032577e+02
1.600000e-06	-1.391024e-06	-7.282390e-10	-7.533269e+00	-1.996100e+02
1.610000e-06	-1.331027e-06	-7.144040e-10	-7.208352e+00	-1.959050e+02
1.620000e-06	-1.271006e-06	-7.011729e-10	-6.883300e+00	-1.921398e+02
1.630000e-06	-1.211014e-06	-6.873995e-10	-6.558404e+00	-1.883116e+02
1.640000e-06	-1.150970e-06	-6.724731e-10	-6.233226e+00	-1.844173e+02
1.650000e-06	-1.090841e-06	-6.564255e-10	-5.907589e+00	-1.804536e+02
1.660000e-06	-1.030639e-06	-6.408743e-10	-5.581557e+00	-1.764171e+02
1.670000e-06	-9.704366e-07	-6.262398e-10	-5.255525e+00	-1.723046e+02
1.680000e-06	-9.101948e-07	-6.115114e-10	-4.929278e+00	-1.681125e+02
1.690000e-06	-8.498057e-07	-5.958962e-10	-4.602233e+00	-1.638373e+02
1.700000e-06	-7.893190e-07	-5.794085e-10	-4.274659e+00	-1.594759e+02
1.710000e-06	-7.288557e-07	-5.628559e-10	-3.947213e+00	-1.550249e+02
1.720000e-06	-6.683973e-07	-5.474884e-10	-3.619792e+00	-1.504813e+02
1.730000e-06	-6.078133e-07	-5.323601e-10	-3.291692e+00	-1.458423e+02
1.740000e-06	-5.470495e-07	-5.155512e-10	-2.962618e+00	-1.411055e+02
1.750000e-06	-4.862181e-07	-4.974898e-10	-2.633177e+00	-1.362686e+02
1.760000e-06	-4.253465e-07	-4.791501e-10	-2.303519e+00	-1.313301e+02
1.770000e-06	-3.644718e-07	-4.603680e-10	-1.973844e+00	-1.262887e+02
1.780000e-06	-3.036695e-07	-4.400467e-10	-1.644562e+00	-1.211437e+02
1.790000e-06	-2.428308e-07	-4.189659e-10	-1.315081e+00	-1.158949e+02
1.800000e-06	-1.820287e-07	-3.991587e-10	-9.858001e-01	-1.105427e+02
1.810000e-06	-1.212938e-07	-3.802033e-10	-6.568824e-01	-1.050882e+02
1.820000e-06	-6.055947e-08	-3.616103e-10	-3.279677e-01	-9.953321e+01
1.830000e-06	2.027297e-10	-3.424175e-10	1.097909e-03	-9.388003e+01
1.840000e-06	6.098826e-08	-3.214905e-10	3.302898e-01	-8.813174e+01
1.850000e-06	1.217360e-07	-2.997357e-10	6.592771e-01	-8.229207e+01
1.860000e-06	1.825074e-07	-2.777282e-10	9.883923e-01	-7.636538e+01
1.870000e-06	2.433013e-07	-2.548703e-10	1.317630e+00	-7.035668e+01
1.880000e-06	3.040600e-07	-2.313128e-10	1.646676e+00	-6.427159e+01
1.890000e-06	3.647565e-07	-2.078371e-10	1.975386e+00	-5.811628e+01
1.900000e-06	4.253672e-07	-1.844636e-10	2.303631e+00	-5.189742e+01
1.910000e-06	4.858974e-07	-1.610152e-10	2.631440e+00	-4.562216e+01
1.920000e-06	5.464224e-07	-1.385821e-10	2.959221e+00	-3.929805e+01
1.930000e-06	6.070478e-07	-1.160754e-10	3.287546e+00	-3.293295e+01
1.940000e-06	6.677364e-07	-9.164829e-11	3.616213e+00	-2.653498e+01
1.950000e-06	7.283526e-07	-6.645877e-11	3.944488e+00	-2.011246e+01
1.960000e-06	7.888056e-07	-4.197803e-11	4.271879e+00	-1.367380e+01
1.970000e-06	8.491367e-07	-1.871673e-11	4.598610e+00	-7.227444e+00
1.980000e-06	9.095011e-07	5.275023e-12	4.925521e+00	-7.817807e-01
1.990000e-06	9.698537e-07	3.031372e-11	5.252368e+00	5.654930e+00
2.000000e-06	1.030100e-06	5.455471e-11	5.578639e+00	1.207463e+01
2.010000e-06	1.090255e-06	7.777428e-11	5.904417e+00	1.846954e+01
2.020000e-06	1.150425e-06	9.963924e-11	6.230275e+00	2.483222e+01
2.030000e-06	1.210602e-06	1.215916e-10	6.556171e+00	3.115562e+01
2.040000e-06	1.270635e-06	1.454810e-10	6.881288e+00	3.743315e+01
2.050000e-06	1.330601e-06	1.703957e-10	7.206043e+00	4.365872e+01
2.060000e-06	1.390545e-06	1.946067e-10	7.530677e+00	4.982677e+01
2.070000e-06	1.450402e-06	2.173634e-10	7.854839e+00	5.593232e+01
2.080000e-06	1.510195e-06	2.401691e-10	8.178656e+00	6.197096e+01
2.090000e-06	1.569873e-06	2.638397e-10	8.501852e+00	6.793887e+01
2.100000e-06	1.629479e-06	2.859778e-10	8.824653e+00	7.383287e+01
2.110000e-06	1.688999e-06	3.054675e-10	9.146994e+00	7.965034e+01
2.120000e-06	1.748408e-06	3.259451e-10	9.468727e+00	8.538925e+01
2.130000e-06	1.807885e-06	3.489138e-10	9.790834e+00	9.104814e+01
2.140000e-06	1.867291e-06	3.719077e-10	1.011255e+01	9.662610e+01
2.150000e-06	1.926361e-06	3.939839e-10	1.043246e+01	1.021227e+02
2.160000e-06	1.985336e-06	4.147526e-10	1.075184e+01	1.075379e+02
2.170000e-06	2.044272e-06	4.336661e-10	1.107102e+01	1.128723e+02
2.180000e-06	2.102817e-06	4.531205e-10	1.138808e+01	1.181267e+02
2.190000e-06	2.161131e-06	4.741759e-10	1.170388e+01	1.233021e+02
2.200000e-06	2.219402e-06	4.937170e-10	1.201946e+01	1.284001e+02
2.210000e-06	2.277449e-06	5.110313e-10	1.233382e+01	1.334223e+02
2.220000e-06	2.334988e-06	5.284962e-10	1.264543e+01	1.383705e+02
2.230000e-06	2.392032e-06	5.465620e-10	1.295436e+01	1.432467e+02
2.240000e-06	2.448793e-06	5.644023e-10	1.326176e+01	1.480528e+02
2.250000e-06	2.505334e-06	5.823516e-10	1.356796e+01	1.527911e+02
2.260000e-06	2.561814e-06	5.997544e-10	1.387383e+01	1.574634e+02
2.270000e-06	2.618184e-06	6.169126e-10	1.417912e+01	1.620720e+02
2.280000e-06	2.674365e-06	6.358022e-10	1.448337e+01	1.666186e+02
2.290000e-06	2.730337e-06	6.544965e-10	1.478650e+01	1.711052e+02
2.300000e-06	2.786121e-06	6.708076e-10	1.508860e+01	1.755336e+02
2.310000e-06	2.841790e-06	6.856112e-10	1.539008e+01	1.799053e+02
2.320000e-06	2.897293e-06	7.002982e-10	1.569066e+01	1.842218e+02
2.330000e-06	2.952595e-06	7.165308e-10	1.599016e+01	1.884844e+02
2.340000e-06	3.007683e-06	7.328621e-10	1.628850e+01	1.926944e+02
2.350000e-06	3.062574e-06	7.473653e-10	1.658576e+01	1.968527e+02
2.360000e-06	3.117253e-06	7.612165e-10	1.688189e+01	2.009603e+02
2.370000e-06	3.171765e-06	7.765530e-10	1.717710e+01	2.050179e+02
2.380000e-06	3.226142e-06	7.931671e-10	1.747159e+01	2.090262e+02
2.390000e-06	3.280332e-06	8.086542e-10	1.776506e+01	2.129857e+02
2.400000e-06	3.334302e-06	8.236062e-10	1.805735e+01	2.168968e+02
2.410000e-06	3.388040e-06	8.379180e-10	1.834837e+01	2.207599e+02
2.420000e-06	3.441495e-06	8.507911e-10	1.863786e+01	2.245753e+02
2.430000e-06	3.494638e-06	8.635527e-10	1.892566e+01	2.283434e+02
2.440000e-06	3.547547e-06	8.757716e-10	1.921220e+01	2.320642e+02
2.450000e-06	3.600194e-06	8.883471e-10	1.949732e+01	2.357380e+02
2.460000e-06	3.652643e-06	9.018271e-10	1.978136e+01	2.393650e+02
2.470000e-06	3.704948e-06	9.154857e-10	2.006463e+01	2.429455e+02
2.480000e-06	3.756917e-06	9.292271e-10	2.034607e+01	2.464794e+02
2.490000e-06	3.808452e-06	9.417900e-10	2.062516e+01	2.499672e+02
2.500000e-06	3.859621e-06	9.525518e-10	2.090228e+01	2.534089e+02
2.510000e-06	3.910367e-06	9.619820e-10	2.117710e+01	2.568048e+02
2.520000e-06	3.960775e-06	9.719224e-10	2.145009e+01	2.601550e+02
2.530000e-06	4.010808e-06	9.835687e-10	2.172105e+01	2.634598e+02
2.540000e-06	4.060250e-06	9.960863e-10	2.198881e+01	2.667194e+02
2.550000e-06	4.109262e-06	1.008577e-09	2.225424e+01	2.699340e+02
2.560000e-06	4.157966e-06	1.020135e-09	2.251800e+01	2.731036e+02
2.570000e-06	4.206341e-06	1.031013e-09	2.277999e+01	2.762284e+02
2.580000e-06	4.254412e-06	1.042255e-09	2.304032e+01	2.793085e+02
2.590000e-06	4.302252e-06	1.053364e-09	2.329940e+01	2.823438e+02
2.600000e-06	4.349813e-06	1.063815e-09	2.355698e+01	2.853344e+02
2.610000e-06	4.396994e-06	1.073956e-09	2.381249e+01	2.882802e+02
2.620000e-06	4.443875e-06	1.084743e-09	2.406638e+01	2.911808e+02
2.630000e-06	4.490504e-06	1.095839e-09	2.431891e+01	2.940362e+02
2.640000e-06	4.536835e-06	1.106412e-09	2.456982e+01	2.968460e+02
2.650000e-06	4.582893e-06	1.116389e-09	2.481925e+01	2.996097e+02
2.660000e-06	4.628671e-06	1.125473e-09	2.506717e+01	3.023271e+02
2.670000e-06	4.674072e-06	1.134019e-09	2.531304e+01	3.049974e+02
2.680000e-06	4.719098e-06	1.142365e-09	2.555688e+01	3.076203e+02
2.690000e-06	4.763833e-06	1.150265e-09	2.579915e+01	3.101950e+02
2.700000e-06	4.808238e-06	1.158181e-09	2.603963e+01	3.127212e+02
2.710000e-06	4.852334e-06	1.167128e-09	2.627844e+01	3.151980e+02
2.720000e-06	4.896272e-06	1.176366e-09	2.651639e+01	3.176251e+02
2.730000e-06	4.940007e-06	1.185145e-09	2.675325e+01	3.200017e+02
2.740000e-06	4.983494e-06	1.194021e-09	2.698876e+01	3.223276e+02
2.750000e-06	5.026699e-06	1.202593e-09	2.722274e+01	3.246023e+02
2.760000e-06	5.069514e-06	1.209987e-09	2.745461e+01	3.268254e+02
2.770000e-06	5.111788e-06	1.216992e-09	2.768355e+01	3.289969e+02
2.780000e-06	5.153389e-06	1.224363e-09	2.790884e+01	3.311168e+02
2.790000e-06	5.194358e-06	1.231532e-09	2.813072e+01	3.331850e+02
2.800000e-06	5.234826e-06	1.239262e-09	2.834988e+01	3.352020e+02
2.810000e-06	5.274875e-06	1.247591e-09	2.856677e+01	3.371682e+02
2.820000e-06	5.314666e-06	1.255947e-09	2.878226e+01	3.390842e+02
2.830000e-06	5.354268e-06	1.264248e-09	2.899673e+01	3.409510e+02
2.840000e-06	5.393617e-06	1.271438e-09	2.920983e+01	3.427695e+02
2.850000e-06	5.432655e-06	1.278105e-09	2.942125e+01	3.445409e+02
2.860000e-06	5.471299e-06	1.285580e-09	2.963053e+01	3.462667e+02
2.870000e-06	5.509447e-06	1.292989e-09	2.983712e+01	3.479484e+02
2.880000e-06	5.547094e-06	1.299432e-09	3.004101e+01	3.495878e+02
2.890000e-06	5.584360e-06	1.305341e-09	3.024282e+01	3.511868e+02
2.900000e-06	5.621327e-06	1.311552e-09	3.044302e+01	3.527473e+02
2.910000e-06	5.657962e-06	1.319161e-09	3.064143e+01	3.542714e+02
2.920000e-06	5.694189e-06	1.327408e-09	3.083762e+01	3.557613e+02
2.930000e-06	5.730132e-06	1.334163e-09	3.103227e+01	3.572192e+02
2.940000e-06	5.765899e-06	1.339075e-09	3.122597e+01	3.586474e+02
2.950000e-06	5.801399e-06	1.343968e-09	3.141823e+01	3.600480e+02
2.960000e-06	5.836505e-06	1.349818e-09	3.160835e+01	3.614233e+02
2.970000e-06	5.871076e-06	1.355327e-09	3.179557e+01	3.627755e+02
2.980000e-06	5.904962e-06	1.360827e-09	3.197908e+01	3.641064e+02
2.990000e-06	5.938258e-06	1.367497e-09	3.215940e+01	3.654182e+02
3.000000e-06	5.970946e-06	1.373959e-09	3.233643e+01	3.667125e+02
3.010000e-06	6.003047e-06	1.379264e-09	3.251028e+01	3.679911e+02
3.020000e-06	6.034856e-06	1.383934e-09	3.268254e+01	3.692555e+02
3.030000e-06	6.066308e-06	1.387884e-09	3.285288e+01	3.705069e+02
3.040000e-06	6.097343e-06	1.392402e-09	3.302095e+01	3.717465e+02
3.050000e-06	6.128011e-06	1.398589e-09	3.318704e+01	3.729752e+02
3.060000e-06	6.158236e-06	1.404980e-09	3.335072e+01	3.741938e+02
3.070000e-06	6.188062e-06	1.410382e-09	3.351225e+01	3.754027e+02
3.080000e-06	6.217401e-06	1.414312e-09	3.367114e+01	3.766024e+02
3.090000e-06	6.246319e-06	1.417564e-09	3.382775e+01	3.777931e+02
3.100000e-06	6.274782e-06	1.421315e-09	3.398190e+01	3.789746e+02
3.110000e-06	6.302850e-06	1.424852e-09	3.413390e+01	3.801470e+02
3.120000e-06	6.330692e-06	1.428968e-09	3.428468e+01	3.813098e+02
3.130000e-06	6.358234e-06	1.434567e-09	3.443384e+01	3.824628e+02
3.140000e-06	6.385438e-06	1.440967e-09	3.458117e+01	3.836053e+02
3.150000e-06	6.412171e-06	1.447493e-09	3.472594e+01	3.847369e+02
3.160000e-06	6.438317e-06	1.452538e-09	3.486754e+01	3.858569e+02
3.170000e-06	6.463641e-06	1.455409e-09	3.500469e+01	3.869647e+02
3.180000e-06	6.488115e-06	1.457867e-09	3.513723e+01	3.880595e+02
3.190000e-06	6.512134e-06	1.462209e-09	3.526731e+01	3.891407e+02
3.200000e-06	6.535799e-06	1.467651e-09	3.539547e+01	3.902075e+02
3.210000e-06	6.559057e-06	1.472533e-09	3.552142e+01	3.912595e+02
3.220000e-06	6.581916e-06	1.478034e-09	3.564522e+01	3.922960e+02
3.230000e-06	6.604296e-06	1.484460e-09	3.576642e+01	3.933164e+02
3.240000e-06	6.626205e-06	1.489835e-09	3.588507e+01	3.943203e+02
3.250000e-06	6.647764e-06	1.493482e-09	3.600182e+01	3.953073e+02
3.260000e-06	6.668885e-06	1.496141e-09	3.611621e+01	3.962772e+02
3.270000e-06	6.689377e-06	1.499592e-09	3.622719e+01	3.972295e+02
3.280000e-06	6.709385e-06	1.504194e-09	3.633554e+01	3.981641e+02
3.290000e-06	6.729121e-06	1.509193e-09	3.644243e+01	3.990809e+02
3.300000e-06	6.748559e-06	1.513847e-09	3.654769e+01	3.999798e+02
3.310000e-06	6.767610e-06	1.517388e-09	3.665087e+01	4.008607e+02
3.320000e-06	6.786243e-06	1.520536e-09	3.675178e+01	4.017236e+02
3.330000e-06	6.804265e-06	1.524443e-09	3.684938e+01	4.025685e+02
3.340000e-06	6.821692e-06	1.528952e-09	3.694376e+01	4.033954e+02
3.350000e-06	6.838717e-06	1.533278e-09	3.703596e+01	4.042041e+02
3.360000e-06	6.855342e-06	1.536682e-09	3.712599e+01	4.049948e+02
3.370000e-06	6.871553e-06	1.539804e-09	3.721379e+01	4.057672e+02
3.380000e-06	6.887181e-06	1.543664e-09	3.729842e+01	4.065213e+02
3.390000e-06	6.902045e-06	1.547470e-09	3.737892e+01	4.072569e+02
3.400000e-06	6.916225e-06	1.551147e-09	3.745571e+01	4.079736e+02
3.410000e-06	6.929901e-06	1.555293e-09	3.752977e+01	4.086712e+02
3.420000e-06	6.943118e-06	1.559746e-09	3.760135e+01	4.093492e+02
3.430000e-06	6.955936e-06	1.563987e-09	3.767077e+01	4.100072e+02
3.440000e-06	6.968304e-06	1.567136e-09	3.773775e+01	4.106447e+02
3.450000e-06	6.980189e-06	1.570640e-09	3.780212e+01	4.112609e+02
3.460000e-06	6.991624e-06	1.575502e-09	3.786405e+01	4.118553e+02
3.470000e-06	7.002270e-06	1.579241e-09	3.792170e+01	4.124271e+02
3.480000e-06	7.012048e-06	1.582191e-09	3.797465e+01	4.129756e+02
3.490000e-06	7.020979e-06	1.585845e-09	3.802302e+01	4.135001e+02
3.500000e-06	7.029199e-06	1.589905e-09	3.806754e+01	4.139996e+02
3.510000e-06	7.037097e-06	1.593439e-09	3.811031e+01	4.144735e+02
3.520000e-06	7.044734e-06	1.597096e-09	3.815167e+01	4.149211e+02
3.530000e-06	7.051971e-06	1.601512e-09	3.819086e+01	4.153416e+02
3.540000e-06	7.058724e-06	1.605406e-09	3.822743e+01	4.157345e+02
3.550000e-06	7.064966e-06	1.608213e-09	3.826124e+01	4.160991e+02
3.560000e-06	7.070689e-06	1.610887e-09	3.829223e+01	4.164351e+02
3.570000e-06	7.075961e-06	1.612932e-09	3.832078e+01	4.167422e+02
3.580000e-06	7.080747e-06	1.614073e-09	3.834670e+01	4.170201e+02
3.590000e-06	7.084995e-06	1.616256e-09	3.836971e+01	4.172689e+02
3.600000e-06	7.088849e-06	1.619716e-09	3.839058e+01	4.174885e+02
3.610000e-06	7.092442e-06	1.623322e-09	3.841004e+01	4.176792e+02
3.620000e-06	7.095638e-06	1.626524e-09	3.842735e+01	4.178415e+02
3.630000e-06	7.098279e-06	1.629442e-09	3.844165e+01	4.179758e+02
3.640000e-06	7.100153e-06	1.630727e-09	3.845180e+01	4.180829e+02
3.650000e-06	7.101192e-06	1.631637e-09	3.845742e+01	4.181635e+02
3.660000e-06	7.101667e-06	1.633290e-09	3.846000e+01	4.182188e+02
3.670000e-06	7.101653e-06	1.633629e-09	3.845992e+01	4.182497e+02
3.680000e-06	7.101237e-06	1.634365e-09	3.845767e+01	4.182575e+02
3.690000e-06	7.100492e-06	1.635760e-09	3.845363e+01	4.182434e+02
3.700000e-06	7.099230e-06	1.636926e-09	3.844680e+01	4.182089e+02
3.710000e-06	7.097374e-06	1.638208e-09	3.843675e+01	4.181553e+02
3.720000e-06	7.095035e-06	1.638348e-09	3.842408e+01	4.180840e+02
3.730000e-06	7.092288e-06	1.635943e-09	3.840920e+01	4.179966e+02
3.740000e-06	7.089106e-06	1.629417e-09	3.839197e+01	4.178945e+02
3.750000e-06	7.085502e-06	1.634961e-09	3.837245e+01	4.177791e+02
3.760000e-06	7.081286e-06	1.661551e-09	3.834962e+01	4.176517e+02
3.770000e-06	7.076196e-06	1.658864e-09	3.832206e+01	4.175137e+02
3.780000e-06	7.070432e-06	1.632947e-09	3.829084e+01	4.173662e+02
3.790000e-06	7.064321e-06	1.631586e-09	3.825774e+01	4.172104e+02
3.800000e-06	7.058006e-06	1.636315e-09	3.822355e+01	4.170472e+02
3.810000e-06	7.051227e-06	1.642450e-09	3.818683e+01	4.168775e+02
3.820000e-06	7.043814e-06	1.636437e-09	3.814669e+01	4.167020e+02
3.830000e-06	7.035904e-06	1.636765e-09	3.810385e+01	4.165213e+02
3.840000e-06	7.027609e-06	1.653975e-09	3.805893e+01	4.163359e+02
3.850000e-06	7.018819e-06	1.650440e-09	3.801132e+01	4.161459e+02
3.860000e-06	7.009487e-06	1.637753e-09	3.796078e+01	4.159516e+02
3.870000e-06	6.999702e-06	1.633322e-09	3.790779e+01	4.157530e+02
3.880000e-06	6.989429e-06	1.629670e-09	3.785216e+01	4.155499e+02
3.890000e-06	6.978692e-06	1.628427e-09	3.779401e+01	4.153422e+02
3.900000e-06	6.967459e-06	1.647808e-09	3.773317e+01	4.151294e+02
3.910000e-06	6.955668e-06	1.657378e-09	3.766932e+01	4.149111e+02
3.920000e-06	6.943293e-06	1.636009e-09	3.760230e+01	4.146869e+02
3.930000e-06	6.930144e-06	1.626007e-09	3.753109e+01	4.144559e+02
3.940000e-06	6.916138e-06	1.648323e-09	3.745524e+01	4.142177e+02
3.950000e-06	6.901457e-06	1.643940e-09	3.737574e+01	4.139715e+02
3.960000e-06	6.886284e-06	1.616980e-09	3.729356e+01	4.137165e+02
3.970000e-06	6.870687e-06	1.638096e-09	3.720909e+01	4.134520e+02
3.980000e-06	6.854543e-06	1.671159e-09	3.712166e+01	4.131772e+02
3.990000e-06	6.837932e-06	1.642097e-09	3.703170e+01	4.128913e+02
4.000000e-06	6.820951e-06	1.613166e-09	3.693974e+01	4.125936e+02
4.010000e-06	6.803487e-06	1.643807e-09	3.684517e+01	4.122833e+02
4.020000e-06	6.785536e-06	1.647289e-09	3.674795e+01	4.119598e+02
4.030000e-06	6.767206e-06	1.611331e-09	3.664868e+01	4.116223e+02
4.040000e-06	6.748370e-06	1.631232e-09	3.654667e+01	4.112703e+02
4.050000e-06	6.728998e-06	1.663477e-09	3.644176e+01	4.109030e+02
4.060000e-06	6.709199e-06	1.626061e-09	3.633454e+01	4.105199e+02
4.070000e-06	6.689100e-06	1.609256e-09	3.622569e+01	4.101205e+02
4.080000e-06	6.668770e-06	1.650463e-09	3.611559e+01	4.097043e+02
4.090000e-06	6.647950e-06	1.639110e-09	3.600284e+01	4.092709e+02
4.100000e-06	6.626452e-06	1.598478e-09	3.588641e+01	4.088197e+02
4.110000e-06	6.604233e-06	1.631681e-09	3.576608e+01	4.083503e+02
4.120000e-06	6.581294e-06	1.651628e-09	3.564185e+01	4.078624e+02
4.130000e-06	6.557772e-06	1.607974e-09	3.551447e+01	4.073555e+02
4.140000e-06	6.533795e-06	1.609971e-09	3.538461e+01	4.068294e+02
4.150000e-06	6.509415e-06	1.640040e-09	3.525258e+01	4.062836e+02
4.160000e-06	6.484671e-06	1.611515e-09	3.511857e+01	4.057177e+02
4.170000e-06	6.459527e-06	1.601474e-09	3.498240e+01	4.051315e+02
4.180000e-06	6.433880e-06	1.636669e-09	3.484351e+01	4.045246e+02
4.190000e-06	6.407777e-06	1.622967e-09	3.470215e+01	4.038967e+02
4.200000e-06	6.381295e-06	1.596879e-09	3.455873e+01	4.032475e+02
4.210000e-06	6.354289e-06	1.619384e-09	3.441247e+01	4.025766e+02
4.220000e-06	6.326789e-06	1.618817e-09	3.426355e+01	4.018838e+02
4.230000e-06	6.298906e-06	1.592905e-09	3.411254e+01	4.011689e+02
4.240000e-06	6.270633e-06	1.605595e-09	3.395942e+01	4.004315e+02
4.250000e-06	6.242063e-06	1.613843e-09	3.380470e+01	3.996715e+02
4.260000e-06	6.213096e-06	1.595457e-09	3.364783e+01	3.988887e+02
4.270000e-06	6.183701e-06	1.598606e-09	3.348863e+01	3.980830e+02
4.280000e-06	6.153669e-06	1.603561e-09	3.332599e+01	3.972544e+02
4.290000e-06	6.122782e-06	1.587295e-09	3.315872e+01	3.964029e+02
4.300000e-06	6.091318e-06	1.587626e-09	3.298832e+01	3.955285e+02
4.310000e-06	6.059400e-06	1.594928e-09	3.281547e+01	3.946313e+02
4.320000e-06	6.027168e-06	1.586286e-09	3.264091e+01	3.937115e+02
4.330000e-06	5.994637e-06	1.582841e-09	3.246473e+01	3.927694e+02
4.340000e-06	5.961660e-06	1.581700e-09	3.228614e+01	3.918054e+02
4.350000e-06	5.928219e-06	1.572113e-09	3.210504e+01	3.908198e+02
4.360000e-06	5.894334e-06	1.570508e-09	3.192153e+01	3.898131e+02
4.370000e-06	5.860064e-06	1.569843e-09	3.173593e+01	3.887859e+02
4.380000e-06	5.825395e-06	1.562299e-09	3.154818e+01	3.877387e+02
4.390000e-06	5.790368e-06	1.562186e-09	3.135849e+01	3.866721e+02
4.400000e-06	5.755019e-06	1.562572e-09	3.116705e+01	3.855869e+02
4.410000e-06	5.719309e-06	1.554095e-09	3.097366e+01	3.844836e+02
4.420000e-06	5.683255e-06	1.549792e-09	3.077840e+01	3.833630e+02
4.430000e-06	5.646950e-06	1.546413e-09	3.058179e+01	3.822258e+02
4.440000e-06	5.610335e-06	1.539593e-09	3.038349e+01	3.810726e+02
4.450000e-06	5.573284e-06	1.538974e-09	3.018284e+01	3.799041e+02
4.460000e-06	5.535721e-06	1.538180e-09	2.997942e+01	3.787209e+02
4.470000e-06	5.497519e-06	1.530059e-09	2.977253e+01	3.775234e+02
4.480000e-06	5.458630e-06	1.523809e-09	2.956192e+01	3.763122e+02
4.490000e-06	5.419206e-06	1.520820e-09	2.934841e+01	3.750875e+02
4.500000e-06	5.379353e-06	1.516367e-09	2.913258e+01	3.738498e+02
4.510000e-06	5.339206e-06	1.512675e-09	2.891516e+01	3.725990e+02
4.520000e-06	5.298795e-06	1.509070e-09	2.869631e+01	3.713353e+02
4.530000e-06	5.257994e-06	1.503857e-09	2.847535e+01	3.700587e+02
4.540000e-06	5.216890e-06	1.499572e-09	2.825274e+01	3.687688e+02
4.550000e-06	5.175563e-06	1.495971e-09	2.802893e+01	3.674654e+02
4.560000e-06	5.133825e-06	1.489623e-09	2.780290e+01	3.661480e+02
4.570000e-06	5.091618e-06	1.482567e-09	2.757431e+01	3.648162e+02
4.580000e-06	5.049170e-06	1.477760e-09	2.734444e+01	3.634692e+02
4.590000e-06	5.006427e-06	1.475448e-09	2.711295e+01	3.621063e+02
4.600000e-06	4.963212e-06	1.473094e-09	2.687892e+01	3.607266e+02
4.610000e-06	4.919566e-06	1.467963e-09	2.664255e+01	3.593293e+02
4.620000e-06	4.875672e-06	1.460249e-09	2.640483e+01	3.579133e+02
4.630000e-06	4.831585e-06	1.454222e-09	2.616607e+01	3.564776e+02
4.640000e-06	4.787209e-06	1.450234e-09	2.592575e+01	3.550213e+02
4.650000e-06	4.742624e-06	1.445475e-09	2.568430e+01	3.535431e+02
4.660000e-06	4.697879e-06	1.438802e-09	2.544197e+01	3.520421e+02
4.670000e-06	4.652770e-06	1.431248e-09	2.519768e+01	3.505172e+02
4.680000e-06	4.607212e-06	1.424630e-09	2.495095e+01	3.489674e+02
4.690000e-06	4.561293e-06	1.419821e-09	2.470227e+01	3.473918e+02
4.700000e-06	4.514890e-06	1.414734e-09	2.445097e+01	3.457894e+02
4.710000e-06	4.468161e-06	1.407992e-09	2.419790e+01	3.441595e+02
4.720000e-06	4.421329e-06	1.401504e-09	2.394428e+01	3.425013e+02
4.730000e-06	4.374193e-06	1.397011e-09	2.368901e+01	3.408143e+02
4.740000e-06	4.326622e-06	1.391968e-09	2.343138e+01	3.390977e+02
4.750000e-06	4.278784e-06	1.384959e-09	2.317231e+01	3.373512e+02
4.760000e-06	4.230636e-06	1.377579e-09	2.291156e+01	3.355744e+02
4.770000e-06	4.182011e-06	1.370703e-09	2.264822e+01	3.337671e+02
4.780000e-06	4.133161e-06	1.365338e-09	2.238367e+01	3.319290e+02
4.790000e-06	4.083983e-06	1.360421e-09	2.211734e+01	3.300601e+02
4.800000e-06	4.034436e-06	1.353665e-09	2.184901e+01	3.281603e+02
4.810000e-06	3.984685e-06	1.345620e-09	2.157958e+01	3.262297e+02
4.820000e-06	3.934585e-06	1.338284e-09	2.130825e+01	3.242682e+02
4.830000e-06	3.884086e-06	1.331333e-09	2.103477e+01	3.222761e+02
4.840000e-06	3.833312e-06	1.323184e-09	2.075980e+01	3.202533e+02
4.850000e-06	3.782280e-06	1.313167e-09	2.048343e+01	3.182002e+02
4.860000e-06	3.730907e-06	1.304611e-09	2.020521e+01	3.161167e+02
4.870000e-06	3.679152e-06	1.299075e-09	1.992493e+01	3.140030e+02
4.880000e-06	3.627044e-06	1.293576e-09	1.964273e+01	3.118591e+02
4.890000e-06	3.574747e-06	1.285612e-09	1.935951e+01	3.096851e+02
4.900000e-06	3.522235e-06	1.276313e-09	1.907512e+01	3.074809e+02
4.910000e-06	3.469556e-06	1.267157e-09	1.878983e+01	3.052465e+02
4.920000e-06	3.416654e-06	1.258900e-09	1.850333e+01	3.029818e+02
4.930000e-06	3.363302e-06	1.250617e-09	1.821440e+01	3.006864e+02
4.940000e-06	3.309524e-06	1.241170e-09	1.792316e+01	2.983603e+02
4.950000e-06	3.255409e-06	1.230614e-09	1.763009e+01	2.960029e+02
4.960000e-06	3.200974e-06	1.221154e-09	1.733529e+01	2.936141e+02
4.970000e-06	3.146177e-06	1.213313e-09	1.703853e+01	2.911932e+02
4.980000e-06	3.090962e-06	1.203959e-09	1.673950e+01	2.887399e+02
4.990000e-06	3.035361e-06	1.192663e-09	1.643839e+01	2.862537e+02
5.000000e-06	2.979522e-06	1.181765e-09	1.613599e+01	2.837339e+02
5.010000e-06	2.923548e-06	1.172228e-09	1.583286e+01	2.811801e+02
5.020000e-06	2.867365e-06	1.162050e-09	1.552859e+01	2.785917e+02
5.030000e-06	2.810952e-06	1.149647e-09	1.522307e+01	2.759681e+02
5.040000e-06	2.754513e-06	1.136246e-09	1.491742e+01	2.733087e+02
5.050000e-06	2.698091e-06	1.123959e-09	1.461186e+01	2.706132e+02
5.060000e-06	2.641518e-06	1.112566e-09	1.430548e+01	2.678809e+02
5.070000e-06	2.584741e-06	1.100717e-09	1.399800e+01	2.651114e+02
5.080000e-06	2.527807e-06	1.088151e-09	1.368967e+01	2.623043e+02
5.090000e-06	2.470683e-06	1.076077e-09	1.338031e+01	2.594591e+02
5.100000e-06	2.413254e-06	1.065223e-09	1.306929e+01	2.565756e+02
5.110000e-06	2.355653e-06	1.054985e-09	1.275734e+01	2.536533e+02
5.120000e-06	2.297970e-06	1.043878e-09	1.244495e+01	2.506920e+02
5.130000e-06	2.240141e-06	1.031058e-09	1.213177e+01	2.476912e+02
5.140000e-06	2.182044e-06	1.017390e-09	1.181714e+01	2.446507e+02
5.150000e-06	2.123720e-06	1.004048e-09	1.150128e+01	2.415701e+02
5.160000e-06	2.065383e-06	9.909715e-10	1.118535e+01	2.384490e+02
5.170000e-06	2.006911e-06	9.777702e-10	1.086869e+01	2.352868e+02
5.180000e-06	1.948231e-06	9.639417e-10	1.055090e+01	2.320831e+02
5.190000e-06	1.889437e-06	9.493059e-10	1.023249e+01	2.288370e+02
5.200000e-06	1.830601e-06	9.353914e-10	9.913859e+00	2.255479e+02
5.210000e-06	1.771663e-06	9.221955e-10	9.594669e+00	2.222147e+02
5.220000e-06	1.712583e-06	9.079639e-10	9.274713e+00	2.188362e+02
5.230000e-06	1.653273e-06	8.929072e-10	8.953515e+00	2.154112e+02
5.240000e-06	1.593809e-06	8.781109e-10	8.631478e+00	2.119380e+02
5.250000e-06	1.534310e-06	8.634229e-10	8.309255e+00	2.084149e+02
5.260000e-06	1.474653e-06	8.487145e-10	7.986175e+00	2.048400e+02
5.270000e-06	1.414863e-06	8.331826e-10	7.662376e+00	2.012109e+02
5.280000e-06	1.355018e-06	8.176806e-10	7.338274e+00	1.975254e+02
5.290000e-06	1.295081e-06	8.025727e-10	7.013678e+00	1.937806e+02
5.300000e-06	1.235061e-06	7.861220e-10	6.688632e+00	1.899737e+02
5.310000e-06	1.174960e-06	7.688720e-10	6.363150e+00	1.861018e+02
5.320000e-06	1.114803e-06	7.511598e-10	6.037361e+00	1.821616e+02
5.330000e-06	1.054666e-06	7.333197e-10	5.711683e+00	1.781498e+02
5.340000e-06	9.944919e-07	7.169005e-10	5.385800e+00	1.740630e+02
5.350000e-06	9.342515e-07	7.013711e-10	5.059560e+00	1.698978e+02
5.360000e-06	8.739855e-07	6.850246e-10	4.733182e+00	1.656507e+02
5.370000e-06	8.136524e-07	6.670456e-10	4.406440e+00	1.613185e+02
5.380000e-06	7.532010e-07	6.481507e-10	4.079058e+00	1.568977e+02
5.390000e-06	6.927302e-07	6.290960e-10	3.751570e+00	1.523853e+02
5.400000e-06	6.323439e-07	6.101214e-10	3.424540e+00	1.477784e+02
5.410000e-06	5.719462e-07	5.909230e-10	3.097449e+00	1.430744e+02
5.420000e-06	5.114533e-07	5.711226e-10	2.769841e+00	1.382712e+02
5.430000e-06	4.509116e-07	5.509810e-10	2.441970e+00	1.333668e+02
5.440000e-06	3.904236e-07	5.306743e-10	2.114389e+00	1.283598e+02
5.450000e-06	3.299833e-07	5.101556e-10	1.787067e+00	1.232493e+02
5.460000e-06	2.695249e-07	4.891493e-10	1.459647e+00	1.180351e+02
5.470000e-06	2.090453e-07	4.676709e-10	1.132112e+00	1.127173e+02
5.480000e-06	1.485303e-07	4.453643e-10	8.043848e-01	1.072968e+02
5.490000e-06	8.803644e-08	4.218934e-10	4.767728e-01	1.017751e+02
5.500000e-06	2.760643e-08	3.977352e-10	1.495062e-01	9.615434e+01
5.510000e-06	-3.273107e-08	3.738363e-10	-1.772593e-01	9.043739e+01
5.520000e-06	-9.313041e-08	3.495349e-10	-5.043598e-01	8.462774e+01
5.530000e-06	-1.536558e-07	3.244955e-10	-8.321427e-01	7.872954e+01
5.540000e-06	-2.141788e-07	2.995764e-10	-1.159913e+00	7.274761e+01
5.550000e-06	-2.747127e-07	2.750770e-10	-1.487742e+00	6.668734e+01
5.560000e-06	-3.352816e-07	2.509543e-10	-1.815761e+00	6.055473e+01
5.570000e-06	-3.959083e-07	2.265435e-10	-2.144093e+00	5.435630e+01
5.580000e-06	-4.564891e-07	2.012159e-10	-2.472176e+00	4.809905e+01
5.590000e-06	-5.169160e-07	1.756067e-10	-2.799425e+00	4.179037e+01
5.600000e-06	-5.772950e-07	1.499295e-10	-3.126416e+00	3.543806e+01
5.610000e-06	-6.376485e-07	1.229587e-10	-3.453268e+00	2.905015e+01
5.620000e-06	-6.979638e-07	9.610671e-11	-3.779914e+00	2.263490e+01
5.630000e-06	-7.582671e-07	7.062547e-11	-4.106494e+00	1.620070e+01
5.640000e-06	-8.184951e-07	4.470721e-11	-4.432666e+00	9.755988e+00
5.650000e-06	-8.786766e-07	1.841528e-11	-4.758587e+00	3.309185e+00
5.660000e-06	-9.388620e-07	-7.164807e-12	-5.084529e+00	-3.131399e+00
5.670000e-06	-9.990034e-07	-3.297400e-11	-5.410232e+00	-9.557634e+00
5.680000e-06	-1.059072e-06	-5.902301e-11	-5.735544e+00	-1.596164e+01
5.690000e-06	-1.119164e-06	-8.493837e-11	-6.060978e+00	-2.233584e+01
5.700000e-06	-1.179268e-06	-1.113841e-10	-6.386480e+00	-2.867307e+01
5.710000e-06	-1.239296e-06	-1.377501e-10	-6.711571e+00	-3.496658e+01
5.720000e-06	-1.299218e-06	-1.626876e-10	-7.036084e+00	-4.121010e+01
5.730000e-06	-1.359053e-06	-1.866981e-10	-7.360130e+00	-4.739789e+01
5.740000e-06	-1.418812e-06	-2.108034e-10	-7.683761e+00	-5.352477e+01
5.750000e-06	-1.478486e-06	-2.349522e-10	-8.006931e+00	-5.958615e+01
5.760000e-06	-1.538058e-06	-2.594456e-10	-8.329552e+00	-6.557801e+01
5.770000e-06	-1.597475e-06	-2.844413e-10	-8.651331e+00	-7.149694e+01
5.780000e-06	-1.656781e-06	-3.096030e-10	-8.972513e+00	-7.734016e+01
5.790000e-06	-1.715950e-06	-3.347102e-10	-9.292948e+00	-8.310543e+01
5.800000e-06	-1.774902e-06	-3.592448e-10	-9.612210e+00	-8.879110e+01
5.810000e-06	-1.833701e-06	-3.820591e-10	-9.930643e+00	-9.439609e+01
5.820000e-06	-1.892387e-06	-4.038746e-10	-1.024847e+01	-9.991980e+01
5.830000e-06	-1.950955e-06	-4.263278e-10	-1.056565e+01	-1.053621e+02
5.840000e-06	-2.009418e-06	-4.491688e-10	-1.088226e+01	-1.107234e+02
5.850000e-06	-2.067784e-06	-4.722743e-10	-1.119835e+01	-1.160042e+02
5.860000e-06	-2.125999e-06	-4.957345e-10	-1.151362e+01	-1.212058e+02
5.870000e-06	-2.184046e-06	-5.184195e-10	-1.182798e+01	-1.263295e+02
5.880000e-06	-2.241940e-06	-5.402188e-10	-1.214152e+01	-1.313767e+02
5.890000e-06	-2.299601e-06	-5.621992e-10	-1.245379e+01	-1.363493e+02
5.900000e-06	-2.357050e-06	-5.843456e-10	-1.276491e+01	-1.412493e+02
5.910000e-06	-2.414419e-06	-6.057413e-10	-1.307560e+01	-1.460785e+02
5.920000e-06	-2.471598e-06	-6.258703e-10	-1.338526e+01	-1.508392e+02
5.930000e-06	-2.528521e-06	-6.458509e-10	-1.369354e+01	-1.555333e+02
5.940000e-06	-2.585168e-06	-6.660226e-10	-1.400031e+01	-1.601628e+02
5.950000e-06	-2.641690e-06	-6.853563e-10	-1.430642e+01	-1.647299e+02
5.960000e-06	-2.698248e-06	-7.040511e-10	-1.461271e+01	-1.692363e+02
5.970000e-06	-2.754724e-06	-7.226043e-10	-1.491856e+01	-1.736839e+02
5.980000e-06	-2.811034e-06	-7.411927e-10	-1.522352e+01	-1.780742e+02
5.990000e-06	-2.867081e-06	-7.602616e-10	-1.552705e+01	-1.824090e+02
6.000000e-06	-2.922984e-06	-7.792845e-10	-1.582980e+01	-1.866894e+02
6.010000e-06	-2.978745e-06	-7.968448e-10	-1.613178e+01	-1.909168e+02
6.020000e-06	-3.034257e-06	-8.138852e-10	-1.643241e+01	-1.950922e+02
6.030000e-06	-3.089441e-06	-8.315614e-10	-1.673127e+01	-1.992166e+02
6.040000e-06	-3.144314e-06	-8.488967e-10	-1.702844e+01	-2.032908e+02
6.050000e-06	-3.198754e-06	-8.652652e-10	-1.732327e+01	-2.073154e+02
6.060000e-06	-3.252719e-06	-8.806325e-10	-1.761552e+01	-2.112911e+02
6.070000e-06	-3.306442e-06	-8.959811e-10	-1.790646e+01	-2.152183e+02
6.080000e-06	-3.359827e-06	-9.114296e-10	-1.819558e+01	-2.190973e+02
6.090000e-06	-3.412818e-06	-9.266901e-10	-1.848256e+01	-2.229286e+02
6.100000e-06	-3.465574e-06	-9.425115e-10	-1.876827e+01	-2.267124e+02
6.110000e-06	-3.518105e-06	-9.588460e-10	-1.905275e+01	-2.304489e+02
6.120000e-06	-3.570361e-06	-9.745452e-10	-1.933575e+01	-2.341384e+02
6.130000e-06	-3.622466e-06	-9.890486e-10	-1.961793e+01	-2.377810e+02
6.140000e-06	-3.674241e-06	-1.003774e-09	-1.989833e+01	-2.413769e+02
6.150000e-06	-3.725620e-06	-1.019163e-09	-2.017658e+01	-2.449263e+02
6.160000e-06	-3.776745e-06	-1.033698e-09	-2.045345e+01	-2.484294e+02
6.170000e-06	-3.827532e-06	-1.047539e-09	-2.072849e+01	-2.518864e+02
6.180000e-06	-3.878083e-06	-1.062350e-09	-2.100226e+01	-2.552975e+02
6.190000e-06	-3.928444e-06	-1.078167e-09	-2.127500e+01	-2.586630e+02
6.200000e-06	-3.978417e-06	-1.092846e-09	-2.154563e+01	-2.619829e+02
6.210000e-06	-4.027972e-06	-1.105548e-09	-2.181401e+01	-2.652575e+02
6.220000e-06	-4.077337e-06	-1.118734e-09	-2.208135e+01	-2.684870e+02
6.230000e-06	-4.126414e-06	-1.133118e-09	-2.234713e+01	-2.716716e+02
6.240000e-06	-4.174954e-06	-1.146474e-09	-2.261000e+01	-2.748113e+02
6.250000e-06	-4.223064e-06	-1.158111e-09	-2.287055e+01	-2.779063e+02
6.260000e-06	-4.270706e-06	-1.169845e-09	-2.312856e+01	-2.809565e+02
6.270000e-06	-4.317934e-06	-1.182164e-09	-2.338433e+01	-2.839620e+02
6.280000e-06	-4.365040e-06	-1.194531e-09	-2.363944e+01	-2.869227e+02
6.290000e-06	-4.411955e-06	-1.207099e-09	-2.389351e+01	-2.898384e+02
6.300000e-06	-4.458543e-06	-1.219416e-09	-2.414582e+01	-2.927089e+02
6.310000e-06	-4.504831e-06	-1.231004e-09	-2.439649e+01	-2.955339e+02
6.320000e-06	-4.550745e-06	-1.242097e-09	-2.464515e+01	-2.983130e+02
6.330000e-06	-4.596270e-06	-1.253331e-09	-2.489169e+01	-3.010459e+02
6.340000e-06	-4.641557e-06	-1.264080e-09	-2.513695e+01	-3.037319e+02
6.350000e-06	-4.686637e-06	-1.273226e-09	-2.538109e+01	-3.063706e+02
6.360000e-06	-4.731344e-06	-1.282558e-09	-2.562321e+01	-3.089615e+02
6.370000e-06	-4.775709e-06	-1.293640e-09	-2.586347e+01	-3.115039e+02
6.380000e-06	-4.819883e-06	-1.304746e-09	-2.610270e+01	-3.139972e+02
6.390000e-06	-4.863826e-06	-1.314967e-09	-2.634068e+01	-3.164409e+02
6.400000e-06	-4.907437e-06	-1.325058e-09	-2.657686e+01	-3.188344e+02
6.410000e-06	-4.950769e-06	-1.333984e-09	-2.681153e+01	-3.211772e+02
6.420000e-06	-4.993811e-06	-1.342483e-09	-2.704463e+01	-3.234690e+02
6.430000e-06	-5.036484e-06	-1.352591e-09	-2.727573e+01	-3.257093e+02
6.440000e-06	-5.078760e-06	-1.362907e-09	-2.750468e+01	-3.278980e+02
6.450000e-06	-5.120670e-06	-1.372225e-09	-2.773165e+01	-3.300351e+02
6.460000e-06	-5.162242e-06	-1.381444e-09	-2.795679e+01	-3.321205e+02
6.470000e-06	-5.203381e-06	-1.390695e-09	-2.817958e+01	-3.341545e+02
6.480000e-06	-5.244124e-06	-1.399144e-09	-2.840023e+01	-3.361375e+02
6.490000e-06	-5.284631e-06	-1.407280e-09	-2.861960e+01	-3.380702e+02
6.500000e-06	-5.324924e-06	-1.415022e-09	-2.883782e+01	-3.399532e+02
6.510000e-06	-5.365016e-06	-1.422371e-09	-2.905494e+01	-3.417877e+02
6.520000e-06	-5.404907e-06	-1.430324e-09	-2.927098e+01	-3.435746e+02
6.530000e-06	-5.444291e-06	-1.438649e-09	-2.948426e+01	-3.453155e+02
6.540000e-06	-5.483043e-06	-1.446120e-09	-2.969413e+01	-3.470117e+02
6.550000e-06	-5.521222e-06	-1.452034e-09	-2.990089e+01	-3.486650e+02
6.560000e-06	-5.558790e-06	-1.457241e-09	-3.010434e+01	-3.502772e+02
6.570000e-06	-5.595773e-06	-1.463415e-09	-3.030463e+01	-3.518502e+02
6.580000e-06	-5.632326e-06	-1.470502e-09	-3.050259e+01	-3.533862e+02
6.590000e-06	-5.668592e-06	-1.476418e-09	-3.069900e+01	-3.548873e+02
6.600000e-06	-5.704565e-06	-1.481586e-09	-3.089381e+01	-3.563556e+02
6.610000e-06	-5.740167e-06	-1.488157e-09	-3.108662e+01	-3.577934e+02
6.620000e-06	-5.775255e-06	-1.494894e-09	-3.127664e+01	-3.592030e+02
6.630000e-06	-5.810034e-06	-1.500390e-09	-3.146499e+01	-3.605865e+02
6.640000e-06	-5.844513e-06	-1.505273e-09	-3.165172e+01	-3.619461e+02
6.650000e-06	-5.878466e-06	-1.509586e-09	-3.183559e+01	-3.632838e+02
6.660000e-06	-5.911974e-06	-1.513784e-09	-3.201706e+01	-3.646018e+02
6.670000e-06	-5.945027e-06	-1.518729e-09	-3.219606e+01	-3.659017e+02
6.680000e-06	-5.977760e-06	-1.523511e-09	-3.237333e+01	-3.671854e+02
6.690000e-06	-6.010226e-06	-1.526724e-09	-3.254916e+01	-3.684543e+02
6.700000e-06	-6.042400e-06	-1.528720e-09	-3.272340e+01	-3.697099e+02
6.710000e-06	-6.074249e-06	-1.532532e-09	-3.289588e+01	-3.709533e+02
6.720000e-06	-6.105625e-06	-1.537773e-09	-3.306580e+01	-3.721855e+02
6.730000e-06	-6.136360e-06	-1.540605e-09	-3.323225e+01	-3.734074e+02
6.740000e-06	-6.166283e-06	-1.542618e-09	-3.339430e+01	-3.746195e+02
6.750000e-06	-6.195507e-06	-1.546710e-09	-3.355257e+01	-3.758222e+02
6.760000e-06	-6.224306e-06	-1.551144e-09	-3.370853e+01	-3.770159e+02
6.770000e-06	-6.252782e-06	-1.554321e-09	-3.386275e+01	-3.782004e+02
6.780000e-06	-6.280919e-06	-1.556847e-09	-3.401513e+01	-3.793758e+02
6.790000e-06	-6.308727e-06	-1.559676e-09	-3.416573e+01	-3.805419e+02
6.800000e-06	-6.336107e-06	-1.564706e-09	-3.431401e+01	-3.816982e+02
6.810000e-06	-6.362985e-06	-1.571656e-09	-3.445957e+01	-3.828442e+02
6.820000e-06	-6.389420e-06	-1.576774e-09	-3.460273e+01	-3.839795e+02
6.830000e-06	-6.415417e-06	-1.578206e-09	-3.474352e+01	-3.851035e+02
6.840000e-06	-6.440882e-06	-1.578517e-09	-3.488143e+01	-3.862154e+02
6.850000e-06	-6.465884e-06	-1.580195e-09	-3.501683e+01	-3.873145e+02
6.860000e-06	-6.490600e-06	-1.582959e-09	-3.515068e+01	-3.884003e+02
6.870000e-06	-6.515000e-06	-1.586035e-09	-3.528282e+01	-3.894720e+02
6.880000e-06	-6.539140e-06	-1.589298e-09	-3.541356e+01	-3.905290e+02
6.890000e-06	-6.562939e-06	-1.593476e-09	-3.554244e+01	-3.915707e+02
6.900000e-06	-6.586152e-06	-1.597582e-09	-3.566816e+01	-3.925965e+02
6.910000e-06	-6.608726e-06	-1.600615e-09	-3.579041e+01	-3.936059e+02
6.920000e-06	-6.630546e-06	-1.602518e-09	-3.590858e+01	-3.945986e+02
6.930000e-06	-6.651615e-06	-1.604338e-09	-3.602268e+01	-3.955742e+02
6.940000e-06	-6.672188e-06	-1.606940e-09	-3.613410e+01	-3.965323e+02
6.950000e-06	-6.692452e-06	-1.609587e-09	-3.624384e+01	-3.974729e+02
6.960000e-06	-6.712421e-06	-1.612840e-09	-3.635198e+01	-3.983956e+02
6.970000e-06	-6.732005e-06	-1.616648e-09	-3.645804e+01	-3.993005e+02
6.980000e-06	-6.751074e-06	-1.619394e-09	-3.656131e+01	-4.001874e+02
6.990000e-06	-6.769575e-06	-1.621826e-09	-3.666151e+01	-4.010563e+02
7.000000e-06	-6.787575e-06	-1.625134e-09	-3.675899e+01	-4.019071e+02
7.010000e-06	-6.805215e-06	-1.627651e-09	-3.685452e+01	-4.027400e+02
7.020000e-06	-6.822386e-06	-1.629805e-09	-3.694752e+01	-4.035548e+02
7.030000e-06	-6.839051e-06	-1.631404e-09	-3.703777e+01	-4.043514e+02
7.040000e-06	-6.855456e-06	-1.632492e-09	-3.712661e+01	-4.051300e+02
7.050000e-06	-6.871467e-06	-1.634403e-09	-3.721332e+01	-4.058902e+02
7.060000e-06	-6.886837e-06	-1.636255e-09	-3.729656e+01	-4.066319e+02
7.070000e-06	-6.901487e-06	-1.637513e-09	-3.737590e+01	-4.073549e+02
7.080000e-06	-6.915345e-06	-1.638662e-09	-3.745094e+01	-4.080589e+02
7.090000e-06	-6.928471e-06	-1.641125e-09	-3.752203e+01	-4.087435e+02
7.100000e-06	-6.941019e-06	-1.645039e-09	-3.758999e+01	-4.094082e+02
7.110000e-06	-6.953108e-06	-1.647985e-09	-3.765546e+01	-4.100526e+02
7.120000e-06	-6.964645e-06	-1.649173e-09	-3.771794e+01	-4.106759e+02
7.130000e-06	-6.975685e-06	-1.650048e-09	-3.777772e+01	-4.112777e+02
7.140000e-06	-6.986321e-06	-1.651570e-09	-3.783533e+01	-4.118571e+02
7.150000e-06	-6.996465e-06	-1.653586e-09	-3.789026e+01	-4.124134e+02
7.160000e-06	-7.006136e-06	-1.656418e-09	-3.794264e+01	-4.129459e+02
7.170000e-06	-7.015337e-06	-1.658290e-09	-3.799247e+01	-4.134538e+02
7.180000e-06	-7.024049e-06	-1.658001e-09	-3.803965e+01	-4.139364e+02
7.190000e-06	-7.032345e-06	-1.658086e-09	-3.808457e+01	-4.143928e+02
7.200000e-06	-7.040351e-06	-1.658960e-09	-3.812793e+01	-4.148224e+02
7.210000e-06	-7.047975e-06	-1.659783e-09	-3.816922e+01	-4.152245e+02
7.220000e-06	-7.055020e-06	-1.659808e-09	-3.820738e+01	-4.155986e+02
7.230000e-06	-7.061330e-06	-1.659127e-09	-3.824155e+01	-4.159442e+02
7.240000e-06	-7.066807e-06	-1.658921e-09	-3.827121e+01	-4.162609e+02
7.250000e-06	-7.071598e-06	-1.659721e-09	-3.829715e+01	-4.165486e+02
7.260000e-06	-7.076022e-06	-1.660128e-09	-3.832111e+01	-4.168070e+02
7.270000e-06	-7.080247e-06	-1.659531e-09	-3.834399e+01	-4.170363e+02
7.280000e-06	-7.084022e-06	-1.659697e-09	-3.836444e+01	-4.172366e+02
7.290000e-06	-7.087147e-06	-1.660335e-09	-3.838136e+01	-4.174083e+02
7.300000e-06	-7.089800e-06	-1.660157e-09	-3.839573e+01	-4.175518e+02
7.310000e-06	-7.092139e-06	-1.659271e-09	-3.840840e+01	-4.176679e+02
7.320000e-06	-7.093830e-06	-1.658194e-09	-3.841756e+01	-4.177572e+02
7.330000e-06	-7.094874e-06	-1.656647e-09	-3.842321e+01	-4.178208e+02
7.340000e-06	-7.095596e-06	-1.655719e-09	-3.842712e+01	-4.178597e+02
