# Temperatura_=_20.0
# Concentracion g/m^3_=_7400.0
# C_Vs_to_Am_M_A/Vsm_=_254322799225.57578
# pendiente_HvsI_1/m_=_3716.3
# ordenada_HvsI_A/m_=_1297.0
# frecuencia_Hz_=_136124.5452787883

Tiempo_(s)	Campo_(V.s)	Magnetizacion_(V.s)	Campo_(kA/m)	Magnetizacion_(A/m)
0.000000e+00	-7.096694e-06	-1.566085e-09	-3.842107e+01	-3.959861e+02
1.000000e-08	-7.096952e-06	-1.564499e-09	-3.842246e+01	-3.960794e+02
2.000000e-08	-7.096988e-06	-1.563193e-09	-3.842266e+01	-3.961541e+02
3.000000e-08	-7.096633e-06	-1.562791e-09	-3.842074e+01	-3.962106e+02
4.000000e-08	-7.095463e-06	-1.562756e-09	-3.841441e+01	-3.962496e+02
5.000000e-08	-7.093462e-06	-1.561872e-09	-3.840357e+01	-3.962717e+02
6.000000e-08	-7.090865e-06	-1.559664e-09	-3.838951e+01	-3.962778e+02
7.000000e-08	-7.087708e-06	-1.560067e-09	-3.837242e+01	-3.962686e+02
8.000000e-08	-7.084129e-06	-1.561995e-09	-3.835304e+01	-3.962450e+02
9.000000e-08	-7.080113e-06	-1.556175e-09	-3.833130e+01	-3.962079e+02
1.000000e-07	-7.075342e-06	-1.543275e-09	-3.830547e+01	-3.961581e+02
1.100000e-07	-7.069789e-06	-1.536971e-09	-3.827540e+01	-3.960964e+02
1.200000e-07	-7.063716e-06	-1.542065e-09	-3.824253e+01	-3.960236e+02
1.300000e-07	-7.057397e-06	-1.557998e-09	-3.820832e+01	-3.959405e+02
1.400000e-07	-7.050883e-06	-1.566333e-09	-3.817305e+01	-3.958477e+02
1.500000e-07	-7.043843e-06	-1.544211e-09	-3.813494e+01	-3.957459e+02
1.600000e-07	-7.036270e-06	-1.529187e-09	-3.809394e+01	-3.956355e+02
1.700000e-07	-7.028373e-06	-1.550470e-09	-3.805118e+01	-3.955168e+02
1.800000e-07	-7.020111e-06	-1.562838e-09	-3.800645e+01	-3.953902e+02
1.900000e-07	-7.011235e-06	-1.528302e-09	-3.795840e+01	-3.952558e+02
2.000000e-07	-7.001592e-06	-1.508389e-09	-3.790619e+01	-3.951136e+02
2.100000e-07	-6.991337e-06	-1.554347e-09	-3.785067e+01	-3.949635e+02
2.200000e-07	-6.980533e-06	-1.580167e-09	-3.779218e+01	-3.948053e+02
2.300000e-07	-6.969245e-06	-1.528641e-09	-3.773107e+01	-3.946387e+02
2.400000e-07	-6.957310e-06	-1.498823e-09	-3.766645e+01	-3.944631e+02
2.500000e-07	-6.944770e-06	-1.542558e-09	-3.759856e+01	-3.942781e+02
2.600000e-07	-6.931713e-06	-1.557234e-09	-3.752787e+01	-3.940830e+02
2.700000e-07	-6.918005e-06	-1.512866e-09	-3.745366e+01	-3.938771e+02
2.800000e-07	-6.903497e-06	-1.511625e-09	-3.737511e+01	-3.936598e+02
2.900000e-07	-6.888260e-06	-1.553818e-09	-3.729262e+01	-3.934302e+02
3.000000e-07	-6.872525e-06	-1.540566e-09	-3.720743e+01	-3.931875e+02
3.100000e-07	-6.856293e-06	-1.503286e-09	-3.711955e+01	-3.929309e+02
3.200000e-07	-6.839660e-06	-1.521414e-09	-3.702950e+01	-3.926598e+02
3.300000e-07	-6.822636e-06	-1.536149e-09	-3.693734e+01	-3.923732e+02
3.400000e-07	-6.805126e-06	-1.506065e-09	-3.684254e+01	-3.920706e+02
3.500000e-07	-6.787166e-06	-1.513061e-09	-3.674530e+01	-3.917513e+02
3.600000e-07	-6.768735e-06	-1.545668e-09	-3.664552e+01	-3.914148e+02
3.700000e-07	-6.749810e-06	-1.515061e-09	-3.654306e+01	-3.910607e+02
3.800000e-07	-6.730434e-06	-1.481222e-09	-3.643816e+01	-3.906886e+02
3.900000e-07	-6.710677e-06	-1.517405e-09	-3.633120e+01	-3.902984e+02
4.000000e-07	-6.690512e-06	-1.528146e-09	-3.622203e+01	-3.898898e+02
4.100000e-07	-6.669872e-06	-1.483848e-09	-3.611028e+01	-3.894630e+02
4.200000e-07	-6.648748e-06	-1.490841e-09	-3.599592e+01	-3.890182e+02
4.300000e-07	-6.627114e-06	-1.525273e-09	-3.587879e+01	-3.885554e+02
4.400000e-07	-6.605056e-06	-1.498951e-09	-3.575937e+01	-3.880751e+02
4.500000e-07	-6.582506e-06	-1.476309e-09	-3.563728e+01	-3.875778e+02
4.600000e-07	-6.559412e-06	-1.499728e-09	-3.551225e+01	-3.870641e+02
4.700000e-07	-6.536000e-06	-1.491523e-09	-3.538550e+01	-3.865344e+02
4.800000e-07	-6.512308e-06	-1.470040e-09	-3.525724e+01	-3.859897e+02
4.900000e-07	-6.488212e-06	-1.492101e-09	-3.512679e+01	-3.854304e+02
5.000000e-07	-6.463522e-06	-1.494317e-09	-3.499311e+01	-3.848576e+02
5.100000e-07	-6.438133e-06	-1.462111e-09	-3.485566e+01	-3.842718e+02
5.200000e-07	-6.411945e-06	-1.468771e-09	-3.471388e+01	-3.836740e+02
5.300000e-07	-6.385072e-06	-1.483646e-09	-3.456839e+01	-3.830648e+02
5.400000e-07	-6.357833e-06	-1.461714e-09	-3.442092e+01	-3.824450e+02
5.500000e-07	-6.330216e-06	-1.457594e-09	-3.427141e+01	-3.818151e+02
5.600000e-07	-6.302227e-06	-1.472912e-09	-3.411987e+01	-3.811758e+02
5.700000e-07	-6.273883e-06	-1.458816e-09	-3.396642e+01	-3.805275e+02
5.800000e-07	-6.245200e-06	-1.448039e-09	-3.381113e+01	-3.798707e+02
5.900000e-07	-6.216048e-06	-1.458301e-09	-3.365330e+01	-3.792055e+02
6.000000e-07	-6.186445e-06	-1.448035e-09	-3.349303e+01	-3.785321e+02
6.100000e-07	-6.156600e-06	-1.434386e-09	-3.333145e+01	-3.778506e+02
6.200000e-07	-6.126357e-06	-1.444428e-09	-3.316772e+01	-3.771607e+02
6.300000e-07	-6.095506e-06	-1.442780e-09	-3.300070e+01	-3.764624e+02
6.400000e-07	-6.064130e-06	-1.429767e-09	-3.283083e+01	-3.757551e+02
6.500000e-07	-6.032578e-06	-1.433390e-09	-3.266001e+01	-3.750384e+02
6.600000e-07	-6.000884e-06	-1.431754e-09	-3.248842e+01	-3.743117e+02
6.700000e-07	-5.968758e-06	-1.419349e-09	-3.231449e+01	-3.735742e+02
6.800000e-07	-5.936061e-06	-1.421615e-09	-3.213747e+01	-3.728252e+02
6.900000e-07	-5.902575e-06	-1.423690e-09	-3.195618e+01	-3.720637e+02
7.000000e-07	-5.868230e-06	-1.412245e-09	-3.177024e+01	-3.712887e+02
7.100000e-07	-5.833287e-06	-1.407982e-09	-3.158106e+01	-3.704992e+02
7.200000e-07	-5.798025e-06	-1.407457e-09	-3.139015e+01	-3.696941e+02
7.300000e-07	-5.762607e-06	-1.398958e-09	-3.119840e+01	-3.688724e+02
7.400000e-07	-5.726982e-06	-1.393926e-09	-3.100553e+01	-3.680328e+02
7.500000e-07	-5.691035e-06	-1.393459e-09	-3.081092e+01	-3.671744e+02
7.600000e-07	-5.654669e-06	-1.388167e-09	-3.061403e+01	-3.662961e+02
7.700000e-07	-5.617832e-06	-1.384687e-09	-3.041460e+01	-3.653968e+02
7.800000e-07	-5.580699e-06	-1.382871e-09	-3.021356e+01	-3.644757e+02
7.900000e-07	-5.543140e-06	-1.374307e-09	-3.001022e+01	-3.635317e+02
8.000000e-07	-5.505122e-06	-1.365875e-09	-2.980439e+01	-3.625642e+02
8.100000e-07	-5.466612e-06	-1.363343e-09	-2.959590e+01	-3.615723e+02
8.200000e-07	-5.427556e-06	-1.359851e-09	-2.938446e+01	-3.605556e+02
8.300000e-07	-5.388242e-06	-1.354964e-09	-2.917161e+01	-3.595135e+02
8.400000e-07	-5.348763e-06	-1.351064e-09	-2.895788e+01	-3.584456e+02
8.500000e-07	-5.309018e-06	-1.345834e-09	-2.874270e+01	-3.573517e+02
8.600000e-07	-5.268868e-06	-1.339794e-09	-2.852533e+01	-3.562316e+02
8.700000e-07	-5.228304e-06	-1.333993e-09	-2.830572e+01	-3.550852e+02
8.800000e-07	-5.187390e-06	-1.327996e-09	-2.808421e+01	-3.539127e+02
8.900000e-07	-5.146076e-06	-1.322451e-09	-2.786054e+01	-3.527142e+02
9.000000e-07	-5.104129e-06	-1.317472e-09	-2.763345e+01	-3.514900e+02
9.100000e-07	-5.061400e-06	-1.312783e-09	-2.740211e+01	-3.502403e+02
9.200000e-07	-5.018155e-06	-1.308355e-09	-2.716799e+01	-3.489657e+02
9.300000e-07	-4.974687e-06	-1.302650e-09	-2.693265e+01	-3.476664e+02
9.400000e-07	-4.931000e-06	-1.294971e-09	-2.669614e+01	-3.463432e+02
9.500000e-07	-4.887117e-06	-1.287590e-09	-2.645855e+01	-3.449964e+02
9.600000e-07	-4.842986e-06	-1.281822e-09	-2.621963e+01	-3.436267e+02
9.700000e-07	-4.798498e-06	-1.276128e-09	-2.597878e+01	-3.422346e+02
9.800000e-07	-4.753634e-06	-1.270645e-09	-2.573589e+01	-3.408205e+02
9.900000e-07	-4.708426e-06	-1.264789e-09	-2.549113e+01	-3.393851e+02
1.000000e-06	-4.662766e-06	-1.257541e-09	-2.524393e+01	-3.379287e+02
1.010000e-06	-4.616685e-06	-1.249961e-09	-2.499445e+01	-3.364517e+02
1.020000e-06	-4.570335e-06	-1.243759e-09	-2.474351e+01	-3.349545e+02
1.030000e-06	-4.523712e-06	-1.238041e-09	-2.449110e+01	-3.334374e+02
1.040000e-06	-4.476861e-06	-1.231701e-09	-2.423745e+01	-3.319004e+02
1.050000e-06	-4.429803e-06	-1.225296e-09	-2.398268e+01	-3.303436e+02
1.060000e-06	-4.382415e-06	-1.218822e-09	-2.372613e+01	-3.287670e+02
1.070000e-06	-4.334683e-06	-1.211701e-09	-2.346771e+01	-3.271705e+02
1.080000e-06	-4.286765e-06	-1.204039e-09	-2.320828e+01	-3.255537e+02
1.090000e-06	-4.238568e-06	-1.196290e-09	-2.294735e+01	-3.239164e+02
1.100000e-06	-4.189938e-06	-1.189251e-09	-2.268407e+01	-3.222581e+02
1.110000e-06	-4.140951e-06	-1.183043e-09	-2.241886e+01	-3.205782e+02
1.120000e-06	-4.091719e-06	-1.176677e-09	-2.215232e+01	-3.188761e+02
1.130000e-06	-4.042074e-06	-1.169821e-09	-2.188354e+01	-3.171509e+02
1.140000e-06	-3.991778e-06	-1.162287e-09	-2.161124e+01	-3.154020e+02
1.150000e-06	-3.940932e-06	-1.154134e-09	-2.133597e+01	-3.136284e+02
1.160000e-06	-3.889806e-06	-1.146539e-09	-2.105917e+01	-3.118292e+02
1.170000e-06	-3.838411e-06	-1.139983e-09	-2.078092e+01	-3.100034e+02
1.180000e-06	-3.786680e-06	-1.133656e-09	-2.050085e+01	-3.081499e+02
1.190000e-06	-3.734648e-06	-1.126757e-09	-2.021916e+01	-3.062679e+02
1.200000e-06	-3.682313e-06	-1.119281e-09	-1.993582e+01	-3.043562e+02
1.210000e-06	-3.629719e-06	-1.111582e-09	-1.965108e+01	-3.024138e+02
1.220000e-06	-3.576848e-06	-1.103098e-09	-1.936484e+01	-3.004398e+02
1.230000e-06	-3.523660e-06	-1.094786e-09	-1.907688e+01	-2.984332e+02
1.240000e-06	-3.470216e-06	-1.087486e-09	-1.878754e+01	-2.963931e+02
1.250000e-06	-3.416595e-06	-1.079205e-09	-1.849724e+01	-2.943189e+02
1.260000e-06	-3.362761e-06	-1.069164e-09	-1.820578e+01	-2.922096e+02
1.270000e-06	-3.308712e-06	-1.059690e-09	-1.791317e+01	-2.900647e+02
1.280000e-06	-3.254459e-06	-1.051019e-09	-1.761944e+01	-2.878837e+02
1.290000e-06	-3.199988e-06	-1.042228e-09	-1.732454e+01	-2.856661e+02
1.300000e-06	-3.145336e-06	-1.034566e-09	-1.702866e+01	-2.834116e+02
1.310000e-06	-3.090443e-06	-1.027343e-09	-1.673147e+01	-2.811200e+02
1.320000e-06	-3.035247e-06	-1.018774e-09	-1.643264e+01	-2.787911e+02
1.330000e-06	-2.979879e-06	-1.008702e-09	-1.613289e+01	-2.764251e+02
1.340000e-06	-2.924465e-06	-9.981113e-10	-1.583288e+01	-2.740219e+02
1.350000e-06	-2.868939e-06	-9.886607e-10	-1.553226e+01	-2.715817e+02
1.360000e-06	-2.813329e-06	-9.799514e-10	-1.523119e+01	-2.691049e+02
1.370000e-06	-2.757575e-06	-9.710837e-10	-1.492934e+01	-2.665918e+02
1.380000e-06	-2.701568e-06	-9.628631e-10	-1.462613e+01	-2.640427e+02
1.390000e-06	-2.645425e-06	-9.553432e-10	-1.432217e+01	-2.614580e+02
1.400000e-06	-2.589107e-06	-9.468752e-10	-1.401727e+01	-2.588382e+02
1.410000e-06	-2.532605e-06	-9.363905e-10	-1.371137e+01	-2.561837e+02
1.420000e-06	-2.476036e-06	-9.245650e-10	-1.340511e+01	-2.534948e+02
1.430000e-06	-2.419258e-06	-9.135143e-10	-1.309772e+01	-2.507720e+02
1.440000e-06	-2.362002e-06	-9.042306e-10	-1.278774e+01	-2.480153e+02
1.450000e-06	-2.304345e-06	-8.949188e-10	-1.247558e+01	-2.452249e+02
1.460000e-06	-2.246509e-06	-8.843213e-10	-1.216246e+01	-2.424008e+02
1.470000e-06	-2.188478e-06	-8.736536e-10	-1.184828e+01	-2.395429e+02
1.480000e-06	-2.130193e-06	-8.632576e-10	-1.153273e+01	-2.366507e+02
1.490000e-06	-2.071629e-06	-8.522145e-10	-1.121567e+01	-2.337236e+02
1.500000e-06	-2.012711e-06	-8.407588e-10	-1.089669e+01	-2.307610e+02
1.510000e-06	-1.953531e-06	-8.289784e-10	-1.057630e+01	-2.277616e+02
1.520000e-06	-1.894272e-06	-8.169432e-10	-1.025547e+01	-2.247242e+02
1.530000e-06	-1.834957e-06	-8.052564e-10	-9.934347e+00	-2.216473e+02
1.540000e-06	-1.775576e-06	-7.936817e-10	-9.612858e+00	-2.185289e+02
1.550000e-06	-1.716118e-06	-7.806372e-10	-9.290960e+00	-2.153668e+02
1.560000e-06	-1.656625e-06	-7.662907e-10	-8.968865e+00	-2.121587e+02
1.570000e-06	-1.597098e-06	-7.531064e-10	-8.646592e+00	-2.089019e+02
1.580000e-06	-1.537504e-06	-7.416608e-10	-8.323954e+00	-2.055932e+02
1.590000e-06	-1.477853e-06	-7.302228e-10	-8.001004e+00	-2.022296e+02
1.600000e-06	-1.418106e-06	-7.175755e-10	-7.677540e+00	-1.988076e+02
1.610000e-06	-1.358338e-06	-7.045622e-10	-7.353961e+00	-1.953234e+02
1.620000e-06	-1.298541e-06	-6.917042e-10	-7.030223e+00	-1.917733e+02
1.630000e-06	-1.238605e-06	-6.788089e-10	-6.705734e+00	-1.881532e+02
1.640000e-06	-1.178540e-06	-6.658669e-10	-6.380546e+00	-1.844592e+02
1.650000e-06	-1.118309e-06	-6.521473e-10	-6.054455e+00	-1.806870e+02
1.660000e-06	-1.058042e-06	-6.378481e-10	-5.728174e+00	-1.768327e+02
1.670000e-06	-9.977934e-07	-6.233670e-10	-5.401993e+00	-1.728921e+02
1.680000e-06	-9.374324e-07	-6.091639e-10	-5.075202e+00	-1.688612e+02
1.690000e-06	-8.769726e-07	-5.947671e-10	-4.747876e+00	-1.647363e+02
1.700000e-06	-8.164910e-07	-5.789638e-10	-4.420433e+00	-1.605138e+02
1.710000e-06	-7.558728e-07	-5.630563e-10	-4.092250e+00	-1.561903e+02
1.720000e-06	-6.951725e-07	-5.483842e-10	-3.763622e+00	-1.517630e+02
1.730000e-06	-6.345534e-07	-5.339151e-10	-3.435434e+00	-1.472292e+02
1.740000e-06	-5.738972e-07	-5.177256e-10	-3.107045e+00	-1.425867e+02
1.750000e-06	-5.131781e-07	-5.000019e-10	-2.778315e+00	-1.378340e+02
1.760000e-06	-4.523548e-07	-4.816302e-10	-2.449022e+00	-1.329698e+02
1.770000e-06	-3.915141e-07	-4.628618e-10	-2.119633e+00	-1.279937e+02
1.780000e-06	-3.306136e-07	-4.444122e-10	-1.789922e+00	-1.229056e+02
1.790000e-06	-2.696524e-07	-4.260589e-10	-1.459882e+00	-1.177064e+02
1.800000e-06	-2.087089e-07	-4.073747e-10	-1.129937e+00	-1.123972e+02
1.810000e-06	-1.477621e-07	-3.881534e-10	-7.999751e-01	-1.069803e+02
1.820000e-06	-8.684856e-08	-3.686051e-10	-4.701928e-01	-1.014581e+02
1.830000e-06	-2.591981e-08	-3.485340e-10	-1.403283e-01	-9.583429e+01
1.840000e-06	3.497527e-08	-3.274647e-10	1.893540e-01	-9.011275e+01
1.850000e-06	9.587103e-08	-3.064192e-10	5.190399e-01	-8.429826e+01
1.860000e-06	1.568870e-07	-2.853539e-10	8.493764e-01	-7.839615e+01
1.870000e-06	2.179343e-07	-2.626061e-10	1.179883e+00	-7.241236e+01
1.880000e-06	2.789037e-07	-2.386605e-10	1.509967e+00	-6.635338e+01
1.890000e-06	3.398318e-07	-2.149330e-10	1.839829e+00	-6.022621e+01
1.900000e-06	4.006625e-07	-1.917202e-10	2.169162e+00	-5.403830e+01
1.910000e-06	4.614078e-07	-1.678554e-10	2.498034e+00	-4.779749e+01
1.920000e-06	5.221544e-07	-1.429715e-10	2.826912e+00	-4.151194e+01
1.930000e-06	5.828659e-07	-1.183906e-10	3.155601e+00	-3.519008e+01
1.940000e-06	6.435184e-07	-9.507808e-11	3.483969e+00	-2.884049e+01
1.950000e-06	7.041731e-07	-7.222913e-11	3.812350e+00	-2.247188e+01
1.960000e-06	7.647238e-07	-4.787072e-11	4.140168e+00	-1.609300e+01
1.970000e-06	8.250426e-07	-2.368686e-11	4.466731e+00	-9.712532e+00
1.980000e-06	8.852832e-07	-1.055144e-12	4.792869e+00	-3.339045e+00
1.990000e-06	9.456174e-07	2.168009e-11	5.119515e+00	3.019088e+00
2.000000e-06	1.005937e-06	4.537862e-11	5.446082e+00	9.353757e+00
2.010000e-06	1.066092e-06	6.935593e-11	5.771758e+00	1.565719e+01
2.020000e-06	1.126166e-06	9.223886e-11	6.096994e+00	2.192199e+01
2.030000e-06	1.186223e-06	1.148702e-10	6.422141e+00	2.814125e+01
2.040000e-06	1.246242e-06	1.380920e-10	6.747076e+00	3.430851e+01
2.050000e-06	1.306206e-06	1.612804e-10	7.071718e+00	4.041787e+01
2.060000e-06	1.366129e-06	1.843253e-10	7.396139e+00	4.646403e+01
2.070000e-06	1.426006e-06	2.074243e-10	7.720309e+00	5.244225e+01
2.080000e-06	1.485811e-06	2.291618e-10	8.044092e+00	5.834843e+01
2.090000e-06	1.545527e-06	2.494168e-10	8.367387e+00	6.417909e+01
2.100000e-06	1.605132e-06	2.703744e-10	8.690087e+00	6.993139e+01
2.110000e-06	1.664659e-06	2.917200e-10	9.012363e+00	7.560309e+01
2.120000e-06	1.724164e-06	3.121763e-10	9.334520e+00	8.119259e+01
2.130000e-06	1.783637e-06	3.317438e-10	9.656503e+00	8.669884e+01
2.140000e-06	1.843051e-06	3.514831e-10	9.978167e+00	9.212138e+01
2.150000e-06	1.902346e-06	3.713631e-10	1.029918e+01	9.746024e+01
2.160000e-06	1.961398e-06	3.911562e-10	1.061889e+01	1.027160e+02
2.170000e-06	2.020194e-06	4.105074e-10	1.093721e+01	1.078895e+02
2.180000e-06	2.078851e-06	4.285393e-10	1.125477e+01	1.129822e+02
2.190000e-06	2.137468e-06	4.461088e-10	1.157212e+01	1.179958e+02
2.200000e-06	2.195784e-06	4.642293e-10	1.188784e+01	1.229322e+02
2.210000e-06	2.253819e-06	4.824567e-10	1.220204e+01	1.277936e+02
2.220000e-06	2.311675e-06	5.000791e-10	1.251526e+01	1.325824e+02
2.230000e-06	2.369186e-06	5.176266e-10	1.282663e+01	1.373010e+02
2.240000e-06	2.426321e-06	5.348070e-10	1.313595e+01	1.419521e+02
2.250000e-06	2.483146e-06	5.519030e-10	1.344360e+01	1.465382e+02
2.260000e-06	2.539825e-06	5.687020e-10	1.375046e+01	1.510618e+02
2.270000e-06	2.596241e-06	5.846674e-10	1.405589e+01	1.555254e+02
2.280000e-06	2.652403e-06	6.012599e-10	1.435995e+01	1.599313e+02
2.290000e-06	2.708389e-06	6.179522e-10	1.466305e+01	1.642818e+02
2.300000e-06	2.764201e-06	6.334130e-10	1.496522e+01	1.685788e+02
2.310000e-06	2.819921e-06	6.481419e-10	1.526688e+01	1.728243e+02
2.320000e-06	2.875443e-06	6.625700e-10	1.556747e+01	1.770198e+02
2.330000e-06	2.930832e-06	6.771782e-10	1.586734e+01	1.811668e+02
2.340000e-06	2.986181e-06	6.922574e-10	1.616700e+01	1.852664e+02
2.350000e-06	3.041373e-06	7.069861e-10	1.646581e+01	1.893196e+02
2.360000e-06	3.096393e-06	7.214245e-10	1.676368e+01	1.933271e+02
2.370000e-06	3.151175e-06	7.360567e-10	1.706027e+01	1.972893e+02
2.380000e-06	3.205681e-06	7.507923e-10	1.735536e+01	2.012066e+02
2.390000e-06	3.259909e-06	7.651067e-10	1.764895e+01	2.050791e+02
2.400000e-06	3.313825e-06	7.788153e-10	1.794085e+01	2.089065e+02
2.410000e-06	3.367574e-06	7.924035e-10	1.823184e+01	2.126888e+02
2.420000e-06	3.421258e-06	8.052634e-10	1.852248e+01	2.164255e+02
2.430000e-06	3.474685e-06	8.177263e-10	1.881174e+01	2.201161e+02
2.440000e-06	3.527762e-06	8.306579e-10	1.909909e+01	2.237601e+02
2.450000e-06	3.580531e-06	8.433385e-10	1.938478e+01	2.273567e+02
2.460000e-06	3.632916e-06	8.557539e-10	1.966839e+01	2.309055e+02
2.470000e-06	3.685001e-06	8.678930e-10	1.995037e+01	2.344056e+02
2.480000e-06	3.736883e-06	8.798602e-10	2.023125e+01	2.378563e+02
2.490000e-06	3.788456e-06	8.916567e-10	2.051047e+01	2.412570e+02
2.500000e-06	3.839727e-06	9.029636e-10	2.078805e+01	2.446071e+02
2.510000e-06	3.890723e-06	9.143680e-10	2.106414e+01	2.479059e+02
2.520000e-06	3.941358e-06	9.257233e-10	2.133827e+01	2.511530e+02
2.530000e-06	3.991702e-06	9.370546e-10	2.161083e+01	2.543480e+02
2.540000e-06	4.041697e-06	9.489233e-10	2.188150e+01	2.574903e+02
2.550000e-06	4.091250e-06	9.607062e-10	2.214978e+01	2.605798e+02
2.560000e-06	4.140347e-06	9.715613e-10	2.241558e+01	2.636163e+02
2.570000e-06	4.188815e-06	9.817869e-10	2.267799e+01	2.665995e+02
2.580000e-06	4.236889e-06	9.924911e-10	2.293826e+01	2.695296e+02
2.590000e-06	4.284805e-06	1.003683e-09	2.319767e+01	2.724064e+02
2.600000e-06	4.332405e-06	1.014583e-09	2.345538e+01	2.752302e+02
2.610000e-06	4.379747e-06	1.024995e-09	2.371168e+01	2.780010e+02
2.620000e-06	4.426914e-06	1.035170e-09	2.396704e+01	2.807192e+02
2.630000e-06	4.473824e-06	1.045064e-09	2.422101e+01	2.833848e+02
2.640000e-06	4.520340e-06	1.054164e-09	2.447285e+01	2.859984e+02
2.650000e-06	4.566414e-06	1.062846e-09	2.472229e+01	2.885601e+02
2.660000e-06	4.612221e-06	1.071452e-09	2.497028e+01	2.910704e+02
2.670000e-06	4.657809e-06	1.079753e-09	2.521709e+01	2.935296e+02
2.680000e-06	4.703124e-06	1.087940e-09	2.546242e+01	2.959382e+02
2.690000e-06	4.748160e-06	1.096245e-09	2.570625e+01	2.982966e+02
2.700000e-06	4.792840e-06	1.105351e-09	2.594814e+01	3.006052e+02
2.710000e-06	4.837163e-06	1.115006e-09	2.618811e+01	3.028645e+02
2.720000e-06	4.881155e-06	1.123331e-09	2.642628e+01	3.050749e+02
2.730000e-06	4.924850e-06	1.130650e-09	2.666284e+01	3.072370e+02
2.740000e-06	4.968318e-06	1.138536e-09	2.689817e+01	3.093512e+02
2.750000e-06	5.011555e-06	1.147099e-09	2.713225e+01	3.114180e+02
2.760000e-06	5.054533e-06	1.154964e-09	2.736493e+01	3.134382e+02
2.770000e-06	5.097143e-06	1.161442e-09	2.759562e+01	3.154122e+02
2.780000e-06	5.139182e-06	1.167510e-09	2.782322e+01	3.173407e+02
2.790000e-06	5.180608e-06	1.173958e-09	2.804750e+01	3.192245e+02
2.800000e-06	5.221456e-06	1.181275e-09	2.826864e+01	3.210644e+02
2.810000e-06	5.261650e-06	1.189315e-09	2.848625e+01	3.228611e+02
2.820000e-06	5.301391e-06	1.197502e-09	2.870141e+01	3.246157e+02
2.830000e-06	5.340950e-06	1.204727e-09	2.891558e+01	3.263291e+02
2.840000e-06	5.380287e-06	1.211575e-09	2.912855e+01	3.280023e+02
2.850000e-06	5.419411e-06	1.218401e-09	2.934036e+01	3.296366e+02
2.860000e-06	5.458182e-06	1.224691e-09	2.955026e+01	3.312332e+02
2.870000e-06	5.496476e-06	1.231305e-09	2.975759e+01	3.327935e+02
2.880000e-06	5.534308e-06	1.238430e-09	2.996241e+01	3.343186e+02
2.890000e-06	5.571795e-06	1.245687e-09	3.016536e+01	3.358103e+02
2.900000e-06	5.609003e-06	1.252454e-09	3.036680e+01	3.372698e+02
2.910000e-06	5.645820e-06	1.258673e-09	3.056612e+01	3.386989e+02
2.920000e-06	5.682265e-06	1.264183e-09	3.076344e+01	3.400989e+02
2.930000e-06	5.718339e-06	1.269473e-09	3.095874e+01	3.414717e+02
2.940000e-06	5.754054e-06	1.275713e-09	3.115210e+01	3.428187e+02
2.950000e-06	5.789433e-06	1.282026e-09	3.134364e+01	3.441415e+02
2.960000e-06	5.824472e-06	1.287595e-09	3.153334e+01	3.454417e+02
2.970000e-06	5.859158e-06	1.292623e-09	3.172112e+01	3.467208e+02
2.980000e-06	5.893304e-06	1.297333e-09	3.190599e+01	3.479802e+02
2.990000e-06	5.926805e-06	1.302860e-09	3.208736e+01	3.492214e+02
3.000000e-06	5.959723e-06	1.309156e-09	3.226558e+01	3.504454e+02
3.010000e-06	5.992097e-06	1.314617e-09	3.244085e+01	3.516536e+02
3.020000e-06	6.023975e-06	1.318481e-09	3.261343e+01	3.528469e+02
3.030000e-06	6.055451e-06	1.322819e-09	3.278384e+01	3.540262e+02
3.040000e-06	6.086638e-06	1.329348e-09	3.295269e+01	3.551922e+02
3.050000e-06	6.117462e-06	1.335361e-09	3.311956e+01	3.563457e+02
3.060000e-06	6.147824e-06	1.340137e-09	3.328394e+01	3.574869e+02
3.070000e-06	6.177784e-06	1.345682e-09	3.344614e+01	3.586163e+02
3.080000e-06	6.207345e-06	1.351396e-09	3.360619e+01	3.597340e+02
3.090000e-06	6.236415e-06	1.355650e-09	3.376357e+01	3.608398e+02
3.100000e-06	6.265015e-06	1.358536e-09	3.391841e+01	3.619338e+02
3.110000e-06	6.293233e-06	1.360554e-09	3.407118e+01	3.630157e+02
3.120000e-06	6.321125e-06	1.362570e-09	3.422218e+01	3.640850e+02
3.130000e-06	6.348777e-06	1.366866e-09	3.437189e+01	3.651412e+02
3.140000e-06	6.376100e-06	1.373179e-09	3.451981e+01	3.661838e+02
3.150000e-06	6.402920e-06	1.380233e-09	3.466502e+01	3.672122e+02
3.160000e-06	6.429223e-06	1.386724e-09	3.480742e+01	3.682255e+02
3.170000e-06	6.454734e-06	1.391047e-09	3.494553e+01	3.692232e+02
3.180000e-06	6.479541e-06	1.394430e-09	3.507984e+01	3.702044e+02
3.190000e-06	6.503852e-06	1.398026e-09	3.521146e+01	3.711684e+02
3.200000e-06	6.527558e-06	1.401792e-09	3.533980e+01	3.721145e+02
3.210000e-06	6.550859e-06	1.405706e-09	3.546595e+01	3.730421e+02
3.220000e-06	6.573857e-06	1.411125e-09	3.559046e+01	3.739504e+02
3.230000e-06	6.596414e-06	1.418838e-09	3.571259e+01	3.748391e+02
3.240000e-06	6.618523e-06	1.426064e-09	3.583228e+01	3.757075e+02
3.250000e-06	6.640227e-06	1.429814e-09	3.594978e+01	3.765555e+02
3.260000e-06	6.661468e-06	1.430712e-09	3.606478e+01	3.773826e+02
3.270000e-06	6.682223e-06	1.432307e-09	3.617715e+01	3.781888e+02
3.280000e-06	6.702558e-06	1.436539e-09	3.628724e+01	3.789740e+02
3.290000e-06	6.722568e-06	1.441720e-09	3.639558e+01	3.797383e+02
3.300000e-06	6.742267e-06	1.445847e-09	3.650222e+01	3.804818e+02
3.310000e-06	6.761569e-06	1.448519e-09	3.660672e+01	3.812049e+02
3.320000e-06	6.780320e-06	1.451747e-09	3.670824e+01	3.819078e+02
3.330000e-06	6.798418e-06	1.456457e-09	3.680622e+01	3.825910e+02
3.340000e-06	6.815856e-06	1.460412e-09	3.690063e+01	3.832551e+02
3.350000e-06	6.832825e-06	1.463355e-09	3.699250e+01	3.839006e+02
3.360000e-06	6.849480e-06	1.467108e-09	3.708267e+01	3.845279e+02
3.370000e-06	6.865664e-06	1.471331e-09	3.717029e+01	3.851379e+02
3.380000e-06	6.881379e-06	1.475394e-09	3.725537e+01	3.857310e+02
3.390000e-06	6.896636e-06	1.479352e-09	3.733796e+01	3.863079e+02
3.400000e-06	6.911214e-06	1.482157e-09	3.741689e+01	3.868691e+02
3.410000e-06	6.925080e-06	1.485490e-09	3.749196e+01	3.874152e+02
3.420000e-06	6.938416e-06	1.490592e-09	3.756416e+01	3.879466e+02
3.430000e-06	6.951333e-06	1.495014e-09	3.763409e+01	3.884638e+02
3.440000e-06	6.963866e-06	1.497062e-09	3.770195e+01	3.889669e+02
3.450000e-06	6.975968e-06	1.498152e-09	3.776747e+01	3.894564e+02
3.460000e-06	6.987529e-06	1.501210e-09	3.783006e+01	3.899323e+02
3.470000e-06	6.998569e-06	1.505277e-09	3.788983e+01	3.903946e+02
3.480000e-06	7.008992e-06	1.507899e-09	3.794625e+01	3.908433e+02
3.490000e-06	7.018650e-06	1.509882e-09	3.799854e+01	3.912783e+02
3.500000e-06	7.027398e-06	1.512026e-09	3.804591e+01	3.916992e+02
3.510000e-06	7.035424e-06	1.514863e-09	3.808936e+01	3.921059e+02
3.520000e-06	7.043057e-06	1.518474e-09	3.813068e+01	3.924979e+02
3.530000e-06	7.050385e-06	1.522066e-09	3.817036e+01	3.928748e+02
3.540000e-06	7.057411e-06	1.524889e-09	3.820839e+01	3.932360e+02
3.550000e-06	7.064035e-06	1.526973e-09	3.824426e+01	3.935810e+02
3.560000e-06	7.070150e-06	1.529591e-09	3.827736e+01	3.939093e+02
3.570000e-06	7.075669e-06	1.532483e-09	3.830724e+01	3.942204e+02
3.580000e-06	7.080594e-06	1.533804e-09	3.833390e+01	3.945137e+02
3.590000e-06	7.085073e-06	1.533937e-09	3.835816e+01	3.947886e+02
3.600000e-06	7.089141e-06	1.535210e-09	3.838018e+01	3.950449e+02
3.610000e-06	7.092897e-06	1.538391e-09	3.840051e+01	3.952820e+02
3.620000e-06	7.096357e-06	1.541970e-09	3.841924e+01	3.954996e+02
3.630000e-06	7.099206e-06	1.544133e-09	3.843467e+01	3.956976e+02
3.640000e-06	7.101383e-06	1.544569e-09	3.844645e+01	3.958758e+02
3.650000e-06	7.102897e-06	1.545104e-09	3.845465e+01	3.960341e+02
3.660000e-06	7.103690e-06	1.547038e-09	3.845894e+01	3.961728e+02
3.670000e-06	7.103885e-06	1.549199e-09	3.846000e+01	3.962918e+02
3.680000e-06	7.103612e-06	1.551013e-09	3.845852e+01	3.963916e+02
3.690000e-06	7.103040e-06	1.552551e-09	3.845543e+01	3.964725e+02
3.700000e-06	7.102060e-06	1.553951e-09	3.845012e+01	3.965351e+02
3.710000e-06	7.100403e-06	1.555970e-09	3.844115e+01	3.965800e+02
3.720000e-06	7.098289e-06	1.557821e-09	3.842970e+01	3.966078e+02
3.730000e-06	7.095752e-06	1.557132e-09	3.841597e+01	3.966192e+02
3.740000e-06	7.092792e-06	1.552972e-09	3.839994e+01	3.966151e+02
3.750000e-06	7.089438e-06	1.553186e-09	3.838178e+01	3.965963e+02
3.760000e-06	7.085418e-06	1.567208e-09	3.836002e+01	3.965637e+02
3.770000e-06	7.080618e-06	1.577597e-09	3.833404e+01	3.965181e+02
3.780000e-06	7.075155e-06	1.576068e-09	3.830446e+01	3.964604e+02
3.790000e-06	7.069288e-06	1.563819e-09	3.827270e+01	3.963913e+02
3.800000e-06	7.063019e-06	1.537334e-09	3.823875e+01	3.963117e+02
3.810000e-06	7.056259e-06	1.547405e-09	3.820216e+01	3.962222e+02
3.820000e-06	7.049072e-06	1.581985e-09	3.816324e+01	3.961234e+02
3.830000e-06	7.041266e-06	1.574137e-09	3.812099e+01	3.960159e+02
3.840000e-06	7.032852e-06	1.544164e-09	3.807543e+01	3.959000e+02
3.850000e-06	7.024095e-06	1.556826e-09	3.802802e+01	3.957762e+02
3.860000e-06	7.014895e-06	1.600596e-09	3.797821e+01	3.956445e+02
3.870000e-06	7.005109e-06	1.585102e-09	3.792523e+01	3.955050e+02
3.880000e-06	6.994883e-06	1.520101e-09	3.786987e+01	3.953576e+02
3.890000e-06	6.984305e-06	1.527504e-09	3.781260e+01	3.952022e+02
3.900000e-06	6.973337e-06	1.600694e-09	3.775322e+01	3.950385e+02
3.910000e-06	6.961833e-06	1.597944e-09	3.769094e+01	3.948661e+02
3.920000e-06	6.949585e-06	1.530235e-09	3.762463e+01	3.946844e+02
3.930000e-06	6.936686e-06	1.543193e-09	3.755480e+01	3.944928e+02
3.940000e-06	6.923211e-06	1.604123e-09	3.748184e+01	3.942908e+02
3.950000e-06	6.908991e-06	1.568949e-09	3.740486e+01	3.940774e+02
3.960000e-06	6.894077e-06	1.510481e-09	3.732411e+01	3.938521e+02
3.970000e-06	6.878556e-06	1.562333e-09	3.724008e+01	3.936139e+02
3.980000e-06	6.862438e-06	1.614517e-09	3.715282e+01	3.933622e+02
3.990000e-06	6.845933e-06	1.557069e-09	3.706346e+01	3.930961e+02
4.000000e-06	6.829135e-06	1.528384e-09	3.697252e+01	3.928148e+02
4.010000e-06	6.811903e-06	1.587131e-09	3.687923e+01	3.925177e+02
4.020000e-06	6.794099e-06	1.576468e-09	3.678284e+01	3.922042e+02
4.030000e-06	6.775749e-06	1.514380e-09	3.668349e+01	3.918736e+02
4.040000e-06	6.756969e-06	1.554311e-09	3.658182e+01	3.915255e+02
4.050000e-06	6.737806e-06	1.605518e-09	3.647807e+01	3.911595e+02
4.060000e-06	6.718220e-06	1.546788e-09	3.637203e+01	3.907754e+02
4.070000e-06	6.698148e-06	1.521029e-09	3.626337e+01	3.903731e+02
4.080000e-06	6.677694e-06	1.581364e-09	3.615263e+01	3.899525e+02
4.090000e-06	6.656903e-06	1.566018e-09	3.604007e+01	3.895137e+02
4.100000e-06	6.635660e-06	1.509212e-09	3.592506e+01	3.890570e+02
4.110000e-06	6.613831e-06	1.549953e-09	3.580688e+01	3.885826e+02
4.120000e-06	6.591172e-06	1.581187e-09	3.568420e+01	3.880910e+02
4.130000e-06	6.567689e-06	1.529272e-09	3.555707e+01	3.875828e+02
4.140000e-06	6.543703e-06	1.529993e-09	3.542721e+01	3.870584e+02
4.150000e-06	6.519423e-06	1.566661e-09	3.529576e+01	3.865187e+02
4.160000e-06	6.494823e-06	1.531157e-09	3.516258e+01	3.859643e+02
4.170000e-06	6.469854e-06	1.514553e-09	3.502739e+01	3.853960e+02
4.180000e-06	6.444483e-06	1.557281e-09	3.489004e+01	3.848146e+02
4.190000e-06	6.418699e-06	1.545000e-09	3.475045e+01	3.842208e+02
4.200000e-06	6.392489e-06	1.516126e-09	3.460854e+01	3.836154e+02
4.210000e-06	6.365725e-06	1.542829e-09	3.446365e+01	3.829992e+02
4.220000e-06	6.338368e-06	1.538531e-09	3.431554e+01	3.823727e+02
4.230000e-06	6.310544e-06	1.507926e-09	3.416490e+01	3.817365e+02
4.240000e-06	6.282418e-06	1.528487e-09	3.401263e+01	3.810913e+02
4.250000e-06	6.253987e-06	1.534484e-09	3.385871e+01	3.804374e+02
4.260000e-06	6.225198e-06	1.506201e-09	3.370284e+01	3.797751e+02
4.270000e-06	6.196054e-06	1.518660e-09	3.354506e+01	3.791045e+02
4.280000e-06	6.166395e-06	1.528942e-09	3.338449e+01	3.784258e+02
4.290000e-06	6.135973e-06	1.501515e-09	3.321978e+01	3.777388e+02
4.300000e-06	6.104781e-06	1.505162e-09	3.305091e+01	3.770434e+02
4.310000e-06	6.073033e-06	1.519894e-09	3.287903e+01	3.763393e+02
4.320000e-06	6.040866e-06	1.500690e-09	3.270488e+01	3.756259e+02
4.330000e-06	6.008385e-06	1.500896e-09	3.252903e+01	3.749027e+02
4.340000e-06	5.975719e-06	1.515369e-09	3.235218e+01	3.741690e+02
4.350000e-06	5.942763e-06	1.497748e-09	3.217376e+01	3.734240e+02
4.360000e-06	5.909256e-06	1.489481e-09	3.199235e+01	3.726669e+02
4.370000e-06	5.875150e-06	1.501665e-09	3.180771e+01	3.718966e+02
4.380000e-06	5.840637e-06	1.493459e-09	3.162085e+01	3.711121e+02
4.390000e-06	5.805781e-06	1.486850e-09	3.143214e+01	3.703125e+02
4.400000e-06	5.770541e-06	1.495646e-09	3.124136e+01	3.694965e+02
4.410000e-06	5.734914e-06	1.489977e-09	3.104847e+01	3.686631e+02
4.420000e-06	5.698968e-06	1.482036e-09	3.085387e+01	3.678112e+02
4.430000e-06	5.662797e-06	1.486961e-09	3.065804e+01	3.669398e+02
4.440000e-06	5.626393e-06	1.483440e-09	3.046095e+01	3.660477e+02
4.450000e-06	5.589729e-06	1.475925e-09	3.026245e+01	3.651340e+02
4.460000e-06	5.552649e-06	1.477739e-09	3.006170e+01	3.641979e+02
4.470000e-06	5.514930e-06	1.476076e-09	2.985749e+01	3.632384e+02
4.480000e-06	5.476383e-06	1.470039e-09	2.964880e+01	3.622548e+02
4.490000e-06	5.437091e-06	1.467595e-09	2.943608e+01	3.612465e+02
4.500000e-06	5.397388e-06	1.463402e-09	2.922113e+01	3.602130e+02
4.510000e-06	5.357378e-06	1.458841e-09	2.900452e+01	3.591539e+02
4.520000e-06	5.317082e-06	1.457710e-09	2.878636e+01	3.580687e+02
4.530000e-06	5.276545e-06	1.454976e-09	2.856689e+01	3.569575e+02
4.540000e-06	5.235630e-06	1.449798e-09	2.834538e+01	3.558200e+02
4.550000e-06	5.194269e-06	1.444747e-09	2.812146e+01	3.546563e+02
4.560000e-06	5.152580e-06	1.439757e-09	2.789575e+01	3.534665e+02
4.570000e-06	5.110524e-06	1.435566e-09	2.766806e+01	3.522509e+02
4.580000e-06	5.068060e-06	1.431371e-09	2.743817e+01	3.510098e+02
4.590000e-06	5.025326e-06	1.426151e-09	2.720681e+01	3.497435e+02
4.600000e-06	4.982298e-06	1.422239e-09	2.697386e+01	3.484525e+02
4.610000e-06	4.938852e-06	1.419300e-09	2.673865e+01	3.471373e+02
4.620000e-06	4.895010e-06	1.414454e-09	2.650129e+01	3.457984e+02
4.630000e-06	4.850919e-06	1.408190e-09	2.626258e+01	3.444364e+02
4.640000e-06	4.806618e-06	1.402607e-09	2.602274e+01	3.430518e+02
4.650000e-06	4.762073e-06	1.397599e-09	2.578157e+01	3.416451e+02
4.660000e-06	4.717293e-06	1.392926e-09	2.553914e+01	3.402168e+02
4.670000e-06	4.672266e-06	1.389096e-09	2.529536e+01	3.387674e+02
4.680000e-06	4.626917e-06	1.384421e-09	2.504985e+01	3.372974e+02
4.690000e-06	4.581066e-06	1.377712e-09	2.480161e+01	3.358070e+02
4.700000e-06	4.534721e-06	1.371451e-09	2.455070e+01	3.342966e+02
4.710000e-06	4.488020e-06	1.366072e-09	2.429787e+01	3.327663e+02
4.720000e-06	4.441007e-06	1.360421e-09	2.404334e+01	3.312162e+02
4.730000e-06	4.393765e-06	1.354298e-09	2.378758e+01	3.296463e+02
4.740000e-06	4.346281e-06	1.348149e-09	2.353050e+01	3.280566e+02
4.750000e-06	4.298489e-06	1.343120e-09	2.327176e+01	3.264467e+02
4.760000e-06	4.250440e-06	1.338911e-09	2.301162e+01	3.248164e+02
4.770000e-06	4.202085e-06	1.333518e-09	2.274983e+01	3.231652e+02
4.780000e-06	4.153333e-06	1.326959e-09	2.248589e+01	3.214927e+02
4.790000e-06	4.104131e-06	1.320799e-09	2.221952e+01	3.197981e+02
4.800000e-06	4.054556e-06	1.315148e-09	2.195112e+01	3.180809e+02
4.810000e-06	4.004652e-06	1.309257e-09	2.168094e+01	3.163401e+02
4.820000e-06	3.954381e-06	1.302761e-09	2.140878e+01	3.145749e+02
4.830000e-06	3.903837e-06	1.295273e-09	2.113513e+01	3.127844e+02
4.840000e-06	3.853152e-06	1.286996e-09	2.086073e+01	3.109677e+02
4.850000e-06	3.802328e-06	1.280191e-09	2.058557e+01	3.091237e+02
4.860000e-06	3.751235e-06	1.275138e-09	2.030896e+01	3.072514e+02
4.870000e-06	3.699804e-06	1.269713e-09	2.003051e+01	3.053497e+02
4.880000e-06	3.648016e-06	1.262884e-09	1.975014e+01	3.034178e+02
4.890000e-06	3.595872e-06	1.254883e-09	1.946783e+01	3.014545e+02
4.900000e-06	3.543470e-06	1.246596e-09	1.918413e+01	2.994590e+02
4.910000e-06	3.490796e-06	1.237997e-09	1.889895e+01	2.974303e+02
4.920000e-06	3.437832e-06	1.228866e-09	1.861221e+01	2.953676e+02
4.930000e-06	3.384520e-06	1.219790e-09	1.832358e+01	2.932702e+02
4.940000e-06	3.330885e-06	1.211410e-09	1.803321e+01	2.911373e+02
4.950000e-06	3.277124e-06	1.203689e-09	1.774215e+01	2.889685e+02
4.960000e-06	3.223013e-06	1.195405e-09	1.744920e+01	2.867633e+02
4.970000e-06	3.168398e-06	1.186730e-09	1.715351e+01	2.845212e+02
4.980000e-06	3.113477e-06	1.178746e-09	1.685618e+01	2.822421e+02
4.990000e-06	3.058278e-06	1.170292e-09	1.655733e+01	2.799257e+02
5.000000e-06	3.002660e-06	1.160208e-09	1.625622e+01	2.775722e+02
5.010000e-06	2.946669e-06	1.150116e-09	1.595308e+01	2.751814e+02
5.020000e-06	2.890479e-06	1.140557e-09	1.564887e+01	2.727537e+02
5.030000e-06	2.834148e-06	1.129701e-09	1.534390e+01	2.702892e+02
5.040000e-06	2.777865e-06	1.118466e-09	1.503919e+01	2.677882e+02
5.050000e-06	2.721601e-06	1.107659e-09	1.473458e+01	2.652511e+02
5.060000e-06	2.665107e-06	1.096027e-09	1.442873e+01	2.626783e+02
5.070000e-06	2.608352e-06	1.085030e-09	1.412146e+01	2.600703e+02
5.080000e-06	2.551377e-06	1.074933e-09	1.381300e+01	2.574274e+02
5.090000e-06	2.494276e-06	1.063888e-09	1.350386e+01	2.547501e+02
5.100000e-06	2.437021e-06	1.052751e-09	1.319388e+01	2.520386e+02
5.110000e-06	2.379514e-06	1.041886e-09	1.288255e+01	2.492933e+02
5.120000e-06	2.321848e-06	1.030199e-09	1.257034e+01	2.465142e+02
5.130000e-06	2.264047e-06	1.018400e-09	1.225741e+01	2.437015e+02
5.140000e-06	2.206044e-06	1.007066e-09	1.194339e+01	2.408550e+02
5.150000e-06	2.147911e-06	9.954458e-10	1.162866e+01	2.379743e+02
5.160000e-06	2.089601e-06	9.834573e-10	1.131297e+01	2.350591e+02
5.170000e-06	2.031117e-06	9.716977e-10	1.099634e+01	2.321085e+02
5.180000e-06	1.972551e-06	9.595585e-10	1.067927e+01	2.291216e+02
5.190000e-06	1.913854e-06	9.461100e-10	1.036149e+01	2.260972e+02
5.200000e-06	1.854961e-06	9.321966e-10	1.004265e+01	2.230337e+02
5.210000e-06	1.795928e-06	9.190237e-10	9.723044e+00	2.199294e+02
5.220000e-06	1.736806e-06	9.059932e-10	9.402964e+00	2.167823e+02
5.230000e-06	1.677572e-06	8.925089e-10	9.082273e+00	2.135899e+02
5.240000e-06	1.618223e-06	8.787926e-10	8.760961e+00	2.103497e+02
5.250000e-06	1.558782e-06	8.646755e-10	8.439151e+00	2.070588e+02
5.260000e-06	1.499199e-06	8.507582e-10	8.116570e+00	2.037140e+02
5.270000e-06	1.439472e-06	8.371488e-10	7.793213e+00	2.003119e+02
5.280000e-06	1.379717e-06	8.229054e-10	7.469706e+00	1.968490e+02
5.290000e-06	1.319929e-06	8.081861e-10	7.146013e+00	1.933213e+02
5.300000e-06	1.260003e-06	7.929158e-10	6.821579e+00	1.897252e+02
5.310000e-06	1.199942e-06	7.764010e-10	6.496412e+00	1.860563e+02
5.320000e-06	1.139826e-06	7.594709e-10	6.170946e+00	1.823108e+02
5.330000e-06	1.079682e-06	7.430736e-10	5.845333e+00	1.784844e+02
5.340000e-06	1.019511e-06	7.273762e-10	5.519571e+00	1.745731e+02
5.350000e-06	9.593113e-07	7.119528e-10	5.193653e+00	1.705728e+02
5.360000e-06	8.990532e-07	6.958448e-10	4.867419e+00	1.664798e+02
5.370000e-06	8.387335e-07	6.784850e-10	4.540852e+00	1.622903e+02
5.380000e-06	7.784414e-07	6.595422e-10	4.214434e+00	1.580009e+02
5.390000e-06	7.181242e-07	6.397589e-10	3.887881e+00	1.536086e+02
5.400000e-06	6.576819e-07	6.206985e-10	3.560650e+00	1.491107e+02
5.410000e-06	5.971984e-07	6.018407e-10	3.233196e+00	1.445047e+02
5.420000e-06	5.366934e-07	5.819641e-10	2.905625e+00	1.397890e+02
5.430000e-06	4.762030e-07	5.618921e-10	2.578134e+00	1.349622e+02
5.440000e-06	4.157716e-07	5.419407e-10	2.250962e+00	1.300235e+02
5.450000e-06	3.553151e-07	5.213292e-10	1.923654e+00	1.249728e+02
5.460000e-06	2.948087e-07	4.998084e-10	1.596077e+00	1.198106e+02
5.470000e-06	2.342587e-07	4.776678e-10	1.268262e+00	1.145380e+02
5.480000e-06	1.737169e-07	4.551409e-10	9.404930e-01	1.091568e+02
5.490000e-06	1.132094e-07	4.313268e-10	6.129090e-01	1.036694e+02
5.500000e-06	5.269780e-08	4.059697e-10	2.853027e-01	9.807919e+01
5.510000e-06	-7.822241e-09	3.808285e-10	-4.234914e-02	9.238983e+01
5.520000e-06	-6.836395e-08	3.562904e-10	-3.701182e-01	8.660586e+01
5.530000e-06	-1.288955e-07	3.315630e-10	-6.978324e-01	8.073242e+01
5.540000e-06	-1.894104e-07	3.074381e-10	-1.025456e+00	7.477526e+01
5.550000e-06	-2.498960e-07	2.836293e-10	-1.352922e+00	6.874069e+01
5.560000e-06	-3.103893e-07	2.589385e-10	-1.680429e+00	6.263554e+01
5.570000e-06	-3.709395e-07	2.336737e-10	-2.008244e+00	5.646713e+01
5.580000e-06	-4.314930e-07	2.077713e-10	-2.336077e+00	5.024316e+01
5.590000e-06	-4.919603e-07	1.810771e-10	-2.663443e+00	4.397170e+01
5.600000e-06	-5.523981e-07	1.548153e-10	-2.990650e+00	3.766108e+01
5.610000e-06	-6.128950e-07	1.293418e-10	-3.318176e+00	3.131987e+01
5.620000e-06	-6.733050e-07	1.040635e-10	-3.645232e+00	2.495673e+01
5.630000e-06	-7.336824e-07	7.894171e-11	-3.972112e+00	1.858041e+01
5.640000e-06	-7.940609e-07	5.324365e-11	-4.298998e+00	1.219961e+01
5.650000e-06	-8.543370e-07	2.672346e-11	-4.625328e+00	5.822949e+00
5.660000e-06	-9.145715e-07	4.017515e-15	-4.951435e+00	-5.411172e-01
5.670000e-06	-9.747603e-07	-2.670338e-11	-5.277293e+00	-6.884390e+00
5.680000e-06	-1.034852e-06	-5.209532e-11	-5.602627e+00	-1.319897e+01
5.690000e-06	-1.094918e-06	-7.652982e-11	-5.927821e+00	-1.947735e+01
5.700000e-06	-1.154975e-06	-1.021754e-10	-6.252964e+00	-2.571243e+01
5.710000e-06	-1.214963e-06	-1.285594e-10	-6.577738e+00	-3.189760e+01
5.720000e-06	-1.274800e-06	-1.543898e-10	-6.901690e+00	-3.802679e+01
5.730000e-06	-1.334579e-06	-1.795325e-10	-7.225330e+00	-4.409447e+01
5.740000e-06	-1.394381e-06	-2.041413e-10	-7.549091e+00	-5.009573e+01
5.750000e-06	-1.454021e-06	-2.280157e-10	-7.871983e+00	-5.602624e+01
5.760000e-06	-1.513458e-06	-2.522945e-10	-8.193769e+00	-6.188232e+01
5.770000e-06	-1.572848e-06	-2.774127e-10	-8.515302e+00	-6.766092e+01
5.780000e-06	-1.632117e-06	-3.013034e-10	-8.836183e+00	-7.335960e+01
5.790000e-06	-1.691350e-06	-3.244151e-10	-9.156868e+00	-7.897654e+01
5.800000e-06	-1.750538e-06	-3.483055e-10	-9.477307e+00	-8.451052e+01
5.810000e-06	-1.809483e-06	-3.719720e-10	-9.796431e+00	-8.996088e+01
5.820000e-06	-1.868304e-06	-3.942897e-10	-1.011488e+01	-9.532750e+01
5.830000e-06	-1.927004e-06	-4.160669e-10	-1.043268e+01	-1.006108e+02
5.840000e-06	-1.985543e-06	-4.377979e-10	-1.074961e+01	-1.058115e+02
5.850000e-06	-2.043961e-06	-4.588989e-10	-1.106588e+01	-1.109308e+02
5.860000e-06	-2.102252e-06	-4.808575e-10	-1.138146e+01	-1.159705e+02
5.870000e-06	-2.160292e-06	-5.044694e-10	-1.169569e+01	-1.209323e+02
5.880000e-06	-2.218145e-06	-5.271655e-10	-1.200890e+01	-1.258183e+02
5.890000e-06	-2.275831e-06	-5.475620e-10	-1.232121e+01	-1.306309e+02
5.900000e-06	-2.333340e-06	-5.671397e-10	-1.263256e+01	-1.353726e+02
5.910000e-06	-2.390750e-06	-5.870902e-10	-1.294338e+01	-1.400458e+02
5.920000e-06	-2.447895e-06	-6.062539e-10	-1.325276e+01	-1.446532e+02
5.930000e-06	-2.504754e-06	-6.249816e-10	-1.356059e+01	-1.491972e+02
5.940000e-06	-2.561557e-06	-6.448661e-10	-1.386811e+01	-1.536804e+02
5.950000e-06	-2.618388e-06	-6.655735e-10	-1.417579e+01	-1.581052e+02
5.960000e-06	-2.675058e-06	-6.859548e-10	-1.448260e+01	-1.624738e+02
5.970000e-06	-2.731476e-06	-7.045263e-10	-1.478805e+01	-1.667884e+02
5.980000e-06	-2.787716e-06	-7.212892e-10	-1.509253e+01	-1.710508e+02
5.990000e-06	-2.843827e-06	-7.380199e-10	-1.539631e+01	-1.752627e+02
6.000000e-06	-2.899888e-06	-7.557580e-10	-1.569982e+01	-1.794256e+02
6.010000e-06	-2.955844e-06	-7.736670e-10	-1.600276e+01	-1.835408e+02
6.020000e-06	-3.011571e-06	-7.910710e-10	-1.630446e+01	-1.876093e+02
6.030000e-06	-3.066983e-06	-8.092218e-10	-1.660446e+01	-1.916319e+02
6.040000e-06	-3.122079e-06	-8.275186e-10	-1.690275e+01	-1.956090e+02
6.050000e-06	-3.176844e-06	-8.443201e-10	-1.719924e+01	-1.995412e+02
6.060000e-06	-3.231236e-06	-8.597473e-10	-1.749371e+01	-2.034285e+02
6.070000e-06	-3.285167e-06	-8.741430e-10	-1.778570e+01	-2.072708e+02
6.080000e-06	-3.338744e-06	-8.888681e-10	-1.807576e+01	-2.110681e+02
6.090000e-06	-3.392020e-06	-9.040598e-10	-1.836419e+01	-2.148199e+02
6.100000e-06	-3.444900e-06	-9.195392e-10	-1.865048e+01	-2.185259e+02
6.110000e-06	-3.497513e-06	-9.355330e-10	-1.893532e+01	-2.221854e+02
6.120000e-06	-3.549840e-06	-9.505566e-10	-1.921862e+01	-2.257978e+02
6.130000e-06	-3.601925e-06	-9.645700e-10	-1.950060e+01	-2.293625e+02
6.140000e-06	-3.653927e-06	-9.799207e-10	-1.978214e+01	-2.328787e+02
6.150000e-06	-3.705653e-06	-9.964233e-10	-2.006218e+01	-2.363459e+02
6.160000e-06	-3.756909e-06	-1.011527e-09	-2.033967e+01	-2.397633e+02
6.170000e-06	-3.807883e-06	-1.024752e-09	-2.061565e+01	-2.431302e+02
6.180000e-06	-3.858663e-06	-1.037896e-09	-2.089057e+01	-2.464461e+02
6.190000e-06	-3.909217e-06	-1.051957e-09	-2.116426e+01	-2.497104e+02
6.200000e-06	-3.959389e-06	-1.066170e-09	-2.143589e+01	-2.529226e+02
6.210000e-06	-4.009200e-06	-1.079826e-09	-2.170556e+01	-2.560825e+02
6.220000e-06	-4.058773e-06	-1.093684e-09	-2.197395e+01	-2.591895e+02
6.230000e-06	-4.107962e-06	-1.108154e-09	-2.224026e+01	-2.622436e+02
6.240000e-06	-4.156850e-06	-1.122042e-09	-2.250493e+01	-2.652445e+02
6.250000e-06	-4.205217e-06	-1.134836e-09	-2.276679e+01	-2.681921e+02
6.260000e-06	-4.252934e-06	-1.146142e-09	-2.302513e+01	-2.710866e+02
6.270000e-06	-4.300342e-06	-1.156349e-09	-2.328179e+01	-2.739280e+02
6.280000e-06	-4.347571e-06	-1.167241e-09	-2.353748e+01	-2.767163e+02
6.290000e-06	-4.394479e-06	-1.178814e-09	-2.379144e+01	-2.794519e+02
6.300000e-06	-4.441051e-06	-1.190551e-09	-2.404358e+01	-2.821349e+02
6.310000e-06	-4.487439e-06	-1.201952e-09	-2.429472e+01	-2.847657e+02
6.320000e-06	-4.533503e-06	-1.212104e-09	-2.454411e+01	-2.873446e+02
6.330000e-06	-4.579255e-06	-1.222758e-09	-2.479181e+01	-2.898719e+02
6.340000e-06	-4.624784e-06	-1.234115e-09	-2.503830e+01	-2.923480e+02
6.350000e-06	-4.669908e-06	-1.243754e-09	-2.528260e+01	-2.947733e+02
6.360000e-06	-4.714539e-06	-1.251983e-09	-2.552423e+01	-2.971483e+02
6.370000e-06	-4.758905e-06	-1.260493e-09	-2.576442e+01	-2.994734e+02
6.380000e-06	-4.803186e-06	-1.269547e-09	-2.600415e+01	-3.017489e+02
6.390000e-06	-4.847280e-06	-1.278850e-09	-2.624288e+01	-3.039755e+02
6.400000e-06	-4.891136e-06	-1.288067e-09	-2.648031e+01	-3.061535e+02
6.410000e-06	-4.934674e-06	-1.296766e-09	-2.671602e+01	-3.082835e+02
6.420000e-06	-4.977785e-06	-1.305134e-09	-2.694942e+01	-3.103660e+02
6.430000e-06	-5.020474e-06	-1.313434e-09	-2.718054e+01	-3.124015e+02
6.440000e-06	-5.062760e-06	-1.321431e-09	-2.740947e+01	-3.143907e+02
6.450000e-06	-5.104783e-06	-1.328662e-09	-2.763698e+01	-3.163342e+02
6.460000e-06	-5.146520e-06	-1.335160e-09	-2.786295e+01	-3.182328e+02
6.470000e-06	-5.187829e-06	-1.341978e-09	-2.808659e+01	-3.200871e+02
6.480000e-06	-5.228758e-06	-1.349683e-09	-2.830818e+01	-3.218980e+02
6.490000e-06	-5.269427e-06	-1.356911e-09	-2.852836e+01	-3.236664e+02
6.500000e-06	-5.309844e-06	-1.362747e-09	-2.874717e+01	-3.253933e+02
6.510000e-06	-5.349974e-06	-1.368445e-09	-2.896444e+01	-3.270797e+02
6.520000e-06	-5.389887e-06	-1.375394e-09	-2.918052e+01	-3.287268e+02
6.530000e-06	-5.429432e-06	-1.383069e-09	-2.939461e+01	-3.303357e+02
6.540000e-06	-5.468291e-06	-1.390623e-09	-2.960499e+01	-3.319078e+02
6.550000e-06	-5.506551e-06	-1.396866e-09	-2.981213e+01	-3.334444e+02
6.560000e-06	-5.544279e-06	-1.401809e-09	-3.001639e+01	-3.349470e+02
6.570000e-06	-5.581373e-06	-1.406998e-09	-3.021721e+01	-3.364169e+02
6.580000e-06	-5.617980e-06	-1.413262e-09	-3.041540e+01	-3.378559e+02
6.590000e-06	-5.654311e-06	-1.419196e-09	-3.061210e+01	-3.392653e+02
6.600000e-06	-5.690426e-06	-1.423361e-09	-3.080762e+01	-3.406469e+02
6.610000e-06	-5.726282e-06	-1.427892e-09	-3.100174e+01	-3.420022e+02
6.620000e-06	-5.761829e-06	-1.433865e-09	-3.119419e+01	-3.433328e+02
6.630000e-06	-5.797034e-06	-1.439807e-09	-3.138479e+01	-3.446403e+02
6.640000e-06	-5.831869e-06	-1.443927e-09	-3.157338e+01	-3.459262e+02
6.650000e-06	-5.866181e-06	-1.446805e-09	-3.175915e+01	-3.471919e+02
6.660000e-06	-5.899930e-06	-1.450053e-09	-3.194186e+01	-3.484389e+02
6.670000e-06	-5.933180e-06	-1.454057e-09	-3.212187e+01	-3.496684e+02
6.680000e-06	-5.966066e-06	-1.459195e-09	-3.229992e+01	-3.508816e+02
6.690000e-06	-5.998682e-06	-1.463481e-09	-3.247650e+01	-3.520797e+02
6.700000e-06	-6.030991e-06	-1.465275e-09	-3.265142e+01	-3.532635e+02
6.710000e-06	-6.062965e-06	-1.467176e-09	-3.282453e+01	-3.544338e+02
6.720000e-06	-6.094526e-06	-1.471207e-09	-3.299539e+01	-3.555913e+02
6.730000e-06	-6.125621e-06	-1.476186e-09	-3.316374e+01	-3.567364e+02
6.740000e-06	-6.156036e-06	-1.480036e-09	-3.332840e+01	-3.578697e+02
6.750000e-06	-6.185611e-06	-1.483208e-09	-3.348852e+01	-3.589911e+02
6.760000e-06	-6.214593e-06	-1.487055e-09	-3.364543e+01	-3.601008e+02
6.770000e-06	-6.243197e-06	-1.490937e-09	-3.380029e+01	-3.611987e+02
6.780000e-06	-6.271459e-06	-1.493372e-09	-3.395330e+01	-3.622845e+02
6.790000e-06	-6.299348e-06	-1.494872e-09	-3.410429e+01	-3.633580e+02
6.800000e-06	-6.326887e-06	-1.497790e-09	-3.425338e+01	-3.644185e+02
6.810000e-06	-6.354033e-06	-1.502464e-09	-3.440035e+01	-3.654656e+02
6.820000e-06	-6.380702e-06	-1.506761e-09	-3.454473e+01	-3.664987e+02
6.830000e-06	-6.406926e-06	-1.508713e-09	-3.468671e+01	-3.675171e+02
6.840000e-06	-6.432705e-06	-1.509173e-09	-3.482627e+01	-3.685199e+02
6.850000e-06	-6.457859e-06	-1.510513e-09	-3.496245e+01	-3.695066e+02
6.860000e-06	-6.482594e-06	-1.512794e-09	-3.509637e+01	-3.704763e+02
6.870000e-06	-6.507065e-06	-1.514767e-09	-3.522885e+01	-3.714284e+02
6.880000e-06	-6.531214e-06	-1.517041e-09	-3.535959e+01	-3.723621e+02
6.890000e-06	-6.555076e-06	-1.520495e-09	-3.548878e+01	-3.732768e+02
6.900000e-06	-6.578370e-06	-1.524646e-09	-3.561489e+01	-3.741720e+02
6.910000e-06	-6.600975e-06	-1.528371e-09	-3.573728e+01	-3.750471e+02
6.920000e-06	-6.622876e-06	-1.531406e-09	-3.585584e+01	-3.759018e+02
6.930000e-06	-6.644108e-06	-1.533412e-09	-3.597080e+01	-3.767358e+02
6.940000e-06	-6.664911e-06	-1.534619e-09	-3.608342e+01	-3.775489e+02
6.950000e-06	-6.685357e-06	-1.536365e-09	-3.619412e+01	-3.783410e+02
6.960000e-06	-6.705355e-06	-1.538736e-09	-3.630238e+01	-3.791121e+02
6.970000e-06	-6.724939e-06	-1.540988e-09	-3.640841e+01	-3.798624e+02
6.980000e-06	-6.744182e-06	-1.541895e-09	-3.651259e+01	-3.805922e+02
6.990000e-06	-6.762930e-06	-1.542452e-09	-3.661409e+01	-3.813017e+02
7.000000e-06	-6.781107e-06	-1.543544e-09	-3.671250e+01	-3.819914e+02
7.010000e-06	-6.798835e-06	-1.544632e-09	-3.680848e+01	-3.826617e+02
7.020000e-06	-6.816087e-06	-1.545783e-09	-3.690188e+01	-3.833132e+02
7.030000e-06	-6.832913e-06	-1.546335e-09	-3.699297e+01	-3.839464e+02
7.040000e-06	-6.849405e-06	-1.547075e-09	-3.708226e+01	-3.845620e+02
7.050000e-06	-6.865558e-06	-1.549123e-09	-3.716971e+01	-3.851605e+02
7.060000e-06	-6.881297e-06	-1.551190e-09	-3.725492e+01	-3.857427e+02
7.070000e-06	-6.896312e-06	-1.551974e-09	-3.733621e+01	-3.863090e+02
7.080000e-06	-6.910363e-06	-1.552217e-09	-3.741228e+01	-3.868599e+02
7.090000e-06	-6.923573e-06	-1.553289e-09	-3.748380e+01	-3.873961e+02
7.100000e-06	-6.936261e-06	-1.555666e-09	-3.755250e+01	-3.879179e+02
7.110000e-06	-6.948528e-06	-1.558018e-09	-3.761891e+01	-3.884256e+02
7.120000e-06	-6.960351e-06	-1.558142e-09	-3.768292e+01	-3.889195e+02
7.130000e-06	-6.971832e-06	-1.557075e-09	-3.774507e+01	-3.893998e+02
7.140000e-06	-6.982807e-06	-1.557293e-09	-3.780449e+01	-3.898665e+02
7.150000e-06	-6.993126e-06	-1.558843e-09	-3.786036e+01	-3.903197e+02
7.160000e-06	-7.002939e-06	-1.560417e-09	-3.791348e+01	-3.907591e+02
7.170000e-06	-7.012350e-06	-1.561063e-09	-3.796444e+01	-3.911847e+02
7.180000e-06	-7.021402e-06	-1.561177e-09	-3.801344e+01	-3.915961e+02
7.190000e-06	-7.030046e-06	-1.561917e-09	-3.806024e+01	-3.919929e+02
7.200000e-06	-7.038338e-06	-1.563529e-09	-3.810513e+01	-3.923748e+02
7.210000e-06	-7.046266e-06	-1.564928e-09	-3.814805e+01	-3.927412e+02
7.220000e-06	-7.053599e-06	-1.564788e-09	-3.818776e+01	-3.930916e+02
7.230000e-06	-7.060091e-06	-1.564095e-09	-3.822290e+01	-3.934254e+02
7.240000e-06	-7.065678e-06	-1.564792e-09	-3.825315e+01	-3.937422e+02
7.250000e-06	-7.070652e-06	-1.565717e-09	-3.828008e+01	-3.940413e+02
7.260000e-06	-7.075269e-06	-1.565575e-09	-3.830507e+01	-3.943224e+02
7.270000e-06	-7.079540e-06	-1.564878e-09	-3.832820e+01	-3.945848e+02
7.280000e-06	-7.083414e-06	-1.564718e-09	-3.834917e+01	-3.948282e+02
7.290000e-06	-7.086811e-06	-1.565832e-09	-3.836756e+01	-3.950523e+02
7.300000e-06	-7.089703e-06	-1.566551e-09	-3.838322e+01	-3.952567e+02
7.310000e-06	-7.092146e-06	-1.565186e-09	-3.839645e+01	-3.954414e+02
7.320000e-06	-7.094060e-06	-1.564148e-09	-3.840681e+01	-3.956063e+02
7.330000e-06	-7.095345e-06	-1.564805e-09	-3.841376e+01	-3.957514e+02
7.340000e-06	-7.096163e-06	-1.565959e-09	-3.841819e+01	-3.958768e+02
