# Temperatura_=_-14.0
# Concentracion g/m^3_=_7400.0
# C_Vs_to_Am_M_A/Vsm_=_254322799225.57578
# pendiente_HvsI_1/m_=_3716.3
# ordenada_HvsI_A/m_=_1297.0
# frecuencia_Hz_=_136111.43595568393

Tiempo_(s)	Campo_(V.s)	Magnetizacion_(V.s)	Campo_(kA/m)	Magnetizacion_(A/m)
0.000000e+00	-7.085896e-06	-1.212228e-09	-3.842185e+01	-3.068369e+02
1.000000e-08	-7.086099e-06	-1.211203e-09	-3.842294e+01	-3.068322e+02
2.000000e-08	-7.086013e-06	-1.210842e-09	-3.842248e+01	-3.068147e+02
3.000000e-08	-7.085343e-06	-1.211274e-09	-3.841885e+01	-3.067846e+02
4.000000e-08	-7.083865e-06	-1.211172e-09	-3.841083e+01	-3.067416e+02
5.000000e-08	-7.081547e-06	-1.210104e-09	-3.839826e+01	-3.066858e+02
6.000000e-08	-7.078519e-06	-1.209279e-09	-3.838184e+01	-3.066170e+02
7.000000e-08	-7.075041e-06	-1.214571e-09	-3.836299e+01	-3.065352e+02
8.000000e-08	-7.071118e-06	-1.212932e-09	-3.834172e+01	-3.064405e+02
9.000000e-08	-7.066565e-06	-1.187282e-09	-3.831703e+01	-3.063326e+02
1.000000e-07	-7.061322e-06	-1.174377e-09	-3.828860e+01	-3.062118e+02
1.100000e-07	-7.055604e-06	-1.224146e-09	-3.825759e+01	-3.060779e+02
1.200000e-07	-7.049659e-06	-1.241255e-09	-3.822536e+01	-3.059310e+02
1.300000e-07	-7.043341e-06	-1.188028e-09	-3.819110e+01	-3.057713e+02
1.400000e-07	-7.036494e-06	-1.164977e-09	-3.815397e+01	-3.055988e+02
1.500000e-07	-7.029144e-06	-1.219653e-09	-3.811412e+01	-3.054137e+02
1.600000e-07	-7.021536e-06	-1.237136e-09	-3.807286e+01	-3.052162e+02
1.700000e-07	-7.013542e-06	-1.154226e-09	-3.802952e+01	-3.050064e+02
1.800000e-07	-7.004898e-06	-1.140083e-09	-3.798265e+01	-3.047847e+02
1.900000e-07	-6.995432e-06	-1.223039e-09	-3.793132e+01	-3.045513e+02
2.000000e-07	-6.985397e-06	-1.237032e-09	-3.787691e+01	-3.043065e+02
2.100000e-07	-6.974886e-06	-1.157011e-09	-3.781991e+01	-3.040506e+02
2.200000e-07	-6.963730e-06	-1.149621e-09	-3.775943e+01	-3.037840e+02
2.300000e-07	-6.951959e-06	-1.206104e-09	-3.769560e+01	-3.035070e+02
2.400000e-07	-6.939738e-06	-1.193960e-09	-3.762933e+01	-3.032199e+02
2.500000e-07	-6.927057e-06	-1.151548e-09	-3.756057e+01	-3.029231e+02
2.600000e-07	-6.913714e-06	-1.177680e-09	-3.748822e+01	-3.026169e+02
2.700000e-07	-6.899677e-06	-1.196147e-09	-3.741211e+01	-3.023017e+02
2.800000e-07	-6.884954e-06	-1.158253e-09	-3.733228e+01	-3.019778e+02
2.900000e-07	-6.869417e-06	-1.161546e-09	-3.724803e+01	-3.016454e+02
3.000000e-07	-6.853031e-06	-1.188650e-09	-3.715918e+01	-3.013049e+02
3.100000e-07	-6.836293e-06	-1.154599e-09	-3.706842e+01	-3.009564e+02
3.200000e-07	-6.819406e-06	-1.133976e-09	-3.697686e+01	-3.006001e+02
3.300000e-07	-6.802137e-06	-1.189053e-09	-3.688322e+01	-3.002363e+02
3.400000e-07	-6.784336e-06	-1.196676e-09	-3.678670e+01	-2.998649e+02
3.500000e-07	-6.766023e-06	-1.135439e-09	-3.668740e+01	-2.994861e+02
3.600000e-07	-6.747177e-06	-1.138907e-09	-3.658521e+01	-2.990997e+02
3.700000e-07	-6.727917e-06	-1.180261e-09	-3.648077e+01	-2.987059e+02
3.800000e-07	-6.708298e-06	-1.155410e-09	-3.637439e+01	-2.983044e+02
3.900000e-07	-6.688260e-06	-1.131738e-09	-3.626575e+01	-2.978952e+02
4.000000e-07	-6.667780e-06	-1.158508e-09	-3.615470e+01	-2.974779e+02
4.100000e-07	-6.646862e-06	-1.157741e-09	-3.604127e+01	-2.970524e+02
4.200000e-07	-6.625426e-06	-1.134873e-09	-3.592504e+01	-2.966184e+02
4.300000e-07	-6.603536e-06	-1.149020e-09	-3.580635e+01	-2.961755e+02
4.400000e-07	-6.581109e-06	-1.149091e-09	-3.568474e+01	-2.957234e+02
4.500000e-07	-6.558101e-06	-1.124232e-09	-3.555999e+01	-2.952617e+02
4.600000e-07	-6.534664e-06	-1.132905e-09	-3.543290e+01	-2.947898e+02
4.700000e-07	-6.510966e-06	-1.149039e-09	-3.530441e+01	-2.943075e+02
4.800000e-07	-6.486998e-06	-1.130792e-09	-3.517444e+01	-2.938143e+02
4.900000e-07	-6.462728e-06	-1.121019e-09	-3.504284e+01	-2.933097e+02
5.000000e-07	-6.437999e-06	-1.127421e-09	-3.490876e+01	-2.927932e+02
5.100000e-07	-6.412522e-06	-1.122679e-09	-3.477061e+01	-2.922645e+02
5.200000e-07	-6.386174e-06	-1.120564e-09	-3.462774e+01	-2.917231e+02
5.300000e-07	-6.359039e-06	-1.123219e-09	-3.448061e+01	-2.911686e+02
5.400000e-07	-6.331463e-06	-1.114052e-09	-3.433109e+01	-2.906006e+02
5.500000e-07	-6.303559e-06	-1.112489e-09	-3.417978e+01	-2.900188e+02
5.600000e-07	-6.275382e-06	-1.116247e-09	-3.402700e+01	-2.894229e+02
5.700000e-07	-6.246933e-06	-1.105664e-09	-3.387274e+01	-2.888126e+02
5.800000e-07	-6.218144e-06	-1.100978e-09	-3.371664e+01	-2.881876e+02
5.900000e-07	-6.188913e-06	-1.105516e-09	-3.355813e+01	-2.875478e+02
6.000000e-07	-6.159227e-06	-1.096665e-09	-3.339717e+01	-2.868930e+02
6.100000e-07	-6.129142e-06	-1.092248e-09	-3.323404e+01	-2.862231e+02
6.200000e-07	-6.098571e-06	-1.098921e-09	-3.306827e+01	-2.855381e+02
6.300000e-07	-6.067493e-06	-1.087323e-09	-3.289976e+01	-2.848378e+02
6.400000e-07	-6.036045e-06	-1.075668e-09	-3.272924e+01	-2.841223e+02
6.500000e-07	-6.004387e-06	-1.082787e-09	-3.255758e+01	-2.833915e+02
6.600000e-07	-5.972534e-06	-1.080964e-09	-3.238487e+01	-2.826456e+02
6.700000e-07	-5.940172e-06	-1.069984e-09	-3.220938e+01	-2.818846e+02
6.800000e-07	-5.907164e-06	-1.072371e-09	-3.203041e+01	-2.811086e+02
6.900000e-07	-5.873433e-06	-1.069555e-09	-3.184751e+01	-2.803175e+02
7.000000e-07	-5.839033e-06	-1.058521e-09	-3.166098e+01	-2.795117e+02
7.100000e-07	-5.804144e-06	-1.058885e-09	-3.147180e+01	-2.786910e+02
7.200000e-07	-5.768838e-06	-1.060456e-09	-3.128036e+01	-2.778555e+02
7.300000e-07	-5.733226e-06	-1.050177e-09	-3.108727e+01	-2.770054e+02
7.400000e-07	-5.697345e-06	-1.045701e-09	-3.089271e+01	-2.761406e+02
7.500000e-07	-5.661172e-06	-1.046919e-09	-3.069657e+01	-2.752612e+02
7.600000e-07	-5.624633e-06	-1.042304e-09	-3.049844e+01	-2.743670e+02
7.700000e-07	-5.587631e-06	-1.036764e-09	-3.029780e+01	-2.734581e+02
7.800000e-07	-5.550172e-06	-1.032670e-09	-3.009469e+01	-2.725343e+02
7.900000e-07	-5.512304e-06	-1.025807e-09	-2.988936e+01	-2.715955e+02
8.000000e-07	-5.473980e-06	-1.022265e-09	-2.968155e+01	-2.706414e+02
8.100000e-07	-5.435213e-06	-1.021229e-09	-2.947135e+01	-2.696719e+02
8.200000e-07	-5.396079e-06	-1.015353e-09	-2.925915e+01	-2.686868e+02
8.300000e-07	-5.356672e-06	-1.007624e-09	-2.904547e+01	-2.676855e+02
8.400000e-07	-5.317101e-06	-1.002512e-09	-2.883091e+01	-2.666680e+02
8.500000e-07	-5.277268e-06	-9.994954e-10	-2.861492e+01	-2.656337e+02
8.600000e-07	-5.237032e-06	-9.963471e-10	-2.839675e+01	-2.645822e+02
8.700000e-07	-5.196422e-06	-9.914357e-10	-2.817655e+01	-2.635132e+02
8.800000e-07	-5.155481e-06	-9.847246e-10	-2.795456e+01	-2.624261e+02
8.900000e-07	-5.113953e-06	-9.800636e-10	-2.772938e+01	-2.613205e+02
9.000000e-07	-5.071569e-06	-9.766419e-10	-2.749956e+01	-2.601959e+02
9.100000e-07	-5.028544e-06	-9.726257e-10	-2.726627e+01	-2.590519e+02
9.200000e-07	-4.985218e-06	-9.665167e-10	-2.703134e+01	-2.578878e+02
9.300000e-07	-4.941702e-06	-9.593636e-10	-2.679538e+01	-2.567034e+02
9.400000e-07	-4.897887e-06	-9.530625e-10	-2.655781e+01	-2.554979e+02
9.500000e-07	-4.853729e-06	-9.477656e-10	-2.631837e+01	-2.542712e+02
9.600000e-07	-4.809327e-06	-9.411393e-10	-2.607761e+01	-2.530226e+02
9.700000e-07	-4.764625e-06	-9.343017e-10	-2.583522e+01	-2.517518e+02
9.800000e-07	-4.719577e-06	-9.279964e-10	-2.559096e+01	-2.504584e+02
9.900000e-07	-4.674201e-06	-9.229820e-10	-2.534492e+01	-2.491420e+02
1.000000e-06	-4.628557e-06	-9.180650e-10	-2.509742e+01	-2.478023e+02
1.010000e-06	-4.582696e-06	-9.126575e-10	-2.484875e+01	-2.464391e+02
1.020000e-06	-4.536483e-06	-9.063466e-10	-2.459817e+01	-2.450520e+02
1.030000e-06	-4.489861e-06	-9.003510e-10	-2.434537e+01	-2.436408e+02
1.040000e-06	-4.442865e-06	-8.951653e-10	-2.409054e+01	-2.422054e+02
1.050000e-06	-4.395662e-06	-8.897063e-10	-2.383459e+01	-2.407456e+02
1.060000e-06	-4.348230e-06	-8.833017e-10	-2.357740e+01	-2.392611e+02
1.070000e-06	-4.300494e-06	-8.763086e-10	-2.331856e+01	-2.377520e+02
1.080000e-06	-4.252467e-06	-8.693725e-10	-2.305815e+01	-2.362181e+02
1.090000e-06	-4.204088e-06	-8.615641e-10	-2.279582e+01	-2.346593e+02
1.100000e-06	-4.155354e-06	-8.545521e-10	-2.253157e+01	-2.330756e+02
1.110000e-06	-4.106290e-06	-8.486023e-10	-2.226553e+01	-2.314669e+02
1.120000e-06	-4.056883e-06	-8.417833e-10	-2.199763e+01	-2.298331e+02
1.130000e-06	-4.006871e-06	-8.345945e-10	-2.172645e+01	-2.281743e+02
1.140000e-06	-3.956194e-06	-8.277791e-10	-2.145166e+01	-2.264902e+02
1.150000e-06	-3.905087e-06	-8.217119e-10	-2.117455e+01	-2.247810e+02
1.160000e-06	-3.853772e-06	-8.159988e-10	-2.089631e+01	-2.230465e+02
1.170000e-06	-3.802370e-06	-8.088231e-10	-2.061758e+01	-2.212867e+02
1.180000e-06	-3.750679e-06	-8.008476e-10	-2.033730e+01	-2.195015e+02
1.190000e-06	-3.698530e-06	-7.934499e-10	-2.005454e+01	-2.176907e+02
1.200000e-06	-3.646134e-06	-7.873855e-10	-1.977043e+01	-2.158544e+02
1.210000e-06	-3.593511e-06	-7.809697e-10	-1.948509e+01	-2.139923e+02
1.220000e-06	-3.540528e-06	-7.743333e-10	-1.919780e+01	-2.121044e+02
1.230000e-06	-3.487320e-06	-7.675570e-10	-1.890929e+01	-2.101904e+02
1.240000e-06	-3.433919e-06	-7.595015e-10	-1.861973e+01	-2.082503e+02
1.250000e-06	-3.380270e-06	-7.502545e-10	-1.832883e+01	-2.062840e+02
1.260000e-06	-3.326423e-06	-7.411745e-10	-1.803686e+01	-2.042912e+02
1.270000e-06	-3.272428e-06	-7.331088e-10	-1.774408e+01	-2.022717e+02
1.280000e-06	-3.218210e-06	-7.256174e-10	-1.745009e+01	-2.002256e+02
1.290000e-06	-3.163641e-06	-7.185246e-10	-1.715420e+01	-1.981525e+02
1.300000e-06	-3.108839e-06	-7.115283e-10	-1.685705e+01	-1.960524e+02
1.310000e-06	-3.053786e-06	-7.036144e-10	-1.655854e+01	-1.939252e+02
1.320000e-06	-2.998542e-06	-6.947026e-10	-1.625899e+01	-1.917706e+02
1.330000e-06	-2.943178e-06	-6.846716e-10	-1.595879e+01	-1.895887e+02
1.340000e-06	-2.887611e-06	-6.754732e-10	-1.565749e+01	-1.873794e+02
1.350000e-06	-2.831925e-06	-6.679497e-10	-1.535554e+01	-1.851425e+02
1.360000e-06	-2.776171e-06	-6.597990e-10	-1.505323e+01	-1.828781e+02
1.370000e-06	-2.720321e-06	-6.510050e-10	-1.475039e+01	-1.805860e+02
1.380000e-06	-2.664296e-06	-6.426676e-10	-1.444661e+01	-1.782664e+02
1.390000e-06	-2.608171e-06	-6.344009e-10	-1.414228e+01	-1.759192e+02
1.400000e-06	-2.551918e-06	-6.255589e-10	-1.383726e+01	-1.735444e+02
1.410000e-06	-2.495363e-06	-6.163788e-10	-1.353060e+01	-1.711420e+02
1.420000e-06	-2.438444e-06	-6.067347e-10	-1.322197e+01	-1.687121e+02
1.430000e-06	-2.381253e-06	-5.967948e-10	-1.291187e+01	-1.662546e+02
1.440000e-06	-2.323801e-06	-5.871087e-10	-1.260034e+01	-1.637697e+02
1.450000e-06	-2.266151e-06	-5.781575e-10	-1.228775e+01	-1.612573e+02
1.460000e-06	-2.208269e-06	-5.689865e-10	-1.197390e+01	-1.587173e+02
1.470000e-06	-2.150053e-06	-5.594382e-10	-1.165823e+01	-1.561498e+02
1.480000e-06	-2.091543e-06	-5.506879e-10	-1.134097e+01	-1.535547e+02
1.490000e-06	-2.032767e-06	-5.417317e-10	-1.102227e+01	-1.509318e+02
1.500000e-06	-1.973740e-06	-5.313024e-10	-1.070221e+01	-1.482811e+02
1.510000e-06	-1.914555e-06	-5.209272e-10	-1.038129e+01	-1.456023e+02
1.520000e-06	-1.855339e-06	-5.104080e-10	-1.006020e+01	-1.428952e+02
1.530000e-06	-1.795992e-06	-4.991788e-10	-9.738403e+00	-1.401595e+02
1.540000e-06	-1.736529e-06	-4.877150e-10	-9.415978e+00	-1.373948e+02
1.550000e-06	-1.677019e-06	-4.771320e-10	-9.093298e+00	-1.346007e+02
1.560000e-06	-1.617401e-06	-4.671719e-10	-8.770029e+00	-1.317768e+02
1.570000e-06	-1.557729e-06	-4.565682e-10	-8.446474e+00	-1.289225e+02
1.580000e-06	-1.498062e-06	-4.453349e-10	-8.122940e+00	-1.260372e+02
1.590000e-06	-1.438366e-06	-4.340329e-10	-7.799251e+00	-1.231204e+02
1.600000e-06	-1.378603e-06	-4.239835e-10	-7.475200e+00	-1.201713e+02
1.610000e-06	-1.318696e-06	-4.143824e-10	-7.150365e+00	-1.171892e+02
1.620000e-06	-1.258679e-06	-4.038463e-10	-6.824935e+00	-1.141734e+02
1.630000e-06	-1.198628e-06	-3.922312e-10	-6.499320e+00	-1.111232e+02
1.640000e-06	-1.138548e-06	-3.799191e-10	-6.173548e+00	-1.080376e+02
1.650000e-06	-1.078448e-06	-3.676806e-10	-5.847669e+00	-1.049161e+02
1.660000e-06	-1.018232e-06	-3.558410e-10	-5.521157e+00	-1.017578e+02
1.670000e-06	-9.578791e-07	-3.441501e-10	-5.193907e+00	-9.856202e+01
1.680000e-06	-8.974773e-07	-3.326125e-10	-4.866390e+00	-9.532806e+01
1.690000e-06	-8.371948e-07	-3.215559e-10	-4.539520e+00	-9.205530e+01
1.700000e-06	-7.769385e-07	-3.101474e-10	-4.212793e+00	-8.874320e+01
1.710000e-06	-7.164589e-07	-2.967298e-10	-3.884854e+00	-8.539129e+01
1.720000e-06	-6.558687e-07	-2.828313e-10	-3.556316e+00	-8.199919e+01
1.730000e-06	-5.952607e-07	-2.704974e-10	-3.227682e+00	-7.856664e+01
1.740000e-06	-5.345495e-07	-2.588160e-10	-2.898487e+00	-7.509353e+01
1.750000e-06	-4.737994e-07	-2.461933e-10	-2.569082e+00	-7.157985e+01
1.760000e-06	-4.130138e-07	-2.326134e-10	-2.239484e+00	-6.802575e+01
1.770000e-06	-3.522041e-07	-2.193934e-10	-1.909756e+00	-6.443154e+01
1.780000e-06	-2.913998e-07	-2.059963e-10	-1.580057e+00	-6.079768e+01
1.790000e-06	-2.305950e-07	-1.916830e-10	-1.250355e+00	-5.712482e+01
1.800000e-06	-1.698383e-07	-1.778056e-10	-9.209138e-01	-5.341375e+01
1.810000e-06	-1.091348e-07	-1.641544e-10	-5.917613e-01	-4.966547e+01
1.820000e-06	-4.838358e-08	-1.512668e-10	-2.623502e-01	-4.588113e+01
1.830000e-06	1.241721e-08	-1.391124e-10	6.732980e-02	-4.206207e+01
1.840000e-06	7.313705e-08	-1.261305e-10	3.965709e-01	-3.820977e+01
1.850000e-06	1.338290e-07	-1.129216e-10	7.256606e-01	-3.432591e+01
1.860000e-06	1.945632e-07	-9.919841e-11	1.054980e+00	-3.041232e+01
1.870000e-06	2.553463e-07	-8.406315e-11	1.384564e+00	-2.647096e+01
1.880000e-06	3.160875e-07	-6.912084e-11	1.713921e+00	-2.250394e+01
1.890000e-06	3.767439e-07	-5.542225e-11	2.042818e+00	-1.851350e+01
1.900000e-06	4.373722e-07	-4.205762e-11	2.371563e+00	-1.450201e+01
1.910000e-06	4.980149e-07	-2.807633e-11	2.700385e+00	-1.047190e+01
1.920000e-06	5.586943e-07	-1.388158e-11	3.029407e+00	-6.425733e+00
1.930000e-06	6.193276e-07	6.016000e-16	3.358179e+00	-2.366114e+00
1.940000e-06	6.797972e-07	1.415309e-11	3.686064e+00	1.704283e+00
1.950000e-06	7.401322e-07	2.891535e-11	4.013218e+00	5.782746e+00
1.960000e-06	8.004882e-07	4.310215e-11	4.340486e+00	9.866535e+00
1.970000e-06	8.608021e-07	5.624264e-11	4.667526e+00	1.395290e+01
1.980000e-06	9.209976e-07	6.993081e-11	4.993924e+00	1.803910e+01
1.990000e-06	9.812164e-07	8.388899e-11	5.320448e+00	2.212240e+01
2.000000e-06	1.041325e-06	9.775180e-11	5.646377e+00	2.620012e+01
2.010000e-06	1.101362e-06	1.121499e-10	5.971913e+00	3.026960e+01
2.020000e-06	1.161375e-06	1.258315e-10	6.297320e+00	3.432824e+01
2.030000e-06	1.221307e-06	1.387010e-10	6.622290e+00	3.837354e+01
2.040000e-06	1.281208e-06	1.523375e-10	6.947093e+00	4.240304e+01
2.050000e-06	1.341012e-06	1.671848e-10	7.271366e+00	4.641437e+01
2.060000e-06	1.400739e-06	1.823978e-10	7.595225e+00	5.040528e+01
2.070000e-06	1.460449e-06	1.966167e-10	7.918992e+00	5.437359e+01
2.080000e-06	1.520129e-06	2.102537e-10	8.242591e+00	5.831724e+01
2.090000e-06	1.579756e-06	2.245299e-10	8.565910e+00	6.223428e+01
2.100000e-06	1.639314e-06	2.391005e-10	8.888849e+00	6.612287e+01
2.110000e-06	1.698840e-06	2.520016e-10	9.211618e+00	6.998127e+01
2.120000e-06	1.758278e-06	2.645879e-10	9.533908e+00	7.380787e+01
2.130000e-06	1.817549e-06	2.789838e-10	9.855291e+00	7.760117e+01
2.140000e-06	1.876767e-06	2.937550e-10	1.017639e+01	8.135978e+01
2.150000e-06	1.935983e-06	3.080042e-10	1.049748e+01	8.508244e+01
2.160000e-06	1.994903e-06	3.214736e-10	1.081696e+01	8.876798e+01
2.170000e-06	2.053519e-06	3.343182e-10	1.113479e+01	9.241535e+01
2.180000e-06	2.111904e-06	3.475340e-10	1.145137e+01	9.602361e+01
2.190000e-06	2.170063e-06	3.612651e-10	1.176673e+01	9.959192e+01
2.200000e-06	2.228162e-06	3.746893e-10	1.208176e+01	1.031195e+02
2.210000e-06	2.285877e-06	3.874044e-10	1.239471e+01	1.066059e+02
2.220000e-06	2.343110e-06	3.999125e-10	1.270504e+01	1.100503e+02
2.230000e-06	2.400063e-06	4.120670e-10	1.301386e+01	1.134525e+02
2.240000e-06	2.456781e-06	4.246689e-10	1.332140e+01	1.168120e+02
2.250000e-06	2.513313e-06	4.376326e-10	1.362793e+01	1.201285e+02
2.260000e-06	2.569507e-06	4.494688e-10	1.393263e+01	1.234020e+02
2.270000e-06	2.625435e-06	4.619797e-10	1.423589e+01	1.266323e+02
2.280000e-06	2.681378e-06	4.760078e-10	1.453923e+01	1.298194e+02
2.290000e-06	2.737232e-06	4.889810e-10	1.484209e+01	1.329634e+02
2.300000e-06	2.792909e-06	4.995792e-10	1.514399e+01	1.360644e+02
2.310000e-06	2.848452e-06	5.092582e-10	1.544516e+01	1.391225e+02
2.320000e-06	2.903847e-06	5.199525e-10	1.574553e+01	1.421382e+02
2.330000e-06	2.959187e-06	5.317461e-10	1.604560e+01	1.451118e+02
2.340000e-06	3.014329e-06	5.429344e-10	1.634459e+01	1.480436e+02
2.350000e-06	3.069171e-06	5.528386e-10	1.664196e+01	1.509342e+02
2.360000e-06	3.123830e-06	5.631654e-10	1.693834e+01	1.537840e+02
2.370000e-06	3.178196e-06	5.745430e-10	1.723313e+01	1.565937e+02
2.380000e-06	3.232219e-06	5.862601e-10	1.752606e+01	1.593639e+02
2.390000e-06	3.286109e-06	5.975861e-10	1.781826e+01	1.620952e+02
2.400000e-06	3.339923e-06	6.077356e-10	1.811006e+01	1.647883e+02
2.410000e-06	3.393487e-06	6.165961e-10	1.840050e+01	1.674440e+02
2.420000e-06	3.446839e-06	6.254915e-10	1.868979e+01	1.700630e+02
2.430000e-06	3.499998e-06	6.356377e-10	1.897803e+01	1.726461e+02
2.440000e-06	3.552808e-06	6.456621e-10	1.926438e+01	1.751940e+02
2.450000e-06	3.605304e-06	6.543496e-10	1.954903e+01	1.777076e+02
2.460000e-06	3.657555e-06	6.630423e-10	1.983236e+01	1.801875e+02
2.470000e-06	3.709624e-06	6.723931e-10	2.011469e+01	1.826345e+02
2.480000e-06	3.761409e-06	6.810683e-10	2.039548e+01	1.850494e+02
2.490000e-06	3.812806e-06	6.881714e-10	2.067418e+01	1.874328e+02
2.500000e-06	3.863938e-06	6.951239e-10	2.095143e+01	1.897855e+02
2.510000e-06	3.914641e-06	7.034227e-10	2.122635e+01	1.921080e+02
2.520000e-06	3.964889e-06	7.126101e-10	2.149881e+01	1.944009e+02
2.530000e-06	4.014756e-06	7.210811e-10	2.176921e+01	1.966647e+02
2.540000e-06	4.064193e-06	7.284755e-10	2.203727e+01	1.988999e+02
2.550000e-06	4.113199e-06	7.361603e-10	2.230299e+01	2.011068e+02
2.560000e-06	4.161785e-06	7.441487e-10	2.256644e+01	2.032859e+02
2.570000e-06	4.210017e-06	7.522550e-10	2.282797e+01	2.054373e+02
2.580000e-06	4.257866e-06	7.603239e-10	2.308742e+01	2.075613e+02
2.590000e-06	4.305483e-06	7.677146e-10	2.334561e+01	2.096580e+02
2.600000e-06	4.353010e-06	7.748284e-10	2.360332e+01	2.117274e+02
2.610000e-06	4.400263e-06	7.829393e-10	2.385954e+01	2.137697e+02
2.620000e-06	4.447113e-06	7.922424e-10	2.411357e+01	2.157846e+02
2.630000e-06	4.493680e-06	8.003946e-10	2.436607e+01	2.177721e+02
2.640000e-06	4.539951e-06	8.066864e-10	2.461697e+01	2.197321e+02
2.650000e-06	4.585782e-06	8.125348e-10	2.486548e+01	2.216643e+02
2.660000e-06	4.631212e-06	8.190223e-10	2.511181e+01	2.235685e+02
2.670000e-06	4.676408e-06	8.261725e-10	2.535688e+01	2.254445e+02
2.680000e-06	4.721381e-06	8.325740e-10	2.560074e+01	2.272919e+02
2.690000e-06	4.765968e-06	8.384244e-10	2.584250e+01	2.291104e+02
2.700000e-06	4.810292e-06	8.455975e-10	2.608284e+01	2.308999e+02
2.710000e-06	4.854391e-06	8.539205e-10	2.632196e+01	2.326599e+02
2.720000e-06	4.898202e-06	8.609690e-10	2.655952e+01	2.343903e+02
2.730000e-06	4.941873e-06	8.663192e-10	2.679631e+01	2.360908e+02
2.740000e-06	4.985329e-06	8.715127e-10	2.703194e+01	2.377612e+02
2.750000e-06	5.028464e-06	8.781159e-10	2.726584e+01	2.394013e+02
2.760000e-06	5.071226e-06	8.855042e-10	2.749770e+01	2.410111e+02
2.770000e-06	5.113280e-06	8.919951e-10	2.772573e+01	2.425906e+02
2.780000e-06	5.154528e-06	8.965724e-10	2.794939e+01	2.441397e+02
2.790000e-06	5.195257e-06	9.007226e-10	2.817024e+01	2.456585e+02
2.800000e-06	5.235515e-06	9.072347e-10	2.838853e+01	2.471474e+02
2.810000e-06	5.275416e-06	9.152017e-10	2.860488e+01	2.486064e+02
2.820000e-06	5.315147e-06	9.214626e-10	2.882031e+01	2.500360e+02
2.830000e-06	5.354658e-06	9.261077e-10	2.903456e+01	2.514365e+02
2.840000e-06	5.393955e-06	9.320876e-10	2.924764e+01	2.528086e+02
2.850000e-06	5.433029e-06	9.391921e-10	2.945951e+01	2.541526e+02
2.860000e-06	5.471616e-06	9.461119e-10	2.966874e+01	2.554694e+02
2.870000e-06	5.509653e-06	9.508224e-10	2.987498e+01	2.567596e+02
2.880000e-06	5.547292e-06	9.535361e-10	3.007907e+01	2.580240e+02
2.890000e-06	5.584552e-06	9.581940e-10	3.028111e+01	2.592634e+02
2.900000e-06	5.621340e-06	9.651665e-10	3.048058e+01	2.604788e+02
2.910000e-06	5.657646e-06	9.726473e-10	3.067745e+01	2.616710e+02
2.920000e-06	5.693645e-06	9.782787e-10	3.087264e+01	2.628410e+02
2.930000e-06	5.729466e-06	9.832074e-10	3.106688e+01	2.639898e+02
2.940000e-06	5.765119e-06	9.883000e-10	3.126020e+01	2.651184e+02
2.950000e-06	5.800483e-06	9.928965e-10	3.145195e+01	2.662278e+02
2.960000e-06	5.835448e-06	9.962506e-10	3.164154e+01	2.673189e+02
2.970000e-06	5.869943e-06	9.976956e-10	3.182858e+01	2.683928e+02
2.980000e-06	5.903699e-06	1.001130e-09	3.201162e+01	2.694503e+02
2.990000e-06	5.936596e-06	1.008343e-09	3.219000e+01	2.704923e+02
3.000000e-06	5.968864e-06	1.016030e-09	3.236496e+01	2.715197e+02
3.010000e-06	6.000758e-06	1.021203e-09	3.253790e+01	2.725333e+02
3.020000e-06	6.032436e-06	1.023971e-09	3.270967e+01	2.735338e+02
3.030000e-06	6.063856e-06	1.026311e-09	3.288004e+01	2.745218e+02
3.040000e-06	6.095054e-06	1.030097e-09	3.304920e+01	2.754980e+02
3.050000e-06	6.125963e-06	1.034687e-09	3.321680e+01	2.764627e+02
3.060000e-06	6.156342e-06	1.038863e-09	3.338152e+01	2.774165e+02
3.070000e-06	6.186183e-06	1.041814e-09	3.354333e+01	2.783596e+02
3.080000e-06	6.215493e-06	1.044590e-09	3.370226e+01	2.792923e+02
3.090000e-06	6.244287e-06	1.048555e-09	3.385839e+01	2.802147e+02
3.100000e-06	6.272642e-06	1.052023e-09	3.401214e+01	2.811268e+02
3.110000e-06	6.300635e-06	1.053721e-09	3.416392e+01	2.820287e+02
3.120000e-06	6.328332e-06	1.055459e-09	3.431411e+01	2.829202e+02
3.130000e-06	6.355820e-06	1.059693e-09	3.446316e+01	2.838011e+02
3.140000e-06	6.383099e-06	1.066185e-09	3.461107e+01	2.846712e+02
3.150000e-06	6.409795e-06	1.072137e-09	3.475582e+01	2.855301e+02
3.160000e-06	6.435498e-06	1.075456e-09	3.489519e+01	2.863774e+02
3.170000e-06	6.460364e-06	1.076887e-09	3.503002e+01	2.872127e+02
3.180000e-06	6.484603e-06	1.078998e-09	3.516146e+01	2.880354e+02
3.190000e-06	6.508394e-06	1.083247e-09	3.529046e+01	2.888451e+02
3.200000e-06	6.531969e-06	1.087846e-09	3.541829e+01	2.896412e+02
3.210000e-06	6.555215e-06	1.091521e-09	3.554433e+01	2.904231e+02
3.220000e-06	6.577951e-06	1.096649e-09	3.566761e+01	2.911901e+02
3.230000e-06	6.600121e-06	1.103232e-09	3.578783e+01	2.919418e+02
3.240000e-06	6.621811e-06	1.107895e-09	3.590544e+01	2.926774e+02
3.250000e-06	6.643103e-06	1.109403e-09	3.602089e+01	2.933965e+02
3.260000e-06	6.663959e-06	1.109809e-09	3.613398e+01	2.940984e+02
3.270000e-06	6.684369e-06	1.112400e-09	3.624465e+01	2.947826e+02
3.280000e-06	6.704409e-06	1.116291e-09	3.635331e+01	2.954486e+02
3.290000e-06	6.724090e-06	1.119306e-09	3.646002e+01	2.960959e+02
3.300000e-06	6.743473e-06	1.121532e-09	3.656512e+01	2.967242e+02
3.310000e-06	6.762439e-06	1.123491e-09	3.666797e+01	2.973331e+02
3.320000e-06	6.780800e-06	1.126055e-09	3.676753e+01	2.979222e+02
3.330000e-06	6.798659e-06	1.130114e-09	3.686436e+01	2.984913e+02
3.340000e-06	6.815966e-06	1.134600e-09	3.695820e+01	2.990402e+02
3.350000e-06	6.832827e-06	1.137882e-09	3.704963e+01	2.995689e+02
3.360000e-06	6.849371e-06	1.139870e-09	3.713934e+01	3.000771e+02
3.370000e-06	6.865369e-06	1.142995e-09	3.722608e+01	3.005650e+02
3.380000e-06	6.880780e-06	1.147869e-09	3.730964e+01	3.010325e+02
3.390000e-06	6.895608e-06	1.150293e-09	3.739005e+01	3.014798e+02
3.400000e-06	6.909912e-06	1.150378e-09	3.746761e+01	3.019070e+02
3.410000e-06	6.923716e-06	1.152207e-09	3.754245e+01	3.023143e+02
3.420000e-06	6.936883e-06	1.156621e-09	3.761385e+01	3.027021e+02
3.430000e-06	6.949561e-06	1.160373e-09	3.768259e+01	3.030705e+02
3.440000e-06	6.961743e-06	1.162246e-09	3.774865e+01	3.034200e+02
3.450000e-06	6.973453e-06	1.164426e-09	3.781214e+01	3.037509e+02
3.460000e-06	6.984728e-06	1.167784e-09	3.787328e+01	3.040636e+02
3.470000e-06	6.995263e-06	1.171130e-09	3.793041e+01	3.043585e+02
3.480000e-06	7.005025e-06	1.172743e-09	3.798334e+01	3.046361e+02
3.490000e-06	7.014008e-06	1.172836e-09	3.803205e+01	3.048967e+02
3.500000e-06	7.022297e-06	1.174518e-09	3.807699e+01	3.051409e+02
3.510000e-06	7.030161e-06	1.178404e-09	3.811963e+01	3.053691e+02
3.520000e-06	7.037704e-06	1.182590e-09	3.816053e+01	3.055817e+02
3.530000e-06	7.044836e-06	1.185579e-09	3.819921e+01	3.057791e+02
3.540000e-06	7.051536e-06	1.187461e-09	3.823553e+01	3.059617e+02
3.550000e-06	7.057714e-06	1.188838e-09	3.826904e+01	3.061299e+02
3.560000e-06	7.063244e-06	1.190675e-09	3.829902e+01	3.062839e+02
3.570000e-06	7.068219e-06	1.192379e-09	3.832599e+01	3.064242e+02
3.580000e-06	7.072800e-06	1.193063e-09	3.835083e+01	3.065511e+02
3.590000e-06	7.077081e-06	1.194084e-09	3.837405e+01	3.066646e+02
3.600000e-06	7.081053e-06	1.196379e-09	3.839559e+01	3.067651e+02
3.610000e-06	7.084662e-06	1.199354e-09	3.841515e+01	3.068527e+02
3.620000e-06	7.087780e-06	1.201329e-09	3.843206e+01	3.069276e+02
3.630000e-06	7.090310e-06	1.202466e-09	3.844578e+01	3.069898e+02
3.640000e-06	7.091971e-06	1.202024e-09	3.845479e+01	3.070395e+02
3.650000e-06	7.092725e-06	1.202141e-09	3.845888e+01	3.070766e+02
3.660000e-06	7.092933e-06	1.204221e-09	3.846000e+01	3.071012e+02
3.670000e-06	7.092809e-06	1.205267e-09	3.845933e+01	3.071132e+02
3.680000e-06	7.092402e-06	1.204477e-09	3.845712e+01	3.071126e+02
3.690000e-06	7.091496e-06	1.203655e-09	3.845221e+01	3.070994e+02
3.700000e-06	7.090064e-06	1.204181e-09	3.844445e+01	3.070735e+02
3.710000e-06	7.088296e-06	1.204973e-09	3.843486e+01	3.070348e+02
3.720000e-06	7.086047e-06	1.204625e-09	3.842267e+01	3.069833e+02
3.730000e-06	7.083272e-06	1.201690e-09	3.840762e+01	3.069189e+02
3.740000e-06	7.080053e-06	1.192248e-09	3.839016e+01	3.068415e+02
3.750000e-06	7.076315e-06	1.204795e-09	3.836990e+01	3.067510e+02
3.760000e-06	7.071987e-06	1.248701e-09	3.834643e+01	3.066476e+02
3.770000e-06	7.066799e-06	1.224310e-09	3.831830e+01	3.065310e+02
3.780000e-06	7.060832e-06	1.160690e-09	3.828594e+01	3.064015e+02
3.790000e-06	7.054565e-06	1.182156e-09	3.825196e+01	3.062590e+02
3.800000e-06	7.048181e-06	1.245491e-09	3.821734e+01	3.061035e+02
3.810000e-06	7.041344e-06	1.234677e-09	3.818027e+01	3.059353e+02
3.820000e-06	7.033768e-06	1.159938e-09	3.813919e+01	3.057543e+02
3.830000e-06	7.025702e-06	1.182064e-09	3.809546e+01	3.055609e+02
3.840000e-06	7.017376e-06	1.277392e-09	3.805031e+01	3.053552e+02
3.850000e-06	7.008502e-06	1.240300e-09	3.800219e+01	3.051375e+02
3.860000e-06	6.999013e-06	1.131196e-09	3.795074e+01	3.049080e+02
3.870000e-06	6.989155e-06	1.165362e-09	3.789729e+01	3.046670e+02
3.880000e-06	6.978925e-06	1.273154e-09	3.784182e+01	3.044147e+02
3.890000e-06	6.968151e-06	1.234117e-09	3.778339e+01	3.041517e+02
3.900000e-06	6.956772e-06	1.149562e-09	3.772169e+01	3.038781e+02
3.910000e-06	6.944851e-06	1.206371e-09	3.765706e+01	3.035943e+02
3.920000e-06	6.932358e-06	1.263749e-09	3.758932e+01	3.033007e+02
3.930000e-06	6.919105e-06	1.182664e-09	3.751745e+01	3.029976e+02
3.940000e-06	6.905171e-06	1.144295e-09	3.744190e+01	3.026854e+02
3.950000e-06	6.890452e-06	1.225340e-09	3.736209e+01	3.023643e+02
3.960000e-06	6.874970e-06	1.229640e-09	3.727814e+01	3.020347e+02
3.970000e-06	6.859012e-06	1.161966e-09	3.719161e+01	3.016969e+02
3.980000e-06	6.842666e-06	1.196971e-09	3.710298e+01	3.013511e+02
3.990000e-06	6.826089e-06	1.241916e-09	3.701310e+01	3.009974e+02
4.000000e-06	6.809059e-06	1.170551e-09	3.692075e+01	3.006361e+02
4.010000e-06	6.791650e-06	1.147662e-09	3.682636e+01	3.002672e+02
4.020000e-06	6.773817e-06	1.228938e-09	3.672966e+01	2.998908e+02
4.030000e-06	6.755328e-06	1.220753e-09	3.662941e+01	2.995070e+02
4.040000e-06	6.736242e-06	1.152763e-09	3.652592e+01	2.991157e+02
4.050000e-06	6.716648e-06	1.187693e-09	3.641967e+01	2.987168e+02
4.060000e-06	6.696797e-06	1.219894e-09	3.631204e+01	2.983101e+02
4.070000e-06	6.676793e-06	1.167694e-09	3.620357e+01	2.978956e+02
4.080000e-06	6.656466e-06	1.165699e-09	3.609335e+01	2.974729e+02
4.090000e-06	6.635810e-06	1.210049e-09	3.598135e+01	2.970418e+02
4.100000e-06	6.614514e-06	1.181235e-09	3.586587e+01	2.966019e+02
4.110000e-06	6.592307e-06	1.162496e-09	3.574546e+01	2.961529e+02
4.120000e-06	6.569308e-06	1.198778e-09	3.562075e+01	2.956944e+02
4.130000e-06	6.545589e-06	1.184169e-09	3.549214e+01	2.952260e+02
4.140000e-06	6.521451e-06	1.149851e-09	3.536126e+01	2.947472e+02
4.150000e-06	6.497096e-06	1.177022e-09	3.522919e+01	2.942577e+02
4.160000e-06	6.472390e-06	1.186235e-09	3.509523e+01	2.937569e+02
4.170000e-06	6.447254e-06	1.163498e-09	3.495894e+01	2.932445e+02
4.180000e-06	6.421733e-06	1.174352e-09	3.482056e+01	2.927199e+02
4.190000e-06	6.395704e-06	1.176555e-09	3.467942e+01	2.921828e+02
4.200000e-06	6.369086e-06	1.155435e-09	3.453508e+01	2.916327e+02
4.210000e-06	6.341938e-06	1.166336e-09	3.438788e+01	2.910692e+02
4.220000e-06	6.314378e-06	1.173073e-09	3.423844e+01	2.904921e+02
4.230000e-06	6.286514e-06	1.154017e-09	3.408736e+01	2.899009e+02
4.240000e-06	6.258374e-06	1.159722e-09	3.393477e+01	2.892954e+02
4.250000e-06	6.229940e-06	1.165526e-09	3.378059e+01	2.886753e+02
4.260000e-06	6.201040e-06	1.149315e-09	3.362389e+01	2.880405e+02
4.270000e-06	6.171413e-06	1.153694e-09	3.346324e+01	2.873908e+02
4.280000e-06	6.141070e-06	1.158462e-09	3.329871e+01	2.867259e+02
4.290000e-06	6.110215e-06	1.140527e-09	3.313141e+01	2.860459e+02
4.300000e-06	6.078822e-06	1.147036e-09	3.296119e+01	2.853507e+02
4.310000e-06	6.046915e-06	1.158660e-09	3.278818e+01	2.846403e+02
4.320000e-06	6.014663e-06	1.140812e-09	3.261330e+01	2.839146e+02
4.330000e-06	5.982026e-06	1.136410e-09	3.243633e+01	2.831738e+02
4.340000e-06	5.949009e-06	1.144806e-09	3.225730e+01	2.824178e+02
4.350000e-06	5.915539e-06	1.133116e-09	3.207582e+01	2.816467e+02
4.360000e-06	5.881627e-06	1.131643e-09	3.189194e+01	2.808607e+02
4.370000e-06	5.847426e-06	1.139978e-09	3.170649e+01	2.800598e+02
4.380000e-06	5.812889e-06	1.129729e-09	3.151922e+01	2.792440e+02
4.390000e-06	5.777916e-06	1.123578e-09	3.132959e+01	2.784135e+02
4.400000e-06	5.742439e-06	1.130906e-09	3.113722e+01	2.775683e+02
4.410000e-06	5.706637e-06	1.125704e-09	3.094309e+01	2.767084e+02
4.420000e-06	5.670606e-06	1.117188e-09	3.074772e+01	2.758338e+02
4.430000e-06	5.634300e-06	1.118045e-09	3.055086e+01	2.749446e+02
4.440000e-06	5.597611e-06	1.116285e-09	3.035192e+01	2.740406e+02
4.450000e-06	5.560471e-06	1.112896e-09	3.015054e+01	2.731218e+02
4.460000e-06	5.522684e-06	1.111172e-09	2.994564e+01	2.721880e+02
4.470000e-06	5.484087e-06	1.104516e-09	2.973636e+01	2.712390e+02
4.480000e-06	5.444891e-06	1.098726e-09	2.952383e+01	2.702747e+02
4.490000e-06	5.405269e-06	1.097503e-09	2.930898e+01	2.692948e+02
4.500000e-06	5.365330e-06	1.095686e-09	2.909242e+01	2.682990e+02
4.510000e-06	5.325156e-06	1.093519e-09	2.887459e+01	2.672869e+02
4.520000e-06	5.284733e-06	1.089944e-09	2.865540e+01	2.662583e+02
4.530000e-06	5.244038e-06	1.084387e-09	2.843474e+01	2.652126e+02
4.540000e-06	5.203048e-06	1.082132e-09	2.821248e+01	2.641494e+02
4.550000e-06	5.161641e-06	1.081397e-09	2.798796e+01	2.630684e+02
4.560000e-06	5.119772e-06	1.076399e-09	2.776093e+01	2.619691e+02
4.570000e-06	5.077578e-06	1.071243e-09	2.753214e+01	2.608509e+02
4.580000e-06	5.035144e-06	1.068628e-09	2.730205e+01	2.597134e+02
4.590000e-06	4.992443e-06	1.066698e-09	2.707052e+01	2.585560e+02
4.600000e-06	4.949328e-06	1.062597e-09	2.683674e+01	2.573784e+02
4.610000e-06	4.905678e-06	1.056140e-09	2.660005e+01	2.561801e+02
4.620000e-06	4.861783e-06	1.050149e-09	2.636204e+01	2.549605e+02
4.630000e-06	4.817779e-06	1.047023e-09	2.612344e+01	2.537192e+02
4.640000e-06	4.773518e-06	1.044364e-09	2.588344e+01	2.524559e+02
4.650000e-06	4.728967e-06	1.040000e-09	2.564187e+01	2.511700e+02
4.660000e-06	4.684164e-06	1.033552e-09	2.539894e+01	2.498613e+02
4.670000e-06	4.638994e-06	1.027316e-09	2.515401e+01	2.485295e+02
4.680000e-06	4.593292e-06	1.023371e-09	2.490620e+01	2.471741e+02
4.690000e-06	4.547267e-06	1.020208e-09	2.465664e+01	2.457950e+02
4.700000e-06	4.500911e-06	1.015021e-09	2.440528e+01	2.443919e+02
4.710000e-06	4.454236e-06	1.008681e-09	2.415220e+01	2.429646e+02
4.720000e-06	4.407232e-06	1.003033e-09	2.389733e+01	2.415129e+02
4.730000e-06	4.360012e-06	9.988190e-10	2.364129e+01	2.400367e+02
4.740000e-06	4.312615e-06	9.936284e-10	2.338429e+01	2.385358e+02
4.750000e-06	4.264824e-06	9.873829e-10	2.312515e+01	2.370102e+02
4.760000e-06	4.216571e-06	9.815404e-10	2.286351e+01	2.354597e+02
4.770000e-06	4.167893e-06	9.768006e-10	2.259956e+01	2.338843e+02
4.780000e-06	4.118807e-06	9.728763e-10	2.233340e+01	2.322840e+02
4.790000e-06	4.069305e-06	9.672545e-10	2.206499e+01	2.306586e+02
4.800000e-06	4.019655e-06	9.603441e-10	2.179577e+01	2.290081e+02
4.810000e-06	3.969894e-06	9.536580e-10	2.152595e+01	2.273324e+02
4.820000e-06	3.919818e-06	9.487875e-10	2.125443e+01	2.256316e+02
4.830000e-06	3.869309e-06	9.429400e-10	2.098055e+01	2.239056e+02
4.840000e-06	3.818480e-06	9.343836e-10	2.070494e+01	2.221542e+02
4.850000e-06	3.767368e-06	9.262828e-10	2.042779e+01	2.203775e+02
4.860000e-06	3.715976e-06	9.197724e-10	2.014913e+01	2.185753e+02
4.870000e-06	3.664291e-06	9.142496e-10	1.986888e+01	2.167475e+02
4.880000e-06	3.612275e-06	9.087979e-10	1.958684e+01	2.148940e+02
4.890000e-06	3.559966e-06	9.022835e-10	1.930320e+01	2.130147e+02
4.900000e-06	3.507430e-06	8.951091e-10	1.901833e+01	2.111094e+02
4.910000e-06	3.454751e-06	8.870545e-10	1.873269e+01	2.091781e+02
4.920000e-06	3.401701e-06	8.787253e-10	1.844504e+01	2.072205e+02
4.930000e-06	3.348143e-06	8.709263e-10	1.815463e+01	2.052365e+02
4.940000e-06	3.294134e-06	8.631817e-10	1.786178e+01	2.032260e+02
4.950000e-06	3.239902e-06	8.547267e-10	1.756771e+01	2.011888e+02
4.960000e-06	3.185449e-06	8.474540e-10	1.727246e+01	1.991247e+02
4.970000e-06	3.130608e-06	8.420029e-10	1.697509e+01	1.970336e+02
4.980000e-06	3.075388e-06	8.353206e-10	1.667567e+01	1.949154e+02
4.990000e-06	3.019775e-06	8.258324e-10	1.637412e+01	1.927700e+02
5.000000e-06	2.963860e-06	8.160563e-10	1.607093e+01	1.905972e+02
5.010000e-06	2.907806e-06	8.073406e-10	1.576699e+01	1.883971e+02
5.020000e-06	2.851676e-06	7.983136e-10	1.546264e+01	1.861694e+02
5.030000e-06	2.795429e-06	7.877639e-10	1.515765e+01	1.839141e+02
5.040000e-06	2.739080e-06	7.769408e-10	1.485211e+01	1.816313e+02
5.050000e-06	2.682580e-06	7.665807e-10	1.454575e+01	1.793209e+02
5.060000e-06	2.625948e-06	7.567935e-10	1.423867e+01	1.769829e+02
5.070000e-06	2.569210e-06	7.474914e-10	1.393102e+01	1.746172e+02
5.080000e-06	2.512312e-06	7.366992e-10	1.362250e+01	1.722241e+02
5.090000e-06	2.455297e-06	7.256287e-10	1.331336e+01	1.698033e+02
5.100000e-06	2.398148e-06	7.165321e-10	1.300348e+01	1.673551e+02
5.110000e-06	2.340717e-06	7.077731e-10	1.269207e+01	1.648793e+02
5.120000e-06	2.282976e-06	6.976042e-10	1.237898e+01	1.623760e+02
5.130000e-06	2.225106e-06	6.875408e-10	1.206519e+01	1.598453e+02
5.140000e-06	2.167139e-06	6.772081e-10	1.175088e+01	1.572869e+02
5.150000e-06	2.108977e-06	6.658663e-10	1.143550e+01	1.547010e+02
5.160000e-06	2.050712e-06	6.534218e-10	1.111957e+01	1.520875e+02
5.170000e-06	1.992281e-06	6.408392e-10	1.080274e+01	1.494460e+02
5.180000e-06	1.933660e-06	6.295688e-10	1.048488e+01	1.467766e+02
5.190000e-06	1.874953e-06	6.193902e-10	1.016656e+01	1.440790e+02
5.200000e-06	1.816217e-06	6.088750e-10	9.848074e+00	1.413528e+02
5.210000e-06	1.757373e-06	5.981917e-10	9.529003e+00	1.385979e+02
5.220000e-06	1.698248e-06	5.867930e-10	9.208409e+00	1.358136e+02
5.230000e-06	1.639028e-06	5.736650e-10	8.887301e+00	1.329997e+02
5.240000e-06	1.579672e-06	5.605416e-10	8.565451e+00	1.301556e+02
5.250000e-06	1.520087e-06	5.486294e-10	8.242367e+00	1.272808e+02
5.260000e-06	1.460374e-06	5.376671e-10	7.918584e+00	1.243745e+02
5.270000e-06	1.400558e-06	5.262964e-10	7.594243e+00	1.214363e+02
5.280000e-06	1.340705e-06	5.149785e-10	7.269703e+00	1.184653e+02
5.290000e-06	1.280773e-06	5.029319e-10	6.944732e+00	1.154608e+02
5.300000e-06	1.220801e-06	4.885279e-10	6.619550e+00	1.124221e+02
5.310000e-06	1.160755e-06	4.729984e-10	6.293961e+00	1.093484e+02
5.320000e-06	1.100623e-06	4.580113e-10	5.967908e+00	1.062390e+02
5.330000e-06	1.040498e-06	4.457244e-10	5.641888e+00	1.030931e+02
5.340000e-06	9.803313e-07	4.363511e-10	5.315649e+00	9.990984e+01
5.350000e-06	9.201534e-07	4.259792e-10	4.989347e+00	9.668868e+01
5.360000e-06	8.599303e-07	4.127082e-10	4.662799e+00	9.342893e+01
5.370000e-06	7.996330e-07	3.969490e-10	4.335849e+00	9.013000e+01
5.380000e-06	7.393530e-07	3.807161e-10	4.008993e+00	8.679141e+01
5.390000e-06	6.790506e-07	3.655869e-10	3.682015e+00	8.341274e+01
5.400000e-06	6.187234e-07	3.516447e-10	3.354903e+00	7.999371e+01
5.410000e-06	5.584205e-07	3.387875e-10	3.027923e+00	7.653413e+01
5.420000e-06	4.981420e-07	3.248168e-10	2.701075e+00	7.303397e+01
5.430000e-06	4.378246e-07	3.093212e-10	2.374016e+00	6.949332e+01
5.440000e-06	3.774119e-07	2.942862e-10	2.046440e+00	6.591244e+01
5.450000e-06	3.170070e-07	2.791326e-10	1.718906e+00	6.229174e+01
5.460000e-06	2.566753e-07	2.636304e-10	1.391770e+00	5.863181e+01
5.470000e-06	1.963552e-07	2.489509e-10	1.064697e+00	5.493338e+01
5.480000e-06	1.359433e-07	2.340986e-10	7.371254e-01	5.119739e+01
5.490000e-06	7.551839e-08	2.178696e-10	4.094833e-01	4.742493e+01
5.500000e-06	1.516478e-08	2.007215e-10	8.222797e-02	4.361729e+01
5.510000e-06	-4.522047e-08	1.835557e-10	-2.451989e-01	3.977590e+01
5.520000e-06	-1.056479e-07	1.655017e-10	-5.728543e-01	3.590237e+01
5.530000e-06	-1.661263e-07	1.476915e-10	-9.007866e-01	3.199848e+01
5.540000e-06	-2.266066e-07	1.316778e-10	-1.228729e+00	2.806615e+01
5.550000e-06	-2.870090e-07	1.162864e-10	-1.556248e+00	2.410745e+01
5.560000e-06	-3.473616e-07	1.003172e-10	-1.883498e+00	2.012457e+01
5.570000e-06	-4.076841e-07	8.331065e-11	-2.210585e+00	1.611983e+01
5.580000e-06	-4.680190e-07	6.538252e-11	-2.537739e+00	1.209566e+01
5.590000e-06	-5.284695e-07	4.740719e-11	-2.865519e+00	8.054560e+00
5.600000e-06	-5.888910e-07	2.938902e-11	-3.193143e+00	3.999135e+00
5.610000e-06	-6.491557e-07	1.123504e-11	-3.519916e+00	-6.796469e-02
5.620000e-06	-7.093293e-07	-6.009637e-12	-3.846195e+00	-4.144037e+00
5.630000e-06	-7.695018e-07	-2.300464e-11	-4.172469e+00	-8.226351e+00
5.640000e-06	-8.297281e-07	-4.136185e-11	-4.499034e+00	-1.231216e+01
5.650000e-06	-8.898758e-07	-6.009438e-11	-4.825172e+00	-1.639871e+01
5.660000e-06	-9.499711e-07	-7.873607e-11	-5.151027e+00	-2.048328e+01
5.670000e-06	-1.010074e-06	-9.686865e-11	-5.476922e+00	-2.456315e+01
5.680000e-06	-1.070096e-06	-1.138253e-10	-5.802381e+00	-2.863565e+01
5.690000e-06	-1.130060e-06	-1.310730e-10	-6.127524e+00	-3.269819e+01
5.700000e-06	-1.189969e-06	-1.493693e-10	-6.452365e+00	-3.674821e+01
5.710000e-06	-1.249815e-06	-1.681267e-10	-6.776871e+00	-4.078323e+01
5.720000e-06	-1.309663e-06	-1.865616e-10	-7.101386e+00	-4.480087e+01
5.730000e-06	-1.369461e-06	-2.046123e-10	-7.425629e+00	-4.879883e+01
5.740000e-06	-1.429120e-06	-2.218658e-10	-7.749116e+00	-5.277490e+01
5.750000e-06	-1.488680e-06	-2.381859e-10	-8.072070e+00	-5.672699e+01
5.760000e-06	-1.548158e-06	-2.543771e-10	-8.394576e+00	-6.065311e+01
5.770000e-06	-1.607448e-06	-2.704495e-10	-8.716063e+00	-6.455137e+01
5.780000e-06	-1.666634e-06	-2.867926e-10	-9.036989e+00	-6.842001e+01
5.790000e-06	-1.725724e-06	-3.045159e-10	-9.357390e+00	-7.225738e+01
5.800000e-06	-1.784707e-06	-3.230640e-10	-9.677213e+00	-7.606193e+01
5.810000e-06	-1.843666e-06	-3.396567e-10	-9.996911e+00	-7.983225e+01
5.820000e-06	-1.902482e-06	-3.542349e-10	-1.031583e+01	-8.356702e+01
5.830000e-06	-1.961090e-06	-3.694566e-10	-1.063362e+01	-8.726505e+01
5.840000e-06	-2.019491e-06	-3.850177e-10	-1.095029e+01	-9.092525e+01
5.850000e-06	-2.077700e-06	-4.002221e-10	-1.126591e+01	-9.454664e+01
5.860000e-06	-2.135746e-06	-4.166614e-10	-1.158065e+01	-9.812835e+01
5.870000e-06	-2.193704e-06	-4.336177e-10	-1.189492e+01	-1.016696e+02
5.880000e-06	-2.251604e-06	-4.492376e-10	-1.220887e+01	-1.051698e+02
5.890000e-06	-2.309210e-06	-4.644460e-10	-1.252123e+01	-1.086282e+02
5.900000e-06	-2.366561e-06	-4.794779e-10	-1.283220e+01	-1.120445e+02
5.910000e-06	-2.423680e-06	-4.938838e-10	-1.314192e+01	-1.154182e+02
5.920000e-06	-2.480505e-06	-5.073663e-10	-1.345004e+01	-1.187491e+02
5.930000e-06	-2.537245e-06	-5.205283e-10	-1.375770e+01	-1.220370e+02
5.940000e-06	-2.593818e-06	-5.350822e-10	-1.406446e+01	-1.252817e+02
5.950000e-06	-2.650210e-06	-5.497204e-10	-1.437023e+01	-1.284832e+02
5.960000e-06	-2.706537e-06	-5.623971e-10	-1.467565e+01	-1.316415e+02
5.970000e-06	-2.762770e-06	-5.743432e-10	-1.498056e+01	-1.347568e+02
5.980000e-06	-2.818886e-06	-5.865742e-10	-1.528484e+01	-1.378292e+02
5.990000e-06	-2.874832e-06	-5.997918e-10	-1.558820e+01	-1.408590e+02
6.000000e-06	-2.930599e-06	-6.133251e-10	-1.589058e+01	-1.438466e+02
6.010000e-06	-2.986228e-06	-6.261322e-10	-1.619222e+01	-1.467923e+02
6.020000e-06	-3.041698e-06	-6.388713e-10	-1.649300e+01	-1.496965e+02
6.030000e-06	-3.096842e-06	-6.505290e-10	-1.679200e+01	-1.525599e+02
6.040000e-06	-3.151466e-06	-6.621465e-10	-1.708819e+01	-1.553829e+02
6.050000e-06	-3.205726e-06	-6.744923e-10	-1.738241e+01	-1.581661e+02
6.060000e-06	-3.259690e-06	-6.848793e-10	-1.767501e+01	-1.609103e+02
6.070000e-06	-3.313282e-06	-6.944138e-10	-1.796561e+01	-1.636161e+02
6.080000e-06	-3.366531e-06	-7.051101e-10	-1.825433e+01	-1.662842e+02
6.090000e-06	-3.419437e-06	-7.160615e-10	-1.854121e+01	-1.689153e+02
6.100000e-06	-3.472084e-06	-7.267883e-10	-1.882667e+01	-1.715103e+02
6.110000e-06	-3.524443e-06	-7.373294e-10	-1.911058e+01	-1.740698e+02
6.120000e-06	-3.576525e-06	-7.480397e-10	-1.939299e+01	-1.765947e+02
6.130000e-06	-3.628437e-06	-7.600342e-10	-1.967447e+01	-1.790858e+02
6.140000e-06	-3.680187e-06	-7.728958e-10	-1.995507e+01	-1.815437e+02
6.150000e-06	-3.731681e-06	-7.838365e-10	-2.023429e+01	-1.839692e+02
6.160000e-06	-3.782821e-06	-7.922699e-10	-2.051159e+01	-1.863630e+02
6.170000e-06	-3.833605e-06	-7.996979e-10	-2.078695e+01	-1.887259e+02
6.180000e-06	-3.884089e-06	-8.084096e-10	-2.106069e+01	-1.910584e+02
6.190000e-06	-3.934224e-06	-8.184230e-10	-2.133254e+01	-1.933610e+02
6.200000e-06	-3.984045e-06	-8.281654e-10	-2.160268e+01	-1.956345e+02
6.210000e-06	-4.033543e-06	-8.375202e-10	-2.187108e+01	-1.978792e+02
6.220000e-06	-4.082622e-06	-8.474440e-10	-2.213720e+01	-2.000955e+02
6.230000e-06	-4.131210e-06	-8.570792e-10	-2.240066e+01	-2.022838e+02
6.240000e-06	-4.179349e-06	-8.652591e-10	-2.266168e+01	-2.044444e+02
6.250000e-06	-4.227153e-06	-8.734025e-10	-2.292089e+01	-2.065775e+02
6.260000e-06	-4.274664e-06	-8.815042e-10	-2.317850e+01	-2.086833e+02
6.270000e-06	-4.321778e-06	-8.899543e-10	-2.343397e+01	-2.107618e+02
6.280000e-06	-4.368564e-06	-8.984418e-10	-2.368766e+01	-2.128131e+02
6.290000e-06	-4.415157e-06	-9.064317e-10	-2.394030e+01	-2.148371e+02
6.300000e-06	-4.461548e-06	-9.150033e-10	-2.419185e+01	-2.168338e+02
6.310000e-06	-4.507756e-06	-9.224936e-10	-2.444240e+01	-2.188030e+02
6.320000e-06	-4.553590e-06	-9.299117e-10	-2.469092e+01	-2.207445e+02
6.330000e-06	-4.598926e-06	-9.394393e-10	-2.493675e+01	-2.226580e+02
6.340000e-06	-4.643848e-06	-9.483828e-10	-2.518033e+01	-2.245434e+02
6.350000e-06	-4.688530e-06	-9.548332e-10	-2.542261e+01	-2.264004e+02
6.360000e-06	-4.732990e-06	-9.605094e-10	-2.566369e+01	-2.282286e+02
6.370000e-06	-4.777312e-06	-9.669817e-10	-2.590401e+01	-2.300278e+02
6.380000e-06	-4.821498e-06	-9.738757e-10	-2.614360e+01	-2.317976e+02
6.390000e-06	-4.865437e-06	-9.809104e-10	-2.638185e+01	-2.335379e+02
6.400000e-06	-4.909175e-06	-9.883943e-10	-2.661901e+01	-2.352484e+02
6.410000e-06	-4.952466e-06	-9.951464e-10	-2.685375e+01	-2.369288e+02
6.420000e-06	-4.995236e-06	-1.001182e-09	-2.708566e+01	-2.385791e+02
6.430000e-06	-5.037667e-06	-1.007712e-09	-2.731574e+01	-2.401990e+02
6.440000e-06	-5.079739e-06	-1.014865e-09	-2.754386e+01	-2.417885e+02
6.450000e-06	-5.121505e-06	-1.021595e-09	-2.777033e+01	-2.433477e+02
6.460000e-06	-5.162919e-06	-1.027969e-09	-2.799489e+01	-2.448767e+02
6.470000e-06	-5.203844e-06	-1.034944e-09	-2.821680e+01	-2.463755e+02
6.480000e-06	-5.244437e-06	-1.040923e-09	-2.843690e+01	-2.478444e+02
6.490000e-06	-5.284779e-06	-1.046330e-09	-2.865565e+01	-2.492838e+02
6.500000e-06	-5.324850e-06	-1.051529e-09	-2.887293e+01	-2.506939e+02
6.510000e-06	-5.364730e-06	-1.056342e-09	-2.908917e+01	-2.520754e+02
6.520000e-06	-5.404414e-06	-1.061467e-09	-2.930435e+01	-2.534287e+02
6.530000e-06	-5.443781e-06	-1.067883e-09	-2.951781e+01	-2.547545e+02
6.540000e-06	-5.482586e-06	-1.073743e-09	-2.972822e+01	-2.560535e+02
6.550000e-06	-5.520670e-06	-1.076793e-09	-2.993472e+01	-2.573264e+02
6.560000e-06	-5.558002e-06	-1.080061e-09	-3.013715e+01	-2.585740e+02
6.570000e-06	-5.594765e-06	-1.084410e-09	-3.033649e+01	-2.597973e+02
6.580000e-06	-5.631186e-06	-1.089503e-09	-3.053397e+01	-2.609971e+02
6.590000e-06	-5.667352e-06	-1.094566e-09	-3.073008e+01	-2.621744e+02
6.600000e-06	-5.703341e-06	-1.099123e-09	-3.092522e+01	-2.633302e+02
6.610000e-06	-5.739020e-06	-1.103805e-09	-3.111868e+01	-2.644654e+02
6.620000e-06	-5.774211e-06	-1.108538e-09	-3.130950e+01	-2.655811e+02
6.630000e-06	-5.808909e-06	-1.112444e-09	-3.149764e+01	-2.666782e+02
6.640000e-06	-5.843294e-06	-1.114605e-09	-3.168409e+01	-2.677577e+02
6.650000e-06	-5.877318e-06	-1.117228e-09	-3.186858e+01	-2.688205e+02
6.660000e-06	-5.910865e-06	-1.121906e-09	-3.205048e+01	-2.698676e+02
6.670000e-06	-5.943899e-06	-1.126609e-09	-3.222959e+01	-2.708998e+02
6.680000e-06	-5.976408e-06	-1.129472e-09	-3.240587e+01	-2.719179e+02
6.690000e-06	-6.008671e-06	-1.131513e-09	-3.258081e+01	-2.729227e+02
6.700000e-06	-6.040835e-06	-1.133160e-09	-3.275521e+01	-2.739148e+02
6.710000e-06	-6.072565e-06	-1.135516e-09	-3.292726e+01	-2.748948e+02
6.720000e-06	-6.103693e-06	-1.139312e-09	-3.309605e+01	-2.758633e+02
6.730000e-06	-6.134254e-06	-1.142481e-09	-3.326176e+01	-2.768207e+02
6.740000e-06	-6.164101e-06	-1.144525e-09	-3.342360e+01	-2.777673e+02
6.750000e-06	-6.193260e-06	-1.147563e-09	-3.358170e+01	-2.787034e+02
6.760000e-06	-6.221863e-06	-1.152275e-09	-3.373680e+01	-2.796292e+02
6.770000e-06	-6.250114e-06	-1.156779e-09	-3.388998e+01	-2.805448e+02
6.780000e-06	-6.278163e-06	-1.158642e-09	-3.404207e+01	-2.814501e+02
6.790000e-06	-6.305907e-06	-1.159476e-09	-3.419251e+01	-2.823451e+02
6.800000e-06	-6.333097e-06	-1.162306e-09	-3.433995e+01	-2.832295e+02
6.810000e-06	-6.359768e-06	-1.166703e-09	-3.448456e+01	-2.841033e+02
6.820000e-06	-6.386026e-06	-1.169733e-09	-3.462694e+01	-2.849659e+02
6.830000e-06	-6.411839e-06	-1.170801e-09	-3.476691e+01	-2.858171e+02
6.840000e-06	-6.437145e-06	-1.172244e-09	-3.490412e+01	-2.866565e+02
6.850000e-06	-6.461827e-06	-1.173102e-09	-3.503796e+01	-2.874835e+02
6.860000e-06	-6.486113e-06	-1.172786e-09	-3.516964e+01	-2.882976e+02
6.870000e-06	-6.510280e-06	-1.173673e-09	-3.530068e+01	-2.890983e+02
6.880000e-06	-6.534323e-06	-1.176181e-09	-3.543105e+01	-2.898849e+02
6.890000e-06	-6.558043e-06	-1.179418e-09	-3.555967e+01	-2.906570e+02
6.900000e-06	-6.581115e-06	-1.183264e-09	-3.568477e+01	-2.914138e+02
6.910000e-06	-6.603420e-06	-1.187467e-09	-3.580572e+01	-2.921549e+02
6.920000e-06	-6.625010e-06	-1.190252e-09	-3.592279e+01	-2.928795e+02
6.930000e-06	-6.645908e-06	-1.190622e-09	-3.603610e+01	-2.935872e+02
6.940000e-06	-6.666282e-06	-1.190281e-09	-3.614657e+01	-2.942773e+02
6.950000e-06	-6.686427e-06	-1.191324e-09	-3.625581e+01	-2.949494e+02
6.960000e-06	-6.706403e-06	-1.193777e-09	-3.636412e+01	-2.956030e+02
6.970000e-06	-6.725891e-06	-1.196781e-09	-3.646979e+01	-2.962377e+02
6.980000e-06	-6.744748e-06	-1.199255e-09	-3.657204e+01	-2.968531e+02
6.990000e-06	-6.763201e-06	-1.200809e-09	-3.667209e+01	-2.974488e+02
7.000000e-06	-6.781333e-06	-1.202977e-09	-3.677041e+01	-2.980246e+02
7.010000e-06	-6.798938e-06	-1.205354e-09	-3.686587e+01	-2.985803e+02
7.020000e-06	-6.815907e-06	-1.206267e-09	-3.695789e+01	-2.991157e+02
7.030000e-06	-6.832423e-06	-1.206434e-09	-3.704744e+01	-2.996307e+02
7.040000e-06	-6.848680e-06	-1.207853e-09	-3.713559e+01	-3.001254e+02
7.050000e-06	-6.864703e-06	-1.209140e-09	-3.722247e+01	-3.005997e+02
7.060000e-06	-6.880185e-06	-1.209512e-09	-3.730642e+01	-3.010537e+02
7.070000e-06	-6.894885e-06	-1.209429e-09	-3.738613e+01	-3.014875e+02
7.080000e-06	-6.908714e-06	-1.209705e-09	-3.746111e+01	-3.019015e+02
7.090000e-06	-6.921731e-06	-1.211835e-09	-3.753169e+01	-3.022957e+02
7.100000e-06	-6.934145e-06	-1.214897e-09	-3.759901e+01	-3.026705e+02
7.110000e-06	-6.946225e-06	-1.217096e-09	-3.766451e+01	-3.030263e+02
7.120000e-06	-6.957808e-06	-1.217306e-09	-3.772731e+01	-3.033633e+02
7.130000e-06	-6.968666e-06	-1.216565e-09	-3.778619e+01	-3.036820e+02
7.140000e-06	-6.979080e-06	-1.215677e-09	-3.784266e+01	-3.039828e+02
7.150000e-06	-6.989130e-06	-1.214259e-09	-3.789715e+01	-3.042661e+02
7.160000e-06	-6.998750e-06	-1.214402e-09	-3.794932e+01	-3.045324e+02
7.170000e-06	-7.007789e-06	-1.215211e-09	-3.799832e+01	-3.047820e+02
7.180000e-06	-7.016258e-06	-1.214507e-09	-3.804425e+01	-3.050155e+02
7.190000e-06	-7.024532e-06	-1.214909e-09	-3.808911e+01	-3.052332e+02
7.200000e-06	-7.032606e-06	-1.216899e-09	-3.813289e+01	-3.054356e+02
7.210000e-06	-7.040006e-06	-1.217644e-09	-3.817302e+01	-3.056231e+02
7.220000e-06	-7.046715e-06	-1.216616e-09	-3.820939e+01	-3.057961e+02
7.230000e-06	-7.052705e-06	-1.215708e-09	-3.824188e+01	-3.059548e+02
7.240000e-06	-7.057881e-06	-1.215213e-09	-3.826994e+01	-3.060997e+02
7.250000e-06	-7.062554e-06	-1.215461e-09	-3.829528e+01	-3.062309e+02
7.260000e-06	-7.066901e-06	-1.215879e-09	-3.831885e+01	-3.063489e+02
7.270000e-06	-7.070952e-06	-1.215469e-09	-3.834081e+01	-3.064537e+02
7.280000e-06	-7.074541e-06	-1.215686e-09	-3.836027e+01	-3.065456e+02
7.290000e-06	-7.077619e-06	-1.215915e-09	-3.837697e+01	-3.066247e+02
7.300000e-06	-7.080249e-06	-1.214644e-09	-3.839123e+01	-3.066911e+02
7.310000e-06	-7.082424e-06	-1.213269e-09	-3.840302e+01	-3.067450e+02
7.320000e-06	-7.084021e-06	-1.212194e-09	-3.841168e+01	-3.067862e+02
7.330000e-06	-7.085008e-06	-1.211053e-09	-3.841703e+01	-3.068150e+02
7.340000e-06	-7.085575e-06	-1.211629e-09	-3.842011e+01	-3.068312e+02
