# Temperatura_=_3.2
# Concentracion g/m^3_=_7400.0
# C_Vs_to_Am_M_A/Vsm_=_254322799225.57578
# pendiente_HvsI_1/m_=_3716.3
# ordenada_HvsI_A/m_=_1297.0
# frecuencia_Hz_=_136110.09134136638

Tiempo_(s)	Campo_(V.s)	Magnetizacion_(V.s)	Campo_(kA/m)	Magnetizacion_(A/m)
0.000000e+00	-7.181120e-06	-1.374994e-09	-3.842103e+01	-3.467198e+02
1.000000e-08	-7.181249e-06	-1.373486e-09	-3.842172e+01	-3.466715e+02
2.000000e-08	-7.181065e-06	-1.372800e-09	-3.842074e+01	-3.466049e+02
3.000000e-08	-7.180269e-06	-1.373097e-09	-3.841648e+01	-3.465213e+02
4.000000e-08	-7.178681e-06	-1.372498e-09	-3.840798e+01	-3.464221e+02
5.000000e-08	-7.176387e-06	-1.370877e-09	-3.839571e+01	-3.463089e+02
6.000000e-08	-7.173551e-06	-1.368753e-09	-3.838053e+01	-3.461833e+02
7.000000e-08	-7.170300e-06	-1.367018e-09	-3.836314e+01	-3.460471e+02
8.000000e-08	-7.166571e-06	-1.367184e-09	-3.834319e+01	-3.459021e+02
9.000000e-08	-7.162246e-06	-1.365399e-09	-3.832005e+01	-3.457501e+02
1.000000e-07	-7.157075e-06	-1.356476e-09	-3.829238e+01	-3.455930e+02
1.100000e-07	-7.151309e-06	-1.350647e-09	-3.826153e+01	-3.454326e+02
1.200000e-07	-7.145295e-06	-1.362685e-09	-3.822936e+01	-3.452706e+02
1.300000e-07	-7.138991e-06	-1.373268e-09	-3.819563e+01	-3.451088e+02
1.400000e-07	-7.132256e-06	-1.360829e-09	-3.815960e+01	-3.449486e+02
1.500000e-07	-7.124931e-06	-1.344188e-09	-3.812040e+01	-3.447915e+02
1.600000e-07	-7.117152e-06	-1.352917e-09	-3.807878e+01	-3.446388e+02
1.700000e-07	-7.109027e-06	-1.366205e-09	-3.803532e+01	-3.444914e+02
1.800000e-07	-7.100322e-06	-1.349896e-09	-3.798874e+01	-3.443502e+02
1.900000e-07	-7.091018e-06	-1.332007e-09	-3.793896e+01	-3.442158e+02
2.000000e-07	-7.081073e-06	-1.346189e-09	-3.788575e+01	-3.440886e+02
2.100000e-07	-7.070466e-06	-1.365204e-09	-3.782900e+01	-3.439687e+02
2.200000e-07	-7.059298e-06	-1.346289e-09	-3.776925e+01	-3.438559e+02
2.300000e-07	-7.047538e-06	-1.323561e-09	-3.770633e+01	-3.437498e+02
2.400000e-07	-7.035185e-06	-1.335691e-09	-3.764024e+01	-3.436499e+02
2.500000e-07	-7.022169e-06	-1.347838e-09	-3.757060e+01	-3.435553e+02
2.600000e-07	-7.008587e-06	-1.330356e-09	-3.749793e+01	-3.434649e+02
2.700000e-07	-6.994398e-06	-1.321482e-09	-3.742202e+01	-3.433775e+02
2.800000e-07	-6.979605e-06	-1.337137e-09	-3.734287e+01	-3.432917e+02
2.900000e-07	-6.964198e-06	-1.335966e-09	-3.726044e+01	-3.432058e+02
3.000000e-07	-6.948112e-06	-1.318892e-09	-3.717437e+01	-3.431182e+02
3.100000e-07	-6.931506e-06	-1.322132e-09	-3.708553e+01	-3.430272e+02
3.200000e-07	-6.914358e-06	-1.328914e-09	-3.699378e+01	-3.429307e+02
3.300000e-07	-6.896733e-06	-1.315053e-09	-3.689948e+01	-3.428271e+02
3.400000e-07	-6.878757e-06	-1.316814e-09	-3.680331e+01	-3.427143e+02
3.500000e-07	-6.860399e-06	-1.333573e-09	-3.670508e+01	-3.425906e+02
3.600000e-07	-6.841564e-06	-1.320423e-09	-3.660431e+01	-3.424542e+02
3.700000e-07	-6.822224e-06	-1.298774e-09	-3.650083e+01	-3.423033e+02
3.800000e-07	-6.802502e-06	-1.313832e-09	-3.639532e+01	-3.421364e+02
3.900000e-07	-6.782392e-06	-1.324410e-09	-3.628773e+01	-3.419521e+02
4.000000e-07	-6.761858e-06	-1.301655e-09	-3.617786e+01	-3.417490e+02
4.100000e-07	-6.740764e-06	-1.298198e-09	-3.606500e+01	-3.415260e+02
4.200000e-07	-6.719068e-06	-1.315796e-09	-3.594892e+01	-3.412822e+02
4.300000e-07	-6.697022e-06	-1.305142e-09	-3.583097e+01	-3.410167e+02
4.400000e-07	-6.674589e-06	-1.293088e-09	-3.571095e+01	-3.407289e+02
4.500000e-07	-6.651646e-06	-1.306319e-09	-3.558820e+01	-3.404186e+02
4.600000e-07	-6.628268e-06	-1.301907e-09	-3.546312e+01	-3.400854e+02
4.700000e-07	-6.604495e-06	-1.287176e-09	-3.533592e+01	-3.397293e+02
4.800000e-07	-6.580444e-06	-1.300706e-09	-3.520724e+01	-3.393505e+02
4.900000e-07	-6.555902e-06	-1.304362e-09	-3.507594e+01	-3.389491e+02
5.000000e-07	-6.530554e-06	-1.280430e-09	-3.494032e+01	-3.385257e+02
5.100000e-07	-6.504466e-06	-1.281441e-09	-3.480074e+01	-3.380807e+02
5.200000e-07	-6.477789e-06	-1.296013e-09	-3.465801e+01	-3.376147e+02
5.300000e-07	-6.450607e-06	-1.281337e-09	-3.451258e+01	-3.371284e+02
5.400000e-07	-6.422940e-06	-1.273492e-09	-3.436455e+01	-3.366226e+02
5.500000e-07	-6.394967e-06	-1.287061e-09	-3.421489e+01	-3.360980e+02
5.600000e-07	-6.366772e-06	-1.278800e-09	-3.406404e+01	-3.355554e+02
5.700000e-07	-6.338116e-06	-1.265407e-09	-3.391072e+01	-3.349956e+02
5.800000e-07	-6.309056e-06	-1.275105e-09	-3.375524e+01	-3.344192e+02
5.900000e-07	-6.279661e-06	-1.273275e-09	-3.359797e+01	-3.338271e+02
6.000000e-07	-6.249776e-06	-1.257843e-09	-3.343808e+01	-3.332197e+02
6.100000e-07	-6.219353e-06	-1.263466e-09	-3.327531e+01	-3.325977e+02
6.200000e-07	-6.188464e-06	-1.269450e-09	-3.311004e+01	-3.319616e+02
6.300000e-07	-6.157283e-06	-1.256210e-09	-3.294321e+01	-3.313116e+02
6.400000e-07	-6.125781e-06	-1.252704e-09	-3.277467e+01	-3.306482e+02
6.500000e-07	-6.093813e-06	-1.258198e-09	-3.260363e+01	-3.299715e+02
6.600000e-07	-6.061466e-06	-1.250293e-09	-3.243057e+01	-3.292816e+02
6.700000e-07	-6.028667e-06	-1.244495e-09	-3.225508e+01	-3.285784e+02
6.800000e-07	-5.995159e-06	-1.247849e-09	-3.207580e+01	-3.278620e+02
6.900000e-07	-5.960736e-06	-1.241969e-09	-3.189163e+01	-3.271321e+02
7.000000e-07	-5.925630e-06	-1.232943e-09	-3.170380e+01	-3.263885e+02
7.100000e-07	-5.890325e-06	-1.232785e-09	-3.151491e+01	-3.256310e+02
7.200000e-07	-5.854769e-06	-1.230355e-09	-3.132468e+01	-3.248591e+02
7.300000e-07	-5.818886e-06	-1.223842e-09	-3.113269e+01	-3.240726e+02
7.400000e-07	-5.782766e-06	-1.222311e-09	-3.093944e+01	-3.232711e+02
7.500000e-07	-5.746290e-06	-1.221491e-09	-3.074429e+01	-3.224541e+02
7.600000e-07	-5.709333e-06	-1.217061e-09	-3.054655e+01	-3.216212e+02
7.700000e-07	-5.672008e-06	-1.213364e-09	-3.034686e+01	-3.207721e+02
7.800000e-07	-5.634310e-06	-1.208781e-09	-3.014516e+01	-3.199065e+02
7.900000e-07	-5.596107e-06	-1.201453e-09	-2.994076e+01	-3.190240e+02
8.000000e-07	-5.557357e-06	-1.196861e-09	-2.973344e+01	-3.181244e+02
8.100000e-07	-5.518174e-06	-1.194475e-09	-2.952380e+01	-3.172074e+02
8.200000e-07	-5.478796e-06	-1.190553e-09	-2.931312e+01	-3.162728e+02
8.300000e-07	-5.439231e-06	-1.185681e-09	-2.910143e+01	-3.153206e+02
8.400000e-07	-5.399293e-06	-1.180487e-09	-2.888775e+01	-3.143507e+02
8.500000e-07	-5.358914e-06	-1.175987e-09	-2.867171e+01	-3.133630e+02
8.600000e-07	-5.317999e-06	-1.172504e-09	-2.845280e+01	-3.123575e+02
8.700000e-07	-5.276539e-06	-1.167301e-09	-2.823098e+01	-3.113344e+02
8.800000e-07	-5.234720e-06	-1.161238e-09	-2.800724e+01	-3.102938e+02
8.900000e-07	-5.192544e-06	-1.156479e-09	-2.778158e+01	-3.092357e+02
9.000000e-07	-5.149927e-06	-1.151938e-09	-2.755357e+01	-3.081602e+02
9.100000e-07	-5.106761e-06	-1.147492e-09	-2.732262e+01	-3.070676e+02
9.200000e-07	-5.063205e-06	-1.143090e-09	-2.708959e+01	-3.059580e+02
9.300000e-07	-5.019306e-06	-1.137643e-09	-2.685471e+01	-3.048314e+02
9.400000e-07	-4.975049e-06	-1.131748e-09	-2.661793e+01	-3.036880e+02
9.500000e-07	-4.930524e-06	-1.126560e-09	-2.637970e+01	-3.025279e+02
9.600000e-07	-4.885719e-06	-1.121095e-09	-2.613999e+01	-3.013509e+02
9.700000e-07	-4.840515e-06	-1.114854e-09	-2.589813e+01	-3.001572e+02
9.800000e-07	-4.794850e-06	-1.108858e-09	-2.565381e+01	-2.989466e+02
9.900000e-07	-4.748921e-06	-1.103920e-09	-2.540808e+01	-2.977190e+02
1.000000e-06	-4.702745e-06	-1.099728e-09	-2.516102e+01	-2.964741e+02
1.010000e-06	-4.656124e-06	-1.094825e-09	-2.491158e+01	-2.952116e+02
1.020000e-06	-4.609162e-06	-1.089132e-09	-2.466033e+01	-2.939312e+02
1.030000e-06	-4.562096e-06	-1.083681e-09	-2.440851e+01	-2.926324e+02
1.040000e-06	-4.514715e-06	-1.078456e-09	-2.415501e+01	-2.913148e+02
1.050000e-06	-4.466787e-06	-1.073211e-09	-2.389858e+01	-2.899777e+02
1.060000e-06	-4.418591e-06	-1.066898e-09	-2.364072e+01	-2.886206e+02
1.070000e-06	-4.370236e-06	-1.059649e-09	-2.338200e+01	-2.872429e+02
1.080000e-06	-4.321512e-06	-1.052761e-09	-2.312132e+01	-2.858437e+02
1.090000e-06	-4.272381e-06	-1.046226e-09	-2.285845e+01	-2.844224e+02
1.100000e-06	-4.222759e-06	-1.040227e-09	-2.259296e+01	-2.829783e+02
1.110000e-06	-4.172745e-06	-1.034531e-09	-2.232537e+01	-2.815105e+02
1.120000e-06	-4.122329e-06	-1.028709e-09	-2.205563e+01	-2.800183e+02
1.130000e-06	-4.071482e-06	-1.023177e-09	-2.178358e+01	-2.785009e+02
1.140000e-06	-4.020398e-06	-1.016982e-09	-2.151027e+01	-2.769576e+02
1.150000e-06	-3.969022e-06	-1.010234e-09	-2.123540e+01	-2.753876e+02
1.160000e-06	-3.917209e-06	-1.004028e-09	-2.095818e+01	-2.737903e+02
1.170000e-06	-3.864973e-06	-9.977610e-10	-2.067870e+01	-2.721649e+02
1.180000e-06	-3.812362e-06	-9.910787e-10	-2.039722e+01	-2.705109e+02
1.190000e-06	-3.759514e-06	-9.847328e-10	-2.011447e+01	-2.688276e+02
1.200000e-06	-3.706392e-06	-9.782229e-10	-1.983025e+01	-2.671145e+02
1.210000e-06	-3.653017e-06	-9.711363e-10	-1.954468e+01	-2.653712e+02
1.220000e-06	-3.599393e-06	-9.641395e-10	-1.925778e+01	-2.635972e+02
1.230000e-06	-3.545523e-06	-9.572926e-10	-1.896956e+01	-2.617921e+02
1.240000e-06	-3.491536e-06	-9.502293e-10	-1.868071e+01	-2.599556e+02
1.250000e-06	-3.437339e-06	-9.427896e-10	-1.839074e+01	-2.580874e+02
1.260000e-06	-3.382995e-06	-9.358034e-10	-1.809998e+01	-2.561873e+02
1.270000e-06	-3.328355e-06	-9.290066e-10	-1.780764e+01	-2.542550e+02
1.280000e-06	-3.273396e-06	-9.216232e-10	-1.751360e+01	-2.522903e+02
1.290000e-06	-3.218248e-06	-9.140961e-10	-1.721854e+01	-2.502932e+02
1.300000e-06	-3.162884e-06	-9.064671e-10	-1.692233e+01	-2.482633e+02
1.310000e-06	-3.107391e-06	-8.986441e-10	-1.662543e+01	-2.462008e+02
1.320000e-06	-3.051742e-06	-8.906210e-10	-1.632769e+01	-2.441053e+02
1.330000e-06	-2.995956e-06	-8.814321e-10	-1.602921e+01	-2.419769e+02
1.340000e-06	-2.940007e-06	-8.718972e-10	-1.572987e+01	-2.398154e+02
1.350000e-06	-2.883831e-06	-8.636261e-10	-1.542931e+01	-2.376207e+02
1.360000e-06	-2.827384e-06	-8.557471e-10	-1.512731e+01	-2.353927e+02
1.370000e-06	-2.770631e-06	-8.477152e-10	-1.482366e+01	-2.331313e+02
1.380000e-06	-2.713690e-06	-8.400913e-10	-1.451901e+01	-2.308363e+02
1.390000e-06	-2.656534e-06	-8.323538e-10	-1.421321e+01	-2.285075e+02
1.400000e-06	-2.599059e-06	-8.236125e-10	-1.390570e+01	-2.261447e+02
1.410000e-06	-2.541306e-06	-8.141506e-10	-1.359671e+01	-2.237479e+02
1.420000e-06	-2.483348e-06	-8.047474e-10	-1.328661e+01	-2.213166e+02
1.430000e-06	-2.425173e-06	-7.948944e-10	-1.297536e+01	-2.188507e+02
1.440000e-06	-2.366664e-06	-7.854082e-10	-1.266232e+01	-2.163498e+02
1.450000e-06	-2.307931e-06	-7.765952e-10	-1.234809e+01	-2.138136e+02
1.460000e-06	-2.249080e-06	-7.671940e-10	-1.203321e+01	-2.112419e+02
1.470000e-06	-2.189995e-06	-7.571825e-10	-1.171709e+01	-2.086342e+02
1.480000e-06	-2.130712e-06	-7.474204e-10	-1.139991e+01	-2.059900e+02
1.490000e-06	-2.071286e-06	-7.372192e-10	-1.108197e+01	-2.033089e+02
1.500000e-06	-2.011780e-06	-7.253534e-10	-1.076359e+01	-2.005905e+02
1.510000e-06	-1.952222e-06	-7.137582e-10	-1.044494e+01	-1.978342e+02
1.520000e-06	-1.892579e-06	-7.035032e-10	-1.012584e+01	-1.950393e+02
1.530000e-06	-1.832888e-06	-6.926569e-10	-9.806472e+00	-1.922052e+02
1.540000e-06	-1.773089e-06	-6.807107e-10	-9.486529e+00	-1.893312e+02
1.550000e-06	-1.713152e-06	-6.688455e-10	-9.165852e+00	-1.864166e+02
1.560000e-06	-1.653145e-06	-6.578057e-10	-8.844797e+00	-1.834603e+02
1.570000e-06	-1.592991e-06	-6.472726e-10	-8.522953e+00	-1.804616e+02
1.580000e-06	-1.532757e-06	-6.364947e-10	-8.200685e+00	-1.774194e+02
1.590000e-06	-1.472401e-06	-6.247028e-10	-7.877764e+00	-1.743325e+02
1.600000e-06	-1.411819e-06	-6.124964e-10	-7.553634e+00	-1.711997e+02
1.610000e-06	-1.351157e-06	-6.013334e-10	-7.229074e+00	-1.680198e+02
1.620000e-06	-1.290466e-06	-5.901309e-10	-6.904358e+00	-1.647913e+02
1.630000e-06	-1.229837e-06	-5.775521e-10	-6.579977e+00	-1.615128e+02
1.640000e-06	-1.169164e-06	-5.640774e-10	-6.255362e+00	-1.581825e+02
1.650000e-06	-1.108271e-06	-5.505612e-10	-5.929562e+00	-1.547988e+02
1.660000e-06	-1.047244e-06	-5.376007e-10	-5.603055e+00	-1.513598e+02
1.670000e-06	-9.862156e-07	-5.245344e-10	-5.276533e+00	-1.478638e+02
1.680000e-06	-9.252405e-07	-5.108504e-10	-4.950299e+00	-1.443087e+02
1.690000e-06	-8.642586e-07	-4.971550e-10	-4.624029e+00	-1.406925e+02
1.700000e-06	-8.031258e-07	-4.835930e-10	-4.296951e+00	-1.370132e+02
1.710000e-06	-7.419213e-07	-4.701338e-10	-3.969490e+00	-1.332687e+02
1.720000e-06	-6.806784e-07	-4.572134e-10	-3.641823e+00	-1.294569e+02
1.730000e-06	-6.193606e-07	-4.439694e-10	-3.313755e+00	-1.255758e+02
1.740000e-06	-5.580268e-07	-4.295237e-10	-2.985602e+00	-1.216234e+02
1.750000e-06	-4.966166e-07	-4.144789e-10	-2.657040e+00	-1.175978e+02
1.760000e-06	-4.351193e-07	-3.993698e-10	-2.328012e+00	-1.134972e+02
1.770000e-06	-3.736016e-07	-3.836268e-10	-1.998875e+00	-1.093200e+02
1.780000e-06	-3.121347e-07	-3.670162e-10	-1.670009e+00	-1.050646e+02
1.790000e-06	-2.507063e-07	-3.505290e-10	-1.341350e+00	-1.007299e+02
1.800000e-06	-1.891801e-07	-3.349959e-10	-1.012167e+00	-9.631495e+01
1.810000e-06	-1.276186e-07	-3.202717e-10	-6.827959e-01	-9.181891e+01
1.820000e-06	-6.617169e-08	-3.056649e-10	-3.540373e-01	-8.724144e+01
1.830000e-06	-4.624300e-09	-2.903784e-10	-2.474132e-02	-8.258249e+01
1.840000e-06	5.710460e-08	-2.743890e-10	3.055258e-01	-7.784238e+01
1.850000e-06	1.188553e-07	-2.579935e-10	6.359097e-01	-7.302182e+01
1.860000e-06	1.804542e-07	-2.407165e-10	9.654810e-01	-6.812194e+01
1.870000e-06	2.419856e-07	-2.220509e-10	1.294692e+00	-6.314431e+01
1.880000e-06	3.035891e-07	-2.024728e-10	1.624288e+00	-5.809093e+01
1.890000e-06	3.651461e-07	-1.840525e-10	1.953636e+00	-5.296425e+01
1.900000e-06	4.266615e-07	-1.671292e-10	2.282760e+00	-4.776718e+01
1.910000e-06	4.881320e-07	-1.497681e-10	2.611645e+00	-4.250307e+01
1.920000e-06	5.495538e-07	-1.310473e-10	2.940269e+00	-3.717571e+01
1.930000e-06	6.109312e-07	-1.114728e-10	3.268655e+00	-3.178930e+01
1.940000e-06	6.722024e-07	-9.164896e-11	3.596474e+00	-2.634846e+01
1.950000e-06	7.333352e-07	-7.137397e-11	3.923551e+00	-2.085817e+01
1.960000e-06	7.944839e-07	-5.120085e-11	4.250714e+00	-1.532378e+01
1.970000e-06	8.556693e-07	-3.167263e-11	4.578074e+00	-9.750925e+00
1.980000e-06	9.167463e-07	-1.190577e-11	4.904853e+00	-4.145517e+00
1.990000e-06	9.777381e-07	7.871631e-12	5.231177e+00	1.486299e+00
2.000000e-06	1.038756e-06	2.702450e-11	5.557638e+00	7.138199e+00
2.010000e-06	1.099751e-06	4.683976e-11	5.883983e+00	1.280372e+01
2.020000e-06	1.160593e-06	6.721203e-11	6.209503e+00	1.847633e+01
2.030000e-06	1.221269e-06	8.711707e-11	6.534136e+00	2.414945e+01
2.040000e-06	1.281818e-06	1.072929e-10	6.858091e+00	2.981652e+01
2.050000e-06	1.342361e-06	1.282609e-10	7.182014e+00	3.547105e+01
2.060000e-06	1.402849e-06	1.501436e-10	7.505643e+00	4.110667e+01
2.070000e-06	1.463185e-06	1.715563e-10	7.828458e+00	4.671717e+01
2.080000e-06	1.523398e-06	1.914137e-10	8.150613e+00	5.229654e+01
2.090000e-06	1.583483e-06	2.112585e-10	8.472082e+00	5.783904e+01
2.100000e-06	1.643504e-06	2.311961e-10	8.793214e+00	6.333918e+01
2.110000e-06	1.703601e-06	2.504428e-10	9.114747e+00	6.879183e+01
2.120000e-06	1.763524e-06	2.695556e-10	9.435354e+00	7.419217e+01
2.130000e-06	1.823196e-06	2.887535e-10	9.754615e+00	7.953577e+01
2.140000e-06	1.882821e-06	3.086205e-10	1.007362e+01	8.481855e+01
2.150000e-06	1.942461e-06	3.293934e-10	1.039272e+01	9.003688e+01
2.160000e-06	2.002067e-06	3.494133e-10	1.071163e+01	9.518748e+01
2.170000e-06	2.061561e-06	3.683025e-10	1.102994e+01	1.002675e+02
2.180000e-06	2.120961e-06	3.867835e-10	1.134774e+01	1.052745e+02
2.190000e-06	2.180195e-06	4.049431e-10	1.166466e+01	1.102065e+02
2.200000e-06	2.239294e-06	4.227384e-10	1.198086e+01	1.150616e+02
2.210000e-06	2.298258e-06	4.400241e-10	1.229633e+01	1.198387e+02
2.220000e-06	2.357019e-06	4.571459e-10	1.261072e+01	1.245368e+02
2.230000e-06	2.415460e-06	4.741194e-10	1.292340e+01	1.291552e+02
2.240000e-06	2.473554e-06	4.909464e-10	1.323422e+01	1.336935e+02
2.250000e-06	2.531504e-06	5.070726e-10	1.354426e+01	1.381518e+02
2.260000e-06	2.589200e-06	5.234240e-10	1.385296e+01	1.425301e+02
2.270000e-06	2.646346e-06	5.400687e-10	1.415870e+01	1.468288e+02
2.280000e-06	2.703091e-06	5.554769e-10	1.446230e+01	1.510485e+02
2.290000e-06	2.759567e-06	5.699068e-10	1.476447e+01	1.551898e+02
2.300000e-06	2.815766e-06	5.839827e-10	1.506515e+01	1.592538e+02
2.310000e-06	2.871844e-06	5.984885e-10	1.536518e+01	1.632412e+02
2.320000e-06	2.927785e-06	6.134399e-10	1.566448e+01	1.671532e+02
2.330000e-06	2.983556e-06	6.287054e-10	1.596287e+01	1.709908e+02
2.340000e-06	3.039200e-06	6.428972e-10	1.626058e+01	1.747552e+02
2.350000e-06	3.094720e-06	6.556772e-10	1.655763e+01	1.784476e+02
2.360000e-06	3.150101e-06	6.679575e-10	1.685394e+01	1.820691e+02
2.370000e-06	3.205316e-06	6.797043e-10	1.714935e+01	1.856209e+02
2.380000e-06	3.260282e-06	6.922933e-10	1.744344e+01	1.891043e+02
2.390000e-06	3.315067e-06	7.062864e-10	1.773655e+01	1.925204e+02
2.400000e-06	3.369698e-06	7.201125e-10	1.802884e+01	1.958703e+02
2.410000e-06	3.424073e-06	7.328892e-10	1.831976e+01	1.991552e+02
2.420000e-06	3.478301e-06	7.447693e-10	1.860990e+01	2.023763e+02
2.430000e-06	3.532376e-06	7.557983e-10	1.889922e+01	2.055346e+02
2.440000e-06	3.586062e-06	7.660137e-10	1.918645e+01	2.086314e+02
2.450000e-06	3.639447e-06	7.753258e-10	1.947208e+01	2.116677e+02
2.460000e-06	3.692658e-06	7.851253e-10	1.975677e+01	2.146447e+02
2.470000e-06	3.745529e-06	7.960783e-10	2.003964e+01	2.175634e+02
2.480000e-06	3.798062e-06	8.066614e-10	2.032071e+01	2.204249e+02
2.490000e-06	3.850260e-06	8.161341e-10	2.059999e+01	2.232306e+02
2.500000e-06	3.902146e-06	8.250296e-10	2.087759e+01	2.259814e+02
2.510000e-06	3.953782e-06	8.341972e-10	2.115386e+01	2.286786e+02
2.520000e-06	4.005186e-06	8.435744e-10	2.142888e+01	2.313233e+02
2.530000e-06	4.056356e-06	8.534183e-10	2.170266e+01	2.339167e+02
2.540000e-06	4.107069e-06	8.631376e-10	2.197399e+01	2.364601e+02
2.550000e-06	4.157334e-06	8.715624e-10	2.224292e+01	2.389546e+02
2.560000e-06	4.207113e-06	8.791328e-10	2.250925e+01	2.414015e+02
2.570000e-06	4.256397e-06	8.864986e-10	2.277293e+01	2.438019e+02
2.580000e-06	4.305255e-06	8.944702e-10	2.303434e+01	2.461570e+02
2.590000e-06	4.353656e-06	9.030025e-10	2.329330e+01	2.484680e+02
2.600000e-06	4.401768e-06	9.116802e-10	2.355071e+01	2.507359e+02
2.610000e-06	4.449503e-06	9.203456e-10	2.380610e+01	2.529618e+02
2.620000e-06	4.496893e-06	9.292449e-10	2.405965e+01	2.551468e+02
2.630000e-06	4.544096e-06	9.375347e-10	2.431220e+01	2.572917e+02
2.640000e-06	4.591052e-06	9.445189e-10	2.456343e+01	2.593975e+02
2.650000e-06	4.637656e-06	9.510542e-10	2.481278e+01	2.614648e+02
2.660000e-06	4.683905e-06	9.575557e-10	2.506022e+01	2.634945e+02
2.670000e-06	4.729864e-06	9.640902e-10	2.530612e+01	2.654871e+02
2.680000e-06	4.775482e-06	9.703737e-10	2.555019e+01	2.674431e+02
2.690000e-06	4.820763e-06	9.766035e-10	2.579245e+01	2.693630e+02
2.700000e-06	4.865733e-06	9.839234e-10	2.603305e+01	2.712470e+02
2.710000e-06	4.910448e-06	9.922894e-10	2.627229e+01	2.730954e+02
2.720000e-06	4.954853e-06	9.996770e-10	2.650987e+01	2.749084e+02
2.730000e-06	4.998887e-06	1.005743e-09	2.674547e+01	2.766859e+02
2.740000e-06	5.042709e-06	1.011982e-09	2.697992e+01	2.784281e+02
2.750000e-06	5.086285e-06	1.018962e-09	2.721307e+01	2.801349e+02
2.760000e-06	5.129696e-06	1.025634e-09	2.744533e+01	2.818062e+02
2.770000e-06	5.172816e-06	1.031725e-09	2.767604e+01	2.834419e+02
2.780000e-06	5.215393e-06	1.037518e-09	2.790383e+01	2.850419e+02
2.790000e-06	5.257427e-06	1.043304e-09	2.812873e+01	2.866061e+02
2.800000e-06	5.298905e-06	1.049468e-09	2.835065e+01	2.881345e+02
2.810000e-06	5.339927e-06	1.056301e-09	2.857013e+01	2.896270e+02
2.820000e-06	5.380413e-06	1.063597e-09	2.878674e+01	2.910837e+02
2.830000e-06	5.420305e-06	1.070055e-09	2.900017e+01	2.925048e+02
2.840000e-06	5.459914e-06	1.075496e-09	2.921209e+01	2.938903e+02
2.850000e-06	5.499291e-06	1.081229e-09	2.942277e+01	2.952408e+02
2.860000e-06	5.538377e-06	1.087523e-09	2.963189e+01	2.965566e+02
2.870000e-06	5.577089e-06	1.093257e-09	2.983901e+01	2.978382e+02
2.880000e-06	5.615344e-06	1.098196e-09	3.004369e+01	2.990864e+02
2.890000e-06	5.653169e-06	1.103389e-09	3.024606e+01	3.003020e+02
2.900000e-06	5.690476e-06	1.109586e-09	3.044566e+01	3.014860e+02
2.910000e-06	5.727328e-06	1.115582e-09	3.064283e+01	3.026393e+02
2.920000e-06	5.763899e-06	1.120599e-09	3.083850e+01	3.037633e+02
2.930000e-06	5.800127e-06	1.126047e-09	3.103233e+01	3.048591e+02
2.940000e-06	5.835960e-06	1.131712e-09	3.122404e+01	3.059283e+02
2.950000e-06	5.871605e-06	1.136200e-09	3.141476e+01	3.069722e+02
2.960000e-06	5.907133e-06	1.139732e-09	3.160484e+01	3.079924e+02
2.970000e-06	5.942309e-06	1.143260e-09	3.179304e+01	3.089905e+02
2.980000e-06	5.976907e-06	1.147773e-09	3.197815e+01	3.099680e+02
2.990000e-06	6.010944e-06	1.153077e-09	3.216026e+01	3.109266e+02
3.000000e-06	6.044242e-06	1.158638e-09	3.233841e+01	3.118678e+02
3.010000e-06	6.076846e-06	1.163162e-09	3.251285e+01	3.127931e+02
3.020000e-06	6.109023e-06	1.166634e-09	3.268501e+01	3.137041e+02
3.030000e-06	6.140823e-06	1.170228e-09	3.285515e+01	3.146021e+02
3.040000e-06	6.172307e-06	1.174695e-09	3.302360e+01	3.154883e+02
3.050000e-06	6.203458e-06	1.180033e-09	3.319026e+01	3.163640e+02
3.060000e-06	6.234056e-06	1.185374e-09	3.335397e+01	3.172302e+02
3.070000e-06	6.264067e-06	1.189772e-09	3.351454e+01	3.180876e+02
3.080000e-06	6.293681e-06	1.193197e-09	3.367298e+01	3.189371e+02
3.090000e-06	6.322844e-06	1.196239e-09	3.382901e+01	3.197793e+02
3.100000e-06	6.351547e-06	1.198439e-09	3.398258e+01	3.206144e+02
3.110000e-06	6.379851e-06	1.199946e-09	3.413402e+01	3.214428e+02
3.120000e-06	6.407900e-06	1.203092e-09	3.428409e+01	3.222646e+02
3.130000e-06	6.435746e-06	1.207850e-09	3.443307e+01	3.230796e+02
3.140000e-06	6.463244e-06	1.212740e-09	3.458019e+01	3.238876e+02
3.150000e-06	6.490194e-06	1.217208e-09	3.472438e+01	3.246883e+02
3.160000e-06	6.516455e-06	1.219222e-09	3.486488e+01	3.254813e+02
3.170000e-06	6.542018e-06	1.220244e-09	3.500165e+01	3.262660e+02
3.180000e-06	6.566934e-06	1.222658e-09	3.513496e+01	3.270418e+02
3.190000e-06	6.591299e-06	1.226546e-09	3.526532e+01	3.278079e+02
3.200000e-06	6.615197e-06	1.229743e-09	3.539318e+01	3.285637e+02
3.210000e-06	6.638791e-06	1.231848e-09	3.551942e+01	3.293085e+02
3.220000e-06	6.661891e-06	1.235470e-09	3.564301e+01	3.300414e+02
3.230000e-06	6.684327e-06	1.240832e-09	3.576305e+01	3.307618e+02
3.240000e-06	6.706367e-06	1.245295e-09	3.588097e+01	3.314690e+02
3.250000e-06	6.728096e-06	1.246829e-09	3.599722e+01	3.321623e+02
3.260000e-06	6.749482e-06	1.247520e-09	3.611165e+01	3.328412e+02
3.270000e-06	6.770326e-06	1.250604e-09	3.622317e+01	3.335053e+02
3.280000e-06	6.790595e-06	1.256213e-09	3.633161e+01	3.341540e+02
3.290000e-06	6.810509e-06	1.261437e-09	3.643816e+01	3.347871e+02
3.300000e-06	6.830047e-06	1.263513e-09	3.654269e+01	3.354044e+02
3.310000e-06	6.849229e-06	1.263709e-09	3.664532e+01	3.360057e+02
3.320000e-06	6.868075e-06	1.265178e-09	3.674615e+01	3.365910e+02
3.330000e-06	6.886409e-06	1.268742e-09	3.684424e+01	3.371604e+02
3.340000e-06	6.904092e-06	1.272502e-09	3.693885e+01	3.377138e+02
3.350000e-06	6.921249e-06	1.275774e-09	3.703065e+01	3.382516e+02
3.360000e-06	6.937839e-06	1.277982e-09	3.711941e+01	3.387739e+02
3.370000e-06	6.953951e-06	1.279911e-09	3.720561e+01	3.392809e+02
3.380000e-06	6.969695e-06	1.284213e-09	3.728985e+01	3.397730e+02
3.390000e-06	6.984857e-06	1.288475e-09	3.737097e+01	3.402503e+02
3.400000e-06	6.999366e-06	1.290398e-09	3.744860e+01	3.407131e+02
3.410000e-06	7.013299e-06	1.292554e-09	3.752314e+01	3.411617e+02
3.420000e-06	7.026733e-06	1.296849e-09	3.759502e+01	3.415962e+02
3.430000e-06	7.039603e-06	1.301388e-09	3.766388e+01	3.420167e+02
3.440000e-06	7.051945e-06	1.302851e-09	3.772991e+01	3.424233e+02
3.450000e-06	7.063791e-06	1.302826e-09	3.779329e+01	3.428159e+02
3.460000e-06	7.075084e-06	1.304924e-09	3.785371e+01	3.431943e+02
3.470000e-06	7.085892e-06	1.308798e-09	3.791153e+01	3.435584e+02
3.480000e-06	7.095998e-06	1.312469e-09	3.796561e+01	3.439079e+02
3.490000e-06	7.105288e-06	1.314922e-09	3.801531e+01	3.442424e+02
3.500000e-06	7.113902e-06	1.316731e-09	3.806140e+01	3.445613e+02
3.510000e-06	7.121845e-06	1.319117e-09	3.810389e+01	3.448642e+02
3.520000e-06	7.129386e-06	1.323263e-09	3.814424e+01	3.451504e+02
3.530000e-06	7.136737e-06	1.327589e-09	3.818357e+01	3.454192e+02
3.540000e-06	7.143799e-06	1.330173e-09	3.822135e+01	3.456701e+02
3.550000e-06	7.150430e-06	1.332166e-09	3.825683e+01	3.459023e+02
3.560000e-06	7.156451e-06	1.334844e-09	3.828905e+01	3.461150e+02
3.570000e-06	7.161744e-06	1.337918e-09	3.831736e+01	3.463077e+02
3.580000e-06	7.166433e-06	1.340021e-09	3.834245e+01	3.464798e+02
3.590000e-06	7.170672e-06	1.340694e-09	3.836513e+01	3.466306e+02
3.600000e-06	7.174525e-06	1.342488e-09	3.838575e+01	3.467599e+02
3.610000e-06	7.178078e-06	1.346461e-09	3.840476e+01	3.468672e+02
3.620000e-06	7.181343e-06	1.350647e-09	3.842223e+01	3.469524e+02
3.630000e-06	7.184216e-06	1.353355e-09	3.843760e+01	3.470155e+02
3.640000e-06	7.186527e-06	1.353451e-09	3.844996e+01	3.470566e+02
3.650000e-06	7.187939e-06	1.352639e-09	3.845751e+01	3.470759e+02
3.660000e-06	7.188403e-06	1.353259e-09	3.846000e+01	3.470741e+02
3.670000e-06	7.188305e-06	1.354830e-09	3.845947e+01	3.470517e+02
3.680000e-06	7.187863e-06	1.356333e-09	3.845711e+01	3.470097e+02
3.690000e-06	7.187079e-06	1.357523e-09	3.845291e+01	3.469490e+02
3.700000e-06	7.185851e-06	1.358790e-09	3.844634e+01	3.468709e+02
3.710000e-06	7.183892e-06	1.360111e-09	3.843586e+01	3.467767e+02
3.720000e-06	7.181351e-06	1.360322e-09	3.842227e+01	3.466680e+02
3.730000e-06	7.178524e-06	1.358462e-09	3.840714e+01	3.465463e+02
3.740000e-06	7.175284e-06	1.355675e-09	3.838981e+01	3.464134e+02
3.750000e-06	7.171626e-06	1.354982e-09	3.837023e+01	3.462711e+02
3.760000e-06	7.167373e-06	1.361894e-09	3.834748e+01	3.461212e+02
3.770000e-06	7.162381e-06	1.371688e-09	3.832077e+01	3.459656e+02
3.780000e-06	7.156578e-06	1.366807e-09	3.828972e+01	3.458060e+02
3.790000e-06	7.150369e-06	1.345995e-09	3.825650e+01	3.456444e+02
3.800000e-06	7.144065e-06	1.343806e-09	3.822278e+01	3.454823e+02
3.810000e-06	7.137313e-06	1.364234e-09	3.818665e+01	3.453214e+02
3.820000e-06	7.129821e-06	1.369556e-09	3.814657e+01	3.451631e+02
3.830000e-06	7.121778e-06	1.349627e-09	3.810354e+01	3.450087e+02
3.840000e-06	7.113346e-06	1.345325e-09	3.805842e+01	3.448594e+02
3.850000e-06	7.104470e-06	1.370309e-09	3.801093e+01	3.447161e+02
3.860000e-06	7.095017e-06	1.374530e-09	3.796036e+01	3.445794e+02
3.870000e-06	7.084946e-06	1.342353e-09	3.790648e+01	3.444497e+02
3.880000e-06	7.074390e-06	1.329501e-09	3.785000e+01	3.443273e+02
3.890000e-06	7.063365e-06	1.363585e-09	3.779101e+01	3.442121e+02
3.900000e-06	7.051939e-06	1.379711e-09	3.772988e+01	3.441038e+02
3.910000e-06	7.040060e-06	1.350664e-09	3.766632e+01	3.440019e+02
3.920000e-06	7.027534e-06	1.342428e-09	3.759930e+01	3.439056e+02
3.930000e-06	7.014237e-06	1.376613e-09	3.752816e+01	3.438139e+02
3.940000e-06	7.000100e-06	1.379497e-09	3.745252e+01	3.437257e+02
3.950000e-06	6.985233e-06	1.347100e-09	3.737298e+01	3.436394e+02
3.960000e-06	6.969796e-06	1.356984e-09	3.729039e+01	3.435537e+02
3.970000e-06	6.953739e-06	1.389958e-09	3.720448e+01	3.434669e+02
3.980000e-06	6.937243e-06	1.374633e-09	3.711622e+01	3.433772e+02
3.990000e-06	6.920469e-06	1.352474e-09	3.702648e+01	3.432827e+02
4.000000e-06	6.903376e-06	1.377009e-09	3.693502e+01	3.431816e+02
4.010000e-06	6.885732e-06	1.382455e-09	3.684062e+01	3.430721e+02
4.020000e-06	6.867522e-06	1.348795e-09	3.674319e+01	3.429522e+02
4.030000e-06	6.848879e-06	1.358239e-09	3.664345e+01	3.428202e+02
4.040000e-06	6.829743e-06	1.391936e-09	3.654107e+01	3.426743e+02
4.050000e-06	6.810200e-06	1.370895e-09	3.643650e+01	3.425129e+02
4.060000e-06	6.790303e-06	1.349147e-09	3.633005e+01	3.423345e+02
4.070000e-06	6.769897e-06	1.378802e-09	3.622087e+01	3.421377e+02
4.080000e-06	6.749114e-06	1.382243e-09	3.610968e+01	3.419215e+02
4.090000e-06	6.727900e-06	1.349358e-09	3.599618e+01	3.416846e+02
4.100000e-06	6.706015e-06	1.361982e-09	3.587908e+01	3.414264e+02
4.110000e-06	6.683481e-06	1.383603e-09	3.575852e+01	3.411461e+02
4.120000e-06	6.660271e-06	1.358404e-09	3.563434e+01	3.408433e+02
4.130000e-06	6.636405e-06	1.352843e-09	3.550665e+01	3.405177e+02
4.140000e-06	6.612085e-06	1.375772e-09	3.537653e+01	3.401692e+02
4.150000e-06	6.587428e-06	1.358997e-09	3.524461e+01	3.397979e+02
4.160000e-06	6.562496e-06	1.343639e-09	3.511122e+01	3.394040e+02
4.170000e-06	6.537095e-06	1.369932e-09	3.497531e+01	3.389879e+02
4.180000e-06	6.511086e-06	1.369758e-09	3.483616e+01	3.385499e+02
4.190000e-06	6.484711e-06	1.347228e-09	3.469504e+01	3.380908e+02
4.200000e-06	6.457948e-06	1.361922e-09	3.455186e+01	3.376112e+02
4.210000e-06	6.430690e-06	1.368945e-09	3.440602e+01	3.371118e+02
4.220000e-06	6.402896e-06	1.345299e-09	3.425731e+01	3.365934e+02
4.230000e-06	6.374630e-06	1.350157e-09	3.410608e+01	3.360566e+02
4.240000e-06	6.346025e-06	1.364471e-09	3.395304e+01	3.355024e+02
4.250000e-06	6.317024e-06	1.347136e-09	3.379787e+01	3.349315e+02
4.260000e-06	6.287605e-06	1.342248e-09	3.364047e+01	3.343445e+02
4.270000e-06	6.257633e-06	1.356086e-09	3.348011e+01	3.337421e+02
4.280000e-06	6.227024e-06	1.345569e-09	3.331634e+01	3.331249e+02
4.290000e-06	6.195829e-06	1.333874e-09	3.314944e+01	3.324934e+02
4.300000e-06	6.164044e-06	1.344343e-09	3.297938e+01	3.318480e+02
4.310000e-06	6.131797e-06	1.344322e-09	3.280686e+01	3.311890e+02
4.320000e-06	6.099195e-06	1.334653e-09	3.263242e+01	3.305167e+02
4.330000e-06	6.066228e-06	1.338656e-09	3.245604e+01	3.298311e+02
4.340000e-06	6.032872e-06	1.338460e-09	3.227758e+01	3.291323e+02
4.350000e-06	5.999029e-06	1.328579e-09	3.209651e+01	3.284203e+02
4.360000e-06	5.964707e-06	1.327736e-09	3.191288e+01	3.276949e+02
4.370000e-06	5.930095e-06	1.329945e-09	3.172769e+01	3.269559e+02
4.380000e-06	5.895166e-06	1.325218e-09	3.154081e+01	3.262030e+02
4.390000e-06	5.859856e-06	1.323062e-09	3.135189e+01	3.254360e+02
4.400000e-06	5.824121e-06	1.323769e-09	3.116070e+01	3.246544e+02
4.410000e-06	5.788004e-06	1.319792e-09	3.096746e+01	3.238578e+02
4.420000e-06	5.751525e-06	1.315761e-09	3.077229e+01	3.230460e+02
4.430000e-06	5.714696e-06	1.314357e-09	3.057525e+01	3.222184e+02
4.440000e-06	5.677569e-06	1.311699e-09	3.037661e+01	3.213748e+02
4.450000e-06	5.639919e-06	1.308491e-09	3.017517e+01	3.205147e+02
4.460000e-06	5.601684e-06	1.305296e-09	2.997060e+01	3.196378e+02
4.470000e-06	5.562812e-06	1.301762e-09	2.976262e+01	3.187439e+02
4.480000e-06	5.523328e-06	1.299344e-09	2.955137e+01	3.178327e+02
4.490000e-06	5.483384e-06	1.297258e-09	2.933766e+01	3.169040e+02
4.500000e-06	5.443026e-06	1.294002e-09	2.912174e+01	3.159576e+02
4.510000e-06	5.402391e-06	1.290567e-09	2.890433e+01	3.149935e+02
4.520000e-06	5.361632e-06	1.286905e-09	2.868626e+01	3.140117e+02
4.530000e-06	5.320442e-06	1.282113e-09	2.846588e+01	3.130122e+02
4.540000e-06	5.278676e-06	1.278743e-09	2.824242e+01	3.119949e+02
4.550000e-06	5.236649e-06	1.276586e-09	2.801756e+01	3.109601e+02
4.560000e-06	5.194421e-06	1.273036e-09	2.779163e+01	3.099077e+02
4.570000e-06	5.151865e-06	1.269788e-09	2.756394e+01	3.088380e+02
4.580000e-06	5.108854e-06	1.267213e-09	2.733382e+01	3.077511e+02
4.590000e-06	5.065471e-06	1.263731e-09	2.710171e+01	3.066471e+02
4.600000e-06	5.021840e-06	1.260056e-09	2.686827e+01	3.055261e+02
4.610000e-06	4.977933e-06	1.255222e-09	2.663335e+01	3.043883e+02
4.620000e-06	4.933685e-06	1.248897e-09	2.639662e+01	3.032337e+02
4.630000e-06	4.889148e-06	1.244386e-09	2.615833e+01	3.020623e+02
4.640000e-06	4.844242e-06	1.242286e-09	2.591807e+01	3.008742e+02
4.650000e-06	4.798894e-06	1.238626e-09	2.567545e+01	2.996692e+02
4.660000e-06	4.753267e-06	1.232697e-09	2.543133e+01	2.984473e+02
4.670000e-06	4.707349e-06	1.226846e-09	2.518566e+01	2.972081e+02
4.680000e-06	4.661085e-06	1.221749e-09	2.493813e+01	2.959515e+02
4.690000e-06	4.614639e-06	1.217083e-09	2.468963e+01	2.946771e+02
4.700000e-06	4.567920e-06	1.212658e-09	2.443967e+01	2.933844e+02
4.710000e-06	4.520824e-06	1.208062e-09	2.418769e+01	2.920731e+02
4.720000e-06	4.473364e-06	1.203309e-09	2.393377e+01	2.907426e+02
4.730000e-06	4.425545e-06	1.199164e-09	2.367792e+01	2.893922e+02
4.740000e-06	4.377490e-06	1.195162e-09	2.342082e+01	2.880214e+02
4.750000e-06	4.329060e-06	1.189975e-09	2.316170e+01	2.866294e+02
4.760000e-06	4.280125e-06	1.184528e-09	2.289988e+01	2.852155e+02
4.770000e-06	4.230856e-06	1.180229e-09	2.263628e+01	2.837791e+02
4.780000e-06	4.181261e-06	1.176116e-09	2.237093e+01	2.823192e+02
4.790000e-06	4.131294e-06	1.170807e-09	2.210360e+01	2.808352e+02
4.800000e-06	4.081022e-06	1.164592e-09	2.183463e+01	2.793263e+02
4.810000e-06	4.030397e-06	1.158613e-09	2.156377e+01	2.777917e+02
4.820000e-06	3.979476e-06	1.152568e-09	2.129133e+01	2.762306e+02
4.830000e-06	3.928402e-06	1.146683e-09	2.101807e+01	2.746424e+02
4.840000e-06	3.877064e-06	1.140663e-09	2.074340e+01	2.730265e+02
4.850000e-06	3.825280e-06	1.133945e-09	2.046633e+01	2.713820e+02
4.860000e-06	3.773238e-06	1.127766e-09	2.018790e+01	2.697085e+02
4.870000e-06	3.721023e-06	1.122752e-09	1.990853e+01	2.680054e+02
4.880000e-06	3.668438e-06	1.117820e-09	1.962719e+01	2.662722e+02
4.890000e-06	3.615479e-06	1.112363e-09	1.934384e+01	2.645084e+02
4.900000e-06	3.562299e-06	1.106087e-09	1.905931e+01	2.627137e+02
4.910000e-06	3.508853e-06	1.097752e-09	1.877336e+01	2.608877e+02
4.920000e-06	3.454902e-06	1.089037e-09	1.848471e+01	2.590301e+02
4.930000e-06	3.400456e-06	1.082114e-09	1.819340e+01	2.571406e+02
4.940000e-06	3.345797e-06	1.075242e-09	1.790096e+01	2.552190e+02
4.950000e-06	3.290832e-06	1.067362e-09	1.760689e+01	2.532651e+02
4.960000e-06	3.235495e-06	1.059949e-09	1.731082e+01	2.512787e+02
4.970000e-06	3.179929e-06	1.054435e-09	1.701352e+01	2.492598e+02
4.980000e-06	3.124070e-06	1.048892e-09	1.671466e+01	2.472081e+02
4.990000e-06	3.067979e-06	1.040325e-09	1.641456e+01	2.451236e+02
5.000000e-06	3.011721e-06	1.030623e-09	1.611356e+01	2.430062e+02
5.010000e-06	2.955432e-06	1.021471e-09	1.581240e+01	2.408557e+02
5.020000e-06	2.898975e-06	1.012625e-09	1.551034e+01	2.386721e+02
5.030000e-06	2.842252e-06	1.003121e-09	1.520686e+01	2.364551e+02
5.040000e-06	2.785363e-06	9.923515e-10	1.490248e+01	2.342048e+02
5.050000e-06	2.728435e-06	9.815064e-10	1.459790e+01	2.319210e+02
5.060000e-06	2.671294e-06	9.715519e-10	1.429218e+01	2.296035e+02
5.070000e-06	2.613859e-06	9.622902e-10	1.398489e+01	2.272520e+02
5.080000e-06	2.556319e-06	9.525279e-10	1.367703e+01	2.248665e+02
5.090000e-06	2.498537e-06	9.423543e-10	1.336788e+01	2.224467e+02
5.100000e-06	2.440559e-06	9.325231e-10	1.305768e+01	2.199923e+02
5.110000e-06	2.382446e-06	9.223959e-10	1.274676e+01	2.175031e+02
5.120000e-06	2.324147e-06	9.118551e-10	1.243485e+01	2.149787e+02
5.130000e-06	2.265527e-06	9.009408e-10	1.212121e+01	2.124189e+02
5.140000e-06	2.206614e-06	8.897487e-10	1.180601e+01	2.098232e+02
5.150000e-06	2.147574e-06	8.784766e-10	1.149013e+01	2.071911e+02
5.160000e-06	2.088364e-06	8.670229e-10	1.117334e+01	2.045224e+02
5.170000e-06	2.029075e-06	8.557077e-10	1.085613e+01	2.018165e+02
5.180000e-06	1.969710e-06	8.445218e-10	1.053851e+01	1.990728e+02
5.190000e-06	1.910182e-06	8.327545e-10	1.022001e+01	1.962908e+02
5.200000e-06	1.850533e-06	8.202608e-10	9.900876e+00	1.934698e+02
5.210000e-06	1.790738e-06	8.078722e-10	9.580956e+00	1.906092e+02
5.220000e-06	1.730847e-06	7.964478e-10	9.260525e+00	1.877082e+02
5.230000e-06	1.670914e-06	7.851487e-10	8.939864e+00	1.847659e+02
5.240000e-06	1.610924e-06	7.725064e-10	8.618903e+00	1.817814e+02
5.250000e-06	1.550904e-06	7.596287e-10	8.297780e+00	1.787537e+02
5.260000e-06	1.490846e-06	7.474629e-10	7.976448e+00	1.756818e+02
5.270000e-06	1.430687e-06	7.347009e-10	7.654583e+00	1.725645e+02
5.280000e-06	1.370443e-06	7.206848e-10	7.332259e+00	1.694004e+02
5.290000e-06	1.310156e-06	7.072074e-10	7.009708e+00	1.661883e+02
5.300000e-06	1.249812e-06	6.939639e-10	6.686850e+00	1.629265e+02
5.310000e-06	1.189429e-06	6.799913e-10	6.363783e+00	1.596136e+02
5.320000e-06	1.128939e-06	6.654802e-10	6.040143e+00	1.562479e+02
5.330000e-06	1.068341e-06	6.507229e-10	5.715926e+00	1.528276e+02
5.340000e-06	1.007690e-06	6.364425e-10	5.391429e+00	1.493507e+02
5.350000e-06	9.470279e-07	6.230182e-10	5.066868e+00	1.458155e+02
5.360000e-06	8.862762e-07	6.092808e-10	4.741830e+00	1.422199e+02
5.370000e-06	8.253823e-07	5.939572e-10	4.416030e+00	1.385618e+02
5.380000e-06	7.645673e-07	5.776260e-10	4.090652e+00	1.348393e+02
5.390000e-06	7.037092e-07	5.612132e-10	3.765044e+00	1.310501e+02
5.400000e-06	6.427977e-07	5.450540e-10	3.439150e+00	1.271923e+02
5.410000e-06	5.818744e-07	5.283971e-10	3.113193e+00	1.232639e+02
5.420000e-06	5.207474e-07	5.109102e-10	2.786146e+00	1.192628e+02
5.430000e-06	4.594290e-07	4.933653e-10	2.458075e+00	1.151874e+02
5.440000e-06	3.981820e-07	4.771719e-10	2.130387e+00	1.110358e+02
5.450000e-06	3.370892e-07	4.614043e-10	1.803523e+00	1.068066e+02
5.460000e-06	2.759503e-07	4.446385e-10	1.476412e+00	1.024985e+02
5.470000e-06	2.148753e-07	4.260608e-10	1.149644e+00	9.811034e+01
5.480000e-06	1.537764e-07	4.054018e-10	8.227472e-01	9.364135e+01
5.490000e-06	9.267636e-08	3.838670e-10	4.958448e-01	8.909101e+01
5.500000e-06	3.161590e-08	3.626777e-10	1.691541e-01	8.445918e+01
5.510000e-06	-2.965885e-08	3.427267e-10	-1.586833e-01	7.974603e+01
5.520000e-06	-9.104170e-08	3.226656e-10	-4.870989e-01	7.495215e+01
5.530000e-06	-1.524080e-07	3.017968e-10	-8.154262e-01	7.007853e+01
5.540000e-06	-2.137664e-07	2.815382e-10	-1.143711e+00	6.512659e+01
5.550000e-06	-2.749699e-07	2.618726e-10	-1.471167e+00	6.009818e+01
5.560000e-06	-3.361483e-07	2.408921e-10	-1.798489e+00	5.499561e+01
5.570000e-06	-3.974737e-07	2.180076e-10	-2.126597e+00	4.982162e+01
5.580000e-06	-4.586773e-07	1.945570e-10	-2.454054e+00	4.457943e+01
5.590000e-06	-5.197702e-07	1.716989e-10	-2.780918e+00	3.927267e+01
5.600000e-06	-5.809120e-07	1.492482e-10	-3.108044e+00	3.390542e+01
5.610000e-06	-6.420364e-07	1.259731e-10	-3.435077e+00	2.848216e+01
5.620000e-06	-7.030377e-07	1.024641e-10	-3.761452e+00	2.300775e+01
5.630000e-06	-7.638911e-07	7.972825e-11	-4.087034e+00	1.748742e+01
5.640000e-06	-8.246838e-07	5.688352e-11	-4.412293e+00	1.192671e+01
5.650000e-06	-8.854344e-07	3.341443e-11	-4.737325e+00	6.331450e+00
5.660000e-06	-9.461182e-07	8.829450e-12	-5.062001e+00	7.077126e-01
5.670000e-06	-1.006790e-06	-1.645100e-11	-5.386612e+00	-4.938234e+00
5.680000e-06	-1.067403e-06	-4.049844e-11	-5.710910e+00	-1.059997e+01
5.690000e-06	-1.127896e-06	-6.361352e-11	-6.034561e+00	-1.627098e+01
5.700000e-06	-1.188400e-06	-8.771413e-11	-6.358278e+00	-2.194469e+01
5.710000e-06	-1.248887e-06	-1.128041e-10	-6.681902e+00	-2.761453e+01
5.720000e-06	-1.309239e-06	-1.374371e-10	-7.004802e+00	-3.327398e+01
5.730000e-06	-1.369460e-06	-1.606437e-10	-7.327000e+00	-3.891663e+01
5.740000e-06	-1.429608e-06	-1.825455e-10	-7.648809e+00	-4.453621e+01
5.750000e-06	-1.489761e-06	-2.043738e-10	-7.970642e+00	-5.012664e+01
5.760000e-06	-1.549901e-06	-2.279065e-10	-8.292409e+00	-5.568208e+01
5.770000e-06	-1.609962e-06	-2.523865e-10	-8.613753e+00	-6.119696e+01
5.780000e-06	-1.669899e-06	-2.760874e-10	-8.934432e+00	-6.666603e+01
5.790000e-06	-1.729769e-06	-2.994910e-10	-9.254755e+00	-7.208434e+01
5.800000e-06	-1.789602e-06	-3.226631e-10	-9.574879e+00	-7.744735e+01
5.810000e-06	-1.849283e-06	-3.448106e-10	-9.894189e+00	-8.275086e+01
5.820000e-06	-1.908794e-06	-3.663043e-10	-1.021259e+01	-8.799109e+01
5.830000e-06	-1.968109e-06	-3.874696e-10	-1.052994e+01	-9.316463e+01
5.840000e-06	-2.027333e-06	-4.083364e-10	-1.084681e+01	-9.826851e+01
5.850000e-06	-2.086388e-06	-4.300619e-10	-1.116277e+01	-1.033001e+02
5.860000e-06	-2.145143e-06	-4.531346e-10	-1.147712e+01	-1.082573e+02
5.870000e-06	-2.203718e-06	-4.757956e-10	-1.179052e+01	-1.131383e+02
5.880000e-06	-2.262163e-06	-4.964951e-10	-1.210322e+01	-1.179416e+02
5.890000e-06	-2.320451e-06	-5.162607e-10	-1.241507e+01	-1.226661e+02
5.900000e-06	-2.378516e-06	-5.363974e-10	-1.272573e+01	-1.273111e+02
5.910000e-06	-2.436484e-06	-5.564511e-10	-1.303588e+01	-1.318762e+02
5.920000e-06	-2.494345e-06	-5.754428e-10	-1.334545e+01	-1.363612e+02
5.930000e-06	-2.552068e-06	-5.939103e-10	-1.365429e+01	-1.407661e+02
5.940000e-06	-2.609606e-06	-6.127450e-10	-1.396213e+01	-1.450913e+02
5.950000e-06	-2.666873e-06	-6.314249e-10	-1.426853e+01	-1.493373e+02
5.960000e-06	-2.723959e-06	-6.488833e-10	-1.457395e+01	-1.535047e+02
5.970000e-06	-2.780795e-06	-6.652476e-10	-1.487804e+01	-1.575944e+02
5.980000e-06	-2.837368e-06	-6.816222e-10	-1.518073e+01	-1.616073e+02
5.990000e-06	-2.893801e-06	-6.991567e-10	-1.548266e+01	-1.655443e+02
6.000000e-06	-2.950095e-06	-7.168996e-10	-1.578384e+01	-1.694066e+02
6.010000e-06	-3.006245e-06	-7.331452e-10	-1.608427e+01	-1.731953e+02
6.020000e-06	-3.062251e-06	-7.487667e-10	-1.638391e+01	-1.769116e+02
6.030000e-06	-3.118108e-06	-7.644460e-10	-1.668277e+01	-1.805566e+02
6.040000e-06	-3.173767e-06	-7.797289e-10	-1.698055e+01	-1.841316e+02
6.050000e-06	-3.229176e-06	-7.949268e-10	-1.727701e+01	-1.876377e+02
6.060000e-06	-3.284292e-06	-8.091885e-10	-1.757190e+01	-1.910761e+02
6.070000e-06	-3.338970e-06	-8.222075e-10	-1.786444e+01	-1.944479e+02
6.080000e-06	-3.393312e-06	-8.356855e-10	-1.815518e+01	-1.977544e+02
6.090000e-06	-3.447469e-06	-8.495063e-10	-1.844494e+01	-2.009967e+02
6.100000e-06	-3.501202e-06	-8.625870e-10	-1.873243e+01	-2.041759e+02
6.110000e-06	-3.554486e-06	-8.751058e-10	-1.901751e+01	-2.072931e+02
6.120000e-06	-3.607458e-06	-8.875436e-10	-1.930093e+01	-2.103494e+02
6.130000e-06	-3.660141e-06	-9.002113e-10	-1.958279e+01	-2.133461e+02
6.140000e-06	-3.712549e-06	-9.134502e-10	-1.986319e+01	-2.162841e+02
6.150000e-06	-3.764614e-06	-9.273522e-10	-2.014176e+01	-2.191646e+02
6.160000e-06	-3.816487e-06	-9.403204e-10	-2.041929e+01	-2.219888e+02
6.170000e-06	-3.868193e-06	-9.518022e-10	-2.069593e+01	-2.247578e+02
6.180000e-06	-3.919625e-06	-9.637807e-10	-2.097111e+01	-2.274727e+02
6.190000e-06	-3.970752e-06	-9.750422e-10	-2.124465e+01	-2.301348e+02
6.200000e-06	-4.021456e-06	-9.840728e-10	-2.151593e+01	-2.327453e+02
6.210000e-06	-4.071748e-06	-9.925350e-10	-2.178501e+01	-2.353052e+02
6.220000e-06	-4.121793e-06	-1.003072e-09	-2.205277e+01	-2.378160e+02
6.230000e-06	-4.171639e-06	-1.015572e-09	-2.231945e+01	-2.402786e+02
6.240000e-06	-4.221052e-06	-1.027280e-09	-2.258383e+01	-2.426944e+02
6.250000e-06	-4.269831e-06	-1.037329e-09	-2.284481e+01	-2.450645e+02
6.260000e-06	-4.318145e-06	-1.045962e-09	-2.310330e+01	-2.473901e+02
6.270000e-06	-4.366005e-06	-1.054246e-09	-2.335937e+01	-2.496722e+02
6.280000e-06	-4.413315e-06	-1.063147e-09	-2.361249e+01	-2.519121e+02
6.290000e-06	-4.460344e-06	-1.071542e-09	-2.386411e+01	-2.541106e+02
6.300000e-06	-4.507257e-06	-1.079276e-09	-2.411511e+01	-2.562688e+02
6.310000e-06	-4.553999e-06	-1.087793e-09	-2.436519e+01	-2.583876e+02
6.320000e-06	-4.600563e-06	-1.097364e-09	-2.461432e+01	-2.604677e+02
6.330000e-06	-4.646804e-06	-1.107327e-09	-2.486172e+01	-2.625099e+02
6.340000e-06	-4.692667e-06	-1.115990e-09	-2.510710e+01	-2.645148e+02
6.350000e-06	-4.738201e-06	-1.121771e-09	-2.535072e+01	-2.664830e+02
6.360000e-06	-4.783394e-06	-1.126509e-09	-2.559252e+01	-2.684149e+02
6.370000e-06	-4.828238e-06	-1.133645e-09	-2.583245e+01	-2.703109e+02
6.380000e-06	-4.872722e-06	-1.142323e-09	-2.607045e+01	-2.721712e+02
6.390000e-06	-4.916974e-06	-1.149802e-09	-2.630721e+01	-2.739960e+02
6.400000e-06	-4.961155e-06	-1.158142e-09	-2.654359e+01	-2.757853e+02
6.410000e-06	-5.005085e-06	-1.166436e-09	-2.677863e+01	-2.775394e+02
6.420000e-06	-5.048559e-06	-1.172793e-09	-2.701122e+01	-2.792580e+02
6.430000e-06	-5.091663e-06	-1.179201e-09	-2.724184e+01	-2.809411e+02
6.440000e-06	-5.134430e-06	-1.185571e-09	-2.747066e+01	-2.825887e+02
6.450000e-06	-5.176843e-06	-1.191319e-09	-2.769758e+01	-2.842007e+02
6.460000e-06	-5.218832e-06	-1.197273e-09	-2.792223e+01	-2.857768e+02
6.470000e-06	-5.260452e-06	-1.204621e-09	-2.814491e+01	-2.873172e+02
6.480000e-06	-5.301723e-06	-1.212307e-09	-2.836572e+01	-2.888217e+02
6.490000e-06	-5.342601e-06	-1.218699e-09	-2.858443e+01	-2.902904e+02
6.500000e-06	-5.383229e-06	-1.224059e-09	-2.880181e+01	-2.917233e+02
6.510000e-06	-5.423716e-06	-1.229526e-09	-2.901842e+01	-2.931207e+02
6.520000e-06	-5.463988e-06	-1.234909e-09	-2.923389e+01	-2.944829e+02
6.530000e-06	-5.503906e-06	-1.240600e-09	-2.944746e+01	-2.958102e+02
6.540000e-06	-5.543418e-06	-1.245818e-09	-2.965886e+01	-2.971031e+02
6.550000e-06	-5.582439e-06	-1.249244e-09	-2.986764e+01	-2.983624e+02
6.560000e-06	-5.620703e-06	-1.252528e-09	-3.007236e+01	-2.995889e+02
6.570000e-06	-5.658169e-06	-1.256372e-09	-3.027281e+01	-3.007833e+02
6.580000e-06	-5.695215e-06	-1.260553e-09	-3.047102e+01	-3.019467e+02
6.590000e-06	-5.731923e-06	-1.263954e-09	-3.066741e+01	-3.030804e+02
6.600000e-06	-5.768258e-06	-1.268069e-09	-3.086182e+01	-3.041855e+02
6.610000e-06	-5.804357e-06	-1.274361e-09	-3.105496e+01	-3.052634e+02
6.620000e-06	-5.840135e-06	-1.281087e-09	-3.124638e+01	-3.063156e+02
6.630000e-06	-5.875439e-06	-1.286178e-09	-3.143527e+01	-3.073435e+02
6.640000e-06	-5.910289e-06	-1.288349e-09	-3.162172e+01	-3.083488e+02
6.650000e-06	-5.944823e-06	-1.290561e-09	-3.180649e+01	-3.093331e+02
6.660000e-06	-5.978992e-06	-1.294863e-09	-3.198930e+01	-3.102978e+02
6.670000e-06	-6.012643e-06	-1.298630e-09	-3.216935e+01	-3.112447e+02
6.680000e-06	-6.045728e-06	-1.300230e-09	-3.234636e+01	-3.121752e+02
6.690000e-06	-6.078412e-06	-1.300710e-09	-3.252123e+01	-3.130908e+02
6.700000e-06	-6.110822e-06	-1.302746e-09	-3.269464e+01	-3.139930e+02
6.710000e-06	-6.142975e-06	-1.305534e-09	-3.286666e+01	-3.148830e+02
6.720000e-06	-6.174864e-06	-1.307426e-09	-3.303727e+01	-3.157622e+02
6.730000e-06	-6.206304e-06	-1.308963e-09	-3.320549e+01	-3.166314e+02
6.740000e-06	-6.236967e-06	-1.311376e-09	-3.336954e+01	-3.174917e+02
6.750000e-06	-6.266822e-06	-1.316260e-09	-3.352928e+01	-3.183438e+02
6.760000e-06	-6.296055e-06	-1.320443e-09	-3.368568e+01	-3.191884e+02
6.770000e-06	-6.324729e-06	-1.321762e-09	-3.383910e+01	-3.200259e+02
6.780000e-06	-6.353047e-06	-1.321810e-09	-3.399060e+01	-3.208566e+02
6.790000e-06	-6.381183e-06	-1.323681e-09	-3.414114e+01	-3.216805e+02
6.800000e-06	-6.408903e-06	-1.328728e-09	-3.428945e+01	-3.224978e+02
6.810000e-06	-6.436187e-06	-1.333876e-09	-3.443543e+01	-3.233082e+02
6.820000e-06	-6.463084e-06	-1.336640e-09	-3.457934e+01	-3.241115e+02
6.830000e-06	-6.489397e-06	-1.336345e-09	-3.472012e+01	-3.249071e+02
6.840000e-06	-6.515119e-06	-1.335710e-09	-3.485774e+01	-3.256947e+02
6.850000e-06	-6.540398e-06	-1.337487e-09	-3.499299e+01	-3.264735e+02
6.860000e-06	-6.565283e-06	-1.339089e-09	-3.512613e+01	-3.272430e+02
6.870000e-06	-6.589861e-06	-1.339747e-09	-3.525763e+01	-3.280024e+02
6.880000e-06	-6.614247e-06	-1.341621e-09	-3.538810e+01	-3.287509e+02
6.890000e-06	-6.638311e-06	-1.344564e-09	-3.551685e+01	-3.294879e+02
6.900000e-06	-6.662030e-06	-1.347384e-09	-3.564375e+01	-3.302126e+02
6.910000e-06	-6.685084e-06	-1.349763e-09	-3.576710e+01	-3.309242e+02
6.920000e-06	-6.707243e-06	-1.350744e-09	-3.588565e+01	-3.316223e+02
6.930000e-06	-6.728693e-06	-1.351028e-09	-3.600042e+01	-3.323061e+02
6.940000e-06	-6.749552e-06	-1.352541e-09	-3.611202e+01	-3.329752e+02
6.950000e-06	-6.770049e-06	-1.353764e-09	-3.622168e+01	-3.336291e+02
6.960000e-06	-6.790263e-06	-1.354360e-09	-3.632984e+01	-3.342675e+02
6.970000e-06	-6.809979e-06	-1.356103e-09	-3.643532e+01	-3.348901e+02
6.980000e-06	-6.829127e-06	-1.358831e-09	-3.653777e+01	-3.354968e+02
6.990000e-06	-6.847892e-06	-1.361793e-09	-3.663817e+01	-3.360874e+02
7.000000e-06	-6.866261e-06	-1.365075e-09	-3.673644e+01	-3.366621e+02
7.010000e-06	-6.884155e-06	-1.367151e-09	-3.683218e+01	-3.372209e+02
7.020000e-06	-6.901593e-06	-1.367038e-09	-3.692548e+01	-3.377639e+02
7.030000e-06	-6.918531e-06	-1.367848e-09	-3.701611e+01	-3.382913e+02
7.040000e-06	-6.934979e-06	-1.369996e-09	-3.710411e+01	-3.388034e+02
7.050000e-06	-6.951114e-06	-1.370898e-09	-3.719044e+01	-3.393005e+02
7.060000e-06	-6.966934e-06	-1.371155e-09	-3.727507e+01	-3.397827e+02
7.070000e-06	-6.982055e-06	-1.371222e-09	-3.735598e+01	-3.402504e+02
7.080000e-06	-6.996371e-06	-1.372106e-09	-3.743257e+01	-3.407038e+02
7.090000e-06	-7.009969e-06	-1.374986e-09	-3.750533e+01	-3.411430e+02
7.100000e-06	-7.022914e-06	-1.377833e-09	-3.757458e+01	-3.415682e+02
7.110000e-06	-7.035302e-06	-1.379568e-09	-3.764087e+01	-3.419794e+02
7.120000e-06	-7.047074e-06	-1.379429e-09	-3.770385e+01	-3.423767e+02
7.130000e-06	-7.058249e-06	-1.378762e-09	-3.776364e+01	-3.427599e+02
7.140000e-06	-7.069032e-06	-1.379515e-09	-3.782133e+01	-3.431288e+02
7.150000e-06	-7.079379e-06	-1.380113e-09	-3.787669e+01	-3.434833e+02
7.160000e-06	-7.089215e-06	-1.380616e-09	-3.792931e+01	-3.438228e+02
7.170000e-06	-7.098611e-06	-1.381500e-09	-3.797958e+01	-3.441470e+02
7.180000e-06	-7.107571e-06	-1.381334e-09	-3.802753e+01	-3.444553e+02
7.190000e-06	-7.116192e-06	-1.380595e-09	-3.807365e+01	-3.447472e+02
7.200000e-06	-7.124441e-06	-1.380136e-09	-3.811778e+01	-3.450219e+02
7.210000e-06	-7.132190e-06	-1.379249e-09	-3.815924e+01	-3.452789e+02
7.220000e-06	-7.139272e-06	-1.379109e-09	-3.819713e+01	-3.455174e+02
7.230000e-06	-7.145577e-06	-1.379785e-09	-3.823086e+01	-3.457367e+02
7.240000e-06	-7.151232e-06	-1.379300e-09	-3.826112e+01	-3.459362e+02
7.250000e-06	-7.156211e-06	-1.377642e-09	-3.828776e+01	-3.461152e+02
7.260000e-06	-7.160727e-06	-1.376247e-09	-3.831192e+01	-3.462733e+02
7.270000e-06	-7.164972e-06	-1.375653e-09	-3.833464e+01	-3.464098e+02
7.280000e-06	-7.168702e-06	-1.375948e-09	-3.835459e+01	-3.465245e+02
7.290000e-06	-7.171934e-06	-1.376948e-09	-3.837189e+01	-3.466171e+02
7.300000e-06	-7.174764e-06	-1.376910e-09	-3.838703e+01	-3.466876e+02
7.310000e-06	-7.177176e-06	-1.376364e-09	-3.839993e+01	-3.467360e+02
7.320000e-06	-7.178976e-06	-1.376538e-09	-3.840956e+01	-3.467626e+02
7.330000e-06	-7.180118e-06	-1.376399e-09	-3.841567e+01	-3.467678e+02
7.340000e-06	-7.180781e-06	-1.375891e-09	-3.841922e+01	-3.467522e+02
