# Temperatura_=_16.9
# Concentracion g/m^3_=_7400.0
# C_Vs_to_Am_M_A/Vsm_=_254322799225.57578
# pendiente_HvsI_1/m_=_3716.3
# ordenada_HvsI_A/m_=_1297.0
# frecuencia_Hz_=_136113.37068494016

Tiempo_(s)	Campo_(V.s)	Magnetizacion_(V.s)	Campo_(kA/m)	Magnetizacion_(A/m)
0.000000e+00	-7.127044e-06	-1.598410e-09	-3.843623e+01	-4.029741e+02
1.000000e-08	-7.127352e-06	-1.596628e-09	-3.843789e+01	-4.029978e+02
2.000000e-08	-7.127389e-06	-1.595056e-09	-3.843809e+01	-4.030007e+02
3.000000e-08	-7.126884e-06	-1.594788e-09	-3.843536e+01	-4.029838e+02
4.000000e-08	-7.125636e-06	-1.595378e-09	-3.842863e+01	-4.029478e+02
5.000000e-08	-7.123636e-06	-1.594942e-09	-3.841785e+01	-4.028939e+02
6.000000e-08	-7.120918e-06	-1.592918e-09	-3.840319e+01	-4.028229e+02
7.000000e-08	-7.117657e-06	-1.589587e-09	-3.838560e+01	-4.027359e+02
8.000000e-08	-7.113984e-06	-1.595371e-09	-3.836580e+01	-4.026339e+02
9.000000e-08	-7.109872e-06	-1.608428e-09	-3.834362e+01	-4.025179e+02
1.000000e-07	-7.105083e-06	-1.585184e-09	-3.831779e+01	-4.023891e+02
1.100000e-07	-7.099464e-06	-1.532500e-09	-3.828749e+01	-4.022482e+02
1.200000e-07	-7.093371e-06	-1.566087e-09	-3.825463e+01	-4.020963e+02
1.300000e-07	-7.087200e-06	-1.651307e-09	-3.822135e+01	-4.019343e+02
1.400000e-07	-7.080809e-06	-1.613755e-09	-3.818688e+01	-4.017629e+02
1.500000e-07	-7.073764e-06	-1.504443e-09	-3.814889e+01	-4.015829e+02
1.600000e-07	-7.066041e-06	-1.549309e-09	-3.810724e+01	-4.013949e+02
1.700000e-07	-7.058132e-06	-1.674750e-09	-3.806458e+01	-4.011993e+02
1.800000e-07	-7.049971e-06	-1.598670e-09	-3.802058e+01	-4.009966e+02
1.900000e-07	-7.041043e-06	-1.454381e-09	-3.797242e+01	-4.007871e+02
2.000000e-07	-7.031141e-06	-1.547038e-09	-3.791902e+01	-4.005708e+02
2.100000e-07	-7.020708e-06	-1.693715e-09	-3.786276e+01	-4.003480e+02
2.200000e-07	-7.009953e-06	-1.584044e-09	-3.780476e+01	-4.001185e+02
2.300000e-07	-6.998540e-06	-1.453502e-09	-3.774321e+01	-3.998821e+02
2.400000e-07	-6.986413e-06	-1.562854e-09	-3.767780e+01	-3.996385e+02
2.500000e-07	-6.973779e-06	-1.644767e-09	-3.760967e+01	-3.993873e+02
2.600000e-07	-6.960647e-06	-1.523921e-09	-3.753885e+01	-3.991282e+02
2.700000e-07	-6.946952e-06	-1.492935e-09	-3.746499e+01	-3.988604e+02
2.800000e-07	-6.932544e-06	-1.609323e-09	-3.738729e+01	-3.985835e+02
2.900000e-07	-6.917175e-06	-1.584423e-09	-3.730440e+01	-3.982968e+02
3.000000e-07	-6.901078e-06	-1.489411e-09	-3.721759e+01	-3.979995e+02
3.100000e-07	-6.884538e-06	-1.554113e-09	-3.712839e+01	-3.976910e+02
3.200000e-07	-6.867667e-06	-1.595119e-09	-3.703741e+01	-3.973706e+02
3.300000e-07	-6.850404e-06	-1.485419e-09	-3.694430e+01	-3.970374e+02
3.400000e-07	-6.832728e-06	-1.499798e-09	-3.684898e+01	-3.966909e+02
3.500000e-07	-6.814600e-06	-1.624803e-09	-3.675122e+01	-3.963304e+02
3.600000e-07	-6.795978e-06	-1.558420e-09	-3.665078e+01	-3.959553e+02
3.700000e-07	-6.776841e-06	-1.446910e-09	-3.654758e+01	-3.955649e+02
3.800000e-07	-6.757333e-06	-1.541112e-09	-3.644237e+01	-3.951589e+02
3.900000e-07	-6.737549e-06	-1.596290e-09	-3.633568e+01	-3.947368e+02
4.000000e-07	-6.717255e-06	-1.482633e-09	-3.622623e+01	-3.942983e+02
4.100000e-07	-6.696428e-06	-1.479415e-09	-3.611391e+01	-3.938430e+02
4.200000e-07	-6.675226e-06	-1.572280e-09	-3.599957e+01	-3.933709e+02
4.300000e-07	-6.653520e-06	-1.524300e-09	-3.588251e+01	-3.928818e+02
4.400000e-07	-6.631201e-06	-1.471490e-09	-3.576214e+01	-3.923756e+02
4.500000e-07	-6.608467e-06	-1.534800e-09	-3.563954e+01	-3.918525e+02
4.600000e-07	-6.585396e-06	-1.523891e-09	-3.551511e+01	-3.913125e+02
4.700000e-07	-6.561978e-06	-1.457798e-09	-3.538882e+01	-3.907558e+02
4.800000e-07	-6.538219e-06	-1.506100e-09	-3.526069e+01	-3.901826e+02
4.900000e-07	-6.514110e-06	-1.540404e-09	-3.513067e+01	-3.895932e+02
5.000000e-07	-6.489534e-06	-1.470443e-09	-3.499813e+01	-3.889879e+02
5.100000e-07	-6.464261e-06	-1.463347e-09	-3.486183e+01	-3.883669e+02
5.200000e-07	-6.438074e-06	-1.513138e-09	-3.472061e+01	-3.877306e+02
5.300000e-07	-6.411068e-06	-1.486331e-09	-3.457496e+01	-3.870793e+02
5.400000e-07	-6.383604e-06	-1.460067e-09	-3.442685e+01	-3.864133e+02
5.500000e-07	-6.355853e-06	-1.492727e-09	-3.427719e+01	-3.857329e+02
5.600000e-07	-6.327846e-06	-1.488072e-09	-3.412615e+01	-3.850382e+02
5.700000e-07	-6.299467e-06	-1.459851e-09	-3.397310e+01	-3.843295e+02
5.800000e-07	-6.270592e-06	-1.472992e-09	-3.381737e+01	-3.836070e+02
5.900000e-07	-6.241354e-06	-1.475160e-09	-3.365969e+01	-3.828708e+02
6.000000e-07	-6.211564e-06	-1.450910e-09	-3.349904e+01	-3.821208e+02
6.100000e-07	-6.181330e-06	-1.454563e-09	-3.333598e+01	-3.813571e+02
6.200000e-07	-6.150828e-06	-1.467500e-09	-3.317149e+01	-3.805796e+02
6.300000e-07	-6.119843e-06	-1.457415e-09	-3.300438e+01	-3.797881e+02
6.400000e-07	-6.088489e-06	-1.448079e-09	-3.283529e+01	-3.789825e+02
6.500000e-07	-6.056871e-06	-1.447323e-09	-3.266477e+01	-3.781624e+02
6.600000e-07	-6.024928e-06	-1.441075e-09	-3.249250e+01	-3.773276e+02
6.700000e-07	-5.992618e-06	-1.436236e-09	-3.231826e+01	-3.764776e+02
6.800000e-07	-5.959738e-06	-1.436236e-09	-3.214094e+01	-3.756121e+02
6.900000e-07	-5.926036e-06	-1.433520e-09	-3.195918e+01	-3.747307e+02
7.000000e-07	-5.891642e-06	-1.427445e-09	-3.177369e+01	-3.738329e+02
7.100000e-07	-5.856679e-06	-1.421143e-09	-3.158513e+01	-3.729181e+02
7.200000e-07	-5.821308e-06	-1.416398e-09	-3.139438e+01	-3.719859e+02
7.300000e-07	-5.785721e-06	-1.414002e-09	-3.120246e+01	-3.710358e+02
7.400000e-07	-5.749913e-06	-1.408401e-09	-3.100935e+01	-3.700674e+02
7.500000e-07	-5.713775e-06	-1.402440e-09	-3.081445e+01	-3.690801e+02
7.600000e-07	-5.677102e-06	-1.401813e-09	-3.061668e+01	-3.680734e+02
7.700000e-07	-5.639968e-06	-1.400073e-09	-3.041641e+01	-3.670471e+02
7.800000e-07	-5.602584e-06	-1.392317e-09	-3.021480e+01	-3.660006e+02
7.900000e-07	-5.564911e-06	-1.383388e-09	-3.001163e+01	-3.649336e+02
8.000000e-07	-5.526657e-06	-1.375907e-09	-2.980532e+01	-3.638459e+02
8.100000e-07	-5.487780e-06	-1.370986e-09	-2.959566e+01	-3.627371e+02
8.200000e-07	-5.448532e-06	-1.368108e-09	-2.938399e+01	-3.616070e+02
8.300000e-07	-5.409123e-06	-1.363277e-09	-2.917146e+01	-3.604554e+02
8.400000e-07	-5.369547e-06	-1.356492e-09	-2.895803e+01	-3.592823e+02
8.500000e-07	-5.329673e-06	-1.350295e-09	-2.874299e+01	-3.580875e+02
8.600000e-07	-5.289473e-06	-1.346068e-09	-2.852619e+01	-3.568709e+02
8.700000e-07	-5.248842e-06	-1.341000e-09	-2.830706e+01	-3.556326e+02
8.800000e-07	-5.207703e-06	-1.333610e-09	-2.808520e+01	-3.543725e+02
8.900000e-07	-5.165881e-06	-1.326631e-09	-2.785965e+01	-3.530906e+02
9.000000e-07	-5.123411e-06	-1.322529e-09	-2.763061e+01	-3.517871e+02
9.100000e-07	-5.080435e-06	-1.318819e-09	-2.739884e+01	-3.504619e+02
9.200000e-07	-5.037054e-06	-1.313352e-09	-2.716489e+01	-3.491150e+02
9.300000e-07	-4.993472e-06	-1.306257e-09	-2.692985e+01	-3.477467e+02
9.400000e-07	-4.949698e-06	-1.299122e-09	-2.669378e+01	-3.463568e+02
9.500000e-07	-4.905595e-06	-1.293362e-09	-2.645593e+01	-3.449455e+02
9.600000e-07	-4.861070e-06	-1.288284e-09	-2.621581e+01	-3.435127e+02
9.700000e-07	-4.816307e-06	-1.281911e-09	-2.597440e+01	-3.420584e+02
9.800000e-07	-4.771350e-06	-1.274577e-09	-2.573194e+01	-3.405826e+02
9.900000e-07	-4.725968e-06	-1.267355e-09	-2.548720e+01	-3.390851e+02
1.000000e-06	-4.680200e-06	-1.260942e-09	-2.524037e+01	-3.375658e+02
1.010000e-06	-4.634007e-06	-1.254253e-09	-2.499125e+01	-3.360246e+02
1.020000e-06	-4.587448e-06	-1.247395e-09	-2.474016e+01	-3.344613e+02
1.030000e-06	-4.540751e-06	-1.241166e-09	-2.448832e+01	-3.328755e+02
1.040000e-06	-4.493767e-06	-1.235679e-09	-2.423493e+01	-3.312671e+02
1.050000e-06	-4.446404e-06	-1.230893e-09	-2.397951e+01	-3.296356e+02
1.060000e-06	-4.398840e-06	-1.224650e-09	-2.372300e+01	-3.279807e+02
1.070000e-06	-4.351050e-06	-1.216130e-09	-2.346526e+01	-3.263019e+02
1.080000e-06	-4.302882e-06	-1.207597e-09	-2.320549e+01	-3.245988e+02
1.090000e-06	-4.254355e-06	-1.200039e-09	-2.294379e+01	-3.228710e+02
1.100000e-06	-4.205468e-06	-1.193084e-09	-2.268013e+01	-3.211178e+02
1.110000e-06	-4.156210e-06	-1.186030e-09	-2.241449e+01	-3.193389e+02
1.120000e-06	-4.106414e-06	-1.177702e-09	-2.214594e+01	-3.175335e+02
1.130000e-06	-4.056051e-06	-1.169332e-09	-2.187433e+01	-3.157012e+02
1.140000e-06	-4.005217e-06	-1.161016e-09	-2.160018e+01	-3.138414e+02
1.150000e-06	-3.953967e-06	-1.152884e-09	-2.132379e+01	-3.119535e+02
1.160000e-06	-3.902462e-06	-1.145596e-09	-2.104602e+01	-3.100370e+02
1.170000e-06	-3.850656e-06	-1.138238e-09	-2.076663e+01	-3.080913e+02
1.180000e-06	-3.798573e-06	-1.131240e-09	-2.048575e+01	-3.061158e+02
1.190000e-06	-3.746341e-06	-1.124845e-09	-2.020406e+01	-3.041100e+02
1.200000e-06	-3.693823e-06	-1.117826e-09	-1.992083e+01	-3.020735e+02
1.210000e-06	-3.641008e-06	-1.109952e-09	-1.963600e+01	-3.000058e+02
1.220000e-06	-3.588006e-06	-1.100573e-09	-1.935015e+01	-2.979063e+02
1.230000e-06	-3.534667e-06	-1.091242e-09	-1.906250e+01	-2.957748e+02
1.240000e-06	-3.481053e-06	-1.082986e-09	-1.877336e+01	-2.936109e+02
1.250000e-06	-3.427223e-06	-1.074285e-09	-1.848305e+01	-2.914142e+02
1.260000e-06	-3.373111e-06	-1.064691e-09	-1.819123e+01	-2.891844e+02
1.270000e-06	-3.318793e-06	-1.054421e-09	-1.789829e+01	-2.869214e+02
1.280000e-06	-3.264212e-06	-1.044817e-09	-1.760393e+01	-2.846248e+02
1.290000e-06	-3.209403e-06	-1.037240e-09	-1.730834e+01	-2.822946e+02
1.300000e-06	-3.154436e-06	-1.030247e-09	-1.701191e+01	-2.799306e+02
1.310000e-06	-3.099333e-06	-1.021522e-09	-1.671474e+01	-2.775328e+02
1.320000e-06	-3.044068e-06	-1.011339e-09	-1.641669e+01	-2.751011e+02
1.330000e-06	-2.988632e-06	-1.000980e-09	-1.611773e+01	-2.726354e+02
1.340000e-06	-2.933114e-06	-9.908253e-10	-1.581832e+01	-2.701359e+02
1.350000e-06	-2.877463e-06	-9.817374e-10	-1.551819e+01	-2.676025e+02
1.360000e-06	-2.821615e-06	-9.730705e-10	-1.521700e+01	-2.650352e+02
1.370000e-06	-2.765626e-06	-9.632424e-10	-1.491505e+01	-2.624342e+02
1.380000e-06	-2.709450e-06	-9.536591e-10	-1.461210e+01	-2.597995e+02
1.390000e-06	-2.653055e-06	-9.451191e-10	-1.430796e+01	-2.571310e+02
1.400000e-06	-2.596489e-06	-9.357872e-10	-1.400289e+01	-2.544289e+02
1.410000e-06	-2.539672e-06	-9.244060e-10	-1.369648e+01	-2.516931e+02
1.420000e-06	-2.482547e-06	-9.121965e-10	-1.338840e+01	-2.489235e+02
1.430000e-06	-2.425196e-06	-9.012718e-10	-1.307911e+01	-2.461201e+02
1.440000e-06	-2.367580e-06	-8.915142e-10	-1.276838e+01	-2.432827e+02
1.450000e-06	-2.309679e-06	-8.810124e-10	-1.245612e+01	-2.404109e+02
1.460000e-06	-2.251632e-06	-8.696698e-10	-1.214308e+01	-2.375044e+02
1.470000e-06	-2.193266e-06	-8.577401e-10	-1.182831e+01	-2.345628e+02
1.480000e-06	-2.134515e-06	-8.462915e-10	-1.151146e+01	-2.315855e+02
1.490000e-06	-2.075525e-06	-8.363065e-10	-1.119333e+01	-2.285717e+02
1.500000e-06	-2.016292e-06	-8.250190e-10	-1.087389e+01	-2.255206e+02
1.510000e-06	-1.956907e-06	-8.114306e-10	-1.055362e+01	-2.224312e+02
1.520000e-06	-1.897428e-06	-7.988971e-10	-1.023285e+01	-2.193023e+02
1.530000e-06	-1.837870e-06	-7.881375e-10	-9.911653e+00	-2.161326e+02
1.540000e-06	-1.778241e-06	-7.765895e-10	-9.590076e+00	-2.129206e+02
1.550000e-06	-1.718536e-06	-7.632035e-10	-9.268082e+00	-2.096645e+02
1.560000e-06	-1.658779e-06	-7.496328e-10	-8.945815e+00	-2.063626e+02
1.570000e-06	-1.599043e-06	-7.370380e-10	-8.623657e+00	-2.030128e+02
1.580000e-06	-1.539265e-06	-7.250954e-10	-8.301273e+00	-1.996128e+02
1.590000e-06	-1.479337e-06	-7.130268e-10	-7.978080e+00	-1.961603e+02
1.600000e-06	-1.419319e-06	-6.994502e-10	-7.654404e+00	-1.926528e+02
1.610000e-06	-1.359289e-06	-6.856209e-10	-7.330663e+00	-1.890877e+02
1.620000e-06	-1.299162e-06	-6.730853e-10	-7.006393e+00	-1.854622e+02
1.630000e-06	-1.238853e-06	-6.607309e-10	-6.681146e+00	-1.817733e+02
1.640000e-06	-1.178509e-06	-6.472222e-10	-6.355713e+00	-1.780183e+02
1.650000e-06	-1.118210e-06	-6.320765e-10	-6.030519e+00	-1.741941e+02
1.660000e-06	-1.057876e-06	-6.170627e-10	-5.705137e+00	-1.702977e+02
1.670000e-06	-9.973748e-07	-6.032736e-10	-5.378853e+00	-1.663263e+02
1.680000e-06	-9.368080e-07	-5.894590e-10	-5.052216e+00	-1.622768e+02
1.690000e-06	-8.762298e-07	-5.746229e-10	-4.725517e+00	-1.581464e+02
1.700000e-06	-8.155443e-07	-5.588397e-10	-4.398239e+00	-1.539326e+02
1.710000e-06	-7.548180e-07	-5.426111e-10	-4.070742e+00	-1.496329e+02
1.720000e-06	-6.941172e-07	-5.262806e-10	-3.743382e+00	-1.452449e+02
1.730000e-06	-6.333926e-07	-5.108310e-10	-3.415893e+00	-1.407666e+02
1.740000e-06	-5.724520e-07	-4.949797e-10	-3.087240e+00	-1.361964e+02
1.750000e-06	-5.113860e-07	-4.772828e-10	-2.757911e+00	-1.315328e+02
1.760000e-06	-4.503670e-07	-4.589007e-10	-2.428834e+00	-1.267749e+02
1.770000e-06	-3.893298e-07	-4.409114e-10	-2.099660e+00	-1.219221e+02
1.780000e-06	-3.282092e-07	-4.230747e-10	-1.770036e+00	-1.169742e+02
1.790000e-06	-2.670645e-07	-4.041277e-10	-1.440282e+00	-1.119316e+02
1.800000e-06	-2.059067e-07	-3.839041e-10	-1.110457e+00	-1.067951e+02
1.810000e-06	-1.447542e-07	-3.650783e-10	-7.806611e-01	-1.015660e+02
1.820000e-06	-8.369342e-08	-3.475495e-10	-4.513595e-01	-9.624620e+01
1.830000e-06	-2.268072e-08	-3.286426e-10	-1.223174e-01	-9.083805e+01
1.840000e-06	3.834349e-08	-3.087345e-10	2.067869e-01	-8.534447e+01
1.850000e-06	9.937189e-08	-2.884316e-10	5.359137e-01	-7.976893e+01
1.860000e-06	1.604371e-07	-2.679961e-10	8.652389e-01	-7.411539e+01
1.870000e-06	2.215716e-07	-2.469299e-10	1.194938e+00	-6.838831e+01
1.880000e-06	2.826767e-07	-2.243239e-10	1.524479e+00	-6.259263e+01
1.890000e-06	3.438219e-07	-2.010600e-10	1.854236e+00	-5.673375e+01
1.900000e-06	4.050054e-07	-1.788849e-10	2.184198e+00	-5.081745e+01
1.910000e-06	4.660213e-07	-1.578767e-10	2.513258e+00	-4.484990e+01
1.920000e-06	5.269450e-07	-1.357706e-10	2.841820e+00	-3.883759e+01
1.930000e-06	5.878175e-07	-1.124837e-10	3.170106e+00	-3.278728e+01
1.940000e-06	6.485944e-07	-8.986940e-11	3.497877e+00	-2.670594e+01
1.950000e-06	7.092979e-07	-6.740108e-11	3.825252e+00	-2.060072e+01
1.960000e-06	7.700273e-07	-4.493792e-11	4.152766e+00	-1.447885e+01
1.970000e-06	8.308161e-07	-2.260214e-11	4.480600e+00	-8.347608e+00
1.980000e-06	8.915157e-07	1.795368e-13	4.807954e+00	-2.214260e+00
1.990000e-06	9.520693e-07	2.295323e-11	5.134520e+00	3.914021e+00
2.000000e-06	1.012589e-06	4.559966e-11	5.460903e+00	1.003020e+01
2.010000e-06	1.073062e-06	6.774173e-11	5.787035e+00	1.612743e+01
2.020000e-06	1.133423e-06	8.958237e-11	6.112563e+00	2.219914e+01
2.030000e-06	1.193797e-06	1.112977e-10	6.438160e+00	2.823904e+01
2.040000e-06	1.254112e-06	1.326517e-10	6.763438e+00	3.424122e+01
2.050000e-06	1.314259e-06	1.542912e-10	7.087814e+00	4.020012e+01
2.060000e-06	1.374280e-06	1.758994e-10	7.411510e+00	4.611065e+01
2.070000e-06	1.434173e-06	1.973833e-10	7.734511e+00	5.196815e+01
2.080000e-06	1.493957e-06	2.188543e-10	8.056928e+00	5.776847e+01
2.090000e-06	1.553735e-06	2.408008e-10	8.379312e+00	6.350792e+01
2.100000e-06	1.613445e-06	2.633955e-10	8.701327e+00	6.918336e+01
2.110000e-06	1.673011e-06	2.847243e-10	9.022570e+00	7.479213e+01
2.120000e-06	1.732575e-06	3.046248e-10	9.343799e+00	8.033210e+01
2.130000e-06	1.792125e-06	3.252539e-10	9.664953e+00	8.580161e+01
2.140000e-06	1.851603e-06	3.463492e-10	9.985718e+00	9.119950e+01
2.150000e-06	1.911009e-06	3.664053e-10	1.030609e+01	9.652507e+01
2.160000e-06	1.970285e-06	3.854257e-10	1.062577e+01	1.017780e+02
2.170000e-06	2.029484e-06	4.036358e-10	1.094503e+01	1.069585e+02
2.180000e-06	2.088641e-06	4.223758e-10	1.126406e+01	1.120670e+02
2.190000e-06	2.147653e-06	4.422574e-10	1.158232e+01	1.171043e+02
2.200000e-06	2.206489e-06	4.614799e-10	1.189962e+01	1.220715e+02
2.210000e-06	2.265036e-06	4.796353e-10	1.221537e+01	1.269699e+02
2.220000e-06	2.323177e-06	4.971443e-10	1.252892e+01	1.318011e+02
2.230000e-06	2.380932e-06	5.140459e-10	1.284039e+01	1.365666e+02
2.240000e-06	2.438339e-06	5.304927e-10	1.314999e+01	1.412683e+02
2.250000e-06	2.495450e-06	5.473294e-10	1.345799e+01	1.459079e+02
2.260000e-06	2.552322e-06	5.647368e-10	1.376470e+01	1.504872e+02
2.270000e-06	2.609008e-06	5.822245e-10	1.407041e+01	1.550082e+02
2.280000e-06	2.665476e-06	5.999407e-10	1.437494e+01	1.594725e+02
2.290000e-06	2.721743e-06	6.173455e-10	1.467839e+01	1.638818e+02
2.300000e-06	2.777800e-06	6.331514e-10	1.498071e+01	1.682377e+02
2.310000e-06	2.833674e-06	6.483600e-10	1.528204e+01	1.725415e+02
2.320000e-06	2.889399e-06	6.639306e-10	1.558256e+01	1.767946e+02
2.330000e-06	2.944910e-06	6.789176e-10	1.588193e+01	1.809980e+02
2.340000e-06	3.000290e-06	6.943415e-10	1.618060e+01	1.851526e+02
2.350000e-06	3.055516e-06	7.097475e-10	1.647843e+01	1.892591e+02
2.360000e-06	3.110548e-06	7.238557e-10	1.677522e+01	1.933182e+02
2.370000e-06	3.165414e-06	7.379036e-10	1.707112e+01	1.973302e+02
2.380000e-06	3.220059e-06	7.529630e-10	1.736582e+01	2.012953e+02
2.390000e-06	3.274453e-06	7.680168e-10	1.765916e+01	2.052136e+02
2.400000e-06	3.328614e-06	7.825364e-10	1.795125e+01	2.090849e+02
2.410000e-06	3.382661e-06	7.969082e-10	1.824273e+01	2.129092e+02
2.420000e-06	3.436557e-06	8.106031e-10	1.853339e+01	2.166861e+02
2.430000e-06	3.490110e-06	8.240191e-10	1.882220e+01	2.204152e+02
2.440000e-06	3.543395e-06	8.380095e-10	1.910957e+01	2.240961e+02
2.450000e-06	3.596520e-06	8.515591e-10	1.939607e+01	2.277283e+02
2.460000e-06	3.649351e-06	8.643577e-10	1.968099e+01	2.313114e+02
2.470000e-06	3.701859e-06	8.775454e-10	1.996417e+01	2.348448e+02
2.480000e-06	3.754072e-06	8.906776e-10	2.024575e+01	2.383281e+02
2.490000e-06	3.805979e-06	9.024422e-10	2.052569e+01	2.417608e+02
2.500000e-06	3.857516e-06	9.134813e-10	2.080363e+01	2.451426e+02
2.510000e-06	3.908684e-06	9.249512e-10	2.107958e+01	2.484732e+02
2.520000e-06	3.959523e-06	9.369280e-10	2.135375e+01	2.517524e+02
2.530000e-06	4.010017e-06	9.493836e-10	2.162607e+01	2.549799e+02
2.540000e-06	4.060132e-06	9.610592e-10	2.189634e+01	2.581559e+02
2.550000e-06	4.109694e-06	9.716764e-10	2.216363e+01	2.612802e+02
2.560000e-06	4.158792e-06	9.826655e-10	2.242841e+01	2.643531e+02
2.570000e-06	4.207502e-06	9.936802e-10	2.269111e+01	2.673747e+02
2.580000e-06	4.255810e-06	1.004117e-09	2.295163e+01	2.703454e+02
2.590000e-06	4.303843e-06	1.014354e-09	2.321067e+01	2.732656e+02
2.600000e-06	4.351594e-06	1.024785e-09	2.346819e+01	2.761356e+02
2.610000e-06	4.399060e-06	1.034991e-09	2.372418e+01	2.789560e+02
2.620000e-06	4.446311e-06	1.045106e-09	2.397900e+01	2.817273e+02
2.630000e-06	4.493273e-06	1.055185e-09	2.423227e+01	2.844500e+02
2.640000e-06	4.539911e-06	1.064136e-09	2.448379e+01	2.871249e+02
2.650000e-06	4.586228e-06	1.072577e-09	2.473358e+01	2.897524e+02
2.660000e-06	4.632181e-06	1.081429e-09	2.498140e+01	2.923332e+02
2.670000e-06	4.677823e-06	1.090224e-09	2.522755e+01	2.948678e+02
2.680000e-06	4.723207e-06	1.098644e-09	2.547231e+01	2.973569e+02
2.690000e-06	4.768282e-06	1.106971e-09	2.571540e+01	2.998009e+02
2.700000e-06	4.813017e-06	1.115323e-09	2.595665e+01	3.022003e+02
2.710000e-06	4.857434e-06	1.124150e-09	2.619619e+01	3.045557e+02
2.720000e-06	4.901597e-06	1.132934e-09	2.643437e+01	3.068673e+02
2.730000e-06	4.945544e-06	1.140791e-09	2.667138e+01	3.091356e+02
2.740000e-06	4.989285e-06	1.148415e-09	2.690727e+01	3.113610e+02
2.750000e-06	5.032677e-06	1.156595e-09	2.714128e+01	3.135436e+02
2.760000e-06	5.075806e-06	1.164901e-09	2.737388e+01	3.156839e+02
2.770000e-06	5.118696e-06	1.173187e-09	2.760518e+01	3.177820e+02
2.780000e-06	5.161088e-06	1.181053e-09	2.783381e+01	3.198383e+02
2.790000e-06	5.202966e-06	1.187967e-09	2.805966e+01	3.218528e+02
2.800000e-06	5.244087e-06	1.195266e-09	2.828142e+01	3.238259e+02
2.810000e-06	5.284513e-06	1.203016e-09	2.849944e+01	3.257579e+02
2.820000e-06	5.324524e-06	1.210609e-09	2.871522e+01	3.276490e+02
2.830000e-06	5.364186e-06	1.218164e-09	2.892912e+01	3.294995e+02
2.840000e-06	5.403656e-06	1.225447e-09	2.914197e+01	3.313099e+02
2.850000e-06	5.442904e-06	1.233055e-09	2.935364e+01	3.330807e+02
2.860000e-06	5.481831e-06	1.240616e-09	2.956357e+01	3.348122e+02
2.870000e-06	5.520326e-06	1.247101e-09	2.977118e+01	3.365051e+02
2.880000e-06	5.558343e-06	1.253183e-09	2.997621e+01	3.381602e+02
2.890000e-06	5.595940e-06	1.259597e-09	3.017897e+01	3.397780e+02
2.900000e-06	5.633190e-06	1.266283e-09	3.037986e+01	3.413596e+02
2.910000e-06	5.670076e-06	1.272651e-09	3.057879e+01	3.429058e+02
2.920000e-06	5.706482e-06	1.279368e-09	3.077512e+01	3.444176e+02
2.930000e-06	5.742461e-06	1.286431e-09	3.096916e+01	3.458961e+02
2.940000e-06	5.778155e-06	1.292534e-09	3.116166e+01	3.473426e+02
2.950000e-06	5.813627e-06	1.298225e-09	3.135296e+01	3.487581e+02
2.960000e-06	5.848822e-06	1.304179e-09	3.154276e+01	3.501440e+02
2.970000e-06	5.883683e-06	1.309627e-09	3.173077e+01	3.515016e+02
2.980000e-06	5.918087e-06	1.314652e-09	3.191631e+01	3.528323e+02
2.990000e-06	5.951899e-06	1.320610e-09	3.209866e+01	3.541373e+02
3.000000e-06	5.984954e-06	1.326902e-09	3.227692e+01	3.554181e+02
3.010000e-06	6.017327e-06	1.332075e-09	3.245151e+01	3.566760e+02
3.020000e-06	6.049246e-06	1.336509e-09	3.262365e+01	3.579124e+02
3.030000e-06	6.080799e-06	1.341149e-09	3.279382e+01	3.591284e+02
3.040000e-06	6.112093e-06	1.346953e-09	3.296259e+01	3.603252e+02
3.050000e-06	6.143150e-06	1.352872e-09	3.313008e+01	3.615042e+02
3.060000e-06	6.173756e-06	1.357901e-09	3.329513e+01	3.626661e+02
3.070000e-06	6.203844e-06	1.363459e-09	3.345740e+01	3.638122e+02
3.080000e-06	6.233482e-06	1.369244e-09	3.361724e+01	3.649432e+02
3.090000e-06	6.262762e-06	1.373701e-09	3.377515e+01	3.660598e+02
3.100000e-06	6.291516e-06	1.376814e-09	3.393022e+01	3.671627e+02
3.110000e-06	6.319735e-06	1.379135e-09	3.408240e+01	3.682525e+02
3.120000e-06	6.347661e-06	1.382747e-09	3.423301e+01	3.693296e+02
3.130000e-06	6.375290e-06	1.388545e-09	3.438201e+01	3.703943e+02
3.140000e-06	6.402676e-06	1.395425e-09	3.452971e+01	3.714468e+02
3.150000e-06	6.429801e-06	1.402258e-09	3.467599e+01	3.724872e+02
3.160000e-06	6.456416e-06	1.407052e-09	3.481953e+01	3.735154e+02
3.170000e-06	6.482327e-06	1.409489e-09	3.495926e+01	3.745315e+02
3.180000e-06	6.507447e-06	1.412435e-09	3.509473e+01	3.755352e+02
3.190000e-06	6.531800e-06	1.416249e-09	3.522607e+01	3.765264e+02
3.200000e-06	6.555606e-06	1.419936e-09	3.535446e+01	3.775046e+02
3.210000e-06	6.579019e-06	1.424045e-09	3.548072e+01	3.784697e+02
3.220000e-06	6.602043e-06	1.429008e-09	3.560489e+01	3.794212e+02
3.230000e-06	6.624505e-06	1.436267e-09	3.572603e+01	3.803587e+02
3.240000e-06	6.646462e-06	1.443046e-09	3.584444e+01	3.812819e+02
3.250000e-06	6.668163e-06	1.446861e-09	3.596148e+01	3.821903e+02
3.260000e-06	6.689502e-06	1.449341e-09	3.607656e+01	3.830834e+02
3.270000e-06	6.710370e-06	1.452752e-09	3.618910e+01	3.839610e+02
3.280000e-06	6.730755e-06	1.457800e-09	3.629904e+01	3.848226e+02
3.290000e-06	6.750610e-06	1.462467e-09	3.640611e+01	3.856679e+02
3.300000e-06	6.770103e-06	1.465818e-09	3.651124e+01	3.864965e+02
3.310000e-06	6.789369e-06	1.468585e-09	3.661514e+01	3.873082e+02
3.320000e-06	6.808285e-06	1.471946e-09	3.671716e+01	3.881026e+02
3.330000e-06	6.826539e-06	1.475994e-09	3.681560e+01	3.888795e+02
3.340000e-06	6.844154e-06	1.480072e-09	3.691060e+01	3.896388e+02
3.350000e-06	6.861365e-06	1.483561e-09	3.700342e+01	3.903801e+02
3.360000e-06	6.878079e-06	1.486977e-09	3.709356e+01	3.911034e+02
3.370000e-06	6.894381e-06	1.491041e-09	3.718147e+01	3.918084e+02
3.380000e-06	6.910301e-06	1.495758e-09	3.726733e+01	3.924950e+02
3.390000e-06	6.925582e-06	1.500273e-09	3.734974e+01	3.931631e+02
3.400000e-06	6.940113e-06	1.503477e-09	3.742811e+01	3.938124e+02
3.410000e-06	6.953998e-06	1.506564e-09	3.750299e+01	3.944428e+02
3.420000e-06	6.967407e-06	1.510787e-09	3.757530e+01	3.950541e+02
3.430000e-06	6.980353e-06	1.515274e-09	3.764512e+01	3.956462e+02
3.440000e-06	6.992846e-06	1.518580e-09	3.771250e+01	3.962187e+02
3.450000e-06	7.004836e-06	1.520188e-09	3.777716e+01	3.967715e+02
3.460000e-06	7.016379e-06	1.522186e-09	3.783941e+01	3.973042e+02
3.470000e-06	7.027380e-06	1.525729e-09	3.789874e+01	3.978165e+02
3.480000e-06	7.037678e-06	1.529084e-09	3.795427e+01	3.983082e+02
3.490000e-06	7.047149e-06	1.531600e-09	3.800535e+01	3.987789e+02
3.500000e-06	7.055894e-06	1.533517e-09	3.805252e+01	3.992282e+02
3.510000e-06	7.064054e-06	1.536586e-09	3.809652e+01	3.996557e+02
3.520000e-06	7.071735e-06	1.541664e-09	3.813795e+01	4.000611e+02
3.530000e-06	7.079074e-06	1.546812e-09	3.817752e+01	4.004440e+02
3.540000e-06	7.086079e-06	1.550168e-09	3.821530e+01	4.008040e+02
3.550000e-06	7.092566e-06	1.552497e-09	3.825029e+01	4.011409e+02
3.560000e-06	7.098393e-06	1.554895e-09	3.828171e+01	4.014542e+02
3.570000e-06	7.103796e-06	1.557551e-09	3.831085e+01	4.017437e+02
3.580000e-06	7.108712e-06	1.560178e-09	3.833737e+01	4.020092e+02
3.590000e-06	7.113074e-06	1.563175e-09	3.836089e+01	4.022506e+02
3.600000e-06	7.117021e-06	1.565363e-09	3.838218e+01	4.024677e+02
3.610000e-06	7.120586e-06	1.567346e-09	3.840140e+01	4.026606e+02
3.620000e-06	7.123833e-06	1.569842e-09	3.841891e+01	4.028294e+02
3.630000e-06	7.126691e-06	1.570974e-09	3.843432e+01	4.029742e+02
3.640000e-06	7.129006e-06	1.571443e-09	3.844681e+01	4.030953e+02
3.650000e-06	7.130623e-06	1.572021e-09	3.845553e+01	4.031930e+02
3.660000e-06	7.131412e-06	1.573903e-09	3.845979e+01	4.032678e+02
3.670000e-06	7.131452e-06	1.576793e-09	3.846000e+01	4.033202e+02
3.680000e-06	7.131153e-06	1.578220e-09	3.845839e+01	4.033510e+02
3.690000e-06	7.130565e-06	1.577864e-09	3.845522e+01	4.033608e+02
3.700000e-06	7.129357e-06	1.577981e-09	3.844870e+01	4.033504e+02
3.710000e-06	7.127722e-06	1.579488e-09	3.843989e+01	4.033208e+02
3.720000e-06	7.125659e-06	1.580993e-09	3.842876e+01	4.032728e+02
3.730000e-06	7.123124e-06	1.582646e-09	3.841509e+01	4.032074e+02
3.740000e-06	7.120248e-06	1.583191e-09	3.839957e+01	4.031256e+02
3.750000e-06	7.116903e-06	1.567710e-09	3.838154e+01	4.030286e+02
3.760000e-06	7.112843e-06	1.557494e-09	3.835964e+01	4.029172e+02
3.770000e-06	7.108149e-06	1.617105e-09	3.833433e+01	4.027925e+02
3.780000e-06	7.102905e-06	1.653668e-09	3.830605e+01	4.026556e+02
3.790000e-06	7.096776e-06	1.550268e-09	3.827299e+01	4.025073e+02
3.800000e-06	7.090343e-06	1.487974e-09	3.823830e+01	4.023486e+02
3.810000e-06	7.083980e-06	1.603010e-09	3.820398e+01	4.021803e+02
3.820000e-06	7.076959e-06	1.681349e-09	3.816612e+01	4.020032e+02
3.830000e-06	7.069066e-06	1.550842e-09	3.812355e+01	4.018178e+02
3.840000e-06	7.060641e-06	1.464262e-09	3.807812e+01	4.016247e+02
3.850000e-06	7.052039e-06	1.633786e-09	3.803173e+01	4.014244e+02
3.860000e-06	7.042996e-06	1.730223e-09	3.798295e+01	4.012171e+02
3.870000e-06	7.033208e-06	1.524576e-09	3.793017e+01	4.010032e+02
3.880000e-06	7.022972e-06	1.416310e-09	3.787496e+01	4.007826e+02
3.890000e-06	7.012444e-06	1.637517e-09	3.781819e+01	4.005553e+02
3.900000e-06	7.001384e-06	1.726995e-09	3.775854e+01	4.003213e+02
3.910000e-06	6.989592e-06	1.503393e-09	3.769495e+01	4.000801e+02
3.920000e-06	6.977300e-06	1.464939e-09	3.762866e+01	3.998316e+02
3.930000e-06	6.964544e-06	1.692406e-09	3.755986e+01	3.995752e+02
3.940000e-06	6.950985e-06	1.665095e-09	3.748674e+01	3.993105e+02
3.950000e-06	6.936636e-06	1.445254e-09	3.740935e+01	3.990367e+02
3.960000e-06	6.921697e-06	1.535119e-09	3.732879e+01	3.987534e+02
3.970000e-06	6.906154e-06	1.719451e-09	3.724497e+01	3.984597e+02
3.980000e-06	6.890011e-06	1.579063e-09	3.715791e+01	3.981551e+02
3.990000e-06	6.873402e-06	1.470028e-09	3.706833e+01	3.978387e+02
4.000000e-06	6.856508e-06	1.651545e-09	3.697723e+01	3.975099e+02
4.010000e-06	6.839139e-06	1.661249e-09	3.688355e+01	3.971680e+02
4.020000e-06	6.821095e-06	1.458855e-09	3.678624e+01	3.968123e+02
4.030000e-06	6.802668e-06	1.535453e-09	3.668686e+01	3.964421e+02
4.040000e-06	6.783928e-06	1.708503e-09	3.658580e+01	3.960569e+02
4.050000e-06	6.764691e-06	1.566757e-09	3.648205e+01	3.956562e+02
4.060000e-06	6.744968e-06	1.468478e-09	3.637569e+01	3.952395e+02
4.070000e-06	6.724928e-06	1.639773e-09	3.626761e+01	3.948066e+02
4.080000e-06	6.704582e-06	1.640241e-09	3.615788e+01	3.943569e+02
4.090000e-06	6.683883e-06	1.476955e-09	3.604625e+01	3.938905e+02
4.100000e-06	6.662687e-06	1.552355e-09	3.593195e+01	3.934071e+02
4.110000e-06	6.640660e-06	1.649440e-09	3.581315e+01	3.929066e+02
4.120000e-06	6.617760e-06	1.530992e-09	3.568965e+01	3.923892e+02
4.130000e-06	6.594174e-06	1.518024e-09	3.556246e+01	3.918549e+02
4.140000e-06	6.570088e-06	1.626191e-09	3.543256e+01	3.913038e+02
4.150000e-06	6.545674e-06	1.559759e-09	3.530089e+01	3.907361e+02
4.160000e-06	6.521008e-06	1.491101e-09	3.516787e+01	3.901521e+02
4.170000e-06	6.495965e-06	1.582906e-09	3.503281e+01	3.895521e+02
4.180000e-06	6.470430e-06	1.588590e-09	3.489510e+01	3.889363e+02
4.190000e-06	6.444406e-06	1.513138e-09	3.475475e+01	3.883051e+02
4.200000e-06	6.417884e-06	1.551475e-09	3.461172e+01	3.876588e+02
4.210000e-06	6.390928e-06	1.578148e-09	3.446635e+01	3.869977e+02
4.220000e-06	6.363486e-06	1.522731e-09	3.431835e+01	3.863221e+02
4.230000e-06	6.335565e-06	1.531523e-09	3.416777e+01	3.856322e+02
4.240000e-06	6.307368e-06	1.561855e-09	3.401571e+01	3.849282e+02
4.250000e-06	6.278927e-06	1.530968e-09	3.386232e+01	3.842103e+02
4.260000e-06	6.250169e-06	1.526076e-09	3.370723e+01	3.834787e+02
4.270000e-06	6.220910e-06	1.548516e-09	3.354944e+01	3.827334e+02
4.280000e-06	6.190978e-06	1.534008e-09	3.338801e+01	3.819743e+02
4.290000e-06	6.160255e-06	1.522210e-09	3.322233e+01	3.812014e+02
4.300000e-06	6.128930e-06	1.526648e-09	3.305339e+01	3.804146e+02
4.310000e-06	6.097208e-06	1.523275e-09	3.288231e+01	3.796138e+02
4.320000e-06	6.065045e-06	1.526793e-09	3.270886e+01	3.787986e+02
4.330000e-06	6.032521e-06	1.526818e-09	3.253345e+01	3.779687e+02
4.340000e-06	5.999663e-06	1.514092e-09	3.235625e+01	3.771239e+02
4.350000e-06	5.966349e-06	1.513933e-09	3.217658e+01	3.762637e+02
4.360000e-06	5.932527e-06	1.513682e-09	3.199418e+01	3.753877e+02
4.370000e-06	5.898251e-06	1.503921e-09	3.180933e+01	3.744954e+02
4.380000e-06	5.863575e-06	1.509538e-09	3.162233e+01	3.735863e+02
4.390000e-06	5.828483e-06	1.513705e-09	3.143307e+01	3.726601e+02
4.400000e-06	5.793057e-06	1.500654e-09	3.124202e+01	3.717160e+02
4.410000e-06	5.757330e-06	1.499767e-09	3.104934e+01	3.707538e+02
4.420000e-06	5.721256e-06	1.504188e-09	3.085480e+01	3.697729e+02
4.430000e-06	5.684894e-06	1.491954e-09	3.065870e+01	3.687728e+02
4.440000e-06	5.648251e-06	1.483958e-09	3.046108e+01	3.677531e+02
4.450000e-06	5.611348e-06	1.488942e-09	3.026206e+01	3.667134e+02
4.460000e-06	5.573936e-06	1.488100e-09	3.006030e+01	3.656533e+02
4.470000e-06	5.535801e-06	1.481043e-09	2.985464e+01	3.645725e+02
4.480000e-06	5.496961e-06	1.476085e-09	2.964517e+01	3.634708e+02
4.490000e-06	5.457596e-06	1.470698e-09	2.943288e+01	3.623479e+02
4.500000e-06	5.417791e-06	1.464654e-09	2.921821e+01	3.612036e+02
4.510000e-06	5.377526e-06	1.462914e-09	2.900106e+01	3.600377e+02
4.520000e-06	5.337025e-06	1.463400e-09	2.878263e+01	3.588501e+02
4.530000e-06	5.296289e-06	1.459971e-09	2.856295e+01	3.576409e+02
4.540000e-06	5.255184e-06	1.453329e-09	2.834127e+01	3.564098e+02
4.550000e-06	5.213795e-06	1.448214e-09	2.811805e+01	3.551570e+02
4.560000e-06	5.172081e-06	1.445331e-09	2.789309e+01	3.538824e+02
4.570000e-06	5.129905e-06	1.440482e-09	2.766564e+01	3.525861e+02
4.580000e-06	5.087289e-06	1.434198e-09	2.743581e+01	3.512682e+02
4.590000e-06	5.044325e-06	1.430560e-09	2.720410e+01	3.499286e+02
4.600000e-06	5.001056e-06	1.430261e-09	2.697075e+01	3.485675e+02
4.610000e-06	4.957468e-06	1.427125e-09	2.673568e+01	3.471848e+02
4.620000e-06	4.913516e-06	1.418344e-09	2.649865e+01	3.457807e+02
4.630000e-06	4.869356e-06	1.409081e-09	2.626049e+01	3.443551e+02
4.640000e-06	4.825004e-06	1.403310e-09	2.602130e+01	3.429080e+02
4.650000e-06	4.780321e-06	1.399782e-09	2.578033e+01	3.414393e+02
4.660000e-06	4.735271e-06	1.395885e-09	2.553737e+01	3.399491e+02
4.670000e-06	4.689899e-06	1.390260e-09	2.529268e+01	3.384372e+02
4.680000e-06	4.644270e-06	1.383684e-09	2.504660e+01	3.369034e+02
4.690000e-06	4.598282e-06	1.377106e-09	2.479859e+01	3.353475e+02
4.700000e-06	4.551894e-06	1.371170e-09	2.454841e+01	3.337693e+02
4.710000e-06	4.505134e-06	1.365835e-09	2.429624e+01	3.321684e+02
4.720000e-06	4.458099e-06	1.360152e-09	2.404258e+01	3.305447e+02
4.730000e-06	4.410879e-06	1.353880e-09	2.378792e+01	3.288977e+02
4.740000e-06	4.363247e-06	1.347633e-09	2.353104e+01	3.272270e+02
4.750000e-06	4.315301e-06	1.341773e-09	2.327247e+01	3.255321e+02
4.760000e-06	4.266868e-06	1.335801e-09	2.301127e+01	3.238126e+02
4.770000e-06	4.217937e-06	1.328186e-09	2.274738e+01	3.220680e+02
4.780000e-06	4.168811e-06	1.319800e-09	2.248245e+01	3.202977e+02
4.790000e-06	4.119447e-06	1.313325e-09	2.221622e+01	3.185012e+02
4.800000e-06	4.069865e-06	1.308492e-09	2.194883e+01	3.166780e+02
4.810000e-06	4.019765e-06	1.302971e-09	2.167864e+01	3.148275e+02
4.820000e-06	3.969294e-06	1.295285e-09	2.140645e+01	3.129491e+02
4.830000e-06	3.918652e-06	1.287593e-09	2.113333e+01	3.110422e+02
4.840000e-06	3.867772e-06	1.280000e-09	2.085894e+01	3.091063e+02
4.850000e-06	3.816577e-06	1.272122e-09	2.058284e+01	3.071408e+02
4.860000e-06	3.765078e-06	1.264984e-09	2.030511e+01	3.051452e+02
4.870000e-06	3.713320e-06	1.258349e-09	2.002598e+01	3.031191e+02
4.880000e-06	3.661357e-06	1.251108e-09	1.974574e+01	3.010618e+02
4.890000e-06	3.609045e-06	1.243522e-09	1.946362e+01	2.989730e+02
4.900000e-06	3.556319e-06	1.236258e-09	1.917927e+01	2.968523e+02
4.910000e-06	3.503343e-06	1.227389e-09	1.889357e+01	2.946993e+02
4.920000e-06	3.450142e-06	1.216615e-09	1.860665e+01	2.925135e+02
4.930000e-06	3.396714e-06	1.207105e-09	1.831851e+01	2.902949e+02
4.940000e-06	3.342853e-06	1.199539e-09	1.802805e+01	2.880430e+02
4.950000e-06	3.288366e-06	1.191234e-09	1.773419e+01	2.857576e+02
4.960000e-06	3.233498e-06	1.181351e-09	1.743829e+01	2.834387e+02
4.970000e-06	3.178455e-06	1.172396e-09	1.714144e+01	2.810860e+02
4.980000e-06	3.123117e-06	1.164665e-09	1.684301e+01	2.786995e+02
4.990000e-06	3.067485e-06	1.156033e-09	1.654298e+01	2.762792e+02
5.000000e-06	3.011614e-06	1.146159e-09	1.624167e+01	2.738249e+02
5.010000e-06	2.955521e-06	1.136655e-09	1.593916e+01	2.713366e+02
5.020000e-06	2.899240e-06	1.127409e-09	1.563563e+01	2.688145e+02
5.030000e-06	2.842834e-06	1.116206e-09	1.533143e+01	2.662586e+02
5.040000e-06	2.786247e-06	1.103892e-09	1.502626e+01	2.636689e+02
5.050000e-06	2.729476e-06	1.092452e-09	1.472010e+01	2.610454e+02
5.060000e-06	2.672673e-06	1.081229e-09	1.441376e+01	2.583882e+02
5.070000e-06	2.615785e-06	1.070310e-09	1.410696e+01	2.556974e+02
5.080000e-06	2.558617e-06	1.060172e-09	1.379865e+01	2.529728e+02
5.090000e-06	2.501233e-06	1.048863e-09	1.348918e+01	2.502146e+02
5.100000e-06	2.443644e-06	1.036617e-09	1.317860e+01	2.474225e+02
5.110000e-06	2.385846e-06	1.024913e-09	1.286690e+01	2.445964e+02
5.120000e-06	2.327905e-06	1.013473e-09	1.255442e+01	2.417362e+02
5.130000e-06	2.269937e-06	1.001530e-09	1.224179e+01	2.388413e+02
5.140000e-06	2.211825e-06	9.895740e-10	1.192840e+01	2.359115e+02
5.150000e-06	2.153393e-06	9.775701e-10	1.161327e+01	2.329462e+02
5.160000e-06	2.094753e-06	9.650669e-10	1.129703e+01	2.299447e+02
5.170000e-06	2.035933e-06	9.526058e-10	1.097981e+01	2.269062e+02
5.180000e-06	1.976980e-06	9.396107e-10	1.066188e+01	2.238298e+02
5.190000e-06	1.917847e-06	9.259944e-10	1.034297e+01	2.207142e+02
5.200000e-06	1.858584e-06	9.123216e-10	1.002337e+01	2.175583e+02
5.210000e-06	1.799197e-06	8.983129e-10	9.703090e+00	2.143606e+02
5.220000e-06	1.739673e-06	8.848853e-10	9.382076e+00	2.111195e+02
5.230000e-06	1.680228e-06	8.723791e-10	9.061491e+00	2.078331e+02
5.240000e-06	1.620736e-06	8.584456e-10	8.740645e+00	2.044995e+02
5.250000e-06	1.561062e-06	8.430572e-10	8.418826e+00	2.011165e+02
5.260000e-06	1.501308e-06	8.285609e-10	8.096573e+00	1.976819e+02
5.270000e-06	1.441531e-06	8.150293e-10	7.774193e+00	1.941930e+02
5.280000e-06	1.381582e-06	8.006856e-10	7.450886e+00	1.906475e+02
5.290000e-06	1.321451e-06	7.855334e-10	7.126601e+00	1.870424e+02
5.300000e-06	1.261201e-06	7.700682e-10	6.801673e+00	1.833750e+02
5.310000e-06	1.200939e-06	7.540570e-10	6.476677e+00	1.796425e+02
5.320000e-06	1.140740e-06	7.372341e-10	6.152022e+00	1.758417e+02
5.330000e-06	1.080489e-06	7.199537e-10	5.827089e+00	1.719697e+02
5.340000e-06	1.020170e-06	7.032983e-10	5.501788e+00	1.680236e+02
5.350000e-06	9.597555e-07	6.879175e-10	5.175972e+00	1.640005e+02
5.360000e-06	8.992796e-07	6.722128e-10	4.849825e+00	1.598975e+02
5.370000e-06	8.388340e-07	6.543058e-10	4.523841e+00	1.557118e+02
5.380000e-06	7.784615e-07	6.348592e-10	4.198252e+00	1.514410e+02
5.390000e-06	7.180011e-07	6.152580e-10	3.872188e+00	1.470827e+02
5.400000e-06	6.573796e-07	5.963204e-10	3.545255e+00	1.426348e+02
5.410000e-06	5.966621e-07	5.774748e-10	3.217805e+00	1.380954e+02
5.420000e-06	5.359597e-07	5.583695e-10	2.890437e+00	1.334631e+02
5.430000e-06	4.752960e-07	5.388846e-10	2.563277e+00	1.287368e+02
5.440000e-06	4.146494e-07	5.187420e-10	2.236209e+00	1.239157e+02
5.450000e-06	3.540278e-07	4.991324e-10	1.909276e+00	1.189995e+02
5.460000e-06	2.933584e-07	4.790416e-10	1.582085e+00	1.139885e+02
5.470000e-06	2.326116e-07	4.572662e-10	1.254477e+00	1.088832e+02
5.480000e-06	1.718976e-07	4.350943e-10	9.270458e-01	1.036848e+02
5.490000e-06	1.112697e-07	4.128273e-10	6.000789e-01	9.839502e+01
5.500000e-06	5.060725e-08	3.895143e-10	2.729255e-01	9.301605e+01
5.510000e-06	-1.011486e-08	3.659364e-10	-5.454953e-02	8.755062e+01
5.520000e-06	-7.079096e-08	3.429077e-10	-3.817764e-01	8.200203e+01
5.530000e-06	-1.314746e-07	3.192501e-10	-7.090440e-01	7.637405e+01
5.540000e-06	-1.921930e-07	2.956792e-10	-1.036499e+00	7.067099e+01
5.550000e-06	-2.529403e-07	2.722925e-10	-1.364110e+00	6.489764e+01
5.560000e-06	-3.137302e-07	2.479485e-10	-1.691951e+00	5.905924e+01
5.570000e-06	-3.745166e-07	2.233403e-10	-2.019772e+00	5.316145e+01
5.580000e-06	-4.352697e-07	1.989637e-10	-2.347414e+00	4.721032e+01
5.590000e-06	-4.959790e-07	1.744917e-10	-2.674820e+00	4.121223e+01
5.600000e-06	-5.566334e-07	1.501185e-10	-3.001930e+00	3.517385e+01
5.610000e-06	-6.171355e-07	1.258919e-10	-3.328219e+00	2.910211e+01
5.620000e-06	-6.775953e-07	1.007435e-10	-3.654279e+00	2.300409e+01
5.630000e-06	-7.380323e-07	7.528436e-11	-3.980217e+00	1.688699e+01
5.640000e-06	-7.983825e-07	5.082169e-11	-4.305686e+00	1.075811e+01
5.650000e-06	-8.587518e-07	2.607071e-11	-4.631258e+00	4.624695e+00
5.660000e-06	-9.191757e-07	5.880049e-13	-4.957125e+00	-1.506028e+00
5.670000e-06	-9.795858e-07	-2.491780e-11	-5.282917e+00	-7.626971e+00
5.680000e-06	-1.039939e-06	-4.987971e-11	-5.608401e+00	-1.373123e+01
5.690000e-06	-1.100229e-06	-7.428457e-11	-5.933545e+00	-1.981212e+01
5.700000e-06	-1.160442e-06	-9.943800e-11	-6.258275e+00	-2.586327e+01
5.710000e-06	-1.220618e-06	-1.257160e-10	-6.582809e+00	-3.187861e+01
5.720000e-06	-1.280774e-06	-1.512403e-10	-6.907226e+00	-3.785249e+01
5.730000e-06	-1.340848e-06	-1.747302e-10	-7.231207e+00	-4.377965e+01
5.740000e-06	-1.400823e-06	-1.970712e-10	-7.554654e+00	-4.965528e+01
5.750000e-06	-1.460728e-06	-2.203368e-10	-7.877724e+00	-5.547505e+01
5.760000e-06	-1.520572e-06	-2.448895e-10	-8.200463e+00	-6.123513e+01
5.770000e-06	-1.580310e-06	-2.696016e-10	-8.522632e+00	-6.693219e+01
5.780000e-06	-1.639904e-06	-2.937871e-10	-8.844021e+00	-7.256341e+01
5.790000e-06	-1.699416e-06	-3.169208e-10	-9.164967e+00	-7.812648e+01
5.800000e-06	-1.758841e-06	-3.399426e-10	-9.485448e+00	-8.361959e+01
5.810000e-06	-1.818017e-06	-3.631601e-10	-9.804585e+00	-8.904141e+01
5.820000e-06	-1.877017e-06	-3.847137e-10	-1.012277e+01	-9.439110e+01
5.830000e-06	-1.935937e-06	-4.055793e-10	-1.044053e+01	-9.966824e+01
5.840000e-06	-1.994693e-06	-4.271150e-10	-1.075740e+01	-1.048728e+02
5.850000e-06	-2.053325e-06	-4.488507e-10	-1.107360e+01	-1.100052e+02
5.860000e-06	-2.111824e-06	-4.712466e-10	-1.138909e+01	-1.150661e+02
5.870000e-06	-2.170174e-06	-4.936386e-10	-1.170377e+01	-1.200565e+02
5.880000e-06	-2.228394e-06	-5.149943e-10	-1.201775e+01	-1.249776e+02
5.890000e-06	-2.286466e-06	-5.356250e-10	-1.233094e+01	-1.298310e+02
5.900000e-06	-2.344298e-06	-5.562540e-10	-1.264282e+01	-1.346182e+02
5.910000e-06	-2.401907e-06	-5.771909e-10	-1.295351e+01	-1.393409e+02
5.920000e-06	-2.459350e-06	-5.972887e-10	-1.326330e+01	-1.440009e+02
5.930000e-06	-2.516571e-06	-6.159971e-10	-1.357189e+01	-1.486001e+02
5.940000e-06	-2.573605e-06	-6.353522e-10	-1.387948e+01	-1.531403e+02
5.950000e-06	-2.630531e-06	-6.555753e-10	-1.418648e+01	-1.576233e+02
5.960000e-06	-2.687340e-06	-6.748980e-10	-1.449286e+01	-1.620507e+02
5.970000e-06	-2.743975e-06	-6.930845e-10	-1.479829e+01	-1.664242e+02
5.980000e-06	-2.800506e-06	-7.112283e-10	-1.510316e+01	-1.707452e+02
5.990000e-06	-2.856942e-06	-7.295608e-10	-1.540752e+01	-1.750150e+02
6.000000e-06	-2.913154e-06	-7.478355e-10	-1.571067e+01	-1.792348e+02
6.010000e-06	-2.969186e-06	-7.656446e-10	-1.601285e+01	-1.834055e+02
6.020000e-06	-3.025121e-06	-7.822489e-10	-1.631451e+01	-1.875280e+02
6.030000e-06	-3.080768e-06	-7.984708e-10	-1.661461e+01	-1.916028e+02
6.040000e-06	-3.136039e-06	-8.154652e-10	-1.691269e+01	-1.956304e+02
6.050000e-06	-3.190932e-06	-8.330982e-10	-1.720873e+01	-1.996111e+02
6.060000e-06	-3.245455e-06	-8.498817e-10	-1.750277e+01	-2.035449e+02
6.070000e-06	-3.299698e-06	-8.652930e-10	-1.779531e+01	-2.074319e+02
6.080000e-06	-3.353760e-06	-8.808230e-10	-1.808687e+01	-2.112719e+02
6.090000e-06	-3.407386e-06	-8.969981e-10	-1.837607e+01	-2.150646e+02
6.100000e-06	-3.460480e-06	-9.129282e-10	-1.866241e+01	-2.188096e+02
6.110000e-06	-3.513209e-06	-9.280566e-10	-1.894677e+01	-2.225066e+02
6.120000e-06	-3.565610e-06	-9.427081e-10	-1.922937e+01	-2.261551e+02
6.130000e-06	-3.617921e-06	-9.573611e-10	-1.951149e+01	-2.297545e+02
6.140000e-06	-3.670111e-06	-9.727221e-10	-1.979295e+01	-2.333045e+02
6.150000e-06	-3.721961e-06	-9.891708e-10	-2.007258e+01	-2.368045e+02
6.160000e-06	-3.773484e-06	-1.004668e-09	-2.035044e+01	-2.402541e+02
6.170000e-06	-3.824697e-06	-1.018039e-09	-2.062663e+01	-2.436529e+02
6.180000e-06	-3.875640e-06	-1.031432e-09	-2.090137e+01	-2.470005e+02
6.190000e-06	-3.926415e-06	-1.045590e-09	-2.117520e+01	-2.502968e+02
6.200000e-06	-3.976944e-06	-1.059543e-09	-2.144770e+01	-2.535415e+02
6.210000e-06	-4.027127e-06	-1.072066e-09	-2.171834e+01	-2.567347e+02
6.220000e-06	-4.076748e-06	-1.084652e-09	-2.198595e+01	-2.598761e+02
6.230000e-06	-4.125746e-06	-1.099552e-09	-2.225020e+01	-2.629661e+02
6.240000e-06	-4.174603e-06	-1.114410e-09	-2.251368e+01	-2.660048e+02
6.250000e-06	-4.223208e-06	-1.127588e-09	-2.277581e+01	-2.689924e+02
6.260000e-06	-4.271007e-06	-1.139594e-09	-2.303359e+01	-2.719293e+02
6.270000e-06	-4.318455e-06	-1.150659e-09	-2.328948e+01	-2.748159e+02
6.280000e-06	-4.365767e-06	-1.161385e-09	-2.354463e+01	-2.776528e+02
6.290000e-06	-4.412822e-06	-1.172304e-09	-2.379840e+01	-2.804403e+02
6.300000e-06	-4.459684e-06	-1.182956e-09	-2.405113e+01	-2.831792e+02
6.310000e-06	-4.506257e-06	-1.192928e-09	-2.430230e+01	-2.858699e+02
6.320000e-06	-4.552519e-06	-1.203458e-09	-2.455178e+01	-2.885131e+02
6.330000e-06	-4.598503e-06	-1.215354e-09	-2.479978e+01	-2.911093e+02
6.340000e-06	-4.644129e-06	-1.227090e-09	-2.504584e+01	-2.936593e+02
6.350000e-06	-4.689315e-06	-1.236234e-09	-2.528953e+01	-2.961634e+02
6.360000e-06	-4.734241e-06	-1.244010e-09	-2.553181e+01	-2.986223e+02
6.370000e-06	-4.778867e-06	-1.253307e-09	-2.577249e+01	-3.010365e+02
6.380000e-06	-4.823247e-06	-1.263717e-09	-2.601183e+01	-3.034065e+02
6.390000e-06	-4.867488e-06	-1.273910e-09	-2.625042e+01	-3.057326e+02
6.400000e-06	-4.911472e-06	-1.283374e-09	-2.648762e+01	-3.080153e+02
6.410000e-06	-4.955098e-06	-1.292283e-09	-2.672290e+01	-3.102549e+02
6.420000e-06	-4.998403e-06	-1.300950e-09	-2.695645e+01	-3.124517e+02
6.430000e-06	-5.041343e-06	-1.310154e-09	-2.718802e+01	-3.146061e+02
6.440000e-06	-5.083858e-06	-1.319408e-09	-2.741730e+01	-3.167182e+02
6.450000e-06	-5.126045e-06	-1.328125e-09	-2.764482e+01	-3.187883e+02
6.460000e-06	-5.167992e-06	-1.336193e-09	-2.787104e+01	-3.208167e+02
6.470000e-06	-5.209499e-06	-1.343988e-09	-2.809489e+01	-3.228035e+02
6.480000e-06	-5.250647e-06	-1.351870e-09	-2.831680e+01	-3.247491e+02
6.490000e-06	-5.291538e-06	-1.358401e-09	-2.853732e+01	-3.266538e+02
6.500000e-06	-5.332019e-06	-1.364832e-09	-2.875564e+01	-3.285178e+02
6.510000e-06	-5.372264e-06	-1.371811e-09	-2.897268e+01	-3.303415e+02
6.520000e-06	-5.412311e-06	-1.379364e-09	-2.918865e+01	-3.321253e+02
6.530000e-06	-5.451946e-06	-1.387943e-09	-2.940240e+01	-3.338698e+02
6.540000e-06	-5.491075e-06	-1.396144e-09	-2.961343e+01	-3.355755e+02
6.550000e-06	-5.529735e-06	-1.402659e-09	-2.982192e+01	-3.372431e+02
6.560000e-06	-5.567782e-06	-1.407415e-09	-3.002711e+01	-3.388732e+02
6.570000e-06	-5.605208e-06	-1.412507e-09	-3.022895e+01	-3.404667e+02
6.580000e-06	-5.642179e-06	-1.419485e-09	-3.042833e+01	-3.420246e+02
6.590000e-06	-5.678728e-06	-1.426731e-09	-3.062545e+01	-3.435477e+02
6.600000e-06	-5.714912e-06	-1.432837e-09	-3.082059e+01	-3.450372e+02
6.610000e-06	-5.750853e-06	-1.438904e-09	-3.101442e+01	-3.464941e+02
6.620000e-06	-5.786467e-06	-1.445188e-09	-3.120648e+01	-3.479198e+02
6.630000e-06	-5.821655e-06	-1.450732e-09	-3.139625e+01	-3.493154e+02
6.640000e-06	-5.856408e-06	-1.455067e-09	-3.158368e+01	-3.506822e+02
6.650000e-06	-5.890696e-06	-1.459292e-09	-3.176859e+01	-3.520217e+02
6.660000e-06	-5.924584e-06	-1.464494e-09	-3.195135e+01	-3.533351e+02
6.670000e-06	-5.958145e-06	-1.470559e-09	-3.213234e+01	-3.546238e+02
6.680000e-06	-5.991202e-06	-1.476298e-09	-3.231062e+01	-3.558891e+02
6.690000e-06	-6.023779e-06	-1.479700e-09	-3.248631e+01	-3.571325e+02
6.700000e-06	-6.056092e-06	-1.481013e-09	-3.266057e+01	-3.583551e+02
6.710000e-06	-6.088186e-06	-1.482876e-09	-3.283365e+01	-3.595582e+02
6.720000e-06	-6.120002e-06	-1.487043e-09	-3.300524e+01	-3.607429e+02
6.730000e-06	-6.151338e-06	-1.491868e-09	-3.317424e+01	-3.619104e+02
6.740000e-06	-6.181823e-06	-1.495930e-09	-3.333864e+01	-3.630616e+02
6.750000e-06	-6.211509e-06	-1.500427e-09	-3.349874e+01	-3.641975e+02
6.760000e-06	-6.240638e-06	-1.505798e-09	-3.365583e+01	-3.653188e+02
6.770000e-06	-6.269299e-06	-1.510266e-09	-3.381040e+01	-3.664262e+02
6.780000e-06	-6.297695e-06	-1.511788e-09	-3.396354e+01	-3.675203e+02
6.790000e-06	-6.325783e-06	-1.512256e-09	-3.411502e+01	-3.686015e+02
6.800000e-06	-6.353452e-06	-1.514888e-09	-3.426424e+01	-3.696703e+02
6.810000e-06	-6.380719e-06	-1.519483e-09	-3.441129e+01	-3.707268e+02
6.820000e-06	-6.407449e-06	-1.524801e-09	-3.455545e+01	-3.717711e+02
6.830000e-06	-6.433660e-06	-1.528677e-09	-3.469680e+01	-3.728034e+02
6.840000e-06	-6.459528e-06	-1.529933e-09	-3.483631e+01	-3.738235e+02
6.850000e-06	-6.484888e-06	-1.531300e-09	-3.497307e+01	-3.748313e+02
6.860000e-06	-6.509838e-06	-1.532950e-09	-3.510763e+01	-3.758267e+02
6.870000e-06	-6.534531e-06	-1.534296e-09	-3.524080e+01	-3.768092e+02
6.880000e-06	-6.558893e-06	-1.537594e-09	-3.537218e+01	-3.777787e+02
6.890000e-06	-6.582895e-06	-1.541662e-09	-3.550163e+01	-3.787347e+02
6.900000e-06	-6.606432e-06	-1.544821e-09	-3.562856e+01	-3.796769e+02
6.910000e-06	-6.629443e-06	-1.548690e-09	-3.575266e+01	-3.806049e+02
6.920000e-06	-6.651707e-06	-1.551983e-09	-3.587273e+01	-3.815182e+02
6.930000e-06	-6.673115e-06	-1.552508e-09	-3.598818e+01	-3.824164e+02
6.940000e-06	-6.693925e-06	-1.552656e-09	-3.610041e+01	-3.832992e+02
6.950000e-06	-6.714364e-06	-1.554889e-09	-3.621064e+01	-3.841661e+02
6.960000e-06	-6.734530e-06	-1.559000e-09	-3.631940e+01	-3.850168e+02
6.970000e-06	-6.754288e-06	-1.563162e-09	-3.642595e+01	-3.858510e+02
6.980000e-06	-6.773476e-06	-1.566371e-09	-3.652943e+01	-3.866683e+02
6.990000e-06	-6.792134e-06	-1.568521e-09	-3.663006e+01	-3.874685e+02
7.000000e-06	-6.810373e-06	-1.570412e-09	-3.672842e+01	-3.882512e+02
7.010000e-06	-6.828194e-06	-1.573062e-09	-3.682452e+01	-3.890164e+02
7.020000e-06	-6.845438e-06	-1.575510e-09	-3.691752e+01	-3.897637e+02
7.030000e-06	-6.862152e-06	-1.577179e-09	-3.700766e+01	-3.904929e+02
7.040000e-06	-6.878694e-06	-1.578504e-09	-3.709688e+01	-3.912040e+02
7.050000e-06	-6.894957e-06	-1.580881e-09	-3.718458e+01	-3.918967e+02
7.060000e-06	-6.910760e-06	-1.582960e-09	-3.726980e+01	-3.925710e+02
7.070000e-06	-6.926082e-06	-1.582378e-09	-3.735244e+01	-3.932265e+02
7.080000e-06	-6.940522e-06	-1.581500e-09	-3.743031e+01	-3.938632e+02
7.090000e-06	-6.953984e-06	-1.583351e-09	-3.750291e+01	-3.944809e+02
7.100000e-06	-6.966846e-06	-1.587388e-09	-3.757228e+01	-3.950793e+02
7.110000e-06	-6.979280e-06	-1.590706e-09	-3.763934e+01	-3.956584e+02
7.120000e-06	-6.991174e-06	-1.591501e-09	-3.770348e+01	-3.962177e+02
7.130000e-06	-7.002553e-06	-1.590976e-09	-3.776485e+01	-3.967571e+02
7.140000e-06	-7.013436e-06	-1.590910e-09	-3.782354e+01	-3.972762e+02
7.150000e-06	-7.023825e-06	-1.592655e-09	-3.787957e+01	-3.977748e+02
7.160000e-06	-7.033772e-06	-1.595295e-09	-3.793321e+01	-3.982525e+02
7.170000e-06	-7.043158e-06	-1.596672e-09	-3.798383e+01	-3.987089e+02
7.180000e-06	-7.052058e-06	-1.597644e-09	-3.803183e+01	-3.991437e+02
7.190000e-06	-7.060572e-06	-1.598493e-09	-3.807774e+01	-3.995565e+02
7.200000e-06	-7.068726e-06	-1.599118e-09	-3.812172e+01	-3.999469e+02
7.210000e-06	-7.076487e-06	-1.600323e-09	-3.816357e+01	-4.003145e+02
7.220000e-06	-7.083617e-06	-1.600331e-09	-3.820203e+01	-4.006591e+02
7.230000e-06	-7.090087e-06	-1.598861e-09	-3.823692e+01	-4.009802e+02
7.240000e-06	-7.095758e-06	-1.599417e-09	-3.826750e+01	-4.012777e+02
7.250000e-06	-7.100735e-06	-1.602254e-09	-3.829434e+01	-4.015512e+02
7.260000e-06	-7.105347e-06	-1.603392e-09	-3.831922e+01	-4.018006e+02
7.270000e-06	-7.109610e-06	-1.601298e-09	-3.834220e+01	-4.020258e+02
7.280000e-06	-7.113524e-06	-1.599971e-09	-3.836331e+01	-4.022267e+02
7.290000e-06	-7.116928e-06	-1.601446e-09	-3.838167e+01	-4.024035e+02
7.300000e-06	-7.119697e-06	-1.602605e-09	-3.839661e+01	-4.025562e+02
7.310000e-06	-7.122118e-06	-1.601058e-09	-3.840966e+01	-4.026851e+02
7.320000e-06	-7.124126e-06	-1.599205e-09	-3.842049e+01	-4.027905e+02
7.330000e-06	-7.125537e-06	-1.599511e-09	-3.842810e+01	-4.028728e+02
7.340000e-06	-7.126482e-06	-1.599677e-09	-3.843320e+01	-4.029327e+02
