# Temperatura_=_19.1
# Concentracion g/m^3_=_7400.0
# C_Vs_to_Am_M_A/Vsm_=_254322799225.57578
# pendiente_HvsI_1/m_=_3716.3
# ordenada_HvsI_A/m_=_1297.0
# frecuencia_Hz_=_136121.62932111014

Tiempo_(s)	Campo_(V.s)	Magnetizacion_(V.s)	Campo_(kA/m)	Magnetizacion_(A/m)
0.000000e+00	-7.144879e-06	-1.614023e-09	-3.842296e+01	-4.057733e+02
1.000000e-08	-7.144932e-06	-1.612123e-09	-3.842324e+01	-4.058221e+02
2.000000e-08	-7.144735e-06	-1.611491e-09	-3.842218e+01	-4.058550e+02
3.000000e-08	-7.143952e-06	-1.611417e-09	-3.841797e+01	-4.058729e+02
4.000000e-08	-7.142473e-06	-1.610314e-09	-3.841002e+01	-4.058768e+02
5.000000e-08	-7.140426e-06	-1.608150e-09	-3.839901e+01	-4.058677e+02
6.000000e-08	-7.137754e-06	-1.605501e-09	-3.838464e+01	-4.058464e+02
7.000000e-08	-7.134455e-06	-1.601706e-09	-3.836690e+01	-4.058141e+02
8.000000e-08	-7.130633e-06	-1.606432e-09	-3.834634e+01	-4.057716e+02
9.000000e-08	-7.126242e-06	-1.623035e-09	-3.832273e+01	-4.057200e+02
1.000000e-07	-7.121243e-06	-1.608608e-09	-3.829585e+01	-4.056602e+02
1.100000e-07	-7.115582e-06	-1.552425e-09	-3.826540e+01	-4.055930e+02
1.200000e-07	-7.109386e-06	-1.559879e-09	-3.823208e+01	-4.055193e+02
1.300000e-07	-7.102994e-06	-1.645903e-09	-3.819771e+01	-4.054396e+02
1.400000e-07	-7.096354e-06	-1.642332e-09	-3.816200e+01	-4.053546e+02
1.500000e-07	-7.089215e-06	-1.532031e-09	-3.812361e+01	-4.052648e+02
1.600000e-07	-7.081552e-06	-1.539155e-09	-3.808240e+01	-4.051704e+02
1.700000e-07	-7.073530e-06	-1.670496e-09	-3.803926e+01	-4.050718e+02
1.800000e-07	-7.065017e-06	-1.642845e-09	-3.799348e+01	-4.049690e+02
1.900000e-07	-7.055684e-06	-1.485502e-09	-3.794329e+01	-4.048618e+02
2.000000e-07	-7.045497e-06	-1.524053e-09	-3.788851e+01	-4.047502e+02
2.100000e-07	-7.034899e-06	-1.684266e-09	-3.783151e+01	-4.046338e+02
2.200000e-07	-7.023831e-06	-1.627648e-09	-3.777200e+01	-4.045120e+02
2.300000e-07	-7.012033e-06	-1.483163e-09	-3.770855e+01	-4.043844e+02
2.400000e-07	-6.999618e-06	-1.554800e-09	-3.764179e+01	-4.042500e+02
2.500000e-07	-6.986615e-06	-1.655691e-09	-3.757186e+01	-4.041081e+02
2.600000e-07	-6.973115e-06	-1.557424e-09	-3.749926e+01	-4.039578e+02
2.700000e-07	-6.959057e-06	-1.501440e-09	-3.742366e+01	-4.037980e+02
2.800000e-07	-6.944450e-06	-1.608476e-09	-3.734511e+01	-4.036277e+02
2.900000e-07	-6.929193e-06	-1.607686e-09	-3.726306e+01	-4.034456e+02
3.000000e-07	-6.913304e-06	-1.508444e-09	-3.717762e+01	-4.032506e+02
3.100000e-07	-6.896806e-06	-1.561818e-09	-3.708890e+01	-4.030415e+02
3.200000e-07	-6.879845e-06	-1.624598e-09	-3.699768e+01	-4.028171e+02
3.300000e-07	-6.862522e-06	-1.517136e-09	-3.690453e+01	-4.025762e+02
3.400000e-07	-6.844724e-06	-1.499565e-09	-3.680882e+01	-4.023177e+02
3.500000e-07	-6.826385e-06	-1.632448e-09	-3.671019e+01	-4.020405e+02
3.600000e-07	-6.807513e-06	-1.598279e-09	-3.660870e+01	-4.017434e+02
3.700000e-07	-6.788152e-06	-1.472884e-09	-3.650459e+01	-4.014256e+02
3.800000e-07	-6.768381e-06	-1.546244e-09	-3.639827e+01	-4.010862e+02
3.900000e-07	-6.748273e-06	-1.620289e-09	-3.629013e+01	-4.007245e+02
4.000000e-07	-6.727753e-06	-1.513755e-09	-3.617978e+01	-4.003396e+02
4.100000e-07	-6.706746e-06	-1.493314e-09	-3.606681e+01	-3.999312e+02
4.200000e-07	-6.685247e-06	-1.589619e-09	-3.595119e+01	-3.994987e+02
4.300000e-07	-6.663305e-06	-1.550988e-09	-3.583320e+01	-3.990418e+02
4.400000e-07	-6.640827e-06	-1.490749e-09	-3.571232e+01	-3.985605e+02
4.500000e-07	-6.617954e-06	-1.560265e-09	-3.558931e+01	-3.980545e+02
4.600000e-07	-6.594773e-06	-1.557297e-09	-3.546465e+01	-3.975240e+02
4.700000e-07	-6.571187e-06	-1.475003e-09	-3.533781e+01	-3.969691e+02
4.800000e-07	-6.547252e-06	-1.518297e-09	-3.520910e+01	-3.963901e+02
4.900000e-07	-6.522924e-06	-1.567455e-09	-3.507828e+01	-3.957874e+02
5.000000e-07	-6.498054e-06	-1.495803e-09	-3.494453e+01	-3.951614e+02
5.100000e-07	-6.472499e-06	-1.483671e-09	-3.480710e+01	-3.945128e+02
5.200000e-07	-6.446198e-06	-1.541954e-09	-3.466566e+01	-3.938420e+02
5.300000e-07	-6.419236e-06	-1.511705e-09	-3.452067e+01	-3.931499e+02
5.400000e-07	-6.391750e-06	-1.477297e-09	-3.437286e+01	-3.924372e+02
5.500000e-07	-6.363839e-06	-1.518629e-09	-3.422276e+01	-3.917046e+02
5.600000e-07	-6.335533e-06	-1.514239e-09	-3.407054e+01	-3.909529e+02
5.700000e-07	-6.306820e-06	-1.475215e-09	-3.391613e+01	-3.901829e+02
5.800000e-07	-6.277799e-06	-1.496051e-09	-3.376007e+01	-3.893955e+02
5.900000e-07	-6.248373e-06	-1.506305e-09	-3.360182e+01	-3.885914e+02
6.000000e-07	-6.218375e-06	-1.471334e-09	-3.344050e+01	-3.877714e+02
6.100000e-07	-6.187953e-06	-1.472039e-09	-3.327690e+01	-3.869363e+02
6.200000e-07	-6.157153e-06	-1.489508e-09	-3.311127e+01	-3.860867e+02
6.300000e-07	-6.126043e-06	-1.472513e-09	-3.294397e+01	-3.852233e+02
6.400000e-07	-6.094635e-06	-1.463100e-09	-3.277507e+01	-3.843467e+02
6.500000e-07	-6.062845e-06	-1.472665e-09	-3.260411e+01	-3.834575e+02
6.600000e-07	-6.030687e-06	-1.463730e-09	-3.243117e+01	-3.825559e+02
6.700000e-07	-5.998102e-06	-1.450914e-09	-3.225594e+01	-3.816425e+02
6.800000e-07	-5.964830e-06	-1.453957e-09	-3.207702e+01	-3.807175e+02
6.900000e-07	-5.930806e-06	-1.451225e-09	-3.189405e+01	-3.797812e+02
7.000000e-07	-5.896161e-06	-1.439774e-09	-3.170774e+01	-3.788335e+02
7.100000e-07	-5.861021e-06	-1.434041e-09	-3.151876e+01	-3.778746e+02
7.200000e-07	-5.825570e-06	-1.431284e-09	-3.132812e+01	-3.769044e+02
7.300000e-07	-5.789821e-06	-1.427107e-09	-3.113587e+01	-3.759227e+02
7.400000e-07	-5.753747e-06	-1.422735e-09	-3.094188e+01	-3.749294e+02
7.500000e-07	-5.717248e-06	-1.418294e-09	-3.074559e+01	-3.739241e+02
7.600000e-07	-5.680313e-06	-1.414008e-09	-3.054697e+01	-3.729064e+02
7.700000e-07	-5.643068e-06	-1.409604e-09	-3.034668e+01	-3.718759e+02
7.800000e-07	-5.605471e-06	-1.403484e-09	-3.014449e+01	-3.708319e+02
7.900000e-07	-5.567343e-06	-1.395657e-09	-2.993945e+01	-3.697741e+02
8.000000e-07	-5.528751e-06	-1.388853e-09	-2.973192e+01	-3.687016e+02
8.100000e-07	-5.489760e-06	-1.384842e-09	-2.952223e+01	-3.676139e+02
8.200000e-07	-5.450369e-06	-1.382091e-09	-2.931040e+01	-3.665102e+02
8.300000e-07	-5.410730e-06	-1.378378e-09	-2.909724e+01	-3.653897e+02
8.400000e-07	-5.370946e-06	-1.372577e-09	-2.888329e+01	-3.642516e+02
8.500000e-07	-5.330966e-06	-1.364714e-09	-2.866829e+01	-3.630952e+02
8.600000e-07	-5.290574e-06	-1.357621e-09	-2.845107e+01	-3.619196e+02
8.700000e-07	-5.249509e-06	-1.351972e-09	-2.823024e+01	-3.607241e+02
8.800000e-07	-5.207766e-06	-1.345628e-09	-2.800576e+01	-3.595078e+02
8.900000e-07	-5.165542e-06	-1.338643e-09	-2.777869e+01	-3.582700e+02
9.000000e-07	-5.122894e-06	-1.332971e-09	-2.754934e+01	-3.570100e+02
9.100000e-07	-5.079772e-06	-1.329114e-09	-2.731745e+01	-3.557270e+02
9.200000e-07	-5.036267e-06	-1.325073e-09	-2.708349e+01	-3.544204e+02
9.300000e-07	-4.992437e-06	-1.318550e-09	-2.684778e+01	-3.530895e+02
9.400000e-07	-4.948346e-06	-1.310693e-09	-2.661068e+01	-3.517337e+02
9.500000e-07	-4.904066e-06	-1.303928e-09	-2.637255e+01	-3.503526e+02
9.600000e-07	-4.859526e-06	-1.298036e-09	-2.613303e+01	-3.489457e+02
9.700000e-07	-4.814578e-06	-1.292051e-09	-2.589131e+01	-3.475126e+02
9.800000e-07	-4.769239e-06	-1.285678e-09	-2.564750e+01	-3.460530e+02
9.900000e-07	-4.723643e-06	-1.278559e-09	-2.540229e+01	-3.445665e+02
1.000000e-06	-4.677651e-06	-1.271055e-09	-2.515496e+01	-3.430530e+02
1.010000e-06	-4.631225e-06	-1.264741e-09	-2.490530e+01	-3.415123e+02
1.020000e-06	-4.584583e-06	-1.259656e-09	-2.465447e+01	-3.399443e+02
1.030000e-06	-4.537657e-06	-1.254408e-09	-2.440212e+01	-3.383490e+02
1.040000e-06	-4.490359e-06	-1.248527e-09	-2.414776e+01	-3.367263e+02
1.050000e-06	-4.442798e-06	-1.242693e-09	-2.389199e+01	-3.350762e+02
1.060000e-06	-4.395076e-06	-1.235906e-09	-2.363536e+01	-3.333989e+02
1.070000e-06	-4.347079e-06	-1.227495e-09	-2.337725e+01	-3.316944e+02
1.080000e-06	-4.298758e-06	-1.219943e-09	-2.311739e+01	-3.299628e+02
1.090000e-06	-4.250093e-06	-1.214155e-09	-2.285569e+01	-3.282042e+02
1.100000e-06	-4.201088e-06	-1.208371e-09	-2.259215e+01	-3.264186e+02
1.110000e-06	-4.151569e-06	-1.202093e-09	-2.232586e+01	-3.246063e+02
1.120000e-06	-4.101320e-06	-1.194876e-09	-2.205563e+01	-3.227672e+02
1.130000e-06	-4.050628e-06	-1.186714e-09	-2.178303e+01	-3.209015e+02
1.140000e-06	-3.999518e-06	-1.178143e-09	-2.150817e+01	-3.190090e+02
1.150000e-06	-3.948074e-06	-1.169645e-09	-2.123152e+01	-3.170899e+02
1.160000e-06	-3.896463e-06	-1.161930e-09	-2.095398e+01	-3.151439e+02
1.170000e-06	-3.844566e-06	-1.154764e-09	-2.067489e+01	-3.131711e+02
1.180000e-06	-3.792346e-06	-1.147574e-09	-2.039407e+01	-3.111712e+02
1.190000e-06	-3.739978e-06	-1.139582e-09	-2.011245e+01	-3.091440e+02
1.200000e-06	-3.687391e-06	-1.131037e-09	-1.982965e+01	-3.070892e+02
1.210000e-06	-3.634372e-06	-1.122208e-09	-1.954453e+01	-3.050066e+02
1.220000e-06	-3.580950e-06	-1.113794e-09	-1.925725e+01	-3.028958e+02
1.230000e-06	-3.527352e-06	-1.106904e-09	-1.896901e+01	-3.007563e+02
1.240000e-06	-3.473556e-06	-1.099533e-09	-1.867971e+01	-2.985878e+02
1.250000e-06	-3.419335e-06	-1.089840e-09	-1.838813e+01	-2.963898e+02
1.260000e-06	-3.364938e-06	-1.079372e-09	-1.809560e+01	-2.941617e+02
1.270000e-06	-3.310418e-06	-1.069769e-09	-1.780241e+01	-2.919031e+02
1.280000e-06	-3.255610e-06	-1.061487e-09	-1.750767e+01	-2.896136e+02
1.290000e-06	-3.200636e-06	-1.054161e-09	-1.721203e+01	-2.872925e+02
1.300000e-06	-3.145528e-06	-1.046212e-09	-1.691568e+01	-2.849395e+02
1.310000e-06	-3.090208e-06	-1.036985e-09	-1.661818e+01	-2.825540e+02
1.320000e-06	-3.034705e-06	-1.027466e-09	-1.631971e+01	-2.801357e+02
1.330000e-06	-2.979057e-06	-1.017432e-09	-1.602045e+01	-2.776841e+02
1.340000e-06	-2.923227e-06	-1.007243e-09	-1.572021e+01	-2.751989e+02
1.350000e-06	-2.867319e-06	-9.976746e-10	-1.541956e+01	-2.726798e+02
1.360000e-06	-2.811390e-06	-9.889880e-10	-1.511879e+01	-2.701265e+02
1.370000e-06	-2.755313e-06	-9.803230e-10	-1.481723e+01	-2.675387e+02
1.380000e-06	-2.699010e-06	-9.706355e-10	-1.451445e+01	-2.649164e+02
1.390000e-06	-2.642430e-06	-9.607550e-10	-1.421017e+01	-2.622592e+02
1.400000e-06	-2.585558e-06	-9.502895e-10	-1.390433e+01	-2.595671e+02
1.410000e-06	-2.528248e-06	-9.391727e-10	-1.359614e+01	-2.568399e+02
1.420000e-06	-2.470600e-06	-9.288410e-10	-1.328613e+01	-2.540775e+02
1.430000e-06	-2.412851e-06	-9.192704e-10	-1.297557e+01	-2.512798e+02
1.440000e-06	-2.354703e-06	-9.089562e-10	-1.266287e+01	-2.484465e+02
1.450000e-06	-2.296147e-06	-8.977666e-10	-1.234797e+01	-2.455774e+02
1.460000e-06	-2.237433e-06	-8.862168e-10	-1.203223e+01	-2.426722e+02
1.470000e-06	-2.178514e-06	-8.738930e-10	-1.171538e+01	-2.397304e+02
1.480000e-06	-2.119324e-06	-8.624865e-10	-1.139707e+01	-2.367516e+02
1.490000e-06	-2.059920e-06	-8.521587e-10	-1.107762e+01	-2.337350e+02
1.500000e-06	-2.000446e-06	-8.399997e-10	-1.075778e+01	-2.306798e+02
1.510000e-06	-1.940942e-06	-8.280300e-10	-1.043779e+01	-2.275849e+02
1.520000e-06	-1.881373e-06	-8.169994e-10	-1.011744e+01	-2.244490e+02
1.530000e-06	-1.821735e-06	-8.039167e-10	-9.796730e+00	-2.212708e+02
1.540000e-06	-1.762076e-06	-7.894425e-10	-9.475900e+00	-2.180485e+02
1.550000e-06	-1.702396e-06	-7.762667e-10	-9.154960e+00	-2.147801e+02
1.560000e-06	-1.642591e-06	-7.649125e-10	-8.833349e+00	-2.114635e+02
1.570000e-06	-1.582800e-06	-7.536949e-10	-8.511811e+00	-2.080963e+02
1.580000e-06	-1.523001e-06	-7.413302e-10	-8.190229e+00	-2.046756e+02
1.590000e-06	-1.462985e-06	-7.276547e-10	-7.867485e+00	-2.011987e+02
1.600000e-06	-1.402845e-06	-7.142836e-10	-7.544065e+00	-1.976623e+02
1.610000e-06	-1.342682e-06	-7.019988e-10	-7.220532e+00	-1.940631e+02
1.620000e-06	-1.282409e-06	-6.890903e-10	-6.896399e+00	-1.903976e+02
1.630000e-06	-1.221978e-06	-6.752229e-10	-6.571423e+00	-1.866620e+02
1.640000e-06	-1.161504e-06	-6.607445e-10	-6.246208e+00	-1.828526e+02
1.650000e-06	-1.100913e-06	-6.458597e-10	-5.920369e+00	-1.789655e+02
1.660000e-06	-1.040270e-06	-6.315362e-10	-5.594254e+00	-1.749969e+02
1.670000e-06	-9.797477e-07	-6.171805e-10	-5.268781e+00	-1.709428e+02
1.680000e-06	-9.192161e-07	-6.023131e-10	-4.943260e+00	-1.667996e+02
1.690000e-06	-8.584723e-07	-5.873753e-10	-4.616599e+00	-1.625637e+02
1.700000e-06	-7.975817e-07	-5.728777e-10	-4.289148e+00	-1.582315e+02
1.710000e-06	-7.365993e-07	-5.582125e-10	-3.961204e+00	-1.537999e+02
1.720000e-06	-6.754985e-07	-5.424165e-10	-3.632623e+00	-1.492661e+02
1.730000e-06	-6.144015e-07	-5.258282e-10	-3.304062e+00	-1.446276e+02
1.740000e-06	-5.533066e-07	-5.088972e-10	-2.975512e+00	-1.398824e+02
1.750000e-06	-4.921224e-07	-4.914828e-10	-2.646482e+00	-1.350288e+02
1.760000e-06	-4.309443e-07	-4.733335e-10	-2.317486e+00	-1.300660e+02
1.770000e-06	-3.697840e-07	-4.549009e-10	-1.988584e+00	-1.249934e+02
1.780000e-06	-3.085464e-07	-4.358704e-10	-1.659268e+00	-1.198113e+02
1.790000e-06	-2.472544e-07	-4.156704e-10	-1.329658e+00	-1.145204e+02
1.800000e-06	-1.859960e-07	-3.955269e-10	-1.000229e+00	-1.091224e+02
1.810000e-06	-1.247414e-07	-3.761701e-10	-6.708208e-01	-1.036193e+02
1.820000e-06	-6.336863e-08	-3.570936e-10	-3.407769e-01	-9.801404e+01
1.830000e-06	-1.928503e-09	-3.367971e-10	-1.037089e-02	-9.231032e+01
1.840000e-06	5.950074e-08	-3.145196e-10	3.199766e-01	-8.651238e+01
1.850000e-06	1.208800e-07	-2.920639e-10	6.500554e-01	-8.062517e+01
1.860000e-06	1.821714e-07	-2.695543e-10	9.796615e-01	-7.465432e+01
1.870000e-06	2.434526e-07	-2.451367e-10	1.309213e+00	-6.860602e+01
1.880000e-06	3.047983e-07	-2.199020e-10	1.639111e+00	-6.248705e+01
1.890000e-06	3.660648e-07	-1.964429e-10	1.968583e+00	-5.630468e+01
1.900000e-06	4.272057e-07	-1.739245e-10	2.297381e+00	-5.006663e+01
1.910000e-06	4.883721e-07	-1.504230e-10	2.626314e+00	-4.378100e+01
1.920000e-06	5.496193e-07	-1.260902e-10	2.955683e+00	-3.745619e+01
1.930000e-06	6.108184e-07	-1.009296e-10	3.284793e+00	-3.110086e+01
1.940000e-06	6.718980e-07	-7.517068e-11	3.613260e+00	-2.472376e+01
1.950000e-06	7.329189e-07	-4.995256e-11	3.941412e+00	-1.833377e+01
1.960000e-06	7.938797e-07	-2.544348e-11	4.269240e+00	-1.193972e+01
1.970000e-06	8.547156e-07	-1.668208e-12	4.596397e+00	-5.550336e+00
1.980000e-06	9.153969e-07	2.017458e-11	4.922722e+00	8.258115e-01
1.990000e-06	9.759480e-07	4.174955e-11	5.248347e+00	7.180423e+00
2.000000e-06	1.036477e-06	6.501684e-11	5.573855e+00	1.350553e+01
2.010000e-06	1.097006e-06	8.944197e-11	5.899359e+00	1.979355e+01
2.020000e-06	1.157531e-06	1.135660e-10	6.224845e+00	2.603739e+01
2.030000e-06	1.218004e-06	1.365087e-10	6.550051e+00	3.223045e+01
2.040000e-06	1.278372e-06	1.598139e-10	6.874688e+00	3.836671e+01
2.050000e-06	1.338675e-06	1.837797e-10	7.198981e+00	4.444075e+01
2.060000e-06	1.398910e-06	2.066014e-10	7.522907e+00	5.044778e+01
2.070000e-06	1.459037e-06	2.280240e-10	7.846250e+00	5.638367e+01
2.080000e-06	1.519010e-06	2.491564e-10	8.168765e+00	6.224497e+01
2.090000e-06	1.578945e-06	2.703388e-10	8.491081e+00	6.802889e+01
2.100000e-06	1.638831e-06	2.917462e-10	8.813128e+00	7.373330e+01
2.110000e-06	1.698622e-06	3.126661e-10	9.134663e+00	7.935672e+01
2.120000e-06	1.758408e-06	3.331503e-10	9.456176e+00	8.489830e+01
2.130000e-06	1.818175e-06	3.541450e-10	9.777585e+00	9.035778e+01
2.140000e-06	1.877870e-06	3.749159e-10	1.009861e+01	9.573542e+01
2.150000e-06	1.937505e-06	3.952598e-10	1.041930e+01	1.010320e+02
2.160000e-06	1.997038e-06	4.151612e-10	1.073946e+01	1.062489e+02
2.170000e-06	2.056379e-06	4.338945e-10	1.105857e+01	1.113875e+02
2.180000e-06	2.115460e-06	4.516097e-10	1.137629e+01	1.164501e+02
2.190000e-06	2.174268e-06	4.694225e-10	1.169254e+01	1.214387e+02
2.200000e-06	2.232911e-06	4.879007e-10	1.200791e+01	1.263558e+02
2.210000e-06	2.291353e-06	5.061301e-10	1.232219e+01	1.312042e+02
2.220000e-06	2.349389e-06	5.241561e-10	1.263429e+01	1.359865e+02
2.230000e-06	2.407150e-06	5.419107e-10	1.294491e+01	1.407055e+02
2.240000e-06	2.464816e-06	5.592678e-10	1.325502e+01	1.453639e+02
2.250000e-06	2.522211e-06	5.766405e-10	1.356367e+01	1.499645e+02
2.260000e-06	2.579188e-06	5.939343e-10	1.387008e+01	1.545096e+02
2.270000e-06	2.635831e-06	6.111943e-10	1.417469e+01	1.590018e+02
2.280000e-06	2.692255e-06	6.283566e-10	1.447812e+01	1.634432e+02
2.290000e-06	2.748506e-06	6.449699e-10	1.478062e+01	1.678358e+02
2.300000e-06	2.804666e-06	6.608419e-10	1.508263e+01	1.721813e+02
2.310000e-06	2.860654e-06	6.760146e-10	1.538372e+01	1.764812e+02
2.320000e-06	2.916446e-06	6.906464e-10	1.568375e+01	1.807366e+02
2.330000e-06	2.972152e-06	7.051881e-10	1.598331e+01	1.849483e+02
2.340000e-06	3.027702e-06	7.198128e-10	1.628205e+01	1.891171e+02
2.350000e-06	3.083038e-06	7.344680e-10	1.657963e+01	1.932432e+02
2.360000e-06	3.138208e-06	7.493381e-10	1.687632e+01	1.973268e+02
2.370000e-06	3.193173e-06	7.644672e-10	1.717190e+01	2.013675e+02
2.380000e-06	3.247910e-06	7.796712e-10	1.746626e+01	2.053652e+02
2.390000e-06	3.302422e-06	7.945255e-10	1.775941e+01	2.093192e+02
2.400000e-06	3.356754e-06	8.087711e-10	1.805159e+01	2.132287e+02
2.410000e-06	3.410898e-06	8.215531e-10	1.834276e+01	2.170929e+02
2.420000e-06	3.464676e-06	8.334736e-10	1.863196e+01	2.209107e+02
2.430000e-06	3.518187e-06	8.461775e-10	1.891972e+01	2.246812e+02
2.440000e-06	3.571569e-06	8.591732e-10	1.920680e+01	2.284032e+02
2.450000e-06	3.624688e-06	8.723579e-10	1.949245e+01	2.320756e+02
2.460000e-06	3.677494e-06	8.861335e-10	1.977643e+01	2.356973e+02
2.470000e-06	3.730023e-06	8.995869e-10	2.005891e+01	2.392672e+02
2.480000e-06	3.782263e-06	9.118447e-10	2.033984e+01	2.427842e+02
2.490000e-06	3.834200e-06	9.230373e-10	2.061915e+01	2.462476e+02
2.500000e-06	3.885791e-06	9.339012e-10	2.089659e+01	2.496563e+02
2.510000e-06	3.937150e-06	9.448776e-10	2.117278e+01	2.530098e+02
2.520000e-06	3.988189e-06	9.563226e-10	2.144725e+01	2.563074e+02
2.530000e-06	4.038765e-06	9.684115e-10	2.171923e+01	2.595488e+02
2.540000e-06	4.088875e-06	9.800484e-10	2.198871e+01	2.627334e+02
2.550000e-06	4.138645e-06	9.910924e-10	2.225635e+01	2.658612e+02
2.560000e-06	4.188031e-06	1.001941e-09	2.252194e+01	2.689322e+02
2.570000e-06	4.236791e-06	1.012783e-09	2.278415e+01	2.719463e+02
2.580000e-06	4.285127e-06	1.023336e-09	2.304409e+01	2.749039e+02
2.590000e-06	4.333202e-06	1.033788e-09	2.330263e+01	2.778051e+02
2.600000e-06	4.381073e-06	1.044766e-09	2.356006e+01	2.806504e+02
2.610000e-06	4.428716e-06	1.055259e-09	2.381627e+01	2.834403e+02
2.620000e-06	4.476023e-06	1.065554e-09	2.407067e+01	2.861753e+02
2.630000e-06	4.522971e-06	1.076357e-09	2.432314e+01	2.888562e+02
2.640000e-06	4.569695e-06	1.086181e-09	2.457441e+01	2.914835e+02
2.650000e-06	4.616223e-06	1.094712e-09	2.482462e+01	2.940581e+02
2.660000e-06	4.662374e-06	1.103088e-09	2.507281e+01	2.965806e+02
2.670000e-06	4.708072e-06	1.111209e-09	2.531856e+01	2.990519e+02
2.680000e-06	4.753413e-06	1.119044e-09	2.556239e+01	3.014728e+02
2.690000e-06	4.798428e-06	1.127430e-09	2.580446e+01	3.038440e+02
2.700000e-06	4.843166e-06	1.136722e-09	2.604505e+01	3.061663e+02
2.710000e-06	4.887722e-06	1.145627e-09	2.628466e+01	3.084406e+02
2.720000e-06	4.932021e-06	1.153762e-09	2.652289e+01	3.106677e+02
2.730000e-06	4.976076e-06	1.161765e-09	2.675980e+01	3.128483e+02
2.740000e-06	5.019850e-06	1.169413e-09	2.699520e+01	3.149833e+02
2.750000e-06	5.063268e-06	1.176408e-09	2.722869e+01	3.170735e+02
2.760000e-06	5.106321e-06	1.183201e-09	2.746022e+01	3.191196e+02
2.770000e-06	5.148876e-06	1.190611e-09	2.768907e+01	3.211226e+02
2.780000e-06	5.190928e-06	1.198415e-09	2.791521e+01	3.230833e+02
2.790000e-06	5.232490e-06	1.205700e-09	2.813872e+01	3.250026e+02
2.800000e-06	5.273476e-06	1.212958e-09	2.835913e+01	3.268814e+02
2.810000e-06	5.313935e-06	1.220810e-09	2.857670e+01	3.287207e+02
2.820000e-06	5.353993e-06	1.229031e-09	2.879212e+01	3.305215e+02
2.830000e-06	5.393792e-06	1.237419e-09	2.900615e+01	3.322849e+02
2.840000e-06	5.433295e-06	1.245187e-09	2.921859e+01	3.340119e+02
2.850000e-06	5.472498e-06	1.251684e-09	2.942941e+01	3.357039e+02
2.860000e-06	5.511450e-06	1.258133e-09	2.963888e+01	3.373618e+02
2.870000e-06	5.550020e-06	1.264999e-09	2.984629e+01	3.389872e+02
2.880000e-06	5.588155e-06	1.271331e-09	3.005137e+01	3.405812e+02
2.890000e-06	5.625838e-06	1.277367e-09	3.025402e+01	3.421452e+02
2.900000e-06	5.662999e-06	1.283378e-09	3.045386e+01	3.436807e+02
2.910000e-06	5.699771e-06	1.289543e-09	3.065161e+01	3.451890e+02
2.920000e-06	5.736260e-06	1.296562e-09	3.084784e+01	3.466716e+02
2.930000e-06	5.772327e-06	1.303402e-09	3.104180e+01	3.481298e+02
2.940000e-06	5.808014e-06	1.308437e-09	3.123371e+01	3.495652e+02
2.950000e-06	5.843515e-06	1.313324e-09	3.142462e+01	3.509791e+02
2.960000e-06	5.878710e-06	1.319324e-09	3.161389e+01	3.523727e+02
2.970000e-06	5.913413e-06	1.325469e-09	3.180051e+01	3.537474e+02
2.980000e-06	5.947581e-06	1.331516e-09	3.198425e+01	3.551045e+02
2.990000e-06	5.981190e-06	1.337546e-09	3.216500e+01	3.564449e+02
3.000000e-06	6.014196e-06	1.342511e-09	3.234249e+01	3.577697e+02
3.010000e-06	6.046670e-06	1.346892e-09	3.251712e+01	3.590798e+02
3.020000e-06	6.078704e-06	1.351326e-09	3.268939e+01	3.603761e+02
3.030000e-06	6.110305e-06	1.355876e-09	3.285933e+01	3.616590e+02
3.040000e-06	6.141538e-06	1.361425e-09	3.302730e+01	3.629291e+02
3.050000e-06	6.172342e-06	1.367481e-09	3.319295e+01	3.641869e+02
3.060000e-06	6.202746e-06	1.373654e-09	3.335645e+01	3.654324e+02
3.070000e-06	6.232725e-06	1.379312e-09	3.351767e+01	3.666659e+02
3.080000e-06	6.262283e-06	1.383544e-09	3.367663e+01	3.678871e+02
3.090000e-06	6.291442e-06	1.387049e-09	3.383343e+01	3.690960e+02
3.100000e-06	6.320205e-06	1.390853e-09	3.398811e+01	3.702922e+02
3.110000e-06	6.348627e-06	1.395341e-09	3.414096e+01	3.714752e+02
3.120000e-06	6.376691e-06	1.400736e-09	3.429188e+01	3.726446e+02
3.130000e-06	6.404358e-06	1.405994e-09	3.444066e+01	3.737998e+02
3.140000e-06	6.431646e-06	1.410825e-09	3.458741e+01	3.749399e+02
3.150000e-06	6.458492e-06	1.416735e-09	3.473178e+01	3.760643e+02
3.160000e-06	6.484597e-06	1.422595e-09	3.487216e+01	3.771721e+02
3.170000e-06	6.510109e-06	1.425541e-09	3.500936e+01	3.782627e+02
3.180000e-06	6.535163e-06	1.427593e-09	3.514409e+01	3.793351e+02
3.190000e-06	6.559463e-06	1.431143e-09	3.527477e+01	3.803886e+02
3.200000e-06	6.583158e-06	1.435603e-09	3.540219e+01	3.814223e+02
3.210000e-06	6.606508e-06	1.440311e-09	3.552776e+01	3.824356e+02
3.220000e-06	6.629471e-06	1.445535e-09	3.565125e+01	3.834278e+02
3.230000e-06	6.652091e-06	1.451479e-09	3.577289e+01	3.843984e+02
3.240000e-06	6.674231e-06	1.456996e-09	3.589196e+01	3.853467e+02
3.250000e-06	6.695830e-06	1.461708e-09	3.600811e+01	3.862723e+02
3.260000e-06	6.717054e-06	1.464958e-09	3.612224e+01	3.871750e+02
3.270000e-06	6.737823e-06	1.467932e-09	3.623393e+01	3.880545e+02
3.280000e-06	6.758063e-06	1.470943e-09	3.634278e+01	3.889106e+02
3.290000e-06	6.777927e-06	1.474126e-09	3.644960e+01	3.897432e+02
3.300000e-06	6.797512e-06	1.479261e-09	3.655492e+01	3.905525e+02
3.310000e-06	6.816763e-06	1.485188e-09	3.665845e+01	3.913386e+02
3.320000e-06	6.835432e-06	1.489670e-09	3.675885e+01	3.921016e+02
3.330000e-06	6.853484e-06	1.492523e-09	3.685592e+01	3.928418e+02
3.340000e-06	6.870951e-06	1.495963e-09	3.694986e+01	3.935596e+02
3.350000e-06	6.887884e-06	1.500220e-09	3.704092e+01	3.942552e+02
3.360000e-06	6.904496e-06	1.503549e-09	3.713025e+01	3.949291e+02
3.370000e-06	6.920600e-06	1.506281e-09	3.721685e+01	3.955818e+02
3.380000e-06	6.936017e-06	1.510358e-09	3.729976e+01	3.962135e+02
3.390000e-06	6.950803e-06	1.515158e-09	3.737927e+01	3.968248e+02
3.400000e-06	6.965120e-06	1.519556e-09	3.745627e+01	3.974159e+02
3.410000e-06	6.978943e-06	1.523238e-09	3.753060e+01	3.979874e+02
3.420000e-06	6.992219e-06	1.525848e-09	3.760200e+01	3.985394e+02
3.430000e-06	7.005060e-06	1.527983e-09	3.767105e+01	3.990723e+02
3.440000e-06	7.017346e-06	1.529674e-09	3.773712e+01	3.995862e+02
3.450000e-06	7.029116e-06	1.532453e-09	3.780042e+01	4.000814e+02
3.460000e-06	7.040421e-06	1.537312e-09	3.786121e+01	4.005579e+02
3.470000e-06	7.051195e-06	1.541206e-09	3.791915e+01	4.010159e+02
3.480000e-06	7.061172e-06	1.543041e-09	3.797280e+01	4.014551e+02
3.490000e-06	7.070308e-06	1.545141e-09	3.802193e+01	4.018757e+02
3.500000e-06	7.078750e-06	1.548104e-09	3.806733e+01	4.022775e+02
3.510000e-06	7.086620e-06	1.551171e-09	3.810966e+01	4.026603e+02
3.520000e-06	7.094218e-06	1.553558e-09	3.815051e+01	4.030240e+02
3.530000e-06	7.101538e-06	1.556683e-09	3.818988e+01	4.033684e+02
3.540000e-06	7.108466e-06	1.560135e-09	3.822714e+01	4.036933e+02
3.550000e-06	7.114812e-06	1.562571e-09	3.826126e+01	4.039984e+02
3.560000e-06	7.120526e-06	1.564168e-09	3.829199e+01	4.042836e+02
3.570000e-06	7.125769e-06	1.563934e-09	3.832019e+01	4.045488e+02
3.580000e-06	7.130533e-06	1.563865e-09	3.834581e+01	4.047939e+02
3.590000e-06	7.134821e-06	1.565957e-09	3.836887e+01	4.050188e+02
3.600000e-06	7.138719e-06	1.568803e-09	3.838983e+01	4.052235e+02
3.610000e-06	7.142275e-06	1.571507e-09	3.840895e+01	4.054082e+02
3.620000e-06	7.145451e-06	1.573624e-09	3.842603e+01	4.055730e+02
3.630000e-06	7.148129e-06	1.575885e-09	3.844043e+01	4.057181e+02
3.640000e-06	7.150067e-06	1.577776e-09	3.845085e+01	4.058440e+02
3.650000e-06	7.151251e-06	1.578343e-09	3.845722e+01	4.059511e+02
3.660000e-06	7.151768e-06	1.579190e-09	3.846000e+01	4.060400e+02
3.670000e-06	7.151649e-06	1.580301e-09	3.845936e+01	4.061112e+02
3.680000e-06	7.151130e-06	1.580126e-09	3.845657e+01	4.061654e+02
3.690000e-06	7.150238e-06	1.579527e-09	3.845178e+01	4.062036e+02
3.700000e-06	7.148989e-06	1.579911e-09	3.844506e+01	4.062265e+02
3.710000e-06	7.147370e-06	1.581132e-09	3.843635e+01	4.062350e+02
3.720000e-06	7.145196e-06	1.583520e-09	3.842466e+01	4.062302e+02
3.730000e-06	7.142574e-06	1.588889e-09	3.841056e+01	4.062129e+02
3.740000e-06	7.139542e-06	1.594073e-09	3.839425e+01	4.061842e+02
3.750000e-06	7.135889e-06	1.577896e-09	3.837461e+01	4.061451e+02
3.760000e-06	7.131568e-06	1.553680e-09	3.835137e+01	4.060965e+02
3.770000e-06	7.126663e-06	1.599298e-09	3.832499e+01	4.060394e+02
3.780000e-06	7.121069e-06	1.657326e-09	3.829491e+01	4.059746e+02
3.790000e-06	7.114747e-06	1.584385e-09	3.826092e+01	4.059030e+02
3.800000e-06	7.108042e-06	1.499345e-09	3.822486e+01	4.058253e+02
3.810000e-06	7.101020e-06	1.582293e-09	3.818709e+01	4.057421e+02
3.820000e-06	7.093456e-06	1.684677e-09	3.814642e+01	4.056539e+02
3.830000e-06	7.085294e-06	1.587841e-09	3.810252e+01	4.055610e+02
3.840000e-06	7.076695e-06	1.467927e-09	3.805628e+01	4.054639e+02
3.850000e-06	7.067833e-06	1.594975e-09	3.800863e+01	4.053625e+02
3.860000e-06	7.058538e-06	1.736265e-09	3.795864e+01	4.052569e+02
3.870000e-06	7.048650e-06	1.580999e-09	3.790546e+01	4.051469e+02
3.880000e-06	7.038260e-06	1.426632e-09	3.784959e+01	4.050321e+02
3.890000e-06	7.027542e-06	1.596297e-09	3.779195e+01	4.049123e+02
3.900000e-06	7.016310e-06	1.732645e-09	3.773155e+01	4.047867e+02
3.910000e-06	7.004362e-06	1.549300e-09	3.766730e+01	4.046547e+02
3.920000e-06	6.991861e-06	1.465099e-09	3.760007e+01	4.045155e+02
3.930000e-06	6.978931e-06	1.674138e-09	3.753054e+01	4.043682e+02
3.940000e-06	6.965159e-06	1.701410e-09	3.745647e+01	4.042117e+02
3.950000e-06	6.950437e-06	1.485948e-09	3.737731e+01	4.040451e+02
3.960000e-06	6.935110e-06	1.523681e-09	3.729488e+01	4.038671e+02
3.970000e-06	6.919313e-06	1.716171e-09	3.720993e+01	4.036766e+02
3.980000e-06	6.903060e-06	1.611073e-09	3.712253e+01	4.034724e+02
3.990000e-06	6.886421e-06	1.480332e-09	3.703305e+01	4.032533e+02
4.000000e-06	6.869412e-06	1.649449e-09	3.694158e+01	4.030181e+02
4.010000e-06	6.851819e-06	1.696715e-09	3.684697e+01	4.027656e+02
4.020000e-06	6.833666e-06	1.491462e-09	3.674935e+01	4.024948e+02
4.030000e-06	6.815095e-06	1.528861e-09	3.664948e+01	4.022045e+02
4.040000e-06	6.796170e-06	1.715639e-09	3.654771e+01	4.018938e+02
4.050000e-06	6.776765e-06	1.600383e-09	3.644335e+01	4.015618e+02
4.060000e-06	6.756932e-06	1.480176e-09	3.633670e+01	4.012076e+02
4.070000e-06	6.736756e-06	1.643967e-09	3.622820e+01	4.008305e+02
4.080000e-06	6.716200e-06	1.667556e-09	3.611765e+01	4.004301e+02
4.090000e-06	6.695125e-06	1.498983e-09	3.600432e+01	4.000057e+02
4.100000e-06	6.673432e-06	1.560706e-09	3.588766e+01	3.995571e+02
4.110000e-06	6.651078e-06	1.670199e-09	3.576745e+01	3.990839e+02
4.120000e-06	6.627954e-06	1.549310e-09	3.564309e+01	3.985862e+02
4.130000e-06	6.604134e-06	1.526885e-09	3.551500e+01	3.980639e+02
4.140000e-06	6.579870e-06	1.651219e-09	3.538451e+01	3.975172e+02
4.150000e-06	6.555339e-06	1.587920e-09	3.525259e+01	3.969462e+02
4.160000e-06	6.530606e-06	1.503197e-09	3.511958e+01	3.963514e+02
4.170000e-06	6.505445e-06	1.603841e-09	3.498428e+01	3.957332e+02
4.180000e-06	6.479674e-06	1.616079e-09	3.484569e+01	3.950921e+02
4.190000e-06	6.453386e-06	1.524218e-09	3.470432e+01	3.944287e+02
4.200000e-06	6.426605e-06	1.569811e-09	3.456030e+01	3.937437e+02
4.210000e-06	6.399360e-06	1.610285e-09	3.441378e+01	3.930378e+02
4.220000e-06	6.371670e-06	1.535508e-09	3.426488e+01	3.923118e+02
4.230000e-06	6.343642e-06	1.541179e-09	3.411415e+01	3.915664e+02
4.240000e-06	6.315362e-06	1.592041e-09	3.396207e+01	3.908025e+02
4.250000e-06	6.286786e-06	1.549736e-09	3.380839e+01	3.900209e+02
4.260000e-06	6.257681e-06	1.532649e-09	3.365188e+01	3.892223e+02
4.270000e-06	6.227910e-06	1.574953e-09	3.349178e+01	3.884076e+02
4.280000e-06	6.197510e-06	1.560743e-09	3.332830e+01	3.875775e+02
4.290000e-06	6.166452e-06	1.532185e-09	3.316128e+01	3.867327e+02
4.300000e-06	6.134753e-06	1.548391e-09	3.299081e+01	3.858740e+02
4.310000e-06	6.102636e-06	1.550095e-09	3.281809e+01	3.850018e+02
4.320000e-06	6.070248e-06	1.535699e-09	3.264392e+01	3.841167e+02
4.330000e-06	6.037469e-06	1.540500e-09	3.246765e+01	3.832193e+02
4.340000e-06	6.004223e-06	1.540774e-09	3.228886e+01	3.823099e+02
4.350000e-06	5.970517e-06	1.529260e-09	3.210760e+01	3.813888e+02
4.360000e-06	5.936348e-06	1.524783e-09	3.192385e+01	3.804562e+02
4.370000e-06	5.901854e-06	1.524950e-09	3.173835e+01	3.795124e+02
4.380000e-06	5.866990e-06	1.524495e-09	3.155086e+01	3.785573e+02
4.390000e-06	5.831629e-06	1.520656e-09	3.136070e+01	3.775909e+02
4.400000e-06	5.795894e-06	1.514501e-09	3.116853e+01	3.766132e+02
4.410000e-06	5.759921e-06	1.515199e-09	3.097508e+01	3.756238e+02
4.420000e-06	5.723731e-06	1.516226e-09	3.078046e+01	3.746226e+02
4.430000e-06	5.687264e-06	1.509089e-09	3.058435e+01	3.736091e+02
4.440000e-06	5.650443e-06	1.503769e-09	3.038634e+01	3.725830e+02
4.450000e-06	5.613070e-06	1.503778e-09	3.018536e+01	3.715436e+02
4.460000e-06	5.575048e-06	1.501566e-09	2.998089e+01	3.704906e+02
4.470000e-06	5.536212e-06	1.497584e-09	2.977204e+01	3.694231e+02
4.480000e-06	5.496613e-06	1.494143e-09	2.955909e+01	3.683406e+02
4.490000e-06	5.456625e-06	1.488664e-09	2.934405e+01	3.672423e+02
4.500000e-06	5.416477e-06	1.482876e-09	2.912814e+01	3.661276e+02
4.510000e-06	5.376121e-06	1.480651e-09	2.891112e+01	3.649955e+02
4.520000e-06	5.335475e-06	1.479986e-09	2.869254e+01	3.638453e+02
4.530000e-06	5.294629e-06	1.476848e-09	2.847288e+01	3.626763e+02
4.540000e-06	5.253451e-06	1.472061e-09	2.825144e+01	3.614876e+02
4.550000e-06	5.211799e-06	1.467651e-09	2.802745e+01	3.602784e+02
4.560000e-06	5.169799e-06	1.463681e-09	2.780158e+01	3.590479e+02
4.570000e-06	5.127485e-06	1.459756e-09	2.757403e+01	3.577954e+02
4.580000e-06	5.084761e-06	1.454341e-09	2.734428e+01	3.565202e+02
4.590000e-06	5.041685e-06	1.448526e-09	2.711262e+01	3.552216e+02
4.600000e-06	4.998183e-06	1.446645e-09	2.687869e+01	3.538989e+02
4.610000e-06	4.954302e-06	1.444401e-09	2.664271e+01	3.525515e+02
4.620000e-06	4.910191e-06	1.436718e-09	2.640549e+01	3.511790e+02
4.630000e-06	4.865836e-06	1.428817e-09	2.616697e+01	3.497808e+02
4.640000e-06	4.821303e-06	1.423815e-09	2.592748e+01	3.483566e+02
4.650000e-06	4.776451e-06	1.419542e-09	2.568628e+01	3.469058e+02
4.660000e-06	4.731233e-06	1.415226e-09	2.544311e+01	3.454284e+02
4.670000e-06	4.685736e-06	1.410659e-09	2.519844e+01	3.439240e+02
4.680000e-06	4.639797e-06	1.404780e-09	2.495140e+01	3.423924e+02
4.690000e-06	4.593391e-06	1.398983e-09	2.470184e+01	3.408336e+02
4.700000e-06	4.546580e-06	1.394502e-09	2.445011e+01	3.392474e+02
4.710000e-06	4.499496e-06	1.389596e-09	2.419690e+01	3.376339e+02
4.720000e-06	4.452292e-06	1.382988e-09	2.394305e+01	3.359930e+02
4.730000e-06	4.404773e-06	1.376126e-09	2.368751e+01	3.343248e+02
4.740000e-06	4.356861e-06	1.371064e-09	2.342985e+01	3.326294e+02
4.750000e-06	4.308580e-06	1.366662e-09	2.317022e+01	3.309069e+02
4.760000e-06	4.259923e-06	1.360211e-09	2.290855e+01	3.291573e+02
4.770000e-06	4.210851e-06	1.352060e-09	2.264466e+01	3.273808e+02
4.780000e-06	4.161305e-06	1.343888e-09	2.237822e+01	3.255775e+02
4.790000e-06	4.111475e-06	1.337047e-09	2.211025e+01	3.237474e+02
4.800000e-06	4.061371e-06	1.331883e-09	2.184080e+01	3.218905e+02
4.810000e-06	4.010965e-06	1.326201e-09	2.156973e+01	3.200070e+02
4.820000e-06	3.960360e-06	1.318402e-09	2.129759e+01	3.180969e+02
4.830000e-06	3.909505e-06	1.309907e-09	2.102411e+01	3.161599e+02
4.840000e-06	3.858346e-06	1.301165e-09	2.074899e+01	3.141961e+02
4.850000e-06	3.806933e-06	1.292246e-09	2.047251e+01	3.122053e+02
4.860000e-06	3.755325e-06	1.284573e-09	2.019498e+01	3.101873e+02
4.870000e-06	3.703447e-06	1.277603e-09	1.991600e+01	3.081418e+02
4.880000e-06	3.651239e-06	1.270150e-09	1.963524e+01	3.060686e+02
4.890000e-06	3.598835e-06	1.263100e-09	1.935342e+01	3.039672e+02
4.900000e-06	3.546168e-06	1.256077e-09	1.907020e+01	3.018374e+02
4.910000e-06	3.493012e-06	1.246077e-09	1.878434e+01	2.996787e+02
4.920000e-06	3.439354e-06	1.234407e-09	1.849578e+01	2.974906e+02
4.930000e-06	3.385143e-06	1.224908e-09	1.820425e+01	2.952727e+02
4.940000e-06	3.330520e-06	1.216901e-09	1.791051e+01	2.930244e+02
4.950000e-06	3.275603e-06	1.208265e-09	1.761518e+01	2.907453e+02
4.960000e-06	3.220509e-06	1.199176e-09	1.731890e+01	2.884348e+02
4.970000e-06	3.165198e-06	1.190101e-09	1.702146e+01	2.860926e+02
4.980000e-06	3.109483e-06	1.180852e-09	1.672184e+01	2.837180e+02
4.990000e-06	3.053534e-06	1.171103e-09	1.642097e+01	2.813108e+02
5.000000e-06	2.997466e-06	1.161818e-09	1.611945e+01	2.788704e+02
5.010000e-06	2.941233e-06	1.152553e-09	1.581704e+01	2.763965e+02
5.020000e-06	2.884835e-06	1.141975e-09	1.551376e+01	2.738887e+02
5.030000e-06	2.828201e-06	1.130194e-09	1.520919e+01	2.713469e+02
5.040000e-06	2.771343e-06	1.118821e-09	1.490343e+01	2.687707e+02
5.050000e-06	2.714524e-06	1.108109e-09	1.459787e+01	2.661599e+02
5.060000e-06	2.657551e-06	1.097373e-09	1.429149e+01	2.635144e+02
5.070000e-06	2.600297e-06	1.087350e-09	1.398359e+01	2.608340e+02
5.080000e-06	2.542943e-06	1.076871e-09	1.367516e+01	2.581186e+02
5.090000e-06	2.485438e-06	1.065427e-09	1.336592e+01	2.553680e+02
5.100000e-06	2.427648e-06	1.054164e-09	1.305514e+01	2.525822e+02
5.110000e-06	2.369575e-06	1.042126e-09	1.274284e+01	2.497608e+02
5.120000e-06	2.311363e-06	1.028793e-09	1.242980e+01	2.469037e+02
5.130000e-06	2.253005e-06	1.016414e-09	1.211597e+01	2.440107e+02
5.140000e-06	2.194522e-06	1.004915e-09	1.180146e+01	2.410812e+02
5.150000e-06	2.135897e-06	9.927595e-10	1.148620e+01	2.381149e+02
5.160000e-06	2.077161e-06	9.803403e-10	1.117033e+01	2.351110e+02
5.170000e-06	2.018268e-06	9.676888e-10	1.085362e+01	2.320688e+02
5.180000e-06	1.959168e-06	9.537444e-10	1.053580e+01	2.289873e+02
5.190000e-06	1.899990e-06	9.401800e-10	1.021756e+01	2.258653e+02
5.200000e-06	1.840695e-06	9.278028e-10	9.898690e+00	2.227015e+02
5.210000e-06	1.781218e-06	9.141230e-10	9.578843e+00	2.194941e+02
5.220000e-06	1.721627e-06	9.006710e-10	9.258379e+00	2.162414e+02
5.230000e-06	1.661932e-06	8.888467e-10	8.937358e+00	2.129412e+02
5.240000e-06	1.602066e-06	8.750096e-10	8.615419e+00	2.095912e+02
5.250000e-06	1.542167e-06	8.592045e-10	8.293300e+00	2.061887e+02
5.260000e-06	1.482208e-06	8.444314e-10	7.970859e+00	2.027309e+02
5.270000e-06	1.422134e-06	8.297381e-10	7.647800e+00	1.992148e+02
5.280000e-06	1.361990e-06	8.144588e-10	7.324363e+00	1.956369e+02
5.290000e-06	1.301740e-06	7.997139e-10	7.000355e+00	1.919940e+02
5.300000e-06	1.241449e-06	7.843507e-10	6.676132e+00	1.882822e+02
5.310000e-06	1.181133e-06	7.673028e-10	6.351767e+00	1.844979e+02
5.320000e-06	1.120802e-06	7.500998e-10	6.027329e+00	1.806372e+02
5.330000e-06	1.060511e-06	7.338508e-10	5.703103e+00	1.766962e+02
5.340000e-06	1.000173e-06	7.189226e-10	5.378620e+00	1.726712e+02
5.350000e-06	9.397913e-07	7.043967e-10	5.053908e+00	1.685581e+02
5.360000e-06	8.793266e-07	6.879927e-10	4.728747e+00	1.643535e+02
5.370000e-06	8.187121e-07	6.684640e-10	4.402781e+00	1.600538e+02
5.380000e-06	7.580904e-07	6.471487e-10	4.076776e+00	1.556558e+02
5.390000e-06	6.974918e-07	6.262219e-10	3.750896e+00	1.511564e+02
5.400000e-06	6.368856e-07	6.071085e-10	3.424974e+00	1.465531e+02
5.410000e-06	5.762814e-07	5.887107e-10	3.099063e+00	1.418437e+02
5.420000e-06	5.155781e-07	5.693769e-10	2.772620e+00	1.370265e+02
5.430000e-06	4.547808e-07	5.497560e-10	2.445671e+00	1.321002e+02
5.440000e-06	3.939216e-07	5.299268e-10	2.118389e+00	1.270643e+02
5.450000e-06	3.329456e-07	5.086164e-10	1.790479e+00	1.219187e+02
5.460000e-06	2.719500e-07	4.853219e-10	1.462463e+00	1.166640e+02
5.470000e-06	2.110972e-07	4.617086e-10	1.135216e+00	1.113015e+02
5.480000e-06	1.502630e-07	4.388983e-10	8.080680e-01	1.058332e+02
5.490000e-06	8.932600e-08	4.158319e-10	4.803677e-01	1.002617e+02
5.500000e-06	2.847852e-08	3.917135e-10	1.531487e-01	9.459040e+01
5.510000e-06	-3.234817e-08	3.677700e-10	-1.739585e-01	8.882341e+01
5.520000e-06	-9.327520e-08	3.439316e-10	-5.016053e-01	8.296542e+01
5.530000e-06	-1.541128e-07	3.194524e-10	-8.287712e-01	7.702185e+01
5.540000e-06	-2.148092e-07	2.948458e-10	-1.155178e+00	7.099870e+01
5.550000e-06	-2.756243e-07	2.698849e-10	-1.482223e+00	6.490255e+01
5.560000e-06	-3.365049e-07	2.448494e-10	-1.809619e+00	5.874053e+01
5.570000e-06	-3.972229e-07	2.196556e-10	-2.136142e+00	5.252022e+01
5.580000e-06	-4.578986e-07	1.939655e-10	-2.462438e+00	4.624958e+01
5.590000e-06	-5.187275e-07	1.690974e-10	-2.789557e+00	3.993695e+01
5.600000e-06	-5.795191e-07	1.448549e-10	-3.116475e+00	3.359087e+01
5.610000e-06	-6.401253e-07	1.195261e-10	-3.442396e+00	2.722011e+01
5.620000e-06	-7.006409e-07	9.376854e-11	-3.767830e+00	2.083349e+01
5.630000e-06	-7.610601e-07	6.797693e-11	-4.092746e+00	1.443987e+01
5.640000e-06	-8.214552e-07	4.100299e-11	-4.417533e+00	8.048021e+00
5.650000e-06	-8.818989e-07	1.381194e-11	-4.742580e+00	1.666583e+00
5.660000e-06	-9.423403e-07	-1.288857e-11	-5.067615e+00	-4.696054e+00
5.670000e-06	-1.002739e-06	-3.875214e-11	-5.392421e+00	-1.103180e+01
5.680000e-06	-1.063083e-06	-6.338085e-11	-5.716931e+00	-1.733294e+01
5.690000e-06	-1.123412e-06	-8.827570e-11	-6.041365e+00	-2.359221e+01
5.700000e-06	-1.183749e-06	-1.142442e-10	-6.365838e+00	-2.980284e+01
5.710000e-06	-1.243999e-06	-1.406516e-10	-6.689843e+00	-3.595861e+01
5.720000e-06	-1.304163e-06	-1.667766e-10	-7.013386e+00	-4.205389e+01
5.730000e-06	-1.364204e-06	-1.915630e-10	-7.336268e+00	-4.808369e+01
5.740000e-06	-1.424134e-06	-2.149075e-10	-7.658552e+00	-5.404366e+01
5.750000e-06	-1.484061e-06	-2.383788e-10	-7.980825e+00	-5.993011e+01
5.760000e-06	-1.543996e-06	-2.626707e-10	-8.303135e+00	-6.574004e+01
5.770000e-06	-1.603914e-06	-2.869108e-10	-8.625354e+00	-7.147109e+01
5.780000e-06	-1.663655e-06	-3.105114e-10	-8.946623e+00	-7.712158e+01
5.790000e-06	-1.723132e-06	-3.343635e-10	-9.266471e+00	-8.269044e+01
5.800000e-06	-1.782437e-06	-3.586407e-10	-9.585397e+00	-8.817722e+01
5.810000e-06	-1.841722e-06	-3.816193e-10	-9.904212e+00	-9.358202e+01
5.820000e-06	-1.900997e-06	-4.027517e-10	-1.022297e+01	-9.890547e+01
5.830000e-06	-1.960093e-06	-4.229225e-10	-1.054077e+01	-1.041487e+02
5.840000e-06	-2.018997e-06	-4.432743e-10	-1.085754e+01	-1.093131e+02
5.850000e-06	-2.077710e-06	-4.651107e-10	-1.117328e+01	-1.144007e+02
5.860000e-06	-2.136286e-06	-4.883396e-10	-1.148828e+01	-1.194137e+02
5.870000e-06	-2.194761e-06	-5.117343e-10	-1.180275e+01	-1.243543e+02
5.880000e-06	-2.253034e-06	-5.343569e-10	-1.211612e+01	-1.292253e+02
5.890000e-06	-2.311051e-06	-5.558445e-10	-1.242812e+01	-1.340292e+02
5.900000e-06	-2.368942e-06	-5.763923e-10	-1.273944e+01	-1.387690e+02
5.910000e-06	-2.426693e-06	-5.958617e-10	-1.305000e+01	-1.434472e+02
5.920000e-06	-2.484256e-06	-6.137508e-10	-1.335956e+01	-1.480667e+02
5.930000e-06	-2.541603e-06	-6.318954e-10	-1.366796e+01	-1.526300e+02
5.940000e-06	-2.598659e-06	-6.519153e-10	-1.397479e+01	-1.571395e+02
5.950000e-06	-2.655492e-06	-6.725201e-10	-1.428042e+01	-1.615976e+02
5.960000e-06	-2.712237e-06	-6.920290e-10	-1.458557e+01	-1.660062e+02
5.970000e-06	-2.768963e-06	-7.108254e-10	-1.489063e+01	-1.703672e+02
5.980000e-06	-2.825473e-06	-7.292582e-10	-1.519452e+01	-1.746820e+02
5.990000e-06	-2.881767e-06	-7.474786e-10	-1.549726e+01	-1.789521e+02
6.000000e-06	-2.938031e-06	-7.658073e-10	-1.579982e+01	-1.831782e+02
6.010000e-06	-2.994156e-06	-7.832290e-10	-1.610165e+01	-1.873612e+02
6.020000e-06	-3.050033e-06	-7.999769e-10	-1.640214e+01	-1.915015e+02
6.030000e-06	-3.105670e-06	-8.168025e-10	-1.670134e+01	-1.955992e+02
6.040000e-06	-3.161137e-06	-8.338596e-10	-1.699962e+01	-1.996542e+02
6.050000e-06	-3.216401e-06	-8.510178e-10	-1.729681e+01	-2.036662e+02
6.060000e-06	-3.271322e-06	-8.670088e-10	-1.759216e+01	-2.076348e+02
6.070000e-06	-3.325806e-06	-8.823499e-10	-1.788516e+01	-2.115591e+02
6.080000e-06	-3.379850e-06	-8.986330e-10	-1.817579e+01	-2.154385e+02
6.090000e-06	-3.433623e-06	-9.145122e-10	-1.846496e+01	-2.192718e+02
6.100000e-06	-3.487145e-06	-9.296566e-10	-1.875279e+01	-2.230582e+02
6.110000e-06	-3.540312e-06	-9.455672e-10	-1.903870e+01	-2.267964e+02
6.120000e-06	-3.593111e-06	-9.612860e-10	-1.932264e+01	-2.304854e+02
6.130000e-06	-3.645600e-06	-9.763794e-10	-1.960491e+01	-2.341241e+02
6.140000e-06	-3.697831e-06	-9.919896e-10	-1.988580e+01	-2.377112e+02
6.150000e-06	-3.749726e-06	-1.007186e-09	-2.016487e+01	-2.412460e+02
6.160000e-06	-3.801286e-06	-1.021827e-09	-2.044214e+01	-2.447272e+02
6.170000e-06	-3.852641e-06	-1.037072e-09	-2.071832e+01	-2.481542e+02
6.180000e-06	-3.903685e-06	-1.052946e-09	-2.099281e+01	-2.515262e+02
6.190000e-06	-3.954405e-06	-1.067698e-09	-2.126557e+01	-2.548424e+02
6.200000e-06	-4.004947e-06	-1.080198e-09	-2.153737e+01	-2.581025e+02
6.210000e-06	-4.055226e-06	-1.092682e-09	-2.180775e+01	-2.613060e+02
6.220000e-06	-4.105046e-06	-1.106989e-09	-2.207567e+01	-2.644527e+02
6.230000e-06	-4.154377e-06	-1.121820e-09	-2.234096e+01	-2.675426e+02
6.240000e-06	-4.203295e-06	-1.135252e-09	-2.260402e+01	-2.705756e+02
6.250000e-06	-4.251846e-06	-1.147636e-09	-2.286512e+01	-2.735519e+02
6.260000e-06	-4.299983e-06	-1.160327e-09	-2.312398e+01	-2.764718e+02
6.270000e-06	-4.347711e-06	-1.172733e-09	-2.338065e+01	-2.793356e+02
6.280000e-06	-4.395087e-06	-1.183558e-09	-2.363542e+01	-2.821438e+02
6.290000e-06	-4.442066e-06	-1.193077e-09	-2.388806e+01	-2.848971e+02
6.300000e-06	-4.488751e-06	-1.203165e-09	-2.413912e+01	-2.875958e+02
6.310000e-06	-4.535284e-06	-1.214699e-09	-2.438936e+01	-2.902409e+02
6.320000e-06	-4.581590e-06	-1.227445e-09	-2.463838e+01	-2.928329e+02
6.330000e-06	-4.627591e-06	-1.240139e-09	-2.488576e+01	-2.953727e+02
6.340000e-06	-4.673299e-06	-1.250325e-09	-2.513156e+01	-2.978609e+02
6.350000e-06	-4.718600e-06	-1.258358e-09	-2.537518e+01	-3.002984e+02
6.360000e-06	-4.763454e-06	-1.267155e-09	-2.561639e+01	-3.026860e+02
6.370000e-06	-4.808029e-06	-1.277497e-09	-2.585610e+01	-3.050245e+02
6.380000e-06	-4.852492e-06	-1.287177e-09	-2.609521e+01	-3.073147e+02
6.390000e-06	-4.896700e-06	-1.295473e-09	-2.633294e+01	-3.095573e+02
6.400000e-06	-4.940603e-06	-1.303684e-09	-2.656904e+01	-3.117533e+02
6.410000e-06	-4.984268e-06	-1.311533e-09	-2.680385e+01	-3.139033e+02
6.420000e-06	-5.027617e-06	-1.318844e-09	-2.703697e+01	-3.160083e+02
6.430000e-06	-5.070575e-06	-1.327137e-09	-2.726799e+01	-3.180690e+02
6.440000e-06	-5.113203e-06	-1.336573e-09	-2.749723e+01	-3.200862e+02
6.450000e-06	-5.155528e-06	-1.345147e-09	-2.772484e+01	-3.220609e+02
6.460000e-06	-5.197419e-06	-1.353133e-09	-2.795012e+01	-3.239938e+02
6.470000e-06	-5.239029e-06	-1.361460e-09	-2.817388e+01	-3.258859e+02
6.480000e-06	-5.280416e-06	-1.368629e-09	-2.839645e+01	-3.277382e+02
6.490000e-06	-5.321446e-06	-1.374679e-09	-2.861709e+01	-3.295517e+02
6.500000e-06	-5.362059e-06	-1.381535e-09	-2.883550e+01	-3.313274e+02
6.510000e-06	-5.402280e-06	-1.389443e-09	-2.905179e+01	-3.330663e+02
6.520000e-06	-5.442226e-06	-1.397601e-09	-2.926661e+01	-3.347698e+02
6.530000e-06	-5.481859e-06	-1.405423e-09	-2.947974e+01	-3.364389e+02
6.540000e-06	-5.520959e-06	-1.413059e-09	-2.969001e+01	-3.380749e+02
6.550000e-06	-5.559526e-06	-1.419620e-09	-2.989741e+01	-3.396791e+02
6.560000e-06	-5.597441e-06	-1.424474e-09	-3.010131e+01	-3.412530e+02
6.570000e-06	-5.634641e-06	-1.429233e-09	-3.030136e+01	-3.427977e+02
6.580000e-06	-5.671381e-06	-1.435143e-09	-3.049894e+01	-3.443149e+02
6.590000e-06	-5.707763e-06	-1.441637e-09	-3.069459e+01	-3.458058e+02
6.600000e-06	-5.743835e-06	-1.447490e-09	-3.088857e+01	-3.472720e+02
6.610000e-06	-5.779555e-06	-1.453857e-09	-3.108066e+01	-3.487148e+02
6.620000e-06	-5.814922e-06	-1.459700e-09	-3.127086e+01	-3.501356e+02
6.630000e-06	-5.850055e-06	-1.463990e-09	-3.145979e+01	-3.515358e+02
6.640000e-06	-5.884831e-06	-1.467857e-09	-3.164681e+01	-3.529166e+02
6.650000e-06	-5.919099e-06	-1.472113e-09	-3.183109e+01	-3.542794e+02
6.660000e-06	-5.952994e-06	-1.477943e-09	-3.201336e+01	-3.556251e+02
6.670000e-06	-5.986488e-06	-1.484271e-09	-3.219348e+01	-3.569550e+02
6.680000e-06	-6.019299e-06	-1.489221e-09	-3.236994e+01	-3.582699e+02
6.690000e-06	-6.051748e-06	-1.492682e-09	-3.254443e+01	-3.595706e+02
6.700000e-06	-6.084062e-06	-1.495409e-09	-3.271821e+01	-3.608578e+02
6.710000e-06	-6.116061e-06	-1.498876e-09	-3.289029e+01	-3.621321e+02
6.720000e-06	-6.147739e-06	-1.503119e-09	-3.306065e+01	-3.633939e+02
6.730000e-06	-6.178872e-06	-1.507063e-09	-3.322807e+01	-3.646435e+02
6.740000e-06	-6.209236e-06	-1.511376e-09	-3.339136e+01	-3.658809e+02
6.750000e-06	-6.238976e-06	-1.515544e-09	-3.355129e+01	-3.671062e+02
6.760000e-06	-6.268185e-06	-1.518809e-09	-3.370836e+01	-3.683191e+02
6.770000e-06	-6.296877e-06	-1.521285e-09	-3.386266e+01	-3.695195e+02
6.780000e-06	-6.325211e-06	-1.522290e-09	-3.401503e+01	-3.707070e+02
6.790000e-06	-6.353162e-06	-1.524469e-09	-3.416535e+01	-3.718809e+02
6.800000e-06	-6.380719e-06	-1.529860e-09	-3.431354e+01	-3.730408e+02
6.810000e-06	-6.407965e-06	-1.535918e-09	-3.446006e+01	-3.741860e+02
6.820000e-06	-6.434604e-06	-1.540494e-09	-3.460331e+01	-3.753156e+02
6.830000e-06	-6.460674e-06	-1.543263e-09	-3.474351e+01	-3.764291e+02
6.840000e-06	-6.486410e-06	-1.546049e-09	-3.488191e+01	-3.775254e+02
6.850000e-06	-6.511825e-06	-1.549003e-09	-3.501858e+01	-3.786039e+02
6.860000e-06	-6.536893e-06	-1.551459e-09	-3.515340e+01	-3.796637e+02
6.870000e-06	-6.561401e-06	-1.554797e-09	-3.528519e+01	-3.807040e+02
6.880000e-06	-6.585442e-06	-1.558822e-09	-3.541448e+01	-3.817242e+02
6.890000e-06	-6.609171e-06	-1.562738e-09	-3.554208e+01	-3.827235e+02
6.900000e-06	-6.632454e-06	-1.567017e-09	-3.566729e+01	-3.837012e+02
6.910000e-06	-6.655079e-06	-1.571482e-09	-3.578896e+01	-3.846569e+02
6.920000e-06	-6.677041e-06	-1.575452e-09	-3.590706e+01	-3.855901e+02
6.930000e-06	-6.698346e-06	-1.579124e-09	-3.602164e+01	-3.865004e+02
6.940000e-06	-6.718965e-06	-1.582100e-09	-3.613252e+01	-3.873876e+02
6.950000e-06	-6.739152e-06	-1.584417e-09	-3.624108e+01	-3.882514e+02
6.960000e-06	-6.759100e-06	-1.586595e-09	-3.634835e+01	-3.890919e+02
6.970000e-06	-6.778692e-06	-1.588685e-09	-3.645371e+01	-3.899089e+02
6.980000e-06	-6.797796e-06	-1.592180e-09	-3.655645e+01	-3.907026e+02
6.990000e-06	-6.816402e-06	-1.596746e-09	-3.665651e+01	-3.914732e+02
7.000000e-06	-6.834577e-06	-1.599334e-09	-3.675424e+01	-3.922209e+02
7.010000e-06	-6.852318e-06	-1.600041e-09	-3.684965e+01	-3.929461e+02
7.020000e-06	-6.869576e-06	-1.601671e-09	-3.694246e+01	-3.936490e+02
7.030000e-06	-6.886423e-06	-1.603817e-09	-3.703306e+01	-3.943301e+02
7.040000e-06	-6.902855e-06	-1.604575e-09	-3.712142e+01	-3.949897e+02
7.050000e-06	-6.918868e-06	-1.604357e-09	-3.720754e+01	-3.956283e+02
7.060000e-06	-6.934508e-06	-1.604555e-09	-3.729165e+01	-3.962463e+02
7.070000e-06	-6.949559e-06	-1.605255e-09	-3.737259e+01	-3.968440e+02
7.080000e-06	-6.963760e-06	-1.606620e-09	-3.744895e+01	-3.974219e+02
7.090000e-06	-6.977129e-06	-1.609327e-09	-3.752085e+01	-3.979804e+02
7.100000e-06	-6.989778e-06	-1.612514e-09	-3.758887e+01	-3.985195e+02
7.110000e-06	-7.001903e-06	-1.614619e-09	-3.765407e+01	-3.990397e+02
7.120000e-06	-7.013648e-06	-1.615521e-09	-3.771724e+01	-3.995411e+02
7.130000e-06	-7.024845e-06	-1.615361e-09	-3.777745e+01	-4.000238e+02
7.140000e-06	-7.035414e-06	-1.614267e-09	-3.783428e+01	-4.004878e+02
7.150000e-06	-7.045531e-06	-1.614250e-09	-3.788869e+01	-4.009333e+02
7.160000e-06	-7.055205e-06	-1.615727e-09	-3.794072e+01	-4.013601e+02
7.170000e-06	-7.064505e-06	-1.617275e-09	-3.799073e+01	-4.017681e+02
7.180000e-06	-7.073392e-06	-1.617761e-09	-3.803852e+01	-4.021572e+02
7.190000e-06	-7.081778e-06	-1.617196e-09	-3.808362e+01	-4.025272e+02
7.200000e-06	-7.089755e-06	-1.616964e-09	-3.812651e+01	-4.028780e+02
7.210000e-06	-7.097277e-06	-1.617494e-09	-3.816697e+01	-4.032093e+02
7.220000e-06	-7.104313e-06	-1.617291e-09	-3.820480e+01	-4.035210e+02
7.230000e-06	-7.110649e-06	-1.616063e-09	-3.823888e+01	-4.038128e+02
7.240000e-06	-7.116092e-06	-1.615383e-09	-3.826815e+01	-4.040847e+02
7.250000e-06	-7.120816e-06	-1.616520e-09	-3.829355e+01	-4.043364e+02
7.260000e-06	-7.125124e-06	-1.617293e-09	-3.831672e+01	-4.045679e+02
7.270000e-06	-7.129209e-06	-1.616606e-09	-3.833869e+01	-4.047793e+02
7.280000e-06	-7.133007e-06	-1.617000e-09	-3.835911e+01	-4.049706e+02
7.290000e-06	-7.136272e-06	-1.618530e-09	-3.837667e+01	-4.051419e+02
7.300000e-06	-7.138938e-06	-1.618676e-09	-3.839100e+01	-4.052936e+02
7.310000e-06	-7.141120e-06	-1.616563e-09	-3.840274e+01	-4.054258e+02
7.320000e-06	-7.142871e-06	-1.614891e-09	-3.841215e+01	-4.055390e+02
7.330000e-06	-7.144054e-06	-1.614839e-09	-3.841852e+01	-4.056338e+02
7.340000e-06	-7.144652e-06	-1.615188e-09	-3.842174e+01	-4.057108e+02
