# Temperatura_=_16.1
# Concentracion g/m^3_=_7400.0
# C_Vs_to_Am_M_A/Vsm_=_254322799225.57578
# pendiente_HvsI_1/m_=_3716.3
# ordenada_HvsI_A/m_=_1297.0
# frecuencia_Hz_=_136110.2035929606

Tiempo_(s)	Campo_(V.s)	Magnetizacion_(V.s)	Campo_(kA/m)	Magnetizacion_(A/m)
0.000000e+00	-7.133899e-06	-1.605826e-09	-3.842585e+01	-4.021923e+02
1.000000e-08	-7.134093e-06	-1.605335e-09	-3.842689e+01	-4.021559e+02
2.000000e-08	-7.133881e-06	-1.604205e-09	-3.842575e+01	-4.021029e+02
3.000000e-08	-7.132983e-06	-1.603091e-09	-3.842091e+01	-4.020343e+02
4.000000e-08	-7.131295e-06	-1.602330e-09	-3.841182e+01	-4.019514e+02
5.000000e-08	-7.128844e-06	-1.601239e-09	-3.839862e+01	-4.018552e+02
6.000000e-08	-7.125842e-06	-1.600008e-09	-3.838244e+01	-4.017470e+02
7.000000e-08	-7.122405e-06	-1.605311e-09	-3.836393e+01	-4.016277e+02
8.000000e-08	-7.118623e-06	-1.607784e-09	-3.834356e+01	-4.014984e+02
9.000000e-08	-7.114213e-06	-1.577184e-09	-3.831981e+01	-4.013601e+02
1.000000e-07	-7.108807e-06	-1.542034e-09	-3.829069e+01	-4.012135e+02
1.100000e-07	-7.102877e-06	-1.590291e-09	-3.825875e+01	-4.010596e+02
1.200000e-07	-7.096987e-06	-1.646736e-09	-3.822702e+01	-4.008991e+02
1.300000e-07	-7.090926e-06	-1.598523e-09	-3.819438e+01	-4.007324e+02
1.400000e-07	-7.084215e-06	-1.529326e-09	-3.815823e+01	-4.005603e+02
1.500000e-07	-7.076822e-06	-1.583741e-09	-3.811840e+01	-4.003830e+02
1.600000e-07	-7.069136e-06	-1.659059e-09	-3.807701e+01	-4.002009e+02
1.700000e-07	-7.061078e-06	-1.570338e-09	-3.803361e+01	-4.000141e+02
1.800000e-07	-7.052186e-06	-1.486348e-09	-3.798571e+01	-3.998228e+02
1.900000e-07	-7.042480e-06	-1.583380e-09	-3.793343e+01	-3.996269e+02
2.000000e-07	-7.032394e-06	-1.671274e-09	-3.787910e+01	-3.994264e+02
2.100000e-07	-7.021815e-06	-1.572060e-09	-3.782212e+01	-3.992209e+02
2.200000e-07	-7.010481e-06	-1.499658e-09	-3.776107e+01	-3.990101e+02
2.300000e-07	-6.998571e-06	-1.582170e-09	-3.769692e+01	-3.987938e+02
2.400000e-07	-6.986211e-06	-1.612822e-09	-3.763034e+01	-3.985713e+02
2.500000e-07	-6.973276e-06	-1.528586e-09	-3.756067e+01	-3.983421e+02
2.600000e-07	-6.959656e-06	-1.531515e-09	-3.748731e+01	-3.981056e+02
2.700000e-07	-6.945624e-06	-1.602052e-09	-3.741172e+01	-3.978611e+02
2.800000e-07	-6.930829e-06	-1.568375e-09	-3.733203e+01	-3.976079e+02
2.900000e-07	-6.915170e-06	-1.525610e-09	-3.724769e+01	-3.973454e+02
3.000000e-07	-6.898830e-06	-1.571831e-09	-3.715968e+01	-3.970726e+02
3.100000e-07	-6.881985e-06	-1.568013e-09	-3.706894e+01	-3.967888e+02
3.200000e-07	-6.864885e-06	-1.498940e-09	-3.697684e+01	-3.964934e+02
3.300000e-07	-6.847420e-06	-1.541241e-09	-3.688276e+01	-3.961854e+02
3.400000e-07	-6.829491e-06	-1.609570e-09	-3.678619e+01	-3.958642e+02
3.500000e-07	-6.811115e-06	-1.541807e-09	-3.668721e+01	-3.955290e+02
3.600000e-07	-6.792216e-06	-1.488712e-09	-3.658541e+01	-3.951791e+02
3.700000e-07	-6.772788e-06	-1.555955e-09	-3.648076e+01	-3.948140e+02
3.800000e-07	-6.753052e-06	-1.565849e-09	-3.637446e+01	-3.944329e+02
3.900000e-07	-6.733009e-06	-1.498819e-09	-3.626650e+01	-3.940354e+02
4.000000e-07	-6.712528e-06	-1.513061e-09	-3.615618e+01	-3.936211e+02
4.100000e-07	-6.691504e-06	-1.554561e-09	-3.604294e+01	-3.931894e+02
4.200000e-07	-6.669941e-06	-1.521025e-09	-3.592679e+01	-3.927400e+02
4.300000e-07	-6.647984e-06	-1.507997e-09	-3.580852e+01	-3.922726e+02
4.400000e-07	-6.625702e-06	-1.533808e-09	-3.568851e+01	-3.917870e+02
4.500000e-07	-6.602952e-06	-1.511135e-09	-3.556597e+01	-3.912831e+02
4.600000e-07	-6.579716e-06	-1.490305e-09	-3.544081e+01	-3.907607e+02
4.700000e-07	-6.556148e-06	-1.521071e-09	-3.531386e+01	-3.902197e+02
4.800000e-07	-6.532257e-06	-1.523348e-09	-3.518518e+01	-3.896603e+02
4.900000e-07	-6.507917e-06	-1.492273e-09	-3.505407e+01	-3.890825e+02
5.000000e-07	-6.482962e-06	-1.493128e-09	-3.491965e+01	-3.884863e+02
5.100000e-07	-6.457112e-06	-1.502935e-09	-3.478042e+01	-3.878719e+02
5.200000e-07	-6.430445e-06	-1.492622e-09	-3.463678e+01	-3.872396e+02
5.300000e-07	-6.403209e-06	-1.489226e-09	-3.449007e+01	-3.865895e+02
5.400000e-07	-6.375589e-06	-1.490871e-09	-3.434130e+01	-3.859218e+02
5.500000e-07	-6.347695e-06	-1.485684e-09	-3.419106e+01	-3.852369e+02
5.600000e-07	-6.319353e-06	-1.485342e-09	-3.403840e+01	-3.845350e+02
5.700000e-07	-6.290528e-06	-1.480832e-09	-3.388313e+01	-3.838163e+02
5.800000e-07	-6.261390e-06	-1.471973e-09	-3.372618e+01	-3.830811e+02
5.900000e-07	-6.231886e-06	-1.472788e-09	-3.356726e+01	-3.823297e+02
6.000000e-07	-6.201978e-06	-1.469732e-09	-3.340617e+01	-3.815623e+02
6.100000e-07	-6.171633e-06	-1.463077e-09	-3.324272e+01	-3.807792e+02
6.200000e-07	-6.140806e-06	-1.469165e-09	-3.307668e+01	-3.799805e+02
6.300000e-07	-6.109627e-06	-1.465286e-09	-3.290873e+01	-3.791664e+02
6.400000e-07	-6.078201e-06	-1.448484e-09	-3.273946e+01	-3.783370e+02
6.500000e-07	-6.046415e-06	-1.447791e-09	-3.256825e+01	-3.774924e+02
6.600000e-07	-6.014224e-06	-1.451002e-09	-3.239486e+01	-3.766328e+02
6.700000e-07	-5.981594e-06	-1.440215e-09	-3.221910e+01	-3.757580e+02
6.800000e-07	-5.948359e-06	-1.437944e-09	-3.204009e+01	-3.748681e+02
6.900000e-07	-5.914400e-06	-1.439544e-09	-3.185717e+01	-3.739631e+02
7.000000e-07	-5.879749e-06	-1.427258e-09	-3.167053e+01	-3.730427e+02
7.100000e-07	-5.844600e-06	-1.419567e-09	-3.148120e+01	-3.721069e+02
7.200000e-07	-5.809027e-06	-1.422024e-09	-3.128959e+01	-3.711555e+02
7.300000e-07	-5.773229e-06	-1.414277e-09	-3.109677e+01	-3.701882e+02
7.400000e-07	-5.737243e-06	-1.405063e-09	-3.090293e+01	-3.692048e+02
7.500000e-07	-5.700851e-06	-1.406628e-09	-3.070691e+01	-3.682050e+02
7.600000e-07	-5.664025e-06	-1.405896e-09	-3.050855e+01	-3.671883e+02
7.700000e-07	-5.626796e-06	-1.398225e-09	-3.030803e+01	-3.661546e+02
7.800000e-07	-5.589054e-06	-1.391253e-09	-3.010473e+01	-3.651034e+02
7.900000e-07	-5.550936e-06	-1.384173e-09	-2.989941e+01	-3.640343e+02
8.000000e-07	-5.512427e-06	-1.378331e-09	-2.969199e+01	-3.629469e+02
8.100000e-07	-5.473450e-06	-1.376472e-09	-2.948204e+01	-3.618407e+02
8.200000e-07	-5.434208e-06	-1.373382e-09	-2.927068e+01	-3.607154e+02
8.300000e-07	-5.394767e-06	-1.366945e-09	-2.905823e+01	-3.595705e+02
8.400000e-07	-5.355017e-06	-1.360117e-09	-2.884412e+01	-3.584055e+02
8.500000e-07	-5.314890e-06	-1.354774e-09	-2.862798e+01	-3.572202e+02
8.600000e-07	-5.274459e-06	-1.349059e-09	-2.841021e+01	-3.560140e+02
8.700000e-07	-5.233593e-06	-1.341826e-09	-2.819009e+01	-3.547865e+02
8.800000e-07	-5.192052e-06	-1.333689e-09	-2.796633e+01	-3.535375e+02
8.900000e-07	-5.149911e-06	-1.328129e-09	-2.773935e+01	-3.522666e+02
9.000000e-07	-5.107244e-06	-1.324164e-09	-2.750952e+01	-3.509733e+02
9.100000e-07	-5.064120e-06	-1.318993e-09	-2.727724e+01	-3.496575e+02
9.200000e-07	-5.020690e-06	-1.311741e-09	-2.704331e+01	-3.483189e+02
9.300000e-07	-4.977073e-06	-1.303590e-09	-2.680838e+01	-3.469572e+02
9.400000e-07	-4.933185e-06	-1.296237e-09	-2.657198e+01	-3.455723e+02
9.500000e-07	-4.888879e-06	-1.290182e-09	-2.633333e+01	-3.441639e+02
9.600000e-07	-4.844231e-06	-1.283689e-09	-2.609284e+01	-3.427318e+02
9.700000e-07	-4.799189e-06	-1.276248e-09	-2.585023e+01	-3.412760e+02
9.800000e-07	-4.753578e-06	-1.268487e-09	-2.560455e+01	-3.397964e+02
9.900000e-07	-4.707738e-06	-1.262092e-09	-2.535764e+01	-3.382928e+02
1.000000e-06	-4.661811e-06	-1.256245e-09	-2.511025e+01	-3.367652e+02
1.010000e-06	-4.615454e-06	-1.249664e-09	-2.486056e+01	-3.352135e+02
1.020000e-06	-4.568845e-06	-1.241898e-09	-2.460951e+01	-3.336377e+02
1.030000e-06	-4.521966e-06	-1.233996e-09	-2.435700e+01	-3.320377e+02
1.040000e-06	-4.474728e-06	-1.227792e-09	-2.410256e+01	-3.304135e+02
1.050000e-06	-4.427312e-06	-1.222079e-09	-2.384716e+01	-3.287650e+02
1.060000e-06	-4.379671e-06	-1.214678e-09	-2.359054e+01	-3.270921e+02
1.070000e-06	-4.331702e-06	-1.206552e-09	-2.333217e+01	-3.253947e+02
1.080000e-06	-4.283455e-06	-1.199414e-09	-2.307229e+01	-3.236727e+02
1.090000e-06	-4.234829e-06	-1.192965e-09	-2.281037e+01	-3.219260e+02
1.100000e-06	-4.185608e-06	-1.186467e-09	-2.254525e+01	-3.201544e+02
1.110000e-06	-4.135966e-06	-1.179730e-09	-2.227786e+01	-3.183577e+02
1.120000e-06	-4.086012e-06	-1.172356e-09	-2.200879e+01	-3.165357e+02
1.130000e-06	-4.035680e-06	-1.164317e-09	-2.173768e+01	-3.146880e+02
1.140000e-06	-3.984962e-06	-1.156757e-09	-2.146449e+01	-3.128144e+02
1.150000e-06	-3.933845e-06	-1.148693e-09	-2.118916e+01	-3.109145e+02
1.160000e-06	-3.882499e-06	-1.140382e-09	-2.091259e+01	-3.089878e+02
1.170000e-06	-3.830838e-06	-1.131644e-09	-2.063432e+01	-3.070341e+02
1.180000e-06	-3.778793e-06	-1.122921e-09	-2.035399e+01	-3.050527e+02
1.190000e-06	-3.726419e-06	-1.115709e-09	-2.007189e+01	-3.030432e+02
1.200000e-06	-3.673752e-06	-1.109192e-09	-1.978820e+01	-3.010051e+02
1.210000e-06	-3.620864e-06	-1.102544e-09	-1.950333e+01	-2.989378e+02
1.220000e-06	-3.567727e-06	-1.095181e-09	-1.921711e+01	-2.968407e+02
1.230000e-06	-3.514323e-06	-1.086281e-09	-1.892945e+01	-2.947133e+02
1.240000e-06	-3.460705e-06	-1.076135e-09	-1.864065e+01	-2.925551e+02
1.250000e-06	-3.406873e-06	-1.065841e-09	-1.835069e+01	-2.903654e+02
1.260000e-06	-3.352801e-06	-1.056441e-09	-1.805944e+01	-2.881438e+02
1.270000e-06	-3.298470e-06	-1.047569e-09	-1.776679e+01	-2.858896e+02
1.280000e-06	-3.243828e-06	-1.040773e-09	-1.747247e+01	-2.836024e+02
1.290000e-06	-3.188980e-06	-1.035442e-09	-1.717704e+01	-2.812817e+02
1.300000e-06	-3.133877e-06	-1.028007e-09	-1.688023e+01	-2.789270e+02
1.310000e-06	-3.078429e-06	-1.018207e-09	-1.658157e+01	-2.765381e+02
1.320000e-06	-3.022817e-06	-1.007120e-09	-1.628202e+01	-2.741146e+02
1.330000e-06	-2.967207e-06	-9.950441e-10	-1.598248e+01	-2.716562e+02
1.340000e-06	-2.911568e-06	-9.842962e-10	-1.568279e+01	-2.691626e+02
1.350000e-06	-2.855760e-06	-9.755665e-10	-1.538219e+01	-2.666336e+02
1.360000e-06	-2.799707e-06	-9.667276e-10	-1.508027e+01	-2.640693e+02
1.370000e-06	-2.743567e-06	-9.574599e-10	-1.477787e+01	-2.614693e+02
1.380000e-06	-2.687292e-06	-9.484823e-10	-1.447476e+01	-2.588338e+02
1.390000e-06	-2.630724e-06	-9.399648e-10	-1.417006e+01	-2.561627e+02
1.400000e-06	-2.573900e-06	-9.298742e-10	-1.386399e+01	-2.534559e+02
1.410000e-06	-2.516873e-06	-9.177714e-10	-1.355682e+01	-2.507135e+02
1.420000e-06	-2.459657e-06	-9.060430e-10	-1.324863e+01	-2.479354e+02
1.430000e-06	-2.402221e-06	-8.956808e-10	-1.293926e+01	-2.451218e+02
1.440000e-06	-2.344446e-06	-8.857109e-10	-1.262806e+01	-2.422724e+02
1.450000e-06	-2.286302e-06	-8.754447e-10	-1.231488e+01	-2.393871e+02
1.460000e-06	-2.227786e-06	-8.640761e-10	-1.199969e+01	-2.364659e+02
1.470000e-06	-2.169010e-06	-8.524867e-10	-1.168310e+01	-2.335084e+02
1.480000e-06	-2.110088e-06	-8.430106e-10	-1.136572e+01	-2.305142e+02
1.490000e-06	-2.050899e-06	-8.333528e-10	-1.104691e+01	-2.274828e+02
1.500000e-06	-1.991548e-06	-8.205594e-10	-1.072722e+01	-2.244137e+02
1.510000e-06	-1.932187e-06	-8.065329e-10	-1.040748e+01	-2.213059e+02
1.520000e-06	-1.872860e-06	-7.937485e-10	-1.008792e+01	-2.181585e+02
1.530000e-06	-1.813462e-06	-7.815090e-10	-9.767983e+00	-2.149704e+02
1.540000e-06	-1.753847e-06	-7.680720e-10	-9.446874e+00	-2.117402e+02
1.550000e-06	-1.694125e-06	-7.546639e-10	-9.125192e+00	-2.084665e+02
1.560000e-06	-1.634462e-06	-7.422388e-10	-8.803821e+00	-2.051473e+02
1.570000e-06	-1.574710e-06	-7.297766e-10	-8.481974e+00	-2.017809e+02
1.580000e-06	-1.514858e-06	-7.172376e-10	-8.159591e+00	-1.983650e+02
1.590000e-06	-1.454998e-06	-7.043703e-10	-7.837162e+00	-1.948974e+02
1.600000e-06	-1.395073e-06	-6.908234e-10	-7.514384e+00	-1.913755e+02
1.610000e-06	-1.334983e-06	-6.777288e-10	-7.190718e+00	-1.877968e+02
1.620000e-06	-1.274651e-06	-6.649512e-10	-6.865744e+00	-1.841583e+02
1.630000e-06	-1.214281e-06	-6.513654e-10	-6.540570e+00	-1.804572e+02
1.640000e-06	-1.153851e-06	-6.364116e-10	-6.215073e+00	-1.766905e+02
1.650000e-06	-1.093231e-06	-6.204222e-10	-5.888552e+00	-1.728551e+02
1.660000e-06	-1.032589e-06	-6.057007e-10	-5.561911e+00	-1.689479e+02
1.670000e-06	-9.719614e-07	-5.922841e-10	-5.235347e+00	-1.649659e+02
1.680000e-06	-9.112443e-07	-5.781406e-10	-4.908302e+00	-1.609060e+02
1.690000e-06	-8.505309e-07	-5.624774e-10	-4.581277e+00	-1.567653e+02
1.700000e-06	-7.897169e-07	-5.459371e-10	-4.253710e+00	-1.525411e+02
1.710000e-06	-7.287940e-07	-5.296527e-10	-3.925557e+00	-1.482308e+02
1.720000e-06	-6.679113e-07	-5.145956e-10	-3.597620e+00	-1.438320e+02
1.730000e-06	-6.069538e-07	-4.996298e-10	-3.269280e+00	-1.393425e+02
1.740000e-06	-5.459370e-07	-4.832097e-10	-2.940621e+00	-1.347608e+02
1.750000e-06	-4.849467e-07	-4.655266e-10	-2.612104e+00	-1.300852e+02
1.760000e-06	-4.239519e-07	-4.473161e-10	-2.283563e+00	-1.253148e+02
1.770000e-06	-3.628349e-07	-4.297187e-10	-1.954364e+00	-1.204491e+02
1.780000e-06	-3.015423e-07	-4.115731e-10	-1.624219e+00	-1.154879e+02
1.790000e-06	-2.402373e-07	-3.922525e-10	-1.294008e+00	-1.104316e+02
1.800000e-06	-1.789488e-07	-3.733067e-10	-9.638850e-01	-1.052810e+02
1.810000e-06	-1.176856e-07	-3.552188e-10	-6.338988e-01	-1.000376e+02
1.820000e-06	-5.654697e-08	-3.377961e-10	-3.045831e-01	-9.470327e+01
1.830000e-06	4.525945e-09	-3.191913e-10	2.437843e-02	-8.928060e+01
1.840000e-06	6.567333e-08	-2.986305e-10	3.537411e-01	-8.377260e+01
1.850000e-06	1.269411e-07	-2.779190e-10	6.837521e-01	-7.818285e+01
1.860000e-06	1.881528e-07	-2.571970e-10	1.013461e+00	-7.251545e+01
1.870000e-06	2.493289e-07	-2.352826e-10	1.342979e+00	-6.677502e+01
1.880000e-06	3.105403e-07	-2.126978e-10	1.672686e+00	-6.096662e+01
1.890000e-06	3.717417e-07	-1.909698e-10	2.002340e+00	-5.509580e+01
1.900000e-06	4.327823e-07	-1.699190e-10	2.331127e+00	-4.916847e+01
1.910000e-06	4.937519e-07	-1.486296e-10	2.659532e+00	-4.319093e+01
1.920000e-06	5.547363e-07	-1.270895e-10	2.988017e+00	-3.716979e+01
1.930000e-06	6.157319e-07	-1.045098e-10	3.316562e+00	-3.111190e+01
1.940000e-06	6.767583e-07	-8.137405e-11	3.645273e+00	-2.502435e+01
1.950000e-06	7.377104e-07	-5.868544e-11	3.973584e+00	-1.891434e+01
1.960000e-06	7.985589e-07	-3.637730e-11	4.301336e+00	-1.278920e+01
1.970000e-06	8.591913e-07	-1.396388e-11	4.627925e+00	-6.656247e+00
1.980000e-06	9.197980e-07	9.296951e-12	4.954376e+00	-5.227957e-01
1.990000e-06	9.804470e-07	3.253530e-11	5.281054e+00	5.603946e+00
2.000000e-06	1.041065e-06	5.493664e-11	5.607566e+00	1.171692e+01
2.010000e-06	1.101610e-06	7.688538e-11	5.933683e+00	1.780927e+01
2.020000e-06	1.161936e-06	9.854684e-11	6.258623e+00	2.387440e+01
2.030000e-06	1.222133e-06	1.195886e-10	6.582866e+00	2.990604e+01
2.040000e-06	1.282329e-06	1.409095e-10	6.907104e+00	3.589825e+01
2.050000e-06	1.342529e-06	1.635317e-10	7.231362e+00	4.184551e+01
2.060000e-06	1.402646e-06	1.864253e-10	7.555176e+00	4.774271e+01
2.070000e-06	1.462617e-06	2.082168e-10	7.878200e+00	5.358521e+01
2.080000e-06	1.522542e-06	2.291411e-10	8.200979e+00	5.936884e+01
2.090000e-06	1.582365e-06	2.497127e-10	8.523207e+00	6.508995e+01
2.100000e-06	1.642130e-06	2.701865e-10	8.845125e+00	7.074537e+01
2.110000e-06	1.701927e-06	2.902184e-10	9.167214e+00	7.633246e+01
2.120000e-06	1.761609e-06	3.104077e-10	9.488685e+00	8.184908e+01
2.130000e-06	1.821222e-06	3.314586e-10	9.809784e+00	8.729359e+01
2.140000e-06	1.880821e-06	3.523326e-10	1.013081e+01	9.266484e+01
2.150000e-06	1.940288e-06	3.721029e-10	1.045112e+01	9.796212e+01
2.160000e-06	1.999589e-06	3.908666e-10	1.077053e+01	1.031852e+02
2.170000e-06	2.058830e-06	4.095431e-10	1.108963e+01	1.083342e+02
2.180000e-06	2.117958e-06	4.288470e-10	1.140811e+01	1.134096e+02
2.190000e-06	2.176924e-06	4.483713e-10	1.172573e+01	1.184124e+02
2.200000e-06	2.235808e-06	4.668838e-10	1.204289e+01	1.233437e+02
2.210000e-06	2.294369e-06	4.844747e-10	1.235833e+01	1.282048e+02
2.220000e-06	2.352472e-06	5.019364e-10	1.267129e+01	1.329974e+02
2.230000e-06	2.410225e-06	5.189883e-10	1.298237e+01	1.377233e+02
2.240000e-06	2.467539e-06	5.360630e-10	1.329109e+01	1.423845e+02
2.250000e-06	2.524448e-06	5.540873e-10	1.359762e+01	1.469828e+02
2.260000e-06	2.581160e-06	5.721831e-10	1.390309e+01	1.515203e+02
2.270000e-06	2.637681e-06	5.896054e-10	1.420753e+01	1.559990e+02
2.280000e-06	2.693884e-06	6.069874e-10	1.451027e+01	1.604210e+02
2.290000e-06	2.749768e-06	6.235951e-10	1.481128e+01	1.647882e+02
2.300000e-06	2.805524e-06	6.387102e-10	1.511160e+01	1.691023e+02
2.310000e-06	2.861275e-06	6.533507e-10	1.541190e+01	1.733651e+02
2.320000e-06	2.916936e-06	6.687183e-10	1.571171e+01	1.775780e+02
2.330000e-06	2.972476e-06	6.845234e-10	1.601086e+01	1.817426e+02
2.340000e-06	3.027919e-06	6.994540e-10	1.630950e+01	1.858599e+02
2.350000e-06	3.083233e-06	7.140623e-10	1.660744e+01	1.899310e+02
2.360000e-06	3.138292e-06	7.286677e-10	1.690401e+01	1.939566e+02
2.370000e-06	3.193029e-06	7.432233e-10	1.719885e+01	1.979374e+02
2.380000e-06	3.247572e-06	7.582693e-10	1.749263e+01	2.018739e+02
2.390000e-06	3.301881e-06	7.731980e-10	1.778516e+01	2.057661e+02
2.400000e-06	3.355997e-06	7.878357e-10	1.807665e+01	2.096141e+02
2.410000e-06	3.410032e-06	8.016177e-10	1.836771e+01	2.134179e+02
2.420000e-06	3.463937e-06	8.147677e-10	1.865806e+01	2.171771e+02
2.430000e-06	3.517522e-06	8.281732e-10	1.894669e+01	2.208914e+02
2.440000e-06	3.570809e-06	8.411334e-10	1.923371e+01	2.245601e+02
2.450000e-06	3.623924e-06	8.541098e-10	1.951981e+01	2.281828e+02
2.460000e-06	3.676679e-06	8.677067e-10	1.980396e+01	2.317586e+02
2.470000e-06	3.729040e-06	8.811573e-10	2.008600e+01	2.352869e+02
2.480000e-06	3.781087e-06	8.934293e-10	2.036635e+01	2.387669e+02
2.490000e-06	3.832844e-06	9.044710e-10	2.064513e+01	2.421978e+02
2.500000e-06	3.884361e-06	9.158974e-10	2.092262e+01	2.455788e+02
2.510000e-06	3.935526e-06	9.278864e-10	2.119822e+01	2.489092e+02
2.520000e-06	3.986251e-06	9.401327e-10	2.147144e+01	2.521883e+02
2.530000e-06	4.036567e-06	9.522854e-10	2.174246e+01	2.554155e+02
2.540000e-06	4.086393e-06	9.639377e-10	2.201084e+01	2.585902e+02
2.550000e-06	4.135905e-06	9.753619e-10	2.227753e+01	2.617120e+02
2.560000e-06	4.185149e-06	9.857291e-10	2.254278e+01	2.647805e+02
2.570000e-06	4.233861e-06	9.955223e-10	2.280516e+01	2.677954e+02
2.580000e-06	4.281980e-06	1.005830e-09	2.306434e+01	2.707566e+02
2.590000e-06	4.329753e-06	1.016637e-09	2.332167e+01	2.736641e+02
2.600000e-06	4.377433e-06	1.027617e-09	2.357849e+01	2.765179e+02
2.610000e-06	4.424942e-06	1.038088e-09	2.383439e+01	2.793183e+02
2.620000e-06	4.472252e-06	1.047809e-09	2.408922e+01	2.820655e+02
2.630000e-06	4.519387e-06	1.056806e-09	2.434311e+01	2.847601e+02
2.640000e-06	4.566116e-06	1.065842e-09	2.459481e+01	2.874024e+02
2.650000e-06	4.612390e-06	1.076455e-09	2.484406e+01	2.899931e+02
2.660000e-06	4.658329e-06	1.087013e-09	2.509150e+01	2.925329e+02
2.670000e-06	4.703967e-06	1.095303e-09	2.533732e+01	2.950225e+02
2.680000e-06	4.749305e-06	1.102070e-09	2.558153e+01	2.974628e+02
2.690000e-06	4.794383e-06	1.109421e-09	2.582434e+01	2.998547e+02
2.700000e-06	4.839231e-06	1.118431e-09	2.606590e+01	3.021990e+02
2.710000e-06	4.883724e-06	1.127344e-09	2.630556e+01	3.044967e+02
2.720000e-06	4.927822e-06	1.135247e-09	2.654309e+01	3.067489e+02
2.730000e-06	4.971570e-06	1.143561e-09	2.677873e+01	3.089565e+02
2.740000e-06	5.015047e-06	1.152454e-09	2.701292e+01	3.111205e+02
2.750000e-06	5.058276e-06	1.161075e-09	2.724576e+01	3.132419e+02
2.760000e-06	5.101257e-06	1.168002e-09	2.747727e+01	3.153217e+02
2.770000e-06	5.143760e-06	1.173606e-09	2.770621e+01	3.173608e+02
2.780000e-06	5.185695e-06	1.180774e-09	2.793209e+01	3.193604e+02
2.790000e-06	5.227042e-06	1.189581e-09	2.815480e+01	3.213212e+02
2.800000e-06	5.267672e-06	1.198042e-09	2.837365e+01	3.232442e+02
2.810000e-06	5.307853e-06	1.205735e-09	2.859008e+01	3.251302e+02
2.820000e-06	5.347765e-06	1.213668e-09	2.880506e+01	3.269802e+02
2.830000e-06	5.387489e-06	1.221815e-09	2.901903e+01	3.287950e+02
2.840000e-06	5.427012e-06	1.230161e-09	2.923191e+01	3.305754e+02
2.850000e-06	5.466199e-06	1.238853e-09	2.944299e+01	3.323220e+02
2.860000e-06	5.505060e-06	1.246476e-09	2.965231e+01	3.340358e+02
2.870000e-06	5.543433e-06	1.252473e-09	2.985900e+01	3.357174e+02
2.880000e-06	5.581334e-06	1.258393e-09	3.006315e+01	3.373676e+02
2.890000e-06	5.618933e-06	1.264136e-09	3.026567e+01	3.389869e+02
2.900000e-06	5.656182e-06	1.269306e-09	3.046631e+01	3.405763e+02
2.910000e-06	5.692929e-06	1.275502e-09	3.066424e+01	3.421361e+02
2.920000e-06	5.729164e-06	1.283109e-09	3.085942e+01	3.436673e+02
2.930000e-06	5.765079e-06	1.291045e-09	3.105287e+01	3.451704e+02
2.940000e-06	5.800777e-06	1.297452e-09	3.124515e+01	3.466461e+02
2.950000e-06	5.836308e-06	1.302277e-09	3.143654e+01	3.480950e+02
2.960000e-06	5.871601e-06	1.306651e-09	3.162663e+01	3.495178e+02
2.970000e-06	5.906336e-06	1.310737e-09	3.181373e+01	3.509153e+02
2.980000e-06	5.940357e-06	1.316703e-09	3.199698e+01	3.522880e+02
2.990000e-06	5.973647e-06	1.325030e-09	3.217629e+01	3.536366e+02
3.000000e-06	6.006185e-06	1.332539e-09	3.235155e+01	3.549618e+02
3.010000e-06	6.038238e-06	1.338590e-09	3.252420e+01	3.562643e+02
3.020000e-06	6.070030e-06	1.343777e-09	3.269545e+01	3.575447e+02
3.030000e-06	6.101644e-06	1.348585e-09	3.286573e+01	3.588038e+02
3.040000e-06	6.132988e-06	1.353328e-09	3.303456e+01	3.600423e+02
3.050000e-06	6.163822e-06	1.358534e-09	3.320065e+01	3.612607e+02
3.060000e-06	6.194147e-06	1.364480e-09	3.336399e+01	3.624598e+02
3.070000e-06	6.224019e-06	1.369934e-09	3.352489e+01	3.636402e+02
3.080000e-06	6.253533e-06	1.375020e-09	3.368386e+01	3.648025e+02
3.090000e-06	6.282683e-06	1.379522e-09	3.384088e+01	3.659474e+02
3.100000e-06	6.311255e-06	1.382646e-09	3.399478e+01	3.670754e+02
3.110000e-06	6.339363e-06	1.385816e-09	3.414618e+01	3.681872e+02
3.120000e-06	6.367250e-06	1.390870e-09	3.429639e+01	3.692832e+02
3.130000e-06	6.394931e-06	1.397319e-09	3.444549e+01	3.703639e+02
3.140000e-06	6.422431e-06	1.404033e-09	3.459361e+01	3.714298e+02
3.150000e-06	6.449460e-06	1.410381e-09	3.473920e+01	3.724814e+02
3.160000e-06	6.475609e-06	1.414537e-09	3.488005e+01	3.735190e+02
3.170000e-06	6.500937e-06	1.416459e-09	3.501648e+01	3.745428e+02
3.180000e-06	6.525516e-06	1.419300e-09	3.514887e+01	3.755533e+02
3.190000e-06	6.549492e-06	1.423438e-09	3.527801e+01	3.765505e+02
3.200000e-06	6.573092e-06	1.427570e-09	3.540513e+01	3.775348e+02
3.210000e-06	6.596321e-06	1.432058e-09	3.553025e+01	3.785060e+02
3.220000e-06	6.619163e-06	1.438003e-09	3.565328e+01	3.794644e+02
3.230000e-06	6.641546e-06	1.444559e-09	3.577385e+01	3.804099e+02
3.240000e-06	6.663490e-06	1.450029e-09	3.589205e+01	3.813424e+02
3.250000e-06	6.685061e-06	1.453349e-09	3.600823e+01	3.822618e+02
3.260000e-06	6.706111e-06	1.454909e-09	3.612162e+01	3.831678e+02
3.270000e-06	6.726719e-06	1.457636e-09	3.623262e+01	3.840602e+02
3.280000e-06	6.746946e-06	1.461141e-09	3.634157e+01	3.849387e+02
3.290000e-06	6.766798e-06	1.464847e-09	3.644850e+01	3.858028e+02
3.300000e-06	6.786418e-06	1.469323e-09	3.655418e+01	3.866522e+02
3.310000e-06	6.805650e-06	1.473929e-09	3.665777e+01	3.874864e+02
3.320000e-06	6.824275e-06	1.478614e-09	3.675809e+01	3.883047e+02
3.330000e-06	6.842526e-06	1.483425e-09	3.685640e+01	3.891066e+02
3.340000e-06	6.860161e-06	1.487851e-09	3.695139e+01	3.898916e+02
3.350000e-06	6.877134e-06	1.491025e-09	3.704281e+01	3.906588e+02
3.360000e-06	6.893837e-06	1.493291e-09	3.713278e+01	3.914077e+02
3.370000e-06	6.910127e-06	1.496125e-09	3.722052e+01	3.921374e+02
3.380000e-06	6.925785e-06	1.500692e-09	3.730486e+01	3.928473e+02
3.390000e-06	6.940733e-06	1.504052e-09	3.738538e+01	3.935366e+02
3.400000e-06	6.954984e-06	1.506733e-09	3.746214e+01	3.942045e+02
3.410000e-06	6.968687e-06	1.511257e-09	3.753595e+01	3.948503e+02
3.420000e-06	6.982072e-06	1.515210e-09	3.760805e+01	3.954733e+02
3.430000e-06	6.994938e-06	1.517602e-09	3.767735e+01	3.960726e+02
3.440000e-06	7.007183e-06	1.518547e-09	3.774330e+01	3.966478e+02
3.450000e-06	7.018933e-06	1.520299e-09	3.780659e+01	3.971979e+02
3.460000e-06	7.030334e-06	1.525458e-09	3.786801e+01	3.977226e+02
3.470000e-06	7.041330e-06	1.530569e-09	3.792723e+01	3.982211e+02
3.480000e-06	7.051403e-06	1.533021e-09	3.798149e+01	3.986931e+02
3.490000e-06	7.060398e-06	1.534708e-09	3.802994e+01	3.991380e+02
3.500000e-06	7.068772e-06	1.537218e-09	3.807505e+01	3.995556e+02
3.510000e-06	7.076767e-06	1.540362e-09	3.811811e+01	3.999455e+02
3.520000e-06	7.084467e-06	1.544024e-09	3.815958e+01	4.003076e+02
3.530000e-06	7.091825e-06	1.547438e-09	3.819922e+01	4.006418e+02
3.540000e-06	7.098614e-06	1.550527e-09	3.823578e+01	4.009480e+02
3.550000e-06	7.104838e-06	1.553173e-09	3.826931e+01	4.012265e+02
3.560000e-06	7.110591e-06	1.554719e-09	3.830030e+01	4.014773e+02
3.570000e-06	7.115697e-06	1.555473e-09	3.832780e+01	4.017008e+02
3.580000e-06	7.120190e-06	1.555900e-09	3.835200e+01	4.018974e+02
3.590000e-06	7.124394e-06	1.557530e-09	3.837465e+01	4.020676e+02
3.600000e-06	7.128339e-06	1.560841e-09	3.839590e+01	4.022120e+02
3.610000e-06	7.131990e-06	1.565145e-09	3.841556e+01	4.023313e+02
3.620000e-06	7.135078e-06	1.568540e-09	3.843220e+01	4.024263e+02
3.630000e-06	7.137381e-06	1.569620e-09	3.844460e+01	4.024979e+02
3.640000e-06	7.138933e-06	1.568066e-09	3.845296e+01	4.025469e+02
3.650000e-06	7.139859e-06	1.566176e-09	3.845795e+01	4.025744e+02
3.660000e-06	7.140240e-06	1.566740e-09	3.846000e+01	4.025814e+02
3.670000e-06	7.140145e-06	1.568784e-09	3.845949e+01	4.025691e+02
3.680000e-06	7.139743e-06	1.571655e-09	3.845732e+01	4.025385e+02
3.690000e-06	7.138950e-06	1.574413e-09	3.845305e+01	4.024909e+02
3.700000e-06	7.137612e-06	1.576865e-09	3.844585e+01	4.024274e+02
3.710000e-06	7.135671e-06	1.578349e-09	3.843539e+01	4.023491e+02
3.720000e-06	7.133325e-06	1.575865e-09	3.842276e+01	4.022572e+02
3.730000e-06	7.130719e-06	1.569344e-09	3.840872e+01	4.021528e+02
3.740000e-06	7.127614e-06	1.555343e-09	3.839199e+01	4.020371e+02
3.750000e-06	7.123922e-06	1.561945e-09	3.837211e+01	4.019110e+02
3.760000e-06	7.119743e-06	1.620728e-09	3.834959e+01	4.017756e+02
3.770000e-06	7.114750e-06	1.627101e-09	3.832270e+01	4.016316e+02
3.780000e-06	7.108760e-06	1.529978e-09	3.829044e+01	4.014801e+02
3.790000e-06	7.102390e-06	1.507124e-09	3.825613e+01	4.013216e+02
3.800000e-06	7.096003e-06	1.603684e-09	3.822172e+01	4.011570e+02
3.810000e-06	7.089126e-06	1.638849e-09	3.818468e+01	4.009866e+02
3.820000e-06	7.081496e-06	1.531868e-09	3.814358e+01	4.008109e+02
3.830000e-06	7.073304e-06	1.501656e-09	3.809946e+01	4.006304e+02
3.840000e-06	7.064906e-06	1.647564e-09	3.805422e+01	4.004451e+02
3.850000e-06	7.056147e-06	1.675135e-09	3.800704e+01	4.002553e+02
3.860000e-06	7.046608e-06	1.502023e-09	3.795566e+01	4.000610e+02
3.870000e-06	7.036494e-06	1.463917e-09	3.790118e+01	3.998620e+02
3.880000e-06	7.026168e-06	1.638101e-09	3.784557e+01	3.996581e+02
3.890000e-06	7.015403e-06	1.659674e-09	3.778758e+01	3.994492e+02
3.900000e-06	7.003865e-06	1.503487e-09	3.772544e+01	3.992347e+02
3.910000e-06	6.991821e-06	1.523542e-09	3.766056e+01	3.990143e+02
3.920000e-06	6.979376e-06	1.669406e-09	3.759353e+01	3.987874e+02
3.930000e-06	6.966268e-06	1.600969e-09	3.752292e+01	3.985533e+02
3.940000e-06	6.952408e-06	1.471272e-09	3.744827e+01	3.983116e+02
3.950000e-06	6.937722e-06	1.570007e-09	3.736916e+01	3.980614e+02
3.960000e-06	6.922293e-06	1.662609e-09	3.728605e+01	3.978020e+02
3.970000e-06	6.906391e-06	1.553350e-09	3.720040e+01	3.975327e+02
3.980000e-06	6.890120e-06	1.525826e-09	3.711276e+01	3.972527e+02
3.990000e-06	6.873592e-06	1.644456e-09	3.702374e+01	3.969612e+02
4.000000e-06	6.856555e-06	1.600673e-09	3.693197e+01	3.966574e+02
4.010000e-06	6.838857e-06	1.486018e-09	3.683664e+01	3.963407e+02
4.020000e-06	6.820594e-06	1.575420e-09	3.673827e+01	3.960102e+02
4.030000e-06	6.801968e-06	1.653920e-09	3.663794e+01	3.956653e+02
4.040000e-06	6.782926e-06	1.544910e-09	3.653537e+01	3.953053e+02
4.050000e-06	6.763363e-06	1.522887e-09	3.643000e+01	3.949296e+02
4.060000e-06	6.743384e-06	1.624529e-09	3.632239e+01	3.945376e+02
4.070000e-06	6.723140e-06	1.589209e-09	3.621334e+01	3.941289e+02
4.080000e-06	6.702625e-06	1.511543e-09	3.610284e+01	3.937030e+02
4.090000e-06	6.681601e-06	1.576803e-09	3.598960e+01	3.932595e+02
4.100000e-06	6.659839e-06	1.604117e-09	3.587238e+01	3.927981e+02
4.110000e-06	6.637293e-06	1.538892e-09	3.575094e+01	3.923186e+02
4.120000e-06	6.614083e-06	1.556881e-09	3.562592e+01	3.918208e+02
4.130000e-06	6.590281e-06	1.594670e-09	3.549772e+01	3.913045e+02
4.140000e-06	6.566114e-06	1.544034e-09	3.536754e+01	3.907698e+02
4.150000e-06	6.541713e-06	1.532977e-09	3.523611e+01	3.902165e+02
4.160000e-06	6.516927e-06	1.576653e-09	3.510260e+01	3.896447e+02
4.170000e-06	6.491608e-06	1.565440e-09	3.496623e+01	3.890546e+02
4.180000e-06	6.465747e-06	1.548141e-09	3.482693e+01	3.884463e+02
4.190000e-06	6.439391e-06	1.563712e-09	3.468496e+01	3.878199e+02
4.200000e-06	6.412605e-06	1.553464e-09	3.454069e+01	3.871757e+02
4.210000e-06	6.385317e-06	1.542183e-09	3.439370e+01	3.865138e+02
4.220000e-06	6.357594e-06	1.550901e-09	3.424437e+01	3.858346e+02
4.230000e-06	6.329600e-06	1.540759e-09	3.409359e+01	3.851383e+02
4.240000e-06	6.301306e-06	1.537761e-09	3.394119e+01	3.844252e+02
4.250000e-06	6.272581e-06	1.548018e-09	3.378646e+01	3.836954e+02
4.260000e-06	6.243350e-06	1.534694e-09	3.362901e+01	3.829494e+02
4.270000e-06	6.213554e-06	1.529614e-09	3.346852e+01	3.821873e+02
4.280000e-06	6.183110e-06	1.538395e-09	3.330454e+01	3.814094e+02
4.290000e-06	6.151963e-06	1.519395e-09	3.313677e+01	3.806158e+02
4.300000e-06	6.120273e-06	1.514858e-09	3.296608e+01	3.798068e+02
4.310000e-06	6.088159e-06	1.537367e-09	3.279310e+01	3.789825e+02
4.320000e-06	6.055559e-06	1.525749e-09	3.261750e+01	3.781430e+02
4.330000e-06	6.022725e-06	1.507342e-09	3.244064e+01	3.772883e+02
4.340000e-06	5.989553e-06	1.520102e-09	3.226197e+01	3.764186e+02
4.350000e-06	5.955855e-06	1.514849e-09	3.208046e+01	3.755337e+02
4.360000e-06	5.921784e-06	1.500212e-09	3.189694e+01	3.746337e+02
4.370000e-06	5.887237e-06	1.512586e-09	3.171086e+01	3.737184e+02
4.380000e-06	5.852293e-06	1.512813e-09	3.152264e+01	3.727878e+02
4.390000e-06	5.817028e-06	1.495428e-09	3.133268e+01	3.718416e+02
4.400000e-06	5.781370e-06	1.500609e-09	3.114062e+01	3.708796e+02
4.410000e-06	5.745388e-06	1.505774e-09	3.094681e+01	3.699016e+02
4.420000e-06	5.709164e-06	1.491284e-09	3.075169e+01	3.689072e+02
4.430000e-06	5.672777e-06	1.485865e-09	3.055569e+01	3.678962e+02
4.440000e-06	5.636074e-06	1.490200e-09	3.035800e+01	3.668682e+02
4.450000e-06	5.598813e-06	1.487372e-09	3.015730e+01	3.658228e+02
4.460000e-06	5.560805e-06	1.482823e-09	2.995257e+01	3.647597e+02
4.470000e-06	5.521976e-06	1.478893e-09	2.974343e+01	3.636784e+02
4.480000e-06	5.482599e-06	1.472409e-09	2.953132e+01	3.625785e+02
4.490000e-06	5.442832e-06	1.467717e-09	2.931713e+01	3.614596e+02
4.500000e-06	5.402715e-06	1.465590e-09	2.910104e+01	3.603213e+02
4.510000e-06	5.362323e-06	1.464337e-09	2.888348e+01	3.591630e+02
4.520000e-06	5.321670e-06	1.461217e-09	2.866451e+01	3.579845e+02
4.530000e-06	5.280880e-06	1.454770e-09	2.844479e+01	3.567853e+02
4.540000e-06	5.239703e-06	1.450436e-09	2.822300e+01	3.555649e+02
4.550000e-06	5.198009e-06	1.449677e-09	2.799842e+01	3.543231e+02
4.560000e-06	5.155934e-06	1.445136e-09	2.777179e+01	3.530595e+02
4.570000e-06	5.113567e-06	1.438127e-09	2.754358e+01	3.517737e+02
4.580000e-06	5.070847e-06	1.434511e-09	2.731348e+01	3.504655e+02
4.590000e-06	5.027639e-06	1.432605e-09	2.708074e+01	3.491345e+02
4.600000e-06	4.984026e-06	1.429142e-09	2.684583e+01	3.477805e+02
4.610000e-06	4.940130e-06	1.422952e-09	2.660939e+01	3.464033e+02
4.620000e-06	4.896073e-06	1.414580e-09	2.637208e+01	3.450027e+02
4.630000e-06	4.851872e-06	1.408271e-09	2.613400e+01	3.435785e+02
4.640000e-06	4.807324e-06	1.405157e-09	2.589404e+01	3.421306e+02
4.650000e-06	4.762395e-06	1.402336e-09	2.565204e+01	3.406589e+02
4.660000e-06	4.717178e-06	1.396859e-09	2.540848e+01	3.391633e+02
4.670000e-06	4.671740e-06	1.389527e-09	2.516374e+01	3.376437e+02
4.680000e-06	4.626057e-06	1.382191e-09	2.491767e+01	3.361001e+02
4.690000e-06	4.579947e-06	1.376496e-09	2.466930e+01	3.345323e+02
4.700000e-06	4.533441e-06	1.371624e-09	2.441881e+01	3.329403e+02
4.710000e-06	4.486579e-06	1.365341e-09	2.416639e+01	3.313242e+02
4.720000e-06	4.439361e-06	1.358992e-09	2.391206e+01	3.296837e+02
4.730000e-06	4.391973e-06	1.353770e-09	2.365681e+01	3.280189e+02
4.740000e-06	4.344394e-06	1.348310e-09	2.340053e+01	3.263297e+02
4.750000e-06	4.296259e-06	1.342497e-09	2.314125e+01	3.246159e+02
4.760000e-06	4.247511e-06	1.336039e-09	2.287868e+01	3.228774e+02
4.770000e-06	4.198351e-06	1.329345e-09	2.261389e+01	3.211142e+02
4.780000e-06	4.148933e-06	1.324049e-09	2.234770e+01	3.193258e+02
4.790000e-06	4.099286e-06	1.319392e-09	2.208029e+01	3.175122e+02
4.800000e-06	4.049390e-06	1.313355e-09	2.181153e+01	3.156731e+02
4.810000e-06	3.999225e-06	1.305506e-09	2.154132e+01	3.138082e+02
4.820000e-06	3.948774e-06	1.298362e-09	2.126957e+01	3.119171e+02
4.830000e-06	3.898003e-06	1.291476e-09	2.099610e+01	3.099993e+02
4.840000e-06	3.846847e-06	1.283202e-09	2.072055e+01	3.080547e+02
4.850000e-06	3.795384e-06	1.274215e-09	2.044336e+01	3.060825e+02
4.860000e-06	3.743645e-06	1.266103e-09	2.016467e+01	3.040824e+02
4.870000e-06	3.691648e-06	1.259290e-09	1.988459e+01	3.020539e+02
4.880000e-06	3.639361e-06	1.252622e-09	1.960296e+01	2.999963e+02
4.890000e-06	3.586778e-06	1.245444e-09	1.931973e+01	2.979093e+02
4.900000e-06	3.533898e-06	1.236636e-09	1.903489e+01	2.957920e+02
4.910000e-06	3.480762e-06	1.226523e-09	1.874868e+01	2.936441e+02
4.920000e-06	3.427212e-06	1.218236e-09	1.846024e+01	2.914650e+02
4.930000e-06	3.373129e-06	1.211444e-09	1.816893e+01	2.892540e+02
4.940000e-06	3.318665e-06	1.203280e-09	1.787557e+01	2.870107e+02
4.950000e-06	3.263810e-06	1.193250e-09	1.758010e+01	2.847345e+02
4.960000e-06	3.208690e-06	1.184143e-09	1.728320e+01	2.824250e+02
4.970000e-06	3.153288e-06	1.177175e-09	1.698479e+01	2.800817e+02
4.980000e-06	3.097554e-06	1.169242e-09	1.668458e+01	2.777043e+02
4.990000e-06	3.041627e-06	1.158533e-09	1.638334e+01	2.752923e+02
5.000000e-06	2.985569e-06	1.147902e-09	1.608139e+01	2.728455e+02
5.010000e-06	2.929423e-06	1.138684e-09	1.577897e+01	2.703636e+02
5.020000e-06	2.873114e-06	1.128433e-09	1.547566e+01	2.678465e+02
5.030000e-06	2.816649e-06	1.116265e-09	1.517152e+01	2.652939e+02
5.040000e-06	2.760104e-06	1.104415e-09	1.486695e+01	2.627058e+02
5.050000e-06	2.703435e-06	1.093409e-09	1.456171e+01	2.600822e+02
5.060000e-06	2.646573e-06	1.082185e-09	1.425543e+01	2.574229e+02
5.070000e-06	2.589519e-06	1.071552e-09	1.394812e+01	2.547279e+02
5.080000e-06	2.532365e-06	1.060332e-09	1.364026e+01	2.519974e+02
5.090000e-06	2.474977e-06	1.048158e-09	1.333115e+01	2.492312e+02
5.100000e-06	2.417287e-06	1.036226e-09	1.302041e+01	2.464294e+02
5.110000e-06	2.359425e-06	1.024944e-09	1.270874e+01	2.435919e+02
5.120000e-06	2.301406e-06	1.014201e-09	1.239623e+01	2.407186e+02
5.130000e-06	2.243343e-06	1.003095e-09	1.208348e+01	2.378094e+02
5.140000e-06	2.185137e-06	9.912229e-10	1.176996e+01	2.348640e+02
5.150000e-06	2.126629e-06	9.788290e-10	1.145482e+01	2.318820e+02
5.160000e-06	2.067923e-06	9.659437e-10	1.113861e+01	2.288631e+02
5.170000e-06	2.009070e-06	9.525859e-10	1.082160e+01	2.258066e+02
5.180000e-06	1.950055e-06	9.392582e-10	1.050372e+01	2.227118e+02
5.190000e-06	1.890881e-06	9.261006e-10	1.018499e+01	2.195777e+02
5.200000e-06	1.831588e-06	9.129486e-10	9.865615e+00	2.164033e+02
5.210000e-06	1.772186e-06	8.995952e-10	9.545655e+00	2.131873e+02
5.220000e-06	1.712559e-06	8.861616e-10	9.224484e+00	2.099282e+02
5.230000e-06	1.652825e-06	8.723218e-10	8.902735e+00	2.066244e+02
5.240000e-06	1.593073e-06	8.574160e-10	8.580887e+00	2.032739e+02
5.250000e-06	1.533163e-06	8.428182e-10	8.258190e+00	1.998747e+02
5.260000e-06	1.473150e-06	8.291069e-10	7.934935e+00	1.964246e+02
5.270000e-06	1.413195e-06	8.146658e-10	7.611995e+00	1.929211e+02
5.280000e-06	1.353229e-06	7.999101e-10	7.288996e+00	1.893616e+02
5.290000e-06	1.293132e-06	7.848951e-10	6.965291e+00	1.857433e+02
5.300000e-06	1.232999e-06	7.690511e-10	6.641394e+00	1.820634e+02
5.310000e-06	1.172788e-06	7.527739e-10	6.317076e+00	1.783189e+02
5.320000e-06	1.112521e-06	7.364663e-10	5.992454e+00	1.745067e+02
5.330000e-06	1.052239e-06	7.203240e-10	5.667753e+00	1.706238e+02
5.340000e-06	9.919319e-07	7.042033e-10	5.342916e+00	1.666670e+02
5.350000e-06	9.316140e-07	6.876206e-10	5.018021e+00	1.626334e+02
5.360000e-06	8.712277e-07	6.700552e-10	4.692758e+00	1.585200e+02
5.370000e-06	8.107715e-07	6.516621e-10	4.367118e+00	1.543239e+02
5.380000e-06	7.503066e-07	6.331071e-10	4.041432e+00	1.500425e+02
5.390000e-06	6.898183e-07	6.154631e-10	3.715619e+00	1.456734e+02
5.400000e-06	6.292122e-07	5.976556e-10	3.389172e+00	1.412144e+02
5.410000e-06	5.686024e-07	5.784773e-10	3.062705e+00	1.366635e+02
5.420000e-06	5.080139e-07	5.583528e-10	2.736353e+00	1.320194e+02
5.430000e-06	4.473108e-07	5.372779e-10	2.409383e+00	1.272807e+02
5.440000e-06	3.865655e-07	5.167501e-10	2.082186e+00	1.224468e+02
5.450000e-06	3.257819e-07	4.974906e-10	1.754783e+00	1.175173e+02
5.460000e-06	2.649371e-07	4.778807e-10	1.427050e+00	1.124926e+02
5.470000e-06	2.040723e-07	4.569927e-10	1.099210e+00	1.073733e+02
5.480000e-06	1.432701e-07	4.346836e-10	7.717062e-01	1.021606e+02
5.490000e-06	8.252324e-08	4.109263e-10	4.445010e-01	9.685633e+01
5.500000e-06	2.174826e-08	3.866587e-10	1.171442e-01	9.146279e+01
5.510000e-06	-3.906441e-08	3.628898e-10	-2.104155e-01	8.598284e+01
5.520000e-06	-9.989557e-08	3.389071e-10	-5.380749e-01	8.041989e+01
5.530000e-06	-1.606585e-07	3.149923e-10	-8.653667e-01	7.477787e+01
5.540000e-06	-2.213302e-07	2.917101e-10	-1.192167e+00	6.906122e+01
5.550000e-06	-2.819398e-07	2.682172e-10	-1.518633e+00	6.327486e+01
5.560000e-06	-3.425554e-07	2.449042e-10	-1.845132e+00	5.742419e+01
5.570000e-06	-4.032981e-07	2.210359e-10	-2.172314e+00	5.151500e+01
5.580000e-06	-4.641850e-07	1.960137e-10	-2.500274e+00	4.555345e+01
5.590000e-06	-5.249857e-07	1.718474e-10	-2.827769e+00	3.954608e+01
5.600000e-06	-5.856062e-07	1.480870e-10	-3.154294e+00	3.349964e+01
5.610000e-06	-6.461130e-07	1.227579e-10	-3.480206e+00	2.742116e+01
5.620000e-06	-7.065406e-07	9.682915e-11	-3.805692e+00	2.131781e+01
5.630000e-06	-7.669992e-07	7.105624e-11	-4.131344e+00	1.519688e+01
5.640000e-06	-8.274500e-07	4.516004e-11	-4.456955e+00	9.065693e+00
5.650000e-06	-8.879051e-07	1.958623e-11	-4.782589e+00	2.931582e+00
5.660000e-06	-9.483691e-07	-6.197515e-12	-5.108270e+00	-3.198209e+00
5.670000e-06	-1.008754e-06	-3.208695e-11	-5.433525e+00	-9.316563e+00
5.680000e-06	-1.069021e-06	-5.687788e-11	-5.758148e+00	-1.541655e+01
5.690000e-06	-1.129221e-06	-8.130895e-11	-6.082407e+00	-2.149149e+01
5.700000e-06	-1.189422e-06	-1.067645e-10	-6.406673e+00	-2.753499e+01
5.710000e-06	-1.249553e-06	-1.329053e-10	-6.730561e+00	-3.354100e+01
5.720000e-06	-1.309586e-06	-1.581104e-10	-7.053922e+00	-3.950385e+01
5.730000e-06	-1.369609e-06	-1.818851e-10	-7.377227e+00	-4.541830e+01
5.740000e-06	-1.429613e-06	-2.050744e-10	-7.700432e+00	-5.127953e+01
5.750000e-06	-1.489588e-06	-2.286879e-10	-8.023478e+00	-5.708324e+01
5.760000e-06	-1.549521e-06	-2.526369e-10	-8.346296e+00	-6.282559e+01
5.770000e-06	-1.609354e-06	-2.765360e-10	-8.668580e+00	-6.850325e+01
5.780000e-06	-1.668999e-06	-3.000425e-10	-8.989854e+00	-7.411340e+01
5.790000e-06	-1.728507e-06	-3.232339e-10	-9.310386e+00	-7.965373e+01
5.800000e-06	-1.787999e-06	-3.469689e-10	-9.630833e+00	-8.512245e+01
5.810000e-06	-1.847308e-06	-3.702355e-10	-9.950291e+00	-9.051824e+01
5.820000e-06	-1.906427e-06	-3.920748e-10	-1.026873e+01	-9.584024e+01
5.830000e-06	-1.965426e-06	-4.135018e-10	-1.058652e+01	-1.010881e+02
5.840000e-06	-2.024294e-06	-4.353378e-10	-1.090361e+01	-1.062617e+02
5.850000e-06	-2.082973e-06	-4.574336e-10	-1.121967e+01	-1.113616e+02
5.860000e-06	-2.141406e-06	-4.799952e-10	-1.153441e+01	-1.163886e+02
5.870000e-06	-2.199663e-06	-5.025060e-10	-1.184821e+01	-1.213435e+02
5.880000e-06	-2.257881e-06	-5.239048e-10	-1.216179e+01	-1.262279e+02
5.890000e-06	-2.316009e-06	-5.449370e-10	-1.247489e+01	-1.310432e+02
5.900000e-06	-2.373879e-06	-5.662936e-10	-1.278660e+01	-1.357911e+02
5.910000e-06	-2.431552e-06	-5.869739e-10	-1.309725e+01	-1.404737e+02
5.920000e-06	-2.489064e-06	-6.057867e-10	-1.340703e+01	-1.450927e+02
5.930000e-06	-2.546329e-06	-6.241068e-10	-1.371548e+01	-1.496503e+02
5.940000e-06	-2.603341e-06	-6.437870e-10	-1.402257e+01	-1.541484e+02
5.950000e-06	-2.660133e-06	-6.635026e-10	-1.432847e+01	-1.585891e+02
5.960000e-06	-2.716630e-06	-6.821442e-10	-1.463278e+01	-1.629744e+02
5.970000e-06	-2.773056e-06	-7.002991e-10	-1.493672e+01	-1.673060e+02
5.980000e-06	-2.829504e-06	-7.183800e-10	-1.524076e+01	-1.715857e+02
5.990000e-06	-2.885806e-06	-7.369662e-10	-1.554403e+01	-1.758151e+02
6.000000e-06	-2.941973e-06	-7.555503e-10	-1.584656e+01	-1.799957e+02
6.010000e-06	-2.998004e-06	-7.726072e-10	-1.614837e+01	-1.841287e+02
6.020000e-06	-3.053890e-06	-7.891608e-10	-1.644939e+01	-1.882151e+02
6.030000e-06	-3.109469e-06	-8.058565e-10	-1.674876e+01	-1.922558e+02
6.040000e-06	-3.164754e-06	-8.224593e-10	-1.704655e+01	-1.962515e+02
6.050000e-06	-3.219913e-06	-8.391748e-10	-1.734366e+01	-2.002027e+02
6.060000e-06	-3.274640e-06	-8.546421e-10	-1.763843e+01	-2.041097e+02
6.070000e-06	-3.328689e-06	-8.694639e-10	-1.792956e+01	-2.079725e+02
6.080000e-06	-3.382328e-06	-8.851555e-10	-1.821848e+01	-2.117911e+02
6.090000e-06	-3.435760e-06	-9.010831e-10	-1.850629e+01	-2.155652e+02
6.100000e-06	-3.488786e-06	-9.170903e-10	-1.879191e+01	-2.192945e+02
6.110000e-06	-3.541485e-06	-9.326228e-10	-1.907576e+01	-2.229785e+02
6.120000e-06	-3.594120e-06	-9.474900e-10	-1.935927e+01	-2.266166e+02
6.130000e-06	-3.646512e-06	-9.629790e-10	-1.964148e+01	-2.302082e+02
6.140000e-06	-3.698575e-06	-9.788830e-10	-1.992191e+01	-2.337524e+02
6.150000e-06	-3.750299e-06	-9.942636e-10	-2.020051e+01	-2.372486e+02
6.160000e-06	-3.801758e-06	-1.008926e-09	-2.047769e+01	-2.406960e+02
6.170000e-06	-3.852982e-06	-1.022646e-09	-2.075360e+01	-2.440937e+02
6.180000e-06	-3.903917e-06	-1.036931e-09	-2.102796e+01	-2.474411e+02
6.190000e-06	-3.954518e-06	-1.052080e-09	-2.130051e+01	-2.507374e+02
6.200000e-06	-4.004713e-06	-1.065952e-09	-2.157088e+01	-2.539820e+02
6.210000e-06	-4.054607e-06	-1.077739e-09	-2.183963e+01	-2.571743e+02
6.220000e-06	-4.104080e-06	-1.090526e-09	-2.210611e+01	-2.603137e+02
6.230000e-06	-4.153063e-06	-1.105104e-09	-2.236995e+01	-2.634000e+02
6.240000e-06	-4.201712e-06	-1.118424e-09	-2.263199e+01	-2.664328e+02
6.250000e-06	-4.249988e-06	-1.129855e-09	-2.289202e+01	-2.694120e+02
6.260000e-06	-4.297806e-06	-1.140513e-09	-2.314959e+01	-2.723374e+02
6.270000e-06	-4.345250e-06	-1.152025e-09	-2.340514e+01	-2.752091e+02
6.280000e-06	-4.392293e-06	-1.163415e-09	-2.365853e+01	-2.780273e+02
6.290000e-06	-4.439017e-06	-1.173654e-09	-2.391021e+01	-2.807922e+02
6.300000e-06	-4.485628e-06	-1.184529e-09	-2.416127e+01	-2.835043e+02
6.310000e-06	-4.532121e-06	-1.195922e-09	-2.441170e+01	-2.861640e+02
6.320000e-06	-4.578424e-06	-1.206975e-09	-2.466110e+01	-2.887718e+02
6.330000e-06	-4.624428e-06	-1.219112e-09	-2.490890e+01	-2.913285e+02
6.340000e-06	-4.670018e-06	-1.230885e-09	-2.515446e+01	-2.938348e+02
6.350000e-06	-4.715055e-06	-1.239719e-09	-2.539705e+01	-2.962915e+02
6.360000e-06	-4.759755e-06	-1.247456e-09	-2.563782e+01	-2.986994e+02
6.370000e-06	-4.804315e-06	-1.257187e-09	-2.587783e+01	-3.010595e+02
6.380000e-06	-4.848606e-06	-1.267981e-09	-2.611641e+01	-3.033727e+02
6.390000e-06	-4.892671e-06	-1.277165e-09	-2.635375e+01	-3.056400e+02
6.400000e-06	-4.936623e-06	-1.285327e-09	-2.659050e+01	-3.078623e+02
6.410000e-06	-4.980297e-06	-1.293316e-09	-2.682574e+01	-3.100407e+02
6.420000e-06	-5.023532e-06	-1.301176e-09	-2.705862e+01	-3.121762e+02
6.430000e-06	-5.066337e-06	-1.309772e-09	-2.728918e+01	-3.142698e+02
6.440000e-06	-5.108748e-06	-1.318886e-09	-2.751763e+01	-3.163224e+02
6.450000e-06	-5.150875e-06	-1.327185e-09	-2.774454e+01	-3.183351e+02
6.460000e-06	-5.192714e-06	-1.335937e-09	-2.796990e+01	-3.203087e+02
6.470000e-06	-5.234150e-06	-1.345692e-09	-2.819309e+01	-3.222442e+02
6.480000e-06	-5.275184e-06	-1.353957e-09	-2.841411e+01	-3.241425e+02
6.490000e-06	-5.315829e-06	-1.360542e-09	-2.863304e+01	-3.260045e+02
6.500000e-06	-5.356123e-06	-1.366945e-09	-2.885008e+01	-3.278309e+02
6.510000e-06	-5.396225e-06	-1.374575e-09	-2.906608e+01	-3.296227e+02
6.520000e-06	-5.436186e-06	-1.383623e-09	-2.928133e+01	-3.313805e+02
6.530000e-06	-5.475796e-06	-1.392605e-09	-2.949468e+01	-3.331052e+02
6.540000e-06	-5.514979e-06	-1.399915e-09	-2.970574e+01	-3.347975e+02
6.550000e-06	-5.553510e-06	-1.405017e-09	-2.991328e+01	-3.364581e+02
6.560000e-06	-5.591279e-06	-1.409993e-09	-3.011672e+01	-3.380876e+02
6.570000e-06	-5.628418e-06	-1.415843e-09	-3.031676e+01	-3.396869e+02
6.580000e-06	-5.665050e-06	-1.421332e-09	-3.051408e+01	-3.412566e+02
6.590000e-06	-5.701441e-06	-1.426689e-09	-3.071009e+01	-3.427972e+02
6.600000e-06	-5.737627e-06	-1.432500e-09	-3.090500e+01	-3.443096e+02
6.610000e-06	-5.773538e-06	-1.438523e-09	-3.109843e+01	-3.457944e+02
6.620000e-06	-5.809048e-06	-1.444710e-09	-3.128970e+01	-3.472522e+02
6.630000e-06	-5.844101e-06	-1.450829e-09	-3.147851e+01	-3.486837e+02
6.640000e-06	-5.878739e-06	-1.455868e-09	-3.166508e+01	-3.500895e+02
6.650000e-06	-5.913006e-06	-1.460708e-09	-3.184966e+01	-3.514704e+02
6.660000e-06	-5.946746e-06	-1.466501e-09	-3.203139e+01	-3.528270e+02
6.670000e-06	-5.979904e-06	-1.472132e-09	-3.221000e+01	-3.541599e+02
6.680000e-06	-6.012605e-06	-1.477121e-09	-3.238614e+01	-3.554699e+02
6.690000e-06	-6.044990e-06	-1.480885e-09	-3.256058e+01	-3.567577e+02
6.700000e-06	-6.077072e-06	-1.484031e-09	-3.273338e+01	-3.580238e+02
6.710000e-06	-6.108943e-06	-1.488153e-09	-3.290505e+01	-3.592691e+02
6.720000e-06	-6.140540e-06	-1.492289e-09	-3.307524e+01	-3.604942e+02
6.730000e-06	-6.171431e-06	-1.495270e-09	-3.324163e+01	-3.616996e+02
6.740000e-06	-6.201568e-06	-1.497648e-09	-3.340396e+01	-3.628862e+02
6.750000e-06	-6.230955e-06	-1.501111e-09	-3.356225e+01	-3.640545e+02
6.760000e-06	-6.259732e-06	-1.505723e-09	-3.371726e+01	-3.652052e+02
6.770000e-06	-6.288176e-06	-1.509031e-09	-3.387047e+01	-3.663388e+02
6.780000e-06	-6.316364e-06	-1.509541e-09	-3.402229e+01	-3.674559e+02
6.790000e-06	-6.344263e-06	-1.511721e-09	-3.417257e+01	-3.685571e+02
6.800000e-06	-6.371880e-06	-1.517715e-09	-3.432133e+01	-3.696429e+02
6.810000e-06	-6.399082e-06	-1.523909e-09	-3.446785e+01	-3.707137e+02
6.820000e-06	-6.425631e-06	-1.528093e-09	-3.461085e+01	-3.717701e+02
6.830000e-06	-6.451699e-06	-1.529780e-09	-3.475126e+01	-3.728123e+02
6.840000e-06	-6.477261e-06	-1.531435e-09	-3.488895e+01	-3.738407e+02
6.850000e-06	-6.502281e-06	-1.534135e-09	-3.502372e+01	-3.748556e+02
6.860000e-06	-6.527005e-06	-1.535551e-09	-3.515688e+01	-3.758573e+02
6.870000e-06	-6.551408e-06	-1.536586e-09	-3.528833e+01	-3.768458e+02
6.880000e-06	-6.575531e-06	-1.539634e-09	-3.541826e+01	-3.778214e+02
6.890000e-06	-6.599504e-06	-1.545168e-09	-3.554739e+01	-3.787842e+02
6.900000e-06	-6.622989e-06	-1.550529e-09	-3.567389e+01	-3.797340e+02
6.910000e-06	-6.645623e-06	-1.552557e-09	-3.579581e+01	-3.806708e+02
6.920000e-06	-6.667465e-06	-1.552708e-09	-3.591346e+01	-3.815946e+02
6.930000e-06	-6.688560e-06	-1.553531e-09	-3.602708e+01	-3.825051e+02
6.940000e-06	-6.709148e-06	-1.555082e-09	-3.613798e+01	-3.834021e+02
6.950000e-06	-6.729489e-06	-1.557484e-09	-3.624754e+01	-3.842853e+02
6.960000e-06	-6.749485e-06	-1.560528e-09	-3.635525e+01	-3.851543e+02
6.970000e-06	-6.768937e-06	-1.563672e-09	-3.646002e+01	-3.860087e+02
6.980000e-06	-6.787827e-06	-1.568150e-09	-3.656177e+01	-3.868480e+02
6.990000e-06	-6.806299e-06	-1.572987e-09	-3.666127e+01	-3.876717e+02
7.000000e-06	-6.824366e-06	-1.575941e-09	-3.675858e+01	-3.884792e+02
7.010000e-06	-6.841989e-06	-1.577030e-09	-3.685351e+01	-3.892699e+02
7.020000e-06	-6.859154e-06	-1.578743e-09	-3.694597e+01	-3.900431e+02
7.030000e-06	-6.875894e-06	-1.580432e-09	-3.703613e+01	-3.907982e+02
7.040000e-06	-6.892354e-06	-1.581706e-09	-3.712479e+01	-3.915344e+02
7.050000e-06	-6.908503e-06	-1.584334e-09	-3.721178e+01	-3.922510e+02
7.060000e-06	-6.924149e-06	-1.586912e-09	-3.729605e+01	-3.929472e+02
7.070000e-06	-6.939041e-06	-1.588157e-09	-3.737627e+01	-3.936224e+02
7.080000e-06	-6.953100e-06	-1.589754e-09	-3.745200e+01	-3.942757e+02
7.090000e-06	-6.966421e-06	-1.593247e-09	-3.752374e+01	-3.949064e+02
7.100000e-06	-6.979147e-06	-1.596996e-09	-3.759229e+01	-3.955137e+02
7.110000e-06	-6.991325e-06	-1.599538e-09	-3.765789e+01	-3.960970e+02
7.120000e-06	-7.002923e-06	-1.600120e-09	-3.772036e+01	-3.966556e+02
7.130000e-06	-7.014111e-06	-1.599422e-09	-3.778062e+01	-3.971888e+02
7.140000e-06	-7.024888e-06	-1.601101e-09	-3.783867e+01	-3.976961e+02
7.150000e-06	-7.035126e-06	-1.604447e-09	-3.789382e+01	-3.981770e+02
7.160000e-06	-7.044775e-06	-1.607261e-09	-3.794579e+01	-3.986310e+02
7.170000e-06	-7.053832e-06	-1.608589e-09	-3.799457e+01	-3.990578e+02
7.180000e-06	-7.062429e-06	-1.608015e-09	-3.804088e+01	-3.994570e+02
7.190000e-06	-7.070818e-06	-1.607885e-09	-3.808607e+01	-3.998284e+02
7.200000e-06	-7.078995e-06	-1.608727e-09	-3.813011e+01	-4.001719e+02
7.210000e-06	-7.086612e-06	-1.609047e-09	-3.817114e+01	-4.004874e+02
7.220000e-06	-7.093523e-06	-1.608899e-09	-3.820837e+01	-4.007751e+02
7.230000e-06	-7.099621e-06	-1.609705e-09	-3.824121e+01	-4.010351e+02
7.240000e-06	-7.104859e-06	-1.610765e-09	-3.826942e+01	-4.012677e+02
7.250000e-06	-7.109544e-06	-1.611081e-09	-3.829466e+01	-4.014733e+02
7.260000e-06	-7.113938e-06	-1.610309e-09	-3.831833e+01	-4.016522e+02
7.270000e-06	-7.118092e-06	-1.608183e-09	-3.834070e+01	-4.018052e+02
7.280000e-06	-7.121836e-06	-1.607641e-09	-3.836087e+01	-4.019328e+02
7.290000e-06	-7.125004e-06	-1.609888e-09	-3.837793e+01	-4.020359e+02
7.300000e-06	-7.127571e-06	-1.611125e-09	-3.839176e+01	-4.021151e+02
7.310000e-06	-7.129762e-06	-1.610099e-09	-3.840356e+01	-4.021716e+02
7.320000e-06	-7.131551e-06	-1.607934e-09	-3.841320e+01	-4.022062e+02
7.330000e-06	-7.132722e-06	-1.605788e-09	-3.841951e+01	-4.022199e+02
7.340000e-06	-7.133455e-06	-1.605453e-09	-3.842345e+01	-4.022139e+02
