# Temperatura_=_-8.9
# Concentracion g/m^3_=_7400.0
# C_Vs_to_Am_M_A/Vsm_=_254322799225.57578
# pendiente_HvsI_1/m_=_3716.3
# ordenada_HvsI_A/m_=_1297.0
# frecuencia_Hz_=_136110.26086459868

Tiempo_(s)	Campo_(V.s)	Magnetizacion_(V.s)	Campo_(kA/m)	Magnetizacion_(A/m)
0.000000e+00	-7.106980e-06	-1.226726e-09	-3.842233e+01	-3.122386e+02
1.000000e-08	-7.107276e-06	-1.225099e-09	-3.842393e+01	-3.121792e+02
2.000000e-08	-7.107234e-06	-1.222685e-09	-3.842371e+01	-3.121045e+02
3.000000e-08	-7.106772e-06	-1.221324e-09	-3.842121e+01	-3.120150e+02
4.000000e-08	-7.105789e-06	-1.222032e-09	-3.841590e+01	-3.119111e+02
5.000000e-08	-7.104060e-06	-1.222572e-09	-3.840655e+01	-3.117935e+02
6.000000e-08	-7.101529e-06	-1.222126e-09	-3.839287e+01	-3.116628e+02
7.000000e-08	-7.098381e-06	-1.223400e-09	-3.837585e+01	-3.115197e+02
8.000000e-08	-7.094817e-06	-1.227491e-09	-3.835658e+01	-3.113647e+02
9.000000e-08	-7.090749e-06	-1.216237e-09	-3.833459e+01	-3.111986e+02
1.000000e-07	-7.085905e-06	-1.190407e-09	-3.830840e+01	-3.110221e+02
1.100000e-07	-7.080380e-06	-1.199324e-09	-3.827853e+01	-3.108359e+02
1.200000e-07	-7.074554e-06	-1.240941e-09	-3.824703e+01	-3.106407e+02
1.300000e-07	-7.068600e-06	-1.230989e-09	-3.821484e+01	-3.104374e+02
1.400000e-07	-7.062198e-06	-1.185594e-09	-3.818023e+01	-3.102264e+02
1.500000e-07	-7.055167e-06	-1.195595e-09	-3.814222e+01	-3.100085e+02
1.600000e-07	-7.047683e-06	-1.243606e-09	-3.810176e+01	-3.097844e+02
1.700000e-07	-7.039883e-06	-1.217697e-09	-3.805959e+01	-3.095545e+02
1.800000e-07	-7.031580e-06	-1.156006e-09	-3.801470e+01	-3.093194e+02
1.900000e-07	-7.022498e-06	-1.188382e-09	-3.796560e+01	-3.090795e+02
2.000000e-07	-7.012799e-06	-1.248023e-09	-3.791317e+01	-3.088352e+02
2.100000e-07	-7.002548e-06	-1.214959e-09	-3.785775e+01	-3.085868e+02
2.200000e-07	-6.991743e-06	-1.164391e-09	-3.779933e+01	-3.083345e+02
2.300000e-07	-6.980378e-06	-1.193664e-09	-3.773789e+01	-3.080784e+02
2.400000e-07	-6.968474e-06	-1.218338e-09	-3.767353e+01	-3.078185e+02
2.500000e-07	-6.956068e-06	-1.182798e-09	-3.760646e+01	-3.075549e+02
2.600000e-07	-6.942966e-06	-1.176427e-09	-3.753563e+01	-3.072872e+02
2.700000e-07	-6.929272e-06	-1.209052e-09	-3.746160e+01	-3.070155e+02
2.800000e-07	-6.914918e-06	-1.193283e-09	-3.738400e+01	-3.067392e+02
2.900000e-07	-6.899853e-06	-1.169294e-09	-3.730255e+01	-3.064581e+02
3.000000e-07	-6.884229e-06	-1.197178e-09	-3.721808e+01	-3.061716e+02
3.100000e-07	-6.868063e-06	-1.198472e-09	-3.713068e+01	-3.058794e+02
3.200000e-07	-6.851424e-06	-1.152434e-09	-3.704073e+01	-3.055807e+02
3.300000e-07	-6.834336e-06	-1.168884e-09	-3.694834e+01	-3.052751e+02
3.400000e-07	-6.816734e-06	-1.215275e-09	-3.685318e+01	-3.049617e+02
3.500000e-07	-6.798607e-06	-1.184337e-09	-3.675518e+01	-3.046400e+02
3.600000e-07	-6.779962e-06	-1.144899e-09	-3.665438e+01	-3.043092e+02
3.700000e-07	-6.760864e-06	-1.177234e-09	-3.655113e+01	-3.039687e+02
3.800000e-07	-6.741393e-06	-1.189068e-09	-3.644587e+01	-3.036176e+02
3.900000e-07	-6.721516e-06	-1.153339e-09	-3.633841e+01	-3.032554e+02
4.000000e-07	-6.701179e-06	-1.158367e-09	-3.622846e+01	-3.028813e+02
4.100000e-07	-6.680502e-06	-1.180167e-09	-3.611667e+01	-3.024947e+02
4.200000e-07	-6.659507e-06	-1.158075e-09	-3.600317e+01	-3.020949e+02
4.300000e-07	-6.637992e-06	-1.149878e-09	-3.588685e+01	-3.016813e+02
4.400000e-07	-6.615918e-06	-1.172268e-09	-3.576752e+01	-3.012536e+02
4.500000e-07	-6.593384e-06	-1.159156e-09	-3.564569e+01	-3.008111e+02
4.600000e-07	-6.570416e-06	-1.139541e-09	-3.552152e+01	-3.003534e+02
4.700000e-07	-6.547031e-06	-1.156780e-09	-3.539509e+01	-2.998802e+02
4.800000e-07	-6.523392e-06	-1.163322e-09	-3.526729e+01	-2.993912e+02
4.900000e-07	-6.499400e-06	-1.141742e-09	-3.513758e+01	-2.988861e+02
5.000000e-07	-6.474891e-06	-1.137459e-09	-3.500508e+01	-2.983648e+02
5.100000e-07	-6.449716e-06	-1.144141e-09	-3.486898e+01	-2.978272e+02
5.200000e-07	-6.423712e-06	-1.139268e-09	-3.472840e+01	-2.972731e+02
5.300000e-07	-6.396898e-06	-1.134469e-09	-3.458343e+01	-2.967027e+02
5.400000e-07	-6.369546e-06	-1.135476e-09	-3.443556e+01	-2.961159e+02
5.500000e-07	-6.341921e-06	-1.133621e-09	-3.428621e+01	-2.955130e+02
5.600000e-07	-6.314016e-06	-1.130194e-09	-3.413535e+01	-2.948939e+02
5.700000e-07	-6.285729e-06	-1.124303e-09	-3.398242e+01	-2.942589e+02
5.800000e-07	-6.256946e-06	-1.122430e-09	-3.382681e+01	-2.936083e+02
5.900000e-07	-6.227779e-06	-1.123444e-09	-3.366913e+01	-2.929423e+02
6.000000e-07	-6.198273e-06	-1.116271e-09	-3.350961e+01	-2.922611e+02
6.100000e-07	-6.168386e-06	-1.111782e-09	-3.334803e+01	-2.915651e+02
6.200000e-07	-6.138125e-06	-1.117128e-09	-3.318443e+01	-2.908545e+02
6.300000e-07	-6.107330e-06	-1.110535e-09	-3.301794e+01	-2.901296e+02
6.400000e-07	-6.076083e-06	-1.098188e-09	-3.284901e+01	-2.893907e+02
6.500000e-07	-6.044553e-06	-1.101830e-09	-3.267855e+01	-2.886381e+02
6.600000e-07	-6.012731e-06	-1.101248e-09	-3.250652e+01	-2.878721e+02
6.700000e-07	-5.980454e-06	-1.089804e-09	-3.233202e+01	-2.870929e+02
6.800000e-07	-5.947604e-06	-1.090863e-09	-3.215442e+01	-2.863006e+02
6.900000e-07	-5.914205e-06	-1.092120e-09	-3.197386e+01	-2.854956e+02
7.000000e-07	-5.880158e-06	-1.078263e-09	-3.178979e+01	-2.846778e+02
7.100000e-07	-5.845374e-06	-1.073687e-09	-3.160174e+01	-2.838475e+02
7.200000e-07	-5.810085e-06	-1.076685e-09	-3.141096e+01	-2.830046e+02
7.300000e-07	-5.774554e-06	-1.067860e-09	-3.121887e+01	-2.821491e+02
7.400000e-07	-5.738812e-06	-1.059970e-09	-3.102563e+01	-2.812811e+02
7.500000e-07	-5.702840e-06	-1.061217e-09	-3.083116e+01	-2.804003e+02
7.600000e-07	-5.666559e-06	-1.056510e-09	-3.063501e+01	-2.795067e+02
7.700000e-07	-5.629781e-06	-1.050080e-09	-3.043618e+01	-2.786001e+02
7.800000e-07	-5.592495e-06	-1.047588e-09	-3.023460e+01	-2.776800e+02
7.900000e-07	-5.554908e-06	-1.040900e-09	-3.003139e+01	-2.767464e+02
8.000000e-07	-5.516899e-06	-1.033127e-09	-2.982591e+01	-2.757986e+02
8.100000e-07	-5.478320e-06	-1.031573e-09	-2.961734e+01	-2.748364e+02
8.200000e-07	-5.439310e-06	-1.028413e-09	-2.940644e+01	-2.738592e+02
8.300000e-07	-5.400108e-06	-1.021901e-09	-2.919450e+01	-2.728665e+02
8.400000e-07	-5.360704e-06	-1.016685e-09	-2.898148e+01	-2.718577e+02
8.500000e-07	-5.320986e-06	-1.012684e-09	-2.876675e+01	-2.708323e+02
8.600000e-07	-5.280923e-06	-1.008670e-09	-2.855016e+01	-2.697895e+02
8.700000e-07	-5.240554e-06	-1.004154e-09	-2.833191e+01	-2.687287e+02
8.800000e-07	-5.199845e-06	-9.984934e-10	-2.811183e+01	-2.676493e+02
8.900000e-07	-5.158553e-06	-9.926334e-10	-2.788859e+01	-2.665504e+02
9.000000e-07	-5.116499e-06	-9.877240e-10	-2.766123e+01	-2.654315e+02
9.100000e-07	-5.073792e-06	-9.830012e-10	-2.743035e+01	-2.642917e+02
9.200000e-07	-5.030655e-06	-9.783805e-10	-2.719714e+01	-2.631303e+02
9.300000e-07	-4.987215e-06	-9.730921e-10	-2.696229e+01	-2.619467e+02
9.400000e-07	-4.943512e-06	-9.672114e-10	-2.672602e+01	-2.607402e+02
9.500000e-07	-4.899490e-06	-9.610608e-10	-2.648802e+01	-2.595101e+02
9.600000e-07	-4.855251e-06	-9.550765e-10	-2.624886e+01	-2.582559e+02
9.700000e-07	-4.810752e-06	-9.491241e-10	-2.600828e+01	-2.569768e+02
9.800000e-07	-4.765901e-06	-9.434789e-10	-2.576580e+01	-2.556725e+02
9.900000e-07	-4.720619e-06	-9.378524e-10	-2.552100e+01	-2.543424e+02
1.000000e-06	-4.674901e-06	-9.323003e-10	-2.527383e+01	-2.529862e+02
1.010000e-06	-4.628952e-06	-9.265224e-10	-2.502542e+01	-2.516034e+02
1.020000e-06	-4.582844e-06	-9.211141e-10	-2.477615e+01	-2.501939e+02
1.030000e-06	-4.536214e-06	-9.153256e-10	-2.452405e+01	-2.487574e+02
1.040000e-06	-4.489012e-06	-9.089372e-10	-2.426886e+01	-2.472937e+02
1.050000e-06	-4.441627e-06	-9.025711e-10	-2.401269e+01	-2.458027e+02
1.060000e-06	-4.394124e-06	-8.970205e-10	-2.375587e+01	-2.442846e+02
1.070000e-06	-4.346462e-06	-8.907645e-10	-2.349820e+01	-2.427393e+02
1.080000e-06	-4.298554e-06	-8.834547e-10	-2.323920e+01	-2.411669e+02
1.090000e-06	-4.250325e-06	-8.759494e-10	-2.297845e+01	-2.395677e+02
1.100000e-06	-4.201747e-06	-8.683371e-10	-2.271583e+01	-2.379418e+02
1.110000e-06	-4.152637e-06	-8.610898e-10	-2.245032e+01	-2.362895e+02
1.120000e-06	-4.103110e-06	-8.544775e-10	-2.218257e+01	-2.346112e+02
1.130000e-06	-4.053260e-06	-8.481099e-10	-2.191307e+01	-2.329071e+02
1.140000e-06	-4.002804e-06	-8.412770e-10	-2.164028e+01	-2.311777e+02
1.150000e-06	-3.951893e-06	-8.338909e-10	-2.136504e+01	-2.294232e+02
1.160000e-06	-3.900708e-06	-8.274183e-10	-2.108832e+01	-2.276441e+02
1.170000e-06	-3.849235e-06	-8.211308e-10	-2.081005e+01	-2.258408e+02
1.180000e-06	-3.797495e-06	-8.138609e-10	-2.053033e+01	-2.240135e+02
1.190000e-06	-3.745451e-06	-8.064250e-10	-2.024896e+01	-2.221625e+02
1.200000e-06	-3.693138e-06	-7.991966e-10	-1.996614e+01	-2.202882e+02
1.210000e-06	-3.640522e-06	-7.924680e-10	-1.968169e+01	-2.183907e+02
1.220000e-06	-3.587581e-06	-7.857390e-10	-1.939547e+01	-2.164702e+02
1.230000e-06	-3.534387e-06	-7.783344e-10	-1.910789e+01	-2.145268e+02
1.240000e-06	-3.480954e-06	-7.699827e-10	-1.881902e+01	-2.125606e+02
1.250000e-06	-3.427351e-06	-7.617452e-10	-1.852922e+01	-2.105716e+02
1.260000e-06	-3.373503e-06	-7.534515e-10	-1.823811e+01	-2.085596e+02
1.270000e-06	-3.319295e-06	-7.451333e-10	-1.794504e+01	-2.065246e+02
1.280000e-06	-3.264863e-06	-7.370431e-10	-1.765077e+01	-2.044662e+02
1.290000e-06	-3.210355e-06	-7.298212e-10	-1.735608e+01	-2.023841e+02
1.300000e-06	-3.155684e-06	-7.231154e-10	-1.706052e+01	-2.002781e+02
1.310000e-06	-3.100690e-06	-7.160542e-10	-1.676320e+01	-1.981477e+02
1.320000e-06	-3.045366e-06	-7.083856e-10	-1.646411e+01	-1.959924e+02
1.330000e-06	-2.989900e-06	-6.993032e-10	-1.616424e+01	-1.938117e+02
1.340000e-06	-2.934355e-06	-6.895453e-10	-1.586395e+01	-1.916051e+02
1.350000e-06	-2.878705e-06	-6.808933e-10	-1.556309e+01	-1.893719e+02
1.360000e-06	-2.822973e-06	-6.729162e-10	-1.526179e+01	-1.871117e+02
1.370000e-06	-2.767167e-06	-6.650316e-10	-1.496008e+01	-1.848238e+02
1.380000e-06	-2.711244e-06	-6.574356e-10	-1.465775e+01	-1.825076e+02
1.390000e-06	-2.655056e-06	-6.496437e-10	-1.435398e+01	-1.801626e+02
1.400000e-06	-2.598756e-06	-6.408250e-10	-1.404961e+01	-1.777882e+02
1.410000e-06	-2.542425e-06	-6.313419e-10	-1.374506e+01	-1.753839e+02
1.420000e-06	-2.485746e-06	-6.214197e-10	-1.343865e+01	-1.729492e+02
1.430000e-06	-2.428610e-06	-6.111270e-10	-1.312975e+01	-1.704837e+02
1.440000e-06	-2.371150e-06	-6.013718e-10	-1.281910e+01	-1.679870e+02
1.450000e-06	-2.313507e-06	-5.921584e-10	-1.250747e+01	-1.654588e+02
1.460000e-06	-2.255577e-06	-5.833251e-10	-1.219429e+01	-1.628990e+02
1.470000e-06	-2.197276e-06	-5.745191e-10	-1.187909e+01	-1.603072e+02
1.480000e-06	-2.138640e-06	-5.651000e-10	-1.156209e+01	-1.576834e+02
1.490000e-06	-2.079749e-06	-5.555608e-10	-1.124371e+01	-1.550275e+02
1.500000e-06	-2.020677e-06	-5.451044e-10	-1.092435e+01	-1.523395e+02
1.510000e-06	-1.961445e-06	-5.333604e-10	-1.060412e+01	-1.496195e+02
1.520000e-06	-1.902110e-06	-5.227908e-10	-1.028334e+01	-1.468674e+02
1.530000e-06	-1.842662e-06	-5.129227e-10	-9.961948e+00	-1.440835e+02
1.540000e-06	-1.783092e-06	-5.020464e-10	-9.639899e+00	-1.412679e+02
1.550000e-06	-1.723443e-06	-4.906846e-10	-9.317416e+00	-1.384206e+02
1.560000e-06	-1.663825e-06	-4.802590e-10	-8.995109e+00	-1.355419e+02
1.570000e-06	-1.604200e-06	-4.702016e-10	-8.672755e+00	-1.326320e+02
1.580000e-06	-1.544485e-06	-4.594517e-10	-8.349921e+00	-1.296908e+02
1.590000e-06	-1.484770e-06	-4.477665e-10	-8.027083e+00	-1.267186e+02
1.600000e-06	-1.425018e-06	-4.353926e-10	-7.704051e+00	-1.237153e+02
1.610000e-06	-1.365122e-06	-4.237411e-10	-7.380235e+00	-1.206809e+02
1.620000e-06	-1.305182e-06	-4.136433e-10	-7.056182e+00	-1.176155e+02
1.630000e-06	-1.245203e-06	-4.040051e-10	-6.731916e+00	-1.145188e+02
1.640000e-06	-1.185015e-06	-3.929129e-10	-6.406523e+00	-1.113907e+02
1.650000e-06	-1.124703e-06	-3.807539e-10	-6.080461e+00	-1.082309e+02
1.660000e-06	-1.064376e-06	-3.693240e-10	-5.754317e+00	-1.050391e+02
1.670000e-06	-1.004044e-06	-3.584815e-10	-5.428147e+00	-1.018149e+02
1.680000e-06	-9.436351e-07	-3.466069e-10	-5.101557e+00	-9.855772e+01
1.690000e-06	-8.831111e-07	-3.335774e-10	-4.774347e+00	-9.526720e+01
1.700000e-06	-8.226451e-07	-3.208240e-10	-4.447451e+00	-9.194272e+01
1.710000e-06	-7.622054e-07	-3.091501e-10	-4.120697e+00	-8.858370e+01
1.720000e-06	-7.016314e-07	-2.977541e-10	-3.793217e+00	-8.518954e+01
1.730000e-06	-6.408957e-07	-2.863221e-10	-3.464862e+00	-8.175962e+01
1.740000e-06	-5.800758e-07	-2.746280e-10	-3.136053e+00	-7.829338e+01
1.750000e-06	-5.192514e-07	-2.620923e-10	-2.807219e+00	-7.479027e+01
1.760000e-06	-4.583439e-07	-2.489250e-10	-2.477936e+00	-7.124979e+01
1.770000e-06	-3.973871e-07	-2.354929e-10	-2.148387e+00	-6.767156e+01
1.780000e-06	-3.363973e-07	-2.221858e-10	-1.818659e+00	-6.405527e+01
1.790000e-06	-2.754286e-07	-2.085689e-10	-1.489044e+00	-6.040075e+01
1.800000e-06	-2.145253e-07	-1.946832e-10	-1.159784e+00	-5.670796e+01
1.810000e-06	-1.535305e-07	-1.817960e-10	-8.300290e-01	-5.297705e+01
1.820000e-06	-9.246402e-08	-1.691111e-10	-4.998865e-01	-4.920833e+01
1.830000e-06	-3.144702e-08	-1.561724e-10	-1.700115e-01	-4.540233e+01
1.840000e-06	2.951286e-08	-1.436154e-10	1.595548e-01	-4.155977e+01
1.850000e-06	9.047199e-08	-1.306216e-10	4.891171e-01	-3.768160e+01
1.860000e-06	1.514149e-07	-1.169203e-10	8.185915e-01	-3.376903e+01
1.870000e-06	2.123670e-07	-1.027274e-10	1.148116e+00	-2.982346e+01
1.880000e-06	2.733886e-07	-8.817748e-11	1.478016e+00	-2.584657e+01
1.890000e-06	3.343661e-07	-7.400937e-11	1.807677e+00	-2.184025e+01
1.900000e-06	3.953002e-07	-6.073160e-11	2.137104e+00	-1.780663e+01
1.910000e-06	4.562370e-07	-4.722281e-11	2.466546e+00	-1.374807e+01
1.920000e-06	5.171005e-07	-3.251806e-11	2.795591e+00	-9.667113e+00
1.930000e-06	5.779617e-07	-1.775092e-11	3.124624e+00	-5.566524e+00
1.940000e-06	6.387465e-07	-3.257503e-12	3.453243e+00	-1.449224e+00
1.950000e-06	6.994068e-07	1.088935e-11	3.781190e+00	2.681710e+00
1.960000e-06	7.599745e-07	2.480177e-11	4.108636e+00	6.823075e+00
1.970000e-06	8.204624e-07	3.861149e-11	4.435651e+00	1.097157e+01
1.980000e-06	8.808958e-07	5.228825e-11	4.762371e+00	1.512381e+01
1.990000e-06	9.412967e-07	6.690519e-11	5.088915e+00	1.927638e+01
2.000000e-06	1.001684e-06	8.157268e-11	5.415384e+00	2.342585e+01
2.010000e-06	1.062012e-06	9.572940e-11	5.741533e+00	2.756880e+01
2.020000e-06	1.122248e-06	1.098958e-10	6.067188e+00	3.170185e+01
2.030000e-06	1.182385e-06	1.235102e-10	6.392304e+00	3.582172e+01
2.040000e-06	1.242435e-06	1.368950e-10	6.716953e+00	3.992520e+01
2.050000e-06	1.302410e-06	1.509946e-10	7.041197e+00	4.400923e+01
2.060000e-06	1.362276e-06	1.658786e-10	7.364847e+00	4.807089e+01
2.070000e-06	1.422076e-06	1.808993e-10	7.688144e+00	5.210744e+01
2.080000e-06	1.481871e-06	1.949702e-10	8.011412e+00	5.611632e+01
2.090000e-06	1.541637e-06	2.080272e-10	8.334521e+00	6.009517e+01
2.100000e-06	1.601358e-06	2.215445e-10	8.657394e+00	6.404185e+01
2.110000e-06	1.661025e-06	2.357199e-10	8.979970e+00	6.795446e+01
2.120000e-06	1.720640e-06	2.488471e-10	9.302265e+00	7.183129e+01
2.130000e-06	1.780191e-06	2.621243e-10	9.624214e+00	7.567090e+01
2.140000e-06	1.839689e-06	2.766044e-10	9.945875e+00	7.947203e+01
2.150000e-06	1.899135e-06	2.909881e-10	1.026726e+01	8.323368e+01
2.160000e-06	1.958448e-06	3.052163e-10	1.058792e+01	8.695502e+01
2.170000e-06	2.017599e-06	3.190422e-10	1.090771e+01	9.063546e+01
2.180000e-06	2.076646e-06	3.318932e-10	1.122693e+01	9.427456e+01
2.190000e-06	2.135317e-06	3.444990e-10	1.154413e+01	9.787207e+01
2.200000e-06	2.193618e-06	3.579401e-10	1.185932e+01	1.014279e+02
2.210000e-06	2.251731e-06	3.714712e-10	1.217349e+01	1.049420e+02
2.220000e-06	2.309571e-06	3.838946e-10	1.248619e+01	1.084146e+02
2.230000e-06	2.367164e-06	3.958405e-10	1.279755e+01	1.118459e+02
2.240000e-06	2.424514e-06	4.078293e-10	1.310760e+01	1.152361e+02
2.250000e-06	2.481435e-06	4.202556e-10	1.341534e+01	1.185858e+02
2.260000e-06	2.537870e-06	4.327697e-10	1.372044e+01	1.218951e+02
2.270000e-06	2.594085e-06	4.444233e-10	1.402435e+01	1.251647e+02
2.280000e-06	2.650184e-06	4.559620e-10	1.432764e+01	1.283948e+02
2.290000e-06	2.706163e-06	4.680487e-10	1.463028e+01	1.315859e+02
2.300000e-06	2.761992e-06	4.804154e-10	1.493210e+01	1.347384e+02
2.310000e-06	2.817666e-06	4.920783e-10	1.523310e+01	1.378526e+02
2.320000e-06	2.873326e-06	5.026412e-10	1.553401e+01	1.409289e+02
2.330000e-06	2.928935e-06	5.130834e-10	1.583465e+01	1.439676e+02
2.340000e-06	2.984383e-06	5.241250e-10	1.613441e+01	1.469689e+02
2.350000e-06	3.039619e-06	5.356668e-10	1.643304e+01	1.499331e+02
2.360000e-06	3.094682e-06	5.469021e-10	1.673072e+01	1.528602e+02
2.370000e-06	3.149497e-06	5.572559e-10	1.702707e+01	1.557506e+02
2.380000e-06	3.204024e-06	5.673695e-10	1.732186e+01	1.586043e+02
2.390000e-06	3.258241e-06	5.778686e-10	1.761497e+01	1.614214e+02
2.400000e-06	3.312172e-06	5.887218e-10	1.790654e+01	1.642021e+02
2.410000e-06	3.366012e-06	5.991869e-10	1.819761e+01	1.669464e+02
2.420000e-06	3.419747e-06	6.083252e-10	1.848812e+01	1.696544e+02
2.430000e-06	3.473303e-06	6.177567e-10	1.877766e+01	1.723264e+02
2.440000e-06	3.526624e-06	6.285942e-10	1.906592e+01	1.749624e+02
2.450000e-06	3.579603e-06	6.391454e-10	1.935234e+01	1.775627e+02
2.460000e-06	3.632280e-06	6.484962e-10	1.963713e+01	1.801275e+02
2.470000e-06	3.684727e-06	6.568917e-10	1.992067e+01	1.826572e+02
2.480000e-06	3.736770e-06	6.651105e-10	2.020203e+01	1.851520e+02
2.490000e-06	3.788535e-06	6.735621e-10	2.048189e+01	1.876125e+02
2.500000e-06	3.840185e-06	6.824598e-10	2.076112e+01	1.900391e+02
2.510000e-06	3.891490e-06	6.919985e-10	2.103849e+01	1.924323e+02
2.520000e-06	3.942374e-06	7.004662e-10	2.131358e+01	1.947927e+02
2.530000e-06	3.992791e-06	7.079358e-10	2.158615e+01	1.971210e+02
2.540000e-06	4.042674e-06	7.162614e-10	2.185584e+01	1.994179e+02
2.550000e-06	4.092052e-06	7.249351e-10	2.212279e+01	2.016840e+02
2.560000e-06	4.141008e-06	7.332372e-10	2.238746e+01	2.039202e+02
2.570000e-06	4.189593e-06	7.412716e-10	2.265012e+01	2.061271e+02
2.580000e-06	4.237814e-06	7.493353e-10	2.291081e+01	2.083055e+02
2.590000e-06	4.285793e-06	7.578265e-10	2.317020e+01	2.104562e+02
2.600000e-06	4.333548e-06	7.667547e-10	2.342838e+01	2.125798e+02
2.610000e-06	4.381084e-06	7.750846e-10	2.368537e+01	2.146771e+02
2.620000e-06	4.428407e-06	7.831415e-10	2.394121e+01	2.167486e+02
2.630000e-06	4.475463e-06	7.919131e-10	2.419561e+01	2.187949e+02
2.640000e-06	4.522188e-06	8.004803e-10	2.444822e+01	2.208164e+02
2.650000e-06	4.568428e-06	8.085619e-10	2.469821e+01	2.228136e+02
2.660000e-06	4.614289e-06	8.164030e-10	2.494614e+01	2.247866e+02
2.670000e-06	4.659868e-06	8.234358e-10	2.519256e+01	2.267358e+02
2.680000e-06	4.705128e-06	8.295334e-10	2.543725e+01	2.286611e+02
2.690000e-06	4.750129e-06	8.358140e-10	2.568054e+01	2.305625e+02
2.700000e-06	4.794786e-06	8.433040e-10	2.592196e+01	2.324398e+02
2.710000e-06	4.839127e-06	8.515334e-10	2.616168e+01	2.342929e+02
2.720000e-06	4.883262e-06	8.590512e-10	2.640029e+01	2.361214e+02
2.730000e-06	4.927223e-06	8.659265e-10	2.663796e+01	2.379248e+02
2.740000e-06	4.970951e-06	8.725770e-10	2.687436e+01	2.397027e+02
2.750000e-06	5.014457e-06	8.789690e-10	2.710957e+01	2.414544e+02
2.760000e-06	5.057693e-06	8.855473e-10	2.734331e+01	2.431793e+02
2.770000e-06	5.100464e-06	8.922337e-10	2.757455e+01	2.448769e+02
2.780000e-06	5.142516e-06	8.988384e-10	2.780189e+01	2.465463e+02
2.790000e-06	5.183902e-06	9.051885e-10	2.802563e+01	2.481869e+02
2.800000e-06	5.224712e-06	9.112073e-10	2.824627e+01	2.497981e+02
2.810000e-06	5.264979e-06	9.172989e-10	2.846396e+01	2.513792e+02
2.820000e-06	5.304978e-06	9.237209e-10	2.868021e+01	2.529297e+02
2.830000e-06	5.344788e-06	9.302210e-10	2.889543e+01	2.544491e+02
2.840000e-06	5.384336e-06	9.362039e-10	2.910924e+01	2.559371e+02
2.850000e-06	5.423556e-06	9.423524e-10	2.932127e+01	2.573933e+02
2.860000e-06	5.462356e-06	9.490687e-10	2.953103e+01	2.588175e+02
2.870000e-06	5.500705e-06	9.553585e-10	2.973836e+01	2.602098e+02
2.880000e-06	5.538745e-06	9.608256e-10	2.994402e+01	2.615703e+02
2.890000e-06	5.576445e-06	9.658370e-10	3.014783e+01	2.628992e+02
2.900000e-06	5.613685e-06	9.711022e-10	3.034916e+01	2.641970e+02
2.910000e-06	5.650493e-06	9.768875e-10	3.054815e+01	2.654641e+02
2.920000e-06	5.686857e-06	9.833454e-10	3.074475e+01	2.667013e+02
2.930000e-06	5.722884e-06	9.898247e-10	3.093952e+01	2.679094e+02
2.940000e-06	5.758679e-06	9.951145e-10	3.113304e+01	2.690895e+02
2.950000e-06	5.794300e-06	9.991713e-10	3.132562e+01	2.702425e+02
2.960000e-06	5.829650e-06	1.004128e-09	3.151673e+01	2.713698e+02
2.970000e-06	5.864627e-06	1.009079e-09	3.170583e+01	2.724725e+02
2.980000e-06	5.899163e-06	1.012654e-09	3.189254e+01	2.735521e+02
2.990000e-06	5.932958e-06	1.018004e-09	3.207524e+01	2.746100e+02
3.000000e-06	5.965923e-06	1.024779e-09	3.225346e+01	2.756475e+02
3.010000e-06	5.998288e-06	1.030014e-09	3.242843e+01	2.766663e+02
3.020000e-06	6.030234e-06	1.034068e-09	3.260114e+01	2.776676e+02
3.030000e-06	6.061867e-06	1.038185e-09	3.277216e+01	2.786530e+02
3.040000e-06	6.093226e-06	1.042338e-09	3.294170e+01	2.796238e+02
3.050000e-06	6.124116e-06	1.046545e-09	3.310870e+01	2.805812e+02
3.060000e-06	6.154468e-06	1.050655e-09	3.327279e+01	2.815266e+02
3.070000e-06	6.184394e-06	1.054722e-09	3.343457e+01	2.824609e+02
3.080000e-06	6.213932e-06	1.058741e-09	3.359426e+01	2.833852e+02
3.090000e-06	6.243101e-06	1.062670e-09	3.375196e+01	2.843003e+02
3.100000e-06	6.271930e-06	1.066855e-09	3.390782e+01	2.852069e+02
3.110000e-06	6.300330e-06	1.071227e-09	3.406136e+01	2.861055e+02
3.120000e-06	6.328361e-06	1.075446e-09	3.421290e+01	2.869966e+02
3.130000e-06	6.356150e-06	1.079848e-09	3.436314e+01	2.878803e+02
3.140000e-06	6.383689e-06	1.084598e-09	3.451202e+01	2.887567e+02
3.150000e-06	6.410867e-06	1.089666e-09	3.465895e+01	2.896258e+02
3.160000e-06	6.437385e-06	1.094521e-09	3.480232e+01	2.904874e+02
3.170000e-06	6.462939e-06	1.098431e-09	3.494047e+01	2.913410e+02
3.180000e-06	6.487665e-06	1.102112e-09	3.507415e+01	2.921863e+02
3.190000e-06	6.511871e-06	1.105713e-09	3.520501e+01	2.930225e+02
3.200000e-06	6.535623e-06	1.110259e-09	3.533342e+01	2.938491e+02
3.210000e-06	6.559080e-06	1.115215e-09	3.546024e+01	2.946653e+02
3.220000e-06	6.582190e-06	1.119837e-09	3.558517e+01	2.954701e+02
3.230000e-06	6.604863e-06	1.125309e-09	3.570775e+01	2.962628e+02
3.240000e-06	6.627036e-06	1.130559e-09	3.582762e+01	2.970425e+02
3.250000e-06	6.648723e-06	1.134821e-09	3.594487e+01	2.978081e+02
3.260000e-06	6.670043e-06	1.138189e-09	3.606013e+01	2.985587e+02
3.270000e-06	6.690889e-06	1.141441e-09	3.617283e+01	2.992935e+02
3.280000e-06	6.711170e-06	1.145446e-09	3.628247e+01	3.000116e+02
3.290000e-06	6.731030e-06	1.148595e-09	3.638984e+01	3.007122e+02
3.300000e-06	6.750685e-06	1.150435e-09	3.649611e+01	3.013944e+02
3.310000e-06	6.770114e-06	1.153678e-09	3.660114e+01	3.020576e+02
3.320000e-06	6.789008e-06	1.159185e-09	3.670329e+01	3.027011e+02
3.330000e-06	6.807336e-06	1.163868e-09	3.680238e+01	3.033244e+02
3.340000e-06	6.825050e-06	1.166447e-09	3.689814e+01	3.039271e+02
3.350000e-06	6.842096e-06	1.168324e-09	3.699030e+01	3.045087e+02
3.360000e-06	6.858818e-06	1.170932e-09	3.708070e+01	3.050690e+02
3.370000e-06	6.875311e-06	1.173852e-09	3.716987e+01	3.056077e+02
3.380000e-06	6.891219e-06	1.176179e-09	3.725587e+01	3.061247e+02
3.390000e-06	6.906525e-06	1.179090e-09	3.733862e+01	3.066201e+02
3.400000e-06	6.921131e-06	1.183387e-09	3.741758e+01	3.070937e+02
3.410000e-06	6.935030e-06	1.187846e-09	3.749273e+01	3.075457e+02
3.420000e-06	6.948511e-06	1.190729e-09	3.756561e+01	3.079762e+02
3.430000e-06	6.961493e-06	1.191581e-09	3.763579e+01	3.083854e+02
3.440000e-06	6.974054e-06	1.191959e-09	3.770370e+01	3.087735e+02
3.450000e-06	6.986215e-06	1.193836e-09	3.776945e+01	3.091408e+02
3.460000e-06	6.997874e-06	1.197766e-09	3.783248e+01	3.094874e+02
3.470000e-06	7.009012e-06	1.202432e-09	3.789269e+01	3.098137e+02
3.480000e-06	7.019495e-06	1.204219e-09	3.794937e+01	3.101199e+02
3.490000e-06	7.029092e-06	1.204021e-09	3.800125e+01	3.104063e+02
3.500000e-06	7.037818e-06	1.204827e-09	3.804843e+01	3.106732e+02
3.510000e-06	7.045905e-06	1.207300e-09	3.809214e+01	3.109207e+02
3.520000e-06	7.053676e-06	1.210110e-09	3.813416e+01	3.111492e+02
3.530000e-06	7.061143e-06	1.212691e-09	3.817453e+01	3.113589e+02
3.540000e-06	7.068150e-06	1.215794e-09	3.821241e+01	3.115498e+02
3.550000e-06	7.074640e-06	1.218540e-09	3.824749e+01	3.117223e+02
3.560000e-06	7.080620e-06	1.220547e-09	3.827983e+01	3.118764e+02
3.570000e-06	7.086077e-06	1.221248e-09	3.830933e+01	3.120123e+02
3.580000e-06	7.090939e-06	1.221565e-09	3.833561e+01	3.121302e+02
3.590000e-06	7.095267e-06	1.223243e-09	3.835901e+01	3.122301e+02
3.600000e-06	7.099252e-06	1.224997e-09	3.838056e+01	3.123123e+02
3.610000e-06	7.102971e-06	1.226583e-09	3.840066e+01	3.123768e+02
3.620000e-06	7.106280e-06	1.227608e-09	3.841855e+01	3.124238e+02
3.630000e-06	7.109134e-06	1.227533e-09	3.843398e+01	3.124536e+02
3.640000e-06	7.111428e-06	1.228041e-09	3.844638e+01	3.124662e+02
3.650000e-06	7.113012e-06	1.228369e-09	3.845495e+01	3.124620e+02
3.660000e-06	7.113816e-06	1.228626e-09	3.845929e+01	3.124412e+02
3.670000e-06	7.113947e-06	1.229034e-09	3.846000e+01	3.124042e+02
3.680000e-06	7.113653e-06	1.228903e-09	3.845841e+01	3.123512e+02
3.690000e-06	7.113013e-06	1.229140e-09	3.845495e+01	3.122828e+02
3.700000e-06	7.112070e-06	1.229705e-09	3.844985e+01	3.121994e+02
3.710000e-06	7.110686e-06	1.230160e-09	3.844237e+01	3.121014e+02
3.720000e-06	7.108735e-06	1.230273e-09	3.843182e+01	3.119895e+02
3.730000e-06	7.106331e-06	1.228443e-09	3.841883e+01	3.118641e+02
3.740000e-06	7.103479e-06	1.221748e-09	3.840341e+01	3.117260e+02
3.750000e-06	7.100145e-06	1.217151e-09	3.838538e+01	3.115759e+02
3.760000e-06	7.096384e-06	1.241685e-09	3.836505e+01	3.114143e+02
3.770000e-06	7.092002e-06	1.267476e-09	3.834136e+01	3.112420e+02
3.780000e-06	7.086584e-06	1.220019e-09	3.831207e+01	3.110598e+02
3.790000e-06	7.080482e-06	1.186418e-09	3.827908e+01	3.108682e+02
3.800000e-06	7.074350e-06	1.228783e-09	3.824593e+01	3.106682e+02
3.810000e-06	7.067832e-06	1.263582e-09	3.821069e+01	3.104603e+02
3.820000e-06	7.060518e-06	1.223356e-09	3.817115e+01	3.102452e+02
3.830000e-06	7.052589e-06	1.181385e-09	3.812828e+01	3.100236e+02
3.840000e-06	7.044329e-06	1.243625e-09	3.808363e+01	3.097960e+02
3.850000e-06	7.035791e-06	1.291208e-09	3.803747e+01	3.095630e+02
3.860000e-06	7.026764e-06	1.214225e-09	3.798867e+01	3.093250e+02
3.870000e-06	7.017108e-06	1.162428e-09	3.793646e+01	3.090825e+02
3.880000e-06	7.007040e-06	1.238836e-09	3.788203e+01	3.088358e+02
3.890000e-06	6.996682e-06	1.281071e-09	3.782603e+01	3.085850e+02
3.900000e-06	6.985714e-06	1.210437e-09	3.776674e+01	3.083305e+02
3.910000e-06	6.974200e-06	1.192351e-09	3.770449e+01	3.080722e+02
3.920000e-06	6.962173e-06	1.263903e-09	3.763947e+01	3.078101e+02
3.930000e-06	6.949376e-06	1.252008e-09	3.757028e+01	3.075441e+02
3.940000e-06	6.935792e-06	1.180367e-09	3.749684e+01	3.072741e+02
3.950000e-06	6.921603e-06	1.208753e-09	3.742014e+01	3.069997e+02
3.960000e-06	6.906779e-06	1.262113e-09	3.733999e+01	3.067206e+02
3.970000e-06	6.891260e-06	1.217709e-09	3.725609e+01	3.064365e+02
3.980000e-06	6.875255e-06	1.195492e-09	3.716956e+01	3.061467e+02
3.990000e-06	6.858946e-06	1.256356e-09	3.708140e+01	3.058507e+02
4.000000e-06	6.842113e-06	1.240176e-09	3.699039e+01	3.055481e+02
4.010000e-06	6.824601e-06	1.171261e-09	3.689572e+01	3.052380e+02
4.020000e-06	6.806676e-06	1.210007e-09	3.679881e+01	3.049198e+02
4.030000e-06	6.788431e-06	1.263379e-09	3.670017e+01	3.045929e+02
4.040000e-06	6.769629e-06	1.210420e-09	3.659852e+01	3.042565e+02
4.050000e-06	6.750258e-06	1.188083e-09	3.649380e+01	3.039098e+02
4.060000e-06	6.730535e-06	1.243326e-09	3.638717e+01	3.035523e+02
4.070000e-06	6.710492e-06	1.229268e-09	3.627881e+01	3.031832e+02
4.080000e-06	6.690155e-06	1.183828e-09	3.616886e+01	3.028019e+02
4.090000e-06	6.669441e-06	1.218487e-09	3.605688e+01	3.024076e+02
4.100000e-06	6.648298e-06	1.235620e-09	3.594257e+01	3.019999e+02
4.110000e-06	6.626441e-06	1.193362e-09	3.582440e+01	3.015781e+02
4.120000e-06	6.603661e-06	1.204120e-09	3.570125e+01	3.011417e+02
4.130000e-06	6.580138e-06	1.232081e-09	3.557408e+01	3.006904e+02
4.140000e-06	6.556115e-06	1.198451e-09	3.544420e+01	3.002237e+02
4.150000e-06	6.531829e-06	1.181581e-09	3.531290e+01	2.997413e+02
4.160000e-06	6.507270e-06	1.211589e-09	3.518013e+01	2.992429e+02
4.170000e-06	6.482306e-06	1.210208e-09	3.504517e+01	2.987284e+02
4.180000e-06	6.456880e-06	1.194965e-09	3.490771e+01	2.981975e+02
4.190000e-06	6.431021e-06	1.202849e-09	3.476791e+01	2.976503e+02
4.200000e-06	6.404690e-06	1.200528e-09	3.462556e+01	2.970867e+02
4.210000e-06	6.377785e-06	1.190682e-09	3.448010e+01	2.965067e+02
4.220000e-06	6.350282e-06	1.191415e-09	3.433141e+01	2.959104e+02
4.230000e-06	6.322312e-06	1.189540e-09	3.418020e+01	2.952980e+02
4.240000e-06	6.294121e-06	1.191357e-09	3.402779e+01	2.946697e+02
4.250000e-06	6.265785e-06	1.189960e-09	3.387460e+01	2.940255e+02
4.260000e-06	6.237204e-06	1.179565e-09	3.372008e+01	2.933659e+02
4.270000e-06	6.208095e-06	1.186001e-09	3.356271e+01	2.926909e+02
4.280000e-06	6.178164e-06	1.189129e-09	3.340090e+01	2.920010e+02
4.290000e-06	6.147382e-06	1.167369e-09	3.323448e+01	2.912964e+02
4.300000e-06	6.116121e-06	1.170184e-09	3.306548e+01	2.905775e+02
4.310000e-06	6.084476e-06	1.188335e-09	3.289439e+01	2.898444e+02
4.320000e-06	6.052342e-06	1.170533e-09	3.272067e+01	2.890974e+02
4.330000e-06	6.019886e-06	1.161138e-09	3.254520e+01	2.883370e+02
4.340000e-06	5.987017e-06	1.176659e-09	3.236750e+01	2.875632e+02
4.350000e-06	5.953673e-06	1.162590e-09	3.218723e+01	2.867763e+02
4.360000e-06	5.919936e-06	1.149194e-09	3.200484e+01	2.859766e+02
4.370000e-06	5.885861e-06	1.168113e-09	3.182062e+01	2.851641e+02
4.380000e-06	5.851453e-06	1.163362e-09	3.163460e+01	2.843389e+02
4.390000e-06	5.816647e-06	1.144719e-09	3.144643e+01	2.835012e+02
4.400000e-06	5.781377e-06	1.155183e-09	3.125575e+01	2.826510e+02
4.410000e-06	5.745696e-06	1.157513e-09	3.106285e+01	2.817882e+02
4.420000e-06	5.709735e-06	1.141174e-09	3.086843e+01	2.809127e+02
4.430000e-06	5.673576e-06	1.142180e-09	3.067295e+01	2.800245e+02
4.440000e-06	5.637219e-06	1.144921e-09	3.047640e+01	2.791233e+02
4.450000e-06	5.600495e-06	1.136644e-09	3.027785e+01	2.782088e+02
4.460000e-06	5.563111e-06	1.135644e-09	3.007575e+01	2.772809e+02
4.470000e-06	5.524958e-06	1.134578e-09	2.986948e+01	2.763390e+02
4.480000e-06	5.486135e-06	1.125907e-09	2.965959e+01	2.753828e+02
4.490000e-06	5.446705e-06	1.122672e-09	2.944642e+01	2.744119e+02
4.500000e-06	5.406804e-06	1.122255e-09	2.923071e+01	2.734257e+02
4.510000e-06	5.366676e-06	1.119802e-09	2.901376e+01	2.724237e+02
4.520000e-06	5.326412e-06	1.118397e-09	2.879609e+01	2.714053e+02
4.530000e-06	5.285908e-06	1.114609e-09	2.857711e+01	2.703698e+02
4.540000e-06	5.245087e-06	1.110146e-09	2.835642e+01	2.693166e+02
4.550000e-06	5.203823e-06	1.109206e-09	2.813334e+01	2.682450e+02
4.560000e-06	5.162114e-06	1.105720e-09	2.790784e+01	2.671543e+02
4.570000e-06	5.120142e-06	1.100426e-09	2.768093e+01	2.660438e+02
4.580000e-06	5.077842e-06	1.098304e-09	2.745224e+01	2.649127e+02
4.590000e-06	5.035150e-06	1.096431e-09	2.722144e+01	2.637604e+02
4.600000e-06	4.991992e-06	1.093437e-09	2.698811e+01	2.625862e+02
4.610000e-06	4.948347e-06	1.089892e-09	2.675216e+01	2.613893e+02
4.620000e-06	4.904396e-06	1.084923e-09	2.651454e+01	2.601690e+02
4.630000e-06	4.860278e-06	1.079800e-09	2.627603e+01	2.589249e+02
4.640000e-06	4.815994e-06	1.075620e-09	2.603662e+01	2.576562e+02
4.650000e-06	4.771482e-06	1.071134e-09	2.579598e+01	2.563625e+02
4.660000e-06	4.726769e-06	1.066442e-09	2.555424e+01	2.550432e+02
4.670000e-06	4.681634e-06	1.060250e-09	2.531023e+01	2.536979e+02
4.680000e-06	4.636107e-06	1.054036e-09	2.506410e+01	2.523262e+02
4.690000e-06	4.590277e-06	1.048292e-09	2.481633e+01	2.509278e+02
4.700000e-06	4.543999e-06	1.042521e-09	2.456614e+01	2.495025e+02
4.710000e-06	4.497398e-06	1.037179e-09	2.431420e+01	2.480501e+02
4.720000e-06	4.450513e-06	1.032035e-09	2.406073e+01	2.465705e+02
4.730000e-06	4.403323e-06	1.026478e-09	2.380560e+01	2.450637e+02
4.740000e-06	4.355858e-06	1.021083e-09	2.354899e+01	2.435297e+02
4.750000e-06	4.308145e-06	1.015059e-09	2.329104e+01	2.419685e+02
4.760000e-06	4.260040e-06	1.008647e-09	2.303098e+01	2.403804e+02
4.770000e-06	4.211522e-06	1.002782e-09	2.276868e+01	2.387656e+02
4.780000e-06	4.162763e-06	9.979561e-10	2.250507e+01	2.371243e+02
4.790000e-06	4.113639e-06	9.928004e-10	2.223949e+01	2.354567e+02
4.800000e-06	4.064035e-06	9.861936e-10	2.197132e+01	2.337633e+02
4.810000e-06	4.014046e-06	9.796799e-10	2.170106e+01	2.320444e+02
4.820000e-06	3.963903e-06	9.735141e-10	2.142998e+01	2.303003e+02
4.830000e-06	3.913639e-06	9.672861e-10	2.115824e+01	2.285314e+02
4.840000e-06	3.863021e-06	9.603823e-10	2.088458e+01	2.267381e+02
4.850000e-06	3.811928e-06	9.524523e-10	2.060836e+01	2.249207e+02
4.860000e-06	3.760498e-06	9.437787e-10	2.033031e+01	2.230796e+02
4.870000e-06	3.708843e-06	9.361411e-10	2.005105e+01	2.212149e+02
4.880000e-06	3.656882e-06	9.299158e-10	1.977014e+01	2.193270e+02
4.890000e-06	3.604630e-06	9.232106e-10	1.948764e+01	2.174161e+02
4.900000e-06	3.552142e-06	9.157692e-10	1.920388e+01	2.154822e+02
4.910000e-06	3.499523e-06	9.078719e-10	1.891941e+01	2.135255e+02
4.920000e-06	3.446685e-06	8.987371e-10	1.863375e+01	2.115460e+02
4.930000e-06	3.393475e-06	8.889894e-10	1.834608e+01	2.095436e+02
4.940000e-06	3.339875e-06	8.796913e-10	1.805630e+01	2.075181e+02
4.950000e-06	3.285744e-06	8.712170e-10	1.776366e+01	2.054695e+02
4.960000e-06	3.231047e-06	8.626420e-10	1.746795e+01	2.033973e+02
4.970000e-06	3.175970e-06	8.552172e-10	1.717019e+01	2.013013e+02
4.980000e-06	3.120644e-06	8.484076e-10	1.687108e+01	1.991811e+02
4.990000e-06	3.065079e-06	8.400925e-10	1.657068e+01	1.970362e+02
5.000000e-06	3.009287e-06	8.309583e-10	1.626905e+01	1.948661e+02
5.010000e-06	2.953295e-06	8.223077e-10	1.596634e+01	1.926703e+02
5.020000e-06	2.897157e-06	8.128859e-10	1.566285e+01	1.904483e+02
5.030000e-06	2.840875e-06	8.022926e-10	1.535857e+01	1.881994e+02
5.040000e-06	2.784490e-06	7.919106e-10	1.505374e+01	1.859231e+02
5.050000e-06	2.728058e-06	7.818935e-10	1.474865e+01	1.836188e+02
5.060000e-06	2.671476e-06	7.720815e-10	1.444275e+01	1.812858e+02
5.070000e-06	2.614658e-06	7.630410e-10	1.413558e+01	1.789237e+02
5.080000e-06	2.557641e-06	7.541254e-10	1.382733e+01	1.765318e+02
5.090000e-06	2.500427e-06	7.439260e-10	1.351801e+01	1.741098e+02
5.100000e-06	2.443060e-06	7.338042e-10	1.320787e+01	1.716572e+02
5.110000e-06	2.385459e-06	7.241662e-10	1.289646e+01	1.691735e+02
5.120000e-06	2.327696e-06	7.130316e-10	1.258418e+01	1.666585e+02
5.130000e-06	2.269941e-06	7.009011e-10	1.227194e+01	1.641119e+02
5.140000e-06	2.212026e-06	6.897920e-10	1.195884e+01	1.615334e+02
5.150000e-06	2.153823e-06	6.793193e-10	1.164417e+01	1.589229e+02
5.160000e-06	2.095432e-06	6.689673e-10	1.132850e+01	1.562804e+02
5.170000e-06	2.036960e-06	6.590319e-10	1.101238e+01	1.536058e+02
5.180000e-06	1.978381e-06	6.491588e-10	1.069568e+01	1.508990e+02
5.190000e-06	1.919571e-06	6.382503e-10	1.037774e+01	1.481603e+02
5.200000e-06	1.860581e-06	6.261596e-10	1.005882e+01	1.453896e+02
5.210000e-06	1.801508e-06	6.137312e-10	9.739458e+00	1.425871e+02
5.220000e-06	1.742307e-06	6.009505e-10	9.419400e+00	1.397530e+02
5.230000e-06	1.682986e-06	5.883820e-10	9.098697e+00	1.368874e+02
5.240000e-06	1.623545e-06	5.773358e-10	8.777340e+00	1.339904e+02
5.250000e-06	1.564011e-06	5.666319e-10	8.455485e+00	1.310622e+02
5.260000e-06	1.504335e-06	5.549467e-10	8.132856e+00	1.281029e+02
5.270000e-06	1.444537e-06	5.425540e-10	7.809575e+00	1.251125e+02
5.280000e-06	1.384647e-06	5.292062e-10	7.485790e+00	1.220911e+02
5.290000e-06	1.324660e-06	5.155270e-10	7.161487e+00	1.190386e+02
5.300000e-06	1.264654e-06	5.021439e-10	6.837074e+00	1.159550e+02
5.310000e-06	1.204609e-06	4.883633e-10	6.512456e+00	1.128400e+02
5.320000e-06	1.144522e-06	4.746193e-10	6.187607e+00	1.096934e+02
5.330000e-06	1.084378e-06	4.616397e-10	5.862455e+00	1.065149e+02
5.340000e-06	1.024203e-06	4.490021e-10	5.537129e+00	1.033042e+02
5.350000e-06	9.639767e-07	4.365238e-10	5.211530e+00	1.000609e+02
5.360000e-06	9.036762e-07	4.243156e-10	4.885528e+00	9.678429e+01
5.370000e-06	8.433613e-07	4.107846e-10	4.559449e+00	9.347401e+01
5.380000e-06	7.830776e-07	3.951946e-10	4.233538e+00	9.012944e+01
5.390000e-06	7.227508e-07	3.795982e-10	3.907394e+00	8.674997e+01
5.400000e-06	6.623091e-07	3.645759e-10	3.580630e+00	8.333500e+01
5.410000e-06	6.018822e-07	3.495954e-10	3.253945e+00	7.988395e+01
5.420000e-06	5.414437e-07	3.342286e-10	2.927197e+00	7.639624e+01
5.430000e-06	4.809557e-07	3.187919e-10	2.600182e+00	7.287136e+01
5.440000e-06	4.204930e-07	3.041679e-10	2.273304e+00	6.930889e+01
5.450000e-06	3.600737e-07	2.895930e-10	1.946660e+00	6.570846e+01
5.460000e-06	2.996354e-07	2.737535e-10	1.619913e+00	6.206986e+01
5.470000e-06	2.391471e-07	2.564795e-10	1.292897e+00	5.839299e+01
5.480000e-06	1.785892e-07	2.395046e-10	9.655036e-01	5.467792e+01
5.490000e-06	1.180301e-07	2.235100e-10	6.381037e-01	5.092488e+01
5.500000e-06	5.751976e-08	2.067619e-10	3.109680e-01	4.713432e+01
5.510000e-06	-3.011810e-09	1.895050e-10	-1.628269e-02	4.330686e+01
5.520000e-06	-6.355048e-08	1.729138e-10	-3.435718e-01	3.944338e+01
5.530000e-06	-1.241761e-07	1.559302e-10	-6.713312e-01	3.554497e+01
5.540000e-06	-1.848389e-07	1.386796e-10	-9.992912e-01	3.161294e+01
5.550000e-06	-2.453685e-07	1.212443e-10	-1.326531e+00	2.764886e+01
5.560000e-06	-3.059011e-07	1.033126e-10	-1.653787e+00	2.365453e+01
5.570000e-06	-3.665330e-07	8.619812e-11	-1.981581e+00	1.963200e+01
5.580000e-06	-4.271172e-07	6.930990e-11	-2.309116e+00	1.558351e+01
5.590000e-06	-4.876018e-07	5.205157e-11	-2.636113e+00	1.151154e+01
5.600000e-06	-5.480988e-07	3.454325e-11	-2.963177e+00	7.418763e+00
5.610000e-06	-6.085758e-07	1.620343e-11	-3.290132e+00	3.308040e+00
5.620000e-06	-6.689187e-07	-3.699182e-12	-3.616363e+00	-8.176165e-01
5.630000e-06	-7.291735e-07	-2.244378e-11	-3.942117e+00	-4.955052e+00
5.640000e-06	-7.894167e-07	-3.874422e-11	-4.267809e+00	-9.101002e+00
5.650000e-06	-8.496827e-07	-5.589706e-11	-4.593624e+00	-1.325212e+01
5.660000e-06	-9.099299e-07	-7.413591e-11	-4.919337e+00	-1.740499e+01
5.670000e-06	-9.701559e-07	-9.301247e-11	-5.244936e+00	-2.155619e+01
5.680000e-06	-1.030327e-06	-1.125231e-10	-5.570237e+00	-2.570229e+01
5.690000e-06	-1.090458e-06	-1.316729e-10	-5.895321e+00	-2.983989e+01
5.700000e-06	-1.150549e-06	-1.502132e-10	-6.220194e+00	-3.396567e+01
5.710000e-06	-1.210528e-06	-1.687670e-10	-6.544454e+00	-3.807638e+01
5.720000e-06	-1.270510e-06	-1.873391e-10	-6.868737e+00	-4.216889e+01
5.730000e-06	-1.330535e-06	-2.049763e-10	-7.193245e+00	-4.624024e+01
5.740000e-06	-1.390435e-06	-2.213503e-10	-7.517082e+00	-5.028759e+01
5.750000e-06	-1.450230e-06	-2.378595e-10	-7.840350e+00	-5.430832e+01
5.760000e-06	-1.509987e-06	-2.553128e-10	-8.163415e+00	-5.829997e+01
5.770000e-06	-1.569689e-06	-2.735403e-10	-8.486183e+00	-6.226033e+01
5.780000e-06	-1.629196e-06	-2.918826e-10	-8.807891e+00	-6.618737e+01
5.790000e-06	-1.688422e-06	-3.086448e-10	-9.128087e+00	-7.007932e+01
5.800000e-06	-1.747562e-06	-3.243827e-10	-9.447814e+00	-7.393462e+01
5.810000e-06	-1.806595e-06	-3.411675e-10	-9.766963e+00	-7.775194e+01
5.820000e-06	-1.865509e-06	-3.574850e-10	-1.008547e+01	-8.153017e+01
5.830000e-06	-1.924365e-06	-3.722699e-10	-1.040366e+01	-8.526841e+01
5.840000e-06	-1.983069e-06	-3.871248e-10	-1.072103e+01	-8.896598e+01
5.850000e-06	-2.041546e-06	-4.022206e-10	-1.103717e+01	-9.262237e+01
5.860000e-06	-2.099872e-06	-4.176504e-10	-1.135250e+01	-9.623725e+01
5.870000e-06	-2.158080e-06	-4.333427e-10	-1.166719e+01	-9.981045e+01
5.880000e-06	-2.216165e-06	-4.489593e-10	-1.198121e+01	-1.033420e+02
5.890000e-06	-2.274020e-06	-4.642263e-10	-1.229399e+01	-1.068319e+02
5.900000e-06	-2.331645e-06	-4.786625e-10	-1.260553e+01	-1.102803e+02
5.910000e-06	-2.389087e-06	-4.932019e-10	-1.291608e+01	-1.136877e+02
5.920000e-06	-2.446293e-06	-5.072519e-10	-1.322535e+01	-1.170542e+02
5.930000e-06	-2.503263e-06	-5.202015e-10	-1.353335e+01	-1.203803e+02
5.940000e-06	-2.560052e-06	-5.335985e-10	-1.384036e+01	-1.236664e+02
5.950000e-06	-2.616756e-06	-5.473859e-10	-1.414692e+01	-1.269129e+02
5.960000e-06	-2.673306e-06	-5.611315e-10	-1.445265e+01	-1.301202e+02
5.970000e-06	-2.729687e-06	-5.745166e-10	-1.475746e+01	-1.332888e+02
5.980000e-06	-2.785949e-06	-5.874226e-10	-1.506163e+01	-1.364189e+02
5.990000e-06	-2.842074e-06	-5.997486e-10	-1.536505e+01	-1.395110e+02
6.000000e-06	-2.898061e-06	-6.126050e-10	-1.566773e+01	-1.425654e+02
6.010000e-06	-2.953904e-06	-6.257206e-10	-1.596964e+01	-1.455822e+02
6.020000e-06	-3.009643e-06	-6.369687e-10	-1.627098e+01	-1.485619e+02
6.030000e-06	-3.065189e-06	-6.482587e-10	-1.657128e+01	-1.515045e+02
6.040000e-06	-3.120494e-06	-6.615542e-10	-1.687027e+01	-1.544102e+02
6.050000e-06	-3.175524e-06	-6.754961e-10	-1.716778e+01	-1.572792e+02
6.060000e-06	-3.230057e-06	-6.876580e-10	-1.746260e+01	-1.601116e+02
6.070000e-06	-3.284171e-06	-6.974373e-10	-1.775515e+01	-1.629074e+02
6.080000e-06	-3.337916e-06	-7.072181e-10	-1.804571e+01	-1.656669e+02
6.090000e-06	-3.391239e-06	-7.180000e-10	-1.833399e+01	-1.683900e+02
6.100000e-06	-3.444128e-06	-7.292628e-10	-1.861993e+01	-1.710770e+02
6.110000e-06	-3.496640e-06	-7.412173e-10	-1.890382e+01	-1.737280e+02
6.120000e-06	-3.548955e-06	-7.531987e-10	-1.918665e+01	-1.763432e+02
6.130000e-06	-3.601111e-06	-7.645274e-10	-1.946862e+01	-1.789227e+02
6.140000e-06	-3.653140e-06	-7.754344e-10	-1.974991e+01	-1.814670e+02
6.150000e-06	-3.704908e-06	-7.866279e-10	-2.002978e+01	-1.839764e+02
6.160000e-06	-3.756249e-06	-7.976415e-10	-2.030734e+01	-1.864511e+02
6.170000e-06	-3.807366e-06	-8.072537e-10	-2.058369e+01	-1.888918e+02
6.180000e-06	-3.858210e-06	-8.167140e-10	-2.085857e+01	-1.912988e+02
6.190000e-06	-3.908704e-06	-8.273637e-10	-2.113156e+01	-1.936729e+02
6.200000e-06	-3.958961e-06	-8.372183e-10	-2.140326e+01	-1.960145e+02
6.210000e-06	-4.008869e-06	-8.454579e-10	-2.167308e+01	-1.983244e+02
6.220000e-06	-4.058301e-06	-8.539085e-10	-2.194032e+01	-2.006033e+02
6.230000e-06	-4.107414e-06	-8.640785e-10	-2.220584e+01	-2.028519e+02
6.240000e-06	-4.156155e-06	-8.746490e-10	-2.246935e+01	-2.050709e+02
6.250000e-06	-4.204414e-06	-8.842796e-10	-2.273025e+01	-2.072611e+02
6.260000e-06	-4.252251e-06	-8.933340e-10	-2.298887e+01	-2.094233e+02
6.270000e-06	-4.299736e-06	-9.019378e-10	-2.324559e+01	-2.115581e+02
6.280000e-06	-4.347046e-06	-9.107100e-10	-2.350135e+01	-2.136663e+02
6.290000e-06	-4.394044e-06	-9.186895e-10	-2.375544e+01	-2.157485e+02
6.300000e-06	-4.440722e-06	-9.260988e-10	-2.400779e+01	-2.178053e+02
6.310000e-06	-4.487176e-06	-9.342042e-10	-2.425894e+01	-2.198371e+02
6.320000e-06	-4.533353e-06	-9.425007e-10	-2.450858e+01	-2.218444e+02
6.330000e-06	-4.579302e-06	-9.514046e-10	-2.475700e+01	-2.238275e+02
6.340000e-06	-4.624918e-06	-9.605299e-10	-2.500361e+01	-2.257866e+02
6.350000e-06	-4.670026e-06	-9.672804e-10	-2.524747e+01	-2.277218e+02
6.360000e-06	-4.714758e-06	-9.725080e-10	-2.548931e+01	-2.296332e+02
6.370000e-06	-4.759221e-06	-9.791111e-10	-2.572969e+01	-2.315207e+02
6.380000e-06	-4.803502e-06	-9.870620e-10	-2.596908e+01	-2.333839e+02
6.390000e-06	-4.847652e-06	-9.948574e-10	-2.620777e+01	-2.352227e+02
6.400000e-06	-4.891533e-06	-1.002069e-09	-2.644501e+01	-2.370367e+02
6.410000e-06	-4.935014e-06	-1.008861e-09	-2.668007e+01	-2.388253e+02
6.420000e-06	-4.978085e-06	-1.015190e-09	-2.691293e+01	-2.405880e+02
6.430000e-06	-5.020885e-06	-1.021516e-09	-2.714432e+01	-2.423242e+02
6.440000e-06	-5.063454e-06	-1.028055e-09	-2.737446e+01	-2.440332e+02
6.450000e-06	-5.105657e-06	-1.034989e-09	-2.760262e+01	-2.457144e+02
6.460000e-06	-5.147516e-06	-1.041831e-09	-2.782892e+01	-2.473671e+02
6.470000e-06	-5.188975e-06	-1.048543e-09	-2.805306e+01	-2.489907e+02
6.480000e-06	-5.230036e-06	-1.055731e-09	-2.827505e+01	-2.505844e+02
6.490000e-06	-5.270774e-06	-1.061778e-09	-2.849529e+01	-2.521478e+02
6.500000e-06	-5.311226e-06	-1.066133e-09	-2.871399e+01	-2.536802e+02
6.510000e-06	-5.351462e-06	-1.070778e-09	-2.893151e+01	-2.551813e+02
6.520000e-06	-5.391416e-06	-1.077128e-09	-2.914751e+01	-2.566508e+02
6.530000e-06	-5.431016e-06	-1.083844e-09	-2.936160e+01	-2.580884e+02
6.540000e-06	-5.470132e-06	-1.089582e-09	-2.957307e+01	-2.594940e+02
6.550000e-06	-5.508696e-06	-1.094647e-09	-2.978156e+01	-2.608678e+02
6.560000e-06	-5.546622e-06	-1.099297e-09	-2.998660e+01	-2.622098e+02
6.570000e-06	-5.583911e-06	-1.104018e-09	-3.018820e+01	-2.635205e+02
6.580000e-06	-5.620721e-06	-1.108559e-09	-3.038720e+01	-2.648003e+02
6.590000e-06	-5.657201e-06	-1.112507e-09	-3.058442e+01	-2.660499e+02
6.600000e-06	-5.693474e-06	-1.116302e-09	-3.078052e+01	-2.672701e+02
6.610000e-06	-5.729467e-06	-1.121846e-09	-3.097511e+01	-2.684618e+02
6.620000e-06	-5.765051e-06	-1.128289e-09	-3.116749e+01	-2.696259e+02
6.630000e-06	-5.800178e-06	-1.133253e-09	-3.135739e+01	-2.707638e+02
6.640000e-06	-5.834870e-06	-1.136314e-09	-3.154495e+01	-2.718766e+02
6.650000e-06	-5.869208e-06	-1.137808e-09	-3.173059e+01	-2.729657e+02
6.660000e-06	-5.903087e-06	-1.139834e-09	-3.191375e+01	-2.740325e+02
6.670000e-06	-5.936494e-06	-1.143398e-09	-3.209436e+01	-2.750783e+02
6.680000e-06	-5.969488e-06	-1.146706e-09	-3.227273e+01	-2.761047e+02
6.690000e-06	-6.002045e-06	-1.149114e-09	-3.244875e+01	-2.771132e+02
6.700000e-06	-6.034345e-06	-1.151131e-09	-3.262337e+01	-2.781051e+02
6.710000e-06	-6.066434e-06	-1.153463e-09	-3.279685e+01	-2.790818e+02
6.720000e-06	-6.098126e-06	-1.156841e-09	-3.296819e+01	-2.800447e+02
6.730000e-06	-6.129246e-06	-1.159420e-09	-3.313643e+01	-2.809949e+02
6.740000e-06	-6.159823e-06	-1.160625e-09	-3.330174e+01	-2.819338e+02
6.750000e-06	-6.189638e-06	-1.163416e-09	-3.346293e+01	-2.828622e+02
6.760000e-06	-6.218660e-06	-1.168634e-09	-3.361983e+01	-2.837810e+02
6.770000e-06	-6.247274e-06	-1.173337e-09	-3.377452e+01	-2.846911e+02
6.780000e-06	-6.275645e-06	-1.175423e-09	-3.392791e+01	-2.855930e+02
6.790000e-06	-6.303719e-06	-1.176243e-09	-3.407968e+01	-2.864872e+02
6.800000e-06	-6.331433e-06	-1.179133e-09	-3.422951e+01	-2.873740e+02
6.810000e-06	-6.358730e-06	-1.184172e-09	-3.437708e+01	-2.882534e+02
6.820000e-06	-6.385506e-06	-1.189074e-09	-3.452184e+01	-2.891257e+02
6.830000e-06	-6.411862e-06	-1.192425e-09	-3.466433e+01	-2.899904e+02
6.840000e-06	-6.437830e-06	-1.193774e-09	-3.480472e+01	-2.908474e+02
6.850000e-06	-6.463254e-06	-1.194891e-09	-3.494217e+01	-2.916962e+02
6.860000e-06	-6.488103e-06	-1.195965e-09	-3.507651e+01	-2.925364e+02
6.870000e-06	-6.512567e-06	-1.195780e-09	-3.520877e+01	-2.933671e+02
6.880000e-06	-6.536752e-06	-1.195647e-09	-3.533952e+01	-2.941877e+02
6.890000e-06	-6.560698e-06	-1.197570e-09	-3.546898e+01	-2.949974e+02
6.900000e-06	-6.584224e-06	-1.202396e-09	-3.559617e+01	-2.957953e+02
6.910000e-06	-6.607119e-06	-1.207885e-09	-3.571994e+01	-2.965805e+02
6.920000e-06	-6.629376e-06	-1.211653e-09	-3.584028e+01	-2.973521e+02
6.930000e-06	-6.650859e-06	-1.213651e-09	-3.595642e+01	-2.981091e+02
6.940000e-06	-6.671684e-06	-1.213984e-09	-3.606900e+01	-2.988506e+02
6.950000e-06	-6.692128e-06	-1.214329e-09	-3.617953e+01	-2.995758e+02
6.960000e-06	-6.712231e-06	-1.216188e-09	-3.628821e+01	-3.002838e+02
6.970000e-06	-6.731925e-06	-1.218475e-09	-3.639468e+01	-3.009737e+02
6.980000e-06	-6.751186e-06	-1.220277e-09	-3.649881e+01	-3.016449e+02
6.990000e-06	-6.769950e-06	-1.222158e-09	-3.660025e+01	-3.022968e+02
7.000000e-06	-6.788254e-06	-1.224112e-09	-3.669921e+01	-3.029286e+02
7.010000e-06	-6.806194e-06	-1.225333e-09	-3.679620e+01	-3.035399e+02
7.020000e-06	-6.823593e-06	-1.225350e-09	-3.689027e+01	-3.041304e+02
7.030000e-06	-6.840396e-06	-1.225333e-09	-3.698111e+01	-3.046996e+02
7.040000e-06	-6.856853e-06	-1.226537e-09	-3.707008e+01	-3.052473e+02
7.050000e-06	-6.873090e-06	-1.228546e-09	-3.715786e+01	-3.057734e+02
7.060000e-06	-6.888948e-06	-1.229931e-09	-3.724359e+01	-3.062779e+02
7.070000e-06	-6.904143e-06	-1.229610e-09	-3.732574e+01	-3.067605e+02
7.080000e-06	-6.918527e-06	-1.228495e-09	-3.740351e+01	-3.072216e+02
7.090000e-06	-6.932169e-06	-1.229305e-09	-3.747726e+01	-3.076610e+02
7.100000e-06	-6.945152e-06	-1.232703e-09	-3.754745e+01	-3.080791e+02
7.110000e-06	-6.957590e-06	-1.236120e-09	-3.761469e+01	-3.084760e+02
7.120000e-06	-6.969519e-06	-1.236440e-09	-3.767918e+01	-3.088519e+02
7.130000e-06	-6.980890e-06	-1.234625e-09	-3.774066e+01	-3.092071e+02
7.140000e-06	-6.991747e-06	-1.233468e-09	-3.779936e+01	-3.095419e+02
7.150000e-06	-7.002148e-06	-1.233365e-09	-3.785558e+01	-3.098564e+02
7.160000e-06	-7.012115e-06	-1.233278e-09	-3.790947e+01	-3.101511e+02
7.170000e-06	-7.021560e-06	-1.233271e-09	-3.796053e+01	-3.104261e+02
7.180000e-06	-7.030553e-06	-1.233522e-09	-3.800915e+01	-3.106817e+02
7.190000e-06	-7.039227e-06	-1.233335e-09	-3.805604e+01	-3.109181e+02
7.200000e-06	-7.047523e-06	-1.233977e-09	-3.810089e+01	-3.111356e+02
7.210000e-06	-7.055365e-06	-1.233870e-09	-3.814329e+01	-3.113344e+02
7.220000e-06	-7.062590e-06	-1.232277e-09	-3.818235e+01	-3.115145e+02
7.230000e-06	-7.069096e-06	-1.232900e-09	-3.821752e+01	-3.116763e+02
7.240000e-06	-7.074999e-06	-1.235172e-09	-3.824943e+01	-3.118198e+02
7.250000e-06	-7.080309e-06	-1.236648e-09	-3.827815e+01	-3.119452e+02
7.260000e-06	-7.085028e-06	-1.236456e-09	-3.830366e+01	-3.120526e+02
7.270000e-06	-7.089339e-06	-1.234061e-09	-3.832696e+01	-3.121422e+02
7.280000e-06	-7.093280e-06	-1.231977e-09	-3.834827e+01	-3.122140e+02
7.290000e-06	-7.096779e-06	-1.232310e-09	-3.836719e+01	-3.122683e+02
7.300000e-06	-7.099739e-06	-1.232979e-09	-3.838319e+01	-3.123053e+02
7.310000e-06	-7.102145e-06	-1.231445e-09	-3.839620e+01	-3.123250e+02
7.320000e-06	-7.104159e-06	-1.229827e-09	-3.840709e+01	-3.123278e+02
7.330000e-06	-7.105656e-06	-1.229344e-09	-3.841518e+01	-3.123139e+02
7.340000e-06	-7.106493e-06	-1.228213e-09	-3.841970e+01	-3.122837e+02
