# Temperatura_=_16.7
# Concentracion g/m^3_=_7400.0
# C_Vs_to_Am_M_A/Vsm_=_254322799225.57578
# pendiente_HvsI_1/m_=_3716.3
# ordenada_HvsI_A/m_=_1297.0
# frecuencia_Hz_=_136114.02655486035

Tiempo_(s)	Campo_(V.s)	Magnetizacion_(V.s)	Campo_(kA/m)	Magnetizacion_(A/m)
0.000000e+00	-7.144772e-06	-1.601028e-09	-3.842388e+01	-4.024187e+02
1.000000e-08	-7.144875e-06	-1.599461e-09	-3.842443e+01	-4.024005e+02
2.000000e-08	-7.144538e-06	-1.598879e-09	-3.842262e+01	-4.023690e+02
3.000000e-08	-7.143805e-06	-1.598870e-09	-3.841867e+01	-4.023257e+02
4.000000e-08	-7.142371e-06	-1.598377e-09	-3.841096e+01	-4.022721e+02
5.000000e-08	-7.140207e-06	-1.596281e-09	-3.839932e+01	-4.022095e+02
6.000000e-08	-7.137477e-06	-1.594619e-09	-3.838465e+01	-4.021394e+02
7.000000e-08	-7.134291e-06	-1.597878e-09	-3.836751e+01	-4.020628e+02
8.000000e-08	-7.130612e-06	-1.595064e-09	-3.834772e+01	-4.019810e+02
9.000000e-08	-7.126243e-06	-1.580829e-09	-3.832423e+01	-4.018948e+02
1.000000e-07	-7.121119e-06	-1.582155e-09	-3.829667e+01	-4.018051e+02
1.100000e-07	-7.115482e-06	-1.601450e-09	-3.826636e+01	-4.017126e+02
1.200000e-07	-7.109566e-06	-1.580344e-09	-3.823454e+01	-4.016177e+02
1.300000e-07	-7.103111e-06	-1.564449e-09	-3.819983e+01	-4.015209e+02
1.400000e-07	-7.096111e-06	-1.600610e-09	-3.816218e+01	-4.014223e+02
1.500000e-07	-7.088927e-06	-1.614164e-09	-3.812355e+01	-4.013218e+02
1.600000e-07	-7.081436e-06	-1.561103e-09	-3.808326e+01	-4.012193e+02
1.700000e-07	-7.073359e-06	-1.538671e-09	-3.803982e+01	-4.011144e+02
1.800000e-07	-7.064581e-06	-1.605491e-09	-3.799262e+01	-4.010067e+02
1.900000e-07	-7.055164e-06	-1.610008e-09	-3.794197e+01	-4.008955e+02
2.000000e-07	-7.045325e-06	-1.531794e-09	-3.788906e+01	-4.007800e+02
2.100000e-07	-7.034791e-06	-1.539826e-09	-3.783241e+01	-4.006593e+02
2.200000e-07	-7.023398e-06	-1.621978e-09	-3.777114e+01	-4.005326e+02
2.300000e-07	-7.011546e-06	-1.589990e-09	-3.770740e+01	-4.003986e+02
2.400000e-07	-6.999282e-06	-1.510834e-09	-3.764144e+01	-4.002562e+02
2.500000e-07	-6.986513e-06	-1.554522e-09	-3.757277e+01	-4.001044e+02
2.600000e-07	-6.973182e-06	-1.613544e-09	-3.750108e+01	-3.999419e+02
2.700000e-07	-6.958963e-06	-1.550158e-09	-3.742461e+01	-3.997675e+02
2.800000e-07	-6.943817e-06	-1.516207e-09	-3.734316e+01	-3.995800e+02
2.900000e-07	-6.928091e-06	-1.587431e-09	-3.725859e+01	-3.993783e+02
3.000000e-07	-6.911809e-06	-1.580350e-09	-3.717102e+01	-3.991614e+02
3.100000e-07	-6.895217e-06	-1.507434e-09	-3.708179e+01	-3.989282e+02
3.200000e-07	-6.878313e-06	-1.543610e-09	-3.699089e+01	-3.986777e+02
3.300000e-07	-6.860970e-06	-1.595749e-09	-3.689762e+01	-3.984091e+02
3.400000e-07	-6.843132e-06	-1.526508e-09	-3.680169e+01	-3.981217e+02
3.500000e-07	-6.824745e-06	-1.506411e-09	-3.670280e+01	-3.978147e+02
3.600000e-07	-6.805817e-06	-1.584934e-09	-3.660101e+01	-3.974877e+02
3.700000e-07	-6.786425e-06	-1.561397e-09	-3.649672e+01	-3.971403e+02
3.800000e-07	-6.766750e-06	-1.484104e-09	-3.639091e+01	-3.967720e+02
3.900000e-07	-6.746718e-06	-1.534113e-09	-3.628318e+01	-3.963826e+02
4.000000e-07	-6.726230e-06	-1.575178e-09	-3.617300e+01	-3.959722e+02
4.100000e-07	-6.705209e-06	-1.505644e-09	-3.605995e+01	-3.955405e+02
4.200000e-07	-6.683765e-06	-1.501658e-09	-3.594463e+01	-3.950877e+02
4.300000e-07	-6.661851e-06	-1.560762e-09	-3.582677e+01	-3.946139e+02
4.400000e-07	-6.639224e-06	-1.522350e-09	-3.570509e+01	-3.941193e+02
4.500000e-07	-6.616097e-06	-1.485990e-09	-3.558071e+01	-3.936042e+02
4.600000e-07	-6.592786e-06	-1.535636e-09	-3.545535e+01	-3.930687e+02
4.700000e-07	-6.569251e-06	-1.528788e-09	-3.532878e+01	-3.925134e+02
4.800000e-07	-6.545333e-06	-1.480257e-09	-3.520015e+01	-3.919384e+02
4.900000e-07	-6.520873e-06	-1.510140e-09	-3.506861e+01	-3.913442e+02
5.000000e-07	-6.495663e-06	-1.526234e-09	-3.493303e+01	-3.907311e+02
5.100000e-07	-6.469662e-06	-1.481172e-09	-3.479320e+01	-3.900995e+02
5.200000e-07	-6.442973e-06	-1.486243e-09	-3.464967e+01	-3.894496e+02
5.300000e-07	-6.415752e-06	-1.511449e-09	-3.450328e+01	-3.887819e+02
5.400000e-07	-6.388244e-06	-1.484268e-09	-3.435534e+01	-3.880965e+02
5.500000e-07	-6.360364e-06	-1.476988e-09	-3.420541e+01	-3.873938e+02
5.600000e-07	-6.332099e-06	-1.497372e-09	-3.405340e+01	-3.866740e+02
5.700000e-07	-6.303544e-06	-1.479996e-09	-3.389983e+01	-3.859372e+02
5.800000e-07	-6.274562e-06	-1.468189e-09	-3.374397e+01	-3.851837e+02
5.900000e-07	-6.245090e-06	-1.483346e-09	-3.358547e+01	-3.844135e+02
6.000000e-07	-6.215196e-06	-1.472964e-09	-3.342471e+01	-3.836269e+02
6.100000e-07	-6.184880e-06	-1.459414e-09	-3.326167e+01	-3.828239e+02
6.200000e-07	-6.153984e-06	-1.470202e-09	-3.309552e+01	-3.820046e+02
6.300000e-07	-6.122730e-06	-1.464056e-09	-3.292743e+01	-3.811691e+02
6.400000e-07	-6.091271e-06	-1.450327e-09	-3.275825e+01	-3.803174e+02
6.500000e-07	-6.059509e-06	-1.455067e-09	-3.258744e+01	-3.794497e+02
6.600000e-07	-6.027465e-06	-1.450836e-09	-3.241511e+01	-3.785661e+02
6.700000e-07	-5.994877e-06	-1.438929e-09	-3.223985e+01	-3.776666e+02
6.800000e-07	-5.961696e-06	-1.442548e-09	-3.206141e+01	-3.767514e+02
6.900000e-07	-5.927795e-06	-1.440113e-09	-3.187909e+01	-3.758205e+02
7.000000e-07	-5.893029e-06	-1.428407e-09	-3.169213e+01	-3.748742e+02
7.100000e-07	-5.857721e-06	-1.426906e-09	-3.150224e+01	-3.739125e+02
7.200000e-07	-5.822182e-06	-1.423626e-09	-3.131112e+01	-3.729357e+02
7.300000e-07	-5.786483e-06	-1.412955e-09	-3.111913e+01	-3.719439e+02
7.400000e-07	-5.750509e-06	-1.411041e-09	-3.092567e+01	-3.709373e+02
7.500000e-07	-5.714030e-06	-1.409666e-09	-3.072949e+01	-3.699161e+02
7.600000e-07	-5.677087e-06	-1.402492e-09	-3.053081e+01	-3.688805e+02
7.700000e-07	-5.639859e-06	-1.399352e-09	-3.033060e+01	-3.678306e+02
7.800000e-07	-5.602226e-06	-1.395737e-09	-3.012822e+01	-3.667666e+02
7.900000e-07	-5.564153e-06	-1.386520e-09	-2.992346e+01	-3.656885e+02
8.000000e-07	-5.525587e-06	-1.380448e-09	-2.971606e+01	-3.645965e+02
8.100000e-07	-5.486466e-06	-1.377203e-09	-2.950567e+01	-3.634905e+02
8.200000e-07	-5.446997e-06	-1.371009e-09	-2.929341e+01	-3.623704e+02
8.300000e-07	-5.407390e-06	-1.365009e-09	-2.908040e+01	-3.612363e+02
8.400000e-07	-5.367623e-06	-1.360072e-09	-2.886655e+01	-3.600879e+02
8.500000e-07	-5.327530e-06	-1.354660e-09	-2.865093e+01	-3.589249e+02
8.600000e-07	-5.286925e-06	-1.348477e-09	-2.843256e+01	-3.577470e+02
8.700000e-07	-5.245724e-06	-1.342360e-09	-2.821098e+01	-3.565538e+02
8.800000e-07	-5.203923e-06	-1.336456e-09	-2.798618e+01	-3.553446e+02
8.900000e-07	-5.161466e-06	-1.331664e-09	-2.775785e+01	-3.541190e+02
9.000000e-07	-5.118493e-06	-1.326696e-09	-2.752675e+01	-3.528762e+02
9.100000e-07	-5.075323e-06	-1.321942e-09	-2.729458e+01	-3.516154e+02
9.200000e-07	-5.031965e-06	-1.316648e-09	-2.706141e+01	-3.503358e+02
9.300000e-07	-4.988360e-06	-1.310049e-09	-2.682691e+01	-3.490364e+02
9.400000e-07	-4.944492e-06	-1.303167e-09	-2.659099e+01	-3.477163e+02
9.500000e-07	-4.900303e-06	-1.296709e-09	-2.635335e+01	-3.463744e+02
9.600000e-07	-4.855704e-06	-1.289694e-09	-2.611349e+01	-3.450097e+02
9.700000e-07	-4.810649e-06	-1.282968e-09	-2.587119e+01	-3.436211e+02
9.800000e-07	-4.765330e-06	-1.277656e-09	-2.562747e+01	-3.422076e+02
9.900000e-07	-4.719683e-06	-1.272256e-09	-2.538199e+01	-3.407679e+02
1.000000e-06	-4.673681e-06	-1.264865e-09	-2.513459e+01	-3.393012e+02
1.010000e-06	-4.627355e-06	-1.257181e-09	-2.488546e+01	-3.378063e+02
1.020000e-06	-4.580631e-06	-1.250707e-09	-2.463418e+01	-3.362824e+02
1.030000e-06	-4.533523e-06	-1.244934e-09	-2.438084e+01	-3.347285e+02
1.040000e-06	-4.486106e-06	-1.239513e-09	-2.412583e+01	-3.331438e+02
1.050000e-06	-4.438541e-06	-1.233647e-09	-2.387003e+01	-3.315276e+02
1.060000e-06	-4.390795e-06	-1.226526e-09	-2.361326e+01	-3.298793e+02
1.070000e-06	-4.342763e-06	-1.219379e-09	-2.335495e+01	-3.281983e+02
1.080000e-06	-4.294472e-06	-1.212637e-09	-2.309524e+01	-3.264843e+02
1.090000e-06	-4.245922e-06	-1.205128e-09	-2.283415e+01	-3.247368e+02
1.100000e-06	-4.196895e-06	-1.197347e-09	-2.257049e+01	-3.229559e+02
1.110000e-06	-4.147188e-06	-1.189734e-09	-2.230316e+01	-3.211412e+02
1.120000e-06	-4.096884e-06	-1.182893e-09	-2.203264e+01	-3.192930e+02
1.130000e-06	-4.046187e-06	-1.176478e-09	-2.175999e+01	-3.174113e+02
1.140000e-06	-3.995130e-06	-1.168666e-09	-2.148541e+01	-3.154963e+02
1.150000e-06	-3.943732e-06	-1.159652e-09	-2.120900e+01	-3.135483e+02
1.160000e-06	-3.892143e-06	-1.151651e-09	-2.093156e+01	-3.115678e+02
1.170000e-06	-3.840359e-06	-1.145042e-09	-2.065307e+01	-3.095550e+02
1.180000e-06	-3.788194e-06	-1.138562e-09	-2.037253e+01	-3.075106e+02
1.190000e-06	-3.735566e-06	-1.130458e-09	-2.008950e+01	-3.054349e+02
1.200000e-06	-3.682660e-06	-1.121055e-09	-1.980498e+01	-3.033285e+02
1.210000e-06	-3.629474e-06	-1.111925e-09	-1.951895e+01	-3.011918e+02
1.220000e-06	-3.576083e-06	-1.104564e-09	-1.923182e+01	-2.990255e+02
1.230000e-06	-3.522564e-06	-1.097674e-09	-1.894400e+01	-2.968299e+02
1.240000e-06	-3.468846e-06	-1.089322e-09	-1.865511e+01	-2.946054e+02
1.250000e-06	-3.414918e-06	-1.079398e-09	-1.836509e+01	-2.923525e+02
1.260000e-06	-3.360799e-06	-1.069131e-09	-1.807405e+01	-2.900714e+02
1.270000e-06	-3.306471e-06	-1.059917e-09	-1.778187e+01	-2.877624e+02
1.280000e-06	-3.251750e-06	-1.051543e-09	-1.748759e+01	-2.854257e+02
1.290000e-06	-3.196667e-06	-1.042505e-09	-1.719136e+01	-2.830612e+02
1.300000e-06	-3.141364e-06	-1.033169e-09	-1.689394e+01	-2.806691e+02
1.310000e-06	-3.085927e-06	-1.024869e-09	-1.659581e+01	-2.782492e+02
1.320000e-06	-3.030390e-06	-1.016536e-09	-1.629713e+01	-2.758014e+02
1.330000e-06	-2.974782e-06	-1.006194e-09	-1.599808e+01	-2.733255e+02
1.340000e-06	-2.919101e-06	-9.951960e-10	-1.569864e+01	-2.708211e+02
1.350000e-06	-2.863340e-06	-9.851583e-10	-1.539876e+01	-2.682878e+02
1.360000e-06	-2.807333e-06	-9.753825e-10	-1.509756e+01	-2.657252e+02
1.370000e-06	-2.751221e-06	-9.663678e-10	-1.479579e+01	-2.631327e+02
1.380000e-06	-2.695020e-06	-9.581029e-10	-1.449355e+01	-2.605098e+02
1.390000e-06	-2.638535e-06	-9.490683e-10	-1.418978e+01	-2.578559e+02
1.400000e-06	-2.581783e-06	-9.388074e-10	-1.388457e+01	-2.551703e+02
1.410000e-06	-2.524669e-06	-9.279699e-10	-1.357742e+01	-2.524523e+02
1.420000e-06	-2.467241e-06	-9.169832e-10	-1.326858e+01	-2.497012e+02
1.430000e-06	-2.409470e-06	-9.060898e-10	-1.295789e+01	-2.469162e+02
1.440000e-06	-2.351288e-06	-8.950081e-10	-1.264499e+01	-2.440965e+02
1.450000e-06	-2.292868e-06	-8.842876e-10	-1.233081e+01	-2.412412e+02
1.460000e-06	-2.234181e-06	-8.741687e-10	-1.201520e+01	-2.383495e+02
1.470000e-06	-2.175107e-06	-8.638263e-10	-1.169751e+01	-2.354205e+02
1.480000e-06	-2.115833e-06	-8.529727e-10	-1.137874e+01	-2.324532e+02
1.490000e-06	-2.056443e-06	-8.404947e-10	-1.105935e+01	-2.294466e+02
1.500000e-06	-1.997005e-06	-8.269267e-10	-1.073969e+01	-2.263996e+02
1.510000e-06	-1.937536e-06	-8.150863e-10	-1.041988e+01	-2.233111e+02
1.520000e-06	-1.878017e-06	-8.043726e-10	-1.009979e+01	-2.201798e+02
1.530000e-06	-1.818429e-06	-7.922984e-10	-9.779331e+00	-2.170044e+02
1.540000e-06	-1.758765e-06	-7.785542e-10	-9.458464e+00	-2.137834e+02
1.550000e-06	-1.699095e-06	-7.652405e-10	-9.137563e+00	-2.105154e+02
1.560000e-06	-1.639321e-06	-7.534367e-10	-8.816107e+00	-2.071987e+02
1.570000e-06	-1.579455e-06	-7.417555e-10	-8.494153e+00	-2.038313e+02
1.580000e-06	-1.519531e-06	-7.289534e-10	-8.171886e+00	-2.004116e+02
1.590000e-06	-1.459596e-06	-7.154109e-10	-7.849565e+00	-1.969372e+02
1.600000e-06	-1.399645e-06	-7.025477e-10	-7.527153e+00	-1.934061e+02
1.610000e-06	-1.339496e-06	-6.907055e-10	-7.203676e+00	-1.898159e+02
1.620000e-06	-1.279125e-06	-6.776257e-10	-6.879007e+00	-1.861641e+02
1.630000e-06	-1.218700e-06	-6.620672e-10	-6.554050e+00	-1.824482e+02
1.640000e-06	-1.158170e-06	-6.464678e-10	-6.228523e+00	-1.786654e+02
1.650000e-06	-1.097525e-06	-6.318870e-10	-5.902378e+00	-1.748130e+02
1.660000e-06	-1.036844e-06	-6.177214e-10	-5.576046e+00	-1.708881e+02
1.670000e-06	-9.760761e-07	-6.037012e-10	-5.249241e+00	-1.668880e+02
1.680000e-06	-9.151862e-07	-5.893554e-10	-4.921781e+00	-1.628098e+02
1.690000e-06	-8.543042e-07	-5.747920e-10	-4.594363e+00	-1.586506e+02
1.700000e-06	-7.935049e-07	-5.598244e-10	-4.267391e+00	-1.544078e+02
1.710000e-06	-7.326747e-07	-5.442294e-10	-3.940252e+00	-1.500788e+02
1.720000e-06	-6.717460e-07	-5.287764e-10	-3.612583e+00	-1.456611e+02
1.730000e-06	-6.106426e-07	-5.128482e-10	-3.283975e+00	-1.411525e+02
1.740000e-06	-5.493929e-07	-4.963466e-10	-2.954580e+00	-1.365510e+02
1.750000e-06	-4.881425e-07	-4.800919e-10	-2.625182e+00	-1.318551e+02
1.760000e-06	-4.269080e-07	-4.632498e-10	-2.295869e+00	-1.270634e+02
1.770000e-06	-3.656370e-07	-4.454942e-10	-1.966360e+00	-1.221750e+02
1.780000e-06	-3.043470e-07	-4.265685e-10	-1.636748e+00	-1.171895e+02
1.790000e-06	-2.430241e-07	-4.066422e-10	-1.306959e+00	-1.121069e+02
1.800000e-06	-1.817138e-07	-3.874612e-10	-9.772389e-01	-1.069276e+02
1.810000e-06	-1.205062e-07	-3.695030e-10	-6.480705e-01	-1.016529e+02
1.820000e-06	-5.923120e-08	-3.512528e-10	-3.185395e-01	-9.628420e+01
1.830000e-06	2.005222e-09	-3.320740e-10	1.078388e-02	-9.082387e+01
1.840000e-06	6.305836e-08	-3.121531e-10	3.391216e-01	-8.527466e+01
1.850000e-06	1.241775e-07	-2.915646e-10	6.678145e-01	-7.963997e+01
1.860000e-06	1.855035e-07	-2.698541e-10	9.976193e-01	-7.392378e+01
1.870000e-06	2.468264e-07	-2.466443e-10	1.327408e+00	-6.813065e+01
1.880000e-06	3.080715e-07	-2.233942e-10	1.656778e+00	-6.226568e+01
1.890000e-06	3.694274e-07	-2.014258e-10	1.986744e+00	-5.633452e+01
1.900000e-06	4.308317e-07	-1.797688e-10	2.316970e+00	-5.034327e+01
1.910000e-06	4.920737e-07	-1.569883e-10	2.646323e+00	-4.429851e+01
1.920000e-06	5.531899e-07	-1.333860e-10	2.975000e+00	-3.820719e+01
1.930000e-06	6.143568e-07	-1.103562e-10	3.303950e+00	-3.207661e+01
1.940000e-06	6.755441e-07	-8.805173e-11	3.633009e+00	-2.591433e+01
1.950000e-06	7.365915e-07	-6.449580e-11	3.961316e+00	-1.972815e+01
1.960000e-06	7.974254e-07	-4.031212e-11	4.288475e+00	-1.352599e+01
1.970000e-06	8.582529e-07	-1.746277e-11	4.615599e+00	-7.315829e+00
1.980000e-06	9.190496e-07	4.894947e-12	4.942558e+00	-1.105673e+00
1.990000e-06	9.797467e-07	2.764500e-11	5.268981e+00	5.096564e+00
2.000000e-06	1.040329e-06	5.002557e-11	5.594788e+00	1.128311e+01
2.010000e-06	1.100938e-06	7.232253e-11	5.920734e+00	1.744643e+01
2.020000e-06	1.161493e-06	9.511868e-11	6.246394e+00	2.357923e+01
2.030000e-06	1.221831e-06	1.172068e-10	6.570885e+00	2.967460e+01
2.040000e-06	1.282192e-06	1.393317e-10	6.895502e+00	3.572603e+01
2.050000e-06	1.342490e-06	1.626631e-10	7.219776e+00	4.172745e+01
2.060000e-06	1.402547e-06	1.860183e-10	7.542759e+00	4.767329e+01
2.070000e-06	1.462427e-06	2.071615e-10	7.864785e+00	5.355854e+01
2.080000e-06	1.522271e-06	2.270894e-10	8.186624e+00	5.937873e+01
2.090000e-06	1.582141e-06	2.484185e-10	8.508600e+00	6.512999e+01
2.100000e-06	1.641963e-06	2.710997e-10	8.830314e+00	7.080905e+01
2.110000e-06	1.701694e-06	2.928736e-10	9.151541e+00	7.641326e+01
2.120000e-06	1.761354e-06	3.131338e-10	9.472386e+00	8.194056e+01
2.130000e-06	1.820944e-06	3.334281e-10	9.792854e+00	8.738947e+01
2.140000e-06	1.880444e-06	3.540015e-10	1.011284e+01	9.275911e+01
2.150000e-06	1.939842e-06	3.743179e-10	1.043228e+01	9.804911e+01
2.160000e-06	1.999133e-06	3.936270e-10	1.075114e+01	1.032596e+02
2.170000e-06	2.058322e-06	4.118094e-10	1.106945e+01	1.083913e+02
2.180000e-06	2.117418e-06	4.299828e-10	1.138726e+01	1.134452e+02
2.190000e-06	2.176445e-06	4.484698e-10	1.170470e+01	1.184228e+02
2.200000e-06	2.235309e-06	4.663586e-10	1.202127e+01	1.233258e+02
2.210000e-06	2.293951e-06	4.834001e-10	1.233664e+01	1.281563e+02
2.220000e-06	2.352206e-06	5.000115e-10	1.264993e+01	1.329165e+02
2.230000e-06	2.410056e-06	5.165425e-10	1.296104e+01	1.376088e+02
2.240000e-06	2.467559e-06	5.335548e-10	1.327029e+01	1.422359e+02
2.250000e-06	2.524727e-06	5.514236e-10	1.357773e+01	1.468002e+02
2.260000e-06	2.581723e-06	5.689626e-10	1.388425e+01	1.513044e+02
2.270000e-06	2.638429e-06	5.858616e-10	1.418921e+01	1.557510e+02
2.280000e-06	2.694836e-06	6.022692e-10	1.449256e+01	1.601425e+02
2.290000e-06	2.751047e-06	6.177469e-10	1.479486e+01	1.644813e+02
2.300000e-06	2.807084e-06	6.328288e-10	1.509622e+01	1.687695e+02
2.310000e-06	2.862968e-06	6.478465e-10	1.539676e+01	1.730091e+02
2.320000e-06	2.918733e-06	6.621586e-10	1.569666e+01	1.772020e+02
2.330000e-06	2.974351e-06	6.766318e-10	1.599577e+01	1.813496e+02
2.340000e-06	3.029785e-06	6.914780e-10	1.629388e+01	1.854534e+02
2.350000e-06	3.085086e-06	7.057841e-10	1.659128e+01	1.895143e+02
2.360000e-06	3.140225e-06	7.196059e-10	1.688782e+01	1.935333e+02
2.370000e-06	3.195137e-06	7.336207e-10	1.718313e+01	1.975110e+02
2.380000e-06	3.249854e-06	7.489193e-10	1.747740e+01	2.014476e+02
2.390000e-06	3.304376e-06	7.638221e-10	1.777061e+01	2.053434e+02
2.400000e-06	3.358617e-06	7.774353e-10	1.806231e+01	2.091983e+02
2.410000e-06	3.412627e-06	7.897823e-10	1.835277e+01	2.130121e+02
2.420000e-06	3.466501e-06	8.014456e-10	1.864250e+01	2.167843e+02
2.430000e-06	3.520125e-06	8.145911e-10	1.893089e+01	2.205144e+02
2.440000e-06	3.573458e-06	8.288048e-10	1.921770e+01	2.242018e+02
2.450000e-06	3.626534e-06	8.428645e-10	1.950314e+01	2.278457e+02
2.460000e-06	3.679305e-06	8.557511e-10	1.978694e+01	2.314454e+02
2.470000e-06	3.731841e-06	8.678012e-10	2.006947e+01	2.349999e+02
2.480000e-06	3.784158e-06	8.801225e-10	2.035082e+01	2.385086e+02
2.490000e-06	3.836057e-06	8.912850e-10	2.062993e+01	2.419704e+02
2.500000e-06	3.887560e-06	9.015959e-10	2.090691e+01	2.453846e+02
2.510000e-06	3.938829e-06	9.128147e-10	2.118263e+01	2.487505e+02
2.520000e-06	3.989826e-06	9.250150e-10	2.145689e+01	2.520672e+02
2.530000e-06	4.040469e-06	9.379110e-10	2.172924e+01	2.553342e+02
2.540000e-06	4.090667e-06	9.508593e-10	2.199920e+01	2.585510e+02
2.550000e-06	4.140321e-06	9.624093e-10	2.226624e+01	2.617169e+02
2.560000e-06	4.189479e-06	9.721184e-10	2.253060e+01	2.648317e+02
2.570000e-06	4.238254e-06	9.818242e-10	2.279291e+01	2.678950e+02
2.580000e-06	4.286659e-06	9.936253e-10	2.305323e+01	2.709067e+02
2.590000e-06	4.334753e-06	1.006207e-09	2.331187e+01	2.738665e+02
2.600000e-06	4.382586e-06	1.017361e-09	2.356911e+01	2.767746e+02
2.610000e-06	4.430118e-06	1.027727e-09	2.382473e+01	2.796308e+02
2.620000e-06	4.477326e-06	1.038273e-09	2.407862e+01	2.824354e+02
2.630000e-06	4.524328e-06	1.048865e-09	2.433139e+01	2.851885e+02
2.640000e-06	4.571093e-06	1.058650e-09	2.458288e+01	2.878903e+02
2.650000e-06	4.617465e-06	1.067559e-09	2.483227e+01	2.905411e+02
2.660000e-06	4.663437e-06	1.076336e-09	2.507950e+01	2.931411e+02
2.670000e-06	4.709082e-06	1.084972e-09	2.532497e+01	2.956908e+02
2.680000e-06	4.754401e-06	1.093229e-09	2.556869e+01	2.981905e+02
2.690000e-06	4.799412e-06	1.101785e-09	2.581076e+01	3.006405e+02
2.700000e-06	4.844206e-06	1.110884e-09	2.605166e+01	3.030413e+02
2.710000e-06	4.888739e-06	1.120182e-09	2.629115e+01	3.053932e+02
2.720000e-06	4.933009e-06	1.129319e-09	2.652923e+01	3.076966e+02
2.730000e-06	4.977003e-06	1.137496e-09	2.676583e+01	3.099520e+02
2.740000e-06	5.020753e-06	1.145259e-09	2.700111e+01	3.121598e+02
2.750000e-06	5.064168e-06	1.153388e-09	2.723459e+01	3.143204e+02
2.760000e-06	5.107202e-06	1.160772e-09	2.746603e+01	3.164344e+02
2.770000e-06	5.149939e-06	1.168218e-09	2.769586e+01	3.185021e+02
2.780000e-06	5.192089e-06	1.176320e-09	2.792254e+01	3.205241e+02
2.790000e-06	5.233655e-06	1.184003e-09	2.814608e+01	3.225009e+02
2.800000e-06	5.274677e-06	1.191585e-09	2.836669e+01	3.244332e+02
2.810000e-06	5.315203e-06	1.199255e-09	2.858464e+01	3.263215e+02
2.820000e-06	5.355343e-06	1.206672e-09	2.880050e+01	3.281665e+02
2.830000e-06	5.395046e-06	1.214513e-09	2.901402e+01	3.299691e+02
2.840000e-06	5.434496e-06	1.222536e-09	2.922618e+01	3.317299e+02
2.850000e-06	5.473758e-06	1.230055e-09	2.943733e+01	3.334499e+02
2.860000e-06	5.512699e-06	1.237882e-09	2.964675e+01	3.351300e+02
2.870000e-06	5.551246e-06	1.245635e-09	2.985405e+01	3.367713e+02
2.880000e-06	5.589364e-06	1.251760e-09	3.005905e+01	3.383747e+02
2.890000e-06	5.627021e-06	1.256199e-09	3.026156e+01	3.399414e+02
2.900000e-06	5.664221e-06	1.260746e-09	3.046162e+01	3.414728e+02
2.910000e-06	5.701008e-06	1.268054e-09	3.065946e+01	3.429699e+02
2.920000e-06	5.737465e-06	1.277128e-09	3.085552e+01	3.444342e+02
2.930000e-06	5.773591e-06	1.284696e-09	3.104980e+01	3.458670e+02
2.940000e-06	5.809422e-06	1.290307e-09	3.124250e+01	3.472697e+02
2.950000e-06	5.844954e-06	1.295000e-09	3.143358e+01	3.486438e+02
2.960000e-06	5.880096e-06	1.299528e-09	3.162257e+01	3.499907e+02
2.970000e-06	5.914795e-06	1.304549e-09	3.180918e+01	3.513118e+02
2.980000e-06	5.948928e-06	1.310875e-09	3.199275e+01	3.526086e+02
2.990000e-06	5.982338e-06	1.317666e-09	3.217242e+01	3.538825e+02
3.000000e-06	6.015070e-06	1.323751e-09	3.234845e+01	3.551350e+02
3.010000e-06	6.047392e-06	1.329220e-09	3.252228e+01	3.563673e+02
3.020000e-06	6.079377e-06	1.334261e-09	3.269429e+01	3.575807e+02
3.030000e-06	6.110940e-06	1.338969e-09	3.286403e+01	3.587765e+02
3.040000e-06	6.142156e-06	1.343298e-09	3.303191e+01	3.599558e+02
3.050000e-06	6.173021e-06	1.347734e-09	3.319790e+01	3.611197e+02
3.060000e-06	6.203488e-06	1.353795e-09	3.336174e+01	3.622692e+02
3.070000e-06	6.233563e-06	1.360326e-09	3.352348e+01	3.634051e+02
3.080000e-06	6.263185e-06	1.364728e-09	3.368279e+01	3.645283e+02
3.090000e-06	6.292340e-06	1.367181e-09	3.383958e+01	3.656394e+02
3.100000e-06	6.321056e-06	1.370164e-09	3.399401e+01	3.667391e+02
3.110000e-06	6.349432e-06	1.374140e-09	3.414661e+01	3.678278e+02
3.120000e-06	6.377491e-06	1.378907e-09	3.429752e+01	3.689059e+02
3.130000e-06	6.405167e-06	1.384395e-09	3.444635e+01	3.699737e+02
3.140000e-06	6.432520e-06	1.389603e-09	3.459346e+01	3.710313e+02
3.150000e-06	6.459542e-06	1.395654e-09	3.473877e+01	3.720791e+02
3.160000e-06	6.486119e-06	1.401271e-09	3.488170e+01	3.731168e+02
3.170000e-06	6.511920e-06	1.404112e-09	3.502046e+01	3.741445e+02
3.180000e-06	6.536735e-06	1.405951e-09	3.515391e+01	3.751621e+02
3.190000e-06	6.560842e-06	1.409558e-09	3.528356e+01	3.761694e+02
3.200000e-06	6.584457e-06	1.414935e-09	3.541056e+01	3.771662e+02
3.210000e-06	6.607658e-06	1.420385e-09	3.553533e+01	3.781521e+02
3.220000e-06	6.630521e-06	1.426405e-09	3.565828e+01	3.791268e+02
3.230000e-06	6.652953e-06	1.432822e-09	3.577892e+01	3.800900e+02
3.240000e-06	6.674903e-06	1.437993e-09	3.589696e+01	3.810412e+02
3.250000e-06	6.696429e-06	1.441506e-09	3.601273e+01	3.819800e+02
3.260000e-06	6.717529e-06	1.444993e-09	3.612621e+01	3.829058e+02
3.270000e-06	6.738226e-06	1.449745e-09	3.623751e+01	3.838183e+02
3.280000e-06	6.758501e-06	1.454140e-09	3.634655e+01	3.847169e+02
3.290000e-06	6.778367e-06	1.458032e-09	3.645339e+01	3.856010e+02
3.300000e-06	6.797876e-06	1.462394e-09	3.655830e+01	3.864700e+02
3.310000e-06	6.816885e-06	1.466570e-09	3.666053e+01	3.873234e+02
3.320000e-06	6.835439e-06	1.470320e-09	3.676031e+01	3.881606e+02
3.330000e-06	6.853713e-06	1.474896e-09	3.685859e+01	3.889809e+02
3.340000e-06	6.871435e-06	1.480260e-09	3.695390e+01	3.897836e+02
3.350000e-06	6.888496e-06	1.485137e-09	3.704565e+01	3.905681e+02
3.360000e-06	6.905117e-06	1.489089e-09	3.713503e+01	3.913336e+02
3.370000e-06	6.921313e-06	1.493175e-09	3.722213e+01	3.920796e+02
3.380000e-06	6.936924e-06	1.497695e-09	3.730609e+01	3.928052e+02
3.390000e-06	6.951845e-06	1.500720e-09	3.738633e+01	3.935097e+02
3.400000e-06	6.966182e-06	1.503756e-09	3.746344e+01	3.941923e+02
3.410000e-06	6.979937e-06	1.508163e-09	3.753741e+01	3.948524e+02
3.420000e-06	6.993104e-06	1.512566e-09	3.760822e+01	3.954891e+02
3.430000e-06	7.005884e-06	1.516147e-09	3.767695e+01	3.961017e+02
3.440000e-06	7.018163e-06	1.518575e-09	3.774298e+01	3.966896e+02
3.450000e-06	7.029865e-06	1.521590e-09	3.780592e+01	3.972520e+02
3.460000e-06	7.041028e-06	1.526147e-09	3.786595e+01	3.977883e+02
3.470000e-06	7.051599e-06	1.530210e-09	3.792280e+01	3.982978e+02
3.480000e-06	7.061542e-06	1.532253e-09	3.797627e+01	3.987801e+02
3.490000e-06	7.070748e-06	1.534202e-09	3.802578e+01	3.992347e+02
3.500000e-06	7.079258e-06	1.537918e-09	3.807155e+01	3.996612e+02
3.510000e-06	7.087273e-06	1.541744e-09	3.811465e+01	4.000592e+02
3.520000e-06	7.094926e-06	1.544056e-09	3.815581e+01	4.004287e+02
3.530000e-06	7.102165e-06	1.546346e-09	3.819474e+01	4.007694e+02
3.540000e-06	7.109001e-06	1.549734e-09	3.823150e+01	4.010816e+02
3.550000e-06	7.115315e-06	1.552951e-09	3.826546e+01	4.013652e+02
3.560000e-06	7.121040e-06	1.555534e-09	3.829624e+01	4.016207e+02
3.570000e-06	7.126286e-06	1.557054e-09	3.832446e+01	4.018485e+02
3.580000e-06	7.130978e-06	1.557723e-09	3.834969e+01	4.020490e+02
3.590000e-06	7.135164e-06	1.559218e-09	3.837220e+01	4.022231e+02
3.600000e-06	7.139036e-06	1.561662e-09	3.839303e+01	4.023716e+02
3.610000e-06	7.142604e-06	1.563899e-09	3.841222e+01	4.024954e+02
3.620000e-06	7.145771e-06	1.565577e-09	3.842925e+01	4.025957e+02
3.630000e-06	7.148423e-06	1.567570e-09	3.844351e+01	4.026735e+02
3.640000e-06	7.150248e-06	1.568788e-09	3.845333e+01	4.027302e+02
3.650000e-06	7.151152e-06	1.569526e-09	3.845819e+01	4.027672e+02
3.660000e-06	7.151489e-06	1.570495e-09	3.846000e+01	4.027859e+02
3.670000e-06	7.151454e-06	1.570232e-09	3.845981e+01	4.027878e+02
3.680000e-06	7.150983e-06	1.570811e-09	3.845728e+01	4.027743e+02
3.690000e-06	7.150057e-06	1.571512e-09	3.845230e+01	4.027471e+02
3.700000e-06	7.148625e-06	1.571161e-09	3.844460e+01	4.027075e+02
3.710000e-06	7.146722e-06	1.571321e-09	3.843436e+01	4.026572e+02
3.720000e-06	7.144440e-06	1.570009e-09	3.842209e+01	4.025975e+02
3.730000e-06	7.141718e-06	1.567146e-09	3.840745e+01	4.025297e+02
3.740000e-06	7.138476e-06	1.564375e-09	3.839001e+01	4.024551e+02
3.750000e-06	7.134768e-06	1.577486e-09	3.837008e+01	4.023749e+02
3.760000e-06	7.130645e-06	1.596199e-09	3.834790e+01	4.022901e+02
3.770000e-06	7.125622e-06	1.566720e-09	3.832089e+01	4.022015e+02
3.780000e-06	7.119846e-06	1.558652e-09	3.828983e+01	4.021098e+02
3.790000e-06	7.113792e-06	1.603052e-09	3.825727e+01	4.020157e+02
3.800000e-06	7.107322e-06	1.583593e-09	3.822247e+01	4.019195e+02
3.810000e-06	7.100317e-06	1.539312e-09	3.818480e+01	4.018215e+02
3.820000e-06	7.092832e-06	1.559606e-09	3.814455e+01	4.017216e+02
3.830000e-06	7.084872e-06	1.620005e-09	3.810174e+01	4.016198e+02
3.840000e-06	7.076416e-06	1.603835e-09	3.805626e+01	4.015158e+02
3.850000e-06	7.067450e-06	1.524497e-09	3.800805e+01	4.014091e+02
3.860000e-06	7.057986e-06	1.556812e-09	3.795715e+01	4.012991e+02
3.870000e-06	7.048241e-06	1.640858e-09	3.790474e+01	4.011851e+02
3.880000e-06	7.038158e-06	1.585759e-09	3.785052e+01	4.010663e+02
3.890000e-06	7.027394e-06	1.496096e-09	3.779263e+01	4.009416e+02
3.900000e-06	7.016035e-06	1.578050e-09	3.773154e+01	4.008102e+02
3.910000e-06	7.004140e-06	1.665557e-09	3.766757e+01	4.006707e+02
3.920000e-06	6.991600e-06	1.567843e-09	3.760013e+01	4.005222e+02
3.930000e-06	6.978315e-06	1.503002e-09	3.752869e+01	4.003634e+02
3.940000e-06	6.964285e-06	1.620431e-09	3.745323e+01	4.001930e+02
3.950000e-06	6.949543e-06	1.646773e-09	3.737396e+01	4.000101e+02
3.960000e-06	6.934112e-06	1.520903e-09	3.729096e+01	3.998132e+02
3.970000e-06	6.918260e-06	1.544003e-09	3.720572e+01	3.996015e+02
3.980000e-06	6.902025e-06	1.667866e-09	3.711841e+01	3.993738e+02
3.990000e-06	6.885298e-06	1.600387e-09	3.702845e+01	3.991292e+02
4.000000e-06	6.868085e-06	1.505294e-09	3.693588e+01	3.988667e+02
4.010000e-06	6.850504e-06	1.612553e-09	3.684133e+01	3.985856e+02
4.020000e-06	6.832452e-06	1.652090e-09	3.674425e+01	3.982853e+02
4.030000e-06	6.813879e-06	1.521922e-09	3.664437e+01	3.979650e+02
4.040000e-06	6.794821e-06	1.543567e-09	3.654187e+01	3.976244e+02
4.050000e-06	6.775326e-06	1.662156e-09	3.643703e+01	3.972631e+02
4.060000e-06	6.755430e-06	1.584026e-09	3.633003e+01	3.968808e+02
4.070000e-06	6.735214e-06	1.509885e-09	3.622131e+01	3.964773e+02
4.080000e-06	6.714644e-06	1.617798e-09	3.611069e+01	3.960527e+02
4.090000e-06	6.693599e-06	1.625517e-09	3.599751e+01	3.956070e+02
4.100000e-06	6.671898e-06	1.518603e-09	3.588081e+01	3.951401e+02
4.110000e-06	6.649448e-06	1.571475e-09	3.576007e+01	3.946524e+02
4.120000e-06	6.626219e-06	1.631974e-09	3.563515e+01	3.941441e+02
4.130000e-06	6.602356e-06	1.542619e-09	3.550682e+01	3.936154e+02
4.140000e-06	6.578224e-06	1.537794e-09	3.537704e+01	3.930666e+02
4.150000e-06	6.553815e-06	1.613457e-09	3.524577e+01	3.924982e+02
4.160000e-06	6.528888e-06	1.563883e-09	3.511171e+01	3.919103e+02
4.170000e-06	6.503453e-06	1.530524e-09	3.497493e+01	3.913035e+02
4.180000e-06	6.477660e-06	1.596816e-09	3.483621e+01	3.906780e+02
4.190000e-06	6.451389e-06	1.578937e-09	3.469493e+01	3.900342e+02
4.200000e-06	6.424616e-06	1.532700e-09	3.455095e+01	3.893724e+02
4.210000e-06	6.397311e-06	1.574616e-09	3.440410e+01	3.886928e+02
4.220000e-06	6.369548e-06	1.571033e-09	3.425480e+01	3.879959e+02
4.230000e-06	6.341467e-06	1.528515e-09	3.410378e+01	3.872817e+02
4.240000e-06	6.313094e-06	1.559894e-09	3.395120e+01	3.865506e+02
4.250000e-06	6.284452e-06	1.567621e-09	3.379716e+01	3.858026e+02
4.260000e-06	6.255380e-06	1.531864e-09	3.364081e+01	3.850380e+02
4.270000e-06	6.225622e-06	1.551092e-09	3.348078e+01	3.842568e+02
4.280000e-06	6.195068e-06	1.559371e-09	3.331646e+01	3.834592e+02
4.290000e-06	6.163792e-06	1.526643e-09	3.314826e+01	3.826453e+02
4.300000e-06	6.131999e-06	1.539301e-09	3.297728e+01	3.818152e+02
4.310000e-06	6.099873e-06	1.549831e-09	3.280451e+01	3.809689e+02
4.320000e-06	6.067422e-06	1.523149e-09	3.262999e+01	3.801066e+02
4.330000e-06	6.034620e-06	1.531266e-09	3.245359e+01	3.792282e+02
4.340000e-06	6.001475e-06	1.541752e-09	3.227534e+01	3.783340e+02
4.350000e-06	5.967871e-06	1.515997e-09	3.209462e+01	3.774240e+02
4.360000e-06	5.933798e-06	1.517413e-09	3.191138e+01	3.764983e+02
4.370000e-06	5.899326e-06	1.529024e-09	3.172599e+01	3.755571e+02
4.380000e-06	5.864443e-06	1.511701e-09	3.153839e+01	3.746006e+02
4.390000e-06	5.829090e-06	1.511485e-09	3.134827e+01	3.736288e+02
4.400000e-06	5.793327e-06	1.521587e-09	3.115594e+01	3.726420e+02
4.410000e-06	5.757328e-06	1.505679e-09	3.096234e+01	3.716403e+02
4.420000e-06	5.721108e-06	1.498996e-09	3.076755e+01	3.706239e+02
4.430000e-06	5.684611e-06	1.506054e-09	3.057127e+01	3.695931e+02
4.440000e-06	5.647753e-06	1.497073e-09	3.037305e+01	3.685479e+02
4.450000e-06	5.610372e-06	1.489661e-09	3.017202e+01	3.674886e+02
4.460000e-06	5.572295e-06	1.492902e-09	2.996725e+01	3.664152e+02
4.470000e-06	5.533354e-06	1.488892e-09	2.975783e+01	3.653278e+02
4.480000e-06	5.493705e-06	1.483243e-09	2.954460e+01	3.642264e+02
4.490000e-06	5.453734e-06	1.481358e-09	2.932964e+01	3.631111e+02
4.500000e-06	5.413634e-06	1.476032e-09	2.911399e+01	3.619817e+02
4.510000e-06	5.373351e-06	1.471406e-09	2.889735e+01	3.608381e+02
4.520000e-06	5.332692e-06	1.468354e-09	2.867869e+01	3.596800e+02
4.530000e-06	5.291520e-06	1.464823e-09	2.845727e+01	3.585071e+02
4.540000e-06	5.250012e-06	1.462518e-09	2.823404e+01	3.573190e+02
4.550000e-06	5.208380e-06	1.458702e-09	2.801015e+01	3.561152e+02
4.560000e-06	5.166463e-06	1.453386e-09	2.778473e+01	3.548951e+02
4.570000e-06	5.124107e-06	1.451094e-09	2.755694e+01	3.536581e+02
4.580000e-06	5.081309e-06	1.448383e-09	2.732677e+01	3.524034e+02
4.590000e-06	5.038213e-06	1.443028e-09	2.709501e+01	3.511301e+02
4.600000e-06	4.994824e-06	1.438852e-09	2.686167e+01	3.498374e+02
4.610000e-06	4.951053e-06	1.435615e-09	2.662627e+01	3.485244e+02
4.620000e-06	4.906969e-06	1.430276e-09	2.638919e+01	3.471898e+02
4.630000e-06	4.862623e-06	1.424680e-09	2.615070e+01	3.458329e+02
4.640000e-06	4.818060e-06	1.419214e-09	2.591105e+01	3.444524e+02
4.650000e-06	4.773267e-06	1.413606e-09	2.567016e+01	3.430473e+02
4.660000e-06	4.728134e-06	1.408290e-09	2.542744e+01	3.416164e+02
4.670000e-06	4.682583e-06	1.403248e-09	2.518247e+01	3.401588e+02
4.680000e-06	4.636588e-06	1.397441e-09	2.493511e+01	3.386735e+02
4.690000e-06	4.590292e-06	1.391246e-09	2.468614e+01	3.371593e+02
4.700000e-06	4.543753e-06	1.385203e-09	2.443585e+01	3.356155e+02
4.710000e-06	4.496813e-06	1.379332e-09	2.418341e+01	3.340411e+02
4.720000e-06	4.449567e-06	1.374874e-09	2.392933e+01	3.324355e+02
4.730000e-06	4.402047e-06	1.371074e-09	2.367377e+01	3.307980e+02
4.740000e-06	4.354177e-06	1.365095e-09	2.341633e+01	3.291279e+02
4.750000e-06	4.306095e-06	1.358585e-09	2.315775e+01	3.274249e+02
4.760000e-06	4.257633e-06	1.353203e-09	2.289713e+01	3.256886e+02
4.770000e-06	4.208603e-06	1.345630e-09	2.263345e+01	3.239189e+02
4.780000e-06	4.159139e-06	1.336480e-09	2.236743e+01	3.221154e+02
4.790000e-06	4.109284e-06	1.329314e-09	2.209932e+01	3.202784e+02
4.800000e-06	4.059185e-06	1.324093e-09	2.182989e+01	3.184078e+02
4.810000e-06	4.008821e-06	1.318634e-09	2.155904e+01	3.165039e+02
4.820000e-06	3.958015e-06	1.312137e-09	2.128581e+01	3.145669e+02
4.830000e-06	3.906950e-06	1.303603e-09	2.101119e+01	3.125971e+02
4.840000e-06	3.855645e-06	1.294725e-09	2.073528e+01	3.105951e+02
4.850000e-06	3.803989e-06	1.286435e-09	2.045748e+01	3.085611e+02
4.860000e-06	3.752120e-06	1.278222e-09	2.017853e+01	3.064958e+02
4.870000e-06	3.700056e-06	1.271029e-09	1.989853e+01	3.043995e+02
4.880000e-06	3.647728e-06	1.264525e-09	1.961712e+01	3.022729e+02
4.890000e-06	3.595125e-06	1.258012e-09	1.933422e+01	3.001164e+02
4.900000e-06	3.542326e-06	1.251584e-09	1.905028e+01	2.979305e+02
4.910000e-06	3.489213e-06	1.243119e-09	1.876464e+01	2.957156e+02
4.920000e-06	3.435763e-06	1.232700e-09	1.847719e+01	2.934721e+02
4.930000e-06	3.381888e-06	1.222106e-09	1.818746e+01	2.912004e+02
4.940000e-06	3.327367e-06	1.212679e-09	1.789425e+01	2.889007e+02
4.950000e-06	3.272382e-06	1.203654e-09	1.759855e+01	2.865732e+02
4.960000e-06	3.217052e-06	1.194012e-09	1.730099e+01	2.842179e+02
4.970000e-06	3.161418e-06	1.185586e-09	1.700180e+01	2.818350e+02
4.980000e-06	3.105628e-06	1.177869e-09	1.670176e+01	2.794244e+02
4.990000e-06	3.049698e-06	1.169109e-09	1.640097e+01	2.769860e+02
5.000000e-06	2.993565e-06	1.159838e-09	1.609910e+01	2.745194e+02
5.010000e-06	2.937290e-06	1.150331e-09	1.579645e+01	2.720245e+02
5.020000e-06	2.880887e-06	1.139355e-09	1.549312e+01	2.695009e+02
5.030000e-06	2.824345e-06	1.127002e-09	1.518905e+01	2.669481e+02
5.040000e-06	2.767718e-06	1.115691e-09	1.488451e+01	2.643656e+02
5.050000e-06	2.710956e-06	1.104914e-09	1.457925e+01	2.617530e+02
5.060000e-06	2.653993e-06	1.093908e-09	1.427291e+01	2.591095e+02
5.070000e-06	2.596692e-06	1.083427e-09	1.396475e+01	2.564345e+02
5.080000e-06	2.539182e-06	1.072401e-09	1.365547e+01	2.537274e+02
5.090000e-06	2.481594e-06	1.061555e-09	1.334576e+01	2.509874e+02
5.100000e-06	2.423823e-06	1.050882e-09	1.303508e+01	2.482138e+02
5.110000e-06	2.365840e-06	1.038798e-09	1.272325e+01	2.454057e+02
5.120000e-06	2.307610e-06	1.025111e-09	1.241010e+01	2.425624e+02
5.130000e-06	2.249285e-06	1.012376e-09	1.209643e+01	2.396829e+02
5.140000e-06	2.190908e-06	1.001147e-09	1.178249e+01	2.367665e+02
5.150000e-06	2.132377e-06	9.894895e-10	1.146771e+01	2.338120e+02
5.160000e-06	2.073541e-06	9.766588e-10	1.115130e+01	2.308186e+02
5.170000e-06	2.014518e-06	9.636474e-10	1.083388e+01	2.277852e+02
5.180000e-06	1.955425e-06	9.505744e-10	1.051608e+01	2.247106e+02
5.190000e-06	1.896127e-06	9.366664e-10	1.019719e+01	2.215937e+02
5.200000e-06	1.836661e-06	9.226017e-10	9.877381e+00	2.184332e+02
5.210000e-06	1.777129e-06	9.087919e-10	9.557222e+00	2.152276e+02
5.220000e-06	1.717514e-06	8.948825e-10	9.236622e+00	2.119754e+02
5.230000e-06	1.657764e-06	8.818145e-10	8.915288e+00	2.086751e+02
5.240000e-06	1.597881e-06	8.690673e-10	8.593246e+00	2.053248e+02
5.250000e-06	1.537902e-06	8.542218e-10	8.270687e+00	2.019228e+02
5.260000e-06	1.477851e-06	8.384269e-10	7.947738e+00	1.984668e+02
5.270000e-06	1.417723e-06	8.236131e-10	7.624376e+00	1.949549e+02
5.280000e-06	1.357532e-06	8.094973e-10	7.300675e+00	1.913847e+02
5.290000e-06	1.297253e-06	7.947722e-10	6.976497e+00	1.877537e+02
5.300000e-06	1.236913e-06	7.782693e-10	6.651997e+00	1.840594e+02
5.310000e-06	1.176602e-06	7.609333e-10	6.327648e+00	1.802992e+02
5.320000e-06	1.116274e-06	7.438190e-10	6.003210e+00	1.764703e+02
5.330000e-06	1.055927e-06	7.274134e-10	5.678669e+00	1.725699e+02
5.340000e-06	9.955711e-07	7.121548e-10	5.354082e+00	1.685952e+02
5.350000e-06	9.351472e-07	6.970325e-10	5.029129e+00	1.645433e+02
5.360000e-06	8.746662e-07	6.808567e-10	4.703868e+00	1.604114e+02
5.370000e-06	8.141496e-07	6.627033e-10	4.378416e+00	1.561968e+02
5.380000e-06	7.536179e-07	6.433630e-10	4.052882e+00	1.518968e+02
5.390000e-06	6.931384e-07	6.246297e-10	3.727629e+00	1.475089e+02
5.400000e-06	6.326542e-07	6.058844e-10	3.402352e+00	1.430308e+02
5.410000e-06	5.721279e-07	5.862947e-10	3.076847e+00	1.384605e+02
5.420000e-06	5.115367e-07	5.669380e-10	2.750994e+00	1.337962e+02
5.430000e-06	4.507121e-07	5.475875e-10	2.423885e+00	1.290366e+02
5.440000e-06	3.898410e-07	5.280648e-10	2.096526e+00	1.241805e+02
5.450000e-06	3.291611e-07	5.079594e-10	1.770196e+00	1.192274e+02
5.460000e-06	2.683792e-07	4.865457e-10	1.443317e+00	1.141771e+02
5.470000e-06	2.074688e-07	4.650029e-10	1.115747e+00	1.090299e+02
5.480000e-06	1.466743e-07	4.437104e-10	7.888000e-01	1.037868e+02
5.490000e-06	8.591259e-08	4.208340e-10	4.620294e-01	9.844925e+01
5.500000e-06	2.512277e-08	3.964898e-10	1.351078e-01	9.301918e+01
5.510000e-06	-3.569066e-08	3.728840e-10	-1.919408e-01	8.749924e+01
5.520000e-06	-9.652496e-08	3.493757e-10	-5.191017e-01	8.189263e+01
5.530000e-06	-1.573365e-07	3.251274e-10	-8.461399e-01	7.620312e+01
5.540000e-06	-2.182162e-07	3.013414e-10	-1.173545e+00	7.043509e+01
5.550000e-06	-2.791097e-07	2.779857e-10	-1.501025e+00	6.459347e+01
5.560000e-06	-3.398237e-07	2.541745e-10	-1.827538e+00	5.868371e+01
5.570000e-06	-4.005220e-07	2.298227e-10	-2.153968e+00	5.271177e+01
5.580000e-06	-4.613877e-07	2.052072e-10	-2.481297e+00	4.668409e+01
5.590000e-06	-5.222550e-07	1.807624e-10	-2.808636e+00	4.060749e+01
5.600000e-06	-5.831093e-07	1.557564e-10	-3.135904e+00	3.448916e+01
5.610000e-06	-6.438871e-07	1.299699e-10	-3.462761e+00	2.833659e+01
5.620000e-06	-7.044558e-07	1.047448e-10	-3.788494e+00	2.215749e+01
5.630000e-06	-7.649494e-07	7.990504e-11	-4.113822e+00	1.595976e+01
5.640000e-06	-8.254336e-07	5.416690e-11	-4.439100e+00	9.751375e+00
5.650000e-06	-8.858541e-07	2.769323e-11	-4.764035e+00	3.540328e+00
5.660000e-06	-9.462855e-07	1.664416e-12	-5.089030e+00	-2.665426e+00
5.670000e-06	-1.006802e-06	-2.313575e-11	-5.414481e+00	-8.858063e+00
5.680000e-06	-1.067245e-06	-4.737778e-11	-5.739538e+00	-1.502995e+01
5.690000e-06	-1.127565e-06	-7.225269e-11	-6.063933e+00	-2.117372e+01
5.700000e-06	-1.187911e-06	-9.809003e-11	-6.388465e+00	-2.728232e+01
5.710000e-06	-1.248191e-06	-1.241828e-10	-6.712649e+00	-3.334910e+01
5.720000e-06	-1.308345e-06	-1.492515e-10	-7.036152e+00	-3.936783e+01
5.730000e-06	-1.368432e-06	-1.731017e-10	-7.359292e+00	-4.533279e+01
5.740000e-06	-1.428408e-06	-1.968071e-10	-7.681839e+00	-5.123877e+01
5.750000e-06	-1.488365e-06	-2.213321e-10	-8.004277e+00	-5.708110e+01
5.760000e-06	-1.548305e-06	-2.463021e-10	-8.326631e+00	-6.285574e+01
5.770000e-06	-1.608138e-06	-2.707312e-10	-8.648408e+00	-6.855920e+01
5.780000e-06	-1.667826e-06	-2.947970e-10	-8.969402e+00	-7.418863e+01
5.790000e-06	-1.727405e-06	-3.186464e-10	-9.289811e+00	-7.974176e+01
5.800000e-06	-1.786866e-06	-3.424114e-10	-9.609590e+00	-8.521694e+01
5.810000e-06	-1.846198e-06	-3.650646e-10	-9.928670e+00	-9.061307e+01
5.820000e-06	-1.905467e-06	-3.861642e-10	-1.024741e+01	-9.592963e+01
5.830000e-06	-1.964618e-06	-4.077195e-10	-1.056552e+01	-1.011666e+02
5.840000e-06	-2.023640e-06	-4.300682e-10	-1.088294e+01	-1.063245e+02
5.850000e-06	-2.082438e-06	-4.519048e-10	-1.119915e+01	-1.114042e+02
5.860000e-06	-2.141022e-06	-4.738775e-10	-1.151421e+01	-1.164070e+02
5.870000e-06	-2.199455e-06	-4.959119e-10	-1.182845e+01	-1.213347e+02
5.880000e-06	-2.257680e-06	-5.170024e-10	-1.214158e+01	-1.261891e+02
5.890000e-06	-2.315713e-06	-5.386333e-10	-1.245368e+01	-1.309725e+02
5.900000e-06	-2.373561e-06	-5.605202e-10	-1.276478e+01	-1.356871e+02
5.910000e-06	-2.431288e-06	-5.810003e-10	-1.307522e+01	-1.403357e+02
5.920000e-06	-2.488816e-06	-6.001134e-10	-1.338460e+01	-1.449206e+02
5.930000e-06	-2.546158e-06	-6.187595e-10	-1.369299e+01	-1.494446e+02
5.940000e-06	-2.603283e-06	-6.378070e-10	-1.400020e+01	-1.539101e+02
5.950000e-06	-2.660163e-06	-6.571354e-10	-1.430609e+01	-1.583197e+02
5.960000e-06	-2.716967e-06	-6.752105e-10	-1.461158e+01	-1.626758e+02
5.970000e-06	-2.773614e-06	-6.936352e-10	-1.491622e+01	-1.669807e+02
5.980000e-06	-2.830023e-06	-7.127814e-10	-1.521958e+01	-1.712363e+02
5.990000e-06	-2.886325e-06	-7.317597e-10	-1.552237e+01	-1.754445e+02
6.000000e-06	-2.942628e-06	-7.507243e-10	-1.582516e+01	-1.796071e+02
6.010000e-06	-2.998757e-06	-7.679965e-10	-1.612702e+01	-1.837254e+02
6.020000e-06	-3.054622e-06	-7.847136e-10	-1.642745e+01	-1.878005e+02
6.030000e-06	-3.110212e-06	-8.015253e-10	-1.672641e+01	-1.918334e+02
6.040000e-06	-3.165534e-06	-8.180071e-10	-1.702393e+01	-1.958248e+02
6.050000e-06	-3.220732e-06	-8.341613e-10	-1.732078e+01	-1.997751e+02
6.060000e-06	-3.275672e-06	-8.491115e-10	-1.761624e+01	-2.036845e+02
6.070000e-06	-3.330076e-06	-8.645651e-10	-1.790882e+01	-2.075531e+02
6.080000e-06	-3.384052e-06	-8.816419e-10	-1.819910e+01	-2.113806e+02
6.090000e-06	-3.437761e-06	-8.987563e-10	-1.848794e+01	-2.151667e+02
6.100000e-06	-3.491104e-06	-9.149715e-10	-1.877481e+01	-2.189109e+02
6.110000e-06	-3.544049e-06	-9.296792e-10	-1.905954e+01	-2.226126e+02
6.120000e-06	-3.596748e-06	-9.439341e-10	-1.934295e+01	-2.262711e+02
6.130000e-06	-3.649244e-06	-9.591351e-10	-1.962527e+01	-2.298856e+02
6.140000e-06	-3.701346e-06	-9.751768e-10	-1.990547e+01	-2.334553e+02
6.150000e-06	-3.753130e-06	-9.913282e-10	-2.018396e+01	-2.369794e+02
6.160000e-06	-3.804707e-06	-1.006565e-09	-2.046134e+01	-2.404569e+02
6.170000e-06	-3.855969e-06	-1.021041e-09	-2.073702e+01	-2.438871e+02
6.180000e-06	-3.906869e-06	-1.035670e-09	-2.101075e+01	-2.472691e+02
6.190000e-06	-3.957493e-06	-1.049917e-09	-2.128301e+01	-2.506023e+02
6.200000e-06	-4.007883e-06	-1.062656e-09	-2.155400e+01	-2.538860e+02
6.210000e-06	-4.057963e-06	-1.074774e-09	-2.182332e+01	-2.571196e+02
6.220000e-06	-4.107678e-06	-1.088376e-09	-2.209069e+01	-2.603025e+02
6.230000e-06	-4.156978e-06	-1.103254e-09	-2.235581e+01	-2.634344e+02
6.240000e-06	-4.205855e-06	-1.117440e-09	-2.261867e+01	-2.665149e+02
6.250000e-06	-4.254017e-06	-1.129730e-09	-2.287768e+01	-2.695438e+02
6.260000e-06	-4.301798e-06	-1.141098e-09	-2.313464e+01	-2.725209e+02
6.270000e-06	-4.349514e-06	-1.153101e-09	-2.339125e+01	-2.754462e+02
6.280000e-06	-4.396779e-06	-1.164563e-09	-2.364544e+01	-2.783197e+02
6.290000e-06	-4.443751e-06	-1.175060e-09	-2.389805e+01	-2.811415e+02
6.300000e-06	-4.490599e-06	-1.186105e-09	-2.415000e+01	-2.839118e+02
6.310000e-06	-4.537149e-06	-1.197231e-09	-2.440034e+01	-2.866306e+02
6.320000e-06	-4.583291e-06	-1.208729e-09	-2.464849e+01	-2.892984e+02
6.330000e-06	-4.629129e-06	-1.221300e-09	-2.489500e+01	-2.919153e+02
6.340000e-06	-4.674674e-06	-1.232924e-09	-2.513993e+01	-2.944818e+02
6.350000e-06	-4.719964e-06	-1.242065e-09	-2.538350e+01	-2.969981e+02
6.360000e-06	-4.765016e-06	-1.250537e-09	-2.562578e+01	-2.994646e+02
6.370000e-06	-4.809796e-06	-1.260558e-09	-2.586660e+01	-3.018818e+02
6.380000e-06	-4.854204e-06	-1.271141e-09	-2.610543e+01	-3.042499e+02
6.390000e-06	-4.898243e-06	-1.280580e-09	-2.634226e+01	-3.065695e+02
6.400000e-06	-4.942068e-06	-1.289253e-09	-2.657795e+01	-3.088408e+02
6.410000e-06	-4.985643e-06	-1.297191e-09	-2.681229e+01	-3.110645e+02
6.420000e-06	-5.028972e-06	-1.305603e-09	-2.704532e+01	-3.132408e+02
6.430000e-06	-5.072056e-06	-1.315952e-09	-2.727701e+01	-3.153702e+02
6.440000e-06	-5.114729e-06	-1.325711e-09	-2.750651e+01	-3.174533e+02
6.450000e-06	-5.156910e-06	-1.333757e-09	-2.773335e+01	-3.194905e+02
6.460000e-06	-5.198756e-06	-1.342062e-09	-2.795839e+01	-3.214823e+02
6.470000e-06	-5.240272e-06	-1.350770e-09	-2.818166e+01	-3.234294e+02
6.480000e-06	-5.281494e-06	-1.358350e-09	-2.840335e+01	-3.253323e+02
6.490000e-06	-5.322362e-06	-1.365383e-09	-2.862314e+01	-3.271917e+02
6.500000e-06	-5.362798e-06	-1.372690e-09	-2.884059e+01	-3.290083e+02
6.510000e-06	-5.402971e-06	-1.379674e-09	-2.905664e+01	-3.307830e+02
6.520000e-06	-5.442886e-06	-1.386943e-09	-2.927130e+01	-3.325165e+02
6.530000e-06	-5.482415e-06	-1.395005e-09	-2.948388e+01	-3.342098e+02
6.540000e-06	-5.521429e-06	-1.402119e-09	-2.969370e+01	-3.358639e+02
6.550000e-06	-5.559866e-06	-1.407474e-09	-2.990041e+01	-3.374798e+02
6.560000e-06	-5.597708e-06	-1.412930e-09	-3.010392e+01	-3.390586e+02
6.570000e-06	-5.635107e-06	-1.419367e-09	-3.030505e+01	-3.406016e+02
6.580000e-06	-5.672091e-06	-1.425893e-09	-3.050394e+01	-3.421100e+02
6.590000e-06	-5.708657e-06	-1.432056e-09	-3.070059e+01	-3.435851e+02
6.600000e-06	-5.744918e-06	-1.438332e-09	-3.089560e+01	-3.450282e+02
6.610000e-06	-5.780796e-06	-1.444833e-09	-3.108855e+01	-3.464408e+02
6.620000e-06	-5.816253e-06	-1.450562e-09	-3.127923e+01	-3.478243e+02
6.630000e-06	-5.851369e-06	-1.455163e-09	-3.146808e+01	-3.491801e+02
6.640000e-06	-5.885840e-06	-1.458931e-09	-3.165346e+01	-3.505097e+02
6.650000e-06	-5.919752e-06	-1.462984e-09	-3.183584e+01	-3.518144e+02
6.660000e-06	-5.953509e-06	-1.467993e-09	-3.201738e+01	-3.530958e+02
6.670000e-06	-5.986904e-06	-1.472786e-09	-3.219698e+01	-3.543553e+02
6.680000e-06	-6.019841e-06	-1.476361e-09	-3.237411e+01	-3.555941e+02
6.690000e-06	-6.052493e-06	-1.478857e-09	-3.254971e+01	-3.568137e+02
6.700000e-06	-6.084802e-06	-1.481970e-09	-3.272346e+01	-3.580153e+02
6.710000e-06	-6.116750e-06	-1.486883e-09	-3.289527e+01	-3.591999e+02
6.720000e-06	-6.148351e-06	-1.491006e-09	-3.306522e+01	-3.603689e+02
6.730000e-06	-6.179354e-06	-1.492797e-09	-3.323195e+01	-3.615231e+02
6.740000e-06	-6.209709e-06	-1.495645e-09	-3.339520e+01	-3.626634e+02
6.750000e-06	-6.239445e-06	-1.500695e-09	-3.355512e+01	-3.637908e+02
6.760000e-06	-6.268545e-06	-1.505906e-09	-3.371161e+01	-3.649059e+02
6.770000e-06	-6.297252e-06	-1.508973e-09	-3.386600e+01	-3.660093e+02
6.780000e-06	-6.325575e-06	-1.510961e-09	-3.401831e+01	-3.671016e+02
6.790000e-06	-6.353515e-06	-1.514380e-09	-3.416858e+01	-3.681832e+02
6.800000e-06	-6.381170e-06	-1.518864e-09	-3.431730e+01	-3.692544e+02
6.810000e-06	-6.408361e-06	-1.522528e-09	-3.446353e+01	-3.703155e+02
6.820000e-06	-6.434965e-06	-1.524377e-09	-3.460660e+01	-3.713665e+02
6.830000e-06	-6.461074e-06	-1.526246e-09	-3.474702e+01	-3.724076e+02
6.840000e-06	-6.486789e-06	-1.529241e-09	-3.488531e+01	-3.734386e+02
6.850000e-06	-6.512031e-06	-1.532169e-09	-3.502106e+01	-3.744596e+02
6.860000e-06	-6.536806e-06	-1.533352e-09	-3.515430e+01	-3.754704e+02
6.870000e-06	-6.561274e-06	-1.534481e-09	-3.528588e+01	-3.764707e+02
6.880000e-06	-6.585483e-06	-1.537260e-09	-3.541608e+01	-3.774603e+02
6.890000e-06	-6.609310e-06	-1.541544e-09	-3.554421e+01	-3.784388e+02
6.900000e-06	-6.632601e-06	-1.546150e-09	-3.566947e+01	-3.794058e+02
6.910000e-06	-6.655072e-06	-1.548564e-09	-3.579032e+01	-3.803611e+02
6.920000e-06	-6.676832e-06	-1.549570e-09	-3.590734e+01	-3.813041e+02
6.930000e-06	-6.698140e-06	-1.552240e-09	-3.602193e+01	-3.822343e+02
6.940000e-06	-6.718884e-06	-1.555203e-09	-3.613349e+01	-3.831513e+02
6.950000e-06	-6.739204e-06	-1.557059e-09	-3.624277e+01	-3.840546e+02
6.960000e-06	-6.759150e-06	-1.559784e-09	-3.635004e+01	-3.849436e+02
6.970000e-06	-6.778615e-06	-1.563796e-09	-3.645472e+01	-3.858177e+02
6.980000e-06	-6.797609e-06	-1.568601e-09	-3.655687e+01	-3.866764e+02
6.990000e-06	-6.816145e-06	-1.573533e-09	-3.665655e+01	-3.875191e+02
7.000000e-06	-6.834264e-06	-1.576500e-09	-3.675400e+01	-3.883450e+02
7.010000e-06	-6.851850e-06	-1.576706e-09	-3.684857e+01	-3.891537e+02
7.020000e-06	-6.868972e-06	-1.577980e-09	-3.694065e+01	-3.899443e+02
7.030000e-06	-6.885770e-06	-1.580455e-09	-3.703099e+01	-3.907163e+02
7.040000e-06	-6.902231e-06	-1.581816e-09	-3.711952e+01	-3.914689e+02
7.050000e-06	-6.918342e-06	-1.583052e-09	-3.720616e+01	-3.922013e+02
7.060000e-06	-6.933939e-06	-1.584114e-09	-3.729004e+01	-3.929129e+02
7.070000e-06	-6.948938e-06	-1.584777e-09	-3.737070e+01	-3.936030e+02
7.080000e-06	-6.963307e-06	-1.586811e-09	-3.744798e+01	-3.942706e+02
7.090000e-06	-6.976881e-06	-1.590412e-09	-3.752098e+01	-3.949152e+02
7.100000e-06	-6.989585e-06	-1.593469e-09	-3.758929e+01	-3.955360e+02
7.110000e-06	-7.001718e-06	-1.595689e-09	-3.765454e+01	-3.961322e+02
7.120000e-06	-7.013500e-06	-1.598005e-09	-3.771791e+01	-3.967031e+02
7.130000e-06	-7.024797e-06	-1.599508e-09	-3.777866e+01	-3.972482e+02
7.140000e-06	-7.035587e-06	-1.599466e-09	-3.783669e+01	-3.977667e+02
7.150000e-06	-7.045858e-06	-1.599589e-09	-3.789193e+01	-3.982582e+02
7.160000e-06	-7.055506e-06	-1.601472e-09	-3.794381e+01	-3.987220e+02
7.170000e-06	-7.064602e-06	-1.603229e-09	-3.799273e+01	-3.991579e+02
7.180000e-06	-7.073311e-06	-1.602991e-09	-3.803957e+01	-3.995655e+02
7.190000e-06	-7.081664e-06	-1.602402e-09	-3.808448e+01	-3.999445e+02
7.200000e-06	-7.089658e-06	-1.602426e-09	-3.812748e+01	-4.002948e+02
7.210000e-06	-7.097155e-06	-1.602944e-09	-3.816780e+01	-4.006165e+02
7.220000e-06	-7.104053e-06	-1.603629e-09	-3.820489e+01	-4.009096e+02
7.230000e-06	-7.110304e-06	-1.603913e-09	-3.823851e+01	-4.011745e+02
7.240000e-06	-7.115865e-06	-1.603917e-09	-3.826842e+01	-4.014114e+02
7.250000e-06	-7.120815e-06	-1.604082e-09	-3.829504e+01	-4.016210e+02
7.260000e-06	-7.125263e-06	-1.603870e-09	-3.831896e+01	-4.018038e+02
7.270000e-06	-7.129295e-06	-1.603063e-09	-3.834064e+01	-4.019607e+02
7.280000e-06	-7.132842e-06	-1.603537e-09	-3.835972e+01	-4.020927e+02
7.290000e-06	-7.135893e-06	-1.605011e-09	-3.837613e+01	-4.022006e+02
7.300000e-06	-7.138528e-06	-1.605450e-09	-3.839030e+01	-4.022858e+02
7.310000e-06	-7.140810e-06	-1.605116e-09	-3.840257e+01	-4.023494e+02
7.320000e-06	-7.142461e-06	-1.604360e-09	-3.841144e+01	-4.023928e+02
7.330000e-06	-7.143496e-06	-1.602546e-09	-3.841701e+01	-4.024175e+02
7.340000e-06	-7.144245e-06	-1.601627e-09	-3.842104e+01	-4.024248e+02
