# Temperatura_=_-26.0
# Concentracion g/m^3_=_7400.0
# C_Vs_to_Am_M_A/Vsm_=_254322799225.57578
# pendiente_HvsI_1/m_=_3716.3
# ordenada_HvsI_A/m_=_1297.0
# frecuencia_Hz_=_136109.9887779019

Tiempo_(s)	Campo_(V.s)	Magnetizacion_(V.s)	Campo_(kA/m)	Magnetizacion_(A/m)
0.000000e+00	-7.089727e-06	-1.191189e-09	-3.842463e+01	-2.985662e+02
1.000000e-08	-7.089917e-06	-1.190663e-09	-3.842567e+01	-2.984987e+02
2.000000e-08	-7.089821e-06	-1.188693e-09	-3.842514e+01	-2.984187e+02
3.000000e-08	-7.089379e-06	-1.187694e-09	-3.842275e+01	-2.983273e+02
4.000000e-08	-7.088336e-06	-1.187713e-09	-3.841709e+01	-2.982255e+02
5.000000e-08	-7.086586e-06	-1.186496e-09	-3.840761e+01	-2.981144e+02
6.000000e-08	-7.084129e-06	-1.184045e-09	-3.839430e+01	-2.979949e+02
7.000000e-08	-7.081076e-06	-1.181911e-09	-3.837775e+01	-2.978681e+02
8.000000e-08	-7.077514e-06	-1.180502e-09	-3.835844e+01	-2.977349e+02
9.000000e-08	-7.073316e-06	-1.182208e-09	-3.833569e+01	-2.975960e+02
1.000000e-07	-7.068528e-06	-1.189322e-09	-3.830974e+01	-2.974523e+02
1.100000e-07	-7.063224e-06	-1.182383e-09	-3.828099e+01	-2.973045e+02
1.200000e-07	-7.057326e-06	-1.154648e-09	-3.824903e+01	-2.971532e+02
1.300000e-07	-7.051022e-06	-1.154067e-09	-3.821486e+01	-2.969989e+02
1.400000e-07	-7.044414e-06	-1.199140e-09	-3.817905e+01	-2.968419e+02
1.500000e-07	-7.037406e-06	-1.197550e-09	-3.814106e+01	-2.966827e+02
1.600000e-07	-7.030005e-06	-1.139896e-09	-3.810096e+01	-2.965214e+02
1.700000e-07	-7.022102e-06	-1.142773e-09	-3.805812e+01	-2.963580e+02
1.800000e-07	-7.013692e-06	-1.206774e-09	-3.801254e+01	-2.961927e+02
1.900000e-07	-7.004727e-06	-1.196741e-09	-3.796396e+01	-2.960253e+02
2.000000e-07	-6.995001e-06	-1.117709e-09	-3.791124e+01	-2.958555e+02
2.100000e-07	-6.984682e-06	-1.135228e-09	-3.785531e+01	-2.956832e+02
2.200000e-07	-6.974043e-06	-1.213824e-09	-3.779766e+01	-2.955079e+02
2.300000e-07	-6.962914e-06	-1.186794e-09	-3.773734e+01	-2.953293e+02
2.400000e-07	-6.951001e-06	-1.112234e-09	-3.767277e+01	-2.951467e+02
2.500000e-07	-6.938413e-06	-1.146874e-09	-3.760455e+01	-2.949596e+02
2.600000e-07	-6.925397e-06	-1.199910e-09	-3.753401e+01	-2.947675e+02
2.700000e-07	-6.911764e-06	-1.151474e-09	-3.746012e+01	-2.945697e+02
2.800000e-07	-6.897394e-06	-1.117954e-09	-3.738223e+01	-2.943655e+02
2.900000e-07	-6.882281e-06	-1.169644e-09	-3.730033e+01	-2.941542e+02
3.000000e-07	-6.866473e-06	-1.173873e-09	-3.721465e+01	-2.939352e+02
3.100000e-07	-6.850249e-06	-1.122028e-09	-3.712672e+01	-2.937078e+02
3.200000e-07	-6.833526e-06	-1.143623e-09	-3.703608e+01	-2.934713e+02
3.300000e-07	-6.816338e-06	-1.177051e-09	-3.694293e+01	-2.932251e+02
3.400000e-07	-6.798804e-06	-1.126689e-09	-3.684790e+01	-2.929685e+02
3.500000e-07	-6.780735e-06	-1.112067e-09	-3.674997e+01	-2.927010e+02
3.600000e-07	-6.762143e-06	-1.176098e-09	-3.664921e+01	-2.924220e+02
3.700000e-07	-6.743126e-06	-1.161338e-09	-3.654614e+01	-2.921311e+02
3.800000e-07	-6.723780e-06	-1.094642e-09	-3.644129e+01	-2.918278e+02
3.900000e-07	-6.704105e-06	-1.127695e-09	-3.633465e+01	-2.915117e+02
4.000000e-07	-6.683948e-06	-1.169875e-09	-3.622541e+01	-2.911825e+02
4.100000e-07	-6.663314e-06	-1.116767e-09	-3.611358e+01	-2.908398e+02
4.200000e-07	-6.642179e-06	-1.100372e-09	-3.599903e+01	-2.904834e+02
4.300000e-07	-6.620531e-06	-1.149528e-09	-3.588171e+01	-2.901131e+02
4.400000e-07	-6.598420e-06	-1.132928e-09	-3.576187e+01	-2.897287e+02
4.500000e-07	-6.575868e-06	-1.097426e-09	-3.563964e+01	-2.893301e+02
4.600000e-07	-6.552907e-06	-1.130240e-09	-3.551520e+01	-2.889172e+02
4.700000e-07	-6.529500e-06	-1.129917e-09	-3.538834e+01	-2.884899e+02
4.800000e-07	-6.505774e-06	-1.085987e-09	-3.525975e+01	-2.880483e+02
4.900000e-07	-6.481659e-06	-1.108852e-09	-3.512905e+01	-2.875922e+02
5.000000e-07	-6.457005e-06	-1.135619e-09	-3.499543e+01	-2.871217e+02
5.100000e-07	-6.431665e-06	-1.093188e-09	-3.485809e+01	-2.866368e+02
5.200000e-07	-6.405588e-06	-1.085523e-09	-3.471676e+01	-2.861375e+02
5.300000e-07	-6.378966e-06	-1.119195e-09	-3.457248e+01	-2.856238e+02
5.400000e-07	-6.351810e-06	-1.099359e-09	-3.442530e+01	-2.850958e+02
5.500000e-07	-6.324176e-06	-1.079185e-09	-3.427553e+01	-2.845534e+02
5.600000e-07	-6.296208e-06	-1.104962e-09	-3.412395e+01	-2.839967e+02
5.700000e-07	-6.267885e-06	-1.098209e-09	-3.397044e+01	-2.834257e+02
5.800000e-07	-6.239216e-06	-1.073086e-09	-3.381507e+01	-2.828403e+02
5.900000e-07	-6.210203e-06	-1.090248e-09	-3.365782e+01	-2.822406e+02
6.000000e-07	-6.180697e-06	-1.094414e-09	-3.349791e+01	-2.816265e+02
6.100000e-07	-6.150816e-06	-1.069071e-09	-3.333596e+01	-2.809981e+02
6.200000e-07	-6.120555e-06	-1.074278e-09	-3.317195e+01	-2.803553e+02
6.300000e-07	-6.089778e-06	-1.085259e-09	-3.300515e+01	-2.796980e+02
6.400000e-07	-6.058559e-06	-1.066925e-09	-3.283595e+01	-2.790263e+02
6.500000e-07	-6.027016e-06	-1.062456e-09	-3.266499e+01	-2.783401e+02
6.600000e-07	-5.995166e-06	-1.070356e-09	-3.249237e+01	-2.776394e+02
6.700000e-07	-5.962919e-06	-1.057602e-09	-3.231760e+01	-2.769242e+02
6.800000e-07	-5.930179e-06	-1.050053e-09	-3.214016e+01	-2.761945e+02
6.900000e-07	-5.896759e-06	-1.057492e-09	-3.195903e+01	-2.754502e+02
7.000000e-07	-5.862649e-06	-1.051032e-09	-3.177416e+01	-2.746914e+02
7.100000e-07	-5.828041e-06	-1.041401e-09	-3.158660e+01	-2.739181e+02
7.200000e-07	-5.793017e-06	-1.042182e-09	-3.139677e+01	-2.731305e+02
7.300000e-07	-5.757567e-06	-1.038037e-09	-3.120465e+01	-2.723284e+02
7.400000e-07	-5.721805e-06	-1.030467e-09	-3.101082e+01	-2.715121e+02
7.500000e-07	-5.685802e-06	-1.029550e-09	-3.081570e+01	-2.706816e+02
7.600000e-07	-5.649437e-06	-1.026444e-09	-3.061860e+01	-2.698369e+02
7.700000e-07	-5.612654e-06	-1.020071e-09	-3.041925e+01	-2.689783e+02
7.800000e-07	-5.575374e-06	-1.017790e-09	-3.021720e+01	-2.681059e+02
7.900000e-07	-5.537649e-06	-1.014520e-09	-3.001274e+01	-2.672197e+02
8.000000e-07	-5.499509e-06	-1.007058e-09	-2.980603e+01	-2.663199e+02
8.100000e-07	-5.460838e-06	-1.001835e-09	-2.959645e+01	-2.654067e+02
8.200000e-07	-5.421831e-06	-9.981318e-10	-2.938504e+01	-2.644801e+02
8.300000e-07	-5.382620e-06	-9.942066e-10	-2.917252e+01	-2.635402e+02
8.400000e-07	-5.343178e-06	-9.912987e-10	-2.895875e+01	-2.625871e+02
8.500000e-07	-5.303505e-06	-9.866308e-10	-2.874373e+01	-2.616209e+02
8.600000e-07	-5.263498e-06	-9.807736e-10	-2.852691e+01	-2.606416e+02
8.700000e-07	-5.223052e-06	-9.758883e-10	-2.830770e+01	-2.596491e+02
8.800000e-07	-5.182181e-06	-9.717618e-10	-2.808619e+01	-2.586435e+02
8.900000e-07	-5.140705e-06	-9.676448e-10	-2.786140e+01	-2.576246e+02
9.000000e-07	-5.098629e-06	-9.631384e-10	-2.763335e+01	-2.565923e+02
9.100000e-07	-5.056104e-06	-9.586727e-10	-2.740288e+01	-2.555463e+02
9.200000e-07	-5.013059e-06	-9.545740e-10	-2.716959e+01	-2.544864e+02
9.300000e-07	-4.969638e-06	-9.497415e-10	-2.693425e+01	-2.534123e+02
9.400000e-07	-4.926006e-06	-9.439571e-10	-2.669778e+01	-2.523237e+02
9.500000e-07	-4.882085e-06	-9.379522e-10	-2.645974e+01	-2.512199e+02
9.600000e-07	-4.837859e-06	-9.330848e-10	-2.622004e+01	-2.501007e+02
9.700000e-07	-4.793350e-06	-9.286889e-10	-2.597882e+01	-2.489653e+02
9.800000e-07	-4.748533e-06	-9.244940e-10	-2.573592e+01	-2.478132e+02
9.900000e-07	-4.703426e-06	-9.195553e-10	-2.549145e+01	-2.466438e+02
1.000000e-06	-4.658000e-06	-9.131352e-10	-2.524525e+01	-2.454562e+02
1.010000e-06	-4.612104e-06	-9.069103e-10	-2.499651e+01	-2.442499e+02
1.020000e-06	-4.565835e-06	-9.023514e-10	-2.474574e+01	-2.430238e+02
1.030000e-06	-4.519376e-06	-8.976173e-10	-2.449395e+01	-2.417773e+02
1.040000e-06	-4.472560e-06	-8.925392e-10	-2.424021e+01	-2.405094e+02
1.050000e-06	-4.425381e-06	-8.878908e-10	-2.398451e+01	-2.392194e+02
1.060000e-06	-4.378014e-06	-8.828292e-10	-2.372779e+01	-2.379062e+02
1.070000e-06	-4.330439e-06	-8.766931e-10	-2.346995e+01	-2.365691e+02
1.080000e-06	-4.282571e-06	-8.703480e-10	-2.321052e+01	-2.352072e+02
1.090000e-06	-4.234360e-06	-8.642015e-10	-2.294922e+01	-2.338195e+02
1.100000e-06	-4.185833e-06	-8.578129e-10	-2.268622e+01	-2.324054e+02
1.110000e-06	-4.136883e-06	-8.523119e-10	-2.242092e+01	-2.309639e+02
1.120000e-06	-4.087524e-06	-8.473235e-10	-2.215341e+01	-2.294943e+02
1.130000e-06	-4.037710e-06	-8.410622e-10	-2.188343e+01	-2.279959e+02
1.140000e-06	-3.987397e-06	-8.332934e-10	-2.161074e+01	-2.264681e+02
1.150000e-06	-3.936733e-06	-8.258715e-10	-2.133615e+01	-2.249103e+02
1.160000e-06	-3.885699e-06	-8.199928e-10	-2.105956e+01	-2.233218e+02
1.170000e-06	-3.834263e-06	-8.146259e-10	-2.078079e+01	-2.217023e+02
1.180000e-06	-3.782520e-06	-8.086113e-10	-2.050036e+01	-2.200514e+02
1.190000e-06	-3.730513e-06	-8.017917e-10	-2.021849e+01	-2.183687e+02
1.200000e-06	-3.678146e-06	-7.942179e-10	-1.993468e+01	-2.166541e+02
1.210000e-06	-3.625486e-06	-7.872233e-10	-1.964927e+01	-2.149073e+02
1.220000e-06	-3.572588e-06	-7.810610e-10	-1.936258e+01	-2.131284e+02
1.230000e-06	-3.519454e-06	-7.745853e-10	-1.907460e+01	-2.113173e+02
1.240000e-06	-3.466135e-06	-7.676935e-10	-1.878563e+01	-2.094741e+02
1.250000e-06	-3.412599e-06	-7.600638e-10	-1.849547e+01	-2.075990e+02
1.260000e-06	-3.358799e-06	-7.514990e-10	-1.820389e+01	-2.056922e+02
1.270000e-06	-3.304780e-06	-7.427008e-10	-1.791112e+01	-2.037540e+02
1.280000e-06	-3.250551e-06	-7.344023e-10	-1.761721e+01	-2.017848e+02
1.290000e-06	-3.196080e-06	-7.274621e-10	-1.732199e+01	-1.997851e+02
1.300000e-06	-3.141358e-06	-7.212860e-10	-1.702541e+01	-1.977552e+02
1.310000e-06	-3.086466e-06	-7.151834e-10	-1.672791e+01	-1.956957e+02
1.320000e-06	-3.031461e-06	-7.082865e-10	-1.642980e+01	-1.936071e+02
1.330000e-06	-2.976230e-06	-6.993698e-10	-1.613046e+01	-1.914901e+02
1.340000e-06	-2.920740e-06	-6.888604e-10	-1.582971e+01	-1.893451e+02
1.350000e-06	-2.865071e-06	-6.791992e-10	-1.552800e+01	-1.871729e+02
1.360000e-06	-2.809327e-06	-6.708778e-10	-1.522588e+01	-1.849740e+02
1.370000e-06	-2.753570e-06	-6.628463e-10	-1.492369e+01	-1.827489e+02
1.380000e-06	-2.697717e-06	-6.551746e-10	-1.462098e+01	-1.804983e+02
1.390000e-06	-2.641664e-06	-6.477380e-10	-1.431719e+01	-1.782228e+02
1.400000e-06	-2.585503e-06	-6.395586e-10	-1.401281e+01	-1.759227e+02
1.410000e-06	-2.529217e-06	-6.304503e-10	-1.370776e+01	-1.735986e+02
1.420000e-06	-2.472665e-06	-6.211056e-10	-1.340126e+01	-1.712509e+02
1.430000e-06	-2.415874e-06	-6.112123e-10	-1.309346e+01	-1.688800e+02
1.440000e-06	-2.358784e-06	-6.012863e-10	-1.278405e+01	-1.664861e+02
1.450000e-06	-2.301355e-06	-5.924042e-10	-1.247280e+01	-1.640694e+02
1.460000e-06	-2.243728e-06	-5.839827e-10	-1.216047e+01	-1.616302e+02
1.470000e-06	-2.185859e-06	-5.746780e-10	-1.184684e+01	-1.591684e+02
1.480000e-06	-2.127497e-06	-5.649293e-10	-1.153053e+01	-1.566840e+02
1.490000e-06	-2.068750e-06	-5.550574e-10	-1.121213e+01	-1.541770e+02
1.500000e-06	-2.009863e-06	-5.446482e-10	-1.089298e+01	-1.516472e+02
1.510000e-06	-1.950801e-06	-5.342805e-10	-1.057288e+01	-1.490942e+02
1.520000e-06	-1.891650e-06	-5.249661e-10	-1.025229e+01	-1.465177e+02
1.530000e-06	-1.832483e-06	-5.155052e-10	-9.931621e+00	-1.439174e+02
1.540000e-06	-1.773285e-06	-5.043247e-10	-9.610782e+00	-1.412925e+02
1.550000e-06	-1.713976e-06	-4.928068e-10	-9.289343e+00	-1.386427e+02
1.560000e-06	-1.654472e-06	-4.827118e-10	-8.966844e+00	-1.359671e+02
1.570000e-06	-1.594811e-06	-4.731522e-10	-8.643495e+00	-1.332652e+02
1.580000e-06	-1.535099e-06	-4.633057e-10	-8.319871e+00	-1.305360e+02
1.590000e-06	-1.475388e-06	-4.530547e-10	-7.996251e+00	-1.277788e+02
1.600000e-06	-1.415570e-06	-4.424273e-10	-7.672055e+00	-1.249928e+02
1.610000e-06	-1.355640e-06	-4.320582e-10	-7.347245e+00	-1.221770e+02
1.620000e-06	-1.295687e-06	-4.219027e-10	-7.022315e+00	-1.193305e+02
1.630000e-06	-1.235626e-06	-4.114593e-10	-6.696797e+00	-1.164525e+02
1.640000e-06	-1.175433e-06	-4.000065e-10	-6.370565e+00	-1.135421e+02
1.650000e-06	-1.115252e-06	-3.881278e-10	-6.044400e+00	-1.105983e+02
1.660000e-06	-1.055087e-06	-3.773079e-10	-5.718321e+00	-1.076204e+02
1.670000e-06	-9.949036e-07	-3.670207e-10	-5.392141e+00	-1.046076e+02
1.680000e-06	-9.346445e-07	-3.561193e-10	-5.065551e+00	-1.015591e+02
1.690000e-06	-8.743228e-07	-3.449440e-10	-4.738621e+00	-9.847424e+01
1.700000e-06	-8.140401e-07	-3.337694e-10	-4.411904e+00	-9.535249e+01
1.710000e-06	-7.536907e-07	-3.221512e-10	-4.084824e+00	-9.219332e+01
1.720000e-06	-6.931819e-07	-3.103358e-10	-3.756881e+00	-8.899634e+01
1.730000e-06	-6.326031e-07	-2.987132e-10	-3.428558e+00	-8.576127e+01
1.740000e-06	-5.720530e-07	-2.862668e-10	-3.100391e+00	-8.248793e+01
1.750000e-06	-5.114873e-07	-2.731963e-10	-2.772140e+00	-7.917628e+01
1.760000e-06	-4.507275e-07	-2.605981e-10	-2.442836e+00	-7.582640e+01
1.770000e-06	-3.899166e-07	-2.484840e-10	-2.113255e+00	-7.243850e+01
1.780000e-06	-3.292539e-07	-2.364302e-10	-1.784478e+00	-6.901294e+01
1.790000e-06	-2.685588e-07	-2.240174e-10	-1.455525e+00	-6.555020e+01
1.800000e-06	-2.077019e-07	-2.110325e-10	-1.125695e+00	-6.205092e+01
1.810000e-06	-1.467767e-07	-1.983101e-10	-7.954950e-01	-5.851584e+01
1.820000e-06	-8.586186e-08	-1.860935e-10	-4.653508e-01	-5.494587e+01
1.830000e-06	-2.502061e-08	-1.740908e-10	-1.356058e-01	-5.134203e+01
1.840000e-06	3.569118e-08	-1.614346e-10	1.934377e-01	-4.770548e+01
1.850000e-06	9.633495e-08	-1.477544e-10	5.221125e-01	-4.403749e+01
1.860000e-06	1.570790e-07	-1.343170e-10	8.513306e-01	-4.033944e+01
1.870000e-06	2.179224e-07	-1.207182e-10	1.181087e+00	-3.661284e+01
1.880000e-06	2.788122e-07	-1.066828e-10	1.511096e+00	-3.285926e+01
1.890000e-06	3.396441e-07	-9.338964e-11	1.840790e+00	-2.908039e+01
1.900000e-06	4.004257e-07	-8.098212e-11	2.170212e+00	-2.527799e+01
1.910000e-06	4.611416e-07	-6.841074e-11	2.499278e+00	-2.145388e+01
1.920000e-06	5.217023e-07	-5.511324e-11	2.827503e+00	-1.760997e+01
1.930000e-06	5.822525e-07	-4.123284e-11	3.155670e+00	-1.374819e+01
1.940000e-06	6.428279e-07	-2.651236e-11	3.483974e+00	-9.870523e+00
1.950000e-06	7.033755e-07	-1.223569e-11	3.812128e+00	-5.979000e+00
1.960000e-06	7.638248e-07	9.717844e-13	4.139749e+00	-2.075662e+00
1.970000e-06	8.241592e-07	1.421757e-11	4.466747e+00	1.837426e+00
1.980000e-06	8.844713e-07	2.739018e-11	4.793624e+00	5.758192e+00
1.990000e-06	9.447686e-07	4.069806e-11	5.120421e+00	9.684557e+00
2.000000e-06	1.004964e-06	5.407958e-11	5.446666e+00	1.361445e+01
2.010000e-06	1.065062e-06	6.780467e-11	5.772381e+00	1.754579e+01
2.020000e-06	1.125118e-06	8.186562e-11	6.097870e+00	2.147653e+01
2.030000e-06	1.185168e-06	9.529430e-11	6.423329e+00	2.540463e+01
2.040000e-06	1.245204e-06	1.083052e-10	6.748707e+00	2.932806e+01
2.050000e-06	1.305200e-06	1.218991e-10	7.073873e+00	3.324482e+01
2.060000e-06	1.365113e-06	1.364901e-10	7.398585e+00	3.715294e+01
2.070000e-06	1.424942e-06	1.513286e-10	7.722844e+00	4.105045e+01
2.080000e-06	1.484686e-06	1.653700e-10	8.046643e+00	4.493543e+01
2.090000e-06	1.544338e-06	1.784284e-10	8.369943e+00	4.880598e+01
2.100000e-06	1.603873e-06	1.918795e-10	8.692609e+00	5.266021e+01
2.110000e-06	1.663310e-06	2.058056e-10	9.014743e+00	5.649630e+01
2.120000e-06	1.722753e-06	2.189674e-10	9.336912e+00	6.031241e+01
2.130000e-06	1.782128e-06	2.325560e-10	9.658711e+00	6.410676e+01
2.140000e-06	1.841432e-06	2.471398e-10	9.980121e+00	6.787761e+01
2.150000e-06	1.900761e-06	2.615160e-10	1.030168e+01	7.162324e+01
2.160000e-06	1.959929e-06	2.756557e-10	1.062235e+01	7.534197e+01
2.170000e-06	2.018853e-06	2.895545e-10	1.094170e+01	7.903217e+01
2.180000e-06	2.077661e-06	3.028879e-10	1.126043e+01	8.269226e+01
2.190000e-06	2.136245e-06	3.159563e-10	1.157794e+01	8.632069e+01
2.200000e-06	2.194481e-06	3.295200e-10	1.189357e+01	8.991598e+01
2.210000e-06	2.252439e-06	3.428929e-10	1.220768e+01	9.347673e+01
2.220000e-06	2.309976e-06	3.555496e-10	1.251952e+01	9.700159e+01
2.230000e-06	2.367101e-06	3.681248e-10	1.282912e+01	1.004893e+02
2.240000e-06	2.423933e-06	3.804222e-10	1.313714e+01	1.039386e+02
2.250000e-06	2.480507e-06	3.928284e-10	1.344376e+01	1.073485e+02
2.260000e-06	2.536942e-06	4.054031e-10	1.374962e+01	1.107180e+02
2.270000e-06	2.593252e-06	4.177738e-10	1.405481e+01	1.140462e+02
2.280000e-06	2.649444e-06	4.300759e-10	1.435936e+01	1.173323e+02
2.290000e-06	2.705429e-06	4.426671e-10	1.466278e+01	1.205756e+02
2.300000e-06	2.761237e-06	4.555841e-10	1.496525e+01	1.237757e+02
2.310000e-06	2.816984e-06	4.679965e-10	1.526738e+01	1.269322e+02
2.320000e-06	2.872575e-06	4.792904e-10	1.556867e+01	1.300447e+02
2.330000e-06	2.927985e-06	4.901093e-10	1.586898e+01	1.331133e+02
2.340000e-06	2.983265e-06	5.007664e-10	1.616859e+01	1.361379e+02
2.350000e-06	3.038325e-06	5.113792e-10	1.646700e+01	1.391187e+02
2.360000e-06	3.093135e-06	5.225663e-10	1.676406e+01	1.420560e+02
2.370000e-06	3.147713e-06	5.331720e-10	1.705986e+01	1.449502e+02
2.380000e-06	3.202041e-06	5.429998e-10	1.735430e+01	1.478021e+02
2.390000e-06	3.256159e-06	5.531412e-10	1.764761e+01	1.506121e+02
2.400000e-06	3.310218e-06	5.628877e-10	1.794060e+01	1.533813e+02
2.410000e-06	3.364170e-06	5.720888e-10	1.823300e+01	1.561104e+02
2.420000e-06	3.417814e-06	5.814607e-10	1.852374e+01	1.588006e+02
2.430000e-06	3.471173e-06	5.915195e-10	1.881293e+01	1.614529e+02
2.440000e-06	3.524234e-06	6.018059e-10	1.910051e+01	1.640684e+02
2.450000e-06	3.576952e-06	6.112062e-10	1.938623e+01	1.666485e+02
2.460000e-06	3.629431e-06	6.206144e-10	1.967065e+01	1.691942e+02
2.470000e-06	3.681708e-06	6.301778e-10	1.995398e+01	1.717070e+02
2.480000e-06	3.733678e-06	6.385724e-10	2.023565e+01	1.741880e+02
2.490000e-06	3.785351e-06	6.465971e-10	2.051570e+01	1.766384e+02
2.500000e-06	3.836735e-06	6.553673e-10	2.079419e+01	1.790595e+02
2.510000e-06	3.887678e-06	6.647050e-10	2.107029e+01	1.814524e+02
2.520000e-06	3.938208e-06	6.736377e-10	2.134415e+01	1.838180e+02
2.530000e-06	3.988335e-06	6.819458e-10	2.161583e+01	1.861574e+02
2.540000e-06	4.038007e-06	6.902129e-10	2.188504e+01	1.884714e+02
2.550000e-06	4.087281e-06	6.983785e-10	2.215209e+01	1.907607e+02
2.560000e-06	4.136141e-06	7.063581e-10	2.241690e+01	1.930259e+02
2.570000e-06	4.184625e-06	7.140762e-10	2.267967e+01	1.952675e+02
2.580000e-06	4.232804e-06	7.222887e-10	2.294079e+01	1.974858e+02
2.590000e-06	4.280684e-06	7.309423e-10	2.320029e+01	1.996809e+02
2.600000e-06	4.328286e-06	7.390522e-10	2.345828e+01	2.018528e+02
2.610000e-06	4.375652e-06	7.475454e-10	2.371500e+01	2.040014e+02
2.620000e-06	4.422622e-06	7.564778e-10	2.396956e+01	2.061264e+02
2.630000e-06	4.469241e-06	7.650518e-10	2.422222e+01	2.082274e+02
2.640000e-06	4.515739e-06	7.733556e-10	2.447423e+01	2.103038e+02
2.650000e-06	4.561943e-06	7.817992e-10	2.472465e+01	2.123550e+02
2.660000e-06	4.607857e-06	7.899536e-10	2.497349e+01	2.143800e+02
2.670000e-06	4.653483e-06	7.961307e-10	2.522077e+01	2.163782e+02
2.680000e-06	4.698697e-06	8.011082e-10	2.546582e+01	2.183484e+02
2.690000e-06	4.743571e-06	8.065550e-10	2.570903e+01	2.202898e+02
2.700000e-06	4.788193e-06	8.134182e-10	2.595087e+01	2.222012e+02
2.710000e-06	4.832498e-06	8.224204e-10	2.619099e+01	2.240817e+02
2.720000e-06	4.876507e-06	8.312362e-10	2.642951e+01	2.259301e+02
2.730000e-06	4.920303e-06	8.385310e-10	2.666687e+01	2.277455e+02
2.740000e-06	4.963857e-06	8.451710e-10	2.690292e+01	2.295269e+02
2.750000e-06	5.007220e-06	8.514228e-10	2.713794e+01	2.312733e+02
2.760000e-06	5.050255e-06	8.576471e-10	2.737118e+01	2.329839e+02
2.770000e-06	5.092838e-06	8.630515e-10	2.760197e+01	2.346581e+02
2.780000e-06	5.134846e-06	8.683692e-10	2.782965e+01	2.362952e+02
2.790000e-06	5.176156e-06	8.744129e-10	2.805353e+01	2.378947e+02
2.800000e-06	5.216830e-06	8.809126e-10	2.827398e+01	2.394563e+02
2.810000e-06	5.256954e-06	8.875620e-10	2.849144e+01	2.409798e+02
2.820000e-06	5.296704e-06	8.943139e-10	2.870688e+01	2.424652e+02
2.830000e-06	5.336285e-06	9.012529e-10	2.892139e+01	2.439126e+02
2.840000e-06	5.375657e-06	9.081134e-10	2.913478e+01	2.453223e+02
2.850000e-06	5.414665e-06	9.147068e-10	2.934619e+01	2.466949e+02
2.860000e-06	5.453385e-06	9.210252e-10	2.955605e+01	2.480309e+02
2.870000e-06	5.491793e-06	9.271146e-10	2.976421e+01	2.493310e+02
2.880000e-06	5.529692e-06	9.308692e-10	2.996962e+01	2.505963e+02
2.890000e-06	5.567071e-06	9.334226e-10	3.017220e+01	2.518278e+02
2.900000e-06	5.604067e-06	9.375943e-10	3.037271e+01	2.530265e+02
2.910000e-06	5.640739e-06	9.434931e-10	3.057146e+01	2.541939e+02
2.920000e-06	5.677098e-06	9.502101e-10	3.076852e+01	2.553313e+02
2.930000e-06	5.713154e-06	9.560974e-10	3.096393e+01	2.564401e+02
2.940000e-06	5.748914e-06	9.601638e-10	3.115775e+01	2.575218e+02
2.950000e-06	5.784425e-06	9.632362e-10	3.135021e+01	2.585780e+02
2.960000e-06	5.819540e-06	9.668068e-10	3.154052e+01	2.596102e+02
2.970000e-06	5.854109e-06	9.706121e-10	3.172788e+01	2.606201e+02
2.980000e-06	5.888200e-06	9.746184e-10	3.191264e+01	2.616090e+02
2.990000e-06	5.921621e-06	9.793690e-10	3.209378e+01	2.625786e+02
3.000000e-06	5.954398e-06	9.841767e-10	3.227142e+01	2.635304e+02
3.010000e-06	5.986696e-06	9.882872e-10	3.244647e+01	2.644656e+02
3.020000e-06	6.018544e-06	9.915708e-10	3.261908e+01	2.653858e+02
3.030000e-06	6.050083e-06	9.944816e-10	3.279001e+01	2.662921e+02
3.040000e-06	6.081217e-06	9.983407e-10	3.295875e+01	2.671857e+02
3.050000e-06	6.111921e-06	1.002965e-09	3.312516e+01	2.680676e+02
3.060000e-06	6.142267e-06	1.007618e-09	3.328963e+01	2.689388e+02
3.070000e-06	6.172219e-06	1.011668e-09	3.345196e+01	2.698002e+02
3.080000e-06	6.201722e-06	1.014590e-09	3.361186e+01	2.706524e+02
3.090000e-06	6.230769e-06	1.017155e-09	3.376928e+01	2.714961e+02
3.100000e-06	6.259374e-06	1.019870e-09	3.392432e+01	2.723318e+02
3.110000e-06	6.287628e-06	1.023431e-09	3.407745e+01	2.731598e+02
3.120000e-06	6.315594e-06	1.028109e-09	3.422902e+01	2.739805e+02
3.130000e-06	6.343291e-06	1.032926e-09	3.437913e+01	2.747939e+02
3.140000e-06	6.370694e-06	1.037193e-09	3.452765e+01	2.756002e+02
3.150000e-06	6.397676e-06	1.041751e-09	3.467388e+01	2.763995e+02
3.160000e-06	6.423993e-06	1.046372e-09	3.481651e+01	2.771915e+02
3.170000e-06	6.449442e-06	1.049350e-09	3.495444e+01	2.779762e+02
3.180000e-06	6.474129e-06	1.051266e-09	3.508824e+01	2.787532e+02
3.190000e-06	6.498262e-06	1.053763e-09	3.521903e+01	2.795225e+02
3.200000e-06	6.521980e-06	1.057504e-09	3.534758e+01	2.802835e+02
3.210000e-06	6.545378e-06	1.061952e-09	3.547439e+01	2.810359e+02
3.220000e-06	6.568331e-06	1.066602e-09	3.559879e+01	2.817794e+02
3.230000e-06	6.590855e-06	1.072111e-09	3.572087e+01	2.825135e+02
3.240000e-06	6.612933e-06	1.077634e-09	3.584052e+01	2.832378e+02
3.250000e-06	6.634544e-06	1.081286e-09	3.595765e+01	2.839517e+02
3.260000e-06	6.655638e-06	1.083244e-09	3.607197e+01	2.846548e+02
3.270000e-06	6.676236e-06	1.085327e-09	3.618361e+01	2.853466e+02
3.280000e-06	6.696481e-06	1.088169e-09	3.629333e+01	2.860267e+02
3.290000e-06	6.716354e-06	1.091165e-09	3.640104e+01	2.866944e+02
3.300000e-06	6.735863e-06	1.094966e-09	3.650677e+01	2.873494e+02
3.310000e-06	6.754957e-06	1.099208e-09	3.661026e+01	2.879911e+02
3.320000e-06	6.773636e-06	1.103118e-09	3.671150e+01	2.886189e+02
3.330000e-06	6.791847e-06	1.106834e-09	3.681020e+01	2.892324e+02
3.340000e-06	6.809525e-06	1.109450e-09	3.690600e+01	2.898311e+02
3.350000e-06	6.826689e-06	1.111032e-09	3.699903e+01	2.904145e+02
3.360000e-06	6.843478e-06	1.112485e-09	3.709002e+01	2.909820e+02
3.370000e-06	6.859815e-06	1.114337e-09	3.717857e+01	2.915332e+02
3.380000e-06	6.875538e-06	1.116643e-09	3.726378e+01	2.920675e+02
3.390000e-06	6.890683e-06	1.119882e-09	3.734586e+01	2.925844e+02
3.400000e-06	6.905226e-06	1.123723e-09	3.742468e+01	2.930834e+02
3.410000e-06	6.919131e-06	1.126886e-09	3.750005e+01	2.935641e+02
3.420000e-06	6.932523e-06	1.128601e-09	3.757263e+01	2.940258e+02
3.430000e-06	6.945527e-06	1.129326e-09	3.764310e+01	2.944682e+02
3.440000e-06	6.958070e-06	1.130704e-09	3.771108e+01	2.948908e+02
3.450000e-06	6.970040e-06	1.133548e-09	3.777596e+01	2.952931e+02
3.460000e-06	6.981528e-06	1.137752e-09	3.783822e+01	2.956746e+02
3.470000e-06	6.992491e-06	1.141117e-09	3.789764e+01	2.960351e+02
3.480000e-06	7.002655e-06	1.142636e-09	3.795273e+01	2.963741e+02
3.490000e-06	7.012006e-06	1.143770e-09	3.800340e+01	2.966914e+02
3.500000e-06	7.020744e-06	1.144975e-09	3.805076e+01	2.969867e+02
3.510000e-06	7.028944e-06	1.146451e-09	3.809520e+01	2.972597e+02
3.520000e-06	7.036698e-06	1.147945e-09	3.813723e+01	2.975104e+02
3.530000e-06	7.044082e-06	1.149006e-09	3.817725e+01	2.977386e+02
3.540000e-06	7.051055e-06	1.150508e-09	3.821504e+01	2.979444e+02
3.550000e-06	7.057597e-06	1.151700e-09	3.825050e+01	2.981279e+02
3.560000e-06	7.063530e-06	1.151707e-09	3.828265e+01	2.982892e+02
3.570000e-06	7.068890e-06	1.151845e-09	3.831170e+01	2.984285e+02
3.580000e-06	7.073778e-06	1.152367e-09	3.833819e+01	2.985462e+02
3.590000e-06	7.078171e-06	1.153267e-09	3.836200e+01	2.986428e+02
3.600000e-06	7.082196e-06	1.154492e-09	3.838382e+01	2.987186e+02
3.610000e-06	7.085926e-06	1.156206e-09	3.840403e+01	2.987744e+02
3.620000e-06	7.089278e-06	1.157841e-09	3.842220e+01	2.988108e+02
3.630000e-06	7.092132e-06	1.158084e-09	3.843767e+01	2.988285e+02
3.640000e-06	7.094228e-06	1.157987e-09	3.844903e+01	2.988285e+02
3.650000e-06	7.095466e-06	1.158458e-09	3.845574e+01	2.988114e+02
3.660000e-06	7.096099e-06	1.159236e-09	3.845917e+01	2.987784e+02
3.670000e-06	7.096252e-06	1.160299e-09	3.846000e+01	2.987304e+02
3.680000e-06	7.095965e-06	1.160784e-09	3.845844e+01	2.986684e+02
3.690000e-06	7.095209e-06	1.160381e-09	3.845434e+01	2.985935e+02
3.700000e-06	7.094047e-06	1.160509e-09	3.844805e+01	2.985067e+02
3.710000e-06	7.092530e-06	1.161480e-09	3.843982e+01	2.984091e+02
3.720000e-06	7.090548e-06	1.161284e-09	3.842908e+01	2.983017e+02
3.730000e-06	7.088036e-06	1.160333e-09	3.841547e+01	2.981856e+02
3.740000e-06	7.085116e-06	1.162042e-09	3.839964e+01	2.980617e+02
3.750000e-06	7.081795e-06	1.164373e-09	3.838165e+01	2.979310e+02
3.760000e-06	7.077865e-06	1.157253e-09	3.836035e+01	2.977943e+02
3.770000e-06	7.073219e-06	1.144266e-09	3.833517e+01	2.976526e+02
3.780000e-06	7.067937e-06	1.160962e-09	3.830654e+01	2.975064e+02
3.790000e-06	7.062196e-06	1.194374e-09	3.827542e+01	2.973564e+02
3.800000e-06	7.055986e-06	1.164341e-09	3.824176e+01	2.972032e+02
3.810000e-06	7.049358e-06	1.116475e-09	3.820584e+01	2.970473e+02
3.820000e-06	7.042283e-06	1.156761e-09	3.816750e+01	2.968890e+02
3.830000e-06	7.034604e-06	1.209058e-09	3.812588e+01	2.967285e+02
3.840000e-06	7.026345e-06	1.164158e-09	3.808112e+01	2.965659e+02
3.850000e-06	7.017646e-06	1.102935e-09	3.803397e+01	2.964014e+02
3.860000e-06	7.008537e-06	1.157915e-09	3.798460e+01	2.962349e+02
3.870000e-06	6.998933e-06	1.232310e-09	3.793255e+01	2.960661e+02
3.880000e-06	6.988859e-06	1.164077e-09	3.787795e+01	2.958949e+02
3.890000e-06	6.978318e-06	1.084211e-09	3.782083e+01	2.957209e+02
3.900000e-06	6.967240e-06	1.161796e-09	3.776078e+01	2.955436e+02
3.910000e-06	6.955679e-06	1.237323e-09	3.769813e+01	2.953627e+02
3.920000e-06	6.943597e-06	1.148029e-09	3.763265e+01	2.951776e+02
3.930000e-06	6.930867e-06	1.091336e-09	3.756365e+01	2.949876e+02
3.940000e-06	6.917441e-06	1.193473e-09	3.749089e+01	2.947922e+02
3.950000e-06	6.903412e-06	1.223930e-09	3.741485e+01	2.945908e+02
3.960000e-06	6.888637e-06	1.115376e-09	3.733478e+01	2.943825e+02
3.970000e-06	6.873171e-06	1.118501e-09	3.725095e+01	2.941668e+02
3.980000e-06	6.857262e-06	1.221009e-09	3.716473e+01	2.939429e+02
3.990000e-06	6.840945e-06	1.181355e-09	3.707630e+01	2.937103e+02
4.000000e-06	6.824205e-06	1.102626e-09	3.698557e+01	2.934681e+02
4.010000e-06	6.806981e-06	1.177115e-09	3.689222e+01	2.932159e+02
4.020000e-06	6.789194e-06	1.218036e-09	3.679581e+01	2.929530e+02
4.030000e-06	6.770876e-06	1.118483e-09	3.669654e+01	2.926789e+02
4.040000e-06	6.752135e-06	1.120250e-09	3.659497e+01	2.923930e+02
4.050000e-06	6.732932e-06	1.220759e-09	3.649089e+01	2.920948e+02
4.060000e-06	6.713259e-06	1.175836e-09	3.638427e+01	2.917841e+02
4.070000e-06	6.693206e-06	1.100175e-09	3.627558e+01	2.914603e+02
4.080000e-06	6.672910e-06	1.177255e-09	3.616559e+01	2.911232e+02
4.090000e-06	6.652187e-06	1.206961e-09	3.605327e+01	2.907726e+02
4.100000e-06	6.630803e-06	1.118509e-09	3.593738e+01	2.904080e+02
4.110000e-06	6.608732e-06	1.133740e-09	3.581775e+01	2.900295e+02
4.120000e-06	6.586091e-06	1.200092e-09	3.569505e+01	2.896368e+02
4.130000e-06	6.562833e-06	1.144248e-09	3.556899e+01	2.892299e+02
4.140000e-06	6.539032e-06	1.119086e-09	3.544000e+01	2.888086e+02
4.150000e-06	6.514839e-06	1.186000e-09	3.530888e+01	2.883729e+02
4.160000e-06	6.490259e-06	1.161648e-09	3.517566e+01	2.879228e+02
4.170000e-06	6.465254e-06	1.107624e-09	3.504014e+01	2.874583e+02
4.180000e-06	6.439743e-06	1.159827e-09	3.490188e+01	2.869794e+02
4.190000e-06	6.413865e-06	1.172956e-09	3.476162e+01	2.864861e+02
4.200000e-06	6.387504e-06	1.117017e-09	3.461875e+01	2.859783e+02
4.210000e-06	6.360500e-06	1.140892e-09	3.447239e+01	2.854563e+02
4.220000e-06	6.333084e-06	1.169436e-09	3.432381e+01	2.849198e+02
4.230000e-06	6.305315e-06	1.123857e-09	3.417331e+01	2.843691e+02
4.240000e-06	6.277185e-06	1.127778e-09	3.402085e+01	2.838040e+02
4.250000e-06	6.248763e-06	1.161803e-09	3.386681e+01	2.832245e+02
4.260000e-06	6.219962e-06	1.129016e-09	3.371072e+01	2.826308e+02
4.270000e-06	6.190669e-06	1.118353e-09	3.355196e+01	2.820227e+02
4.280000e-06	6.160701e-06	1.151699e-09	3.338954e+01	2.814002e+02
4.290000e-06	6.130154e-06	1.134344e-09	3.322398e+01	2.807634e+02
4.300000e-06	6.099073e-06	1.113700e-09	3.305553e+01	2.801121e+02
4.310000e-06	6.067436e-06	1.135802e-09	3.288406e+01	2.794464e+02
4.320000e-06	6.035335e-06	1.129938e-09	3.271008e+01	2.787662e+02
4.330000e-06	6.002848e-06	1.112386e-09	3.253401e+01	2.780715e+02
4.340000e-06	5.970048e-06	1.127089e-09	3.235624e+01	2.773623e+02
4.350000e-06	5.936848e-06	1.125327e-09	3.217630e+01	2.766386e+02
4.360000e-06	5.903205e-06	1.108077e-09	3.199397e+01	2.759004e+02
4.370000e-06	5.869119e-06	1.115431e-09	3.180923e+01	2.751476e+02
4.380000e-06	5.834654e-06	1.117030e-09	3.162244e+01	2.743804e+02
4.390000e-06	5.799805e-06	1.105302e-09	3.143356e+01	2.735987e+02
4.400000e-06	5.764535e-06	1.107937e-09	3.124241e+01	2.728026e+02
4.410000e-06	5.728860e-06	1.108033e-09	3.104906e+01	2.719922e+02
4.420000e-06	5.692892e-06	1.098755e-09	3.085412e+01	2.711675e+02
4.430000e-06	5.656723e-06	1.100276e-09	3.065809e+01	2.703287e+02
4.440000e-06	5.620245e-06	1.099847e-09	3.046039e+01	2.694759e+02
4.450000e-06	5.583365e-06	1.090788e-09	3.026051e+01	2.686092e+02
4.460000e-06	5.545904e-06	1.088672e-09	3.005748e+01	2.677287e+02
4.470000e-06	5.507788e-06	1.087961e-09	2.985090e+01	2.668345e+02
4.480000e-06	5.469118e-06	1.082181e-09	2.964132e+01	2.659268e+02
4.490000e-06	5.429922e-06	1.079400e-09	2.942889e+01	2.650058e+02
4.500000e-06	5.390182e-06	1.077410e-09	2.921350e+01	2.640714e+02
4.510000e-06	5.350047e-06	1.073200e-09	2.899598e+01	2.631238e+02
4.520000e-06	5.309729e-06	1.072231e-09	2.877747e+01	2.621630e+02
4.530000e-06	5.269207e-06	1.071105e-09	2.855785e+01	2.611891e+02
4.540000e-06	5.228451e-06	1.066295e-09	2.833696e+01	2.602021e+02
4.550000e-06	5.187337e-06	1.062650e-09	2.811413e+01	2.592020e+02
4.560000e-06	5.145773e-06	1.060173e-09	2.788886e+01	2.581886e+02
4.570000e-06	5.103830e-06	1.056807e-09	2.766154e+01	2.571619e+02
4.580000e-06	5.061540e-06	1.054320e-09	2.743234e+01	2.561216e+02
4.590000e-06	5.018896e-06	1.050992e-09	2.720122e+01	2.550675e+02
4.600000e-06	4.975823e-06	1.046913e-09	2.696778e+01	2.539994e+02
4.610000e-06	4.932341e-06	1.045420e-09	2.673212e+01	2.529168e+02
4.620000e-06	4.888527e-06	1.043704e-09	2.649465e+01	2.518193e+02
4.630000e-06	4.844439e-06	1.038702e-09	2.625571e+01	2.507066e+02
4.640000e-06	4.800175e-06	1.033421e-09	2.601581e+01	2.495780e+02
4.650000e-06	4.755664e-06	1.029226e-09	2.577457e+01	2.484329e+02
4.660000e-06	4.710880e-06	1.025084e-09	2.553185e+01	2.472708e+02
4.670000e-06	4.665930e-06	1.020384e-09	2.528823e+01	2.460909e+02
4.680000e-06	4.620700e-06	1.015822e-09	2.504309e+01	2.448924e+02
4.690000e-06	4.574928e-06	1.010677e-09	2.479502e+01	2.436746e+02
4.700000e-06	4.528675e-06	1.005419e-09	2.454434e+01	2.424367e+02
4.710000e-06	4.482195e-06	1.000639e-09	2.429243e+01	2.411778e+02
4.720000e-06	4.435519e-06	9.961752e-10	2.403946e+01	2.398971e+02
4.730000e-06	4.388568e-06	9.916370e-10	2.378499e+01	2.385936e+02
4.740000e-06	4.341253e-06	9.860702e-10	2.352856e+01	2.372666e+02
4.750000e-06	4.293688e-06	9.807973e-10	2.327077e+01	2.359151e+02
4.760000e-06	4.245920e-06	9.772242e-10	2.301188e+01	2.345382e+02
4.770000e-06	4.197671e-06	9.735276e-10	2.275038e+01	2.331352e+02
4.780000e-06	4.148883e-06	9.677302e-10	2.248596e+01	2.317051e+02
4.790000e-06	4.099862e-06	9.612040e-10	2.222028e+01	2.302473e+02
4.800000e-06	4.050536e-06	9.562502e-10	2.195294e+01	2.287610e+02
4.810000e-06	4.000730e-06	9.516646e-10	2.168301e+01	2.272455e+02
4.820000e-06	3.950633e-06	9.461637e-10	2.141149e+01	2.257002e+02
4.830000e-06	3.900285e-06	9.403798e-10	2.113862e+01	2.241246e+02
4.840000e-06	3.849671e-06	9.331287e-10	2.086430e+01	2.225180e+02
4.850000e-06	3.798820e-06	9.252438e-10	2.058870e+01	2.208802e+02
4.860000e-06	3.747571e-06	9.182157e-10	2.031094e+01	2.192108e+02
4.870000e-06	3.695965e-06	9.124307e-10	2.003125e+01	2.175095e+02
4.880000e-06	3.644181e-06	9.065943e-10	1.975059e+01	2.157761e+02
4.890000e-06	3.592091e-06	8.997135e-10	1.946828e+01	2.140105e+02
4.900000e-06	3.539696e-06	8.930974e-10	1.918431e+01	2.122128e+02
4.910000e-06	3.487033e-06	8.859445e-10	1.889889e+01	2.103829e+02
4.920000e-06	3.434129e-06	8.769065e-10	1.861216e+01	2.085211e+02
4.930000e-06	3.380958e-06	8.677530e-10	1.832399e+01	2.066274e+02
4.940000e-06	3.327433e-06	8.599111e-10	1.803390e+01	2.047023e+02
4.950000e-06	3.273643e-06	8.529258e-10	1.774236e+01	2.027459e+02
4.960000e-06	3.219397e-06	8.456291e-10	1.744837e+01	2.007588e+02
4.970000e-06	3.164651e-06	8.381308e-10	1.715166e+01	1.987414e+02
4.980000e-06	3.109546e-06	8.305554e-10	1.685300e+01	1.966941e+02
4.990000e-06	3.054163e-06	8.218643e-10	1.655284e+01	1.946176e+02
5.000000e-06	2.998563e-06	8.126514e-10	1.625150e+01	1.925123e+02
5.010000e-06	2.942679e-06	8.046171e-10	1.594862e+01	1.903789e+02
5.020000e-06	2.886594e-06	7.969056e-10	1.564465e+01	1.882179e+02
5.030000e-06	2.830455e-06	7.879286e-10	1.534039e+01	1.860300e+02
5.040000e-06	2.774193e-06	7.781393e-10	1.503547e+01	1.838158e+02
5.050000e-06	2.717742e-06	7.688179e-10	1.472951e+01	1.815757e+02
5.060000e-06	2.661139e-06	7.599355e-10	1.442274e+01	1.793105e+02
5.070000e-06	2.604326e-06	7.508620e-10	1.411483e+01	1.770206e+02
5.080000e-06	2.547359e-06	7.414896e-10	1.380608e+01	1.747064e+02
5.090000e-06	2.490379e-06	7.313131e-10	1.349726e+01	1.723685e+02
5.100000e-06	2.433276e-06	7.213102e-10	1.318778e+01	1.700072e+02
5.110000e-06	2.375872e-06	7.122651e-10	1.287666e+01	1.676228e+02
5.120000e-06	2.318253e-06	7.032927e-10	1.256438e+01	1.652155e+02
5.130000e-06	2.260514e-06	6.936623e-10	1.225145e+01	1.627857e+02
5.140000e-06	2.202628e-06	6.839923e-10	1.193772e+01	1.603332e+02
5.150000e-06	2.144617e-06	6.744284e-10	1.162332e+01	1.578583e+02
5.160000e-06	2.086460e-06	6.645859e-10	1.130812e+01	1.553607e+02
5.170000e-06	2.028084e-06	6.548264e-10	1.099173e+01	1.528404e+02
5.180000e-06	1.969559e-06	6.443432e-10	1.067454e+01	1.502970e+02
5.190000e-06	1.910866e-06	6.323521e-10	1.035644e+01	1.477304e+02
5.200000e-06	1.851983e-06	6.208871e-10	1.003731e+01	1.451400e+02
5.210000e-06	1.793072e-06	6.106700e-10	9.718021e+00	1.425254e+02
5.220000e-06	1.734057e-06	6.001477e-10	9.398178e+00	1.398860e+02
5.230000e-06	1.674784e-06	5.894370e-10	9.076931e+00	1.372213e+02
5.240000e-06	1.615314e-06	5.787414e-10	8.754619e+00	1.345304e+02
5.250000e-06	1.555803e-06	5.674642e-10	8.432082e+00	1.318126e+02
5.260000e-06	1.496201e-06	5.562502e-10	8.109051e+00	1.290672e+02
5.270000e-06	1.436522e-06	5.455205e-10	7.785610e+00	1.262932e+02
5.280000e-06	1.376835e-06	5.338287e-10	7.462119e+00	1.234899e+02
5.290000e-06	1.316965e-06	5.213925e-10	7.137636e+00	1.206563e+02
5.300000e-06	1.256958e-06	5.095162e-10	6.812414e+00	1.177915e+02
5.310000e-06	1.196905e-06	4.977905e-10	6.486942e+00	1.148947e+02
5.320000e-06	1.136843e-06	4.860317e-10	6.161417e+00	1.119649e+02
5.330000e-06	1.076792e-06	4.736998e-10	5.835954e+00	1.090013e+02
5.340000e-06	1.016680e-06	4.605458e-10	5.510163e+00	1.060031e+02
5.350000e-06	9.565017e-07	4.486338e-10	5.184012e+00	1.029695e+02
5.360000e-06	8.963107e-07	4.375752e-10	4.857791e+00	9.989986e+01
5.370000e-06	8.361231e-07	4.253440e-10	4.531588e+00	9.679353e+01
5.380000e-06	7.759283e-07	4.115528e-10	4.205347e+00	9.364998e+01
5.390000e-06	7.156806e-07	3.974076e-10	3.878818e+00	9.046877e+01
5.400000e-06	6.553384e-07	3.842083e-10	3.551778e+00	8.724957e+01
5.410000e-06	5.949443e-07	3.713176e-10	3.224457e+00	8.399217e+01
5.420000e-06	5.345629e-07	3.571861e-10	2.897204e+00	8.069645e+01
5.430000e-06	4.741898e-07	3.423417e-10	2.569996e+00	7.736246e+01
5.440000e-06	4.138500e-07	3.285469e-10	2.242969e+00	7.399034e+01
5.450000e-06	3.535391e-07	3.154701e-10	1.916098e+00	7.058040e+01
5.460000e-06	2.931566e-07	3.014498e-10	1.588839e+00	6.713306e+01
5.470000e-06	2.327758e-07	2.862365e-10	1.261590e+00	6.364889e+01
5.480000e-06	1.724285e-07	2.705402e-10	9.345216e-01	6.012860e+01
5.490000e-06	1.119264e-07	2.545320e-10	6.066143e-01	5.657302e+01
5.500000e-06	5.137689e-08	2.380225e-10	2.784505e-01	5.298314e+01
5.510000e-06	-9.068136e-09	2.215391e-10	-4.914714e-02	4.936005e+01
5.520000e-06	-6.952487e-08	2.055199e-10	-3.768082e-01	4.570497e+01
5.530000e-06	-1.299610e-07	1.887865e-10	-7.043578e-01	4.201925e+01
5.540000e-06	-1.903644e-07	1.724162e-10	-1.031730e+00	3.830433e+01
5.550000e-06	-2.507801e-07	1.571136e-10	-1.359168e+00	3.456176e+01
5.560000e-06	-3.112470e-07	1.410436e-10	-1.686885e+00	3.079320e+01
5.570000e-06	-3.717229e-07	1.244728e-10	-2.014650e+00	2.700036e+01
5.580000e-06	-4.321577e-07	1.079353e-10	-2.342192e+00	2.318504e+01
5.590000e-06	-4.925987e-07	9.149933e-11	-2.669768e+00	1.934912e+01
5.600000e-06	-5.529474e-07	7.538529e-11	-2.996844e+00	1.549452e+01
5.610000e-06	-6.132373e-07	5.833323e-11	-3.323601e+00	1.162321e+01
5.620000e-06	-6.735802e-07	4.047323e-11	-3.650644e+00	7.737186e+00
5.630000e-06	-7.338992e-07	2.346797e-11	-3.977559e+00	3.838497e+00
5.640000e-06	-7.941335e-07	6.879961e-12	-4.304014e+00	-7.080578e-02
5.650000e-06	-8.543774e-07	-1.010342e-11	-4.630522e+00	-3.988650e+00
5.660000e-06	-9.146266e-07	-2.721840e-11	-4.957059e+00	-7.912960e+00
5.670000e-06	-9.747640e-07	-4.468609e-11	-5.282989e+00	-1.184166e+01
5.680000e-06	-1.034854e-06	-6.170666e-11	-5.608660e+00	-1.577267e+01
5.690000e-06	-1.094962e-06	-7.785920e-11	-5.934434e+00	-1.970394e+01
5.700000e-06	-1.154986e-06	-9.466437e-11	-6.259749e+00	-2.363341e+01
5.710000e-06	-1.214911e-06	-1.132116e-10	-6.584531e+00	-2.755905e+01
5.720000e-06	-1.274817e-06	-1.318289e-10	-6.909206e+00	-3.147886e+01
5.730000e-06	-1.334652e-06	-1.483588e-10	-7.233498e+00	-3.539085e+01
5.740000e-06	-1.394338e-06	-1.634954e-10	-7.556980e+00	-3.929304e+01
5.750000e-06	-1.453954e-06	-1.788670e-10	-7.880084e+00	-4.318350e+01
5.760000e-06	-1.513502e-06	-1.951402e-10	-8.202819e+00	-4.706031e+01
5.770000e-06	-1.572949e-06	-2.122293e-10	-8.525007e+00	-5.092160e+01
5.780000e-06	-1.632373e-06	-2.294145e-10	-8.847071e+00	-5.476549e+01
5.790000e-06	-1.691580e-06	-2.453264e-10	-9.167960e+00	-5.859016e+01
5.800000e-06	-1.750557e-06	-2.611256e-10	-9.487605e+00	-6.239382e+01
5.810000e-06	-1.809498e-06	-2.780859e-10	-9.807049e+00	-6.617470e+01
5.820000e-06	-1.868254e-06	-2.942944e-10	-1.012549e+01	-6.993107e+01
5.830000e-06	-1.926794e-06	-3.092101e-10	-1.044277e+01	-7.366124e+01
5.840000e-06	-1.985159e-06	-3.235216e-10	-1.075909e+01	-7.736355e+01
5.850000e-06	-2.043394e-06	-3.384109e-10	-1.107471e+01	-8.103639e+01
5.860000e-06	-2.101644e-06	-3.547017e-10	-1.139041e+01	-8.467822e+01
5.870000e-06	-2.159793e-06	-3.713674e-10	-1.170556e+01	-8.828752e+01
5.880000e-06	-2.217735e-06	-3.872005e-10	-1.201959e+01	-9.186286e+01
5.890000e-06	-2.275471e-06	-4.017288e-10	-1.233251e+01	-9.540286e+01
5.900000e-06	-2.333044e-06	-4.162989e-10	-1.264454e+01	-9.890621e+01
5.910000e-06	-2.390376e-06	-4.316827e-10	-1.295527e+01	-1.023717e+02
5.920000e-06	-2.447381e-06	-4.464372e-10	-1.326422e+01	-1.057982e+02
5.930000e-06	-2.504206e-06	-4.596408e-10	-1.357220e+01	-1.091847e+02
5.940000e-06	-2.560960e-06	-4.727801e-10	-1.387979e+01	-1.125302e+02
5.950000e-06	-2.617589e-06	-4.865557e-10	-1.418671e+01	-1.158339e+02
5.960000e-06	-2.674033e-06	-5.001294e-10	-1.449262e+01	-1.190951e+02
5.970000e-06	-2.730378e-06	-5.131121e-10	-1.479800e+01	-1.223133e+02
5.980000e-06	-2.786632e-06	-5.261651e-10	-1.510288e+01	-1.254880e+02
5.990000e-06	-2.842751e-06	-5.389974e-10	-1.540704e+01	-1.286189e+02
6.000000e-06	-2.898641e-06	-5.519331e-10	-1.570995e+01	-1.317059e+02
6.010000e-06	-2.954350e-06	-5.655057e-10	-1.601188e+01	-1.347488e+02
6.020000e-06	-3.009896e-06	-5.783748e-10	-1.631292e+01	-1.377478e+02
6.030000e-06	-3.065217e-06	-5.899191e-10	-1.661275e+01	-1.407032e+02
6.040000e-06	-3.120206e-06	-6.012134e-10	-1.691077e+01	-1.436154e+02
6.050000e-06	-3.174842e-06	-6.135307e-10	-1.720689e+01	-1.464848e+02
6.060000e-06	-3.229089e-06	-6.253685e-10	-1.750089e+01	-1.493122e+02
6.070000e-06	-3.282902e-06	-6.358871e-10	-1.779255e+01	-1.520983e+02
6.080000e-06	-3.336295e-06	-6.461215e-10	-1.808193e+01	-1.548441e+02
6.090000e-06	-3.389298e-06	-6.567611e-10	-1.836919e+01	-1.575504e+02
6.100000e-06	-3.442067e-06	-6.682272e-10	-1.865519e+01	-1.602183e+02
6.110000e-06	-3.494554e-06	-6.804281e-10	-1.893965e+01	-1.628490e+02
6.120000e-06	-3.546783e-06	-6.916958e-10	-1.922272e+01	-1.654438e+02
6.130000e-06	-3.598873e-06	-7.021161e-10	-1.950504e+01	-1.680037e+02
6.140000e-06	-3.650666e-06	-7.132758e-10	-1.978574e+01	-1.705301e+02
6.150000e-06	-3.702067e-06	-7.251845e-10	-2.006432e+01	-1.730242e+02
6.160000e-06	-3.753281e-06	-7.363705e-10	-2.034189e+01	-1.754872e+02
6.170000e-06	-3.804334e-06	-7.455842e-10	-2.061859e+01	-1.779204e+02
6.180000e-06	-3.855038e-06	-7.552308e-10	-2.089339e+01	-1.803249e+02
6.190000e-06	-3.905357e-06	-7.667588e-10	-2.116611e+01	-1.827018e+02
6.200000e-06	-3.955386e-06	-7.784493e-10	-2.143725e+01	-1.850521e+02
6.210000e-06	-4.005185e-06	-7.884359e-10	-2.170715e+01	-1.873766e+02
6.220000e-06	-4.054655e-06	-7.970644e-10	-2.197527e+01	-1.896761e+02
6.230000e-06	-4.103428e-06	-8.069299e-10	-2.223960e+01	-1.919514e+02
6.240000e-06	-4.151548e-06	-8.175271e-10	-2.250040e+01	-1.942028e+02
6.250000e-06	-4.199332e-06	-8.270697e-10	-2.275938e+01	-1.964307e+02
6.260000e-06	-4.246837e-06	-8.362699e-10	-2.301685e+01	-1.986355e+02
6.270000e-06	-4.294100e-06	-8.452902e-10	-2.327300e+01	-2.008171e+02
6.280000e-06	-4.341121e-06	-8.540264e-10	-2.352784e+01	-2.029755e+02
6.290000e-06	-4.387979e-06	-8.627423e-10	-2.378180e+01	-2.051104e+02
6.300000e-06	-4.434660e-06	-8.710466e-10	-2.403480e+01	-2.072215e+02
6.310000e-06	-4.480985e-06	-8.787707e-10	-2.428587e+01	-2.093083e+02
6.320000e-06	-4.526944e-06	-8.862494e-10	-2.453496e+01	-2.113700e+02
6.330000e-06	-4.572731e-06	-8.947195e-10	-2.478311e+01	-2.134061e+02
6.340000e-06	-4.618176e-06	-9.042530e-10	-2.502942e+01	-2.154156e+02
6.350000e-06	-4.663094e-06	-9.128870e-10	-2.527286e+01	-2.173976e+02
6.360000e-06	-4.707724e-06	-9.197165e-10	-2.551475e+01	-2.193512e+02
6.370000e-06	-4.752253e-06	-9.260525e-10	-2.575608e+01	-2.212752e+02
6.380000e-06	-4.796647e-06	-9.337120e-10	-2.599669e+01	-2.231688e+02
6.390000e-06	-4.840759e-06	-9.419627e-10	-2.623576e+01	-2.250307e+02
6.400000e-06	-4.884531e-06	-9.490246e-10	-2.647300e+01	-2.268600e+02
6.410000e-06	-4.927970e-06	-9.551619e-10	-2.670843e+01	-2.286557e+02
6.420000e-06	-4.971086e-06	-9.610961e-10	-2.694210e+01	-2.304168e+02
6.430000e-06	-5.013868e-06	-9.681022e-10	-2.717397e+01	-2.321424e+02
6.440000e-06	-5.056237e-06	-9.760947e-10	-2.740360e+01	-2.338319e+02
6.450000e-06	-5.098185e-06	-9.834897e-10	-2.763095e+01	-2.354845e+02
6.460000e-06	-5.139843e-06	-9.898550e-10	-2.785673e+01	-2.370997e+02
6.470000e-06	-5.181208e-06	-9.957485e-10	-2.808092e+01	-2.386772e+02
6.480000e-06	-5.222163e-06	-1.002365e-09	-2.830288e+01	-2.402166e+02
6.490000e-06	-5.262804e-06	-1.008753e-09	-2.852315e+01	-2.417179e+02
6.500000e-06	-5.303237e-06	-1.012848e-09	-2.874228e+01	-2.431811e+02
6.510000e-06	-5.343351e-06	-1.016153e-09	-2.895969e+01	-2.446066e+02
6.520000e-06	-5.383116e-06	-1.021238e-09	-2.917521e+01	-2.459946e+02
6.530000e-06	-5.422522e-06	-1.027882e-09	-2.938878e+01	-2.473457e+02
6.540000e-06	-5.461526e-06	-1.034311e-09	-2.960017e+01	-2.486607e+02
6.550000e-06	-5.499994e-06	-1.039421e-09	-2.980866e+01	-2.499405e+02
6.560000e-06	-5.537790e-06	-1.043714e-09	-3.001351e+01	-2.511859e+02
6.570000e-06	-5.575034e-06	-1.048924e-09	-3.021536e+01	-2.523982e+02
6.580000e-06	-5.611888e-06	-1.053619e-09	-3.041510e+01	-2.535785e+02
6.590000e-06	-5.648314e-06	-1.056391e-09	-3.061252e+01	-2.547282e+02
6.600000e-06	-5.684350e-06	-1.059405e-09	-3.080782e+01	-2.558488e+02
6.610000e-06	-5.720073e-06	-1.063994e-09	-3.100143e+01	-2.569416e+02
6.620000e-06	-5.755514e-06	-1.069877e-09	-3.119352e+01	-2.580083e+02
6.630000e-06	-5.790647e-06	-1.075923e-09	-3.138393e+01	-2.590503e+02
6.640000e-06	-5.825357e-06	-1.079812e-09	-3.157205e+01	-2.600693e+02
6.650000e-06	-5.859646e-06	-1.081142e-09	-3.175789e+01	-2.610668e+02
6.660000e-06	-5.893418e-06	-1.083626e-09	-3.194093e+01	-2.620443e+02
6.670000e-06	-5.926739e-06	-1.087878e-09	-3.212152e+01	-2.630033e+02
6.680000e-06	-5.959722e-06	-1.091840e-09	-3.230027e+01	-2.639453e+02
6.690000e-06	-5.992377e-06	-1.094523e-09	-3.247726e+01	-2.648717e+02
6.700000e-06	-6.024696e-06	-1.095500e-09	-3.265242e+01	-2.657836e+02
6.710000e-06	-6.056647e-06	-1.097519e-09	-3.282559e+01	-2.666824e+02
6.720000e-06	-6.088234e-06	-1.101343e-09	-3.299678e+01	-2.675691e+02
6.730000e-06	-6.119194e-06	-1.104661e-09	-3.316457e+01	-2.684447e+02
6.740000e-06	-6.149431e-06	-1.106986e-09	-3.332845e+01	-2.693101e+02
6.750000e-06	-6.179143e-06	-1.109695e-09	-3.348949e+01	-2.701661e+02
6.760000e-06	-6.208320e-06	-1.113818e-09	-3.364762e+01	-2.710133e+02
6.770000e-06	-6.237000e-06	-1.118116e-09	-3.380306e+01	-2.718523e+02
6.780000e-06	-6.265352e-06	-1.120799e-09	-3.395671e+01	-2.726835e+02
6.790000e-06	-6.293348e-06	-1.121399e-09	-3.410845e+01	-2.735072e+02
6.800000e-06	-6.320868e-06	-1.122715e-09	-3.425760e+01	-2.743236e+02
6.810000e-06	-6.347920e-06	-1.126681e-09	-3.440421e+01	-2.751330e+02
6.820000e-06	-6.374531e-06	-1.131506e-09	-3.454844e+01	-2.759352e+02
6.830000e-06	-6.400716e-06	-1.134345e-09	-3.469036e+01	-2.767302e+02
6.840000e-06	-6.426506e-06	-1.134987e-09	-3.483013e+01	-2.775180e+02
6.850000e-06	-6.451779e-06	-1.137034e-09	-3.496711e+01	-2.782983e+02
6.860000e-06	-6.476551e-06	-1.140211e-09	-3.510137e+01	-2.790709e+02
6.870000e-06	-6.501096e-06	-1.141657e-09	-3.523440e+01	-2.798354e+02
6.880000e-06	-6.525362e-06	-1.142595e-09	-3.536591e+01	-2.805915e+02
6.890000e-06	-6.549176e-06	-1.144792e-09	-3.549497e+01	-2.813388e+02
6.900000e-06	-6.572571e-06	-1.148243e-09	-3.562177e+01	-2.820769e+02
6.910000e-06	-6.595271e-06	-1.151259e-09	-3.574480e+01	-2.828053e+02
6.920000e-06	-6.617208e-06	-1.153819e-09	-3.586369e+01	-2.835236e+02
6.930000e-06	-6.638551e-06	-1.156110e-09	-3.597937e+01	-2.842313e+02
6.940000e-06	-6.659307e-06	-1.157458e-09	-3.609186e+01	-2.849279e+02
6.950000e-06	-6.679617e-06	-1.160109e-09	-3.620194e+01	-2.856130e+02
6.960000e-06	-6.699545e-06	-1.164164e-09	-3.630994e+01	-2.862859e+02
6.970000e-06	-6.719116e-06	-1.166194e-09	-3.641601e+01	-2.869463e+02
6.980000e-06	-6.738311e-06	-1.165942e-09	-3.652004e+01	-2.875936e+02
6.990000e-06	-6.757046e-06	-1.167084e-09	-3.662158e+01	-2.882273e+02
7.000000e-06	-6.775254e-06	-1.170214e-09	-3.672027e+01	-2.888469e+02
7.010000e-06	-6.792908e-06	-1.172446e-09	-3.681594e+01	-2.894518e+02
7.020000e-06	-6.810164e-06	-1.172557e-09	-3.690947e+01	-2.900417e+02
7.030000e-06	-6.827083e-06	-1.172610e-09	-3.700117e+01	-2.906159e+02
7.040000e-06	-6.843552e-06	-1.174176e-09	-3.709042e+01	-2.911740e+02
7.050000e-06	-6.859619e-06	-1.175760e-09	-3.717750e+01	-2.917154e+02
7.060000e-06	-6.875143e-06	-1.176747e-09	-3.726164e+01	-2.922396e+02
7.070000e-06	-6.890015e-06	-1.176970e-09	-3.734224e+01	-2.927462e+02
7.080000e-06	-6.904224e-06	-1.176416e-09	-3.741925e+01	-2.932346e+02
7.090000e-06	-6.917728e-06	-1.178223e-09	-3.749244e+01	-2.937043e+02
7.100000e-06	-6.930614e-06	-1.182391e-09	-3.756228e+01	-2.941548e+02
7.110000e-06	-6.942841e-06	-1.185250e-09	-3.762855e+01	-2.945857e+02
7.120000e-06	-6.954470e-06	-1.185620e-09	-3.769157e+01	-2.949965e+02
7.130000e-06	-6.965575e-06	-1.185872e-09	-3.775176e+01	-2.953868e+02
7.140000e-06	-6.976275e-06	-1.187753e-09	-3.780975e+01	-2.957561e+02
7.150000e-06	-6.986717e-06	-1.189993e-09	-3.786635e+01	-2.961042e+02
7.160000e-06	-6.996761e-06	-1.191137e-09	-3.792078e+01	-2.964306e+02
7.170000e-06	-7.006195e-06	-1.190649e-09	-3.797191e+01	-2.967351e+02
7.180000e-06	-7.015109e-06	-1.189914e-09	-3.802022e+01	-2.970174e+02
7.190000e-06	-7.023650e-06	-1.190485e-09	-3.806651e+01	-2.972774e+02
7.200000e-06	-7.031766e-06	-1.191557e-09	-3.811050e+01	-2.975150e+02
7.210000e-06	-7.039449e-06	-1.191960e-09	-3.815214e+01	-2.977302e+02
7.220000e-06	-7.046615e-06	-1.191760e-09	-3.819098e+01	-2.979230e+02
7.230000e-06	-7.053107e-06	-1.191433e-09	-3.822616e+01	-2.980935e+02
7.240000e-06	-7.058882e-06	-1.192027e-09	-3.825746e+01	-2.982420e+02
7.250000e-06	-7.063976e-06	-1.193261e-09	-3.828507e+01	-2.983687e+02
7.260000e-06	-7.068524e-06	-1.193316e-09	-3.830972e+01	-2.984740e+02
7.270000e-06	-7.072723e-06	-1.191955e-09	-3.833248e+01	-2.985585e+02
7.280000e-06	-7.076531e-06	-1.191253e-09	-3.835311e+01	-2.986226e+02
7.290000e-06	-7.079835e-06	-1.192271e-09	-3.837102e+01	-2.986670e+02
7.300000e-06	-7.082665e-06	-1.192737e-09	-3.838636e+01	-2.986924e+02
7.310000e-06	-7.084978e-06	-1.191245e-09	-3.839890e+01	-2.986997e+02
7.320000e-06	-7.086791e-06	-1.189566e-09	-3.840872e+01	-2.986896e+02
7.330000e-06	-7.088146e-06	-1.188979e-09	-3.841607e+01	-2.986632e+02
7.340000e-06	-7.089131e-06	-1.189945e-09	-3.842140e+01	-2.986213e+02
