# Temperatura_=_4.2
# Concentracion g/m^3_=_7400.0
# C_Vs_to_Am_M_A/Vsm_=_254322799225.57578
# pendiente_HvsI_1/m_=_3716.3
# ordenada_HvsI_A/m_=_1297.0
# frecuencia_Hz_=_136110.48525417043

Tiempo_(s)	Campo_(V.s)	Magnetizacion_(V.s)	Campo_(kA/m)	Magnetizacion_(A/m)
0.000000e+00	-7.099715e-06	-1.381565e-09	-3.843153e+01	-3.474338e+02
1.000000e-08	-7.099931e-06	-1.381213e-09	-3.843270e+01	-3.474921e+02
2.000000e-08	-7.099723e-06	-1.380207e-09	-3.843157e+01	-3.475331e+02
3.000000e-08	-7.098970e-06	-1.378783e-09	-3.842749e+01	-3.475569e+02
4.000000e-08	-7.097476e-06	-1.377848e-09	-3.841940e+01	-3.475638e+02
5.000000e-08	-7.095175e-06	-1.376890e-09	-3.840695e+01	-3.475545e+02
6.000000e-08	-7.092200e-06	-1.375560e-09	-3.839085e+01	-3.475294e+02
7.000000e-08	-7.088741e-06	-1.379951e-09	-3.837212e+01	-3.474894e+02
8.000000e-08	-7.084947e-06	-1.382029e-09	-3.835158e+01	-3.474352e+02
9.000000e-08	-7.080551e-06	-1.352709e-09	-3.832779e+01	-3.473676e+02
1.000000e-07	-7.075232e-06	-1.325479e-09	-3.829900e+01	-3.472877e+02
1.100000e-07	-7.069381e-06	-1.383407e-09	-3.826732e+01	-3.471965e+02
1.200000e-07	-7.063377e-06	-1.428007e-09	-3.823482e+01	-3.470949e+02
1.300000e-07	-7.057131e-06	-1.352357e-09	-3.820101e+01	-3.469839e+02
1.400000e-07	-7.050303e-06	-1.297832e-09	-3.816406e+01	-3.468645e+02
1.500000e-07	-7.042924e-06	-1.385102e-09	-3.812411e+01	-3.467376e+02
1.600000e-07	-7.035376e-06	-1.440737e-09	-3.808325e+01	-3.466042e+02
1.700000e-07	-7.027345e-06	-1.317772e-09	-3.803978e+01	-3.464649e+02
1.800000e-07	-7.018501e-06	-1.264625e-09	-3.799190e+01	-3.463205e+02
1.900000e-07	-7.008933e-06	-1.406482e-09	-3.794011e+01	-3.461716e+02
2.000000e-07	-6.998931e-06	-1.453925e-09	-3.788597e+01	-3.460187e+02
2.100000e-07	-6.988594e-06	-1.305473e-09	-3.783002e+01	-3.458620e+02
2.200000e-07	-6.977441e-06	-1.275401e-09	-3.776965e+01	-3.457019e+02
2.300000e-07	-6.965629e-06	-1.406227e-09	-3.770571e+01	-3.455384e+02
2.400000e-07	-6.953477e-06	-1.398472e-09	-3.763993e+01	-3.453715e+02
2.500000e-07	-6.940745e-06	-1.284443e-09	-3.757100e+01	-3.452011e+02
2.600000e-07	-6.927363e-06	-1.329653e-09	-3.749857e+01	-3.450268e+02
2.700000e-07	-6.913474e-06	-1.413646e-09	-3.742338e+01	-3.448482e+02
2.800000e-07	-6.898896e-06	-1.337422e-09	-3.734447e+01	-3.446650e+02
2.900000e-07	-6.883411e-06	-1.297631e-09	-3.726065e+01	-3.444765e+02
3.000000e-07	-6.867160e-06	-1.381474e-09	-3.717268e+01	-3.442822e+02
3.100000e-07	-6.850553e-06	-1.361308e-09	-3.708279e+01	-3.440813e+02
3.200000e-07	-6.833632e-06	-1.272815e-09	-3.699119e+01	-3.438731e+02
3.300000e-07	-6.816287e-06	-1.349589e-09	-3.689730e+01	-3.436569e+02
3.400000e-07	-6.798670e-06	-1.419401e-09	-3.680194e+01	-3.434320e+02
3.500000e-07	-6.780615e-06	-1.306581e-09	-3.670420e+01	-3.431976e+02
3.600000e-07	-6.761910e-06	-1.269947e-09	-3.660295e+01	-3.429530e+02
3.700000e-07	-6.742640e-06	-1.385159e-09	-3.649864e+01	-3.426975e+02
3.800000e-07	-6.723012e-06	-1.368617e-09	-3.639239e+01	-3.424305e+02
3.900000e-07	-6.703021e-06	-1.271588e-09	-3.628418e+01	-3.421515e+02
4.000000e-07	-6.682574e-06	-1.324845e-09	-3.617350e+01	-3.418600e+02
4.100000e-07	-6.661678e-06	-1.376516e-09	-3.606039e+01	-3.415554e+02
4.200000e-07	-6.640308e-06	-1.301574e-09	-3.594471e+01	-3.412375e+02
4.300000e-07	-6.618492e-06	-1.298436e-09	-3.582661e+01	-3.409059e+02
4.400000e-07	-6.596245e-06	-1.358343e-09	-3.570619e+01	-3.405605e+02
4.500000e-07	-6.573519e-06	-1.313099e-09	-3.558317e+01	-3.402010e+02
4.600000e-07	-6.550355e-06	-1.280459e-09	-3.545778e+01	-3.398275e+02
4.700000e-07	-6.526868e-06	-1.342798e-09	-3.533064e+01	-3.394398e+02
4.800000e-07	-6.503070e-06	-1.336579e-09	-3.520182e+01	-3.390379e+02
4.900000e-07	-6.478813e-06	-1.276379e-09	-3.507052e+01	-3.386220e+02
5.000000e-07	-6.453876e-06	-1.301607e-09	-3.493553e+01	-3.381922e+02
5.100000e-07	-6.428081e-06	-1.329989e-09	-3.479590e+01	-3.377486e+02
5.200000e-07	-6.401533e-06	-1.293486e-09	-3.465219e+01	-3.372912e+02
5.300000e-07	-6.374478e-06	-1.290141e-09	-3.450574e+01	-3.368203e+02
5.400000e-07	-6.347062e-06	-1.314822e-09	-3.435733e+01	-3.363360e+02
5.500000e-07	-6.319304e-06	-1.296276e-09	-3.420708e+01	-3.358385e+02
5.600000e-07	-6.291237e-06	-1.283796e-09	-3.405515e+01	-3.353278e+02
5.700000e-07	-6.262731e-06	-1.298451e-09	-3.390084e+01	-3.348041e+02
5.800000e-07	-6.233698e-06	-1.291306e-09	-3.374368e+01	-3.342674e+02
5.900000e-07	-6.204305e-06	-1.277144e-09	-3.358457e+01	-3.337178e+02
6.000000e-07	-6.174649e-06	-1.283682e-09	-3.342405e+01	-3.331552e+02
6.100000e-07	-6.144626e-06	-1.286201e-09	-3.326153e+01	-3.325798e+02
6.200000e-07	-6.114129e-06	-1.279119e-09	-3.309644e+01	-3.319914e+02
6.300000e-07	-6.083012e-06	-1.273454e-09	-3.292800e+01	-3.313900e+02
6.400000e-07	-6.051517e-06	-1.268439e-09	-3.275752e+01	-3.307755e+02
6.500000e-07	-6.019894e-06	-1.267819e-09	-3.258634e+01	-3.301479e+02
6.600000e-07	-5.988032e-06	-1.268799e-09	-3.241387e+01	-3.295069e+02
6.700000e-07	-5.955689e-06	-1.263437e-09	-3.223879e+01	-3.288524e+02
6.800000e-07	-5.922778e-06	-1.260898e-09	-3.206064e+01	-3.281844e+02
6.900000e-07	-5.889257e-06	-1.257903e-09	-3.187919e+01	-3.275028e+02
7.000000e-07	-5.855002e-06	-1.248422e-09	-3.169376e+01	-3.268073e+02
7.100000e-07	-5.820094e-06	-1.246017e-09	-3.150480e+01	-3.260980e+02
7.200000e-07	-5.784691e-06	-1.246730e-09	-3.131316e+01	-3.253746e+02
7.300000e-07	-5.749045e-06	-1.237360e-09	-3.112021e+01	-3.246373e+02
7.400000e-07	-5.713272e-06	-1.231825e-09	-3.092656e+01	-3.238858e+02
7.500000e-07	-5.677244e-06	-1.235739e-09	-3.073153e+01	-3.231202e+02
7.600000e-07	-5.640702e-06	-1.233500e-09	-3.053373e+01	-3.223405e+02
7.700000e-07	-5.603701e-06	-1.226101e-09	-3.033344e+01	-3.215467e+02
7.800000e-07	-5.566320e-06	-1.220581e-09	-3.013109e+01	-3.207387e+02
7.900000e-07	-5.528472e-06	-1.213920e-09	-2.992622e+01	-3.199166e+02
8.000000e-07	-5.489991e-06	-1.209277e-09	-2.971791e+01	-3.190805e+02
8.100000e-07	-5.451106e-06	-1.209697e-09	-2.950743e+01	-3.182303e+02
8.200000e-07	-5.411892e-06	-1.206151e-09	-2.929516e+01	-3.173660e+02
8.300000e-07	-5.372406e-06	-1.198643e-09	-2.908141e+01	-3.164877e+02
8.400000e-07	-5.332888e-06	-1.193540e-09	-2.886750e+01	-3.155951e+02
8.500000e-07	-5.293162e-06	-1.191367e-09	-2.865246e+01	-3.146883e+02
8.600000e-07	-5.253037e-06	-1.187521e-09	-2.843526e+01	-3.137671e+02
8.700000e-07	-5.212312e-06	-1.181664e-09	-2.821481e+01	-3.128312e+02
8.800000e-07	-5.171205e-06	-1.176232e-09	-2.799229e+01	-3.118804e+02
8.900000e-07	-5.129677e-06	-1.173656e-09	-2.776749e+01	-3.109144e+02
9.000000e-07	-5.087456e-06	-1.170963e-09	-2.753895e+01	-3.099328e+02
9.100000e-07	-5.044672e-06	-1.165412e-09	-2.730736e+01	-3.089349e+02
9.200000e-07	-5.001451e-06	-1.158879e-09	-2.707340e+01	-3.079204e+02
9.300000e-07	-4.957958e-06	-1.152290e-09	-2.683796e+01	-3.068885e+02
9.400000e-07	-4.914160e-06	-1.147095e-09	-2.660088e+01	-3.058386e+02
9.500000e-07	-4.870037e-06	-1.143820e-09	-2.636204e+01	-3.047699e+02
9.600000e-07	-4.825731e-06	-1.139681e-09	-2.612220e+01	-3.036815e+02
9.700000e-07	-4.781193e-06	-1.133574e-09	-2.588112e+01	-3.025726e+02
9.800000e-07	-4.736353e-06	-1.126818e-09	-2.563839e+01	-3.014422e+02
9.900000e-07	-4.691062e-06	-1.121150e-09	-2.539323e+01	-3.002896e+02
1.000000e-06	-4.645308e-06	-1.115580e-09	-2.514555e+01	-2.991135e+02
1.010000e-06	-4.599282e-06	-1.109470e-09	-2.489641e+01	-2.979133e+02
1.020000e-06	-4.553071e-06	-1.104027e-09	-2.464627e+01	-2.966878e+02
1.030000e-06	-4.506579e-06	-1.098916e-09	-2.439460e+01	-2.954363e+02
1.040000e-06	-4.459635e-06	-1.094650e-09	-2.414049e+01	-2.941579e+02
1.050000e-06	-4.412343e-06	-1.089712e-09	-2.388449e+01	-2.928517e+02
1.060000e-06	-4.364844e-06	-1.083583e-09	-2.362737e+01	-2.915171e+02
1.070000e-06	-4.317194e-06	-1.077506e-09	-2.336944e+01	-2.901535e+02
1.080000e-06	-4.269287e-06	-1.071336e-09	-2.311012e+01	-2.887602e+02
1.090000e-06	-4.220910e-06	-1.064138e-09	-2.284824e+01	-2.873369e+02
1.100000e-06	-4.172159e-06	-1.056786e-09	-2.258435e+01	-2.858833e+02
1.110000e-06	-4.123115e-06	-1.050126e-09	-2.231887e+01	-2.843991e+02
1.120000e-06	-4.073655e-06	-1.043469e-09	-2.205113e+01	-2.828842e+02
1.130000e-06	-4.023562e-06	-1.036528e-09	-2.177998e+01	-2.813387e+02
1.140000e-06	-3.972957e-06	-1.030120e-09	-2.150604e+01	-2.797627e+02
1.150000e-06	-3.922071e-06	-1.024983e-09	-2.123060e+01	-2.781563e+02
1.160000e-06	-3.870791e-06	-1.020181e-09	-2.095301e+01	-2.765199e+02
1.170000e-06	-3.819221e-06	-1.013753e-09	-2.067386e+01	-2.748540e+02
1.180000e-06	-3.767364e-06	-1.006559e-09	-2.039315e+01	-2.731588e+02
1.190000e-06	-3.715223e-06	-9.987898e-10	-2.011090e+01	-2.714350e+02
1.200000e-06	-3.662841e-06	-9.908481e-10	-1.982736e+01	-2.696830e+02
1.210000e-06	-3.610122e-06	-9.837272e-10	-1.954198e+01	-2.679035e+02
1.220000e-06	-3.557097e-06	-9.772370e-10	-1.925495e+01	-2.660970e+02
1.230000e-06	-3.503855e-06	-9.716891e-10	-1.896675e+01	-2.642640e+02
1.240000e-06	-3.450474e-06	-9.656027e-10	-1.867779e+01	-2.624050e+02
1.250000e-06	-3.396937e-06	-9.579947e-10	-1.838799e+01	-2.605205e+02
1.260000e-06	-3.343110e-06	-9.491358e-10	-1.809662e+01	-2.586107e+02
1.270000e-06	-3.289023e-06	-9.390526e-10	-1.780384e+01	-2.566761e+02
1.280000e-06	-3.234809e-06	-9.300269e-10	-1.751037e+01	-2.547168e+02
1.290000e-06	-3.180327e-06	-9.237907e-10	-1.721545e+01	-2.527329e+02
1.300000e-06	-3.125480e-06	-9.172385e-10	-1.691856e+01	-2.507244e+02
1.310000e-06	-3.070371e-06	-9.095656e-10	-1.662025e+01	-2.486910e+02
1.320000e-06	-3.015038e-06	-9.022105e-10	-1.632073e+01	-2.466325e+02
1.330000e-06	-2.959513e-06	-8.930093e-10	-1.602017e+01	-2.445486e+02
1.340000e-06	-2.903918e-06	-8.829019e-10	-1.571922e+01	-2.424386e+02
1.350000e-06	-2.848291e-06	-8.745552e-10	-1.541811e+01	-2.403020e+02
1.360000e-06	-2.792550e-06	-8.659913e-10	-1.511638e+01	-2.381380e+02
1.370000e-06	-2.736645e-06	-8.564544e-10	-1.481376e+01	-2.359457e+02
1.380000e-06	-2.680653e-06	-8.476422e-10	-1.451066e+01	-2.337242e+02
1.390000e-06	-2.624572e-06	-8.403227e-10	-1.420709e+01	-2.314725e+02
1.400000e-06	-2.568283e-06	-8.328719e-10	-1.390240e+01	-2.291895e+02
1.410000e-06	-2.511721e-06	-8.232364e-10	-1.359622e+01	-2.268741e+02
1.420000e-06	-2.454944e-06	-8.130221e-10	-1.328888e+01	-2.245252e+02
1.430000e-06	-2.397906e-06	-8.037321e-10	-1.298012e+01	-2.221414e+02
1.440000e-06	-2.340360e-06	-7.948007e-10	-1.266862e+01	-2.197218e+02
1.450000e-06	-2.282417e-06	-7.859001e-10	-1.235497e+01	-2.172650e+02
1.460000e-06	-2.224199e-06	-7.766950e-10	-1.203983e+01	-2.147699e+02
1.470000e-06	-2.165640e-06	-7.666377e-10	-1.172284e+01	-2.122354e+02
1.480000e-06	-2.106800e-06	-7.571495e-10	-1.140434e+01	-2.096603e+02
1.490000e-06	-2.047757e-06	-7.478381e-10	-1.108473e+01	-2.070437e+02
1.500000e-06	-1.988645e-06	-7.365429e-10	-1.076475e+01	-2.043844e+02
1.510000e-06	-1.929430e-06	-7.255898e-10	-1.044421e+01	-2.016814e+02
1.520000e-06	-1.870078e-06	-7.156772e-10	-1.012294e+01	-1.989339e+02
1.530000e-06	-1.810573e-06	-7.052917e-10	-9.800828e+00	-1.961408e+02
1.540000e-06	-1.750983e-06	-6.943217e-10	-9.478261e+00	-1.933013e+02
1.550000e-06	-1.691398e-06	-6.831386e-10	-9.155720e+00	-1.904144e+02
1.560000e-06	-1.631792e-06	-6.718591e-10	-8.833067e+00	-1.874793e+02
1.570000e-06	-1.572138e-06	-6.602405e-10	-8.510154e+00	-1.844950e+02
1.580000e-06	-1.512448e-06	-6.491065e-10	-8.187042e+00	-1.814607e+02
1.590000e-06	-1.452706e-06	-6.379970e-10	-7.863657e+00	-1.783753e+02
1.600000e-06	-1.392903e-06	-6.267816e-10	-7.539933e+00	-1.752377e+02
1.610000e-06	-1.333059e-06	-6.155603e-10	-7.215994e+00	-1.720471e+02
1.620000e-06	-1.273159e-06	-6.038838e-10	-6.891747e+00	-1.688021e+02
1.630000e-06	-1.213171e-06	-5.917318e-10	-6.567025e+00	-1.655015e+02
1.640000e-06	-1.153039e-06	-5.790200e-10	-6.241525e+00	-1.621441e+02
1.650000e-06	-1.092920e-06	-5.661607e-10	-5.916093e+00	-1.587284e+02
1.660000e-06	-1.032757e-06	-5.535140e-10	-5.590423e+00	-1.552529e+02
1.670000e-06	-9.724171e-07	-5.412277e-10	-5.263799e+00	-1.517161e+02
1.680000e-06	-9.120647e-07	-5.286741e-10	-4.937105e+00	-1.481163e+02
1.690000e-06	-8.517262e-07	-5.151870e-10	-4.610486e+00	-1.444518e+02
1.700000e-06	-7.913042e-07	-5.007946e-10	-4.283415e+00	-1.407208e+02
1.710000e-06	-7.307574e-07	-4.866268e-10	-3.955669e+00	-1.369216e+02
1.720000e-06	-6.701240e-07	-4.736223e-10	-3.627454e+00	-1.330524e+02
1.730000e-06	-6.094625e-07	-4.609182e-10	-3.299087e+00	-1.291115e+02
1.740000e-06	-5.486951e-07	-4.474373e-10	-2.970146e+00	-1.250971e+02
1.750000e-06	-4.878722e-07	-4.324398e-10	-2.640905e+00	-1.210076e+02
1.760000e-06	-4.270712e-07	-4.167592e-10	-2.311783e+00	-1.168416e+02
1.770000e-06	-3.661843e-07	-4.008973e-10	-1.982195e+00	-1.125978e+02
1.780000e-06	-3.052599e-07	-3.844842e-10	-1.652405e+00	-1.082752e+02
1.790000e-06	-2.442841e-07	-3.677582e-10	-1.322336e+00	-1.038728e+02
1.800000e-06	-1.832994e-07	-3.518882e-10	-9.922194e-01	-9.939005e+01
1.810000e-06	-1.223440e-07	-3.368828e-10	-6.622611e-01	-9.482679e+01
1.820000e-06	-6.145016e-08	-3.218029e-10	-3.326364e-01	-9.018310e+01
1.830000e-06	-6.069960e-10	-3.059885e-10	-3.285735e-03	-8.545947e+01
1.840000e-06	6.028360e-08	-2.894313e-10	3.263216e-01	-8.065681e+01
1.850000e-06	1.211343e-07	-2.720273e-10	6.557132e-01	-7.577645e+01
1.860000e-06	1.819788e-07	-2.534466e-10	9.850710e-01	-7.082018e+01
1.870000e-06	2.428383e-07	-2.341599e-10	1.314510e+00	-6.579023e+01
1.880000e-06	3.036212e-07	-2.144835e-10	1.643535e+00	-6.068931e+01
1.890000e-06	3.644585e-07	-1.953241e-10	1.972853e+00	-5.552059e+01
1.900000e-06	4.253157e-07	-1.770475e-10	2.302280e+00	-5.028769e+01
1.910000e-06	4.860998e-07	-1.586716e-10	2.631311e+00	-4.499466e+01
1.920000e-06	5.469124e-07	-1.396723e-10	2.960496e+00	-3.964597e+01
1.930000e-06	6.077259e-07	-1.206494e-10	3.289686e+00	-3.424649e+01
1.940000e-06	6.684826e-07	-1.012883e-10	3.618569e+00	-2.880140e+01
1.950000e-06	7.291080e-07	-8.086367e-11	3.946740e+00	-2.331625e+01
1.960000e-06	7.896568e-07	-6.062100e-11	4.274498e+00	-1.779680e+01
1.970000e-06	8.500551e-07	-4.146688e-11	4.601441e+00	-1.224907e+01
1.980000e-06	9.102299e-07	-2.202610e-11	4.927173e+00	-6.679216e+00
1.990000e-06	9.704059e-07	-2.274653e-12	5.252912e+00	-1.093522e+00
2.000000e-06	1.030580e-06	1.682573e-11	5.578641e+00	4.501682e+00
2.010000e-06	1.090728e-06	3.503114e-11	5.904230e+00	1.010007e+01
2.020000e-06	1.150887e-06	5.333049e-11	6.229876e+00	1.569537e+01
2.030000e-06	1.211036e-06	7.335710e-11	6.555468e+00	2.128143e+01
2.040000e-06	1.271079e-06	9.480853e-11	6.880488e+00	2.685227e+01
2.050000e-06	1.330972e-06	1.164818e-10	7.204695e+00	3.240212e+01
2.060000e-06	1.390826e-06	1.377484e-10	7.528690e+00	3.792546e+01
2.070000e-06	1.450594e-06	1.581253e-10	7.852222e+00	4.341711e+01
2.080000e-06	1.510259e-06	1.780259e-10	8.175196e+00	4.887218e+01
2.090000e-06	1.569888e-06	1.978811e-10	8.497973e+00	5.428618e+01
2.100000e-06	1.629458e-06	2.173509e-10	8.820435e+00	5.965499e+01
2.110000e-06	1.688989e-06	2.363763e-10	9.142678e+00	6.497490e+01
2.120000e-06	1.748505e-06	2.558168e-10	9.464844e+00	7.024261e+01
2.130000e-06	1.807931e-06	2.756059e-10	9.786528e+00	7.545524e+01
2.140000e-06	1.867288e-06	2.946514e-10	1.010783e+01	8.061029e+01
2.150000e-06	1.926494e-06	3.133748e-10	1.042832e+01	8.570570e+01
2.160000e-06	1.985538e-06	3.318777e-10	1.074793e+01	9.073975e+01
2.170000e-06	2.044539e-06	3.500852e-10	1.106731e+01	9.571110e+01
2.180000e-06	2.103418e-06	3.680858e-10	1.138603e+01	1.006187e+02
2.190000e-06	2.162055e-06	3.855307e-10	1.170344e+01	1.054619e+02
2.200000e-06	2.220249e-06	4.021927e-10	1.201845e+01	1.102402e+02
2.210000e-06	2.278118e-06	4.186614e-10	1.233170e+01	1.149534e+02
2.220000e-06	2.335713e-06	4.363820e-10	1.264347e+01	1.196015e+02
2.230000e-06	2.393092e-06	4.532620e-10	1.295407e+01	1.241844e+02
2.240000e-06	2.450249e-06	4.689339e-10	1.326346e+01	1.287026e+02
2.250000e-06	2.506918e-06	4.859155e-10	1.357022e+01	1.331563e+02
2.260000e-06	2.563243e-06	5.031316e-10	1.387511e+01	1.375457e+02
2.270000e-06	2.619400e-06	5.197270e-10	1.417910e+01	1.418714e+02
2.280000e-06	2.675489e-06	5.361211e-10	1.448271e+01	1.461336e+02
2.290000e-06	2.731439e-06	5.514927e-10	1.478558e+01	1.503326e+02
2.300000e-06	2.787196e-06	5.654144e-10	1.508739e+01	1.544687e+02
2.310000e-06	2.842806e-06	5.796010e-10	1.538842e+01	1.585420e+02
2.320000e-06	2.898191e-06	5.941270e-10	1.568822e+01	1.625527e+02
2.330000e-06	2.953436e-06	6.079988e-10	1.598727e+01	1.665006e+02
2.340000e-06	3.008627e-06	6.214979e-10	1.628602e+01	1.703858e+02
2.350000e-06	3.063672e-06	6.351688e-10	1.658399e+01	1.742079e+02
2.360000e-06	3.118513e-06	6.500189e-10	1.688085e+01	1.779669e+02
2.370000e-06	3.173060e-06	6.646043e-10	1.717612e+01	1.816623e+02
2.380000e-06	3.227352e-06	6.777600e-10	1.747001e+01	1.852939e+02
2.390000e-06	3.281471e-06	6.905961e-10	1.776296e+01	1.888611e+02
2.400000e-06	3.335404e-06	7.039235e-10	1.805491e+01	1.923638e+02
2.410000e-06	3.389239e-06	7.168813e-10	1.834632e+01	1.958014e+02
2.420000e-06	3.442873e-06	7.281839e-10	1.863665e+01	1.991737e+02
2.430000e-06	3.496148e-06	7.391355e-10	1.892503e+01	2.024805e+02
2.440000e-06	3.549111e-06	7.507658e-10	1.921172e+01	2.057215e+02
2.450000e-06	3.601807e-06	7.628528e-10	1.949697e+01	2.088968e+02
2.460000e-06	3.654246e-06	7.751800e-10	1.978083e+01	2.120065e+02
2.470000e-06	3.706464e-06	7.863818e-10	2.006349e+01	2.150508e+02
2.480000e-06	3.758376e-06	7.962035e-10	2.034450e+01	2.180300e+02
2.490000e-06	3.810054e-06	8.054819e-10	2.062424e+01	2.209448e+02
2.500000e-06	3.861417e-06	8.143897e-10	2.090227e+01	2.237959e+02
2.510000e-06	3.912441e-06	8.230458e-10	2.117847e+01	2.265842e+02
2.520000e-06	3.963182e-06	8.320052e-10	2.145313e+01	2.293109e+02
2.530000e-06	4.013374e-06	8.411857e-10	2.172483e+01	2.319771e+02
2.540000e-06	4.062965e-06	8.512828e-10	2.199327e+01	2.345842e+02
2.550000e-06	4.111993e-06	8.621849e-10	2.225866e+01	2.371339e+02
2.560000e-06	4.160580e-06	8.716426e-10	2.252167e+01	2.396277e+02
2.570000e-06	4.208806e-06	8.800755e-10	2.278272e+01	2.420673e+02
2.580000e-06	4.256746e-06	8.886874e-10	2.304223e+01	2.444546e+02
2.590000e-06	4.304528e-06	8.979909e-10	2.330088e+01	2.467915e+02
2.600000e-06	4.352212e-06	9.076664e-10	2.355900e+01	2.490797e+02
2.610000e-06	4.399587e-06	9.159755e-10	2.381544e+01	2.513211e+02
2.620000e-06	4.446559e-06	9.237127e-10	2.406970e+01	2.535175e+02
2.630000e-06	4.493216e-06	9.321162e-10	2.432226e+01	2.556706e+02
2.640000e-06	4.539507e-06	9.410209e-10	2.457284e+01	2.577821e+02
2.650000e-06	4.585475e-06	9.502794e-10	2.482167e+01	2.598534e+02
2.660000e-06	4.631299e-06	9.583245e-10	2.506972e+01	2.618860e+02
2.670000e-06	4.676895e-06	9.641220e-10	2.531654e+01	2.638809e+02
2.680000e-06	4.722123e-06	9.697610e-10	2.556136e+01	2.658394e+02
2.690000e-06	4.766930e-06	9.771267e-10	2.580391e+01	2.677623e+02
2.700000e-06	4.811311e-06	9.849488e-10	2.604415e+01	2.696502e+02
2.710000e-06	4.855473e-06	9.916839e-10	2.628320e+01	2.715038e+02
2.720000e-06	4.899561e-06	9.977657e-10	2.652185e+01	2.733233e+02
2.730000e-06	4.943433e-06	1.004578e-09	2.675934e+01	2.751090e+02
2.740000e-06	4.987048e-06	1.012301e-09	2.699543e+01	2.768610e+02
2.750000e-06	5.030506e-06	1.019935e-09	2.723067e+01	2.785792e+02
2.760000e-06	5.073682e-06	1.026610e-09	2.746439e+01	2.802634e+02
2.770000e-06	5.116342e-06	1.032133e-09	2.769531e+01	2.819134e+02
2.780000e-06	5.158244e-06	1.036738e-09	2.792213e+01	2.835290e+02
2.790000e-06	5.199280e-06	1.040993e-09	2.814427e+01	2.851098e+02
2.800000e-06	5.239711e-06	1.046187e-09	2.836312e+01	2.866555e+02
2.810000e-06	5.279807e-06	1.052602e-09	2.858017e+01	2.881658e+02
2.820000e-06	5.319677e-06	1.059519e-09	2.879599e+01	2.896406e+02
2.830000e-06	5.359335e-06	1.067165e-09	2.901066e+01	2.910798e+02
2.840000e-06	5.398635e-06	1.074585e-09	2.922339e+01	2.924834e+02
2.850000e-06	5.437570e-06	1.080630e-09	2.943415e+01	2.938515e+02
2.860000e-06	5.476193e-06	1.085350e-09	2.964322e+01	2.951845e+02
2.870000e-06	5.514376e-06	1.089128e-09	2.984991e+01	2.964827e+02
2.880000e-06	5.552015e-06	1.093847e-09	3.005366e+01	2.977469e+02
2.890000e-06	5.589226e-06	1.099808e-09	3.025509e+01	2.989780e+02
2.900000e-06	5.626006e-06	1.105439e-09	3.045418e+01	3.001768e+02
2.910000e-06	5.662427e-06	1.111178e-09	3.065133e+01	3.013447e+02
2.920000e-06	5.698580e-06	1.117991e-09	3.084703e+01	3.024830e+02
2.930000e-06	5.734469e-06	1.124387e-09	3.104130e+01	3.035932e+02
2.940000e-06	5.770116e-06	1.128375e-09	3.123426e+01	3.046770e+02
2.950000e-06	5.805497e-06	1.131395e-09	3.142578e+01	3.057362e+02
2.960000e-06	5.840565e-06	1.135481e-09	3.161561e+01	3.067726e+02
2.970000e-06	5.875076e-06	1.139772e-09	3.180242e+01	3.077882e+02
2.980000e-06	5.908840e-06	1.143849e-09	3.198519e+01	3.087850e+02
2.990000e-06	5.941876e-06	1.147989e-09	3.216402e+01	3.097649e+02
3.000000e-06	5.974343e-06	1.152353e-09	3.233977e+01	3.107298e+02
3.010000e-06	6.006398e-06	1.157544e-09	3.251328e+01	3.116816e+02
3.020000e-06	6.038126e-06	1.162877e-09	3.268503e+01	3.126221e+02
3.030000e-06	6.069617e-06	1.167716e-09	3.285550e+01	3.135529e+02
3.040000e-06	6.100717e-06	1.172292e-09	3.302384e+01	3.144754e+02
3.050000e-06	6.131513e-06	1.177015e-09	3.319055e+01	3.153909e+02
3.060000e-06	6.161949e-06	1.182052e-09	3.335530e+01	3.163007e+02
3.070000e-06	6.191792e-06	1.186424e-09	3.351684e+01	3.172054e+02
3.080000e-06	6.221235e-06	1.189221e-09	3.367622e+01	3.181058e+02
3.090000e-06	6.250228e-06	1.192144e-09	3.383316e+01	3.190022e+02
3.100000e-06	6.278677e-06	1.195764e-09	3.398716e+01	3.198949e+02
3.110000e-06	6.306762e-06	1.199084e-09	3.413919e+01	3.207837e+02
3.120000e-06	6.334648e-06	1.203161e-09	3.429014e+01	3.216683e+02
3.130000e-06	6.362306e-06	1.208219e-09	3.443985e+01	3.225481e+02
3.140000e-06	6.389561e-06	1.213620e-09	3.458739e+01	3.234226e+02
3.150000e-06	6.416264e-06	1.219173e-09	3.473193e+01	3.242906e+02
3.160000e-06	6.442320e-06	1.222748e-09	3.487298e+01	3.251512e+02
3.170000e-06	6.467618e-06	1.224002e-09	3.500992e+01	3.260031e+02
3.180000e-06	6.492228e-06	1.225114e-09	3.514313e+01	3.268450e+02
3.190000e-06	6.516309e-06	1.227014e-09	3.527349e+01	3.276756e+02
3.200000e-06	6.539994e-06	1.230421e-09	3.540169e+01	3.284934e+02
3.210000e-06	6.563380e-06	1.235236e-09	3.552829e+01	3.292970e+02
3.220000e-06	6.586235e-06	1.241643e-09	3.565200e+01	3.300850e+02
3.230000e-06	6.608465e-06	1.248229e-09	3.577234e+01	3.308562e+02
3.240000e-06	6.630337e-06	1.252542e-09	3.589073e+01	3.316092e+02
3.250000e-06	6.651863e-06	1.255009e-09	3.600726e+01	3.323429e+02
3.260000e-06	6.672828e-06	1.257389e-09	3.612074e+01	3.330563e+02
3.270000e-06	6.693293e-06	1.260650e-09	3.623152e+01	3.337487e+02
3.280000e-06	6.713370e-06	1.263792e-09	3.634020e+01	3.344193e+02
3.290000e-06	6.733115e-06	1.266794e-09	3.644708e+01	3.350678e+02
3.300000e-06	6.752649e-06	1.270598e-09	3.655282e+01	3.356937e+02
3.310000e-06	6.771758e-06	1.275110e-09	3.665626e+01	3.362970e+02
3.320000e-06	6.790306e-06	1.279693e-09	3.675666e+01	3.368778e+02
3.330000e-06	6.808172e-06	1.283295e-09	3.685337e+01	3.374364e+02
3.340000e-06	6.825541e-06	1.286164e-09	3.694739e+01	3.379732e+02
3.350000e-06	6.842556e-06	1.288702e-09	3.703949e+01	3.384889e+02
3.360000e-06	6.859065e-06	1.291493e-09	3.712886e+01	3.389842e+02
3.370000e-06	6.875078e-06	1.294574e-09	3.721554e+01	3.394599e+02
3.380000e-06	6.890393e-06	1.297358e-09	3.729845e+01	3.399169e+02
3.390000e-06	6.905051e-06	1.300354e-09	3.737779e+01	3.403563e+02
3.400000e-06	6.919269e-06	1.303276e-09	3.745475e+01	3.407792e+02
3.410000e-06	6.933097e-06	1.306575e-09	3.752961e+01	3.411865e+02
3.420000e-06	6.946368e-06	1.310374e-09	3.760144e+01	3.415793e+02
3.430000e-06	6.958974e-06	1.313061e-09	3.766968e+01	3.419587e+02
3.440000e-06	6.971114e-06	1.314189e-09	3.773539e+01	3.423255e+02
3.450000e-06	6.982957e-06	1.316447e-09	3.779950e+01	3.426806e+02
3.460000e-06	6.994352e-06	1.320507e-09	3.786119e+01	3.430247e+02
3.470000e-06	7.005196e-06	1.323105e-09	3.791989e+01	3.433585e+02
3.480000e-06	7.015318e-06	1.323933e-09	3.797467e+01	3.436824e+02
3.490000e-06	7.024519e-06	1.324913e-09	3.802448e+01	3.439968e+02
3.500000e-06	7.032956e-06	1.327679e-09	3.807015e+01	3.443019e+02
3.510000e-06	7.040884e-06	1.332214e-09	3.811307e+01	3.445977e+02
3.520000e-06	7.048493e-06	1.336456e-09	3.815425e+01	3.448842e+02
3.530000e-06	7.055748e-06	1.339222e-09	3.819353e+01	3.451610e+02
3.540000e-06	7.062460e-06	1.341459e-09	3.822986e+01	3.454279e+02
3.550000e-06	7.068650e-06	1.344694e-09	3.826337e+01	3.456844e+02
3.560000e-06	7.074406e-06	1.348050e-09	3.829453e+01	3.459299e+02
3.570000e-06	7.079605e-06	1.349401e-09	3.832267e+01	3.461638e+02
3.580000e-06	7.084215e-06	1.350292e-09	3.834762e+01	3.463854e+02
3.590000e-06	7.088379e-06	1.352359e-09	3.837017e+01	3.465940e+02
3.600000e-06	7.092255e-06	1.354873e-09	3.839115e+01	3.467888e+02
3.610000e-06	7.095830e-06	1.357150e-09	3.841050e+01	3.469691e+02
3.620000e-06	7.098993e-06	1.358504e-09	3.842762e+01	3.471342e+02
3.630000e-06	7.101685e-06	1.359679e-09	3.844219e+01	3.472836e+02
3.640000e-06	7.103593e-06	1.360447e-09	3.845252e+01	3.474166e+02
3.650000e-06	7.104626e-06	1.361687e-09	3.845811e+01	3.475328e+02
3.660000e-06	7.104975e-06	1.363864e-09	3.846000e+01	3.476319e+02
3.670000e-06	7.104838e-06	1.364506e-09	3.845926e+01	3.477136e+02
3.680000e-06	7.104402e-06	1.364519e-09	3.845690e+01	3.477778e+02
3.690000e-06	7.103591e-06	1.366016e-09	3.845251e+01	3.478246e+02
3.700000e-06	7.102269e-06	1.368093e-09	3.844535e+01	3.478541e+02
3.710000e-06	7.100406e-06	1.369892e-09	3.843527e+01	3.478667e+02
3.720000e-06	7.098225e-06	1.370644e-09	3.842346e+01	3.478628e+02
3.730000e-06	7.095692e-06	1.367469e-09	3.840975e+01	3.478430e+02
3.740000e-06	7.092609e-06	1.355738e-09	3.839306e+01	3.478079e+02
3.750000e-06	7.088959e-06	1.362305e-09	3.837330e+01	3.477584e+02
3.760000e-06	7.084842e-06	1.416519e-09	3.835102e+01	3.476952e+02
3.770000e-06	7.079927e-06	1.410959e-09	3.832441e+01	3.476194e+02
3.780000e-06	7.074163e-06	1.306495e-09	3.829321e+01	3.475319e+02
3.790000e-06	7.068357e-06	1.315405e-09	3.826178e+01	3.474337e+02
3.800000e-06	7.062527e-06	1.428861e-09	3.823022e+01	3.473258e+02
3.810000e-06	7.055930e-06	1.422026e-09	3.819451e+01	3.472092e+02
3.820000e-06	7.048333e-06	1.295453e-09	3.815339e+01	3.470848e+02
3.830000e-06	7.040210e-06	1.306332e-09	3.810942e+01	3.469535e+02
3.840000e-06	7.031939e-06	1.470981e-09	3.806465e+01	3.468161e+02
3.850000e-06	7.023191e-06	1.445595e-09	3.801729e+01	3.466735e+02
3.860000e-06	7.013650e-06	1.251582e-09	3.796565e+01	3.465261e+02
3.870000e-06	7.003653e-06	1.283970e-09	3.791153e+01	3.463745e+02
3.880000e-06	6.993455e-06	1.486568e-09	3.785633e+01	3.462191e+02
3.890000e-06	6.982730e-06	1.433949e-09	3.779828e+01	3.460602e+02
3.900000e-06	6.971273e-06	1.249510e-09	3.773626e+01	3.458979e+02
3.910000e-06	6.959357e-06	1.341792e-09	3.767176e+01	3.457322e+02
3.920000e-06	6.946920e-06	1.504058e-09	3.760443e+01	3.455631e+02
3.930000e-06	6.933628e-06	1.364753e-09	3.753248e+01	3.453901e+02
3.940000e-06	6.919565e-06	1.239233e-09	3.745635e+01	3.452131e+02
3.950000e-06	6.905026e-06	1.408388e-09	3.737765e+01	3.450316e+02
3.960000e-06	6.889932e-06	1.477368e-09	3.729595e+01	3.448450e+02
3.970000e-06	6.874253e-06	1.302962e-09	3.721108e+01	3.446527e+02
3.980000e-06	6.858191e-06	1.314105e-09	3.712413e+01	3.444542e+02
3.990000e-06	6.841770e-06	1.478291e-09	3.703524e+01	3.442486e+02
4.000000e-06	6.824772e-06	1.379746e-09	3.694323e+01	3.440352e+02
4.010000e-06	6.807228e-06	1.248794e-09	3.684826e+01	3.438133e+02
4.020000e-06	6.789333e-06	1.405868e-09	3.675140e+01	3.435822e+02
4.030000e-06	6.770935e-06	1.473769e-09	3.665180e+01	3.433411e+02
4.040000e-06	6.751893e-06	1.297307e-09	3.654873e+01	3.430894e+02
4.050000e-06	6.732362e-06	1.309676e-09	3.644301e+01	3.428265e+02
4.060000e-06	6.712526e-06	1.463299e-09	3.633563e+01	3.425516e+02
4.070000e-06	6.692374e-06	1.375609e-09	3.622654e+01	3.422643e+02
4.080000e-06	6.671842e-06	1.276122e-09	3.611540e+01	3.419642e+02
4.090000e-06	6.651048e-06	1.402216e-09	3.600284e+01	3.416509e+02
4.100000e-06	6.629734e-06	1.421115e-09	3.588747e+01	3.413239e+02
4.110000e-06	6.607551e-06	1.303649e-09	3.576739e+01	3.409832e+02
4.120000e-06	6.584606e-06	1.356707e-09	3.564319e+01	3.406285e+02
4.130000e-06	6.561050e-06	1.423839e-09	3.551568e+01	3.402597e+02
4.140000e-06	6.537059e-06	1.326104e-09	3.538581e+01	3.398768e+02
4.150000e-06	6.512779e-06	1.317628e-09	3.525438e+01	3.394797e+02
4.160000e-06	6.488096e-06	1.407949e-09	3.512077e+01	3.390686e+02
4.170000e-06	6.462896e-06	1.369322e-09	3.498436e+01	3.386434e+02
4.180000e-06	6.437272e-06	1.322345e-09	3.484565e+01	3.382044e+02
4.190000e-06	6.411180e-06	1.376314e-09	3.470441e+01	3.377517e+02
4.200000e-06	6.384659e-06	1.372215e-09	3.456085e+01	3.372854e+02
4.210000e-06	6.357707e-06	1.329841e-09	3.441496e+01	3.368056e+02
4.220000e-06	6.330212e-06	1.357273e-09	3.426612e+01	3.363125e+02
4.230000e-06	6.302291e-06	1.367411e-09	3.411498e+01	3.358063e+02
4.240000e-06	6.274063e-06	1.340598e-09	3.396218e+01	3.352870e+02
4.250000e-06	6.245536e-06	1.348644e-09	3.380776e+01	3.347546e+02
4.260000e-06	6.216656e-06	1.356016e-09	3.365143e+01	3.342094e+02
4.270000e-06	6.187253e-06	1.343019e-09	3.349227e+01	3.336512e+02
4.280000e-06	6.157252e-06	1.342704e-09	3.332987e+01	3.330802e+02
4.290000e-06	6.126519e-06	1.337941e-09	3.316351e+01	3.324962e+02
4.300000e-06	6.095006e-06	1.338158e-09	3.299293e+01	3.318992e+02
4.310000e-06	6.062969e-06	1.349968e-09	3.281951e+01	3.312892e+02
4.320000e-06	6.030644e-06	1.337764e-09	3.264453e+01	3.306660e+02
4.330000e-06	5.997996e-06	1.328530e-09	3.246780e+01	3.300295e+02
4.340000e-06	5.964934e-06	1.341646e-09	3.228883e+01	3.293796e+02
4.350000e-06	5.931464e-06	1.332134e-09	3.210766e+01	3.287162e+02
4.360000e-06	5.897628e-06	1.322573e-09	3.192450e+01	3.280392e+02
4.370000e-06	5.863421e-06	1.339019e-09	3.173933e+01	3.273484e+02
4.380000e-06	5.828851e-06	1.332153e-09	3.155220e+01	3.266438e+02
4.390000e-06	5.793968e-06	1.315249e-09	3.136337e+01	3.259252e+02
4.400000e-06	5.758654e-06	1.327974e-09	3.117222e+01	3.251925e+02
4.410000e-06	5.722855e-06	1.328724e-09	3.097844e+01	3.244458e+02
4.420000e-06	5.686741e-06	1.310351e-09	3.078294e+01	3.236850e+02
4.430000e-06	5.650380e-06	1.314080e-09	3.058612e+01	3.229101e+02
4.440000e-06	5.613741e-06	1.321413e-09	3.038779e+01	3.221210e+02
4.450000e-06	5.576820e-06	1.312768e-09	3.018793e+01	3.213178e+02
4.460000e-06	5.539294e-06	1.309163e-09	2.998480e+01	3.205005e+02
4.470000e-06	5.500967e-06	1.308902e-09	2.977733e+01	3.196692e+02
4.480000e-06	5.461860e-06	1.302265e-09	2.956564e+01	3.188237e+02
4.490000e-06	5.422193e-06	1.299326e-09	2.935092e+01	3.179642e+02
4.500000e-06	5.382246e-06	1.300156e-09	2.913468e+01	3.170906e+02
4.510000e-06	5.342030e-06	1.298505e-09	2.891699e+01	3.162029e+02
4.520000e-06	5.301577e-06	1.294612e-09	2.869801e+01	3.153009e+02
4.530000e-06	5.260781e-06	1.290695e-09	2.847718e+01	3.143845e+02
4.540000e-06	5.219638e-06	1.289356e-09	2.825447e+01	3.134537e+02
4.550000e-06	5.178155e-06	1.288656e-09	2.802992e+01	3.125080e+02
4.560000e-06	5.136220e-06	1.283560e-09	2.780292e+01	3.115471e+02
4.570000e-06	5.093989e-06	1.278931e-09	2.757432e+01	3.105708e+02
4.580000e-06	5.051510e-06	1.277853e-09	2.734437e+01	3.095785e+02
4.590000e-06	5.008558e-06	1.275554e-09	2.711187e+01	3.085697e+02
4.600000e-06	4.965248e-06	1.272005e-09	2.687743e+01	3.075437e+02
4.610000e-06	4.921734e-06	1.268373e-09	2.664188e+01	3.064999e+02
4.620000e-06	4.877861e-06	1.264230e-09	2.640439e+01	3.054376e+02
4.630000e-06	4.833680e-06	1.261353e-09	2.616523e+01	3.043560e+02
4.640000e-06	4.789323e-06	1.259315e-09	2.592512e+01	3.032541e+02
4.650000e-06	4.744711e-06	1.256396e-09	2.568364e+01	3.021310e+02
4.660000e-06	4.699798e-06	1.251420e-09	2.544052e+01	3.009860e+02
4.670000e-06	4.654541e-06	1.246217e-09	2.519553e+01	2.998179e+02
4.680000e-06	4.608862e-06	1.242372e-09	2.494827e+01	2.986259e+02
4.690000e-06	4.562803e-06	1.238677e-09	2.469895e+01	2.974090e+02
4.700000e-06	4.516247e-06	1.235061e-09	2.444694e+01	2.961663e+02
4.710000e-06	4.469375e-06	1.231018e-09	2.419321e+01	2.948970e+02
4.720000e-06	4.422399e-06	1.226267e-09	2.393892e+01	2.936003e+02
4.730000e-06	4.375114e-06	1.222047e-09	2.368297e+01	2.922753e+02
4.740000e-06	4.327584e-06	1.217981e-09	2.342568e+01	2.909214e+02
4.750000e-06	4.279747e-06	1.212499e-09	2.316673e+01	2.895382e+02
4.760000e-06	4.231556e-06	1.207340e-09	2.290587e+01	2.881250e+02
4.770000e-06	4.182939e-06	1.203907e-09	2.264270e+01	2.866816e+02
4.780000e-06	4.133769e-06	1.200034e-09	2.237654e+01	2.852077e+02
4.790000e-06	4.084175e-06	1.194463e-09	2.210808e+01	2.837031e+02
4.800000e-06	4.034209e-06	1.188285e-09	2.183761e+01	2.821679e+02
4.810000e-06	3.984058e-06	1.182120e-09	2.156614e+01	2.806020e+02
4.820000e-06	3.933830e-06	1.176411e-09	2.129425e+01	2.790058e+02
4.830000e-06	3.883332e-06	1.170704e-09	2.102090e+01	2.773795e+02
4.840000e-06	3.832527e-06	1.163783e-09	2.074588e+01	2.757234e+02
4.850000e-06	3.781436e-06	1.156056e-09	2.046932e+01	2.740380e+02
4.860000e-06	3.730041e-06	1.149141e-09	2.019112e+01	2.723237e+02
4.870000e-06	3.678343e-06	1.143053e-09	1.991127e+01	2.705811e+02
4.880000e-06	3.626443e-06	1.137702e-09	1.963033e+01	2.688108e+02
4.890000e-06	3.574394e-06	1.132134e-09	1.934858e+01	2.670133e+02
4.900000e-06	3.522053e-06	1.125197e-09	1.906526e+01	2.651891e+02
4.910000e-06	3.469464e-06	1.116296e-09	1.878059e+01	2.633388e+02
4.920000e-06	3.416437e-06	1.107395e-09	1.849354e+01	2.614628e+02
4.930000e-06	3.362866e-06	1.100435e-09	1.820356e+01	2.595615e+02
4.940000e-06	3.309084e-06	1.093184e-09	1.791243e+01	2.576353e+02
4.950000e-06	3.255035e-06	1.085131e-09	1.761986e+01	2.556842e+02
4.960000e-06	3.200385e-06	1.078462e-09	1.732403e+01	2.537086e+02
4.970000e-06	3.145351e-06	1.072605e-09	1.702613e+01	2.517083e+02
4.980000e-06	3.090073e-06	1.065007e-09	1.672690e+01	2.496833e+02
4.990000e-06	3.034446e-06	1.055749e-09	1.642579e+01	2.476333e+02
5.000000e-06	2.978552e-06	1.046420e-09	1.612323e+01	2.455580e+02
5.010000e-06	2.922465e-06	1.037979e-09	1.581962e+01	2.434568e+02
5.020000e-06	2.866291e-06	1.029195e-09	1.551554e+01	2.413292e+02
5.030000e-06	2.810052e-06	1.019131e-09	1.521111e+01	2.391745e+02
5.040000e-06	2.753775e-06	1.009359e-09	1.490648e+01	2.369918e+02
5.050000e-06	2.697369e-06	1.000391e-09	1.460115e+01	2.347802e+02
5.060000e-06	2.640739e-06	9.916390e-10	1.429461e+01	2.325388e+02
5.070000e-06	2.584008e-06	9.829561e-10	1.398752e+01	2.302664e+02
5.080000e-06	2.527137e-06	9.728016e-10	1.367966e+01	2.279620e+02
5.090000e-06	2.469980e-06	9.619979e-10	1.337027e+01	2.256244e+02
5.100000e-06	2.412574e-06	9.523783e-10	1.305953e+01	2.232525e+02
5.110000e-06	2.355028e-06	9.425398e-10	1.274802e+01	2.208450e+02
5.120000e-06	2.297396e-06	9.320944e-10	1.243605e+01	2.184008e+02
5.130000e-06	2.239470e-06	9.219084e-10	1.212249e+01	2.159186e+02
5.140000e-06	2.181312e-06	9.120475e-10	1.180768e+01	2.133975e+02
5.150000e-06	2.123030e-06	9.020633e-10	1.149219e+01	2.108361e+02
5.160000e-06	2.064576e-06	8.909683e-10	1.117577e+01	2.082335e+02
5.170000e-06	2.006097e-06	8.792311e-10	1.085922e+01	2.055886e+02
5.180000e-06	1.947538e-06	8.682671e-10	1.054223e+01	2.029004e+02
5.190000e-06	1.888800e-06	8.574019e-10	1.022428e+01	2.001679e+02
5.200000e-06	1.829906e-06	8.457063e-10	9.905480e+00	1.973902e+02
5.210000e-06	1.770951e-06	8.338761e-10	9.586350e+00	1.945663e+02
5.220000e-06	1.711922e-06	8.222736e-10	9.266819e+00	1.916954e+02
5.230000e-06	1.652675e-06	8.100963e-10	8.946108e+00	1.887765e+02
5.240000e-06	1.593152e-06	7.972482e-10	8.623905e+00	1.858088e+02
5.250000e-06	1.533419e-06	7.840708e-10	8.300563e+00	1.827913e+02
5.260000e-06	1.473637e-06	7.709848e-10	7.976957e+00	1.797231e+02
5.270000e-06	1.413859e-06	7.580040e-10	7.653373e+00	1.766031e+02
5.280000e-06	1.353963e-06	7.450289e-10	7.329147e+00	1.734303e+02
5.290000e-06	1.293894e-06	7.313277e-10	7.003990e+00	1.702036e+02
5.300000e-06	1.233762e-06	7.164047e-10	6.678485e+00	1.669218e+02
5.310000e-06	1.173605e-06	7.012127e-10	6.352852e+00	1.635836e+02
5.320000e-06	1.113430e-06	6.864205e-10	6.027116e+00	1.601875e+02
5.330000e-06	1.053206e-06	6.721103e-10	5.701117e+00	1.567322e+02
5.340000e-06	9.929645e-07	6.583947e-10	5.375025e+00	1.532161e+02
5.350000e-06	9.327706e-07	6.450846e-10	5.049188e+00	1.496375e+02
5.360000e-06	8.725509e-07	6.313068e-10	4.723213e+00	1.459949e+02
5.370000e-06	8.122936e-07	6.157838e-10	4.397033e+00	1.422863e+02
5.380000e-06	7.520244e-07	5.989944e-10	4.070790e+00	1.385101e+02
5.390000e-06	6.917742e-07	5.818118e-10	3.744649e+00	1.346645e+02
5.400000e-06	6.315209e-07	5.644396e-10	3.418491e+00	1.307477e+02
5.410000e-06	5.711908e-07	5.480041e-10	3.091918e+00	1.267581e+02
5.420000e-06	5.108263e-07	5.318363e-10	2.765158e+00	1.226938e+02
5.430000e-06	4.504462e-07	5.144400e-10	2.438314e+00	1.185536e+02
5.440000e-06	3.900359e-07	4.959197e-10	2.111306e+00	1.143360e+02
5.450000e-06	3.295695e-07	4.775271e-10	1.783995e+00	1.100398e+02
5.460000e-06	2.690593e-07	4.603663e-10	1.456447e+00	1.056641e+02
5.470000e-06	2.085415e-07	4.427720e-10	1.128858e+00	1.012082e+02
5.480000e-06	1.480695e-07	4.224256e-10	8.015161e-01	9.667189e+01
5.490000e-06	8.759667e-08	3.999504e-10	4.741702e-01	9.205505e+01
5.500000e-06	2.709650e-08	3.774332e-10	1.466763e-01	8.735805e+01
5.510000e-06	-3.332349e-08	3.570821e-10	-1.803837e-01	8.258167e+01
5.520000e-06	-9.372352e-08	3.372827e-10	-5.073355e-01	7.772710e+01
5.530000e-06	-1.542141e-07	3.155425e-10	-8.347777e-01	7.279597e+01
5.540000e-06	-2.147302e-07	2.934729e-10	-1.162358e+00	6.779037e+01
5.550000e-06	-2.752325e-07	2.725882e-10	-1.489863e+00	6.271285e+01
5.560000e-06	-3.356611e-07	2.531030e-10	-1.816970e+00	5.756641e+01
5.570000e-06	-3.960082e-07	2.322252e-10	-2.143635e+00	5.235454e+01
5.580000e-06	-4.563699e-07	2.081503e-10	-2.470380e+00	4.708115e+01
5.590000e-06	-5.167615e-07	1.829567e-10	-2.797286e+00	4.175056e+01
5.600000e-06	-5.771607e-07	1.595394e-10	-3.124233e+00	3.636751e+01
5.610000e-06	-6.375325e-07	1.380964e-10	-3.451033e+00	3.093709e+01
5.620000e-06	-6.978467e-07	1.163693e-10	-3.777520e+00	2.546473e+01
5.630000e-06	-7.580948e-07	9.297293e-11	-4.103649e+00	1.995612e+01
5.640000e-06	-8.183277e-07	6.804722e-11	-4.429696e+00	1.441720e+01
5.650000e-06	-8.785792e-07	4.363719e-11	-4.755844e+00	8.854098e+00
5.660000e-06	-9.388228e-07	1.980297e-11	-5.081949e+00	3.273048e+00
5.670000e-06	-9.990628e-07	-4.667068e-12	-5.408035e+00	-2.319624e+00
5.680000e-06	-1.059261e-06	-2.917821e-11	-5.733897e+00	-7.917584e+00
5.690000e-06	-1.119391e-06	-5.251445e-11	-6.059383e+00	-1.351454e+01
5.700000e-06	-1.179509e-06	-7.526949e-11	-6.384808e+00	-1.910429e+01
5.710000e-06	-1.239517e-06	-9.936317e-11	-6.709641e+00	-2.468079e+01
5.720000e-06	-1.299449e-06	-1.240587e-10	-7.034058e+00	-3.023819e+01
5.730000e-06	-1.359340e-06	-1.478212e-10	-7.358252e+00	-3.577090e+01
5.740000e-06	-1.419120e-06	-1.706078e-10	-7.681851e+00	-4.127360e+01
5.750000e-06	-1.478917e-06	-1.923031e-10	-8.005535e+00	-4.674132e+01
5.760000e-06	-1.538616e-06	-2.137888e-10	-8.328695e+00	-5.216942e+01
5.770000e-06	-1.598040e-06	-2.369403e-10	-8.650366e+00	-5.755366e+01
5.780000e-06	-1.657230e-06	-2.613634e-10	-8.970765e+00	-6.289019e+01
5.790000e-06	-1.716316e-06	-2.850005e-10	-9.290607e+00	-6.817558e+01
5.800000e-06	-1.775352e-06	-3.075601e-10	-9.610175e+00	-7.340679e+01
5.810000e-06	-1.834291e-06	-3.296434e-10	-9.929218e+00	-7.858122e+01
5.820000e-06	-1.893093e-06	-3.510407e-10	-1.024752e+01	-8.369666e+01
5.830000e-06	-1.951669e-06	-3.720564e-10	-1.056460e+01	-8.875126e+01
5.840000e-06	-2.010089e-06	-3.925480e-10	-1.088083e+01	-9.374357e+01
5.850000e-06	-2.068414e-06	-4.122217e-10	-1.119655e+01	-9.867248e+01
5.860000e-06	-2.126608e-06	-4.332115e-10	-1.151156e+01	-1.035371e+02
5.870000e-06	-2.184664e-06	-4.563888e-10	-1.182582e+01	-1.083371e+02
5.880000e-06	-2.242591e-06	-4.787058e-10	-1.213939e+01	-1.130719e+02
5.890000e-06	-2.300213e-06	-4.989361e-10	-1.245130e+01	-1.177416e+02
5.900000e-06	-2.357574e-06	-5.190440e-10	-1.276180e+01	-1.223461e+02
5.910000e-06	-2.414832e-06	-5.390448e-10	-1.307175e+01	-1.268858e+02
5.920000e-06	-2.471824e-06	-5.577779e-10	-1.338025e+01	-1.313609e+02
5.930000e-06	-2.528654e-06	-5.758111e-10	-1.368788e+01	-1.357716e+02
5.940000e-06	-2.585344e-06	-5.946072e-10	-1.399475e+01	-1.401185e+02
5.950000e-06	-2.641868e-06	-6.138185e-10	-1.430072e+01	-1.444017e+02
5.960000e-06	-2.698340e-06	-6.317718e-10	-1.460641e+01	-1.486217e+02
5.970000e-06	-2.754745e-06	-6.489719e-10	-1.491173e+01	-1.527787e+02
5.980000e-06	-2.811066e-06	-6.657264e-10	-1.521660e+01	-1.568729e+02
5.990000e-06	-2.867306e-06	-6.823614e-10	-1.552104e+01	-1.609043e+02
6.000000e-06	-2.923343e-06	-6.997440e-10	-1.582437e+01	-1.648731e+02
6.010000e-06	-2.979188e-06	-7.167626e-10	-1.612667e+01	-1.687791e+02
6.020000e-06	-3.034808e-06	-7.328134e-10	-1.642775e+01	-1.726223e+02
6.030000e-06	-3.090101e-06	-7.481478e-10	-1.672705e+01	-1.764023e+02
6.040000e-06	-3.145047e-06	-7.631743e-10	-1.702448e+01	-1.801188e+02
6.050000e-06	-3.199777e-06	-7.784236e-10	-1.732074e+01	-1.837716e+02
6.060000e-06	-3.254163e-06	-7.932055e-10	-1.761514e+01	-1.873603e+02
6.070000e-06	-3.308018e-06	-8.075626e-10	-1.790666e+01	-1.908845e+02
6.080000e-06	-3.361524e-06	-8.220131e-10	-1.819629e+01	-1.943437e+02
6.090000e-06	-3.414613e-06	-8.362918e-10	-1.848367e+01	-1.977378e+02
6.100000e-06	-3.467339e-06	-8.509846e-10	-1.876908e+01	-2.010664e+02
6.110000e-06	-3.519833e-06	-8.658229e-10	-1.905324e+01	-2.043293e+02
6.120000e-06	-3.572068e-06	-8.799200e-10	-1.933599e+01	-2.075264e+02
6.130000e-06	-3.624093e-06	-8.927301e-10	-1.961761e+01	-2.106579e+02
6.140000e-06	-3.675947e-06	-9.057147e-10	-1.989830e+01	-2.137238e+02
6.150000e-06	-3.727449e-06	-9.188653e-10	-2.017708e+01	-2.167246e+02
6.160000e-06	-3.778583e-06	-9.308613e-10	-2.045388e+01	-2.196608e+02
6.170000e-06	-3.829404e-06	-9.428689e-10	-2.072898e+01	-2.225329e+02
6.180000e-06	-3.879928e-06	-9.543206e-10	-2.100247e+01	-2.253420e+02
6.190000e-06	-3.930359e-06	-9.649043e-10	-2.127546e+01	-2.280890e+02
6.200000e-06	-3.980499e-06	-9.753003e-10	-2.154687e+01	-2.307751e+02
6.210000e-06	-4.030222e-06	-9.854495e-10	-2.181603e+01	-2.334017e+02
6.220000e-06	-4.079604e-06	-9.962934e-10	-2.208334e+01	-2.359703e+02
6.230000e-06	-4.128396e-06	-1.007643e-09	-2.234746e+01	-2.384825e+02
6.240000e-06	-4.176664e-06	-1.018352e-09	-2.260874e+01	-2.409399e+02
6.250000e-06	-4.224638e-06	-1.029507e-09	-2.286842e+01	-2.433444e+02
6.260000e-06	-4.272283e-06	-1.040781e-09	-2.312633e+01	-2.456978e+02
6.270000e-06	-4.319580e-06	-1.050409e-09	-2.338236e+01	-2.480019e+02
6.280000e-06	-4.366586e-06	-1.057691e-09	-2.363680e+01	-2.502587e+02
6.290000e-06	-4.413407e-06	-1.064799e-09	-2.389025e+01	-2.524698e+02
6.300000e-06	-4.460044e-06	-1.073594e-09	-2.414270e+01	-2.546371e+02
6.310000e-06	-4.506446e-06	-1.081831e-09	-2.439388e+01	-2.567622e+02
6.320000e-06	-4.552623e-06	-1.090165e-09	-2.464384e+01	-2.588467e+02
6.330000e-06	-4.598339e-06	-1.100674e-09	-2.489131e+01	-2.608920e+02
6.340000e-06	-4.643497e-06	-1.110842e-09	-2.513575e+01	-2.628993e+02
6.350000e-06	-4.688357e-06	-1.118680e-09	-2.537858e+01	-2.648698e+02
6.360000e-06	-4.733071e-06	-1.125420e-09	-2.562063e+01	-2.668044e+02
6.370000e-06	-4.777546e-06	-1.132324e-09	-2.586138e+01	-2.687038e+02
6.380000e-06	-4.821793e-06	-1.139364e-09	-2.610089e+01	-2.705687e+02
6.390000e-06	-4.865821e-06	-1.145945e-09	-2.633921e+01	-2.723995e+02
6.400000e-06	-4.909587e-06	-1.153165e-09	-2.657613e+01	-2.741964e+02
6.410000e-06	-4.953022e-06	-1.160572e-09	-2.681125e+01	-2.759596e+02
6.420000e-06	-4.995962e-06	-1.166989e-09	-2.704368e+01	-2.776889e+02
6.430000e-06	-5.038482e-06	-1.173434e-09	-2.727385e+01	-2.793844e+02
6.440000e-06	-5.080726e-06	-1.181083e-09	-2.750252e+01	-2.810458e+02
6.450000e-06	-5.122571e-06	-1.189266e-09	-2.772903e+01	-2.826728e+02
6.460000e-06	-5.164120e-06	-1.196371e-09	-2.795394e+01	-2.842652e+02
6.470000e-06	-5.205300e-06	-1.202425e-09	-2.817685e+01	-2.858225e+02
6.480000e-06	-5.246033e-06	-1.208087e-09	-2.839734e+01	-2.873446e+02
6.490000e-06	-5.286544e-06	-1.212867e-09	-2.861664e+01	-2.888312e+02
6.500000e-06	-5.326865e-06	-1.217994e-09	-2.883490e+01	-2.902823e+02
6.510000e-06	-5.366950e-06	-1.223766e-09	-2.905188e+01	-2.916976e+02
6.520000e-06	-5.406794e-06	-1.229866e-09	-2.926756e+01	-2.930775e+02
6.530000e-06	-5.446329e-06	-1.236816e-09	-2.948157e+01	-2.944220e+02
6.540000e-06	-5.485232e-06	-1.243333e-09	-2.969216e+01	-2.957317e+02
6.550000e-06	-5.523423e-06	-1.248913e-09	-2.989889e+01	-2.970071e+02
6.560000e-06	-5.560950e-06	-1.252160e-09	-3.010203e+01	-2.982490e+02
6.570000e-06	-5.597888e-06	-1.254304e-09	-3.030197e+01	-2.994584e+02
6.580000e-06	-5.634405e-06	-1.258646e-09	-3.049965e+01	-3.006364e+02
6.590000e-06	-5.670646e-06	-1.263813e-09	-3.069582e+01	-3.017843e+02
6.600000e-06	-5.706713e-06	-1.267379e-09	-3.089105e+01	-3.029036e+02
6.610000e-06	-5.742398e-06	-1.271378e-09	-3.108422e+01	-3.039960e+02
6.620000e-06	-5.777696e-06	-1.276408e-09	-3.127529e+01	-3.050631e+02
6.630000e-06	-5.812616e-06	-1.279338e-09	-3.146432e+01	-3.061069e+02
6.640000e-06	-5.846998e-06	-1.281046e-09	-3.165043e+01	-3.071292e+02
6.650000e-06	-5.881082e-06	-1.284582e-09	-3.183494e+01	-3.081319e+02
6.660000e-06	-5.914745e-06	-1.290235e-09	-3.201716e+01	-3.091172e+02
6.670000e-06	-5.947937e-06	-1.295919e-09	-3.219683e+01	-3.100868e+02
6.680000e-06	-5.980816e-06	-1.299443e-09	-3.237480e+01	-3.110427e+02
6.690000e-06	-6.013352e-06	-1.300665e-09	-3.255092e+01	-3.119867e+02
6.700000e-06	-6.045670e-06	-1.300143e-09	-3.272587e+01	-3.129205e+02
6.710000e-06	-6.077581e-06	-1.300620e-09	-3.289860e+01	-3.138455e+02
6.720000e-06	-6.108892e-06	-1.303160e-09	-3.306809e+01	-3.147632e+02
6.730000e-06	-6.139561e-06	-1.305602e-09	-3.323411e+01	-3.156747e+02
6.740000e-06	-6.169518e-06	-1.309083e-09	-3.339627e+01	-3.165809e+02
6.750000e-06	-6.198830e-06	-1.314500e-09	-3.355494e+01	-3.174826e+02
6.760000e-06	-6.227685e-06	-1.319416e-09	-3.371113e+01	-3.183803e+02
6.770000e-06	-6.256209e-06	-1.321803e-09	-3.386554e+01	-3.192742e+02
6.780000e-06	-6.284422e-06	-1.321599e-09	-3.401826e+01	-3.201642e+02
6.790000e-06	-6.312341e-06	-1.322342e-09	-3.416939e+01	-3.210502e+02
6.800000e-06	-6.339753e-06	-1.325459e-09	-3.431777e+01	-3.219316e+02
6.810000e-06	-6.366609e-06	-1.329313e-09	-3.446314e+01	-3.228079e+02
6.820000e-06	-6.392996e-06	-1.332530e-09	-3.460598e+01	-3.236781e+02
6.830000e-06	-6.418917e-06	-1.334270e-09	-3.474629e+01	-3.245412e+02
6.840000e-06	-6.444320e-06	-1.335831e-09	-3.488380e+01	-3.253961e+02
6.850000e-06	-6.469232e-06	-1.337811e-09	-3.501865e+01	-3.262414e+02
6.860000e-06	-6.493832e-06	-1.340198e-09	-3.515182e+01	-3.270759e+02
6.870000e-06	-6.518160e-06	-1.342612e-09	-3.528351e+01	-3.278980e+02
6.880000e-06	-6.542306e-06	-1.345687e-09	-3.541421e+01	-3.287065e+02
6.890000e-06	-6.566168e-06	-1.349348e-09	-3.554338e+01	-3.294998e+02
6.900000e-06	-6.589412e-06	-1.352968e-09	-3.566920e+01	-3.302766e+02
6.910000e-06	-6.611847e-06	-1.355558e-09	-3.579064e+01	-3.310357e+02
6.920000e-06	-6.633466e-06	-1.356461e-09	-3.590767e+01	-3.317759e+02
6.930000e-06	-6.654406e-06	-1.357832e-09	-3.602102e+01	-3.324962e+02
6.940000e-06	-6.675004e-06	-1.360068e-09	-3.613252e+01	-3.331956e+02
6.950000e-06	-6.695389e-06	-1.362312e-09	-3.624287e+01	-3.338735e+02
6.960000e-06	-6.715302e-06	-1.365204e-09	-3.635065e+01	-3.345293e+02
6.970000e-06	-6.734638e-06	-1.367792e-09	-3.645532e+01	-3.351626e+02
6.980000e-06	-6.753514e-06	-1.369381e-09	-3.655750e+01	-3.357734e+02
6.990000e-06	-6.771933e-06	-1.371245e-09	-3.665721e+01	-3.363616e+02
7.000000e-06	-6.789958e-06	-1.373226e-09	-3.675478e+01	-3.369275e+02
7.010000e-06	-6.807616e-06	-1.374151e-09	-3.685037e+01	-3.374715e+02
7.020000e-06	-6.824691e-06	-1.374171e-09	-3.694279e+01	-3.379941e+02
7.030000e-06	-6.841325e-06	-1.374451e-09	-3.703283e+01	-3.384960e+02
7.040000e-06	-6.857753e-06	-1.376054e-09	-3.712176e+01	-3.389780e+02
7.050000e-06	-6.873861e-06	-1.377687e-09	-3.720895e+01	-3.394411e+02
7.060000e-06	-6.889480e-06	-1.378417e-09	-3.729350e+01	-3.398862e+02
7.070000e-06	-6.904327e-06	-1.378573e-09	-3.737387e+01	-3.403144e+02
7.080000e-06	-6.918214e-06	-1.378918e-09	-3.744904e+01	-3.407267e+02
7.090000e-06	-6.931395e-06	-1.380202e-09	-3.752039e+01	-3.411242e+02
7.100000e-06	-6.944118e-06	-1.381454e-09	-3.758926e+01	-3.415079e+02
7.110000e-06	-6.956299e-06	-1.381775e-09	-3.765520e+01	-3.418787e+02
7.120000e-06	-6.967785e-06	-1.381049e-09	-3.771737e+01	-3.422376e+02
7.130000e-06	-6.978725e-06	-1.380022e-09	-3.777659e+01	-3.425852e+02
7.140000e-06	-6.989293e-06	-1.379821e-09	-3.783380e+01	-3.429223e+02
7.150000e-06	-6.999381e-06	-1.381283e-09	-3.788841e+01	-3.432494e+02
7.160000e-06	-7.009021e-06	-1.382991e-09	-3.794059e+01	-3.435669e+02
7.170000e-06	-7.018206e-06	-1.383422e-09	-3.799031e+01	-3.438750e+02
7.180000e-06	-7.026987e-06	-1.382257e-09	-3.803784e+01	-3.441738e+02
7.190000e-06	-7.035501e-06	-1.381339e-09	-3.808393e+01	-3.444634e+02
7.200000e-06	-7.043628e-06	-1.382329e-09	-3.812792e+01	-3.447434e+02
7.210000e-06	-7.051138e-06	-1.383482e-09	-3.816857e+01	-3.450136e+02
7.220000e-06	-7.057920e-06	-1.383053e-09	-3.820529e+01	-3.452735e+02
7.230000e-06	-7.064027e-06	-1.382663e-09	-3.823835e+01	-3.455227e+02
7.240000e-06	-7.069450e-06	-1.383171e-09	-3.826770e+01	-3.457605e+02
7.250000e-06	-7.074299e-06	-1.383812e-09	-3.829395e+01	-3.459862e+02
7.260000e-06	-7.078789e-06	-1.384187e-09	-3.831825e+01	-3.461991e+02
7.270000e-06	-7.082997e-06	-1.382651e-09	-3.834103e+01	-3.463985e+02
7.280000e-06	-7.086795e-06	-1.380991e-09	-3.836159e+01	-3.465837e+02
7.290000e-06	-7.090059e-06	-1.381250e-09	-3.837926e+01	-3.467539e+02
7.300000e-06	-7.092836e-06	-1.381760e-09	-3.839429e+01	-3.469085e+02
7.310000e-06	-7.095261e-06	-1.381428e-09	-3.840742e+01	-3.470470e+02
7.320000e-06	-7.097245e-06	-1.381040e-09	-3.841816e+01	-3.471687e+02
7.330000e-06	-7.098521e-06	-1.380414e-09	-3.842506e+01	-3.472735e+02
7.340000e-06	-7.099235e-06	-1.380737e-09	-3.842893e+01	-3.473609e+02
